         Step [creep.tim... Z Displace... Z Displace... X Displace... 
------------- ------------- ------------- ------------- ------------- 
 5.250000e+03  1.276223e-07 -4.629353e-03  4.524540e-03 -2.433365e-03 
 5.300000e+03  3.886505e-06 -4.629538e-03  4.524623e-03 -2.433550e-03 
 5.350000e+03  3.235102e-05 -4.630275e-03  4.524727e-03 -2.433995e-03 
 5.400000e+03  2.184249e-04 -4.630484e-03  4.524852e-03 -2.434055e-03 
 5.450000e+03  9.399934e-04 -4.631238e-03  4.525867e-03 -2.435060e-03 
 5.500000e+03  2.088530e-03 -4.634080e-03  4.528475e-03 -2.437491e-03 
 5.550000e+03  3.851200e-03 -4.639711e-03  4.533977e-03 -2.442128e-03 
 5.600000e+03  5.840119e-03 -4.646718e-03  4.541747e-03 -2.447458e-03 
 5.650000e+03  8.704608e-03 -4.657297e-03  4.553985e-03 -2.455080e-03 
 5.700000e+03  1.207021e-02 -4.669477e-03  4.567983e-03 -2.463111e-03 
 5.750000e+03  1.549120e-02 -4.680120e-03  4.579345e-03 -2.469724e-03 
 5.800000e+03  1.891218e-02 -4.689482e-03  4.588790e-03 -2.475898e-03 
 5.850000e+03  2.233317e-02 -4.699235e-03  4.598695e-03 -2.483045e-03 
 5.900000e+03  2.575416e-02 -4.709788e-03  4.609789e-03 -2.491232e-03 
 5.950000e+03  2.917857e-02 -4.720811e-03  4.621661e-03 -2.500197e-03 
 6.000000e+03  3.347155e-02 -4.734893e-03  4.636042e-03 -2.511664e-03 
 6.050000e+03  3.832854e-02 -4.750734e-03  4.651260e-03 -2.522975e-03 
 6.100000e+03  4.338290e-02 -4.766140e-03  4.665399e-03 -2.532363e-03 
 6.150000e+03  4.843726e-02 -4.780708e-03  4.678911e-03 -2.540697e-03 
 6.200000e+03  5.349161e-02 -4.795130e-03  4.693201e-03 -2.549646e-03 
 6.250000e+03  5.854597e-02 -4.810164e-03  4.708755e-03 -2.559854e-03 
 6.300000e+03  6.360033e-02 -4.825530e-03  4.725011e-03 -2.571249e-03 
 6.350000e+03  6.921070e-02 -4.841821e-03  4.742068e-03 -2.584493e-03 
 6.400000e+03  7.585500e-02 -4.859602e-03  4.760225e-03 -2.598999e-03 
 6.450000e+03  8.285862e-02 -4.876982e-03  4.778084e-03 -2.612111e-03 
 6.500000e+03  8.997061e-02 -4.894441e-03  4.796044e-03 -2.624023e-03 
 6.550000e+03  9.708259e-02 -4.912556e-03  4.814555e-03 -2.635789e-03 
 6.600000e+03  1.041946e-01 -4.931576e-03  4.834114e-03 -2.648208e-03 
 6.650000e+03  1.113066e-01 -4.951128e-03  4.854694e-03 -2.661565e-03 
 6.700000e+03  1.184186e-01 -4.969760e-03  4.874926e-03 -2.675224e-03 
 6.750000e+03  1.261754e-01 -4.988059e-03  4.894420e-03 -2.689488e-03 
 6.800000e+03  1.347460e-01 -5.007146e-03  4.914097e-03 -2.704304e-03 
 6.850000e+03  1.433907e-01 -5.026348e-03  4.933418e-03 -2.718646e-03 
 6.900000e+03  1.520353e-01 -5.045762e-03  4.953031e-03 -2.732624e-03 
 6.950000e+03  1.606800e-01 -5.065826e-03  4.973501e-03 -2.746622e-03 
 7.000000e+03  1.695520e-01 -5.087456e-03  4.995405e-03 -2.761103e-03 
 7.050000e+03  1.790828e-01 -5.110997e-03  5.018377e-03 -2.776273e-03 
 7.100000e+03  1.890367e-01 -5.133891e-03  5.040195e-03 -2.791194e-03 
 7.150000e+03  1.995443e-01 -5.155974e-03  5.061969e-03 -2.806641e-03 
 7.200000e+03  2.100520e-01 -5.177087e-03  5.083489e-03 -2.822426e-03 
 7.250000e+03  2.205596e-01 -5.197823e-03  5.104991e-03 -2.838296e-03 
 7.300000e+03  2.312585e-01 -5.219341e-03  5.127061e-03 -2.854429e-03 
 7.350000e+03  2.437877e-01 -5.245530e-03  5.153340e-03 -2.873087e-03 
 7.400000e+03  2.571984e-01 -5.273542e-03  5.180945e-03 -2.891872e-03 
 7.450000e+03  2.706091e-01 -5.299944e-03  5.207040e-03 -2.909143e-03 
 7.500000e+03  2.840198e-01 -5.325150e-03  5.232292e-03 -2.926060e-03 
 7.550000e+03  2.974305e-01 -5.350043e-03  5.257342e-03 -2.943298e-03 
 7.600000e+03  3.108412e-01 -5.374281e-03  5.282243e-03 -2.960825e-03 
 7.650000e+03  3.243056e-01 -5.398077e-03  5.306951e-03 -2.978689e-03 
 7.700000e+03  3.397110e-01 -5.425051e-03  5.335079e-03 -2.999196e-03 
 7.750000e+03  3.560118e-01 -5.453007e-03  5.364029e-03 -3.019832e-03 
 7.800000e+03  3.723126e-01 -5.480390e-03  5.391615e-03 -3.038773e-03 
 7.850000e+03  3.886134e-01 -5.507717e-03  5.418717e-03 -3.056999e-03 
 7.900000e+03  4.049142e-01 -5.535227e-03  5.445864e-03 -3.075115e-03 
 7.950000e+03  4.212150e-01 -5.562425e-03  5.472855e-03 -3.093338e-03 
 8.000000e+03  4.375158e-01 -5.588854e-03  5.499167e-03 -3.111785e-03 
 8.050000e+03  4.549814e-01 -5.616313e-03  5.526372e-03 -3.131736e-03 
 8.100000e+03  4.738516e-01 -5.644775e-03  5.554957e-03 -3.152856e-03 
 8.150000e+03  4.927218e-01 -5.672370e-03  5.582805e-03 -3.172989e-03 
 8.200000e+03  5.115920e-01 -5.699950e-03  5.610516e-03 -3.192291e-03 
 8.250000e+03  5.305000e-01 -5.727993e-03  5.638512e-03 -3.211129e-03 
 8.300000e+03  5.503137e-01 -5.757792e-03  5.667672e-03 -3.230581e-03 
 8.350000e+03  5.701275e-01 -5.787076e-03  5.696128e-03 -3.249867e-03 
 8.400000e+03  5.913926e-01 -5.817099e-03  5.725508e-03 -3.270500e-03 
 8.450000e+03  6.132372e-01 -5.846512e-03  5.754884e-03 -3.291532e-03 
 8.500000e+03  6.350818e-01 -5.874856e-03  5.783565e-03 -3.312352e-03 
 8.550000e+03  6.569265e-01 -5.902854e-03  5.811868e-03 -3.332757e-03 
 8.600000e+03  6.799627e-01 -5.932461e-03  5.841878e-03 -3.353778e-03 
 8.650000e+03  7.040464e-01 -5.963596e-03  5.873527e-03 -3.375214e-03 
 8.700000e+03  7.281302e-01 -5.994340e-03  5.904852e-03 -3.395914e-03 
 8.750000e+03  7.536348e-01 -6.026269e-03  5.936852e-03 -3.417184e-03 
 8.800000e+03  7.801871e-01 -6.059026e-03  5.969001e-03 -3.439206e-03 
 8.850000e+03  8.067394e-01 -6.090903e-03  6.000305e-03 -3.461251e-03 
 8.900000e+03  8.332917e-01 -6.121570e-03  6.030752e-03 -3.483155e-03 
 8.950000e+03  8.602954e-01 -6.152228e-03  6.061422e-03 -3.505308e-03 
 9.000000e+03  8.881753e-01 -6.183855e-03  6.093120e-03 -3.527977e-03 
 9.050000e+03  9.160552e-01 -6.215273e-03  6.124559e-03 -3.549746e-03 
 9.100000e+03  9.452120e-01 -6.247763e-03  6.156967e-03 -3.571401e-03 
 9.150000e+03  9.771791e-01 -6.283245e-03  6.192146e-03 -3.594650e-03 
 9.200000e+03  1.009454e+00 -6.318658e-03  6.226849e-03 -3.617974e-03 
 9.250000e+03  1.041728e+00 -6.352997e-03  6.260261e-03 -3.641272e-03 
 9.300000e+03  1.074003e+00 -6.386351e-03  6.292629e-03 -3.664672e-03 
 9.350000e+03  1.106277e+00 -6.418984e-03  6.324719e-03 -3.688019e-03 
 9.400000e+03  1.138552e+00 -6.450950e-03  6.356543e-03 -3.710864e-03 
 9.450000e+03  1.170891e+00 -6.482596e-03  6.388169e-03 -3.732865e-03 
 9.500000e+03  1.205897e+00 -6.516880e-03  6.422402e-03 -3.755885e-03 
 9.550000e+03  1.241480e+00 -6.551733e-03  6.457283e-03 -3.778851e-03 
 9.600000e+03  1.277062e+00 -6.585847e-03  6.491536e-03 -3.801514e-03 
 9.650000e+03  1.313143e+00 -6.619514e-03  6.525193e-03 -3.824397e-03 
 9.700000e+03  1.351812e+00 -6.655059e-03  6.560286e-03 -3.848988e-03 
 9.750000e+03  1.391042e+00 -6.690373e-03  6.594938e-03 -3.873771e-03 
 9.800000e+03  1.430272e+00 -6.724748e-03  6.628834e-03 -3.898079e-03 
 9.850000e+03  1.469502e+00 -6.758785e-03  6.662654e-03 -3.921774e-03 
 9.900000e+03  1.508732e+00 -6.792955e-03  6.696670e-03 -3.945058e-03 
 9.950000e+03  1.547962e+00 -6.826896e-03  6.730592e-03 -3.967711e-03 
 1.000000e+04  1.588135e+00 -6.861157e-03  6.764729e-03 -3.990277e-03 
 1.005000e+04  1.632510e+00 -6.898700e-03  6.801812e-03 -4.015054e-03 
 1.010000e+04  1.677924e+00 -6.936394e-03  6.838735e-03 -4.040435e-03 
 1.015000e+04  1.723337e+00 -6.972958e-03  6.874333e-03 -4.065666e-03 
 1.020000e+04  1.768751e+00 -7.008787e-03  6.909123e-03 -4.090660e-03 
 1.025000e+04  1.814164e+00 -7.044490e-03  6.943896e-03 -4.115394e-03 
 1.030000e+04  1.859578e+00 -7.079854e-03  6.978649e-03 -4.139502e-03 
 1.035000e+04  1.904991e+00 -7.114823e-03  7.013168e-03 -4.162842e-03 
 1.040000e+04  1.953965e+00 -7.152296e-03  7.050250e-03 -4.187468e-03 
 1.045000e+04  2.004033e+00 -7.190137e-03  7.087859e-03 -4.212443e-03 
 1.050000e+04  2.054101e+00 -7.227068e-03  7.124539e-03 -4.237262e-03 
 1.055000e+04  2.104771e+00 -7.263554e-03  7.160658e-03 -4.262290e-03 
 1.060000e+04  2.158183e+00 -7.301631e-03  7.198046e-03 -4.288625e-03 
 1.065000e+04  2.213384e+00 -7.340519e-03  7.236107e-03 -4.315485e-03 
 1.070000e+04  2.268584e+00 -7.378798e-03  7.273654e-03 -4.341651e-03 
 1.075000e+04  2.323784e+00 -7.416764e-03  7.311028e-03 -4.367183e-03 
 1.080000e+04  2.378985e+00 -7.454591e-03  7.348447e-03 -4.392292e-03 
 1.085000e+04  2.434185e+00 -7.491920e-03  7.385594e-03 -4.417003e-03 
 1.090000e+04  2.489717e+00 -7.528778e-03  7.422245e-03 -4.441541e-03 
 1.095000e+04  2.549879e+00 -7.568227e-03  7.461243e-03 -4.468057e-03 
 1.100000e+04  2.610738e+00 -7.607627e-03  7.499830e-03 -4.494895e-03 
 1.105000e+04  2.671596e+00 -7.646201e-03  7.537460e-03 -4.521424e-03 
 1.110000e+04  2.734280e+00 -7.685449e-03  7.575612e-03 -4.548229e-03 
 1.115000e+04  2.798181e+00 -7.725502e-03  7.614437e-03 -4.575071e-03 
 1.120000e+04  2.862083e+00 -7.765365e-03  7.653064e-03 -4.601379e-03 
 1.125000e+04  2.925984e+00 -7.804526e-03  7.691275e-03 -4.627090e-03 
 1.130000e+04  2.992783e+00 -7.844867e-03  7.730921e-03 -4.653707e-03 
 1.135000e+04  3.063234e+00 -7.886786e-03  7.772398e-03 -4.681745e-03 
 1.140000e+04  3.133685e+00 -7.927764e-03  7.812917e-03 -4.709597e-03 
 1.145000e+04  3.204982e+00 -7.968608e-03  7.852997e-03 -4.737452e-03 
 1.150000e+04  3.278956e+00 -8.010768e-03  7.894102e-03 -4.766064e-03 
 1.155000e+04  3.352929e+00 -8.052588e-03  7.934764e-03 -4.794206e-03 
 1.160000e+04  3.426903e+00 -8.093711e-03  7.974921e-03 -4.821717e-03 
 1.165000e+04  3.500877e+00 -8.134486e-03  8.014823e-03 -4.848772e-03 
 1.170000e+04  3.574850e+00 -8.175030e-03  8.054589e-03 -4.875546e-03 
 1.175000e+04  3.648824e+00 -8.214902e-03  8.093909e-03 -4.902066e-03 
 1.180000e+04  3.723464e+00 -8.254394e-03  8.132958e-03 -4.928586e-03 
 1.185000e+04  3.804709e+00 -8.296873e-03  8.174845e-03 -4.957274e-03 
 1.190000e+04  3.890343e+00 -8.341260e-03  8.218330e-03 -4.987303e-03 
 1.195000e+04  3.975977e+00 -8.385064e-03  8.260946e-03 -5.016898e-03 
 1.200000e+04  4.061610e+00 -8.428452e-03  8.303041e-03 -5.045848e-03 
 1.205000e+04  4.150156e+00 -8.473246e-03  8.346259e-03 -5.075364e-03 
 1.210000e+04  4.240071e+00 -8.518360e-03  8.389781e-03 -5.104944e-03 
 1.215000e+04  4.329987e+00 -8.562548e-03  8.432630e-03 -5.134136e-03 
 1.220000e+04  4.419902e+00 -8.606001e-03  8.475009e-03 -5.163112e-03 
 1.225000e+04  4.514224e+00 -8.650985e-03  8.519136e-03 -5.193395e-03 
 1.230000e+04  4.608635e+00 -8.695321e-03  8.562735e-03 -5.223409e-03 
 1.235000e+04  4.703990e+00 -8.739577e-03  8.606008e-03 -5.253167e-03 
 1.240000e+04  4.803122e+00 -8.785506e-03  8.650634e-03 -5.283649e-03 
 1.245000e+04  4.902254e+00 -8.831229e-03  8.694767e-03 -5.313748e-03 
 1.250000e+04  5.001386e+00 -8.876106e-03  8.738189e-03 -5.343391e-03 
 1.255000e+04  5.100517e+00 -8.920362e-03  8.781068e-03 -5.372715e-03 
 1.260000e+04  5.204209e+00 -8.966247e-03  8.825649e-03 -5.403231e-03 
 1.265000e+04  5.308298e+00 -9.011574e-03  8.869963e-03 -5.433569e-03 
 1.270000e+04  5.412386e+00 -9.056152e-03  8.913641e-03 -5.463516e-03 
 1.275000e+04  5.520014e+00 -9.101845e-03  8.958444e-03 -5.494168e-03 
 1.280000e+04  5.629306e+00 -9.147990e-03  9.003564e-03 -5.524981e-03 
 1.285000e+04  5.738599e+00 -9.193596e-03  9.047942e-03 -5.555301e-03 
 1.290000e+04  5.850078e+00 -9.239665e-03  9.092588e-03 -5.585753e-03 
 1.295000e+04  5.964836e+00 -9.286907e-03  9.138078e-03 -5.616803e-03 
 1.300000e+04  6.079593e+00 -9.333682e-03  9.183040e-03 -5.647591e-03 
 1.305000e+04  6.194351e+00 -9.379558e-03  9.227247e-03 -5.678102e-03 
 1.310000e+04  6.309911e+00 -9.425126e-03  9.271320e-03 -5.708521e-03 
 1.315000e+04  6.430407e+00 -9.472246e-03  9.317099e-03 -5.740003e-03 
 1.320000e+04  6.550902e+00 -9.518863e-03  9.362489e-03 -5.771101e-03 
 1.325000e+04  6.672361e+00 -9.565330e-03  9.407682e-03 -5.801907e-03 
 1.330000e+04  6.802551e+00 -9.614917e-03  9.455640e-03 -5.834500e-03 
 1.335000e+04  6.935397e+00 -9.665144e-03  9.504102e-03 -5.867476e-03 
 1.340000e+04  7.068243e+00 -9.714520e-03  9.551649e-03 -5.900078e-03 
 1.345000e+04  7.201089e+00 -9.763138e-03  9.598473e-03 -5.932389e-03 
 1.350000e+04  7.333935e+00 -9.811317e-03  9.645050e-03 -5.964525e-03 
 1.355000e+04  7.466781e+00 -9.858966e-03  9.691194e-03 -5.996303e-03 
 1.360000e+04  7.599627e+00 -9.905944e-03  9.736889e-03 -6.027586e-03 
 1.365000e+04  7.736990e+00 -9.954126e-03  9.783826e-03 -6.059593e-03 
 1.370000e+04  7.876479e+00 -1.000278e-02  9.831227e-03 -6.091798e-03 
 1.375000e+04  8.015967e+00 -1.005084e-02  9.877913e-03 -6.123588e-03 
 1.380000e+04  8.156990e+00 -1.009900e-02  9.924325e-03 -6.155307e-03 
 1.385000e+04  8.303453e+00 -1.014873e-02  9.972046e-03 -6.188037e-03 
 1.390000e+04  8.449916e+00 -1.019796e-02  1.001923e-02 -6.220556e-03 
 1.395000e+04  8.596379e+00 -1.024637e-02  1.006564e-02 -6.252720e-03 
 1.400000e+04  8.746357e+00 -1.029544e-02  1.011280e-02 -6.285298e-03 
 1.405000e+04  8.900143e+00 -1.034544e-02  1.016104e-02 -6.318405e-03 
 1.410000e+04  9.053929e+00 -1.039491e-02  1.020884e-02 -6.351089e-03 
 1.415000e+04  9.209868e+00 -1.044449e-02  1.025675e-02 -6.383719e-03 
 1.420000e+04  9.377640e+00 -1.049757e-02  1.030791e-02 -6.418493e-03 
 1.425000e+04  9.547189e+00 -1.055067e-02  1.035893e-02 -6.453404e-03 
 1.430000e+04  9.716739e+00 -1.060292e-02  1.040905e-02 -6.488007e-03 
 1.435000e+04  9.887305e+00 -1.065489e-02  1.045887e-02 -6.522482e-03 
 1.440000e+04  1.006533e+01 -1.070873e-02  1.051050e-02 -6.558135e-03 
 1.445000e+04  1.024336e+01 -1.076206e-02  1.056168e-02 -6.593310e-03 
 1.450000e+04  1.042138e+01 -1.081463e-02  1.061235e-02 -6.628003e-03 
 1.455000e+04  1.060386e+01 -1.086802e-02  1.066394e-02 -6.663187e-03 
 1.460000e+04  1.079079e+01 -1.092221e-02  1.071645e-02 -6.698946e-03 
 1.465000e+04  1.097772e+01 -1.097579e-02  1.076826e-02 -6.734352e-03 
 1.470000e+04  1.116876e+01 -1.103000e-02  1.082041e-02 -6.770105e-03 
 1.475000e+04  1.137210e+01 -1.108733e-02  1.087527e-02 -6.807807e-03 
 1.480000e+04  1.157819e+01 -1.114485e-02  1.093018e-02 -6.845712e-03 
 1.485000e+04  1.178427e+01 -1.120153e-02  1.098432e-02 -6.883148e-03 
 1.490000e+04  1.199036e+01 -1.125766e-02  1.103793e-02 -6.920097e-03 
 1.495000e+04  1.220469e+01 -1.131558e-02  1.109345e-02 -6.958220e-03 
 1.500000e+04  1.242109e+01 -1.137341e-02  1.114901e-02 -6.996232e-03 
 1.505000e+04  1.263748e+01 -1.143054e-02  1.120393e-02 -7.033671e-03 
 1.510000e+04  1.286882e+01 -1.149108e-02  1.126201e-02 -7.073402e-03 
 1.515000e+04  1.310740e+01 -1.155294e-02  1.132122e-02 -7.114078e-03 
 1.520000e+04  1.334597e+01 -1.161385e-02  1.137944e-02 -7.154280e-03 
 1.525000e+04  1.358454e+01 -1.167410e-02  1.143689e-02 -7.193957e-03 
 1.530000e+04  1.383313e+01 -1.173655e-02  1.149628e-02 -7.234918e-03 
 1.535000e+04  1.408363e+01 -1.179872e-02  1.155557e-02 -7.275672e-03 
 1.540000e+04  1.433414e+01 -1.186001e-02  1.161419e-02 -7.315886e-03 
 1.545000e+04  1.458664e+01 -1.192117e-02  1.167279e-02 -7.355985e-03 
 1.550000e+04  1.484967e+01 -1.198424e-02  1.173334e-02 -7.397456e-03 
 1.555000e+04  1.511269e+01 -1.204647e-02  1.179315e-02 -7.438447e-03 
 1.560000e+04  1.538045e+01 -1.210911e-02  1.185317e-02 -7.479639e-03 
 1.565000e+04  1.566077e+01 -1.217430e-02  1.191536e-02 -7.522349e-03 
 1.570000e+04  1.595076e+01 -1.224106e-02  1.197887e-02 -7.566105e-03 
 1.575000e+04  1.624075e+01 -1.230694e-02  1.204145e-02 -7.609283e-03 
 1.580000e+04  1.653073e+01 -1.237212e-02  1.210338e-02 -7.651910e-03 
 1.585000e+04  1.682072e+01 -1.243670e-02  1.216480e-02 -7.694102e-03 
 1.590000e+04  1.711071e+01 -1.250049e-02  1.222560e-02 -7.735852e-03 
 1.595000e+04  1.740214e+01 -1.256378e-02  1.228605e-02 -7.777305e-03 
 1.600000e+04  1.771789e+01 -1.263173e-02  1.235099e-02 -7.821818e-03 
 1.605000e+04  1.803760e+01 -1.269999e-02  1.241600e-02 -7.866484e-03 
 1.610000e+04  1.835731e+01 -1.276734e-02  1.247995e-02 -7.910552e-03 
 1.615000e+04  1.868726e+01 -1.283615e-02  1.254508e-02 -7.955397e-03 
 1.620000e+04  1.902295e+01 -1.290562e-02  1.261072e-02 -8.000614e-03 
 1.625000e+04  1.935865e+01 -1.297419e-02  1.267565e-02 -8.045311e-03 
 1.630000e+04  1.969434e+01 -1.304182e-02  1.273978e-02 -8.089482e-03 
 1.635000e+04  2.004078e+01 -1.311089e-02  1.280542e-02 -8.134616e-03 
 1.640000e+04  2.039326e+01 -1.318040e-02  1.287170e-02 -8.180096e-03 
 1.645000e+04  2.074574e+01 -1.324904e-02  1.293720e-02 -8.224972e-03 
 1.650000e+04  2.112097e+01 -1.332149e-02  1.300607e-02 -8.272105e-03 
 1.655000e+04  2.150958e+01 -1.339588e-02  1.307655e-02 -8.320453e-03 
 1.660000e+04  2.189819e+01 -1.346936e-02  1.314600e-02 -8.368282e-03 
 1.665000e+04  2.228680e+01 -1.354185e-02  1.321451e-02 -8.415505e-03 
 1.670000e+04  2.268979e+01 -1.361629e-02  1.328481e-02 -8.463905e-03 
 1.675000e+04  2.309783e+01 -1.369093e-02  1.335528e-02 -8.512448e-03 
 1.680000e+04  2.350587e+01 -1.376452e-02  1.342496e-02 -8.560371e-03 
 1.685000e+04  2.392507e+01 -1.383922e-02  1.349576e-02 -8.608956e-03 
 1.690000e+04  2.437494e+01 -1.391870e-02  1.357104e-02 -8.660542e-03 
 1.695000e+04  2.482480e+01 -1.399727e-02  1.364536e-02 -8.711574e-03 
 1.700000e+04  2.527466e+01 -1.407481e-02  1.371859e-02 -8.761872e-03 
 1.705000e+04  2.573982e+01 -1.415417e-02  1.379328e-02 -8.813229e-03 
 1.710000e+04  2.621218e+01 -1.423402e-02  1.386824e-02 -8.864863e-03 
 1.715000e+04  2.668454e+01 -1.431275e-02  1.394223e-02 -8.915895e-03 
 1.720000e+04  2.716256e+01 -1.439139e-02  1.401621e-02 -8.966842e-03 
 1.725000e+04  2.766796e+01 -1.447373e-02  1.409372e-02 -9.020130e-03 
 1.730000e+04  2.818874e+01 -1.455758e-02  1.417277e-02 -9.074407e-03 
 1.735000e+04  2.870951e+01 -1.464025e-02  1.425075e-02 -9.127851e-03 
 1.740000e+04  2.924695e+01 -1.472464e-02  1.433015e-02 -9.182294e-03 
 1.745000e+04  2.981673e+01 -1.481317e-02  1.441331e-02 -9.239460e-03 
 1.750000e+04  3.039088e+01 -1.490117e-02  1.449593e-02 -9.296306e-03 
 1.755000e+04  3.096503e+01 -1.498804e-02  1.457727e-02 -9.352321e-03 
 1.760000e+04  3.156215e+01 -1.507743e-02  1.466088e-02 -9.409890e-03 
 1.765000e+04  3.216501e+01 -1.516649e-02  1.474431e-02 -9.467313e-03 
 1.770000e+04  3.276788e+01 -1.525425e-02  1.482663e-02 -9.523869e-03 
 1.775000e+04  3.338524e+01 -1.534306e-02  1.490995e-02 -9.580996e-03 
 1.780000e+04  3.404989e+01 -1.543775e-02  1.499864e-02 -9.641848e-03 
 1.785000e+04  3.471454e+01 -1.553110e-02  1.508611e-02 -9.701935e-03 
 1.790000e+04  3.537920e+01 -1.562312e-02  1.517210e-02 -9.761064e-03 
 1.795000e+04  3.607177e+01 -1.571802e-02  1.526053e-02 -9.821891e-03 
 1.800000e+04  3.676966e+01 -1.581246e-02  1.534850e-02 -9.882455e-03 
 1.805000e+04  3.746754e+01 -1.590549e-02  1.543521e-02 -9.942110e-03 
 1.810000e+04  3.818078e+01 -1.599936e-02  1.552267e-02 -1.000222e-02 
 1.815000e+04  3.891356e+01 -1.609471e-02  1.561160e-02 -1.006330e-02 
 1.820000e+04  3.964635e+01 -1.618873e-02  1.569937e-02 -1.012357e-02 
 1.825000e+04  4.038645e+01 -1.628237e-02  1.578675e-02 -1.018348e-02 
 1.830000e+04  4.119050e+01 -1.638303e-02  1.588052e-02 -1.024775e-02 
 1.835000e+04  4.199839e+01 -1.648294e-02  1.597344e-02 -1.031155e-02 
 1.840000e+04  4.280628e+01 -1.658135e-02  1.606477e-02 -1.037440e-02 
 1.845000e+04  4.363437e+01 -1.668087e-02  1.615705e-02 -1.043790e-02 
 1.850000e+04  4.448266e+01 -1.678169e-02  1.625045e-02 -1.050211e-02 
 1.855000e+04  4.533094e+01 -1.688106e-02  1.634258e-02 -1.056541e-02 
 1.860000e+04  4.618177e+01 -1.697925e-02  1.643369e-02 -1.062792e-02 
 1.865000e+04  4.710810e+01 -1.708499e-02  1.653172e-02 -1.069515e-02 
 1.870000e+04  4.804334e+01 -1.719041e-02  1.662937e-02 -1.076216e-02 
 1.875000e+04  4.897857e+01 -1.729421e-02  1.672538e-02 -1.082809e-02 
 1.880000e+04  4.994654e+01 -1.740028e-02  1.682323e-02 -1.089529e-02 
 1.885000e+04  5.097273e+01 -1.751140e-02  1.692547e-02 -1.096563e-02 
 1.890000e+04  5.200382e+01 -1.762137e-02  1.702664e-02 -1.103529e-02 
 1.895000e+04  5.303492e+01 -1.772963e-02  1.712627e-02 -1.110379e-02 
 1.900000e+04  5.410314e+01 -1.784034e-02  1.722805e-02 -1.117374e-02 
 1.905000e+04  5.518579e+01 -1.795094e-02  1.732985e-02 -1.124367e-02 
 1.910000e+04  5.626844e+01 -1.805981e-02  1.743015e-02 -1.131242e-02 
 1.915000e+04  5.740274e+01 -1.817231e-02  1.753361e-02 -1.138339e-02 
 1.920000e+04  5.859636e+01 -1.828926e-02  1.764101e-02 -1.145714e-02 
 1.925000e+04  5.978998e+01 -1.840436e-02  1.774670e-02 -1.152972e-02 
 1.930000e+04  6.098957e+01 -1.851828e-02  1.785105e-02 -1.160136e-02 
 1.935000e+04  6.224288e+01 -1.863569e-02  1.795840e-02 -1.167515e-02 
 1.940000e+04  6.349618e+01 -1.875131e-02  1.806425e-02 -1.174793e-02 
 1.945000e+04  6.474949e+01 -1.886511e-02  1.816843e-02 -1.181945e-02 
 1.950000e+04  6.611415e+01 -1.898740e-02  1.828021e-02 -1.189611e-02 
 1.955000e+04  6.749592e+01 -1.910957e-02  1.839177e-02 -1.197268e-02 
 1.960000e+04  6.887769e+01 -1.922971e-02  1.850138e-02 -1.204796e-02 
 1.965000e+04  7.032854e+01 -1.935390e-02  1.861443e-02 -1.212562e-02 
 1.970000e+04  7.185194e+01 -1.948258e-02  1.873129e-02 -1.220594e-02 
 1.975000e+04  7.337534e+01 -1.960918e-02  1.884622e-02 -1.228501e-02 
 1.980000e+04  7.490331e+01 -1.973399e-02  1.895940e-02 -1.236288e-02 
 1.985000e+04  7.654607e+01 -1.986618e-02  1.907913e-02 -1.244519e-02 
 1.990000e+04  7.822562e+01 -1.999929e-02  1.919969e-02 -1.252804e-02 
 1.995000e+04  7.990517e+01 -2.013004e-02  1.931815e-02 -1.260940e-02 
 2.000000e+04  8.167180e+01 -2.026527e-02  1.944049e-02 -1.269346e-02 
 2.005000e+04  8.352350e+01 -2.040493e-02  1.956660e-02 -1.278018e-02 
 2.010000e+04  8.537520e+01 -2.054205e-02  1.969043e-02 -1.286534e-02 
 2.015000e+04  8.724542e+01 -2.067808e-02  1.981310e-02 -1.294966e-02 
 2.020000e+04  8.925582e+01 -2.082192e-02  1.994268e-02 -1.303879e-02 
 2.025000e+04  9.129732e+01 -2.096557e-02  2.007206e-02 -1.312777e-02 
 2.030000e+04  9.333882e+01 -2.110649e-02  2.019894e-02 -1.321493e-02 
 2.035000e+04  9.549199e+01 -2.125252e-02  2.033027e-02 -1.330516e-02 
 2.040000e+04  9.774275e+01 -2.140263e-02  2.046515e-02 -1.339791e-02 
 2.045000e+04  9.999350e+01 -2.154989e-02  2.059741e-02 -1.348885e-02 
 2.050000e+04  1.022966e+02 -2.169779e-02  2.072992e-02 -1.357999e-02 
 2.055000e+04  1.047780e+02 -2.185461e-02  2.087006e-02 -1.367646e-02 
 2.060000e+04  1.072595e+02 -2.200851e-02  2.100746e-02 -1.377112e-02 
 2.065000e+04  1.097410e+02 -2.215932e-02  2.114196e-02 -1.386375e-02 
 2.070000e+04  1.123915e+02 -2.231746e-02  2.128271e-02 -1.396073e-02 
 2.075000e+04  1.151273e+02 -2.247779e-02  2.142534e-02 -1.405908e-02 
 2.080000e+04  1.178631e+02 -2.263484e-02  2.156508e-02 -1.415538e-02 
 2.085000e+04  1.206620e+02 -2.279236e-02  2.170498e-02 -1.425179e-02 
 2.090000e+04  1.236782e+02 -2.295908e-02  2.185285e-02 -1.435380e-02 
 2.095000e+04  1.266945e+02 -2.312246e-02  2.199771e-02 -1.445372e-02 
 2.100000e+04  1.297107e+02 -2.328244e-02  2.213933e-02 -1.455139e-02 
 2.105000e+04  1.330267e+02 -2.345498e-02  2.229179e-02 -1.465665e-02 
 2.110000e+04  1.363521e+02 -2.362457e-02  2.244160e-02 -1.476015e-02 
 2.115000e+04  1.396775e+02 -2.379045e-02  2.258807e-02 -1.486128e-02 
 2.120000e+04  1.431688e+02 -2.396092e-02  2.273839e-02 -1.496509e-02 
 2.125000e+04  1.468351e+02 -2.413651e-02  2.289318e-02 -1.507205e-02 
 2.130000e+04  1.505013e+02 -2.430839e-02  2.304461e-02 -1.517667e-02 
 2.135000e+04  1.541749e+02 -2.447691e-02  2.319274e-02 -1.527901e-02 
 2.140000e+04  1.581746e+02 -2.465669e-02  2.335050e-02 -1.538817e-02 
 2.145000e+04  1.622166e+02 -2.483467e-02  2.350654e-02 -1.549623e-02 
 2.150000e+04  1.662587e+02 -2.500869e-02  2.365889e-02 -1.560175e-02 
 2.155000e+04  1.704472e+02 -2.518511e-02  2.381304e-02 -1.570863e-02 
 2.160000e+04  1.749036e+02 -2.536906e-02  2.397368e-02 -1.582009e-02 
 2.165000e+04  1.793599e+02 -2.554891e-02  2.413067e-02 -1.592900e-02 
 2.170000e+04  1.838563e+02 -2.572635e-02  2.428519e-02 -1.603622e-02 
 2.175000e+04  1.885355e+02 -2.590713e-02  2.444244e-02 -1.614548e-02 
 2.180000e+04  1.932147e+02 -2.608389e-02  2.459612e-02 -1.625238e-02 
 2.185000e+04  1.980995e+02 -2.626425e-02  2.475276e-02 -1.636131e-02 
 2.190000e+04  2.034955e+02 -2.645956e-02  2.492217e-02 -1.647921e-02 
 2.195000e+04  2.089123e+02 -2.665132e-02  2.508845e-02 -1.659506e-02 
 2.200000e+04  2.143290e+02 -2.683837e-02  2.525048e-02 -1.670801e-02 
 2.205000e+04  2.197782e+02 -2.702190e-02  2.540927e-02 -1.681872e-02 
 2.210000e+04  2.257330e+02 -2.721797e-02  2.557880e-02 -1.693703e-02 
 2.215000e+04  2.317050e+02 -2.741021e-02  2.574489e-02 -1.705305e-02 
 2.220000e+04  2.376769e+02 -2.759797e-02  2.590682e-02 -1.716627e-02 
 2.225000e+04  2.439295e+02 -2.779013e-02  2.607227e-02 -1.728211e-02 
 2.230000e+04  2.502000e+02 -2.797838e-02  2.623426e-02 -1.739561e-02 
 2.235000e+04  2.565458e+02 -2.816423e-02  2.639416e-02 -1.750764e-02 
 2.240000e+04  2.637365e+02 -2.837021e-02  2.657130e-02 -1.763181e-02 
 2.245000e+04  2.709955e+02 -2.857361e-02  2.674608e-02 -1.775455e-02 
 2.250000e+04  2.782544e+02 -2.877196e-02  2.691629e-02 -1.787427e-02 
 2.255000e+04  2.855133e+02 -2.896523e-02  2.708184e-02 -1.799083e-02 
 2.260000e+04  2.928157e+02 -2.915478e-02  2.724400e-02 -1.810513e-02 
 2.265000e+04  3.006281e+02 -2.935286e-02  2.741326e-02 -1.822458e-02 
 2.270000e+04  3.086311e+02 -2.955127e-02  2.758272e-02 -1.834426e-02 
 2.275000e+04  3.166340e+02 -2.974508e-02  2.774826e-02 -1.846129e-02 
 2.280000e+04  3.246370e+02 -2.993419e-02  2.790984e-02 -1.857558e-02 
 2.285000e+04  3.328640e+02 -3.012376e-02  2.807188e-02 -1.869020e-02 
 2.290000e+04  3.414806e+02 -3.031767e-02  2.823767e-02 -1.880753e-02 
 2.295000e+04  3.507450e+02 -3.052172e-02  2.841199e-02 -1.893110e-02 
 2.300000e+04  3.600094e+02 -3.072113e-02  2.858206e-02 -1.905196e-02 
 2.305000e+04  3.692738e+02 -3.091565e-02  2.874765e-02 -1.916985e-02 
 2.310000e+04  3.785382e+02 -3.110534e-02  2.890888e-02 -1.928478e-02 
 2.315000e+04  3.882269e+02 -3.129892e-02  2.907326e-02 -1.940208e-02 
 2.320000e+04  3.984410e+02 -3.149859e-02  2.924277e-02 -1.952313e-02 
 2.325000e+04  4.086550e+02 -3.169383e-02  2.940845e-02 -1.964160e-02 
 2.330000e+04  4.188690e+02 -3.188454e-02  2.957017e-02 -1.975747e-02 
 2.335000e+04  4.290830e+02 -3.207069e-02  2.972797e-02 -1.987070e-02 
 2.340000e+04  4.396749e+02 -3.225912e-02  2.988776e-02 -1.998544e-02 
 2.345000e+04  4.507107e+02 -3.245113e-02  3.005058e-02 -2.010245e-02 
 2.350000e+04  4.619716e+02 -3.264292e-02  3.021321e-02 -2.021944e-02 
 2.355000e+04  4.732326e+02 -3.283038e-02  3.037215e-02 -2.033392e-02 
 2.360000e+04  4.846125e+02 -3.301541e-02  3.052903e-02 -2.044706e-02 
 2.365000e+04  4.961866e+02 -3.319932e-02  3.068504e-02 -2.055967e-02 
 2.370000e+04  5.077607e+02 -3.337917e-02  3.083762e-02 -2.066992e-02 
 2.375000e+04  5.193347e+02 -3.355523e-02  3.098687e-02 -2.077791e-02 
 2.380000e+04  5.309088e+02 -3.372771e-02  3.113293e-02 -2.088378e-02 
 2.385000e+04  5.424829e+02 -3.389676e-02  3.127597e-02 -2.098766e-02 
 2.390000e+04  5.540570e+02 -3.406251e-02  3.141622e-02 -2.108962e-02 
 2.395000e+04  5.656310e+02 -3.422511e-02  3.155388e-02 -2.118971e-02 
 2.400000e+04  5.772051e+02 -3.438469e-02  3.168907e-02 -2.128798e-02 
 2.405000e+04  5.887792e+02 -3.454134e-02  3.182187e-02 -2.138454e-02 
 2.410000e+04  6.003533e+02 -3.469513e-02  3.195232e-02 -2.147951e-02 
 2.415000e+04  6.119273e+02 -3.484618e-02  3.208055e-02 -2.157301e-02 
 2.420000e+04  6.235014e+02 -3.499469e-02  3.220666e-02 -2.166509e-02 
 2.425000e+04  6.350755e+02 -3.514080e-02  3.233071e-02 -2.175577e-02 
 2.430000e+04  6.466495e+02 -3.528464e-02  3.245280e-02 -2.184511e-02 
 2.435000e+04  6.582236e+02 -3.542630e-02  3.257292e-02 -2.193318e-02 
 2.440000e+04  6.697977e+02 -3.556583e-02  3.269110e-02 -2.202001e-02 
 2.445000e+04  6.813718e+02 -3.570331e-02  3.280740e-02 -2.210573e-02 
 2.450000e+04  6.929458e+02 -3.583887e-02  3.292191e-02 -2.219045e-02 
 2.455000e+04  7.045199e+02 -3.597254e-02  3.303470e-02 -2.227413e-02 
 2.460000e+04  7.160940e+02 -3.610445e-02  3.314586e-02 -2.235681e-02 
 2.465000e+04  7.276681e+02 -3.623462e-02  3.325546e-02 -2.243855e-02 
 2.470000e+04  7.392421e+02 -3.636304e-02  3.336356e-02 -2.251940e-02 
 2.475000e+04  7.508162e+02 -3.648973e-02  3.347028e-02 -2.259940e-02 
 2.480000e+04  7.623903e+02 -3.661473e-02  3.357569e-02 -2.267861e-02 
 2.485000e+04  7.739644e+02 -3.673819e-02  3.367994e-02 -2.275704e-02 
 2.490000e+04  7.855384e+02 -3.686023e-02  3.378317e-02 -2.283473e-02 
 2.495000e+04  7.971125e+02 -3.698089e-02  3.388542e-02 -2.291171e-02 
 2.500000e+04  8.086866e+02 -3.710019e-02  3.398662e-02 -2.298798e-02 
 2.505000e+04  8.202607e+02 -3.721823e-02  3.408675e-02 -2.306365e-02 
 2.510000e+04  8.318347e+02 -3.733505e-02  3.418585e-02 -2.313869e-02 
 2.515000e+04  8.434088e+02 -3.745071e-02  3.428396e-02 -2.321305e-02 
 2.520000e+04  8.549829e+02 -3.756531e-02  3.438119e-02 -2.328679e-02 
 2.525000e+04  8.665570e+02 -3.767892e-02  3.447756e-02 -2.335991e-02 
 2.530000e+04  8.781310e+02 -3.779159e-02  3.457308e-02 -2.343245e-02 
 2.535000e+04  8.897051e+02 -3.790342e-02  3.466771e-02 -2.350438e-02 
 2.540000e+04  9.012792e+02 -3.801454e-02  3.476143e-02 -2.357576e-02 
 2.545000e+04  9.128533e+02 -3.812497e-02  3.485433e-02 -2.364615e-02 
 2.550000e+04  9.244273e+02 -3.823472e-02  3.494625e-02 -2.371604e-02 
 2.555000e+04  9.360014e+02 -3.834392e-02  3.503720e-02 -2.378569e-02 
 2.560000e+04  9.475755e+02 -3.845244e-02  3.512794e-02 -2.385500e-02 
 2.565000e+04  9.591495e+02 -3.856079e-02  3.521850e-02 -2.392367e-02 
 2.570000e+04  9.707236e+02 -3.866871e-02  3.530851e-02 -2.399153e-02 
 2.575000e+04  9.822977e+02 -3.877558e-02  3.539808e-02 -2.405913e-02 
 2.580000e+04  9.938718e+02 -3.888108e-02  3.548725e-02 -2.412652e-02 
 2.585000e+04  1.005446e+03 -3.898616e-02  3.557606e-02 -2.419350e-02 
 2.590000e+04  1.017020e+03 -3.909099e-02  3.566460e-02 -2.425974e-02 
 2.595000e+04  1.028594e+03 -3.919517e-02  3.575264e-02 -2.432536e-02 
 2.600000e+04  1.040168e+03 -3.929826e-02  3.584051e-02 -2.439076e-02 
 2.605000e+04  1.051742e+03 -3.940061e-02  3.592792e-02 -2.445614e-02 
 2.610000e+04  1.063316e+03 -3.950255e-02  3.601511e-02 -2.452129e-02 
 2.615000e+04  1.074890e+03 -3.960406e-02  3.610197e-02 -2.458602e-02 
 2.620000e+04  1.086464e+03 -3.970469e-02  3.618841e-02 -2.465037e-02 
 2.625000e+04  1.098038e+03 -3.980476e-02  3.627455e-02 -2.471428e-02 
 2.630000e+04  1.109613e+03 -3.990415e-02  3.636009e-02 -2.477743e-02 
 2.635000e+04  1.121187e+03 -4.000255e-02  3.644485e-02 -2.484003e-02 
 2.640000e+04  1.132761e+03 -4.010037e-02  3.652894e-02 -2.490259e-02 
 2.645000e+04  1.144335e+03 -4.019739e-02  3.661249e-02 -2.496537e-02 
 2.650000e+04  1.155909e+03 -4.029364e-02  3.669580e-02 -2.502817e-02 
 2.655000e+04  1.167483e+03 -4.038992e-02  3.677878e-02 -2.509036e-02 
 2.660000e+04  1.179057e+03 -4.048573e-02  3.686150e-02 -2.515183e-02 
 2.665000e+04  1.190631e+03 -4.058072e-02  3.694362e-02 -2.521283e-02 
 2.670000e+04  1.202205e+03 -4.067445e-02  3.702506e-02 -2.527338e-02 
 2.675000e+04  1.213779e+03 -4.076768e-02  3.710560e-02 -2.533378e-02 
 2.680000e+04  1.225353e+03 -4.085999e-02  3.718517e-02 -2.539390e-02 
 2.685000e+04  1.236927e+03 -4.095169e-02  3.726434e-02 -2.545402e-02 
 2.690000e+04  1.248501e+03 -4.104337e-02  3.734346e-02 -2.551403e-02 
 2.695000e+04  1.260075e+03 -4.113516e-02  3.742210e-02 -2.557351e-02 
 2.700000e+04  1.271650e+03 -4.122611e-02  3.750031e-02 -2.563239e-02 
 2.705000e+04  1.283224e+03 -4.131620e-02  3.757795e-02 -2.569101e-02 
 2.710000e+04  1.294798e+03 -4.140541e-02  3.765495e-02 -2.574954e-02 
 2.715000e+04  1.306372e+03 -4.149390e-02  3.773117e-02 -2.580762e-02 
 2.720000e+04  1.317946e+03 -4.158248e-02  3.780705e-02 -2.586542e-02 
 2.725000e+04  1.329520e+03 -4.167118e-02  3.788272e-02 -2.592285e-02 
 2.730000e+04  1.341094e+03 -4.175988e-02  3.795801e-02 -2.597987e-02 
 2.735000e+04  1.352668e+03 -4.184786e-02  3.803252e-02 -2.603675e-02 
 2.740000e+04  1.364242e+03 -4.193518e-02  3.810640e-02 -2.609376e-02 
 2.745000e+04  1.375816e+03 -4.202181e-02  3.818002e-02 -2.615056e-02 
 2.750000e+04  1.387390e+03 -4.210818e-02  3.825326e-02 -2.620688e-02 
 2.755000e+04  1.398964e+03 -4.219387e-02  3.832643e-02 -2.626288e-02 
 2.760000e+04  1.410538e+03 -4.227973e-02  3.839893e-02 -2.631833e-02 
 2.765000e+04  1.422113e+03 -4.236476e-02  3.847132e-02 -2.637297e-02 
 2.770000e+04  1.433687e+03 -4.244904e-02  3.854303e-02 -2.642746e-02 
 2.775000e+04  1.445261e+03 -4.253276e-02  3.861405e-02 -2.648214e-02 
 2.780000e+04  1.456835e+03 -4.261612e-02  3.868465e-02 -2.653676e-02 
 2.785000e+04  1.468409e+03 -4.269937e-02  3.875503e-02 -2.659152e-02 
 2.790000e+04  1.479983e+03 -4.278239e-02  3.882552e-02 -2.664631e-02 
 2.795000e+04  1.491557e+03 -4.286495e-02  3.889626e-02 -2.670073e-02 
 2.800000e+04  1.503131e+03 -4.294661e-02  3.896701e-02 -2.675426e-02 
 2.805000e+04  1.514705e+03 -4.302762e-02  3.903727e-02 -2.680692e-02 
 2.810000e+04  1.526279e+03 -4.310788e-02  3.910665e-02 -2.685935e-02 
 2.815000e+04  1.537853e+03 -4.318803e-02  3.917521e-02 -2.691181e-02 
 2.820000e+04  1.549427e+03 -4.326782e-02  3.924334e-02 -2.696444e-02 
 2.825000e+04  1.561001e+03 -4.334758e-02  3.931140e-02 -2.701716e-02 
 2.830000e+04  1.572575e+03 -4.342736e-02  3.937925e-02 -2.706989e-02 
 2.835000e+04  1.584150e+03 -4.350733e-02  3.944680e-02 -2.712248e-02 
 2.840000e+04  1.595724e+03 -4.358723e-02  3.951409e-02 -2.717432e-02 
 2.845000e+04  1.607298e+03 -4.366647e-02  3.958144e-02 -2.722570e-02 
 2.850000e+04  1.618872e+03 -4.374533e-02  3.964898e-02 -2.727725e-02 
 2.855000e+04  1.630446e+03 -4.382373e-02  3.971628e-02 -2.732841e-02 
 2.860000e+04  1.642020e+03 -4.390148e-02  3.978252e-02 -2.737932e-02 
 2.865000e+04  1.653594e+03 -4.397938e-02  3.984858e-02 -2.743037e-02 
 2.870000e+04  1.665168e+03 -4.405673e-02  3.991462e-02 -2.748148e-02 
 2.875000e+04  1.676742e+03 -4.413364e-02  3.998034e-02 -2.753226e-02 
 2.880000e+04  1.688316e+03 -4.421024e-02  4.004559e-02 -2.758296e-02 
 2.885000e+04  1.699890e+03 -4.428660e-02  4.011078e-02 -2.763355e-02 
 2.890000e+04  1.711464e+03 -4.436249e-02  4.017556e-02 -2.768357e-02 
 2.895000e+04  1.723038e+03 -4.443776e-02  4.023991e-02 -2.773314e-02 
 2.900000e+04  1.734613e+03 -4.451272e-02  4.030472e-02 -2.778242e-02 
 2.905000e+04  1.746187e+03 -4.458751e-02  4.036894e-02 -2.783166e-02 
 2.910000e+04  1.757761e+03 -4.466219e-02  4.043267e-02 -2.788080e-02 
 2.915000e+04  1.769335e+03 -4.473668e-02  4.049613e-02 -2.792988e-02 
 2.920000e+04  1.780909e+03 -4.481128e-02  4.055962e-02 -2.797913e-02 
 2.925000e+04  1.792483e+03 -4.488523e-02  4.062313e-02 -2.802836e-02 
 2.930000e+04  1.804057e+03 -4.495906e-02  4.068659e-02 -2.807733e-02 
 2.935000e+04  1.815631e+03 -4.503280e-02  4.074989e-02 -2.812572e-02 
 2.940000e+04  1.827205e+03 -4.510647e-02  4.081281e-02 -2.817396e-02 
 2.945000e+04  1.838779e+03 -4.517973e-02  4.087550e-02 -2.822216e-02 
 2.950000e+04  1.850353e+03 -4.525197e-02  4.093812e-02 -2.827027e-02 
 2.955000e+04  1.861927e+03 -4.532398e-02  4.100076e-02 -2.831810e-02 
 2.960000e+04  1.873501e+03 -4.539627e-02  4.106327e-02 -2.836615e-02 
 2.965000e+04  1.885075e+03 -4.546849e-02  4.112510e-02 -2.841408e-02 
 2.970000e+04  1.896650e+03 -4.554054e-02  4.118557e-02 -2.846184e-02 
 2.975000e+04  1.908224e+03 -4.561234e-02  4.124532e-02 -2.850958e-02 
 2.980000e+04  1.919798e+03 -4.568401e-02  4.130469e-02 -2.855723e-02 
 2.985000e+04  1.931372e+03 -4.575545e-02  4.136429e-02 -2.860439e-02 
 2.990000e+04  1.942946e+03 -4.582654e-02  4.142382e-02 -2.865114e-02 
 2.995000e+04  1.954520e+03 -4.589770e-02  4.148331e-02 -2.869783e-02 
 3.000000e+04  1.966094e+03 -4.596892e-02  4.154285e-02 -2.874460e-02 
 3.005000e+04  1.977668e+03 -4.603991e-02  4.160251e-02 -2.879135e-02 
 3.010000e+04  1.989242e+03 -4.611061e-02  4.166233e-02 -2.883815e-02 
 3.015000e+04  2.000816e+03 -4.618107e-02  4.172237e-02 -2.888500e-02 
 3.020000e+04  2.012390e+03 -4.625031e-02  4.178213e-02 -2.893193e-02 
 3.025000e+04  2.023964e+03 -4.631945e-02  4.184164e-02 -2.897867e-02 
 3.030000e+04  2.035538e+03 -4.638849e-02  4.190099e-02 -2.902520e-02 
 3.035000e+04  2.047113e+03 -4.645756e-02  4.195974e-02 -2.907134e-02 
 3.040000e+04  2.058687e+03 -4.652646e-02  4.201841e-02 -2.911735e-02 
 3.045000e+04  2.070261e+03 -4.659473e-02  4.207719e-02 -2.916339e-02 
 3.050000e+04  2.081835e+03 -4.666264e-02  4.213611e-02 -2.920944e-02 
 3.055000e+04  2.093409e+03 -4.673058e-02  4.219491e-02 -2.925534e-02 
 3.060000e+04  2.104983e+03 -4.679818e-02  4.225348e-02 -2.930095e-02 
 3.065000e+04  2.116557e+03 -4.686520e-02  4.231188e-02 -2.934643e-02 
 3.070000e+04  2.128131e+03 -4.693211e-02  4.237013e-02 -2.939191e-02 
 3.075000e+04  2.139705e+03 -4.699888e-02  4.242792e-02 -2.943745e-02 
 3.080000e+04  2.151279e+03 -4.706580e-02  4.248544e-02 -2.948292e-02 
 3.085000e+04  2.162853e+03 -4.713264e-02  4.254287e-02 -2.952834e-02 
 3.090000e+04  2.174427e+03 -4.719923e-02  4.260037e-02 -2.957360e-02 
 3.095000e+04  2.186001e+03 -4.726579e-02  4.265763e-02 -2.961864e-02 
 3.100000e+04  2.197575e+03 -4.733253e-02  4.271471e-02 -2.966332e-02 
 3.105000e+04  2.209150e+03 -4.739930e-02  4.277124e-02 -2.970819e-02 
 3.110000e+04  2.220724e+03 -4.746602e-02  4.282737e-02 -2.975311e-02 
 3.115000e+04  2.232298e+03 -4.753224e-02  4.288333e-02 -2.979800e-02 
 3.120000e+04  2.243872e+03 -4.759790e-02  4.293953e-02 -2.984269e-02 
 3.125000e+04  2.255446e+03 -4.766357e-02  4.299586e-02 -2.988729e-02 
 3.130000e+04  2.267020e+03 -4.772918e-02  4.305212e-02 -2.993169e-02 
 3.135000e+04  2.278594e+03 -4.779474e-02  4.310826e-02 -2.997585e-02 
 3.140000e+04  2.290168e+03 -4.786003e-02  4.316435e-02 -3.001989e-02 
 3.145000e+04  2.301742e+03 -4.792482e-02  4.322025e-02 -3.006391e-02 
 3.150000e+04  2.313316e+03 -4.798910e-02  4.327608e-02 -3.010792e-02 
 3.155000e+04  2.324890e+03 -4.805273e-02  4.333192e-02 -3.015202e-02 
 3.160000e+04  2.336464e+03 -4.811652e-02  4.338767e-02 -3.019614e-02 
 3.165000e+04  2.348038e+03 -4.818046e-02  4.344345e-02 -3.024012e-02 
 3.170000e+04  2.359613e+03 -4.824442e-02  4.349880e-02 -3.028395e-02 
 3.175000e+04  2.371187e+03 -4.830817e-02  4.355345e-02 -3.032743e-02 
 3.180000e+04  2.382761e+03 -4.837163e-02  4.360795e-02 -3.037067e-02 
 3.185000e+04  2.394335e+03 -4.843505e-02  4.366269e-02 -3.041368e-02 
 3.190000e+04  2.405909e+03 -4.849816e-02  4.371773e-02 -3.045671e-02 
 3.195000e+04  2.417483e+03 -4.856104e-02  4.377274e-02 -3.049982e-02 
 3.200000e+04  2.429057e+03 -4.862394e-02  4.382751e-02 -3.054301e-02 
 3.205000e+04  2.440631e+03 -4.868700e-02  4.388193e-02 -3.058632e-02 
 3.210000e+04  2.452205e+03 -4.875013e-02  4.393619e-02 -3.062951e-02 
 3.215000e+04  2.463779e+03 -4.881289e-02  4.399048e-02 -3.067249e-02 
 3.220000e+04  2.475353e+03 -4.887546e-02  4.404475e-02 -3.071537e-02 
 3.225000e+04  2.486927e+03 -4.893787e-02  4.409885e-02 -3.075809e-02 
 3.230000e+04  2.498501e+03 -4.900024e-02  4.415288e-02 -3.080070e-02 
 3.235000e+04  2.510075e+03 -4.906262e-02  4.420654e-02 -3.084328e-02 
 3.240000e+04  2.521650e+03 -4.912452e-02  4.426018e-02 -3.088600e-02 
 3.245000e+04  2.533224e+03 -4.918604e-02  4.431387e-02 -3.092872e-02 
 3.250000e+04  2.544798e+03 -4.924735e-02  4.436769e-02 -3.097147e-02 
 3.255000e+04  2.556372e+03 -4.930869e-02  4.442174e-02 -3.101409e-02 
 3.260000e+04  2.567946e+03 -4.937007e-02  4.447595e-02 -3.105647e-02 
 3.265000e+04  2.579520e+03 -4.943137e-02  4.453022e-02 -3.109873e-02 
 3.270000e+04  2.591094e+03 -4.949257e-02  4.458436e-02 -3.114092e-02 
 3.275000e+04  2.602668e+03 -4.955357e-02  4.463830e-02 -3.118312e-02 
 3.280000e+04  2.614242e+03 -4.961433e-02  4.469209e-02 -3.122546e-02 
 3.285000e+04  2.625816e+03 -4.967497e-02  4.474556e-02 -3.126771e-02 
 3.290000e+04  2.637390e+03 -4.973568e-02  4.479888e-02 -3.130999e-02 
 3.295000e+04  2.648964e+03 -4.979640e-02  4.485211e-02 -3.135231e-02 
 3.300000e+04  2.660538e+03 -4.985723e-02  4.490540e-02 -3.139458e-02 
 3.305000e+04  2.672113e+03 -4.991798e-02  4.495884e-02 -3.143673e-02 
 3.310000e+04  2.683687e+03 -4.997870e-02  4.501231e-02 -3.147886e-02 
 3.315000e+04  2.695261e+03 -5.003947e-02  4.506561e-02 -3.152086e-02 
 3.320000e+04  2.706835e+03 -5.010014e-02  4.511851e-02 -3.156286e-02 
 3.325000e+04  2.718409e+03 -5.016071e-02  4.517114e-02 -3.160476e-02 
 3.330000e+04  2.729983e+03 -5.022128e-02  4.522322e-02 -3.164667e-02 
 3.335000e+04  2.741557e+03 -5.028171e-02  4.527501e-02 -3.168866e-02 
 3.340000e+04  2.753131e+03 -5.034198e-02  4.532665e-02 -3.173060e-02 
 3.345000e+04  2.764705e+03 -5.040216e-02  4.537849e-02 -3.177234e-02 
 3.350000e+04  2.776279e+03 -5.046233e-02  4.543062e-02 -3.181402e-02 
 3.355000e+04  2.787853e+03 -5.052258e-02  4.548294e-02 -3.185556e-02 
 3.360000e+04  2.799427e+03 -5.058270e-02  4.553539e-02 -3.189705e-02 
 3.365000e+04  2.811001e+03 -5.064215e-02  4.558783e-02 -3.193848e-02 
 3.370000e+04  2.822575e+03 -5.070104e-02  4.564020e-02 -3.197996e-02 
 3.375000e+04  2.834150e+03 -5.075991e-02  4.569241e-02 -3.202151e-02 
 3.380000e+04  2.845724e+03 -5.081881e-02  4.574437e-02 -3.206281e-02 
 3.385000e+04  2.857298e+03 -5.087783e-02  4.579615e-02 -3.210394e-02 
 3.390000e+04  2.868872e+03 -5.093678e-02  4.584800e-02 -3.214508e-02 
 3.395000e+04  2.880446e+03 -5.099551e-02  4.589986e-02 -3.218612e-02 
 3.400000e+04  2.892020e+03 -5.105423e-02  4.595119e-02 -3.222709e-02 
 3.405000e+04  2.903594e+03 -5.111305e-02  4.600227e-02 -3.226805e-02 
 3.410000e+04  2.915168e+03 -5.117187e-02  4.605313e-02 -3.230878e-02 
 3.415000e+04  2.926742e+03 -5.123050e-02  4.610358e-02 -3.234920e-02 
 3.420000e+04  2.938316e+03 -5.128880e-02  4.615405e-02 -3.238960e-02 
 3.425000e+04  2.949890e+03 -5.134726e-02  4.620446e-02 -3.243004e-02 
 3.430000e+04  2.961464e+03 -5.140583e-02  4.625485e-02 -3.247027e-02 
 3.435000e+04  2.973038e+03 -5.146467e-02  4.630517e-02 -3.251042e-02 
 3.440000e+04  2.984613e+03 -5.152366e-02  4.635531e-02 -3.255065e-02 
 3.445000e+04  2.996187e+03 -5.158223e-02  4.640512e-02 -3.259083e-02 
 3.450000e+04  3.007761e+03 -5.164042e-02  4.645479e-02 -3.263080e-02 
 3.455000e+04  3.019335e+03 -5.169840e-02  4.650454e-02 -3.267077e-02 
 3.460000e+04  3.030909e+03 -5.175618e-02  4.655443e-02 -3.271063e-02 
 3.465000e+04  3.042483e+03 -5.181385e-02  4.660429e-02 -3.275031e-02 
 3.470000e+04  3.054057e+03 -5.187147e-02  4.665417e-02 -3.279005e-02 
 3.475000e+04  3.065631e+03 -5.192886e-02  4.670412e-02 -3.282971e-02 
 3.480000e+04  3.077205e+03 -5.198606e-02  4.675356e-02 -3.286913e-02 
 3.485000e+04  3.088779e+03 -5.204307e-02  4.680295e-02 -3.290853e-02 
 3.490000e+04  3.100353e+03 -5.209988e-02  4.685203e-02 -3.294787e-02 
 3.495000e+04  3.111927e+03 -5.215652e-02  4.690113e-02 -3.298709e-02 
 3.500000e+04  3.123501e+03 -5.221318e-02  4.695006e-02 -3.302621e-02 
 3.505000e+04  3.135075e+03 -5.226981e-02  4.699860e-02 -3.306529e-02 
 3.510000e+04  3.146650e+03 -5.232600e-02  4.704686e-02 -3.310407e-02 
 3.515000e+04  3.158224e+03 -5.238224e-02  4.709515e-02 -3.314270e-02 
 3.520000e+04  3.169798e+03 -5.243863e-02  4.714375e-02 -3.318146e-02 
 3.525000e+04  3.181372e+03 -5.249500e-02  4.719234e-02 -3.322015e-02 
 3.530000e+04  3.192946e+03 -5.255141e-02  4.724078e-02 -3.325881e-02 
 3.535000e+04  3.204520e+03 -5.260795e-02  4.728916e-02 -3.329759e-02 
 3.540000e+04  3.216094e+03 -5.266443e-02  4.733739e-02 -3.333649e-02 
 3.545000e+04  3.227668e+03 -5.272075e-02  4.738540e-02 -3.337528e-02 
 3.550000e+04  3.239242e+03 -5.277689e-02  4.743339e-02 -3.341399e-02 
 3.555000e+04  3.250816e+03 -5.283306e-02  4.748149e-02 -3.345264e-02 
 3.560000e+04  3.262390e+03 -5.288921e-02  4.752958e-02 -3.349120e-02 
 3.565000e+04  3.273964e+03 -5.294531e-02  4.757759e-02 -3.352964e-02 
 3.570000e+04  3.285538e+03 -5.300131e-02  4.762562e-02 -3.356812e-02 
 3.575000e+04  3.297113e+03 -5.305703e-02  4.767371e-02 -3.360663e-02 
 3.580000e+04  3.308687e+03 -5.311255e-02  4.772169e-02 -3.364499e-02 
 3.585000e+04  3.320261e+03 -5.316804e-02  4.776955e-02 -3.368335e-02 
 3.590000e+04  3.331835e+03 -5.322342e-02  4.781738e-02 -3.372177e-02 
 3.595000e+04  3.343409e+03 -5.327872e-02  4.786515e-02 -3.376010e-02 
 3.600000e+04  3.354983e+03 -5.333395e-02  4.791283e-02 -3.379835e-02 
 3.605000e+04  3.366557e+03 -5.338919e-02  4.796040e-02 -3.383648e-02 
 3.610000e+04  3.378131e+03 -5.344433e-02  4.800797e-02 -3.387449e-02 
 3.615000e+04  3.389705e+03 -5.349899e-02  4.805554e-02 -3.391245e-02 
 3.620000e+04  3.401279e+03 -5.355360e-02  4.810296e-02 -3.395045e-02 
 3.625000e+04  3.412853e+03 -5.360832e-02  4.815031e-02 -3.398843e-02 
 3.630000e+04  3.424427e+03 -5.366312e-02  4.819739e-02 -3.402639e-02 
 3.635000e+04  3.436001e+03 -5.371787e-02  4.824428e-02 -3.406434e-02 
 3.640000e+04  3.447575e+03 -5.377268e-02  4.829085e-02 -3.410226e-02 
 3.645000e+04  3.459150e+03 -5.382749e-02  4.833713e-02 -3.414005e-02 
 3.650000e+04  3.470724e+03 -5.388225e-02  4.838335e-02 -3.417773e-02 
 3.655000e+04  3.482298e+03 -5.393701e-02  4.842952e-02 -3.421541e-02 
 3.660000e+04  3.493872e+03 -5.399179e-02  4.847578e-02 -3.425307e-02 
 3.665000e+04  3.505446e+03 -5.404654e-02  4.852225e-02 -3.429081e-02 
 3.670000e+04  3.517020e+03 -5.410121e-02  4.856871e-02 -3.432859e-02 
 3.675000e+04  3.528594e+03 -5.415577e-02  4.861490e-02 -3.436637e-02 
 3.680000e+04  3.540168e+03 -5.421021e-02  4.866105e-02 -3.440409e-02 
 3.685000e+04  3.551742e+03 -5.426457e-02  4.870722e-02 -3.444153e-02 
 3.690000e+04  3.563316e+03 -5.431867e-02  4.875354e-02 -3.447889e-02 
 3.695000e+04  3.574890e+03 -5.437249e-02  4.879998e-02 -3.451623e-02 
 3.700000e+04  3.586464e+03 -5.442625e-02  4.884644e-02 -3.455359e-02 
 3.705000e+04  3.598038e+03 -5.447978e-02  4.889297e-02 -3.459112e-02 
 3.710000e+04  3.609613e+03 -5.453323e-02  4.893960e-02 -3.462870e-02 
 3.715000e+04  3.621187e+03 -5.458656e-02  4.898613e-02 -3.466610e-02 
 3.720000e+04  3.632761e+03 -5.463976e-02  4.903239e-02 -3.470342e-02 
 3.725000e+04  3.644335e+03 -5.469301e-02  4.907844e-02 -3.474076e-02 
 3.730000e+04  3.655909e+03 -5.474621e-02  4.912443e-02 -3.477805e-02 
 3.735000e+04  3.667483e+03 -5.479941e-02  4.917044e-02 -3.481529e-02 
 3.740000e+04  3.679057e+03 -5.485285e-02  4.921647e-02 -3.485262e-02 
 3.745000e+04  3.690631e+03 -5.490649e-02  4.926241e-02 -3.488997e-02 
 3.750000e+04  3.702205e+03 -5.496021e-02  4.930820e-02 -3.492731e-02 
 3.755000e+04  3.713779e+03 -5.501378e-02  4.935395e-02 -3.496465e-02 
 3.760000e+04  3.725353e+03 -5.506659e-02  4.939966e-02 -3.500195e-02 
 3.765000e+04  3.736927e+03 -5.511931e-02  4.944510e-02 -3.503915e-02 
 3.770000e+04  3.748501e+03 -5.517207e-02  4.949028e-02 -3.507626e-02 
 3.775000e+04  3.760075e+03 -5.522495e-02  4.953547e-02 -3.511327e-02 
 3.780000e+04  3.771650e+03 -5.527786e-02  4.958080e-02 -3.515024e-02 
 3.785000e+04  3.783224e+03 -5.533085e-02  4.962634e-02 -3.518722e-02 
 3.790000e+04  3.794798e+03 -5.538382e-02  4.967205e-02 -3.522424e-02 
 3.795000e+04  3.806372e+03 -5.543665e-02  4.971773e-02 -3.526126e-02 
 3.800000e+04  3.817946e+03 -5.548916e-02  4.976337e-02 -3.529823e-02 
 3.805000e+04  3.829520e+03 -5.554144e-02  4.980905e-02 -3.533511e-02 
 3.810000e+04  3.841094e+03 -5.559353e-02  4.985473e-02 -3.537193e-02 
 3.815000e+04  3.852668e+03 -5.564554e-02  4.990054e-02 -3.540865e-02 
 3.820000e+04  3.864242e+03 -5.569755e-02  4.994647e-02 -3.544537e-02 
 3.825000e+04  3.875816e+03 -5.574955e-02  4.999241e-02 -3.548200e-02 
 3.830000e+04  3.887390e+03 -5.580161e-02  5.003834e-02 -3.551861e-02 
 3.835000e+04  3.898964e+03 -5.585359e-02  5.008422e-02 -3.555522e-02 
 3.840000e+04  3.910538e+03 -5.590553e-02  5.012997e-02 -3.559178e-02 
 3.845000e+04  3.922113e+03 -5.595743e-02  5.017556e-02 -3.562831e-02 
 3.850000e+04  3.933687e+03 -5.600928e-02  5.022110e-02 -3.566484e-02 
 3.855000e+04  3.945261e+03 -5.606110e-02  5.026660e-02 -3.570133e-02 
 3.860000e+04  3.956835e+03 -5.611276e-02  5.031213e-02 -3.573778e-02 
 3.865000e+04  3.968409e+03 -5.616451e-02  5.035774e-02 -3.577425e-02 
 3.870000e+04  3.979983e+03 -5.621638e-02  5.040332e-02 -3.581070e-02 
 3.875000e+04  3.991557e+03 -5.626807e-02  5.044875e-02 -3.584710e-02 
 3.880000e+04  4.003131e+03 -5.631980e-02  5.049373e-02 -3.588338e-02 
 3.885000e+04  4.014705e+03 -5.637155e-02  5.053856e-02 -3.591965e-02 
 3.890000e+04  4.026279e+03 -5.642323e-02  5.058346e-02 -3.595594e-02 
 3.895000e+04  4.037853e+03 -5.647485e-02  5.062853e-02 -3.599225e-02 
 3.900000e+04  4.049427e+03 -5.652649e-02  5.067372e-02 -3.602858e-02 
 3.905000e+04  4.061001e+03 -5.657808e-02  5.071905e-02 -3.606490e-02 
 3.910000e+04  4.072575e+03 -5.662957e-02  5.076444e-02 -3.610114e-02 
 3.915000e+04  4.084150e+03 -5.668090e-02  5.080973e-02 -3.613731e-02 
 3.920000e+04  4.095724e+03 -5.673209e-02  5.085504e-02 -3.617342e-02 
 3.925000e+04  4.107298e+03 -5.678322e-02  5.090036e-02 -3.620956e-02 
 3.930000e+04  4.118872e+03 -5.683437e-02  5.094567e-02 -3.624573e-02 
 3.935000e+04  4.130446e+03 -5.688552e-02  5.099091e-02 -3.628193e-02 
 3.940000e+04  4.142020e+03 -5.693662e-02  5.103608e-02 -3.631811e-02 
 3.945000e+04  4.153594e+03 -5.698766e-02  5.108118e-02 -3.635420e-02 
 3.950000e+04  4.165168e+03 -5.703859e-02  5.112625e-02 -3.639021e-02 
 3.955000e+04  4.176742e+03 -5.708946e-02  5.117131e-02 -3.642618e-02 
 3.960000e+04  4.188316e+03 -5.714032e-02  5.121597e-02 -3.646212e-02 
 3.965000e+04  4.199890e+03 -5.719122e-02  5.126037e-02 -3.649798e-02 
 3.970000e+04  4.211464e+03 -5.724206e-02  5.130458e-02 -3.653380e-02 
 3.975000e+04  4.223038e+03 -5.729294e-02  5.134885e-02 -3.656962e-02 
 3.980000e+04  4.234613e+03 -5.734390e-02  5.139316e-02 -3.660547e-02 
 3.985000e+04  4.246187e+03 -5.739492e-02  5.143749e-02 -3.664132e-02 
 3.990000e+04  4.257761e+03 -5.744589e-02  5.148189e-02 -3.667713e-02 
 3.995000e+04  4.269335e+03 -5.749668e-02  5.152624e-02 -3.671286e-02 
 4.000000e+04  4.280909e+03 -5.754730e-02  5.157064e-02 -3.674855e-02 
 4.005000e+04  4.292483e+03 -5.759786e-02  5.161504e-02 -3.678424e-02 
 4.010000e+04  4.304057e+03 -5.764827e-02  5.165953e-02 -3.681994e-02 
 4.015000e+04  4.315631e+03 -5.769858e-02  5.170401e-02 -3.685559e-02 
 4.020000e+04  4.327205e+03 -5.774883e-02  5.174849e-02 -3.689126e-02 
 4.025000e+04  4.338779e+03 -5.779906e-02  5.179290e-02 -3.692684e-02 
 4.030000e+04  4.350353e+03 -5.784919e-02  5.183724e-02 -3.696238e-02 
 4.035000e+04  4.361927e+03 -5.789921e-02  5.188161e-02 -3.699786e-02 
 4.040000e+04  4.373501e+03 -5.794909e-02  5.192607e-02 -3.703330e-02 
 4.045000e+04  4.385075e+03 -5.799869e-02  5.197058e-02 -3.706868e-02 
 4.050000e+04  4.396650e+03 -5.804825e-02  5.201512e-02 -3.710408e-02 
 4.055000e+04  4.408224e+03 -5.809791e-02  5.205963e-02 -3.713950e-02 
 4.060000e+04  4.419798e+03 -5.814764e-02  5.210401e-02 -3.717481e-02 
 4.065000e+04  4.431372e+03 -5.819747e-02  5.214822e-02 -3.721011e-02 
 4.070000e+04  4.442946e+03 -5.824728e-02  5.219229e-02 -3.724541e-02 
 4.075000e+04  4.454520e+03 -5.829707e-02  5.223619e-02 -3.728068e-02 
 4.080000e+04  4.466094e+03 -5.834692e-02  5.227990e-02 -3.731591e-02 
 4.085000e+04  4.477668e+03 -5.839683e-02  5.232357e-02 -3.735113e-02 
 4.090000e+04  4.489242e+03 -5.844677e-02  5.236722e-02 -3.738632e-02 
 4.095000e+04  4.500816e+03 -5.849668e-02  5.241081e-02 -3.742149e-02 
 4.100000e+04  4.512390e+03 -5.854654e-02  5.245433e-02 -3.745666e-02 
 4.105000e+04  4.523964e+03 -5.859639e-02  5.249774e-02 -3.749175e-02 
 4.110000e+04  4.535538e+03 -5.864619e-02  5.254103e-02 -3.752671e-02 
 4.115000e+04  4.547113e+03 -5.869599e-02  5.258421e-02 -3.756166e-02 
 4.120000e+04  4.558687e+03 -5.874564e-02  5.262729e-02 -3.759666e-02 
 4.125000e+04  4.570261e+03 -5.879519e-02  5.267040e-02 -3.763164e-02 
 4.130000e+04  4.581835e+03 -5.884465e-02  5.271354e-02 -3.766666e-02 
 4.135000e+04  4.593409e+03 -5.889396e-02  5.275670e-02 -3.770164e-02 
 4.140000e+04  4.604983e+03 -5.894284e-02  5.279996e-02 -3.773660e-02 
 4.145000e+04  4.616557e+03 -5.899127e-02  5.284326e-02 -3.777145e-02 
 4.150000e+04  4.628131e+03 -5.903962e-02  5.288661e-02 -3.780627e-02 
 4.155000e+04  4.639705e+03 -5.908801e-02  5.292992e-02 -3.784101e-02 
 4.160000e+04  4.651279e+03 -5.913652e-02  5.297317e-02 -3.787569e-02 
 4.165000e+04  4.662853e+03 -5.918511e-02  5.301614e-02 -3.791040e-02 
 4.170000e+04  4.674427e+03 -5.923373e-02  5.305888e-02 -3.794504e-02 
 4.175000e+04  4.686001e+03 -5.928233e-02  5.310146e-02 -3.797962e-02 
 4.180000e+04  4.697575e+03 -5.933093e-02  5.314400e-02 -3.801421e-02 
 4.185000e+04  4.709150e+03 -5.937961e-02  5.318652e-02 -3.804877e-02 
 4.190000e+04  4.720724e+03 -5.942833e-02  5.322904e-02 -3.808325e-02 
 4.195000e+04  4.732298e+03 -5.947715e-02  5.327154e-02 -3.811767e-02 
 4.200000e+04  4.743872e+03 -5.952594e-02  5.331397e-02 -3.815203e-02 
 4.205000e+04  4.755446e+03 -5.957472e-02  5.335626e-02 -3.818630e-02 
 4.210000e+04  4.767020e+03 -5.962344e-02  5.339843e-02 -3.822057e-02 
 4.215000e+04  4.778594e+03 -5.967213e-02  5.344049e-02 -3.825484e-02 
 4.220000e+04  4.790168e+03 -5.972078e-02  5.348245e-02 -3.828910e-02 
 4.225000e+04  4.801742e+03 -5.976943e-02  5.352439e-02 -3.832334e-02 
 4.230000e+04  4.813316e+03 -5.981805e-02  5.356637e-02 -3.835758e-02 
 4.235000e+04  4.824890e+03 -5.986658e-02  5.360841e-02 -3.839178e-02 
 4.240000e+04  4.836464e+03 -5.991495e-02  5.365051e-02 -3.842592e-02 
 4.245000e+04  4.848038e+03 -5.996325e-02  5.369266e-02 -3.846003e-02 
 4.250000e+04  4.859613e+03 -6.001149e-02  5.373485e-02 -3.849404e-02 
 4.255000e+04  4.871187e+03 -6.005964e-02  5.377701e-02 -3.852794e-02 
 4.260000e+04  4.882761e+03 -6.010773e-02  5.381905e-02 -3.856185e-02 
 4.265000e+04  4.894335e+03 -6.015584e-02  5.386101e-02 -3.859581e-02 
 4.270000e+04  4.905909e+03 -6.020395e-02  5.390289e-02 -3.862980e-02 
 4.275000e+04  4.917483e+03 -6.025203e-02  5.394472e-02 -3.866375e-02 
 4.280000e+04  4.929057e+03 -6.030010e-02  5.398646e-02 -3.869767e-02 
 4.285000e+04  4.940631e+03 -6.034801e-02  5.402798e-02 -3.873150e-02 
 4.290000e+04  4.952205e+03 -6.039578e-02  5.406947e-02 -3.876521e-02 
 4.295000e+04  4.963779e+03 -6.044357e-02  5.411105e-02 -3.879886e-02 
 4.300000e+04  4.975353e+03 -6.049147e-02  5.415270e-02 -3.883254e-02 
 4.305000e+04  4.986927e+03 -6.053941e-02  5.419444e-02 -3.886626e-02 
 4.310000e+04  4.998501e+03 -6.058738e-02  5.423618e-02 -3.890000e-02 
 4.315000e+04  5.010075e+03 -6.063535e-02  5.427784e-02 -3.893373e-02 
 4.320000e+04  5.021650e+03 -6.068321e-02  5.431941e-02 -3.896742e-02 
 4.325000e+04  5.033224e+03 -6.073087e-02  5.436092e-02 -3.900103e-02 
 4.330000e+04  5.044798e+03 -6.077842e-02  5.440240e-02 -3.903458e-02 
 4.335000e+04  5.056372e+03 -6.082587e-02  5.444390e-02 -3.906815e-02 
 4.340000e+04  5.067946e+03 -6.087321e-02  5.448550e-02 -3.910162e-02 
 4.345000e+04  5.079520e+03 -6.092056e-02  5.452715e-02 -3.913505e-02 
 4.350000e+04  5.091094e+03 -6.096794e-02  5.456886e-02 -3.916850e-02 
 4.355000e+04  5.102668e+03 -6.101531e-02  5.461055e-02 -3.920198e-02 
 4.360000e+04  5.114242e+03 -6.106270e-02  5.465217e-02 -3.923549e-02 
 4.365000e+04  5.125816e+03 -6.111006e-02  5.469377e-02 -3.926901e-02 
 4.370000e+04  5.137390e+03 -6.115735e-02  5.473531e-02 -3.930247e-02 
 4.375000e+04  5.148964e+03 -6.120464e-02  5.477680e-02 -3.933592e-02 
 4.380000e+04  5.160538e+03 -6.125198e-02  5.481818e-02 -3.936938e-02 
 4.385000e+04  5.172113e+03 -6.129940e-02  5.485955e-02 -3.940279e-02 
 4.390000e+04  5.183687e+03 -6.134687e-02  5.490092e-02 -3.943616e-02 
 4.395000e+04  5.195261e+03 -6.139437e-02  5.494227e-02 -3.946954e-02 
 4.400000e+04  5.206835e+03 -6.144190e-02  5.498356e-02 -3.950289e-02 
 4.405000e+04  5.218409e+03 -6.148945e-02  5.502453e-02 -3.953626e-02 
 4.410000e+04  5.229983e+03 -6.153702e-02  5.506535e-02 -3.956958e-02 
 4.415000e+04  5.241557e+03 -6.158449e-02  5.510623e-02 -3.960296e-02 
 4.420000e+04  5.253131e+03 -6.163195e-02  5.514721e-02 -3.963635e-02 
 4.425000e+04  5.264705e+03 -6.167928e-02  5.518827e-02 -3.966972e-02 
 4.430000e+04  5.276279e+03 -6.172661e-02  5.522936e-02 -3.970304e-02 
 4.435000e+04  5.287853e+03 -6.177383e-02  5.527049e-02 -3.973629e-02 
