         Step [creep.tim... Z Displace... Z Displace... X Displace... 
------------- ------------- ------------- ------------- ------------- 
 5.250000e+03  1.276223e-07 -4.629353e-03  4.524540e-03 -2.433365e-03 
 5.300000e+03  3.886505e-06 -4.629558e-03  4.524649e-03 -2.433574e-03 
 5.350000e+03  2.867941e-05 -4.630543e-03  4.524896e-03 -2.434262e-03 
 5.400000e+03  1.610115e-04 -4.631120e-03  4.525119e-03 -2.434442e-03 
 5.450000e+03  6.040266e-04 -4.632106e-03  4.526602e-03 -2.435823e-03 
 5.500000e+03  1.089963e-03 -4.635586e-03  4.529949e-03 -2.438935e-03 
 5.550000e+03  1.575900e-03 -4.641204e-03  4.535395e-03 -2.443396e-03 
 5.600000e+03  2.100852e-03 -4.648284e-03  4.543144e-03 -2.448659e-03 
 5.650000e+03  2.953602e-03 -4.659213e-03  4.556101e-03 -2.456359e-03 
 5.700000e+03  3.841371e-03 -4.668328e-03  4.566543e-03 -2.461933e-03 
 5.750000e+03  4.846788e-03 -4.675362e-03  4.572959e-03 -2.465411e-03 
 5.800000e+03  5.857015e-03 -4.681785e-03  4.578122e-03 -2.469177e-03 
 5.850000e+03  6.867242e-03 -4.689495e-03  4.584899e-03 -2.474937e-03 
 5.900000e+03  7.877469e-03 -4.698742e-03  4.594229e-03 -2.482730e-03 
 5.950000e+03  8.894920e-03 -4.709007e-03  4.605776e-03 -2.491928e-03 
 6.000000e+03  1.037478e-02 -4.723997e-03  4.622946e-03 -2.504644e-03 
 6.050000e+03  1.194197e-02 -4.738568e-03  4.637923e-03 -2.514728e-03 
 6.100000e+03  1.364349e-02 -4.751969e-03  4.649969e-03 -2.521468e-03 
 6.150000e+03  1.545772e-02 -4.764858e-03  4.661961e-03 -2.527753e-03 
 6.200000e+03  1.727194e-02 -4.778154e-03  4.675440e-03 -2.535605e-03 
 6.250000e+03  1.908616e-02 -4.792722e-03  4.691210e-03 -2.546139e-03 
 6.300000e+03  2.090038e-02 -4.808507e-03  4.708585e-03 -2.559259e-03 
 6.350000e+03  2.322912e-02 -4.828759e-03  4.729820e-03 -2.577189e-03 
 6.400000e+03  2.578192e-02 -4.848087e-03  4.748996e-03 -2.593119e-03 
 6.450000e+03  2.838066e-02 -4.864976e-03  4.765920e-03 -2.604966e-03 
 6.500000e+03  3.106109e-02 -4.881676e-03  4.782987e-03 -2.615033e-03 
 6.550000e+03  3.374153e-02 -4.899191e-03  4.801066e-03 -2.625413e-03 
 6.600000e+03  3.642196e-02 -4.918380e-03  4.821188e-03 -2.637645e-03 
 6.650000e+03  3.910239e-02 -4.939320e-03  4.843390e-03 -2.652313e-03 
 6.700000e+03  4.231112e-02 -4.963962e-03  4.869897e-03 -2.671341e-03 
 6.750000e+03  4.573211e-02 -4.985973e-03  4.892373e-03 -2.689549e-03 
 6.800000e+03  4.969092e-02 -5.008053e-03  4.913963e-03 -2.707422e-03 
 6.850000e+03  5.405706e-02 -5.032338e-03  4.937732e-03 -2.725200e-03 
 6.900000e+03  5.842321e-02 -5.057173e-03  4.962519e-03 -2.742329e-03 
 6.950000e+03  6.278935e-02 -5.083222e-03  4.989069e-03 -2.759998e-03 
 7.000000e+03  6.716859e-02 -5.111356e-03  5.018211e-03 -2.778855e-03 
 7.050000e+03  7.239647e-02 -5.145775e-03  5.053650e-03 -2.801501e-03 
 7.100000e+03  7.770354e-02 -5.175969e-03  5.083917e-03 -2.821985e-03 
 7.150000e+03  8.338856e-02 -5.203821e-03  5.112021e-03 -2.842632e-03 
 7.200000e+03  8.983935e-02 -5.234285e-03  5.143185e-03 -2.866045e-03 
 7.250000e+03  9.629013e-02 -5.264695e-03  5.174522e-03 -2.889173e-03 
 7.300000e+03  1.027409e-01 -5.295850e-03  5.206711e-03 -2.912463e-03 
 7.350000e+03  1.095721e-01 -5.330491e-03  5.241928e-03 -2.937280e-03 
 7.400000e+03  1.170397e-01 -5.369155e-03  5.279973e-03 -2.962627e-03 
 7.450000e+03  1.245073e-01 -5.403670e-03  5.314049e-03 -2.984755e-03 
 7.500000e+03  1.319749e-01 -5.435293e-03  5.346131e-03 -3.006078e-03 
 7.550000e+03  1.394425e-01 -5.466122e-03  5.377771e-03 -3.027937e-03 
 7.600000e+03  1.469101e-01 -5.496464e-03  5.409263e-03 -3.050432e-03 
 7.650000e+03  1.547511e-01 -5.528313e-03  5.441945e-03 -3.074717e-03 
 7.700000e+03  1.650014e-01 -5.570333e-03  5.484233e-03 -3.106320e-03 
 7.750000e+03  1.755090e-01 -5.612331e-03  5.525015e-03 -3.135901e-03 
 7.800000e+03  1.860167e-01 -5.651944e-03  5.563081e-03 -3.161973e-03 
 7.850000e+03  1.965243e-01 -5.690505e-03  5.600433e-03 -3.186973e-03 
 7.900000e+03  2.070320e-01 -5.728771e-03  5.637734e-03 -3.211935e-03 
 7.950000e+03  2.175396e-01 -5.766214e-03  5.674884e-03 -3.237521e-03 
 8.000000e+03  2.280683e-01 -5.802483e-03  5.711606e-03 -3.263853e-03 
 8.050000e+03  2.402934e-01 -5.842661e-03  5.752407e-03 -3.294500e-03 
 8.100000e+03  2.530655e-01 -5.882333e-03  5.792618e-03 -3.324489e-03 
 8.150000e+03  2.658376e-01 -5.921173e-03  5.831492e-03 -3.352077e-03 
 8.200000e+03  2.786097e-01 -5.960164e-03  5.870345e-03 -3.378138e-03 
 8.250000e+03  2.913818e-01 -5.999353e-03  5.909045e-03 -3.403731e-03 
 8.300000e+03  3.041539e-01 -6.038266e-03  5.947312e-03 -3.429410e-03 
 8.350000e+03  3.169261e-01 -6.075768e-03  5.984632e-03 -3.455281e-03 
 8.400000e+03  3.306248e-01 -6.113377e-03  6.022613e-03 -3.482759e-03 
 8.450000e+03  3.453678e-01 -6.151663e-03  6.061981e-03 -3.511671e-03 
 8.500000e+03  3.601532e-01 -6.189479e-03  6.100748e-03 -3.539625e-03 
 8.550000e+03  3.751602e-01 -6.228100e-03  6.139757e-03 -3.566793e-03 
 8.600000e+03  3.910264e-01 -6.269299e-03  6.180973e-03 -3.594589e-03 
 8.650000e+03  4.073272e-01 -6.311630e-03  6.222789e-03 -3.622463e-03 
 8.700000e+03  4.236280e-01 -6.353019e-03  6.262819e-03 -3.649651e-03 
 8.750000e+03  4.402548e-01 -6.393477e-03  6.301500e-03 -3.676931e-03 
 8.800000e+03  4.573706e-01 -6.433519e-03  6.340226e-03 -3.704938e-03 
 8.850000e+03  4.744865e-01 -6.472260e-03  6.378332e-03 -3.732812e-03 
 8.900000e+03  4.917393e-01 -6.510575e-03  6.416141e-03 -3.760374e-03 
 8.950000e+03  5.110848e-01 -6.553498e-03  6.458537e-03 -3.790472e-03 
 9.000000e+03  5.317307e-01 -6.599170e-03  6.503839e-03 -3.821371e-03 
 9.050000e+03  5.525352e-01 -6.644143e-03  6.548313e-03 -3.850942e-03 
 9.100000e+03  5.735476e-01 -6.688532e-03  6.591503e-03 -3.879964e-03 
 9.150000e+03  5.953923e-01 -6.733758e-03  6.635042e-03 -3.910118e-03 
 9.200000e+03  6.172369e-01 -6.777486e-03  6.677361e-03 -3.940359e-03 
 9.250000e+03  6.390815e-01 -6.819271e-03  6.718598e-03 -3.970488e-03 
 9.300000e+03  6.609262e-01 -6.860209e-03  6.759533e-03 -4.000204e-03 
 9.350000e+03  6.838630e-01 -6.902881e-03  6.802453e-03 -4.030414e-03 
 9.400000e+03  7.067999e-01 -6.944912e-03  6.845075e-03 -4.059110e-03 
 9.450000e+03  7.304077e-01 -6.987714e-03  6.888487e-03 -4.087478e-03 
 9.500000e+03  7.556956e-01 -7.033307e-03  6.934245e-03 -4.117525e-03 
 9.550000e+03  7.809835e-01 -7.078048e-03  6.978375e-03 -4.147570e-03 
 9.600000e+03  8.062714e-01 -7.121366e-03  7.020463e-03 -4.177636e-03 
 9.650000e+03  8.315846e-01 -7.163602e-03  7.061338e-03 -4.207548e-03 
 9.700000e+03  8.581369e-01 -7.207259e-03  7.103674e-03 -4.238337e-03 
 9.750000e+03  8.846892e-01 -7.250355e-03  7.145618e-03 -4.268188e-03 
 9.800000e+03  9.112415e-01 -7.293099e-03  7.187455e-03 -4.296945e-03 
 9.850000e+03  9.389169e-01 -7.337409e-03  7.231029e-03 -4.326082e-03 
 9.900000e+03  9.681908e-01 -7.383799e-03  7.276815e-03 -4.356477e-03 
 9.950000e+03  9.974647e-01 -7.429118e-03  7.321289e-03 -4.386544e-03 
 1.000000e+04  1.027236e+00 -7.474037e-03  7.364503e-03 -4.416943e-03 
 1.005000e+04  1.059388e+00 -7.521627e-03  7.409746e-03 -4.449721e-03 
 1.010000e+04  1.091662e+00 -7.568255e-03  7.454448e-03 -4.482284e-03 
 1.015000e+04  1.123937e+00 -7.613848e-03  7.498711e-03 -4.513920e-03 
 1.020000e+04  1.156211e+00 -7.659196e-03  7.542956e-03 -4.544541e-03 
 1.025000e+04  1.188486e+00 -7.704387e-03  7.587318e-03 -4.574405e-03 
 1.030000e+04  1.220760e+00 -7.748580e-03  7.631506e-03 -4.603599e-03 
 1.035000e+04  1.253980e+00 -7.792872e-03  7.676171e-03 -4.633304e-03 
 1.040000e+04  1.289563e+00 -7.839453e-03  7.722844e-03 -4.665130e-03 
 1.045000e+04  1.325146e+00 -7.885232e-03  7.768047e-03 -4.696968e-03 
 1.050000e+04  1.360728e+00 -7.930102e-03  7.811829e-03 -4.728401e-03 
 1.055000e+04  1.397592e+00 -7.976085e-03  7.856517e-03 -4.760205e-03 
 1.060000e+04  1.434954e+00 -8.022665e-03  7.901695e-03 -4.791641e-03 
 1.065000e+04  1.472315e+00 -8.068934e-03  7.946575e-03 -4.822257e-03 
 1.070000e+04  1.509677e+00 -8.114340e-03  7.990953e-03 -4.852228e-03 
 1.075000e+04  1.548085e+00 -8.160245e-03  8.036187e-03 -4.882763e-03 
 1.080000e+04  1.587315e+00 -8.206365e-03  8.081842e-03 -4.913870e-03 
 1.085000e+04  1.626545e+00 -8.251605e-03  8.126153e-03 -4.944749e-03 
 1.090000e+04  1.668567e+00 -8.299350e-03  8.172155e-03 -4.977484e-03 
 1.095000e+04  1.713980e+00 -8.350674e-03  8.221205e-03 -5.012398e-03 
 1.100000e+04  1.759393e+00 -8.401579e-03  8.269628e-03 -5.046520e-03 
 1.105000e+04  1.804807e+00 -8.451735e-03  8.317372e-03 -5.079665e-03 
 1.110000e+04  1.850220e+00 -8.501412e-03  8.364757e-03 -5.112156e-03 
 1.115000e+04  1.895634e+00 -8.550259e-03  8.411991e-03 -5.144309e-03 
 1.120000e+04  1.941047e+00 -8.597730e-03  8.458701e-03 -5.176287e-03 
 1.125000e+04  1.987051e+00 -8.644589e-03  8.505219e-03 -5.208452e-03 
 1.130000e+04  2.036881e+00 -8.694793e-03  8.554942e-03 -5.243085e-03 
 1.135000e+04  2.086949e+00 -8.744864e-03  8.604087e-03 -5.277436e-03 
 1.140000e+04  2.137017e+00 -8.794266e-03  8.652210e-03 -5.310938e-03 
 1.145000e+04  2.188988e+00 -8.845208e-03  8.701493e-03 -5.344830e-03 
 1.150000e+04  2.241560e+00 -8.896549e-03  8.750872e-03 -5.378663e-03 
 1.155000e+04  2.294132e+00 -8.947039e-03  8.799558e-03 -5.412133e-03 
 1.160000e+04  2.346704e+00 -8.996319e-03  8.847446e-03 -5.445296e-03 
 1.165000e+04  2.399275e+00 -9.044717e-03  8.894995e-03 -5.478299e-03 
 1.170000e+04  2.451847e+00 -9.092490e-03  8.942153e-03 -5.511084e-03 
 1.175000e+04  2.504524e+00 -9.139788e-03  8.988558e-03 -5.543338e-03 
 1.180000e+04  2.562964e+00 -9.191980e-03  9.039236e-03 -5.578425e-03 
 1.185000e+04  2.623823e+00 -9.246386e-03  9.091389e-03 -5.614424e-03 
 1.190000e+04  2.684681e+00 -9.300324e-03  9.142565e-03 -5.649884e-03 
 1.195000e+04  2.745540e+00 -9.353386e-03  9.192643e-03 -5.684786e-03 
 1.200000e+04  2.806398e+00 -9.405704e-03  9.242055e-03 -5.719405e-03 
 1.205000e+04  2.867256e+00 -9.457067e-03  9.291107e-03 -5.753832e-03 
 1.210000e+04  2.928115e+00 -9.507254e-03  9.339643e-03 -5.787890e-03 
 1.215000e+04  2.990637e+00 -9.558105e-03  9.389162e-03 -5.822423e-03 
 1.220000e+04  3.059679e+00 -9.613953e-03  9.443697e-03 -5.860049e-03 
 1.225000e+04  3.130131e+00 -9.670443e-03  9.498718e-03 -5.897781e-03 
 1.230000e+04  3.200582e+00 -9.726191e-03  9.552657e-03 -5.934799e-03 
 1.235000e+04  3.273781e+00 -9.783551e-03  9.607578e-03 -5.972715e-03 
 1.240000e+04  3.347754e+00 -9.840865e-03  9.662195e-03 -6.010745e-03 
 1.245000e+04  3.421728e+00 -9.897034e-03  9.715958e-03 -6.048493e-03 
 1.250000e+04  3.495702e+00 -9.952082e-03  9.769093e-03 -6.085838e-03 
 1.255000e+04  3.569675e+00 -1.000646e-02  9.822020e-03 -6.122783e-03 
 1.260000e+04  3.643649e+00 -1.006032e-02  9.874714e-03 -6.159227e-03 
 1.265000e+04  3.718141e+00 -1.011388e-02  9.927260e-03 -6.195226e-03 
 1.270000e+04  3.799902e+00 -1.017227e-02  9.984246e-03 -6.234076e-03 
 1.275000e+04  3.885536e+00 -1.023316e-02  1.004296e-02 -6.274379e-03 
 1.280000e+04  3.971170e+00 -1.029341e-02  1.010024e-02 -6.314292e-03 
 1.285000e+04  4.056804e+00 -1.035271e-02  1.015619e-02 -6.353808e-03 
 1.290000e+04  4.142438e+00 -1.041124e-02  1.021142e-02 -6.392975e-03 
 1.295000e+04  4.228071e+00 -1.046904e-02  1.026624e-02 -6.431757e-03 
 1.300000e+04  4.313705e+00 -1.052601e-02  1.032063e-02 -6.469879e-03 
 1.305000e+04  4.401857e+00 -1.058401e-02  1.037636e-02 -6.508457e-03 
 1.310000e+04  4.499195e+00 -1.064759e-02  1.043770e-02 -6.550562e-03 
 1.315000e+04  4.598326e+00 -1.071157e-02  1.049944e-02 -6.592933e-03 
 1.320000e+04  4.697458e+00 -1.077452e-02  1.055978e-02 -6.634758e-03 
 1.325000e+04  4.800754e+00 -1.083942e-02  1.062133e-02 -6.677949e-03 
 1.330000e+04  4.904842e+00 -1.090406e-02  1.068241e-02 -6.721094e-03 
 1.335000e+04  5.008931e+00 -1.096755e-02  1.074272e-02 -6.763701e-03 
 1.340000e+04  5.113019e+00 -1.103012e-02  1.080252e-02 -6.805646e-03 
 1.345000e+04  5.217107e+00 -1.109217e-02  1.086210e-02 -6.847029e-03 
 1.350000e+04  5.321196e+00 -1.115345e-02  1.092142e-02 -6.887903e-03 
 1.355000e+04  5.426533e+00 -1.121454e-02  1.098082e-02 -6.928677e-03 
 1.360000e+04  5.542903e+00 -1.128132e-02  1.104563e-02 -6.973205e-03 
 1.365000e+04  5.663398e+00 -1.134997e-02  1.111159e-02 -7.018950e-03 
 1.370000e+04  5.783894e+00 -1.141774e-02  1.117607e-02 -7.064217e-03 
 1.375000e+04  5.904389e+00 -1.148461e-02  1.123932e-02 -7.108906e-03 
 1.380000e+04  6.030307e+00 -1.155388e-02  1.130480e-02 -7.155012e-03 
 1.385000e+04  6.156827e+00 -1.162275e-02  1.137007e-02 -7.200726e-03 
 1.390000e+04  6.283347e+00 -1.169063e-02  1.143457e-02 -7.245698e-03 
 1.395000e+04  6.411765e+00 -1.175862e-02  1.149953e-02 -7.290795e-03 
 1.400000e+04  6.544611e+00 -1.182826e-02  1.156632e-02 -7.337005e-03 
 1.405000e+04  6.677457e+00 -1.189698e-02  1.163214e-02 -7.382698e-03 
 1.410000e+04  6.816500e+00 -1.196801e-02  1.169973e-02 -7.429933e-03 
 1.415000e+04  6.967943e+00 -1.204477e-02  1.177219e-02 -7.480879e-03 
 1.420000e+04  7.121729e+00 -1.212188e-02  1.184472e-02 -7.531973e-03 
 1.425000e+04  7.275515e+00 -1.219784e-02  1.191612e-02 -7.582243e-03 
 1.430000e+04  7.429301e+00 -1.227285e-02  1.198684e-02 -7.631743e-03 
 1.435000e+04  7.583087e+00 -1.234693e-02  1.205701e-02 -7.680684e-03 
 1.440000e+04  7.736873e+00 -1.241980e-02  1.212653e-02 -7.729092e-03 
 1.445000e+04  7.894073e+00 -1.249309e-02  1.219683e-02 -7.778016e-03 
 1.450000e+04  8.069726e+00 -1.257422e-02  1.227462e-02 -7.832113e-03 
 1.455000e+04  8.247752e+00 -1.265564e-02  1.235225e-02 -7.886289e-03 
 1.460000e+04  8.425779e+00 -1.273596e-02  1.242844e-02 -7.939586e-03 
 1.465000e+04  8.609324e+00 -1.281788e-02  1.250575e-02 -7.993637e-03 
 1.470000e+04  8.796252e+00 -1.290054e-02  1.258351e-02 -8.048064e-03 
 1.475000e+04  8.983180e+00 -1.298195e-02  1.266020e-02 -8.101882e-03 
 1.480000e+04  9.170108e+00 -1.306201e-02  1.273604e-02 -8.155043e-03 
 1.485000e+04  9.359092e+00 -1.314197e-02  1.281206e-02 -8.208154e-03 
 1.490000e+04  9.555366e+00 -1.322411e-02  1.289023e-02 -8.262649e-03 
 1.495000e+04  9.751640e+00 -1.330524e-02  1.296732e-02 -8.316362e-03 
 1.500000e+04  9.961291e+00 -1.339104e-02  1.304843e-02 -8.372939e-03 
 1.505000e+04  1.017768e+01 -1.347888e-02  1.313092e-02 -8.430661e-03 
 1.510000e+04  1.039408e+01 -1.356560e-02  1.321201e-02 -8.487675e-03 
 1.515000e+04  1.061047e+01 -1.365107e-02  1.329177e-02 -8.543867e-03 
 1.520000e+04  1.082686e+01 -1.373549e-02  1.337062e-02 -8.599398e-03 
 1.525000e+04  1.104325e+01 -1.381879e-02  1.344878e-02 -8.654305e-03 
 1.530000e+04  1.125964e+01 -1.390079e-02  1.352626e-02 -8.708502e-03 
 1.535000e+04  1.149309e+01 -1.398824e-02  1.360905e-02 -8.766217e-03 
 1.540000e+04  1.174359e+01 -1.408119e-02  1.369700e-02 -8.827440e-03 
 1.545000e+04  1.199409e+01 -1.417296e-02  1.378359e-02 -8.887824e-03 
 1.550000e+04  1.224785e+01 -1.426460e-02  1.386967e-02 -8.948048e-03 
 1.555000e+04  1.251088e+01 -1.435862e-02  1.395753e-02 -9.009708e-03 
 1.560000e+04  1.277390e+01 -1.445137e-02  1.404422e-02 -9.070690e-03 
 1.565000e+04  1.303693e+01 -1.454270e-02  1.412983e-02 -9.130898e-03 
 1.570000e+04  1.330601e+01 -1.463493e-02  1.421650e-02 -9.191596e-03 
 1.575000e+04  1.358218e+01 -1.472857e-02  1.430466e-02 -9.253118e-03 
 1.580000e+04  1.385836e+01 -1.482098e-02  1.439180e-02 -9.313791e-03 
 1.585000e+04  1.414575e+01 -1.491584e-02  1.448117e-02 -9.376015e-03 
 1.590000e+04  1.445572e+01 -1.501720e-02  1.457622e-02 -9.442379e-03 
 1.595000e+04  1.477543e+01 -1.512060e-02  1.467265e-02 -9.510030e-03 
 1.600000e+04  1.509514e+01 -1.522251e-02  1.476732e-02 -9.576697e-03 
 1.605000e+04  1.542380e+01 -1.532594e-02  1.486313e-02 -9.644258e-03 
 1.610000e+04  1.575950e+01 -1.543028e-02  1.495988e-02 -9.712303e-03 
 1.615000e+04  1.609519e+01 -1.553309e-02  1.505546e-02 -9.779323e-03 
 1.620000e+04  1.643659e+01 -1.563613e-02  1.515144e-02 -9.846502e-03 
 1.625000e+04  1.680494e+01 -1.574600e-02  1.525394e-02 -9.918093e-03 
 1.630000e+04  1.717504e+01 -1.585482e-02  1.535557e-02 -9.989114e-03 
 1.635000e+04  1.754588e+01 -1.596225e-02  1.545561e-02 -1.005919e-02 
 1.640000e+04  1.794460e+01 -1.607623e-02  1.556135e-02 -1.013344e-02 
 1.645000e+04  1.835264e+01 -1.619148e-02  1.566810e-02 -1.020848e-02 
 1.650000e+04  1.876068e+01 -1.630499e-02  1.577330e-02 -1.028228e-02 
 1.655000e+04  1.917198e+01 -1.641767e-02  1.587779e-02 -1.035546e-02 
 1.660000e+04  1.960042e+01 -1.653355e-02  1.598532e-02 -1.043068e-02 
 1.665000e+04  2.002887e+01 -1.664768e-02  1.609148e-02 -1.050490e-02 
 1.670000e+04  2.046331e+01 -1.676158e-02  1.619743e-02 -1.057900e-02 
 1.675000e+04  2.094421e+01 -1.688613e-02  1.631312e-02 -1.065990e-02 
 1.680000e+04  2.144019e+01 -1.701303e-02  1.643063e-02 -1.074220e-02 
 1.685000e+04  2.193616e+01 -1.713798e-02  1.654596e-02 -1.082309e-02 
 1.690000e+04  2.243958e+01 -1.726295e-02  1.666093e-02 -1.090373e-02 
 1.695000e+04  2.296035e+01 -1.739052e-02  1.677811e-02 -1.098597e-02 
 1.700000e+04  2.348112e+01 -1.751616e-02  1.689358e-02 -1.106700e-02 
 1.705000e+04  2.400398e+01 -1.764023e-02  1.700772e-02 -1.114705e-02 
 1.710000e+04  2.457595e+01 -1.777408e-02  1.713094e-02 -1.123339e-02 
 1.715000e+04  2.515010e+01 -1.790651e-02  1.725286e-02 -1.131877e-02 
 1.720000e+04  2.572425e+01 -1.803681e-02  1.737266e-02 -1.140264e-02 
 1.725000e+04  2.634902e+01 -1.817656e-02  1.750084e-02 -1.149237e-02 
 1.730000e+04  2.701368e+01 -1.832321e-02  1.763508e-02 -1.158645e-02 
 1.735000e+04  2.767833e+01 -1.846730e-02  1.776694e-02 -1.167893e-02 
 1.740000e+04  2.834299e+01 -1.860884e-02  1.789632e-02 -1.176971e-02 
 1.745000e+04  2.905483e+01 -1.875800e-02  1.803265e-02 -1.186530e-02 
 1.750000e+04  2.978761e+01 -1.890902e-02  1.817095e-02 -1.196215e-02 
 1.755000e+04  3.052039e+01 -1.905729e-02  1.830686e-02 -1.205714e-02 
 1.760000e+04  3.130648e+01 -1.921382e-02  1.845014e-02 -1.215722e-02 
 1.765000e+04  3.211438e+01 -1.937226e-02  1.859487e-02 -1.225845e-02 
 1.770000e+04  3.292227e+01 -1.952778e-02  1.873677e-02 -1.235772e-02 
 1.775000e+04  3.374563e+01 -1.968352e-02  1.887845e-02 -1.245689e-02 
 1.780000e+04  3.463633e+01 -1.984942e-02  1.902905e-02 -1.256246e-02 
 1.785000e+04  3.552703e+01 -2.001237e-02  1.917698e-02 -1.266615e-02 
 1.790000e+04  3.641773e+01 -2.017226e-02  1.932205e-02 -1.276770e-02 
 1.795000e+04  3.737853e+01 -2.034187e-02  1.947575e-02 -1.287522e-02 
 1.800000e+04  3.836053e+01 -2.051226e-02  1.963020e-02 -1.298324e-02 
 1.805000e+04  3.934252e+01 -2.067933e-02  1.978161e-02 -1.308903e-02 
 1.810000e+04  4.037583e+01 -2.085200e-02  1.993757e-02 -1.319817e-02 
 1.815000e+04  4.145848e+01 -2.102989e-02  2.009804e-02 -1.331060e-02 
 1.820000e+04  4.254113e+01 -2.120435e-02  2.025538e-02 -1.342078e-02 
 1.825000e+04  4.362379e+01 -2.137541e-02  2.040946e-02 -1.352853e-02 
 1.830000e+04  4.480041e+01 -2.155799e-02  2.057373e-02 -1.364340e-02 
 1.835000e+04  4.599403e+01 -2.173975e-02  2.073745e-02 -1.375786e-02 
 1.840000e+04  4.718766e+01 -2.191777e-02  2.089788e-02 -1.386990e-02 
 1.845000e+04  4.842067e+01 -2.209814e-02  2.106017e-02 -1.398322e-02 
 1.850000e+04  4.973038e+01 -2.228632e-02  2.122935e-02 -1.410139e-02 
 1.855000e+04  5.104635e+01 -2.247167e-02  2.139590e-02 -1.421763e-02 
 1.860000e+04  5.238765e+01 -2.265682e-02  2.156188e-02 -1.433348e-02 
 1.865000e+04  5.383850e+01 -2.285344e-02  2.173786e-02 -1.445647e-02 
 1.870000e+04  5.528936e+01 -2.304613e-02  2.191021e-02 -1.457691e-02 
 1.875000e+04  5.674022e+01 -2.323470e-02  2.207871e-02 -1.469453e-02 
 1.880000e+04  5.827682e+01 -2.343051e-02  2.225333e-02 -1.481643e-02 
 1.885000e+04  5.987639e+01 -2.363046e-02  2.243162e-02 -1.494095e-02 
 1.890000e+04  6.147596e+01 -2.382617e-02  2.260599e-02 -1.506272e-02 
 1.895000e+04  6.310912e+01 -2.402186e-02  2.277996e-02 -1.518422e-02 
 1.900000e+04  6.484577e+01 -2.422590e-02  2.296110e-02 -1.531077e-02 
 1.905000e+04  6.660930e+01 -2.442880e-02  2.314115e-02 -1.543649e-02 
 1.910000e+04  6.837283e+01 -2.462722e-02  2.331700e-02 -1.555921e-02 
 1.915000e+04  7.025689e+01 -2.483474e-02  2.350070e-02 -1.568754e-02 
 1.920000e+04  7.220117e+01 -2.504447e-02  2.368647e-02 -1.581728e-02 
 1.925000e+04  7.414546e+01 -2.524938e-02  2.386799e-02 -1.594388e-02 
 1.930000e+04  7.613252e+01 -2.545415e-02  2.404913e-02 -1.607016e-02 
 1.935000e+04  7.817402e+01 -2.566019e-02  2.423119e-02 -1.619717e-02 
 1.940000e+04  8.021553e+01 -2.586166e-02  2.440915e-02 -1.632129e-02 
 1.945000e+04  8.238506e+01 -2.607107e-02  2.459388e-02 -1.645010e-02 
 1.950000e+04  8.474836e+01 -2.629472e-02  2.479095e-02 -1.658760e-02 
 1.955000e+04  8.711165e+01 -2.651332e-02  2.498350e-02 -1.672191e-02 
 1.960000e+04  8.947494e+01 -2.672661e-02  2.517108e-02 -1.685271e-02 
 1.965000e+04  9.183824e+01 -2.693484e-02  2.535385e-02 -1.698024e-02 
 1.970000e+04  9.428897e+01 -2.714586e-02  2.553893e-02 -1.710949e-02 
 1.975000e+04  9.677043e+01 -2.735490e-02  2.572212e-02 -1.723741e-02 
 1.980000e+04  9.939854e+01 -2.757148e-02  2.591158e-02 -1.736975e-02 
 1.985000e+04  1.021343e+02 -2.779231e-02  2.610452e-02 -1.750460e-02 
 1.990000e+04  1.048702e+02 -2.800791e-02  2.629287e-02 -1.763615e-02 
 1.995000e+04  1.076060e+02 -2.821810e-02  2.647637e-02 -1.776421e-02 
 2.000000e+04  1.105827e+02 -2.844141e-02  2.667119e-02 -1.790026e-02 
 2.005000e+04  1.135989e+02 -2.866256e-02  2.686403e-02 -1.803510e-02 
 2.010000e+04  1.166151e+02 -2.887835e-02  2.705204e-02 -1.816662e-02 
 2.015000e+04  1.196313e+02 -2.908894e-02  2.723530e-02 -1.829482e-02 
 2.020000e+04  1.226717e+02 -2.929617e-02  2.741550e-02 -1.842083e-02 
 2.025000e+04  1.258387e+02 -2.950709e-02  2.759886e-02 -1.854895e-02 
 2.030000e+04  1.290596e+02 -2.971667e-02  2.778098e-02 -1.867626e-02 
 2.035000e+04  1.323850e+02 -2.992819e-02  2.796478e-02 -1.880482e-02 
 2.040000e+04  1.357104e+02 -3.013470e-02  2.814419e-02 -1.893038e-02 
 2.045000e+04  1.390624e+02 -3.033786e-02  2.832058e-02 -1.905377e-02 
 2.050000e+04  1.427251e+02 -3.055494e-02  2.850886e-02 -1.918549e-02 
 2.055000e+04  1.463914e+02 -3.076734e-02  2.869286e-02 -1.931435e-02 
 2.060000e+04  1.500576e+02 -3.097466e-02  2.887211e-02 -1.944005e-02 
 2.065000e+04  1.537239e+02 -3.117698e-02  2.904669e-02 -1.956262e-02 
 2.070000e+04  1.576077e+02 -3.138630e-02  2.922708e-02 -1.968937e-02 
 2.075000e+04  1.616497e+02 -3.159943e-02  2.941062e-02 -1.981831e-02 
 2.080000e+04  1.656918e+02 -3.180756e-02  2.958968e-02 -1.994415e-02 
 2.085000e+04  1.697338e+02 -3.201064e-02  2.976418e-02 -2.006697e-02 
 2.090000e+04  1.737758e+02 -3.220863e-02  2.993430e-02 -2.018683e-02 
 2.095000e+04  1.779616e+02 -3.240859e-02  3.010622e-02 -2.030789e-02 
 2.100000e+04  1.824179e+02 -3.261689e-02  3.028533e-02 -2.043392e-02 
 2.105000e+04  1.868742e+02 -3.282049e-02  3.046036e-02 -2.055712e-02 
 2.110000e+04  1.913306e+02 -3.301916e-02  3.063103e-02 -2.067734e-02 
 2.115000e+04  1.957869e+02 -3.321286e-02  3.079736e-02 -2.079460e-02 
 2.120000e+04  2.002433e+02 -3.340175e-02  3.095963e-02 -2.090905e-02 
 2.125000e+04  2.048912e+02 -3.359419e-02  3.112494e-02 -2.102563e-02 
 2.130000e+04  2.095704e+02 -3.378375e-02  3.128764e-02 -2.114038e-02 
 2.135000e+04  2.143338e+02 -3.397250e-02  3.144950e-02 -2.125464e-02 
 2.140000e+04  2.192469e+02 -3.416293e-02  3.161270e-02 -2.136994e-02 
 2.145000e+04  2.241600e+02 -3.434892e-02  3.177211e-02 -2.148260e-02 
 2.150000e+04  2.290731e+02 -3.453061e-02  3.192769e-02 -2.159259e-02 
 2.155000e+04  2.340845e+02 -3.471180e-02  3.208256e-02 -2.170222e-02 
 2.160000e+04  2.392433e+02 -3.489435e-02  3.223837e-02 -2.181268e-02 
 2.165000e+04  2.445119e+02 -3.507673e-02  3.239386e-02 -2.192306e-02 
 2.170000e+04  2.501995e+02 -3.526957e-02  3.255811e-02 -2.203976e-02 
 2.175000e+04  2.558870e+02 -3.545826e-02  3.271861e-02 -2.215390e-02 
 2.180000e+04  2.615746e+02 -3.564249e-02  3.287516e-02 -2.226532e-02 
 2.185000e+04  2.672621e+02 -3.582224e-02  3.302775e-02 -2.237403e-02 
 2.190000e+04  2.729497e+02 -3.599760e-02  3.317660e-02 -2.248018e-02 
 2.195000e+04  2.786372e+02 -3.616888e-02  3.332202e-02 -2.258392e-02 
 2.200000e+04  2.845124e+02 -3.634196e-02  3.346904e-02 -2.268881e-02 
 2.205000e+04  2.904844e+02 -3.651429e-02  3.361554e-02 -2.279327e-02 
 2.210000e+04  2.964563e+02 -3.668295e-02  3.375910e-02 -2.289559e-02 
 2.215000e+04  3.024282e+02 -3.684776e-02  3.389958e-02 -2.299568e-02 
 2.220000e+04  3.084001e+02 -3.700877e-02  3.403696e-02 -2.309360e-02 
 2.225000e+04  3.143721e+02 -3.716620e-02  3.417138e-02 -2.318946e-02 
 2.230000e+04  3.206306e+02 -3.732779e-02  3.430932e-02 -2.328788e-02 
 2.235000e+04  3.269012e+02 -3.748663e-02  3.444472e-02 -2.338453e-02 
 2.240000e+04  3.331717e+02 -3.764242e-02  3.457729e-02 -2.347924e-02 
 2.245000e+04  3.394422e+02 -3.779521e-02  3.470696e-02 -2.357202e-02 
 2.250000e+04  3.457127e+02 -3.794492e-02  3.483380e-02 -2.366295e-02 
 2.255000e+04  3.519832e+02 -3.809167e-02  3.495799e-02 -2.375207e-02 
 2.260000e+04  3.582538e+02 -3.823566e-02  3.507970e-02 -2.383952e-02 
 2.265000e+04  3.645243e+02 -3.837699e-02  3.519910e-02 -2.392538e-02 
 2.270000e+04  3.707948e+02 -3.851573e-02  3.531630e-02 -2.400969e-02 
 2.275000e+04  3.773350e+02 -3.865790e-02  3.543642e-02 -2.409612e-02 
 2.280000e+04  3.839190e+02 -3.879855e-02  3.555527e-02 -2.418164e-02 
 2.285000e+04  3.905030e+02 -3.893656e-02  3.567197e-02 -2.426559e-02 
 2.290000e+04  3.970871e+02 -3.907188e-02  3.578643e-02 -2.434794e-02 
 2.295000e+04  4.036711e+02 -3.920457e-02  3.589874e-02 -2.442876e-02 
 2.300000e+04  4.105185e+02 -3.933992e-02  3.601350e-02 -2.451133e-02 
 2.305000e+04  4.174318e+02 -3.947418e-02  3.612740e-02 -2.459308e-02 
 2.310000e+04  4.243450e+02 -3.960612e-02  3.623906e-02 -2.467330e-02 
 2.315000e+04  4.312583e+02 -3.973572e-02  3.634865e-02 -2.475220e-02 
 2.320000e+04  4.381715e+02 -3.986302e-02  3.645641e-02 -2.482976e-02 
 2.325000e+04  4.450848e+02 -3.998814e-02  3.656247e-02 -2.490600e-02 
 2.330000e+04  4.519980e+02 -4.011125e-02  3.666695e-02 -2.498093e-02 
 2.335000e+04  4.589113e+02 -4.023242e-02  3.676988e-02 -2.505456e-02 
 2.340000e+04  4.658245e+02 -4.035177e-02  3.687131e-02 -2.512704e-02 
 2.345000e+04  4.727378e+02 -4.046930e-02  3.697125e-02 -2.519845e-02 
 2.350000e+04  4.796510e+02 -4.058506e-02  3.706968e-02 -2.526880e-02 
 2.355000e+04  4.865643e+02 -4.069916e-02  3.716662e-02 -2.533810e-02 
 2.360000e+04  4.934775e+02 -4.081171e-02  3.726209e-02 -2.540643e-02 
 2.365000e+04  5.003908e+02 -4.092274e-02  3.735610e-02 -2.547380e-02 
 2.370000e+04  5.073040e+02 -4.103229e-02  3.744868e-02 -2.554028e-02 
 2.375000e+04  5.142173e+02 -4.114035e-02  3.753989e-02 -2.560591e-02 
 2.380000e+04  5.211305e+02 -4.124688e-02  3.762986e-02 -2.567072e-02 
 2.385000e+04  5.280438e+02 -4.135196e-02  3.771869e-02 -2.573478e-02 
 2.390000e+04  5.349570e+02 -4.145562e-02  3.780644e-02 -2.579810e-02 
 2.395000e+04  5.421261e+02 -4.156172e-02  3.789634e-02 -2.586303e-02 
 2.400000e+04  5.493850e+02 -4.166784e-02  3.798629e-02 -2.592806e-02 
 2.405000e+04  5.566439e+02 -4.177252e-02  3.807502e-02 -2.599240e-02 
 2.410000e+04  5.639028e+02 -4.187580e-02  3.816264e-02 -2.605599e-02 
 2.415000e+04  5.711617e+02 -4.197774e-02  3.824924e-02 -2.611886e-02 
 2.420000e+04  5.784206e+02 -4.207850e-02  3.833482e-02 -2.618103e-02 
 2.425000e+04  5.858320e+02 -4.218022e-02  3.842113e-02 -2.624380e-02 
 2.430000e+04  5.934538e+02 -4.228371e-02  3.850885e-02 -2.630768e-02 
 2.435000e+04  6.010757e+02 -4.238608e-02  3.859541e-02 -2.637089e-02 
 2.440000e+04  6.086975e+02 -4.248736e-02  3.868092e-02 -2.643337e-02 
 2.445000e+04  6.163651e+02 -4.258824e-02  3.876608e-02 -2.649559e-02 
 2.450000e+04  6.243681e+02 -4.269266e-02  3.885418e-02 -2.655994e-02 
 2.455000e+04  6.323710e+02 -4.279623e-02  3.894142e-02 -2.662362e-02 
 2.460000e+04  6.403740e+02 -4.289904e-02  3.902769e-02 -2.668664e-02 
 2.465000e+04  6.483769e+02 -4.300106e-02  3.911314e-02 -2.674909e-02 
 2.470000e+04  6.563799e+02 -4.310211e-02  3.919785e-02 -2.681099e-02 
 2.475000e+04  6.643828e+02 -4.320209e-02  3.928175e-02 -2.687221e-02 
 2.480000e+04  6.723857e+02 -4.330111e-02  3.936472e-02 -2.693266e-02 
 2.485000e+04  6.803887e+02 -4.339920e-02  3.944678e-02 -2.699237e-02 
 2.490000e+04  6.887758e+02 -4.350100e-02  3.953190e-02 -2.705430e-02 
 2.495000e+04  6.971789e+02 -4.360206e-02  3.961629e-02 -2.711570e-02 
 2.500000e+04  7.055820e+02 -4.370219e-02  3.969975e-02 -2.717640e-02 
 2.505000e+04  7.139851e+02 -4.380136e-02  3.978234e-02 -2.723647e-02 
 2.510000e+04  7.223882e+02 -4.389956e-02  3.986419e-02 -2.729593e-02 
 2.515000e+04  7.312114e+02 -4.400170e-02  3.994953e-02 -2.735779e-02 
 2.520000e+04  7.400347e+02 -4.410279e-02  4.003422e-02 -2.741904e-02 
 2.525000e+04  7.492197e+02 -4.420696e-02  4.012151e-02 -2.748212e-02 
 2.530000e+04  7.584841e+02 -4.431088e-02  4.020860e-02 -2.754504e-02 
 2.535000e+04  7.677485e+02 -4.441355e-02  4.029446e-02 -2.760732e-02 
 2.540000e+04  7.770129e+02 -4.451490e-02  4.037929e-02 -2.766891e-02 
 2.545000e+04  7.862773e+02 -4.461500e-02  4.046319e-02 -2.772977e-02 
 2.550000e+04  7.955418e+02 -4.471388e-02  4.054644e-02 -2.778993e-02 
 2.555000e+04  8.048062e+02 -4.481156e-02  4.062909e-02 -2.784939e-02 
 2.560000e+04  8.145060e+02 -4.491277e-02  4.071506e-02 -2.791102e-02 
 2.565000e+04  8.242336e+02 -4.501314e-02  4.080082e-02 -2.797223e-02 
 2.570000e+04  8.339613e+02 -4.511240e-02  4.088595e-02 -2.803285e-02 
 2.575000e+04  8.436889e+02 -4.521050e-02  4.097039e-02 -2.809285e-02 
 2.580000e+04  8.537181e+02 -4.531051e-02  4.105659e-02 -2.815409e-02 
 2.585000e+04  8.639321e+02 -4.541116e-02  4.114364e-02 -2.821582e-02 
 2.590000e+04  8.741461e+02 -4.551061e-02  4.122942e-02 -2.827676e-02 
 2.595000e+04  8.843601e+02 -4.560881e-02  4.131372e-02 -2.833689e-02 
 2.600000e+04  8.945742e+02 -4.570563e-02  4.139671e-02 -2.839626e-02 
 2.605000e+04  9.048188e+02 -4.580142e-02  4.147881e-02 -2.845511e-02 
 2.610000e+04  9.155435e+02 -4.590056e-02  4.156377e-02 -2.851604e-02 
 2.615000e+04  9.262683e+02 -4.599842e-02  4.164778e-02 -2.857589e-02 
 2.620000e+04  9.369930e+02 -4.609488e-02  4.173044e-02 -2.863482e-02 
 2.625000e+04  9.477177e+02 -4.618979e-02  4.181174e-02 -2.869296e-02 
 2.630000e+04  9.584424e+02 -4.628339e-02  4.189203e-02 -2.875055e-02 
 2.635000e+04  9.691671e+02 -4.637617e-02  4.197158e-02 -2.880775e-02 
 2.640000e+04  9.798918e+02 -4.646830e-02  4.205039e-02 -2.886451e-02 
 2.645000e+04  9.906166e+02 -4.655957e-02  4.212837e-02 -2.892064e-02 
 2.650000e+04  1.001341e+03 -4.665007e-02  4.220552e-02 -2.897622e-02 
 2.655000e+04  1.012066e+03 -4.673978e-02  4.228198e-02 -2.903128e-02 
 2.660000e+04  1.022791e+03 -4.682851e-02  4.235766e-02 -2.908572e-02 
 2.665000e+04  1.033515e+03 -4.691639e-02  4.243243e-02 -2.913938e-02 
 2.670000e+04  1.044240e+03 -4.700360e-02  4.250630e-02 -2.919243e-02 
 2.675000e+04  1.054965e+03 -4.709008e-02  4.257938e-02 -2.924490e-02 
 2.680000e+04  1.065690e+03 -4.717575e-02  4.265158e-02 -2.929673e-02 
 2.685000e+04  1.076414e+03 -4.726075e-02  4.272275e-02 -2.934796e-02 
 2.690000e+04  1.087139e+03 -4.734498e-02  4.279316e-02 -2.939861e-02 
 2.695000e+04  1.097864e+03 -4.742835e-02  4.286279e-02 -2.944873e-02 
 2.700000e+04  1.108588e+03 -4.751060e-02  4.293191e-02 -2.949833e-02 
 2.705000e+04  1.119313e+03 -4.759171e-02  4.300050e-02 -2.954745e-02 
 2.710000e+04  1.130038e+03 -4.767176e-02  4.306853e-02 -2.959609e-02 
 2.715000e+04  1.140763e+03 -4.775083e-02  4.313611e-02 -2.964424e-02 
 2.720000e+04  1.151487e+03 -4.782901e-02  4.320314e-02 -2.969201e-02 
 2.725000e+04  1.162212e+03 -4.790646e-02  4.326973e-02 -2.973953e-02 
 2.730000e+04  1.172937e+03 -4.798338e-02  4.333586e-02 -2.978685e-02 
 2.735000e+04  1.183661e+03 -4.806001e-02  4.340160e-02 -2.983397e-02 
 2.740000e+04  1.194386e+03 -4.813639e-02  4.346694e-02 -2.988080e-02 
 2.745000e+04  1.205111e+03 -4.821247e-02  4.353187e-02 -2.992721e-02 
 2.750000e+04  1.215836e+03 -4.828808e-02  4.359635e-02 -2.997313e-02 
 2.755000e+04  1.226646e+03 -4.836354e-02  4.366065e-02 -3.001892e-02 
 2.760000e+04  1.237907e+03 -4.844148e-02  4.372681e-02 -3.006614e-02 
 2.765000e+04  1.249168e+03 -4.851887e-02  4.379209e-02 -3.011281e-02 
 2.770000e+04  1.260429e+03 -4.859592e-02  4.385644e-02 -3.015895e-02 
 2.775000e+04  1.271702e+03 -4.867265e-02  4.392025e-02 -3.020476e-02 
 2.780000e+04  1.283277e+03 -4.875092e-02  4.398541e-02 -3.025155e-02 
 2.785000e+04  1.294851e+03 -4.882864e-02  4.405033e-02 -3.029803e-02 
 2.790000e+04  1.306425e+03 -4.890577e-02  4.411508e-02 -3.034412e-02 
 2.795000e+04  1.317999e+03 -4.898226e-02  4.417973e-02 -3.038982e-02 
 2.800000e+04  1.329573e+03 -4.905803e-02  4.424434e-02 -3.043522e-02 
 2.805000e+04  1.341147e+03 -4.913288e-02  4.430871e-02 -3.048025e-02 
 2.810000e+04  1.352721e+03 -4.920672e-02  4.437276e-02 -3.052487e-02 
 2.815000e+04  1.364295e+03 -4.927980e-02  4.443644e-02 -3.056909e-02 
 2.820000e+04  1.375869e+03 -4.935227e-02  4.449980e-02 -3.061289e-02 
 2.825000e+04  1.387443e+03 -4.942413e-02  4.456283e-02 -3.065627e-02 
 2.830000e+04  1.399017e+03 -4.949538e-02  4.462536e-02 -3.069930e-02 
 2.835000e+04  1.410591e+03 -4.956599e-02  4.468731e-02 -3.074204e-02 
 2.840000e+04  1.422165e+03 -4.963596e-02  4.474875e-02 -3.078446e-02 
 2.845000e+04  1.433740e+03 -4.970534e-02  4.480968e-02 -3.082662e-02 
 2.850000e+04  1.445314e+03 -4.977420e-02  4.487010e-02 -3.086844e-02 
 2.855000e+04  1.456888e+03 -4.984262e-02  4.492994e-02 -3.090992e-02 
 2.860000e+04  1.468462e+03 -4.991079e-02  4.498913e-02 -3.095104e-02 
 2.865000e+04  1.480036e+03 -4.997876e-02  4.504776e-02 -3.099199e-02 
 2.870000e+04  1.491610e+03 -5.004644e-02  4.510592e-02 -3.103276e-02 
 2.875000e+04  1.503184e+03 -5.011378e-02  4.516356e-02 -3.107324e-02 
 2.880000e+04  1.514758e+03 -5.018069e-02  4.522081e-02 -3.111356e-02 
 2.885000e+04  1.526332e+03 -5.024709e-02  4.527774e-02 -3.115362e-02 
 2.890000e+04  1.537906e+03 -5.031293e-02  4.533428e-02 -3.119338e-02 
 2.895000e+04  1.549480e+03 -5.037815e-02  4.539046e-02 -3.123298e-02 
 2.900000e+04  1.561054e+03 -5.044275e-02  4.544629e-02 -3.127229e-02 
 2.905000e+04  1.572628e+03 -5.050685e-02  4.550181e-02 -3.131142e-02 
 2.910000e+04  1.584202e+03 -5.057039e-02  4.555706e-02 -3.135033e-02 
 2.915000e+04  1.595777e+03 -5.063340e-02  4.561203e-02 -3.138900e-02 
 2.920000e+04  1.607351e+03 -5.069586e-02  4.566667e-02 -3.142745e-02 
 2.925000e+04  1.618925e+03 -5.075778e-02  4.572101e-02 -3.146563e-02 
 2.930000e+04  1.630499e+03 -5.081920e-02  4.577504e-02 -3.150364e-02 
 2.935000e+04  1.642073e+03 -5.088011e-02  4.582877e-02 -3.154146e-02 
 2.940000e+04  1.653647e+03 -5.094055e-02  4.588217e-02 -3.157907e-02 
 2.945000e+04  1.665221e+03 -5.100059e-02  4.593523e-02 -3.161651e-02 
 2.950000e+04  1.676795e+03 -5.106028e-02  4.598791e-02 -3.165380e-02 
 2.955000e+04  1.688369e+03 -5.111970e-02  4.604013e-02 -3.169092e-02 
 2.960000e+04  1.699943e+03 -5.117898e-02  4.609188e-02 -3.172786e-02 
 2.965000e+04  1.711517e+03 -5.123808e-02  4.614315e-02 -3.176461e-02 
 2.970000e+04  1.723091e+03 -5.129701e-02  4.619396e-02 -3.180122e-02 
 2.975000e+04  1.734665e+03 -5.135575e-02  4.624436e-02 -3.183769e-02 
 2.980000e+04  1.746240e+03 -5.141421e-02  4.629442e-02 -3.187404e-02 
 2.985000e+04  1.757814e+03 -5.147243e-02  4.634426e-02 -3.191024e-02 
 2.990000e+04  1.769388e+03 -5.153036e-02  4.639384e-02 -3.194629e-02 
 2.995000e+04  1.780962e+03 -5.158800e-02  4.644319e-02 -3.198218e-02 
 3.000000e+04  1.792536e+03 -5.164532e-02  4.649233e-02 -3.201794e-02 
 3.005000e+04  1.804110e+03 -5.170233e-02  4.654127e-02 -3.205356e-02 
 3.010000e+04  1.815684e+03 -5.175907e-02  4.658998e-02 -3.208905e-02 
 3.015000e+04  1.827258e+03 -5.181553e-02  4.663848e-02 -3.212440e-02 
 3.020000e+04  1.838832e+03 -5.187170e-02  4.668679e-02 -3.215959e-02 
 3.025000e+04  1.850406e+03 -5.192757e-02  4.673493e-02 -3.219461e-02 
 3.030000e+04  1.861980e+03 -5.198312e-02  4.678288e-02 -3.222947e-02 
 3.035000e+04  1.873554e+03 -5.203839e-02  4.683063e-02 -3.226422e-02 
 3.040000e+04  1.885128e+03 -5.209344e-02  4.687823e-02 -3.229888e-02 
 3.045000e+04  1.896702e+03 -5.214836e-02  4.692563e-02 -3.233348e-02 
 3.050000e+04  1.908277e+03 -5.220316e-02  4.697276e-02 -3.236800e-02 
 3.055000e+04  1.919851e+03 -5.225785e-02  4.701958e-02 -3.240236e-02 
 3.060000e+04  1.931425e+03 -5.231239e-02  4.706608e-02 -3.243660e-02 
 3.065000e+04  1.942999e+03 -5.236675e-02  4.711221e-02 -3.247072e-02 
 3.070000e+04  1.954573e+03 -5.242086e-02  4.715795e-02 -3.250470e-02 
 3.075000e+04  1.966147e+03 -5.247474e-02  4.720338e-02 -3.253857e-02 
 3.080000e+04  1.977721e+03 -5.252842e-02  4.724859e-02 -3.257240e-02 
 3.085000e+04  1.989295e+03 -5.258188e-02  4.729362e-02 -3.260613e-02 
 3.090000e+04  2.000869e+03 -5.263512e-02  4.733849e-02 -3.263971e-02 
 3.095000e+04  2.012443e+03 -5.268805e-02  4.738324e-02 -3.267310e-02 
 3.100000e+04  2.024017e+03 -5.274066e-02  4.742785e-02 -3.270627e-02 
 3.105000e+04  2.035591e+03 -5.279292e-02  4.747228e-02 -3.273932e-02 
 3.110000e+04  2.047165e+03 -5.284479e-02  4.751651e-02 -3.277234e-02 
 3.115000e+04  2.058740e+03 -5.289625e-02  4.756059e-02 -3.280530e-02 
 3.120000e+04  2.070314e+03 -5.294730e-02  4.760461e-02 -3.283795e-02 
 3.125000e+04  2.081888e+03 -5.299793e-02  4.764856e-02 -3.287023e-02 
 3.130000e+04  2.093462e+03 -5.304812e-02  4.769240e-02 -3.290225e-02 
 3.135000e+04  2.105036e+03 -5.309790e-02  4.773613e-02 -3.293412e-02 
 3.140000e+04  2.116610e+03 -5.314741e-02  4.777965e-02 -3.296590e-02 
 3.145000e+04  2.128184e+03 -5.319672e-02  4.782299e-02 -3.299755e-02 
 3.150000e+04  2.139758e+03 -5.324582e-02  4.786617e-02 -3.302906e-02 
 3.155000e+04  2.151332e+03 -5.329469e-02  4.790926e-02 -3.306042e-02 
 3.160000e+04  2.162906e+03 -5.334340e-02  4.795221e-02 -3.309162e-02 
 3.165000e+04  2.174480e+03 -5.339202e-02  4.799493e-02 -3.312270e-02 
 3.170000e+04  2.186054e+03 -5.344059e-02  4.803741e-02 -3.315369e-02 
 3.175000e+04  2.197628e+03 -5.348911e-02  4.807966e-02 -3.318463e-02 
 3.180000e+04  2.209202e+03 -5.353761e-02  4.812170e-02 -3.321553e-02 
 3.185000e+04  2.220777e+03 -5.358606e-02  4.816351e-02 -3.324631e-02 
 3.190000e+04  2.232351e+03 -5.363447e-02  4.820507e-02 -3.327698e-02 
 3.195000e+04  2.243925e+03 -5.368282e-02  4.824641e-02 -3.330756e-02 
 3.200000e+04  2.255499e+03 -5.373104e-02  4.828752e-02 -3.333801e-02 
 3.205000e+04  2.267073e+03 -5.377902e-02  4.832838e-02 -3.336830e-02 
 3.210000e+04  2.278647e+03 -5.382673e-02  4.836903e-02 -3.339846e-02 
 3.215000e+04  2.290221e+03 -5.387421e-02  4.840953e-02 -3.342849e-02 
 3.220000e+04  2.301795e+03 -5.392148e-02  4.844992e-02 -3.345841e-02 
 3.225000e+04  2.313369e+03 -5.396855e-02  4.849020e-02 -3.348821e-02 
 3.230000e+04  2.324943e+03 -5.401537e-02  4.853035e-02 -3.351790e-02 
 3.235000e+04  2.336517e+03 -5.406194e-02  4.857037e-02 -3.354750e-02 
 3.240000e+04  2.348091e+03 -5.410824e-02  4.861026e-02 -3.357699e-02 
 3.245000e+04  2.359665e+03 -5.415429e-02  4.865005e-02 -3.360638e-02 
 3.250000e+04  2.371240e+03 -5.420012e-02  4.868972e-02 -3.363565e-02 
 3.255000e+04  2.382814e+03 -5.424577e-02  4.872928e-02 -3.366482e-02 
 3.260000e+04  2.394388e+03 -5.429123e-02  4.876868e-02 -3.369387e-02 
 3.265000e+04  2.405962e+03 -5.433659e-02  4.880792e-02 -3.372281e-02 
 3.270000e+04  2.417536e+03 -5.438187e-02  4.884702e-02 -3.375165e-02 
 3.275000e+04  2.429110e+03 -5.442707e-02  4.888595e-02 -3.378040e-02 
 3.280000e+04  2.440684e+03 -5.447218e-02  4.892467e-02 -3.380905e-02 
 3.285000e+04  2.452258e+03 -5.451722e-02  4.896321e-02 -3.383758e-02 
 3.290000e+04  2.463832e+03 -5.456215e-02  4.900159e-02 -3.386572e-02 
 3.295000e+04  2.475406e+03 -5.460700e-02  4.903962e-02 -3.389376e-02 
 3.300000e+04  2.486980e+03 -5.465161e-02  4.907740e-02 -3.392188e-02 
 3.305000e+04  2.498554e+03 -5.469602e-02  4.911511e-02 -3.395002e-02 
 3.310000e+04  2.510128e+03 -5.474036e-02  4.915284e-02 -3.397820e-02 
 3.315000e+04  2.521702e+03 -5.478467e-02  4.919062e-02 -3.400632e-02 
 3.320000e+04  2.533277e+03 -5.482895e-02  4.922842e-02 -3.403434e-02 
 3.325000e+04  2.544851e+03 -5.487296e-02  4.926613e-02 -3.406231e-02 
 3.330000e+04  2.556425e+03 -5.491666e-02  4.930381e-02 -3.409024e-02 
 3.335000e+04  2.567999e+03 -5.496020e-02  4.934145e-02 -3.411807e-02 
 3.340000e+04  2.579573e+03 -5.500354e-02  4.937897e-02 -3.414574e-02 
 3.345000e+04  2.591147e+03 -5.504668e-02  4.941636e-02 -3.417321e-02 
 3.350000e+04  2.602721e+03 -5.508978e-02  4.945366e-02 -3.420062e-02 
 3.355000e+04  2.614295e+03 -5.513271e-02  4.949084e-02 -3.422799e-02 
 3.360000e+04  2.625869e+03 -5.517556e-02  4.952791e-02 -3.425529e-02 
 3.365000e+04  2.637443e+03 -5.521834e-02  4.956494e-02 -3.428250e-02 
 3.370000e+04  2.649017e+03 -5.526111e-02  4.960193e-02 -3.430964e-02 
 3.375000e+04  2.660591e+03 -5.530375e-02  4.963887e-02 -3.433667e-02 
 3.380000e+04  2.672165e+03 -5.534629e-02  4.967576e-02 -3.436360e-02 
 3.385000e+04  2.683740e+03 -5.538881e-02  4.971250e-02 -3.439060e-02 
 3.390000e+04  2.695314e+03 -5.543137e-02  4.974911e-02 -3.441759e-02 
 3.395000e+04  2.706888e+03 -5.547386e-02  4.978570e-02 -3.444447e-02 
 3.400000e+04  2.718462e+03 -5.551632e-02  4.982230e-02 -3.447117e-02 
 3.405000e+04  2.730036e+03 -5.555872e-02  4.985892e-02 -3.449783e-02 
 3.410000e+04  2.741610e+03 -5.560110e-02  4.989548e-02 -3.452441e-02 
 3.415000e+04  2.753184e+03 -5.564337e-02  4.993199e-02 -3.455094e-02 
 3.420000e+04  2.764758e+03 -5.568551e-02  4.996846e-02 -3.457751e-02 
 3.425000e+04  2.776332e+03 -5.572747e-02  5.000495e-02 -3.460407e-02 
 3.430000e+04  2.787906e+03 -5.576926e-02  5.004144e-02 -3.463057e-02 
 3.435000e+04  2.799480e+03 -5.581085e-02  5.007797e-02 -3.465692e-02 
 3.440000e+04  2.811054e+03 -5.585237e-02  5.011453e-02 -3.468299e-02 
 3.445000e+04  2.822628e+03 -5.589363e-02  5.015117e-02 -3.470898e-02 
 3.450000e+04  2.834202e+03 -5.593490e-02  5.018793e-02 -3.473502e-02 
 3.455000e+04  2.845777e+03 -5.597627e-02  5.022477e-02 -3.476110e-02 
 3.460000e+04  2.857351e+03 -5.601781e-02  5.026170e-02 -3.478707e-02 
 3.465000e+04  2.868925e+03 -5.605927e-02  5.029870e-02 -3.481309e-02 
 3.470000e+04  2.880499e+03 -5.610052e-02  5.033577e-02 -3.483909e-02 
 3.475000e+04  2.892073e+03 -5.614175e-02  5.037297e-02 -3.486497e-02 
 3.480000e+04  2.903647e+03 -5.618306e-02  5.041029e-02 -3.489075e-02 
 3.485000e+04  2.915221e+03 -5.622436e-02  5.044763e-02 -3.491651e-02 
 3.490000e+04  2.926795e+03 -5.626563e-02  5.048486e-02 -3.494232e-02 
 3.495000e+04  2.938369e+03 -5.630684e-02  5.052182e-02 -3.496822e-02 
 3.500000e+04  2.949943e+03 -5.634800e-02  5.055851e-02 -3.499415e-02 
 3.505000e+04  2.961517e+03 -5.638895e-02  5.059499e-02 -3.501989e-02 
 3.510000e+04  2.973091e+03 -5.642962e-02  5.063129e-02 -3.504523e-02 
 3.515000e+04  2.984665e+03 -5.647026e-02  5.066751e-02 -3.507028e-02 
 3.520000e+04  2.996240e+03 -5.651070e-02  5.070365e-02 -3.509534e-02 
 3.525000e+04  3.007814e+03 -5.655103e-02  5.073967e-02 -3.512046e-02 
 3.530000e+04  3.019388e+03 -5.659113e-02  5.077562e-02 -3.514585e-02 
 3.535000e+04  3.030962e+03 -5.663119e-02  5.081158e-02 -3.517147e-02 
 3.540000e+04  3.042536e+03 -5.667127e-02  5.084755e-02 -3.519709e-02 
 3.545000e+04  3.054110e+03 -5.671134e-02  5.088346e-02 -3.522241e-02 
 3.550000e+04  3.065684e+03 -5.675138e-02  5.091935e-02 -3.524759e-02 
 3.555000e+04  3.077258e+03 -5.679140e-02  5.095516e-02 -3.527268e-02 
 3.560000e+04  3.088832e+03 -5.683064e-02  5.099066e-02 -3.529778e-02 
 3.565000e+04  3.100406e+03 -5.686977e-02  5.102592e-02 -3.532290e-02 
 3.570000e+04  3.111980e+03 -5.690877e-02  5.106095e-02 -3.534800e-02 
 3.575000e+04  3.123554e+03 -5.694788e-02  5.109579e-02 -3.537314e-02 
 3.580000e+04  3.135128e+03 -5.698702e-02  5.113054e-02 -3.539822e-02 
 3.585000e+04  3.146702e+03 -5.702635e-02  5.116527e-02 -3.542327e-02 
 3.590000e+04  3.158277e+03 -5.706600e-02  5.120002e-02 -3.544825e-02 
 3.595000e+04  3.169851e+03 -5.710571e-02  5.123474e-02 -3.547318e-02 
 3.600000e+04  3.181425e+03 -5.714529e-02  5.126932e-02 -3.549805e-02 
 3.605000e+04  3.192999e+03 -5.718475e-02  5.130376e-02 -3.552297e-02 
 3.610000e+04  3.204573e+03 -5.722387e-02  5.133812e-02 -3.554794e-02 
 3.615000e+04  3.216147e+03 -5.726274e-02  5.137233e-02 -3.557300e-02 
 3.620000e+04  3.227721e+03 -5.730137e-02  5.140627e-02 -3.559801e-02 
 3.625000e+04  3.239295e+03 -5.734008e-02  5.144020e-02 -3.562295e-02 
 3.630000e+04  3.250869e+03 -5.737872e-02  5.147424e-02 -3.564794e-02 
 3.635000e+04  3.262443e+03 -5.741724e-02  5.150839e-02 -3.567295e-02 
 3.640000e+04  3.274017e+03 -5.745579e-02  5.154259e-02 -3.569792e-02 
 3.645000e+04  3.285591e+03 -5.749444e-02  5.157678e-02 -3.572279e-02 
 3.650000e+04  3.297165e+03 -5.753307e-02  5.161088e-02 -3.574754e-02 
 3.655000e+04  3.308740e+03 -5.757134e-02  5.164482e-02 -3.577222e-02 
 3.660000e+04  3.320314e+03 -5.760943e-02  5.167865e-02 -3.579689e-02 
 3.665000e+04  3.331888e+03 -5.764754e-02  5.171246e-02 -3.582176e-02 
 3.670000e+04  3.343462e+03 -5.768533e-02  5.174614e-02 -3.584675e-02 
 3.675000e+04  3.355036e+03 -5.772313e-02  5.177977e-02 -3.587181e-02 
 3.680000e+04  3.366610e+03 -5.776107e-02  5.181335e-02 -3.589683e-02 
 3.685000e+04  3.378184e+03 -5.779917e-02  5.184688e-02 -3.592158e-02 
 3.690000e+04  3.389758e+03 -5.783738e-02  5.187989e-02 -3.594608e-02 
 3.695000e+04  3.401332e+03 -5.787565e-02  5.191275e-02 -3.597049e-02 
 3.700000e+04  3.412906e+03 -5.791382e-02  5.194552e-02 -3.599505e-02 
 3.705000e+04  3.424480e+03 -5.795193e-02  5.197829e-02 -3.601974e-02 
 3.710000e+04  3.436054e+03 -5.798987e-02  5.201113e-02 -3.604454e-02 
 3.715000e+04  3.447628e+03 -5.802778e-02  5.204391e-02 -3.606943e-02 
 3.720000e+04  3.459202e+03 -5.806577e-02  5.207663e-02 -3.609416e-02 
 3.725000e+04  3.470777e+03 -5.810351e-02  5.210920e-02 -3.611860e-02 
 3.730000e+04  3.482351e+03 -5.814084e-02  5.214190e-02 -3.614303e-02 
 3.735000e+04  3.493925e+03 -5.817809e-02  5.217466e-02 -3.616755e-02 
 3.740000e+04  3.505499e+03 -5.821508e-02  5.220744e-02 -3.619209e-02 
 3.745000e+04  3.517073e+03 -5.825201e-02  5.224013e-02 -3.621662e-02 
 3.750000e+04  3.528647e+03 -5.828902e-02  5.227248e-02 -3.624123e-02 
 3.755000e+04  3.540221e+03 -5.832605e-02  5.230478e-02 -3.626576e-02 
 3.760000e+04  3.551795e+03 -5.836305e-02  5.233696e-02 -3.629010e-02 
 3.765000e+04  3.563369e+03 -5.839991e-02  5.236893e-02 -3.631425e-02 
 3.770000e+04  3.574943e+03 -5.843669e-02  5.240067e-02 -3.633841e-02 
 3.775000e+04  3.586517e+03 -5.847357e-02  5.243233e-02 -3.636266e-02 
 3.780000e+04  3.598091e+03 -5.851054e-02  5.246402e-02 -3.638695e-02 
 3.785000e+04  3.609665e+03 -5.854754e-02  5.249579e-02 -3.641123e-02 
 3.790000e+04  3.621240e+03 -5.858454e-02  5.252758e-02 -3.643522e-02 
 3.795000e+04  3.632814e+03 -5.862132e-02  5.255930e-02 -3.645895e-02 
 3.800000e+04  3.644388e+03 -5.865801e-02  5.259111e-02 -3.648279e-02 
 3.805000e+04  3.655962e+03 -5.869455e-02  5.262295e-02 -3.650677e-02 
 3.810000e+04  3.667536e+03 -5.873108e-02  5.265469e-02 -3.653090e-02 
 3.815000e+04  3.679110e+03 -5.876759e-02  5.268636e-02 -3.655514e-02 
 3.820000e+04  3.690684e+03 -5.880390e-02  5.271805e-02 -3.657948e-02 
 3.825000e+04  3.702258e+03 -5.884018e-02  5.274966e-02 -3.660375e-02 
 3.830000e+04  3.713832e+03 -5.887646e-02  5.278107e-02 -3.662784e-02 
 3.835000e+04  3.725406e+03 -5.891259e-02  5.281228e-02 -3.665178e-02 
 3.840000e+04  3.736980e+03 -5.894870e-02  5.284334e-02 -3.667565e-02 
 3.845000e+04  3.748554e+03 -5.898495e-02  5.287453e-02 -3.669940e-02 
 3.850000e+04  3.760128e+03 -5.902121e-02  5.290584e-02 -3.672313e-02 
 3.855000e+04  3.771702e+03 -5.905751e-02  5.293717e-02 -3.674691e-02 
 3.860000e+04  3.783277e+03 -5.909392e-02  5.296826e-02 -3.677093e-02 
 3.865000e+04  3.794851e+03 -5.913023e-02  5.299935e-02 -3.679512e-02 
 3.870000e+04  3.806425e+03 -5.916637e-02  5.303014e-02 -3.681931e-02 
 3.875000e+04  3.817999e+03 -5.920239e-02  5.306084e-02 -3.684326e-02 
 3.880000e+04  3.829573e+03 -5.923858e-02  5.309162e-02 -3.686693e-02 
 3.885000e+04  3.841147e+03 -5.927482e-02  5.312240e-02 -3.689042e-02 
 3.890000e+04  3.852721e+03 -5.931094e-02  5.315318e-02 -3.691372e-02 
 3.895000e+04  3.864295e+03 -5.934710e-02  5.318384e-02 -3.693722e-02 
 3.900000e+04  3.875869e+03 -5.938340e-02  5.321445e-02 -3.696094e-02 
 3.905000e+04  3.887443e+03 -5.941960e-02  5.324492e-02 -3.698480e-02 
 3.910000e+04  3.899017e+03 -5.945555e-02  5.327507e-02 -3.700852e-02 
 3.915000e+04  3.910591e+03 -5.949137e-02  5.330524e-02 -3.703201e-02 
 3.920000e+04  3.922165e+03 -5.952704e-02  5.333564e-02 -3.705529e-02 
 3.925000e+04  3.933740e+03 -5.956252e-02  5.336617e-02 -3.707844e-02 
 3.930000e+04  3.945314e+03 -5.959805e-02  5.339690e-02 -3.710164e-02 
 3.935000e+04  3.956888e+03 -5.963343e-02  5.342784e-02 -3.712487e-02 
 3.940000e+04  3.968462e+03 -5.966869e-02  5.345880e-02 -3.714789e-02 
 3.945000e+04  3.980036e+03 -5.970397e-02  5.348940e-02 -3.717089e-02 
 3.950000e+04  3.991610e+03 -5.973917e-02  5.352006e-02 -3.719398e-02 
 3.955000e+04  4.003184e+03 -5.977433e-02  5.355063e-02 -3.721706e-02 
 3.960000e+04  4.014758e+03 -5.980940e-02  5.358080e-02 -3.724015e-02 
 3.965000e+04  4.026332e+03 -5.984451e-02  5.361101e-02 -3.726329e-02 
 3.970000e+04  4.037906e+03 -5.987977e-02  5.364110e-02 -3.728638e-02 
 3.975000e+04  4.049480e+03 -5.991518e-02  5.367104e-02 -3.730939e-02 
 3.980000e+04  4.061054e+03 -5.995069e-02  5.370103e-02 -3.733224e-02 
 3.985000e+04  4.072628e+03 -5.998617e-02  5.373095e-02 -3.735481e-02 
 3.990000e+04  4.084202e+03 -6.002158e-02  5.376085e-02 -3.737739e-02 
 3.995000e+04  4.095777e+03 -6.005702e-02  5.379082e-02 -3.740007e-02 
 4.000000e+04  4.107351e+03 -6.009226e-02  5.382077e-02 -3.742286e-02 
 4.005000e+04  4.118925e+03 -6.012738e-02  5.385070e-02 -3.744564e-02 
 4.010000e+04  4.130499e+03 -6.016249e-02  5.388071e-02 -3.746849e-02 
 4.015000e+04  4.142073e+03 -6.019768e-02  5.391076e-02 -3.749128e-02 
 4.020000e+04  4.153647e+03 -6.023290e-02  5.394080e-02 -3.751394e-02 
 4.025000e+04  4.165221e+03 -6.026807e-02  5.397085e-02 -3.753650e-02 
 4.030000e+04  4.176795e+03 -6.030298e-02  5.400094e-02 -3.755899e-02 
 4.035000e+04  4.188369e+03 -6.033766e-02  5.403092e-02 -3.758125e-02 
 4.040000e+04  4.199943e+03 -6.037226e-02  5.406063e-02 -3.760350e-02 
 4.045000e+04  4.211517e+03 -6.040688e-02  5.409036e-02 -3.762572e-02 
 4.050000e+04  4.223091e+03 -6.044131e-02  5.411986e-02 -3.764797e-02 
 4.055000e+04  4.234665e+03 -6.047574e-02  5.414949e-02 -3.767026e-02 
 4.060000e+04  4.246240e+03 -6.051035e-02  5.417914e-02 -3.769270e-02 
 4.065000e+04  4.257814e+03 -6.054517e-02  5.420888e-02 -3.771515e-02 
 4.070000e+04  4.269388e+03 -6.058024e-02  5.423862e-02 -3.773755e-02 
 4.075000e+04  4.280962e+03 -6.061551e-02  5.426837e-02 -3.775985e-02 
 4.080000e+04  4.292536e+03 -6.065089e-02  5.429813e-02 -3.778205e-02 
 4.085000e+04  4.304110e+03 -6.068610e-02  5.432787e-02 -3.780407e-02 
 4.090000e+04  4.315684e+03 -6.072125e-02  5.435751e-02 -3.782609e-02 
 4.095000e+04  4.327258e+03 -6.075631e-02  5.438715e-02 -3.784816e-02 
 4.100000e+04  4.338832e+03 -6.079131e-02  5.441668e-02 -3.787025e-02 
 4.105000e+04  4.350406e+03 -6.082651e-02  5.444619e-02 -3.789244e-02 
 4.110000e+04  4.361980e+03 -6.086177e-02  5.447584e-02 -3.791476e-02 
 4.115000e+04  4.373554e+03 -6.089708e-02  5.450557e-02 -3.793708e-02 
 4.120000e+04  4.385128e+03 -6.093204e-02  5.453542e-02 -3.795898e-02 
 4.125000e+04  4.396702e+03 -6.096685e-02  5.456535e-02 -3.798050e-02 
 4.130000e+04  4.408277e+03 -6.100157e-02  5.459546e-02 -3.800188e-02 
 4.135000e+04  4.419851e+03 -6.103610e-02  5.462554e-02 -3.802318e-02 
 4.140000e+04  4.431425e+03 -6.107045e-02  5.465574e-02 -3.804459e-02 
 4.145000e+04  4.442999e+03 -6.110468e-02  5.468604e-02 -3.806618e-02 
 4.150000e+04  4.454573e+03 -6.113875e-02  5.471647e-02 -3.808797e-02 
 4.155000e+04  4.466147e+03 -6.117278e-02  5.474696e-02 -3.810978e-02 
 4.160000e+04  4.477721e+03 -6.120679e-02  5.477747e-02 -3.813153e-02 
 4.165000e+04  4.489295e+03 -6.124086e-02  5.480802e-02 -3.815316e-02 
 4.170000e+04  4.500869e+03 -6.127493e-02  5.483869e-02 -3.817469e-02 
 4.175000e+04  4.512443e+03 -6.130902e-02  5.486945e-02 -3.819611e-02 
 4.180000e+04  4.524017e+03 -6.134301e-02  5.490024e-02 -3.821744e-02 
 4.185000e+04  4.535591e+03 -6.137689e-02  5.493103e-02 -3.823877e-02 
 4.190000e+04  4.547165e+03 -6.141073e-02  5.496168e-02 -3.826016e-02 
 4.195000e+04  4.558740e+03 -6.144447e-02  5.499226e-02 -3.828168e-02 
 4.200000e+04  4.570314e+03 -6.147826e-02  5.502282e-02 -3.830323e-02 
 4.205000e+04  4.581888e+03 -6.151207e-02  5.505357e-02 -3.832484e-02 
 4.210000e+04  4.593462e+03 -6.154610e-02  5.508453e-02 -3.834646e-02 
 4.215000e+04  4.605036e+03 -6.158029e-02  5.511542e-02 -3.836802e-02 
 4.220000e+04  4.616610e+03 -6.161406e-02  5.514614e-02 -3.838923e-02 
 4.225000e+04  4.628184e+03 -6.164767e-02  5.517699e-02 -3.841043e-02 
 4.230000e+04  4.639758e+03 -6.168109e-02  5.520805e-02 -3.843173e-02 
 4.235000e+04  4.651332e+03 -6.171423e-02  5.523927e-02 -3.845311e-02 
 4.240000e+04  4.662906e+03 -6.174719e-02  5.527044e-02 -3.847463e-02 
 4.245000e+04  4.674480e+03 -6.178020e-02  5.530158e-02 -3.849632e-02 
 4.250000e+04  4.686054e+03 -6.181314e-02  5.533270e-02 -3.851798e-02 
 4.255000e+04  4.697628e+03 -6.184596e-02  5.536370e-02 -3.853950e-02 
 4.260000e+04  4.709202e+03 -6.187881e-02  5.539470e-02 -3.856097e-02 
 4.265000e+04  4.720777e+03 -6.191159e-02  5.542578e-02 -3.858235e-02 
 4.270000e+04  4.732351e+03 -6.194437e-02  5.545677e-02 -3.860373e-02 
 4.275000e+04  4.743925e+03 -6.197714e-02  5.548764e-02 -3.862514e-02 
 4.280000e+04  4.755499e+03 -6.201009e-02  5.551834e-02 -3.864668e-02 
 4.285000e+04  4.767073e+03 -6.204321e-02  5.554876e-02 -3.866826e-02 
 4.290000e+04  4.778647e+03 -6.207644e-02  5.557878e-02 -3.868971e-02 
 4.295000e+04  4.790221e+03 -6.210971e-02  5.560861e-02 -3.871106e-02 
 4.300000e+04  4.801795e+03 -6.214292e-02  5.563834e-02 -3.873242e-02 
 4.305000e+04  4.813369e+03 -6.217623e-02  5.566803e-02 -3.875381e-02 
 4.310000e+04  4.824943e+03 -6.220965e-02  5.569774e-02 -3.877528e-02 
 4.315000e+04  4.836517e+03 -6.224320e-02  5.572748e-02 -3.879683e-02 
 4.320000e+04  4.848091e+03 -6.227674e-02  5.575717e-02 -3.881840e-02 
 4.325000e+04  4.859665e+03 -6.231002e-02  5.578673e-02 -3.883991e-02 
 4.330000e+04  4.871240e+03 -6.234319e-02  5.581627e-02 -3.886139e-02 
 4.335000e+04  4.882814e+03 -6.237622e-02  5.584585e-02 -3.888284e-02 
 4.340000e+04  4.894388e+03 -6.240891e-02  5.587547e-02 -3.890425e-02 
 4.345000e+04  4.905962e+03 -6.244165e-02  5.590511e-02 -3.892570e-02 
 4.350000e+04  4.917536e+03 -6.247445e-02  5.593480e-02 -3.894720e-02 
 4.355000e+04  4.929110e+03 -6.250729e-02  5.596455e-02 -3.896871e-02 
 4.360000e+04  4.940684e+03 -6.253998e-02  5.599432e-02 -3.899018e-02 
 4.365000e+04  4.952258e+03 -6.257232e-02  5.602390e-02 -3.901153e-02 
 4.370000e+04  4.963832e+03 -6.260467e-02  5.605330e-02 -3.903291e-02 
 4.375000e+04  4.975406e+03 -6.263720e-02  5.608278e-02 -3.905437e-02 
 4.380000e+04  4.986980e+03 -6.266966e-02  5.611225e-02 -3.907587e-02 
 4.385000e+04  4.998554e+03 -6.270225e-02  5.614170e-02 -3.909736e-02 
 4.390000e+04  5.010128e+03 -6.273501e-02  5.617102e-02 -3.911887e-02 
 4.395000e+04  5.021702e+03 -6.276799e-02  5.620012e-02 -3.914033e-02 
 4.400000e+04  5.033277e+03 -6.280108e-02  5.622901e-02 -3.916172e-02 
 4.405000e+04  5.044851e+03 -6.283408e-02  5.625772e-02 -3.918300e-02 
 4.410000e+04  5.056425e+03 -6.286708e-02  5.628639e-02 -3.920432e-02 
 4.415000e+04  5.067999e+03 -6.290012e-02  5.631505e-02 -3.922580e-02 
 4.420000e+04  5.079573e+03 -6.293325e-02  5.634372e-02 -3.924738e-02 
 4.425000e+04  5.091147e+03 -6.296654e-02  5.637229e-02 -3.926901e-02 
 4.430000e+04  5.102721e+03 -6.299979e-02  5.640081e-02 -3.929062e-02 
 4.435000e+04  5.114295e+03 -6.303284e-02  5.642929e-02 -3.931218e-02 
 4.440000e+04  5.125869e+03 -6.306575e-02  5.645756e-02 -3.933368e-02 
 4.445000e+04  5.137443e+03 -6.309867e-02  5.648581e-02 -3.935510e-02 
 4.450000e+04  5.149017e+03 -6.313155e-02  5.651400e-02 -3.937638e-02 
 4.455000e+04  5.160591e+03 -6.316427e-02  5.654204e-02 -3.939762e-02 
 4.460000e+04  5.172165e+03 -6.319696e-02  5.657024e-02 -3.941900e-02 
 4.465000e+04  5.183740e+03 -6.322963e-02  5.659862e-02 -3.944061e-02 
 4.470000e+04  5.195314e+03 -6.326225e-02  5.662730e-02 -3.946225e-02 
 4.475000e+04  5.206888e+03 -6.329470e-02  5.665600e-02 -3.948382e-02 
 4.480000e+04  5.218462e+03 -6.332705e-02  5.668476e-02 -3.950531e-02 
 4.485000e+04  5.230036e+03 -6.335944e-02  5.671354e-02 -3.952680e-02 
 4.490000e+04  5.241610e+03 -6.339177e-02  5.674224e-02 -3.954820e-02 
 4.495000e+04  5.253184e+03 -6.342401e-02  5.677057e-02 -3.956955e-02 
 4.500000e+04  5.264758e+03 -6.345628e-02  5.679874e-02 -3.959095e-02 
 4.505000e+04  5.276332e+03 -6.348868e-02  5.682648e-02 -3.961235e-02 
 4.510000e+04  5.287906e+03 -6.352113e-02  5.685391e-02 -3.963372e-02 
