         Step [creep.tim... Z Displace... Z Displace... X Displace... 
------------- ------------- ------------- ------------- ------------- 
 5.250000e+03  1.276223e-07 -4.629353e-03  4.524540e-03 -2.433365e-03 
 5.300000e+03  3.886505e-06 -4.629530e-03  4.524618e-03 -2.433542e-03 
 5.350000e+03  3.505860e-05 -4.630185e-03  4.524697e-03 -2.433905e-03 
 5.400000e+03  2.312824e-04 -4.630272e-03  4.524769e-03 -2.433914e-03 
 5.450000e+03  1.051266e-03 -4.630589e-03  4.525289e-03 -2.434375e-03 
 5.500000e+03  2.982392e-03 -4.632379e-03  4.526880e-03 -2.435899e-03 
 5.550000e+03  7.224787e-03 -4.636859e-03  4.530955e-03 -2.439696e-03 
 5.600000e+03  1.203846e-02 -4.642095e-03  4.536701e-03 -2.443916e-03 
 5.650000e+03  1.696551e-02 -4.648450e-03  4.544065e-03 -2.448959e-03 
 5.700000e+03  2.347695e-02 -4.658019e-03  4.555484e-03 -2.456117e-03 
 5.750000e+03  3.094454e-02 -4.668485e-03  4.567775e-03 -2.463353e-03 
 5.800000e+03  3.841212e-02 -4.677310e-03  4.577016e-03 -2.469216e-03 
 5.850000e+03  4.587971e-02 -4.685290e-03  4.585168e-03 -2.474975e-03 
 5.900000e+03  5.334730e-02 -4.693425e-03  4.593717e-03 -2.481271e-03 
 5.950000e+03  6.081488e-02 -4.701984e-03  4.602874e-03 -2.488205e-03 
 6.000000e+03  6.832056e-02 -4.711235e-03  4.612547e-03 -2.496071e-03 
 6.050000e+03  7.765870e-02 -4.724021e-03  4.625014e-03 -2.506125e-03 
 6.100000e+03  8.805627e-02 -4.737663e-03  4.637896e-03 -2.515775e-03 
 6.150000e+03  9.856391e-02 -4.749791e-03  4.649357e-03 -2.523471e-03 
 6.200000e+03  1.090716e-01 -4.761366e-03  4.660494e-03 -2.530729e-03 
 6.250000e+03  1.195792e-01 -4.773304e-03  4.672510e-03 -2.538509e-03 
 6.300000e+03  1.300868e-01 -4.786014e-03  4.685402e-03 -2.547201e-03 
 6.350000e+03  1.405945e-01 -4.798826e-03  4.698731e-03 -2.556930e-03 
 6.400000e+03  1.530221e-01 -4.813290e-03  4.713876e-03 -2.568974e-03 
 6.450000e+03  1.669022e-01 -4.828274e-03  4.729034e-03 -2.581231e-03 
 6.500000e+03  1.809834e-01 -4.842279e-03  4.742778e-03 -2.591798e-03 
 6.550000e+03  1.950647e-01 -4.856408e-03  4.756505e-03 -2.601419e-03 
 6.600000e+03  2.091459e-01 -4.871207e-03  4.771180e-03 -2.611210e-03 
 6.650000e+03  2.232272e-01 -4.886574e-03  4.787239e-03 -2.621789e-03 
 6.700000e+03  2.373084e-01 -4.902265e-03  4.804402e-03 -2.633064e-03 
 6.750000e+03  2.519923e-01 -4.917992e-03  4.821730e-03 -2.645028e-03 
 6.800000e+03  2.684756e-01 -4.934316e-03  4.838765e-03 -2.657516e-03 
 6.850000e+03  2.855914e-01 -4.950020e-03  4.854729e-03 -2.669605e-03 
 6.900000e+03  3.027073e-01 -4.965412e-03  4.870282e-03 -2.681334e-03 
 6.950000e+03  3.198231e-01 -4.981104e-03  4.886414e-03 -2.693068e-03 
 7.000000e+03  3.369389e-01 -4.997710e-03  4.903452e-03 -2.705110e-03 
 7.050000e+03  3.540548e-01 -5.015362e-03  4.921191e-03 -2.717409e-03 
 7.100000e+03  3.725313e-01 -5.034552e-03  4.939984e-03 -2.730240e-03 
 7.150000e+03  3.926432e-01 -5.053462e-03  4.958738e-03 -2.743223e-03 
 7.200000e+03  4.134476e-01 -5.071549e-03  4.977213e-03 -2.756192e-03 
 7.250000e+03  4.342521e-01 -5.089195e-03  4.995304e-03 -2.769346e-03 
 7.300000e+03  4.550565e-01 -5.106895e-03  5.013408e-03 -2.782719e-03 
 7.350000e+03  4.759857e-01 -5.125210e-03  5.031924e-03 -2.796496e-03 
 7.400000e+03  4.996874e-01 -5.146656e-03  5.053307e-03 -2.812129e-03 
 7.450000e+03  5.249753e-01 -5.169269e-03  5.075392e-03 -2.827979e-03 
 7.500000e+03  5.502632e-01 -5.190332e-03  5.096100e-03 -2.842475e-03 
 7.550000e+03  5.755511e-01 -5.210675e-03  5.116359e-03 -2.856462e-03 
 7.600000e+03  6.008390e-01 -5.231052e-03  5.136834e-03 -2.870645e-03 
 7.650000e+03  6.261269e-01 -5.251114e-03  5.157587e-03 -2.885118e-03 
 7.700000e+03  6.518548e-01 -5.271321e-03  5.178827e-03 -2.900264e-03 
 7.750000e+03  6.814939e-01 -5.294472e-03  5.203170e-03 -2.917877e-03 
 7.800000e+03  7.122315e-01 -5.317820e-03  5.226881e-03 -2.935308e-03 
 7.850000e+03  7.434302e-01 -5.340739e-03  5.249516e-03 -2.951616e-03 
 7.900000e+03  7.757047e-01 -5.364298e-03  5.272710e-03 -2.968035e-03 
 7.950000e+03  8.079791e-01 -5.388083e-03  5.296317e-03 -2.984389e-03 
 8.000000e+03  8.402536e-01 -5.411729e-03  5.320183e-03 -3.000775e-03 
 8.050000e+03  8.725281e-01 -5.435215e-03  5.343911e-03 -3.017387e-03 
 8.100000e+03  9.073361e-01 -5.459872e-03  5.368939e-03 -3.035408e-03 
 8.150000e+03  9.445555e-01 -5.484846e-03  5.394623e-03 -3.054097e-03 
 8.200000e+03  9.819173e-01 -5.508991e-03  5.419386e-03 -3.071934e-03 
 8.250000e+03  1.019279e+00 -5.533194e-03  5.443933e-03 -3.089324e-03 
 8.300000e+03  1.056641e+00 -5.557863e-03  5.468545e-03 -3.106593e-03 
 8.350000e+03  1.094003e+00 -5.582890e-03  5.493126e-03 -3.123736e-03 
 8.400000e+03  1.133111e+00 -5.608897e-03  5.518480e-03 -3.141541e-03 
 8.450000e+03  1.174920e+00 -5.635734e-03  5.544846e-03 -3.160267e-03 
 8.500000e+03  1.218171e+00 -5.662119e-03  5.571359e-03 -3.179167e-03 
 8.550000e+03  1.261422e+00 -5.687641e-03  5.597252e-03 -3.197704e-03 
 8.600000e+03  1.304673e+00 -5.713029e-03  5.622960e-03 -3.216059e-03 
 8.650000e+03  1.348270e+00 -5.738621e-03  5.648944e-03 -3.234574e-03 
 8.700000e+03  1.393683e+00 -5.765254e-03  5.676135e-03 -3.253677e-03 
 8.750000e+03  1.441485e+00 -5.792968e-03  5.704223e-03 -3.273243e-03 
 8.800000e+03  1.492255e+00 -5.822019e-03  5.732963e-03 -3.293219e-03 
 8.850000e+03  1.544826e+00 -5.851774e-03  5.761709e-03 -3.313402e-03 
 8.900000e+03  1.597398e+00 -5.880778e-03  5.789960e-03 -3.333400e-03 
 8.950000e+03  1.649970e+00 -5.908827e-03  5.817977e-03 -3.353399e-03 
 9.000000e+03  1.702541e+00 -5.936397e-03  5.845983e-03 -3.373478e-03 
 9.050000e+03  1.755271e+00 -5.963861e-03  5.874037e-03 -3.393609e-03 
 9.100000e+03  1.810582e+00 -5.992313e-03  5.902986e-03 -3.414081e-03 
 9.150000e+03  1.869353e+00 -6.022080e-03  5.933143e-03 -3.434839e-03 
 9.200000e+03  1.930212e+00 -6.052707e-03  5.963897e-03 -3.455820e-03 
 9.250000e+03  1.991070e+00 -6.083145e-03  5.993914e-03 -3.476571e-03 
 9.300000e+03  2.051928e+00 -6.113159e-03  6.023271e-03 -3.497231e-03 
 9.350000e+03  2.112787e+00 -6.142761e-03  6.052110e-03 -3.517890e-03 
 9.400000e+03  2.173645e+00 -6.171751e-03  6.080618e-03 -3.538513e-03 
 9.450000e+03  2.234503e+00 -6.199843e-03  6.108794e-03 -3.558769e-03 
 9.500000e+03  2.298243e+00 -6.228715e-03  6.137852e-03 -3.579359e-03 
 9.550000e+03  2.365340e+00 -6.259075e-03  6.168416e-03 -3.600588e-03 
 9.600000e+03  2.432436e+00 -6.289418e-03  6.198895e-03 -3.621458e-03 
 9.650000e+03  2.500203e+00 -6.319749e-03  6.229234e-03 -3.642177e-03 
 9.700000e+03  2.573261e+00 -6.352080e-03  6.261327e-03 -3.664269e-03 
 9.750000e+03  2.647235e+00 -6.384420e-03  6.292901e-03 -3.686479e-03 
 9.800000e+03  2.721209e+00 -6.415953e-03  6.323452e-03 -3.708402e-03 
 9.850000e+03  2.795182e+00 -6.446576e-03  6.353480e-03 -3.730113e-03 
 9.900000e+03  2.869156e+00 -6.476768e-03  6.383554e-03 -3.751645e-03 
 9.950000e+03  2.943130e+00 -6.506711e-03  6.413782e-03 -3.772861e-03 
 1.000000e+04  3.019885e+00 -6.537648e-03  6.445137e-03 -3.794382e-03 
 1.005000e+04  3.103480e+00 -6.571131e-03  6.478873e-03 -3.817260e-03 
 1.010000e+04  3.189114e+00 -6.605106e-03  6.512782e-03 -3.840191e-03 
 1.015000e+04  3.274747e+00 -6.638473e-03  6.545719e-03 -3.862898e-03 
 1.020000e+04  3.360381e+00 -6.671138e-03  6.577735e-03 -3.885497e-03 
 1.025000e+04  3.446015e+00 -6.703307e-03  6.609225e-03 -3.908067e-03 
 1.030000e+04  3.531649e+00 -6.735140e-03  6.640431e-03 -3.930494e-03 
 1.035000e+04  3.617283e+00 -6.766582e-03  6.671418e-03 -3.952583e-03 
 1.040000e+04  3.706170e+00 -6.798815e-03  6.703541e-03 -3.974936e-03 
 1.045000e+04  3.800132e+00 -6.832556e-03  6.737418e-03 -3.998034e-03 
 1.050000e+04  3.894543e+00 -6.866150e-03  6.771155e-03 -4.020794e-03 
 1.055000e+04  3.988955e+00 -6.899422e-03  6.804193e-03 -4.043239e-03 
 1.060000e+04  4.087520e+00 -6.933776e-03  6.837964e-03 -4.066626e-03 
 1.065000e+04  4.186652e+00 -6.967859e-03  6.871149e-03 -4.090116e-03 
 1.070000e+04  4.285784e+00 -7.001259e-03  6.903668e-03 -4.113429e-03 
 1.075000e+04  4.384916e+00 -7.034096e-03  6.935763e-03 -4.136393e-03 
 1.080000e+04  4.484047e+00 -7.066630e-03  6.967731e-03 -4.159007e-03 
 1.085000e+04  4.583179e+00 -7.098914e-03  6.999760e-03 -4.181118e-03 
 1.090000e+04  4.683699e+00 -7.131431e-03  7.032231e-03 -4.203108e-03 
 1.095000e+04  4.792367e+00 -7.166317e-03  7.067068e-03 -4.226591e-03 
 1.100000e+04  4.907015e+00 -7.202656e-03  7.103250e-03 -4.251149e-03 
 1.105000e+04  5.021773e+00 -7.238406e-03  7.138427e-03 -4.275579e-03 
 1.110000e+04  5.136530e+00 -7.273587e-03  7.172683e-03 -4.299904e-03 
 1.115000e+04  5.251288e+00 -7.308327e-03  7.206405e-03 -4.324005e-03 
 1.120000e+04  5.366045e+00 -7.342713e-03  7.239911e-03 -4.347763e-03 
 1.125000e+04  5.480803e+00 -7.376822e-03  7.273350e-03 -4.371171e-03 
 1.130000e+04  5.597282e+00 -7.411121e-03  7.307234e-03 -4.394434e-03 
 1.135000e+04  5.717777e+00 -7.446344e-03  7.342176e-03 -4.418123e-03 
 1.140000e+04  5.841646e+00 -7.482041e-03  7.377828e-03 -4.442175e-03 
 1.145000e+04  5.968166e+00 -7.517973e-03  7.413579e-03 -4.466535e-03 
 1.150000e+04  6.100380e+00 -7.555075e-03  7.450094e-03 -4.491862e-03 
 1.155000e+04  6.233226e+00 -7.591985e-03  7.486041e-03 -4.517213e-03 
 1.160000e+04  6.366072e+00 -7.628480e-03  7.521381e-03 -4.542335e-03 
 1.165000e+04  6.503435e+00 -7.665712e-03  7.557567e-03 -4.567932e-03 
 1.170000e+04  6.642924e+00 -7.703189e-03  7.594189e-03 -4.593438e-03 
 1.175000e+04  6.782412e+00 -7.740399e-03  7.630722e-03 -4.618490e-03 
 1.180000e+04  6.921900e+00 -7.777223e-03  7.667090e-03 -4.643151e-03 
 1.185000e+04  7.065713e+00 -7.814677e-03  7.704273e-03 -4.668332e-03 
 1.190000e+04  7.212176e+00 -7.852387e-03  7.741708e-03 -4.693904e-03 
 1.195000e+04  7.362447e+00 -7.890525e-03  7.779289e-03 -4.719937e-03 
 1.200000e+04  7.520693e+00 -7.930252e-03  7.818024e-03 -4.747101e-03 
 1.205000e+04  7.682168e+00 -7.970404e-03  7.856966e-03 -4.774593e-03 
 1.210000e+04  7.843643e+00 -8.010232e-03  7.895467e-03 -4.801624e-03 
 1.215000e+04  8.005119e+00 -8.049621e-03  7.933749e-03 -4.828173e-03 
 1.220000e+04  8.166594e+00 -8.088678e-03  7.971918e-03 -4.854356e-03 
 1.225000e+04  8.328069e+00 -8.127299e-03  8.009898e-03 -4.880277e-03 
 1.230000e+04  8.490675e+00 -8.165632e-03  8.047858e-03 -4.906120e-03 
 1.235000e+04  8.662089e+00 -8.205479e-03  8.087370e-03 -4.933190e-03 
 1.240000e+04  8.840115e+00 -8.246435e-03  8.127707e-03 -4.961088e-03 
 1.245000e+04  9.018142e+00 -8.287098e-03  8.167288e-03 -4.988694e-03 
 1.250000e+04  9.204536e+00 -8.329255e-03  8.208081e-03 -5.017285e-03 
 1.255000e+04  9.391464e+00 -8.371211e-03  8.248531e-03 -5.045591e-03 
 1.260000e+04  9.578391e+00 -8.412802e-03  8.288725e-03 -5.073425e-03 
 1.265000e+04  9.765319e+00 -8.453957e-03  8.328687e-03 -5.100901e-03 
 1.270000e+04  9.952247e+00 -8.494586e-03  8.368357e-03 -5.128131e-03 
 1.275000e+04  1.014161e+01 -8.535133e-03  8.408263e-03 -5.155485e-03 
 1.280000e+04  1.033788e+01 -8.576616e-03  8.449205e-03 -5.183615e-03 
 1.285000e+04  1.053847e+01 -8.618622e-03  8.490527e-03 -5.212164e-03 
 1.290000e+04  1.074930e+01 -8.662396e-03  8.533237e-03 -5.241810e-03 
 1.295000e+04  1.096569e+01 -8.707060e-03  8.576440e-03 -5.271859e-03 
 1.300000e+04  1.118208e+01 -8.751365e-03  8.619136e-03 -5.301474e-03 
 1.305000e+04  1.139848e+01 -8.795222e-03  8.661395e-03 -5.330701e-03 
 1.310000e+04  1.161487e+01 -8.838507e-03  8.703331e-03 -5.359644e-03 
 1.315000e+04  1.183126e+01 -8.881166e-03  8.744998e-03 -5.388408e-03 
 1.320000e+04  1.204765e+01 -8.923295e-03  8.786409e-03 -5.416939e-03 
 1.325000e+04  1.227357e+01 -8.966778e-03  8.829274e-03 -5.446417e-03 
 1.330000e+04  1.250964e+01 -9.011937e-03  8.873580e-03 -5.476871e-03 
 1.335000e+04  1.274821e+01 -9.057195e-03  8.917703e-03 -5.507311e-03 
 1.340000e+04  1.299084e+01 -9.102855e-03  8.961830e-03 -5.537881e-03 
 1.345000e+04  1.324134e+01 -9.149618e-03  9.006814e-03 -5.569094e-03 
 1.350000e+04  1.349184e+01 -9.196003e-03  9.051357e-03 -5.599984e-03 
 1.355000e+04  1.374235e+01 -9.241762e-03  9.095480e-03 -5.630573e-03 
 1.360000e+04  1.399285e+01 -9.286972e-03  9.139280e-03 -5.660912e-03 
 1.365000e+04  1.424335e+01 -9.331595e-03  9.182812e-03 -5.691043e-03 
 1.370000e+04  1.449711e+01 -9.376244e-03  9.226616e-03 -5.721218e-03 
 1.375000e+04  1.476145e+01 -9.422407e-03  9.271815e-03 -5.752262e-03 
 1.380000e+04  1.503762e+01 -9.470424e-03  9.318470e-03 -5.784356e-03 
 1.385000e+04  1.531380e+01 -9.518092e-03  9.364413e-03 -5.816094e-03 
 1.390000e+04  1.558998e+01 -9.565318e-03  9.409664e-03 -5.847487e-03 
 1.395000e+04  1.586616e+01 -9.612072e-03  9.454459e-03 -5.878580e-03 
 1.400000e+04  1.614233e+01 -9.658232e-03  9.498817e-03 -5.909501e-03 
 1.405000e+04  1.641851e+01 -9.703803e-03  9.542874e-03 -5.940124e-03 
 1.410000e+04  1.669662e+01 -9.749145e-03  9.587039e-03 -5.970706e-03 
 1.415000e+04  1.699386e+01 -9.797257e-03  9.634003e-03 -6.003019e-03 
 1.420000e+04  1.729834e+01 -9.846121e-03  9.681735e-03 -6.035733e-03 
 1.425000e+04  1.760283e+01 -9.894555e-03  9.728887e-03 -6.068044e-03 
 1.430000e+04  1.792010e+01 -9.944692e-03  9.777302e-03 -6.101408e-03 
 1.435000e+04  1.823981e+01 -9.994816e-03  9.825379e-03 -6.134746e-03 
 1.440000e+04  1.855952e+01 -1.004438e-02  9.872809e-03 -6.167812e-03 
 1.445000e+04  1.887923e+01 -1.009338e-02  9.919800e-03 -6.200599e-03 
 1.450000e+04  1.919894e+01 -1.014181e-02  9.966473e-03 -6.233110e-03 
 1.455000e+04  1.951866e+01 -1.018982e-02  1.001291e-02 -6.265269e-03 
 1.460000e+04  1.984412e+01 -1.023824e-02  1.005993e-02 -6.297632e-03 
 1.465000e+04  2.018619e+01 -1.028875e-02  1.010900e-02 -6.331288e-03 
 1.470000e+04  2.053867e+01 -1.034038e-02  1.015898e-02 -6.365618e-03 
 1.475000e+04  2.089115e+01 -1.039166e-02  1.020829e-02 -6.399651e-03 
 1.480000e+04  2.124963e+01 -1.044336e-02  1.025763e-02 -6.433926e-03 
 1.485000e+04  2.161973e+01 -1.049619e-02  1.030790e-02 -6.469053e-03 
 1.490000e+04  2.198984e+01 -1.054842e-02  1.035772e-02 -6.503940e-03 
 1.495000e+04  2.235994e+01 -1.059998e-02  1.040725e-02 -6.538482e-03 
 1.500000e+04  2.273004e+01 -1.065102e-02  1.045651e-02 -6.572588e-03 
 1.505000e+04  2.311643e+01 -1.070390e-02  1.050770e-02 -6.607832e-03 
 1.510000e+04  2.350504e+01 -1.075665e-02  1.055899e-02 -6.642920e-03 
 1.515000e+04  2.390881e+01 -1.081092e-02  1.061155e-02 -6.678970e-03 
 1.520000e+04  2.433643e+01 -1.086789e-02  1.066646e-02 -6.716819e-03 
 1.525000e+04  2.476488e+01 -1.092452e-02  1.072073e-02 -6.754518e-03 
 1.530000e+04  2.519332e+01 -1.098052e-02  1.077410e-02 -6.791858e-03 
 1.535000e+04  2.562176e+01 -1.103588e-02  1.082695e-02 -6.828834e-03 
 1.540000e+04  2.605020e+01 -1.109087e-02  1.087957e-02 -6.865445e-03 
 1.545000e+04  2.647864e+01 -1.114536e-02  1.093189e-02 -6.901657e-03 
 1.550000e+04  2.691780e+01 -1.120064e-02  1.098510e-02 -6.938300e-03 
 1.555000e+04  2.738476e+01 -1.125891e-02  1.104125e-02 -6.976965e-03 
 1.560000e+04  2.785711e+01 -1.131734e-02  1.109756e-02 -7.015728e-03 
 1.565000e+04  2.832947e+01 -1.137521e-02  1.115300e-02 -7.054096e-03 
 1.570000e+04  2.882356e+01 -1.143525e-02  1.121010e-02 -7.093908e-03 
 1.575000e+04  2.931953e+01 -1.149504e-02  1.126676e-02 -7.133529e-03 
 1.580000e+04  2.981551e+01 -1.155417e-02  1.132288e-02 -7.172769e-03 
 1.585000e+04  3.031148e+01 -1.161261e-02  1.137856e-02 -7.211594e-03 
 1.590000e+04  3.082531e+01 -1.167261e-02  1.143593e-02 -7.251376e-03 
 1.595000e+04  3.134609e+01 -1.173289e-02  1.149381e-02 -7.291279e-03 
 1.600000e+04  3.186894e+01 -1.179277e-02  1.155138e-02 -7.330922e-03 
 1.605000e+04  3.242779e+01 -1.185619e-02  1.161229e-02 -7.372876e-03 
 1.610000e+04  3.300194e+01 -1.192075e-02  1.167408e-02 -7.415690e-03 
 1.615000e+04  3.357609e+01 -1.198464e-02  1.173494e-02 -7.458109e-03 
 1.620000e+04  3.415025e+01 -1.204786e-02  1.179505e-02 -7.500078e-03 
 1.625000e+04  3.474851e+01 -1.211321e-02  1.185708e-02 -7.543363e-03 
 1.630000e+04  3.535138e+01 -1.217849e-02  1.191916e-02 -7.586505e-03 
 1.635000e+04  3.595424e+01 -1.224299e-02  1.198074e-02 -7.629195e-03 
 1.640000e+04  3.655710e+01 -1.230679e-02  1.204185e-02 -7.671416e-03 
 1.645000e+04  3.718769e+01 -1.237287e-02  1.210530e-02 -7.715181e-03 
 1.650000e+04  3.782069e+01 -1.243863e-02  1.216834e-02 -7.758706e-03 
 1.655000e+04  3.846129e+01 -1.250455e-02  1.223125e-02 -7.802339e-03 
 1.660000e+04  3.912994e+01 -1.257286e-02  1.229611e-02 -7.847433e-03 
 1.665000e+04  3.982782e+01 -1.264359e-02  1.236296e-02 -7.894064e-03 
 1.670000e+04  4.052571e+01 -1.271358e-02  1.242905e-02 -7.940187e-03 
 1.675000e+04  4.122360e+01 -1.278285e-02  1.249449e-02 -7.985741e-03 
 1.680000e+04  4.192148e+01 -1.285145e-02  1.255944e-02 -8.030876e-03 
 1.685000e+04  4.261937e+01 -1.291925e-02  1.262389e-02 -8.075592e-03 
 1.690000e+04  4.332773e+01 -1.298739e-02  1.268875e-02 -8.120506e-03 
 1.695000e+04  4.408396e+01 -1.305944e-02  1.275737e-02 -8.168011e-03 
 1.700000e+04  4.485338e+01 -1.313212e-02  1.282641e-02 -8.215968e-03 
 1.705000e+04  4.562280e+01 -1.320411e-02  1.289454e-02 -8.263375e-03 
 1.710000e+04  4.640915e+01 -1.327702e-02  1.296325e-02 -8.311231e-03 
 1.715000e+04  4.721704e+01 -1.335127e-02  1.303313e-02 -8.359931e-03 
 1.720000e+04  4.802493e+01 -1.342471e-02  1.310234e-02 -8.408129e-03 
 1.725000e+04  4.883282e+01 -1.349728e-02  1.317096e-02 -8.455845e-03 
 1.730000e+04  4.966737e+01 -1.357139e-02  1.324135e-02 -8.504685e-03 
 1.735000e+04  5.052584e+01 -1.364685e-02  1.331319e-02 -8.554441e-03 
 1.740000e+04  5.141654e+01 -1.372439e-02  1.338700e-02 -8.605483e-03 
 1.745000e+04  5.232683e+01 -1.380292e-02  1.346149e-02 -8.657043e-03 
 1.750000e+04  5.326207e+01 -1.388295e-02  1.353705e-02 -8.709455e-03 
 1.755000e+04  5.419730e+01 -1.396218e-02  1.361161e-02 -8.761383e-03 
 1.760000e+04  5.513254e+01 -1.404053e-02  1.368523e-02 -8.812726e-03 
 1.765000e+04  5.608274e+01 -1.411933e-02  1.375928e-02 -8.864340e-03 
 1.770000e+04  5.706474e+01 -1.419997e-02  1.383525e-02 -8.917188e-03 
 1.775000e+04  5.804673e+01 -1.427968e-02  1.391050e-02 -8.969451e-03 
 1.780000e+04  5.907749e+01 -1.436248e-02  1.398876e-02 -9.023681e-03 
 1.785000e+04  6.016014e+01 -1.444871e-02  1.407022e-02 -9.080029e-03 
 1.790000e+04  6.124279e+01 -1.453410e-02  1.415059e-02 -9.135768e-03 
 1.795000e+04  6.237199e+01 -1.462219e-02  1.423323e-02 -9.193277e-03 
 1.800000e+04  6.350878e+01 -1.471002e-02  1.431534e-02 -9.250537e-03 
 1.805000e+04  6.464556e+01 -1.479688e-02  1.439647e-02 -9.307171e-03 
 1.810000e+04  6.580622e+01 -1.488460e-02  1.447845e-02 -9.364396e-03 
 1.815000e+04  6.699984e+01 -1.497379e-02  1.456204e-02 -9.422534e-03 
 1.820000e+04  6.823524e+01 -1.506515e-02  1.464772e-02 -9.481995e-03 
 1.825000e+04  6.948855e+01 -1.515677e-02  1.473377e-02 -9.541647e-03 
 1.830000e+04  7.079199e+01 -1.525089e-02  1.482226e-02 -9.602954e-03 
 1.835000e+04  7.216717e+01 -1.534916e-02  1.491450e-02 -9.666952e-03 
 1.840000e+04  7.354894e+01 -1.544679e-02  1.500587e-02 -9.730527e-03 
 1.845000e+04  7.494453e+01 -1.554425e-02  1.509692e-02 -9.793912e-03 
 1.850000e+04  7.639539e+01 -1.564446e-02  1.519047e-02 -9.859013e-03 
 1.855000e+04  7.784624e+01 -1.574352e-02  1.528292e-02 -9.923327e-03 
 1.860000e+04  7.929710e+01 -1.584143e-02  1.537434e-02 -9.986857e-03 
 1.865000e+04  8.082050e+01 -1.594300e-02  1.546932e-02 -1.005279e-02 
 1.870000e+04  8.234390e+01 -1.604338e-02  1.556324e-02 -1.011792e-02 
 1.875000e+04  8.394042e+01 -1.614742e-02  1.566048e-02 -1.018536e-02 
 1.880000e+04  8.556718e+01 -1.625230e-02  1.575828e-02 -1.025325e-02 
 1.885000e+04  8.724673e+01 -1.635940e-02  1.585785e-02 -1.032248e-02 
 1.890000e+04  8.896995e+01 -1.646803e-02  1.595861e-02 -1.039265e-02 
 1.895000e+04  9.073348e+01 -1.657786e-02  1.606037e-02 -1.046350e-02 
 1.900000e+04  9.249700e+01 -1.668638e-02  1.616082e-02 -1.053343e-02 
 1.905000e+04  9.428698e+01 -1.679518e-02  1.626159e-02 -1.060354e-02 
 1.910000e+04  9.613868e+01 -1.690638e-02  1.636472e-02 -1.067516e-02 
 1.915000e+04  9.800520e+01 -1.701700e-02  1.646742e-02 -1.074643e-02 
 1.920000e+04  9.999031e+01 -1.713324e-02  1.657527e-02 -1.082131e-02 
 1.925000e+04  1.020318e+02 -1.725139e-02  1.668475e-02 -1.089736e-02 
 1.930000e+04  1.040733e+02 -1.736802e-02  1.679264e-02 -1.097237e-02 
 1.935000e+04  1.062026e+02 -1.748817e-02  1.690357e-02 -1.104950e-02 
 1.940000e+04  1.083633e+02 -1.760862e-02  1.701468e-02 -1.112672e-02 
 1.945000e+04  1.106141e+02 -1.773242e-02  1.712893e-02 -1.120608e-02 
 1.950000e+04  1.128648e+02 -1.785449e-02  1.724164e-02 -1.128441e-02 
 1.955000e+04  1.151719e+02 -1.797796e-02  1.735568e-02 -1.136360e-02 
 1.960000e+04  1.175352e+02 -1.810283e-02  1.747103e-02 -1.144363e-02 
 1.965000e+04  1.198984e+02 -1.822611e-02  1.758478e-02 -1.152253e-02 
 1.970000e+04  1.224146e+02 -1.835577e-02  1.770423e-02 -1.160535e-02 
 1.975000e+04  1.250202e+02 -1.848841e-02  1.782616e-02 -1.168996e-02 
 1.980000e+04  1.276257e+02 -1.861928e-02  1.794620e-02 -1.177341e-02 
 1.985000e+04  1.302912e+02 -1.875132e-02  1.806711e-02 -1.185752e-02 
 1.990000e+04  1.330270e+02 -1.888500e-02  1.818955e-02 -1.194264e-02 
 1.995000e+04  1.357628e+02 -1.901688e-02  1.831032e-02 -1.202652e-02 
 2.000000e+04  1.386272e+02 -1.915315e-02  1.843509e-02 -1.211310e-02 
 2.005000e+04  1.415974e+02 -1.929249e-02  1.856265e-02 -1.220166e-02 
 2.010000e+04  1.446137e+02 -1.943213e-02  1.869033e-02 -1.229028e-02 
 2.015000e+04  1.477023e+02 -1.957306e-02  1.881911e-02 -1.237962e-02 
 2.020000e+04  1.508693e+02 -1.971557e-02  1.894914e-02 -1.246988e-02 
 2.025000e+04  1.541915e+02 -1.986300e-02  1.908344e-02 -1.256320e-02 
 2.030000e+04  1.575169e+02 -2.000841e-02  1.921588e-02 -1.265522e-02 
 2.035000e+04  1.609055e+02 -2.015432e-02  1.934882e-02 -1.274750e-02 
 2.040000e+04  1.643972e+02 -2.030262e-02  1.948387e-02 -1.284117e-02 
 2.045000e+04  1.678958e+02 -2.044902e-02  1.961716e-02 -1.293357e-02 
 2.050000e+04  1.716024e+02 -2.060193e-02  1.975628e-02 -1.302997e-02 
 2.055000e+04  1.754519e+02 -2.075856e-02  1.989858e-02 -1.312863e-02 
 2.060000e+04  1.793015e+02 -2.091275e-02  2.003852e-02 -1.322576e-02 
 2.065000e+04  1.832242e+02 -2.106750e-02  2.017870e-02 -1.332311e-02 
 2.070000e+04  1.873673e+02 -2.122869e-02  2.032447e-02 -1.342428e-02 
 2.075000e+04  1.916114e+02 -2.139143e-02  2.047148e-02 -1.352633e-02 
 2.080000e+04  1.958555e+02 -2.155160e-02  2.061609e-02 -1.362666e-02 
 2.085000e+04  2.002694e+02 -2.171558e-02  2.076403e-02 -1.372933e-02 
 2.090000e+04  2.047258e+02 -2.187863e-02  2.091096e-02 -1.383135e-02 
 2.095000e+04  2.092713e+02 -2.204229e-02  2.105841e-02 -1.393372e-02 
 2.100000e+04  2.141610e+02 -2.221584e-02  2.121457e-02 -1.404209e-02 
 2.105000e+04  2.190741e+02 -2.238753e-02  2.136885e-02 -1.414917e-02 
 2.110000e+04  2.239872e+02 -2.255627e-02  2.152041e-02 -1.425441e-02 
 2.115000e+04  2.291312e+02 -2.273008e-02  2.167645e-02 -1.436273e-02 
 2.120000e+04  2.342952e+02 -2.290176e-02  2.183048e-02 -1.446964e-02 
 2.125000e+04  2.397119e+02 -2.307900e-02  2.198951e-02 -1.457995e-02 
 2.130000e+04  2.451286e+02 -2.325335e-02  2.214588e-02 -1.468838e-02 
 2.135000e+04  2.508508e+02 -2.343448e-02  2.230821e-02 -1.480099e-02 
 2.140000e+04  2.568227e+02 -2.362054e-02  2.247478e-02 -1.491657e-02 
 2.145000e+04  2.627947e+02 -2.380346e-02  2.263840e-02 -1.503006e-02 
 2.150000e+04  2.689338e+02 -2.398830e-02  2.280343e-02 -1.514456e-02 
 2.155000e+04  2.752043e+02 -2.417402e-02  2.296901e-02 -1.525953e-02 
 2.160000e+04  2.815062e+02 -2.435748e-02  2.313243e-02 -1.537309e-02 
 2.165000e+04  2.882812e+02 -2.455141e-02  2.330505e-02 -1.549302e-02 
 2.170000e+04  2.951944e+02 -2.474614e-02  2.347823e-02 -1.561332e-02 
 2.175000e+04  3.021077e+02 -2.493748e-02  2.364818e-02 -1.573139e-02 
 2.180000e+04  3.093113e+02 -2.513336e-02  2.382190e-02 -1.585210e-02 
 2.185000e+04  3.168823e+02 -2.533572e-02  2.400113e-02 -1.597676e-02 
 2.190000e+04  3.245042e+02 -2.553584e-02  2.417822e-02 -1.610000e-02 
 2.195000e+04  3.322022e+02 -2.573420e-02  2.435366e-02 -1.622213e-02 
 2.200000e+04  3.405333e+02 -2.594513e-02  2.454005e-02 -1.635187e-02 
 2.205000e+04  3.489364e+02 -2.615410e-02  2.472460e-02 -1.648034e-02 
 2.210000e+04  3.573395e+02 -2.635908e-02  2.490560e-02 -1.660629e-02 
 2.215000e+04  3.663850e+02 -2.657556e-02  2.509666e-02 -1.673927e-02 
 2.220000e+04  3.756494e+02 -2.679327e-02  2.528866e-02 -1.687298e-02 
 2.225000e+04  3.849138e+02 -2.700679e-02  2.547681e-02 -1.700407e-02 
 2.230000e+04  3.944747e+02 -2.722291e-02  2.566705e-02 -1.713666e-02 
 2.235000e+04  4.042024e+02 -2.743867e-02  2.585679e-02 -1.726897e-02 
 2.240000e+04  4.140564e+02 -2.765303e-02  2.604521e-02 -1.740041e-02 
 2.245000e+04  4.246382e+02 -2.787897e-02  2.624370e-02 -1.753889e-02 
 2.250000e+04  4.353629e+02 -2.810379e-02  2.644103e-02 -1.767665e-02 
 2.255000e+04  4.460876e+02 -2.832418e-02  2.663433e-02 -1.781167e-02 
 2.260000e+04  4.570697e+02 -2.854536e-02  2.682815e-02 -1.794708e-02 
 2.265000e+04  4.685812e+02 -2.877284e-02  2.702729e-02 -1.808631e-02 
 2.270000e+04  4.801552e+02 -2.899728e-02  2.722355e-02 -1.822371e-02 
 2.275000e+04  4.917293e+02 -2.921738e-02  2.741581e-02 -1.835842e-02 
 2.280000e+04  5.033034e+02 -2.943326e-02  2.760414e-02 -1.849047e-02 
 2.285000e+04  5.148775e+02 -2.964506e-02  2.778885e-02 -1.862005e-02 
 2.290000e+04  5.264515e+02 -2.985290e-02  2.797018e-02 -1.874726e-02 
 2.295000e+04  5.380256e+02 -3.005700e-02  2.814829e-02 -1.887219e-02 
 2.300000e+04  5.495997e+02 -3.025756e-02  2.832336e-02 -1.899505e-02 
 2.305000e+04  5.611738e+02 -3.045466e-02  2.849546e-02 -1.911586e-02 
 2.310000e+04  5.727478e+02 -3.064841e-02  2.866466e-02 -1.923467e-02 
 2.315000e+04  5.843219e+02 -3.083901e-02  2.883102e-02 -1.935158e-02 
 2.320000e+04  5.958960e+02 -3.102656e-02  2.899464e-02 -1.946661e-02 
 2.325000e+04  6.074701e+02 -3.121118e-02  2.915563e-02 -1.957987e-02 
 2.330000e+04  6.190441e+02 -3.139302e-02  2.931403e-02 -1.969141e-02 
 2.335000e+04  6.306182e+02 -3.157213e-02  2.946994e-02 -1.980130e-02 
 2.340000e+04  6.421923e+02 -3.174862e-02  2.962349e-02 -1.990961e-02 
 2.345000e+04  6.537663e+02 -3.192264e-02  2.977471e-02 -2.001639e-02 
 2.350000e+04  6.653404e+02 -3.209428e-02  2.992367e-02 -2.012167e-02 
 2.355000e+04  6.769145e+02 -3.226357e-02  3.007048e-02 -2.022554e-02 
 2.360000e+04  6.884886e+02 -3.243058e-02  3.021515e-02 -2.032802e-02 
 2.365000e+04  7.000626e+02 -3.259533e-02  3.035775e-02 -2.042913e-02 
 2.370000e+04  7.116367e+02 -3.275792e-02  3.049847e-02 -2.052897e-02 
 2.375000e+04  7.232108e+02 -3.291834e-02  3.063736e-02 -2.062755e-02 
 2.380000e+04  7.347849e+02 -3.307661e-02  3.077445e-02 -2.072489e-02 
 2.385000e+04  7.463589e+02 -3.323279e-02  3.090984e-02 -2.082103e-02 
 2.390000e+04  7.579330e+02 -3.338702e-02  3.104358e-02 -2.091603e-02 
 2.395000e+04  7.695071e+02 -3.353933e-02  3.117568e-02 -2.100991e-02 
 2.400000e+04  7.810812e+02 -3.368976e-02  3.130618e-02 -2.110271e-02 
 2.405000e+04  7.926552e+02 -3.383838e-02  3.143511e-02 -2.119445e-02 
 2.410000e+04  8.042293e+02 -3.398523e-02  3.156250e-02 -2.128512e-02 
 2.415000e+04  8.158034e+02 -3.413037e-02  3.168838e-02 -2.137479e-02 
 2.420000e+04  8.273775e+02 -3.427387e-02  3.181282e-02 -2.146353e-02 
 2.425000e+04  8.389515e+02 -3.441579e-02  3.193588e-02 -2.155132e-02 
 2.430000e+04  8.505256e+02 -3.455621e-02  3.205755e-02 -2.163817e-02 
 2.435000e+04  8.620997e+02 -3.469519e-02  3.217784e-02 -2.172412e-02 
 2.440000e+04  8.736738e+02 -3.483274e-02  3.229676e-02 -2.180921e-02 
 2.445000e+04  8.852478e+02 -3.496888e-02  3.241436e-02 -2.189349e-02 
 2.450000e+04  8.968219e+02 -3.510363e-02  3.253069e-02 -2.197693e-02 
 2.455000e+04  9.083960e+02 -3.523698e-02  3.264583e-02 -2.205953e-02 
 2.460000e+04  9.199701e+02 -3.536902e-02  3.275981e-02 -2.214136e-02 
 2.465000e+04  9.315441e+02 -3.549971e-02  3.287269e-02 -2.222243e-02 
 2.470000e+04  9.431182e+02 -3.562907e-02  3.298451e-02 -2.230279e-02 
 2.475000e+04  9.546923e+02 -3.575717e-02  3.309526e-02 -2.238239e-02 
 2.480000e+04  9.662663e+02 -3.588403e-02  3.320498e-02 -2.246127e-02 
 2.485000e+04  9.778404e+02 -3.600967e-02  3.331369e-02 -2.253946e-02 
 2.490000e+04  9.894145e+02 -3.613413e-02  3.342137e-02 -2.261698e-02 
 2.495000e+04  1.000989e+03 -3.625740e-02  3.352805e-02 -2.269384e-02 
 2.500000e+04  1.012563e+03 -3.637954e-02  3.363382e-02 -2.277005e-02 
 2.505000e+04  1.024137e+03 -3.650061e-02  3.373863e-02 -2.284561e-02 
 2.510000e+04  1.035711e+03 -3.662062e-02  3.384248e-02 -2.292055e-02 
 2.515000e+04  1.047285e+03 -3.673960e-02  3.394545e-02 -2.299489e-02 
 2.520000e+04  1.058859e+03 -3.685759e-02  3.404752e-02 -2.306863e-02 
 2.525000e+04  1.070433e+03 -3.697458e-02  3.414870e-02 -2.314178e-02 
 2.530000e+04  1.082007e+03 -3.709064e-02  3.424904e-02 -2.321439e-02 
 2.535000e+04  1.093581e+03 -3.720579e-02  3.434855e-02 -2.328646e-02 
 2.540000e+04  1.105155e+03 -3.732004e-02  3.444721e-02 -2.335798e-02 
 2.545000e+04  1.116729e+03 -3.743339e-02  3.454504e-02 -2.342898e-02 
 2.550000e+04  1.128303e+03 -3.754583e-02  3.464209e-02 -2.349947e-02 
 2.555000e+04  1.139877e+03 -3.765741e-02  3.473839e-02 -2.356945e-02 
 2.560000e+04  1.151452e+03 -3.776815e-02  3.483395e-02 -2.363894e-02 
 2.565000e+04  1.163026e+03 -3.787806e-02  3.492883e-02 -2.370794e-02 
 2.570000e+04  1.174600e+03 -3.798711e-02  3.502297e-02 -2.377645e-02 
 2.575000e+04  1.186174e+03 -3.809533e-02  3.511644e-02 -2.384452e-02 
 2.580000e+04  1.197748e+03 -3.820271e-02  3.520925e-02 -2.391215e-02 
 2.585000e+04  1.209322e+03 -3.830928e-02  3.530143e-02 -2.397931e-02 
 2.590000e+04  1.220896e+03 -3.841507e-02  3.539297e-02 -2.404603e-02 
 2.595000e+04  1.232470e+03 -3.852011e-02  3.548387e-02 -2.411232e-02 
 2.600000e+04  1.244044e+03 -3.862441e-02  3.557414e-02 -2.417819e-02 
 2.605000e+04  1.255618e+03 -3.872799e-02  3.566379e-02 -2.424367e-02 
 2.610000e+04  1.267192e+03 -3.883089e-02  3.575283e-02 -2.430875e-02 
 2.615000e+04  1.278766e+03 -3.893312e-02  3.584128e-02 -2.437342e-02 
 2.620000e+04  1.290340e+03 -3.903470e-02  3.592915e-02 -2.443770e-02 
 2.625000e+04  1.301914e+03 -3.913564e-02  3.601642e-02 -2.450160e-02 
 2.630000e+04  1.313489e+03 -3.923593e-02  3.610314e-02 -2.456514e-02 
 2.635000e+04  1.325063e+03 -3.933559e-02  3.618931e-02 -2.462835e-02 
 2.640000e+04  1.336637e+03 -3.943464e-02  3.627493e-02 -2.469120e-02 
 2.645000e+04  1.348211e+03 -3.953312e-02  3.636003e-02 -2.475371e-02 
 2.650000e+04  1.359785e+03 -3.963102e-02  3.644462e-02 -2.481587e-02 
 2.655000e+04  1.371359e+03 -3.972838e-02  3.652869e-02 -2.487769e-02 
 2.660000e+04  1.382933e+03 -3.982514e-02  3.661227e-02 -2.493918e-02 
 2.665000e+04  1.394507e+03 -3.992131e-02  3.669539e-02 -2.500037e-02 
 2.670000e+04  1.406081e+03 -4.001692e-02  3.677805e-02 -2.506124e-02 
 2.675000e+04  1.417655e+03 -4.011199e-02  3.686025e-02 -2.512180e-02 
 2.680000e+04  1.429229e+03 -4.020652e-02  3.694201e-02 -2.518207e-02 
 2.685000e+04  1.440803e+03 -4.030052e-02  3.702333e-02 -2.524205e-02 
 2.690000e+04  1.452377e+03 -4.039398e-02  3.710420e-02 -2.530172e-02 
 2.695000e+04  1.463952e+03 -4.048696e-02  3.718465e-02 -2.536109e-02 
 2.700000e+04  1.475526e+03 -4.057945e-02  3.726471e-02 -2.542019e-02 
 2.705000e+04  1.487100e+03 -4.067144e-02  3.734433e-02 -2.547899e-02 
 2.710000e+04  1.498674e+03 -4.076292e-02  3.742351e-02 -2.553736e-02 
 2.715000e+04  1.510248e+03 -4.085395e-02  3.750223e-02 -2.559515e-02 
 2.720000e+04  1.521822e+03 -4.094457e-02  3.757995e-02 -2.565267e-02 
 2.725000e+04  1.533396e+03 -4.103456e-02  3.765737e-02 -2.571019e-02 
 2.730000e+04  1.544970e+03 -4.112419e-02  3.773463e-02 -2.576778e-02 
 2.735000e+04  1.556544e+03 -4.121341e-02  3.781193e-02 -2.582521e-02 
 2.740000e+04  1.568118e+03 -4.130236e-02  3.788902e-02 -2.588231e-02 
 2.745000e+04  1.579692e+03 -4.139094e-02  3.796574e-02 -2.593892e-02 
 2.750000e+04  1.591266e+03 -4.147898e-02  3.804187e-02 -2.599527e-02 
 2.755000e+04  1.602840e+03 -4.156622e-02  3.811760e-02 -2.605117e-02 
 2.760000e+04  1.614414e+03 -4.165299e-02  3.819310e-02 -2.610696e-02 
 2.765000e+04  1.625989e+03 -4.173929e-02  3.826811e-02 -2.616266e-02 
 2.770000e+04  1.637563e+03 -4.182536e-02  3.834281e-02 -2.621821e-02 
 2.775000e+04  1.649137e+03 -4.191125e-02  3.841735e-02 -2.627368e-02 
 2.780000e+04  1.660711e+03 -4.199662e-02  3.849154e-02 -2.632893e-02 
 2.785000e+04  1.672285e+03 -4.208154e-02  3.856542e-02 -2.638391e-02 
 2.790000e+04  1.683859e+03 -4.216610e-02  3.863896e-02 -2.643857e-02 
 2.795000e+04  1.695433e+03 -4.225041e-02  3.871219e-02 -2.649311e-02 
 2.800000e+04  1.707007e+03 -4.233413e-02  3.878504e-02 -2.654747e-02 
 2.805000e+04  1.718581e+03 -4.241762e-02  3.885749e-02 -2.660181e-02 
 2.810000e+04  1.730155e+03 -4.250127e-02  3.892966e-02 -2.665589e-02 
 2.815000e+04  1.741729e+03 -4.258471e-02  3.900150e-02 -2.670951e-02 
 2.820000e+04  1.753303e+03 -4.266794e-02  3.907262e-02 -2.676273e-02 
 2.825000e+04  1.764877e+03 -4.275065e-02  3.914334e-02 -2.681598e-02 
 2.830000e+04  1.776452e+03 -4.283297e-02  3.921381e-02 -2.686918e-02 
 2.835000e+04  1.788026e+03 -4.291474e-02  3.928425e-02 -2.692207e-02 
 2.840000e+04  1.799600e+03 -4.299618e-02  3.935477e-02 -2.697496e-02 
 2.845000e+04  1.811174e+03 -4.307741e-02  3.942508e-02 -2.702792e-02 
 2.850000e+04  1.822748e+03 -4.315833e-02  3.949499e-02 -2.708057e-02 
 2.855000e+04  1.834322e+03 -4.323875e-02  3.956476e-02 -2.713298e-02 
 2.860000e+04  1.845896e+03 -4.331905e-02  3.963448e-02 -2.718524e-02 
 2.865000e+04  1.857470e+03 -4.339893e-02  3.970383e-02 -2.723720e-02 
 2.870000e+04  1.869044e+03 -4.347824e-02  3.977289e-02 -2.728909e-02 
 2.875000e+04  1.880618e+03 -4.355748e-02  3.984174e-02 -2.734093e-02 
 2.880000e+04  1.892192e+03 -4.363628e-02  3.991047e-02 -2.739244e-02 
 2.885000e+04  1.903766e+03 -4.371463e-02  3.997893e-02 -2.744374e-02 
 2.890000e+04  1.915340e+03 -4.379298e-02  4.004715e-02 -2.749474e-02 
 2.895000e+04  1.926914e+03 -4.387118e-02  4.011499e-02 -2.754584e-02 
 2.900000e+04  1.938489e+03 -4.394913e-02  4.018240e-02 -2.759686e-02 
 2.905000e+04  1.950063e+03 -4.402696e-02  4.024951e-02 -2.764790e-02 
 2.910000e+04  1.961637e+03 -4.410487e-02  4.031652e-02 -2.769876e-02 
 2.915000e+04  1.973211e+03 -4.418245e-02  4.038331e-02 -2.774926e-02 
 2.920000e+04  1.984785e+03 -4.425990e-02  4.044995e-02 -2.779923e-02 
 2.925000e+04  1.996359e+03 -4.433713e-02  4.051592e-02 -2.784905e-02 
 2.930000e+04  2.007933e+03 -4.441403e-02  4.058182e-02 -2.789904e-02 
 2.935000e+04  2.019507e+03 -4.449009e-02  4.064775e-02 -2.794916e-02 
 2.940000e+04  2.031081e+03 -4.456615e-02  4.071353e-02 -2.799908e-02 
 2.945000e+04  2.042655e+03 -4.464220e-02  4.077916e-02 -2.804869e-02 
 2.950000e+04  2.054229e+03 -4.471820e-02  4.084454e-02 -2.809821e-02 
 2.955000e+04  2.065803e+03 -4.479403e-02  4.090973e-02 -2.814775e-02 
 2.960000e+04  2.077377e+03 -4.486937e-02  4.097489e-02 -2.819725e-02 
 2.965000e+04  2.088952e+03 -4.494444e-02  4.103999e-02 -2.824655e-02 
 2.970000e+04  2.100526e+03 -4.501926e-02  4.110503e-02 -2.829538e-02 
 2.975000e+04  2.112100e+03 -4.509333e-02  4.116965e-02 -2.834409e-02 
 2.980000e+04  2.123674e+03 -4.516716e-02  4.123405e-02 -2.839274e-02 
 2.985000e+04  2.135248e+03 -4.524056e-02  4.129844e-02 -2.844136e-02 
 2.990000e+04  2.146822e+03 -4.531427e-02  4.136263e-02 -2.848978e-02 
 2.995000e+04  2.158396e+03 -4.538801e-02  4.142612e-02 -2.853805e-02 
 3.000000e+04  2.169970e+03 -4.546144e-02  4.148947e-02 -2.858638e-02 
 3.005000e+04  2.181544e+03 -4.553471e-02  4.155285e-02 -2.863450e-02 
 3.010000e+04  2.193118e+03 -4.560774e-02  4.161627e-02 -2.868261e-02 
 3.015000e+04  2.204692e+03 -4.568048e-02  4.167962e-02 -2.873038e-02 
 3.020000e+04  2.216266e+03 -4.575296e-02  4.174271e-02 -2.877806e-02 
 3.025000e+04  2.227840e+03 -4.582545e-02  4.180563e-02 -2.882566e-02 
 3.030000e+04  2.239414e+03 -4.589769e-02  4.186827e-02 -2.887328e-02 
 3.035000e+04  2.250989e+03 -4.596953e-02  4.193076e-02 -2.892077e-02 
 3.040000e+04  2.262563e+03 -4.604106e-02  4.199304e-02 -2.896828e-02 
 3.045000e+04  2.274137e+03 -4.611255e-02  4.205508e-02 -2.901526e-02 
 3.050000e+04  2.285711e+03 -4.618375e-02  4.211640e-02 -2.906212e-02 
 3.055000e+04  2.297285e+03 -4.625513e-02  4.217784e-02 -2.910870e-02 
 3.060000e+04  2.308859e+03 -4.632622e-02  4.223942e-02 -2.915556e-02 
 3.065000e+04  2.320433e+03 -4.639732e-02  4.230106e-02 -2.920263e-02 
 3.070000e+04  2.332007e+03 -4.646822e-02  4.236280e-02 -2.924959e-02 
 3.075000e+04  2.343581e+03 -4.653891e-02  4.242451e-02 -2.929643e-02 
 3.080000e+04  2.355155e+03 -4.660897e-02  4.248589e-02 -2.934310e-02 
 3.085000e+04  2.366729e+03 -4.667867e-02  4.254710e-02 -2.938967e-02 
 3.090000e+04  2.378303e+03 -4.674871e-02  4.260803e-02 -2.943581e-02 
 3.095000e+04  2.389877e+03 -4.681871e-02  4.266873e-02 -2.948166e-02 
 3.100000e+04  2.401452e+03 -4.688827e-02  4.272911e-02 -2.952730e-02 
 3.105000e+04  2.413026e+03 -4.695739e-02  4.278916e-02 -2.957308e-02 
 3.110000e+04  2.424600e+03 -4.702655e-02  4.284923e-02 -2.961887e-02 
 3.115000e+04  2.436174e+03 -4.709570e-02  4.290904e-02 -2.966462e-02 
 3.120000e+04  2.447748e+03 -4.716471e-02  4.296900e-02 -2.971039e-02 
 3.125000e+04  2.459322e+03 -4.723342e-02  4.302921e-02 -2.975636e-02 
 3.130000e+04  2.470896e+03 -4.730241e-02  4.308935e-02 -2.980229e-02 
 3.135000e+04  2.482470e+03 -4.737134e-02  4.314928e-02 -2.984789e-02 
 3.140000e+04  2.494044e+03 -4.744017e-02  4.320913e-02 -2.989313e-02 
 3.145000e+04  2.505618e+03 -4.750909e-02  4.326881e-02 -2.993834e-02 
 3.150000e+04  2.517192e+03 -4.757754e-02  4.332801e-02 -2.998358e-02 
 3.155000e+04  2.528766e+03 -4.764588e-02  4.338681e-02 -3.002877e-02 
 3.160000e+04  2.540340e+03 -4.771406e-02  4.344557e-02 -3.007390e-02 
 3.165000e+04  2.551914e+03 -4.778203e-02  4.350412e-02 -3.011891e-02 
 3.170000e+04  2.563489e+03 -4.784983e-02  4.356275e-02 -3.016373e-02 
 3.175000e+04  2.575063e+03 -4.791768e-02  4.362103e-02 -3.020844e-02 
 3.180000e+04  2.586637e+03 -4.798499e-02  4.367945e-02 -3.025321e-02 
 3.185000e+04  2.598211e+03 -4.805226e-02  4.373818e-02 -3.029798e-02 
 3.190000e+04  2.609785e+03 -4.811913e-02  4.379670e-02 -3.034254e-02 
 3.195000e+04  2.621359e+03 -4.818596e-02  4.385503e-02 -3.038666e-02 
 3.200000e+04  2.632933e+03 -4.825278e-02  4.391347e-02 -3.043094e-02 
 3.205000e+04  2.644507e+03 -4.831923e-02  4.397167e-02 -3.047545e-02 
 3.210000e+04  2.656081e+03 -4.838575e-02  4.402937e-02 -3.051984e-02 
 3.215000e+04  2.667655e+03 -4.845192e-02  4.408708e-02 -3.056413e-02 
 3.220000e+04  2.679229e+03 -4.851818e-02  4.414487e-02 -3.060829e-02 
 3.225000e+04  2.690803e+03 -4.858434e-02  4.420281e-02 -3.065246e-02 
 3.230000e+04  2.702377e+03 -4.865042e-02  4.426088e-02 -3.069652e-02 
 3.235000e+04  2.713952e+03 -4.871641e-02  4.431880e-02 -3.074047e-02 
 3.240000e+04  2.725526e+03 -4.878179e-02  4.437650e-02 -3.078433e-02 
 3.245000e+04  2.737100e+03 -4.884744e-02  4.443398e-02 -3.082833e-02 
 3.250000e+04  2.748674e+03 -4.891326e-02  4.449097e-02 -3.087224e-02 
 3.255000e+04  2.760248e+03 -4.897884e-02  4.454777e-02 -3.091594e-02 
 3.260000e+04  2.771822e+03 -4.904432e-02  4.460463e-02 -3.095969e-02 
 3.265000e+04  2.783396e+03 -4.910920e-02  4.466162e-02 -3.100333e-02 
 3.270000e+04  2.794970e+03 -4.917427e-02  4.471808e-02 -3.104663e-02 
 3.275000e+04  2.806544e+03 -4.923941e-02  4.477366e-02 -3.108992e-02 
 3.280000e+04  2.818118e+03 -4.930452e-02  4.482938e-02 -3.113293e-02 
 3.285000e+04  2.829692e+03 -4.936959e-02  4.488513e-02 -3.117564e-02 
 3.290000e+04  2.841266e+03 -4.943417e-02  4.494122e-02 -3.121864e-02 
 3.295000e+04  2.852840e+03 -4.949846e-02  4.499764e-02 -3.126188e-02 
 3.300000e+04  2.864414e+03 -4.956258e-02  4.505389e-02 -3.130509e-02 
 3.305000e+04  2.875989e+03 -4.962614e-02  4.510992e-02 -3.134820e-02 
 3.310000e+04  2.887563e+03 -4.968983e-02  4.516579e-02 -3.139097e-02 
 3.315000e+04  2.899137e+03 -4.975356e-02  4.522124e-02 -3.143361e-02 
 3.320000e+04  2.910711e+03 -4.981743e-02  4.527682e-02 -3.147620e-02 
 3.325000e+04  2.922285e+03 -4.988109e-02  4.533243e-02 -3.151865e-02 
 3.330000e+04  2.933859e+03 -4.994457e-02  4.538843e-02 -3.156112e-02 
 3.335000e+04  2.945433e+03 -5.000806e-02  4.544443e-02 -3.160370e-02 
 3.340000e+04  2.957007e+03 -5.007147e-02  4.549995e-02 -3.164640e-02 
 3.345000e+04  2.968581e+03 -5.013480e-02  4.555516e-02 -3.168896e-02 
 3.350000e+04  2.980155e+03 -5.019820e-02  4.561019e-02 -3.173142e-02 
 3.355000e+04  2.991729e+03 -5.026126e-02  4.566530e-02 -3.177369e-02 
 3.360000e+04  3.003303e+03 -5.032413e-02  4.572046e-02 -3.181600e-02 
 3.365000e+04  3.014877e+03 -5.038720e-02  4.577552e-02 -3.185833e-02 
 3.370000e+04  3.026452e+03 -5.045023e-02  4.583058e-02 -3.190045e-02 
 3.375000e+04  3.038026e+03 -5.051317e-02  4.588557e-02 -3.194244e-02 
 3.380000e+04  3.049600e+03 -5.057581e-02  4.594056e-02 -3.198444e-02 
 3.385000e+04  3.061174e+03 -5.063815e-02  4.599516e-02 -3.202661e-02 
 3.390000e+04  3.072748e+03 -5.070054e-02  4.604967e-02 -3.206866e-02 
 3.395000e+04  3.084322e+03 -5.076269e-02  4.610403e-02 -3.211063e-02 
 3.400000e+04  3.095896e+03 -5.082498e-02  4.615837e-02 -3.215260e-02 
 3.405000e+04  3.107470e+03 -5.088725e-02  4.621275e-02 -3.219440e-02 
 3.410000e+04  3.119044e+03 -5.094940e-02  4.626690e-02 -3.223603e-02 
 3.415000e+04  3.130618e+03 -5.101159e-02  4.632084e-02 -3.227768e-02 
 3.420000e+04  3.142192e+03 -5.107355e-02  4.637485e-02 -3.231921e-02 
 3.425000e+04  3.153766e+03 -5.113500e-02  4.642914e-02 -3.236064e-02 
 3.430000e+04  3.165340e+03 -5.119634e-02  4.648355e-02 -3.240210e-02 
 3.435000e+04  3.176914e+03 -5.125767e-02  4.653798e-02 -3.244356e-02 
 3.440000e+04  3.188489e+03 -5.131938e-02  4.659227e-02 -3.248505e-02 
 3.445000e+04  3.200063e+03 -5.138113e-02  4.664640e-02 -3.252661e-02 
 3.450000e+04  3.211637e+03 -5.144251e-02  4.670002e-02 -3.256808e-02 
 3.455000e+04  3.223211e+03 -5.150359e-02  4.675345e-02 -3.260943e-02 
 3.460000e+04  3.234785e+03 -5.156408e-02  4.680686e-02 -3.265057e-02 
 3.465000e+04  3.246359e+03 -5.162486e-02  4.685995e-02 -3.269151e-02 
 3.470000e+04  3.257933e+03 -5.168586e-02  4.691278e-02 -3.273219e-02 
 3.475000e+04  3.269507e+03 -5.174702e-02  4.696588e-02 -3.277282e-02 
 3.480000e+04  3.281081e+03 -5.180829e-02  4.701941e-02 -3.281364e-02 
 3.485000e+04  3.292655e+03 -5.186897e-02  4.707305e-02 -3.285457e-02 
 3.490000e+04  3.304229e+03 -5.192951e-02  4.712644e-02 -3.289545e-02 
 3.495000e+04  3.315803e+03 -5.198996e-02  4.717948e-02 -3.293646e-02 
 3.500000e+04  3.327377e+03 -5.205024e-02  4.723222e-02 -3.297733e-02 
 3.505000e+04  3.338952e+03 -5.211043e-02  4.728458e-02 -3.301801e-02 
 3.510000e+04  3.350526e+03 -5.217071e-02  4.733704e-02 -3.305854e-02 
 3.515000e+04  3.362100e+03 -5.223104e-02  4.738980e-02 -3.309894e-02 
 3.520000e+04  3.373674e+03 -5.229134e-02  4.744239e-02 -3.313909e-02 
 3.525000e+04  3.385248e+03 -5.235134e-02  4.749514e-02 -3.317930e-02 
 3.530000e+04  3.396822e+03 -5.241094e-02  4.754761e-02 -3.321966e-02 
 3.535000e+04  3.408396e+03 -5.247025e-02  4.759989e-02 -3.325995e-02 
 3.540000e+04  3.419970e+03 -5.252981e-02  4.765228e-02 -3.330040e-02 
 3.545000e+04  3.431544e+03 -5.258956e-02  4.770493e-02 -3.334087e-02 
 3.550000e+04  3.443118e+03 -5.264943e-02  4.775758e-02 -3.338123e-02 
 3.555000e+04  3.454692e+03 -5.270913e-02  4.781023e-02 -3.342149e-02 
 3.560000e+04  3.466266e+03 -5.276874e-02  4.786276e-02 -3.346154e-02 
 3.565000e+04  3.477840e+03 -5.282827e-02  4.791469e-02 -3.350153e-02 
 3.570000e+04  3.489414e+03 -5.288734e-02  4.796637e-02 -3.354145e-02 
 3.575000e+04  3.500989e+03 -5.294630e-02  4.801802e-02 -3.358144e-02 
 3.580000e+04  3.512563e+03 -5.300525e-02  4.806995e-02 -3.362150e-02 
 3.585000e+04  3.524137e+03 -5.306432e-02  4.812174e-02 -3.366158e-02 
 3.590000e+04  3.535711e+03 -5.312325e-02  4.817362e-02 -3.370173e-02 
 3.595000e+04  3.547285e+03 -5.318219e-02  4.822563e-02 -3.374176e-02 
 3.600000e+04  3.558859e+03 -5.324129e-02  4.827759e-02 -3.378150e-02 
 3.605000e+04  3.570433e+03 -5.330031e-02  4.832953e-02 -3.382102e-02 
 3.610000e+04  3.582007e+03 -5.335931e-02  4.838143e-02 -3.386054e-02 
 3.615000e+04  3.593581e+03 -5.341782e-02  4.843334e-02 -3.389998e-02 
 3.620000e+04  3.605155e+03 -5.347587e-02  4.848492e-02 -3.393939e-02 
 3.625000e+04  3.616729e+03 -5.353396e-02  4.853571e-02 -3.397886e-02 
 3.630000e+04  3.628303e+03 -5.359225e-02  4.858640e-02 -3.401858e-02 
 3.635000e+04  3.639877e+03 -5.365045e-02  4.863735e-02 -3.405813e-02 
 3.640000e+04  3.651452e+03 -5.370866e-02  4.868851e-02 -3.409756e-02 
 3.645000e+04  3.663026e+03 -5.376702e-02  4.874010e-02 -3.413704e-02 
 3.650000e+04  3.674600e+03 -5.382559e-02  4.879157e-02 -3.417642e-02 
 3.655000e+04  3.686174e+03 -5.388408e-02  4.884265e-02 -3.421559e-02 
 3.660000e+04  3.697748e+03 -5.394215e-02  4.889372e-02 -3.425478e-02 
 3.665000e+04  3.709322e+03 -5.400011e-02  4.894477e-02 -3.429402e-02 
 3.670000e+04  3.720896e+03 -5.405818e-02  4.899575e-02 -3.433326e-02 
 3.675000e+04  3.732470e+03 -5.411624e-02  4.904645e-02 -3.437250e-02 
 3.680000e+04  3.744044e+03 -5.417422e-02  4.909691e-02 -3.441174e-02 
 3.685000e+04  3.755618e+03 -5.423185e-02  4.914707e-02 -3.445092e-02 
 3.690000e+04  3.767192e+03 -5.428958e-02  4.919733e-02 -3.449001e-02 
 3.695000e+04  3.778766e+03 -5.434739e-02  4.924784e-02 -3.452892e-02 
 3.700000e+04  3.790340e+03 -5.440509e-02  4.929851e-02 -3.456777e-02 
 3.705000e+04  3.801914e+03 -5.446261e-02  4.934946e-02 -3.460663e-02 
 3.710000e+04  3.813489e+03 -5.452003e-02  4.940047e-02 -3.464554e-02 
 3.715000e+04  3.825063e+03 -5.457755e-02  4.945126e-02 -3.468433e-02 
 3.720000e+04  3.836637e+03 -5.463481e-02  4.950182e-02 -3.472313e-02 
 3.725000e+04  3.848211e+03 -5.469187e-02  4.955253e-02 -3.476194e-02 
 3.730000e+04  3.859785e+03 -5.474863e-02  4.960298e-02 -3.480076e-02 
 3.735000e+04  3.871359e+03 -5.480551e-02  4.965331e-02 -3.483956e-02 
 3.740000e+04  3.882933e+03 -5.486260e-02  4.970363e-02 -3.487839e-02 
 3.745000e+04  3.894507e+03 -5.491977e-02  4.975383e-02 -3.491702e-02 
 3.750000e+04  3.906081e+03 -5.497691e-02  4.980388e-02 -3.495544e-02 
 3.755000e+04  3.917655e+03 -5.503406e-02  4.985402e-02 -3.499395e-02 
 3.760000e+04  3.929229e+03 -5.509089e-02  4.990428e-02 -3.503236e-02 
 3.765000e+04  3.940803e+03 -5.514762e-02  4.995423e-02 -3.507079e-02 
 3.770000e+04  3.952377e+03 -5.520441e-02  5.000402e-02 -3.510916e-02 
 3.775000e+04  3.963952e+03 -5.526117e-02  5.005379e-02 -3.514742e-02 
 3.780000e+04  3.975526e+03 -5.531788e-02  5.010342e-02 -3.518546e-02 
 3.785000e+04  3.987100e+03 -5.537424e-02  5.015291e-02 -3.522345e-02 
 3.790000e+04  3.998674e+03 -5.543067e-02  5.020250e-02 -3.526153e-02 
 3.795000e+04  4.010248e+03 -5.548685e-02  5.025198e-02 -3.529982e-02 
 3.800000e+04  4.021822e+03 -5.554279e-02  5.030141e-02 -3.533817e-02 
 3.805000e+04  4.033396e+03 -5.559862e-02  5.035111e-02 -3.537655e-02 
 3.810000e+04  4.044970e+03 -5.565455e-02  5.040097e-02 -3.541456e-02 
 3.815000e+04  4.056544e+03 -5.571066e-02  5.045091e-02 -3.545244e-02 
 3.820000e+04  4.068118e+03 -5.576679e-02  5.050089e-02 -3.549021e-02 
 3.825000e+04  4.079692e+03 -5.582282e-02  5.055084e-02 -3.552796e-02 
 3.830000e+04  4.091266e+03 -5.587887e-02  5.060063e-02 -3.556590e-02 
 3.835000e+04  4.102840e+03 -5.593504e-02  5.065028e-02 -3.560408e-02 
 3.840000e+04  4.114414e+03 -5.599117e-02  5.069971e-02 -3.564226e-02 
 3.845000e+04  4.125989e+03 -5.604726e-02  5.074897e-02 -3.568032e-02 
 3.850000e+04  4.137563e+03 -5.610340e-02  5.079798e-02 -3.571830e-02 
 3.855000e+04  4.149137e+03 -5.615955e-02  5.084676e-02 -3.575618e-02 
 3.860000e+04  4.160711e+03 -5.621572e-02  5.089564e-02 -3.579389e-02 
 3.865000e+04  4.172285e+03 -5.627163e-02  5.094469e-02 -3.583151e-02 
 3.870000e+04  4.183859e+03 -5.632737e-02  5.099385e-02 -3.586916e-02 
 3.875000e+04  4.195433e+03 -5.638330e-02  5.104307e-02 -3.590680e-02 
 3.880000e+04  4.207007e+03 -5.643934e-02  5.109220e-02 -3.594449e-02 
 3.885000e+04  4.218581e+03 -5.649524e-02  5.114128e-02 -3.598219e-02 
 3.890000e+04  4.230155e+03 -5.655071e-02  5.119025e-02 -3.601983e-02 
 3.895000e+04  4.241729e+03 -5.660608e-02  5.123893e-02 -3.605729e-02 
 3.900000e+04  4.253303e+03 -5.666152e-02  5.128766e-02 -3.609468e-02 
 3.905000e+04  4.264877e+03 -5.671677e-02  5.133655e-02 -3.613204e-02 
 3.910000e+04  4.276452e+03 -5.677162e-02  5.138557e-02 -3.616949e-02 
 3.915000e+04  4.288026e+03 -5.682624e-02  5.143473e-02 -3.620703e-02 
 3.920000e+04  4.299600e+03 -5.688108e-02  5.148385e-02 -3.624458e-02 
 3.925000e+04  4.311174e+03 -5.693613e-02  5.153284e-02 -3.628204e-02 
 3.930000e+04  4.322748e+03 -5.699125e-02  5.158158e-02 -3.631944e-02 
 3.935000e+04  4.334322e+03 -5.704625e-02  5.163044e-02 -3.635681e-02 
 3.940000e+04  4.345896e+03 -5.710113e-02  5.167933e-02 -3.639406e-02 
 3.945000e+04  4.357470e+03 -5.715608e-02  5.172801e-02 -3.643120e-02 
 3.950000e+04  4.369044e+03 -5.721130e-02  5.177656e-02 -3.646839e-02 
 3.955000e+04  4.380618e+03 -5.726662e-02  5.182499e-02 -3.650567e-02 
 3.960000e+04  4.392192e+03 -5.732189e-02  5.187331e-02 -3.654293e-02 
 3.965000e+04  4.403766e+03 -5.737709e-02  5.192158e-02 -3.658025e-02 
 3.970000e+04  4.415340e+03 -5.743220e-02  5.196986e-02 -3.661755e-02 
 3.975000e+04  4.426914e+03 -5.748730e-02  5.201813e-02 -3.665472e-02 
 3.980000e+04  4.438489e+03 -5.754243e-02  5.206625e-02 -3.669187e-02 
 3.985000e+04  4.450063e+03 -5.759753e-02  5.211413e-02 -3.672901e-02 
 3.990000e+04  4.461637e+03 -5.765253e-02  5.216169e-02 -3.676614e-02 
 3.995000e+04  4.473211e+03 -5.770727e-02  5.220919e-02 -3.680295e-02 
 4.000000e+04  4.484785e+03 -5.776188e-02  5.225655e-02 -3.683961e-02 
 4.005000e+04  4.496359e+03 -5.781648e-02  5.230434e-02 -3.687639e-02 
 4.010000e+04  4.507933e+03 -5.787084e-02  5.235233e-02 -3.691323e-02 
 4.015000e+04  4.519507e+03 -5.792497e-02  5.240054e-02 -3.695005e-02 
 4.020000e+04  4.531081e+03 -5.797913e-02  5.244899e-02 -3.698708e-02 
 4.025000e+04  4.542655e+03 -5.803327e-02  5.249761e-02 -3.702414e-02 
 4.030000e+04  4.554229e+03 -5.808731e-02  5.254606e-02 -3.706104e-02 
 4.035000e+04  4.565803e+03 -5.814124e-02  5.259443e-02 -3.709785e-02 
 4.040000e+04  4.577377e+03 -5.819523e-02  5.264270e-02 -3.713466e-02 
 4.045000e+04  4.588952e+03 -5.824922e-02  5.269083e-02 -3.717141e-02 
 4.050000e+04  4.600526e+03 -5.830309e-02  5.273873e-02 -3.720800e-02 
 4.055000e+04  4.612100e+03 -5.835708e-02  5.278645e-02 -3.724457e-02 
 4.060000e+04  4.623674e+03 -5.841124e-02  5.283422e-02 -3.728118e-02 
 4.065000e+04  4.635248e+03 -5.846530e-02  5.288195e-02 -3.731785e-02 
 4.070000e+04  4.646822e+03 -5.851931e-02  5.292893e-02 -3.735455e-02 
 4.075000e+04  4.658396e+03 -5.857328e-02  5.297600e-02 -3.739125e-02 
 4.080000e+04  4.669970e+03 -5.862743e-02  5.302320e-02 -3.742787e-02 
 4.085000e+04  4.681544e+03 -5.868169e-02  5.307048e-02 -3.746427e-02 
 4.090000e+04  4.693118e+03 -5.873608e-02  5.311784e-02 -3.750062e-02 
 4.095000e+04  4.704692e+03 -5.879059e-02  5.316527e-02 -3.753711e-02 
 4.100000e+04  4.716266e+03 -5.884485e-02  5.321265e-02 -3.757368e-02 
 4.105000e+04  4.727840e+03 -5.889883e-02  5.325988e-02 -3.761026e-02 
 4.110000e+04  4.739414e+03 -5.895268e-02  5.330705e-02 -3.764688e-02 
 4.115000e+04  4.750989e+03 -5.900636e-02  5.335432e-02 -3.768347e-02 
 4.120000e+04  4.762563e+03 -5.905987e-02  5.340168e-02 -3.771987e-02 
 4.125000e+04  4.774137e+03 -5.911332e-02  5.344907e-02 -3.775613e-02 
 4.130000e+04  4.785711e+03 -5.916678e-02  5.349651e-02 -3.779230e-02 
 4.135000e+04  4.797285e+03 -5.922015e-02  5.354406e-02 -3.782848e-02 
 4.140000e+04  4.808859e+03 -5.927333e-02  5.359162e-02 -3.786472e-02 
 4.145000e+04  4.820433e+03 -5.932640e-02  5.363908e-02 -3.790101e-02 
 4.150000e+04  4.832007e+03 -5.937944e-02  5.368645e-02 -3.793739e-02 
 4.155000e+04  4.843581e+03 -5.943252e-02  5.373365e-02 -3.797375e-02 
 4.160000e+04  4.855155e+03 -5.948563e-02  5.378079e-02 -3.801011e-02 
 4.165000e+04  4.866729e+03 -5.953881e-02  5.382791e-02 -3.804632e-02 
 4.170000e+04  4.878303e+03 -5.959210e-02  5.387498e-02 -3.808227e-02 
 4.175000e+04  4.889877e+03 -5.964532e-02  5.392194e-02 -3.811825e-02 
 4.180000e+04  4.901452e+03 -5.969852e-02  5.396889e-02 -3.815430e-02 
 4.185000e+04  4.913026e+03 -5.975185e-02  5.401516e-02 -3.819051e-02 
 4.190000e+04  4.924600e+03 -5.980528e-02  5.406146e-02 -3.822674e-02 
 4.195000e+04  4.936174e+03 -5.985849e-02  5.410779e-02 -3.826295e-02 
 4.200000e+04  4.947748e+03 -5.991142e-02  5.415423e-02 -3.829910e-02 
 4.205000e+04  4.959322e+03 -5.996439e-02  5.420077e-02 -3.833518e-02 
 4.210000e+04  4.970896e+03 -6.001744e-02  5.424741e-02 -3.837099e-02 
 4.215000e+04  4.982470e+03 -6.007033e-02  5.429397e-02 -3.840667e-02 
 4.220000e+04  4.994044e+03 -6.012319e-02  5.434054e-02 -3.844239e-02 
 4.225000e+04  5.005618e+03 -6.017605e-02  5.438722e-02 -3.847834e-02 
 4.230000e+04  5.017192e+03 -6.022885e-02  5.443382e-02 -3.851435e-02 
 4.235000e+04  5.028766e+03 -6.028139e-02  5.448044e-02 -3.855040e-02 
 4.240000e+04  5.040340e+03 -6.033374e-02  5.452704e-02 -3.858651e-02 
 4.245000e+04  5.051914e+03 -6.038599e-02  5.457374e-02 -3.862248e-02 
 4.250000e+04  5.063489e+03 -6.043820e-02  5.462042e-02 -3.865831e-02 
 4.255000e+04  5.075063e+03 -6.049049e-02  5.466719e-02 -3.869395e-02 
 4.260000e+04  5.086637e+03 -6.054266e-02  5.471396e-02 -3.872962e-02 
 4.265000e+04  5.098211e+03 -6.059477e-02  5.476071e-02 -3.876521e-02 
 4.270000e+04  5.109785e+03 -6.064699e-02  5.480734e-02 -3.880086e-02 
 4.275000e+04  5.121359e+03 -6.069927e-02  5.485390e-02 -3.883664e-02 
 4.280000e+04  5.132933e+03 -6.075150e-02  5.490020e-02 -3.887242e-02 
 4.285000e+04  5.144507e+03 -6.080378e-02  5.494630e-02 -3.890820e-02 
 4.290000e+04  5.156081e+03 -6.085617e-02  5.499241e-02 -3.894406e-02 
 4.295000e+04  5.167655e+03 -6.090854e-02  5.503857e-02 -3.897975e-02 
 4.300000e+04  5.179229e+03 -6.096097e-02  5.508471e-02 -3.901528e-02 
 4.305000e+04  5.190803e+03 -6.101350e-02  5.513089e-02 -3.905081e-02 
 4.310000e+04  5.202377e+03 -6.106602e-02  5.517702e-02 -3.908630e-02 
 4.315000e+04  5.213952e+03 -6.111841e-02  5.522302e-02 -3.912169e-02 
 4.320000e+04  5.225526e+03 -6.117059e-02  5.526899e-02 -3.915719e-02 
 4.325000e+04  5.237100e+03 -6.122274e-02  5.531484e-02 -3.919285e-02 
 4.330000e+04  5.248674e+03 -6.127488e-02  5.536066e-02 -3.922855e-02 
 4.335000e+04  5.260248e+03 -6.132688e-02  5.540639e-02 -3.926408e-02 
 4.340000e+04  5.271822e+03 -6.137890e-02  5.545226e-02 -3.929961e-02 
 4.345000e+04  5.283396e+03 -6.143070e-02  5.549836e-02 -3.933514e-02 
