         Step [creep.tim... Z Displace... Z Displace... X Displace... 
------------- ------------- ------------- ------------- ------------- 
 5.250000e+03  1.276223e-07 -4.629353e-03  4.524540e-03 -2.433365e-03 
 5.300000e+03  3.886505e-06 -4.629569e-03  4.524657e-03 -2.433588e-03 
 5.350000e+03  2.881159e-05 -4.630626e-03  4.524938e-03 -2.434387e-03 
 5.400000e+03  1.393895e-04 -4.631315e-03  4.525189e-03 -2.434643e-03 
 5.450000e+03  4.764446e-04 -4.632198e-03  4.526750e-03 -2.436096e-03 
 5.500000e+03  8.390579e-04 -4.635542e-03  4.530152e-03 -2.439630e-03 
 5.550000e+03  1.201671e-03 -4.640995e-03  4.535643e-03 -2.444560e-03 
 5.600000e+03  1.595200e-03 -4.647821e-03  4.543378e-03 -2.450123e-03 
 5.650000e+03  2.204447e-03 -4.658021e-03  4.555455e-03 -2.457846e-03 
 5.700000e+03  2.843746e-03 -4.666439e-03  4.565021e-03 -2.463892e-03 
 5.750000e+03  3.589695e-03 -4.672860e-03  4.570887e-03 -2.467980e-03 
 5.800000e+03  4.343542e-03 -4.678903e-03  4.575550e-03 -2.472285e-03 
 5.850000e+03  5.097389e-03 -4.686394e-03  4.582002e-03 -2.478592e-03 
 5.900000e+03  5.851237e-03 -4.695579e-03  4.591069e-03 -2.486830e-03 
 5.950000e+03  6.624143e-03 -4.705808e-03  4.602380e-03 -2.496286e-03 
 6.000000e+03  7.760573e-03 -4.720596e-03  4.619099e-03 -2.509395e-03 
 6.050000e+03  8.930038e-03 -4.734413e-03  4.632921e-03 -2.519851e-03 
 6.100000e+03  1.022050e-02 -4.747086e-03  4.643899e-03 -2.527415e-03 
 6.150000e+03  1.157430e-02 -4.759035e-03  4.654654e-03 -2.534537e-03 
 6.200000e+03  1.292810e-02 -4.771383e-03  4.667130e-03 -2.543279e-03 
 6.250000e+03  1.428190e-02 -4.785027e-03  4.681949e-03 -2.554300e-03 
 6.300000e+03  1.563983e-02 -4.799895e-03  4.698340e-03 -2.567505e-03 
 6.350000e+03  1.745684e-02 -4.819645e-03  4.718933e-03 -2.585584e-03 
 6.400000e+03  1.936177e-02 -4.837255e-03  4.736404e-03 -2.600870e-03 
 6.450000e+03  2.136605e-02 -4.852830e-03  4.752527e-03 -2.613153e-03 
 6.500000e+03  2.346624e-02 -4.868576e-03  4.769042e-03 -2.624312e-03 
 6.550000e+03  2.556643e-02 -4.885067e-03  4.786445e-03 -2.635816e-03 
 6.600000e+03  2.766661e-02 -4.903180e-03  4.805746e-03 -2.648990e-03 
 6.650000e+03  2.976890e-02 -4.922942e-03  4.826831e-03 -2.664084e-03 
 6.700000e+03  3.226692e-02 -4.945659e-03  4.851069e-03 -2.682842e-03 
 6.750000e+03  3.482737e-02 -4.964803e-03  4.870507e-03 -2.699729e-03 
 6.800000e+03  3.782657e-02 -4.984834e-03  4.890131e-03 -2.717036e-03 
 6.850000e+03  4.092951e-02 -5.005596e-03  4.910629e-03 -2.733320e-03 
 6.900000e+03  4.403244e-02 -5.026708e-03  4.931910e-03 -2.749002e-03 
 6.950000e+03  4.713538e-02 -5.048859e-03  4.954542e-03 -2.765117e-03 
 7.000000e+03  5.034433e-02 -5.073370e-03  4.979905e-03 -2.782701e-03 
 7.050000e+03  5.408005e-02 -5.101951e-03  5.009196e-03 -2.802892e-03 
 7.100000e+03  5.785169e-02 -5.126559e-03  5.033478e-03 -2.821161e-03 
 7.150000e+03  6.201918e-02 -5.150458e-03  5.057377e-03 -2.840444e-03 
 7.200000e+03  6.638532e-02 -5.174842e-03  5.082170e-03 -2.860498e-03 
 7.250000e+03  7.075146e-02 -5.199134e-03  5.107201e-03 -2.880112e-03 
 7.300000e+03  7.511761e-02 -5.224015e-03  5.132869e-03 -2.899641e-03 
 7.350000e+03  7.991447e-02 -5.252777e-03  5.162123e-03 -2.921053e-03 
 7.400000e+03  8.519122e-02 -5.284252e-03  5.193604e-03 -2.942929e-03 
 7.450000e+03  9.049829e-02 -5.312128e-03  5.221934e-03 -2.962600e-03 
 7.500000e+03  9.580537e-02 -5.337927e-03  5.248695e-03 -2.981838e-03 
 7.550000e+03  1.011124e-01 -5.363268e-03  5.275031e-03 -3.001379e-03 
 7.600000e+03  1.064195e-01 -5.388183e-03  5.301111e-03 -3.021178e-03 
 7.650000e+03  1.119637e-01 -5.414137e-03  5.327997e-03 -3.042137e-03 
 7.700000e+03  1.188628e-01 -5.446749e-03  5.361236e-03 -3.067784e-03 
 7.750000e+03  1.259748e-01 -5.479633e-03  5.393607e-03 -3.091954e-03 
 7.800000e+03  1.330867e-01 -5.510686e-03  5.423919e-03 -3.113634e-03 
 7.850000e+03  1.401987e-01 -5.540714e-03  5.453605e-03 -3.134553e-03 
 7.900000e+03  1.473107e-01 -5.570433e-03  5.483222e-03 -3.155414e-03 
 7.950000e+03  1.544227e-01 -5.599450e-03  5.512643e-03 -3.176706e-03 
 8.000000e+03  1.615347e-01 -5.627615e-03  5.541313e-03 -3.198508e-03 
 8.050000e+03  1.695892e-01 -5.658436e-03  5.572424e-03 -3.222995e-03 
 8.100000e+03  1.781845e-01 -5.689828e-03  5.604016e-03 -3.247435e-03 
 8.150000e+03  1.868292e-01 -5.720654e-03  5.634764e-03 -3.270213e-03 
 8.200000e+03  1.954738e-01 -5.751302e-03  5.665264e-03 -3.291738e-03 
 8.250000e+03  2.041185e-01 -5.782068e-03  5.695551e-03 -3.312823e-03 
 8.300000e+03  2.127632e-01 -5.812587e-03  5.725697e-03 -3.333988e-03 
 8.350000e+03  2.214078e-01 -5.841814e-03  5.755210e-03 -3.355304e-03 
 8.400000e+03  2.304035e-01 -5.870284e-03  5.784456e-03 -3.377253e-03 
 8.450000e+03  2.403250e-01 -5.900239e-03  5.815617e-03 -3.400987e-03 
 8.500000e+03  2.503323e-01 -5.930015e-03  5.846251e-03 -3.424023e-03 
 8.550000e+03  2.603395e-01 -5.959756e-03  5.876394e-03 -3.445906e-03 
 8.600000e+03  2.704969e-01 -5.990118e-03  5.907003e-03 -3.467395e-03 
 8.650000e+03  2.810046e-01 -6.021700e-03  5.938456e-03 -3.489201e-03 
 8.700000e+03  2.915122e-01 -6.052593e-03  5.968827e-03 -3.510527e-03 
 8.750000e+03  3.020199e-01 -6.082090e-03  5.997662e-03 -3.531510e-03 
 8.800000e+03  3.130529e-01 -6.111793e-03  6.027133e-03 -3.553509e-03 
 8.850000e+03  3.240859e-01 -6.140588e-03  6.056163e-03 -3.575430e-03 
 8.900000e+03  3.351189e-01 -6.168768e-03  6.084620e-03 -3.596818e-03 
 8.950000e+03  3.470429e-01 -6.199243e-03  6.115232e-03 -3.619296e-03 
 9.000000e+03  3.598028e-01 -6.232101e-03  6.148040e-03 -3.642544e-03 
 9.050000e+03  3.725749e-01 -6.264577e-03  6.180077e-03 -3.664753e-03 
 9.100000e+03  3.853470e-01 -6.296168e-03  6.210913e-03 -3.686329e-03 
 9.150000e+03  3.981191e-01 -6.327032e-03  6.240805e-03 -3.707812e-03 
 9.200000e+03  4.108913e-01 -6.356998e-03  6.270130e-03 -3.729374e-03 
 9.250000e+03  4.236634e-01 -6.385671e-03  6.298794e-03 -3.750923e-03 
 9.300000e+03  4.370192e-01 -6.415021e-03  6.328379e-03 -3.773132e-03 
 9.350000e+03  4.515932e-01 -6.446935e-03  6.360751e-03 -3.796773e-03 
 9.400000e+03  4.663786e-01 -6.479007e-03  6.393346e-03 -3.819724e-03 
 9.450000e+03  4.811639e-01 -6.510576e-03  6.425252e-03 -3.841637e-03 
 9.500000e+03  4.966293e-01 -6.543375e-03  6.458044e-03 -3.864033e-03 
 9.550000e+03  5.121539e-01 -6.575929e-03  6.490140e-03 -3.886525e-03 
 9.600000e+03  5.276785e-01 -6.607410e-03  6.521121e-03 -3.909029e-03 
 9.650000e+03  5.432030e-01 -6.637731e-03  6.551100e-03 -3.931455e-03 
 9.700000e+03  5.594417e-01 -6.668929e-03  6.582119e-03 -3.954682e-03 
 9.750000e+03  5.757425e-01 -6.699900e-03  6.613090e-03 -3.977438e-03 
 9.800000e+03  5.920434e-01 -6.730497e-03  6.643711e-03 -3.999272e-03 
 9.850000e+03  6.095089e-01 -6.763196e-03  6.676340e-03 -4.021866e-03 
 9.900000e+03  6.281095e-01 -6.797986e-03  6.710908e-03 -4.045517e-03 
 9.950000e+03  6.469797e-01 -6.832668e-03  6.745031e-03 -4.069195e-03 
 1.000000e+04  6.658499e-01 -6.866301e-03  6.777718e-03 -4.092730e-03 
 1.005000e+04  6.851919e-01 -6.899966e-03  6.810221e-03 -4.116861e-03 
 1.010000e+04  7.050056e-01 -6.933608e-03  6.843049e-03 -4.141407e-03 
 1.015000e+04  7.248194e-01 -6.966399e-03  6.875378e-03 -4.165384e-03 
 1.020000e+04  7.446529e-01 -6.998888e-03  6.907612e-03 -4.188606e-03 
 1.025000e+04  7.654573e-01 -7.033016e-03  6.941646e-03 -4.212341e-03 
 1.030000e+04  7.862618e-01 -7.066839e-03  6.975651e-03 -4.235486e-03 
 1.035000e+04  8.070662e-01 -7.099901e-03  7.008953e-03 -4.258125e-03 
 1.040000e+04  8.290315e-01 -7.134130e-03  7.043058e-03 -4.281898e-03 
 1.045000e+04  8.519683e-01 -7.169274e-03  7.077684e-03 -4.306815e-03 
 1.050000e+04  8.749052e-01 -7.203452e-03  7.111210e-03 -4.331609e-03 
 1.055000e+04  8.978421e-01 -7.236804e-03  7.144043e-03 -4.355933e-03 
 1.060000e+04  9.207790e-01 -7.270005e-03  7.176883e-03 -4.379768e-03 
 1.065000e+04  9.437158e-01 -7.303266e-03  7.209800e-03 -4.402982e-03 
 1.070000e+04  9.666527e-01 -7.336127e-03  7.242467e-03 -4.425482e-03 
 1.075000e+04  9.911573e-01 -7.370694e-03  7.276918e-03 -4.449021e-03 
 1.080000e+04  1.017583e+00 -7.407594e-03  7.313601e-03 -4.474308e-03 
 1.085000e+04  1.044135e+00 -7.443864e-03  7.349400e-03 -4.499653e-03 
 1.090000e+04  1.070688e+00 -7.479209e-03  7.383780e-03 -4.524775e-03 
 1.095000e+04  1.098037e+00 -7.515189e-03  7.418436e-03 -4.550445e-03 
 1.100000e+04  1.125917e+00 -7.551593e-03  7.453553e-03 -4.576233e-03 
 1.105000e+04  1.153796e+00 -7.587368e-03  7.488396e-03 -4.601316e-03 
 1.110000e+04  1.181676e+00 -7.622811e-03  7.523075e-03 -4.625606e-03 
 1.115000e+04  1.209556e+00 -7.658042e-03  7.557727e-03 -4.649492e-03 
 1.120000e+04  1.237436e+00 -7.692744e-03  7.592230e-03 -4.673151e-03 
 1.125000e+04  1.265428e+00 -7.726661e-03  7.626100e-03 -4.696696e-03 
 1.130000e+04  1.295814e+00 -7.762806e-03  7.661972e-03 -4.722139e-03 
 1.135000e+04  1.328088e+00 -7.800753e-03  7.699290e-03 -4.749147e-03 
 1.140000e+04  1.360363e+00 -7.838030e-03  7.735779e-03 -4.775717e-03 
 1.145000e+04  1.392637e+00 -7.874756e-03  7.771691e-03 -4.801634e-03 
 1.150000e+04  1.426009e+00 -7.912680e-03  7.808792e-03 -4.827842e-03 
 1.155000e+04  1.459897e+00 -7.950975e-03  7.846378e-03 -4.853959e-03 
 1.160000e+04  1.493786e+00 -7.988540e-03  7.883568e-03 -4.879551e-03 
 1.165000e+04  1.527843e+00 -8.025498e-03  7.920360e-03 -4.905043e-03 
 1.170000e+04  1.563426e+00 -8.063582e-03  7.958271e-03 -4.931677e-03 
 1.175000e+04  1.599008e+00 -8.101030e-03  7.995359e-03 -4.958210e-03 
 1.180000e+04  1.634911e+00 -8.138146e-03  8.031806e-03 -4.984516e-03 
 1.185000e+04  1.673618e+00 -8.178025e-03  8.070572e-03 -5.012389e-03 
 1.190000e+04  1.712848e+00 -8.218507e-03  8.109531e-03 -5.040152e-03 
 1.195000e+04  1.752078e+00 -8.258467e-03  8.147939e-03 -5.067279e-03 
 1.200000e+04  1.791308e+00 -8.297723e-03  8.185866e-03 -5.093937e-03 
 1.205000e+04  1.831950e+00 -8.337830e-03  8.224991e-03 -5.121355e-03 
 1.210000e+04  1.873141e+00 -8.377737e-03  8.264302e-03 -5.148944e-03 
 1.215000e+04  1.914332e+00 -8.416834e-03  8.302826e-03 -5.176227e-03 
 1.220000e+04  1.957703e+00 -8.457441e-03  8.342699e-03 -5.204658e-03 
 1.225000e+04  2.003116e+00 -8.499698e-03  8.384022e-03 -5.234107e-03 
 1.230000e+04  2.048530e+00 -8.541394e-03  8.424682e-03 -5.263045e-03 
 1.235000e+04  2.093943e+00 -8.582534e-03  8.464692e-03 -5.291323e-03 
 1.240000e+04  2.140900e+00 -8.624873e-03  8.505678e-03 -5.320126e-03 
 1.245000e+04  2.188585e+00 -8.667401e-03  8.547002e-03 -5.349028e-03 
 1.250000e+04  2.236269e+00 -8.708953e-03  8.587692e-03 -5.377633e-03 
 1.255000e+04  2.283953e+00 -8.749605e-03  8.627854e-03 -5.406025e-03 
 1.260000e+04  2.333497e+00 -8.791321e-03  8.669271e-03 -5.435365e-03 
 1.265000e+04  2.383565e+00 -8.833073e-03  8.710566e-03 -5.464615e-03 
 1.270000e+04  2.433633e+00 -8.874333e-03  8.751193e-03 -5.493317e-03 
 1.275000e+04  2.487527e+00 -8.918601e-03  8.794293e-03 -5.523628e-03 
 1.280000e+04  2.542727e+00 -8.963810e-03  8.837918e-03 -5.554259e-03 
 1.285000e+04  2.597927e+00 -9.008371e-03  8.880785e-03 -5.584517e-03 
 1.290000e+04  2.653128e+00 -9.052077e-03  8.922830e-03 -5.614420e-03 
 1.295000e+04  2.708328e+00 -9.095190e-03  8.964528e-03 -5.644163e-03 
 1.300000e+04  2.763528e+00 -9.137710e-03  9.005941e-03 -5.673681e-03 
 1.305000e+04  2.818729e+00 -9.179557e-03  9.046859e-03 -5.702749e-03 
 1.310000e+04  2.880352e+00 -9.225871e-03  9.092060e-03 -5.734643e-03 
 1.315000e+04  2.944253e+00 -9.273706e-03  9.138560e-03 -5.767296e-03 
 1.320000e+04  3.008154e+00 -9.320933e-03  9.184367e-03 -5.799495e-03 
 1.325000e+04  3.072056e+00 -9.367410e-03  9.229186e-03 -5.831165e-03 
 1.330000e+04  3.137938e+00 -9.414887e-03  9.274791e-03 -5.863508e-03 
 1.335000e+04  3.205034e+00 -9.462641e-03  9.320784e-03 -5.896186e-03 
 1.340000e+04  3.272131e+00 -9.509366e-03  9.366098e-03 -5.928493e-03 
 1.345000e+04  3.339227e+00 -9.555275e-03  9.411014e-03 -5.960406e-03 
 1.350000e+04  3.409410e+00 -9.602906e-03  9.457827e-03 -5.993475e-03 
 1.355000e+04  3.479861e+00 -9.650221e-03  9.504470e-03 -6.026167e-03 
 1.360000e+04  3.550312e+00 -9.696954e-03  9.550398e-03 -6.058219e-03 
 1.365000e+04  3.623792e+00 -9.745459e-03  9.597585e-03 -6.091190e-03 
 1.370000e+04  3.701243e+00 -9.796251e-03  9.646606e-03 -6.125683e-03 
 1.375000e+04  3.778915e+00 -9.846328e-03  9.694721e-03 -6.159976e-03 
 1.380000e+04  3.856588e+00 -9.895535e-03  9.742004e-03 -6.193896e-03 
 1.385000e+04  3.934260e+00 -9.944246e-03  9.789003e-03 -6.227497e-03 
 1.390000e+04  4.011932e+00 -9.992505e-03  9.835699e-03 -6.260680e-03 
 1.395000e+04  4.089605e+00 -1.004012e-02  9.881903e-03 -6.293282e-03 
 1.400000e+04  4.171367e+00 -1.008980e-02  9.930155e-03 -6.327088e-03 
 1.405000e+04  4.257000e+00 -1.014146e-02  9.980274e-03 -6.362181e-03 
 1.410000e+04  4.342634e+00 -1.019245e-02  1.002951e-02 -6.396943e-03 
 1.415000e+04  4.428268e+00 -1.024271e-02  1.007773e-02 -6.431310e-03 
 1.420000e+04  4.518184e+00 -1.029501e-02  1.012766e-02 -6.467039e-03 
 1.425000e+04  4.608099e+00 -1.034682e-02  1.017710e-02 -6.502420e-03 
 1.430000e+04  4.698015e+00 -1.039773e-02  1.022597e-02 -6.537281e-03 
 1.435000e+04  4.787930e+00 -1.044793e-02  1.027447e-02 -6.571671e-03 
 1.440000e+04  4.881352e+00 -1.049965e-02  1.032471e-02 -6.607082e-03 
 1.445000e+04  4.975763e+00 -1.055132e-02  1.037509e-02 -6.642441e-03 
 1.450000e+04  5.070741e+00 -1.060260e-02  1.042508e-02 -6.677508e-03 
 1.455000e+04  5.172252e+00 -1.065699e-02  1.047772e-02 -6.714548e-03 
 1.460000e+04  5.276341e+00 -1.071235e-02  1.053090e-02 -6.752251e-03 
 1.465000e+04  5.380429e+00 -1.076681e-02  1.058306e-02 -6.789610e-03 
 1.470000e+04  5.484517e+00 -1.082049e-02  1.063453e-02 -6.826490e-03 
 1.475000e+04  5.593290e+00 -1.087618e-02  1.068800e-02 -6.864595e-03 
 1.480000e+04  5.702583e+00 -1.093167e-02  1.074136e-02 -6.902376e-03 
 1.485000e+04  5.811876e+00 -1.098635e-02  1.079412e-02 -6.939555e-03 
 1.490000e+04  5.924229e+00 -1.104193e-02  1.084789e-02 -6.977325e-03 
 1.495000e+04  6.042429e+00 -1.109991e-02  1.090389e-02 -7.016786e-03 
 1.500000e+04  6.162924e+00 -1.115818e-02  1.096003e-02 -7.056604e-03 
 1.505000e+04  6.283420e+00 -1.121570e-02  1.101516e-02 -7.095987e-03 
 1.510000e+04  6.409217e+00 -1.127534e-02  1.107201e-02 -7.136651e-03 
 1.515000e+04  6.535737e+00 -1.133481e-02  1.112853e-02 -7.177055e-03 
 1.520000e+04  6.662257e+00 -1.139343e-02  1.118439e-02 -7.216852e-03 
 1.525000e+04  6.788777e+00 -1.145125e-02  1.123973e-02 -7.256120e-03 
 1.530000e+04  6.920485e+00 -1.151088e-02  1.129707e-02 -7.296646e-03 
 1.535000e+04  7.053331e+00 -1.157023e-02  1.135439e-02 -7.337146e-03 
 1.540000e+04  7.186974e+00 -1.162911e-02  1.141127e-02 -7.377364e-03 
 1.545000e+04  7.331902e+00 -1.169240e-02  1.147212e-02 -7.420507e-03 
 1.550000e+04  7.478365e+00 -1.175585e-02  1.153285e-02 -7.463676e-03 
 1.555000e+04  7.624828e+00 -1.181836e-02  1.159259e-02 -7.506313e-03 
 1.560000e+04  7.771291e+00 -1.188008e-02  1.165153e-02 -7.548360e-03 
 1.565000e+04  7.924784e+00 -1.194431e-02  1.171280e-02 -7.591946e-03 
 1.570000e+04  8.078570e+00 -1.200801e-02  1.177366e-02 -7.635121e-03 
 1.575000e+04  8.232356e+00 -1.207068e-02  1.183382e-02 -7.677759e-03 
 1.580000e+04  8.390756e+00 -1.213448e-02  1.189512e-02 -7.721170e-03 
 1.585000e+04  8.559982e+00 -1.220197e-02  1.196007e-02 -7.767189e-03 
 1.590000e+04  8.729531e+00 -1.226874e-02  1.202417e-02 -7.812753e-03 
 1.595000e+04  8.900606e+00 -1.233539e-02  1.208774e-02 -7.858063e-03 
 1.600000e+04  9.078632e+00 -1.240434e-02  1.215321e-02 -7.904671e-03 
 1.605000e+04  9.256659e+00 -1.247259e-02  1.221787e-02 -7.950747e-03 
 1.610000e+04  9.434685e+00 -1.253981e-02  1.228155e-02 -7.996206e-03 
 1.615000e+04  9.615204e+00 -1.260709e-02  1.234544e-02 -8.041790e-03 
 1.620000e+04  9.802132e+00 -1.267611e-02  1.241121e-02 -8.088603e-03 
 1.625000e+04  9.989060e+00 -1.274414e-02  1.247632e-02 -8.134896e-03 
 1.630000e+04  1.017991e+01 -1.281270e-02  1.254198e-02 -8.181485e-03 
 1.635000e+04  1.039037e+01 -1.288772e-02  1.261362e-02 -8.232290e-03 
 1.640000e+04  1.060676e+01 -1.296413e-02  1.268637e-02 -8.283970e-03 
 1.645000e+04  1.082315e+01 -1.303936e-02  1.275781e-02 -8.334913e-03 
 1.650000e+04  1.103955e+01 -1.311370e-02  1.282833e-02 -8.385206e-03 
 1.655000e+04  1.125594e+01 -1.318735e-02  1.289814e-02 -8.434956e-03 
 1.660000e+04  1.147233e+01 -1.326002e-02  1.296717e-02 -8.484157e-03 
 1.665000e+04  1.168872e+01 -1.333162e-02  1.303539e-02 -8.532738e-03 
 1.670000e+04  1.192207e+01 -1.340798e-02  1.310842e-02 -8.584558e-03 
 1.675000e+04  1.216064e+01 -1.348536e-02  1.318235e-02 -8.636991e-03 
 1.680000e+04  1.239921e+01 -1.356165e-02  1.325519e-02 -8.688708e-03 
 1.685000e+04  1.264447e+01 -1.363938e-02  1.332901e-02 -8.741106e-03 
 1.690000e+04  1.290674e+01 -1.372184e-02  1.340692e-02 -8.796561e-03 
 1.695000e+04  1.316977e+01 -1.380345e-02  1.348391e-02 -8.851536e-03 
 1.700000e+04  1.343279e+01 -1.388381e-02  1.355977e-02 -8.905808e-03 
 1.705000e+04  1.369582e+01 -1.396338e-02  1.363486e-02 -8.959489e-03 
 1.710000e+04  1.395885e+01 -1.404204e-02  1.370928e-02 -9.012526e-03 
 1.715000e+04  1.422187e+01 -1.411964e-02  1.378282e-02 -9.064860e-03 
 1.720000e+04  1.449254e+01 -1.419860e-02  1.385771e-02 -9.118007e-03 
 1.725000e+04  1.478253e+01 -1.428248e-02  1.393714e-02 -9.174402e-03 
 1.730000e+04  1.507251e+01 -1.436541e-02  1.401548e-02 -9.230175e-03 
 1.735000e+04  1.536250e+01 -1.444720e-02  1.409260e-02 -9.285232e-03 
 1.740000e+04  1.566496e+01 -1.453166e-02  1.417193e-02 -9.341942e-03 
 1.745000e+04  1.596944e+01 -1.461573e-02  1.425095e-02 -9.398414e-03 
 1.750000e+04  1.627393e+01 -1.469864e-02  1.432908e-02 -9.454165e-03 
 1.755000e+04  1.658054e+01 -1.478102e-02  1.440692e-02 -9.509584e-03 
 1.760000e+04  1.690025e+01 -1.486603e-02  1.448741e-02 -9.566768e-03 
 1.765000e+04  1.721996e+01 -1.495009e-02  1.456709e-02 -9.623306e-03 
 1.770000e+04  1.754287e+01 -1.503390e-02  1.464647e-02 -9.679593e-03 
 1.775000e+04  1.789065e+01 -1.512338e-02  1.473082e-02 -9.739555e-03 
 1.780000e+04  1.824313e+01 -1.521310e-02  1.481517e-02 -9.799707e-03 
 1.785000e+04  1.859561e+01 -1.530166e-02  1.489827e-02 -9.859119e-03 
 1.790000e+04  1.895338e+01 -1.539049e-02  1.498148e-02 -9.918566e-03 
 1.795000e+04  1.932348e+01 -1.548151e-02  1.506673e-02 -9.979363e-03 
 1.800000e+04  1.969359e+01 -1.557138e-02  1.515108e-02 -1.003946e-02 
 1.805000e+04  2.006554e+01 -1.566044e-02  1.523482e-02 -1.009901e-02 
 1.810000e+04  2.046387e+01 -1.575483e-02  1.532350e-02 -1.016206e-02 
 1.815000e+04  2.087191e+01 -1.585049e-02  1.541330e-02 -1.022597e-02 
 1.820000e+04  2.127995e+01 -1.594491e-02  1.550177e-02 -1.028906e-02 
 1.825000e+04  2.170268e+01 -1.604155e-02  1.559212e-02 -1.035352e-02 
 1.830000e+04  2.214912e+01 -1.614261e-02  1.568636e-02 -1.042077e-02 
 1.835000e+04  2.259898e+01 -1.624314e-02  1.578005e-02 -1.048764e-02 
 1.840000e+04  2.304884e+01 -1.634223e-02  1.587251e-02 -1.055361e-02 
 1.845000e+04  2.350636e+01 -1.644163e-02  1.596554e-02 -1.061985e-02 
 1.850000e+04  2.397871e+01 -1.654310e-02  1.606056e-02 -1.068746e-02 
 1.855000e+04  2.445107e+01 -1.664318e-02  1.615433e-02 -1.075414e-02 
 1.860000e+04  2.494090e+01 -1.674569e-02  1.625026e-02 -1.082235e-02 
 1.865000e+04  2.546069e+01 -1.685333e-02  1.635081e-02 -1.089390e-02 
 1.870000e+04  2.598146e+01 -1.695983e-02  1.645011e-02 -1.096461e-02 
 1.875000e+04  2.650223e+01 -1.706494e-02  1.654788e-02 -1.103428e-02 
 1.880000e+04  2.704332e+01 -1.717287e-02  1.664808e-02 -1.110572e-02 
 1.885000e+04  2.759013e+01 -1.728054e-02  1.674818e-02 -1.117706e-02 
 1.890000e+04  2.813694e+01 -1.738664e-02  1.684691e-02 -1.124744e-02 
 1.895000e+04  2.870825e+01 -1.749610e-02  1.694881e-02 -1.131998e-02 
 1.900000e+04  2.931112e+01 -1.761043e-02  1.705510e-02 -1.139557e-02 
 1.905000e+04  2.991398e+01 -1.772321e-02  1.715987e-02 -1.147011e-02 
 1.910000e+04  3.052166e+01 -1.783538e-02  1.726386e-02 -1.154411e-02 
 1.915000e+04  3.117492e+01 -1.795456e-02  1.737403e-02 -1.162258e-02 
 1.920000e+04  3.183957e+01 -1.807425e-02  1.748458e-02 -1.170146e-02 
 1.925000e+04  3.250423e+01 -1.819216e-02  1.759350e-02 -1.177917e-02 
 1.930000e+04  3.318417e+01 -1.831110e-02  1.770340e-02 -1.185747e-02 
 1.935000e+04  3.388206e+01 -1.843166e-02  1.781478e-02 -1.193676e-02 
 1.940000e+04  3.457994e+01 -1.855045e-02  1.792471e-02 -1.201491e-02 
 1.945000e+04  3.530756e+01 -1.867255e-02  1.803775e-02 -1.209521e-02 
 1.950000e+04  3.607698e+01 -1.880010e-02  1.815568e-02 -1.217903e-02 
 1.955000e+04  3.684640e+01 -1.892591e-02  1.827180e-02 -1.226166e-02 
 1.960000e+04  3.761582e+01 -1.904989e-02  1.838611e-02 -1.234294e-02 
 1.965000e+04  3.843179e+01 -1.917968e-02  1.850550e-02 -1.242786e-02 
 1.970000e+04  3.928008e+01 -1.931278e-02  1.862788e-02 -1.251497e-02 
 1.975000e+04  4.012836e+01 -1.944382e-02  1.874846e-02 -1.260080e-02 
 1.980000e+04  4.098937e+01 -1.957487e-02  1.886903e-02 -1.268647e-02 
 1.985000e+04  4.188008e+01 -1.970870e-02  1.899199e-02 -1.277385e-02 
 1.990000e+04  4.277078e+01 -1.984060e-02  1.911316e-02 -1.285992e-02 
 1.995000e+04  4.369020e+01 -1.997471e-02  1.923630e-02 -1.294738e-02 
 2.000000e+04  4.467220e+01 -2.011616e-02  1.936582e-02 -1.303947e-02 
 2.005000e+04  4.565419e+01 -2.025561e-02  1.949328e-02 -1.313020e-02 
 2.010000e+04  4.663619e+01 -2.039297e-02  1.961866e-02 -1.321944e-02 
 2.015000e+04  4.768698e+01 -2.053777e-02  1.975076e-02 -1.331335e-02 
 2.020000e+04  4.876963e+01 -2.068486e-02  1.988486e-02 -1.340868e-02 
 2.025000e+04  4.985228e+01 -2.082956e-02  2.001686e-02 -1.350251e-02 
 2.030000e+04  5.097174e+01 -2.097678e-02  2.015118e-02 -1.359796e-02 
 2.035000e+04  5.215741e+01 -2.113045e-02  2.029128e-02 -1.369749e-02 
 2.040000e+04  5.335103e+01 -2.128279e-02  2.043008e-02 -1.379599e-02 
 2.045000e+04  5.455062e+01 -2.143337e-02  2.056715e-02 -1.389324e-02 
 2.050000e+04  5.580393e+01 -2.158826e-02  2.070792e-02 -1.399320e-02 
 2.055000e+04  5.711614e+01 -2.174794e-02  2.085294e-02 -1.409627e-02 
 2.060000e+04  5.843211e+01 -2.190540e-02  2.099601e-02 -1.419781e-02 
 2.065000e+04  5.977440e+01 -2.206340e-02  2.113941e-02 -1.429947e-02 
 2.070000e+04  6.115617e+01 -2.222352e-02  2.128463e-02 -1.440245e-02 
 2.075000e+04  6.253794e+01 -2.238094e-02  2.142741e-02 -1.450372e-02 
 2.080000e+04  6.400966e+01 -2.254589e-02  2.157689e-02 -1.460970e-02 
 2.085000e+04  6.553306e+01 -2.271417e-02  2.172902e-02 -1.471758e-02 
 2.090000e+04  6.705646e+01 -2.287973e-02  2.187842e-02 -1.482359e-02 
 2.095000e+04  6.859966e+01 -2.304454e-02  2.202692e-02 -1.492894e-02 
 2.100000e+04  7.023762e+01 -2.321663e-02  2.218168e-02 -1.503881e-02 
 2.105000e+04  7.191717e+01 -2.339023e-02  2.233774e-02 -1.514957e-02 
 2.110000e+04  7.359672e+01 -2.356075e-02  2.249107e-02 -1.525832e-02 
 2.115000e+04  7.537519e+01 -2.373810e-02  2.265047e-02 -1.537137e-02 
 2.120000e+04  7.722689e+01 -2.391967e-02  2.281359e-02 -1.548700e-02 
 2.125000e+04  7.907859e+01 -2.409800e-02  2.297371e-02 -1.560044e-02 
 2.130000e+04  8.098029e+01 -2.427777e-02  2.313497e-02 -1.571467e-02 
 2.135000e+04  8.294791e+01 -2.446054e-02  2.329864e-02 -1.583069e-02 
 2.140000e+04  8.498941e+01 -2.464682e-02  2.346537e-02 -1.594889e-02 
 2.145000e+04  8.703091e+01 -2.482966e-02  2.362889e-02 -1.606478e-02 
 2.150000e+04  8.922002e+01 -2.502213e-02  2.380089e-02 -1.618664e-02 
 2.155000e+04  9.147077e+01 -2.521645e-02  2.397455e-02 -1.630959e-02 
 2.160000e+04  9.372153e+01 -2.540701e-02  2.414474e-02 -1.643002e-02 
 2.165000e+04  9.605590e+01 -2.560081e-02  2.431762e-02 -1.655238e-02 
 2.170000e+04  9.853735e+01 -2.580313e-02  2.449785e-02 -1.668003e-02 
 2.175000e+04  1.010188e+02 -2.600149e-02  2.467441e-02 -1.680509e-02 
 2.180000e+04  1.035350e+02 -2.619864e-02  2.484959e-02 -1.692917e-02 
 2.185000e+04  1.061405e+02 -2.639895e-02  2.502731e-02 -1.705509e-02 
 2.190000e+04  1.087461e+02 -2.659534e-02  2.520141e-02 -1.717844e-02 
 2.195000e+04  1.114872e+02 -2.679782e-02  2.538085e-02 -1.730549e-02 
 2.200000e+04  1.143598e+02 -2.700608e-02  2.556532e-02 -1.743608e-02 
 2.205000e+04  1.172324e+02 -2.721013e-02  2.574600e-02 -1.756404e-02 
 2.210000e+04  1.201079e+02 -2.741012e-02  2.592298e-02 -1.768933e-02 
 2.215000e+04  1.232387e+02 -2.762356e-02  2.611158e-02 -1.782284e-02 
 2.220000e+04  1.264058e+02 -2.783526e-02  2.629848e-02 -1.795519e-02 
 2.225000e+04  1.295728e+02 -2.804255e-02  2.648130e-02 -1.808468e-02 
 2.230000e+04  1.328475e+02 -2.825233e-02  2.666607e-02 -1.821562e-02 
 2.235000e+04  1.361729e+02 -2.846101e-02  2.684971e-02 -1.834579e-02 
 2.240000e+04  1.396413e+02 -2.867416e-02  2.703728e-02 -1.847870e-02 
 2.245000e+04  1.432447e+02 -2.889108e-02  2.722806e-02 -1.861381e-02 
 2.250000e+04  1.469109e+02 -2.910727e-02  2.741797e-02 -1.874835e-02 
 2.255000e+04  1.505772e+02 -2.931879e-02  2.760359e-02 -1.887993e-02 
 2.260000e+04  1.544771e+02 -2.953893e-02  2.779653e-02 -1.901678e-02 
 2.265000e+04  1.585192e+02 -2.976235e-02  2.799216e-02 -1.915559e-02 
 2.270000e+04  1.625612e+02 -2.998092e-02  2.818338e-02 -1.929130e-02 
 2.275000e+04  1.666477e+02 -3.019694e-02  2.837218e-02 -1.942530e-02 
 2.280000e+04  1.708918e+02 -3.041642e-02  2.856383e-02 -1.956139e-02 
 2.285000e+04  1.752760e+02 -3.063816e-02  2.875742e-02 -1.969888e-02 
 2.290000e+04  1.797324e+02 -3.085864e-02  2.894988e-02 -1.983556e-02 
 2.295000e+04  1.842957e+02 -3.107940e-02  2.914242e-02 -1.997234e-02 
 2.300000e+04  1.889748e+02 -3.130084e-02  2.933543e-02 -2.010948e-02 
 2.305000e+04  1.937429e+02 -3.152135e-02  2.952749e-02 -2.024602e-02 
 2.310000e+04  1.986560e+02 -3.174353e-02  2.972087e-02 -2.038357e-02 
 2.315000e+04  2.036035e+02 -3.196219e-02  2.991106e-02 -2.051893e-02 
 2.320000e+04  2.089893e+02 -3.219504e-02  3.011340e-02 -2.066298e-02 
 2.325000e+04  2.144060e+02 -3.242410e-02  3.031224e-02 -2.080463e-02 
 2.330000e+04  2.198227e+02 -3.264775e-02  3.050625e-02 -2.094292e-02 
 2.335000e+04  2.252394e+02 -3.286599e-02  3.069537e-02 -2.107780e-02 
 2.340000e+04  2.308265e+02 -3.308573e-02  3.088564e-02 -2.121357e-02 
 2.345000e+04  2.367984e+02 -3.331561e-02  3.108458e-02 -2.135560e-02 
 2.350000e+04  2.427703e+02 -3.354040e-02  3.127902e-02 -2.149452e-02 
 2.355000e+04  2.487422e+02 -3.375990e-02  3.146880e-02 -2.163020e-02 
 2.360000e+04  2.547142e+02 -3.397418e-02  3.165393e-02 -2.176259e-02 
 2.365000e+04  2.609990e+02 -3.419437e-02  3.184419e-02 -2.189864e-02 
 2.370000e+04  2.675831e+02 -3.441999e-02  3.203913e-02 -2.203809e-02 
 2.375000e+04  2.741671e+02 -3.464046e-02  3.222953e-02 -2.217439e-02 
 2.380000e+04  2.807512e+02 -3.485574e-02  3.241520e-02 -2.230746e-02 
 2.385000e+04  2.873352e+02 -3.506593e-02  3.259627e-02 -2.243731e-02 
 2.390000e+04  2.939192e+02 -3.527120e-02  3.277289e-02 -2.256406e-02 
 2.395000e+04  3.008127e+02 -3.548139e-02  3.295362e-02 -2.269382e-02 
 2.400000e+04  3.077260e+02 -3.568770e-02  3.313081e-02 -2.282104e-02 
 2.405000e+04  3.146392e+02 -3.588952e-02  3.330380e-02 -2.294566e-02 
 2.410000e+04  3.215525e+02 -3.608681e-02  3.347309e-02 -2.306772e-02 
 2.415000e+04  3.284657e+02 -3.627971e-02  3.363892e-02 -2.318718e-02 
 2.420000e+04  3.355795e+02 -3.647401e-02  3.380607e-02 -2.330748e-02 
 2.425000e+04  3.428384e+02 -3.666840e-02  3.397317e-02 -2.342766e-02 
 2.430000e+04  3.500973e+02 -3.685881e-02  3.413640e-02 -2.354536e-02 
 2.435000e+04  3.573562e+02 -3.704514e-02  3.429605e-02 -2.366072e-02 
 2.440000e+04  3.646151e+02 -3.722748e-02  3.445228e-02 -2.377371e-02 
 2.445000e+04  3.718740e+02 -3.740609e-02  3.460529e-02 -2.388439e-02 
 2.450000e+04  3.791329e+02 -3.758128e-02  3.475526e-02 -2.399284e-02 
 2.455000e+04  3.867403e+02 -3.776150e-02  3.490947e-02 -2.410441e-02 
 2.460000e+04  3.943621e+02 -3.793866e-02  3.506094e-02 -2.421409e-02 
 2.465000e+04  4.019840e+02 -3.811231e-02  3.520929e-02 -2.432173e-02 
 2.470000e+04  4.096058e+02 -3.828255e-02  3.535456e-02 -2.442731e-02 
 2.475000e+04  4.172277e+02 -3.844951e-02  3.549713e-02 -2.453092e-02 
 2.480000e+04  4.248495e+02 -3.861332e-02  3.563702e-02 -2.463259e-02 
 2.485000e+04  4.324714e+02 -3.877410e-02  3.577433e-02 -2.473236e-02 
 2.490000e+04  4.400933e+02 -3.893193e-02  3.590914e-02 -2.483038e-02 
 2.495000e+04  4.477151e+02 -3.908691e-02  3.604155e-02 -2.492675e-02 
 2.500000e+04  4.553370e+02 -3.923914e-02  3.617168e-02 -2.502150e-02 
 2.505000e+04  4.629588e+02 -3.938872e-02  3.629960e-02 -2.511465e-02 
 2.510000e+04  4.705807e+02 -3.953572e-02  3.642541e-02 -2.520620e-02 
 2.515000e+04  4.782025e+02 -3.968027e-02  3.654904e-02 -2.529625e-02 
 2.520000e+04  4.858244e+02 -3.982237e-02  3.667053e-02 -2.538478e-02 
 2.525000e+04  4.934463e+02 -3.996213e-02  3.678999e-02 -2.547194e-02 
 2.530000e+04  5.010681e+02 -4.009967e-02  3.690756e-02 -2.555784e-02 
 2.535000e+04  5.088348e+02 -4.023766e-02  3.702557e-02 -2.564407e-02 
 2.540000e+04  5.168377e+02 -4.037783e-02  3.714547e-02 -2.573161e-02 
 2.545000e+04  5.248407e+02 -4.051595e-02  3.726340e-02 -2.581771e-02 
 2.550000e+04  5.328436e+02 -4.065187e-02  3.737912e-02 -2.590240e-02 
 2.555000e+04  5.408466e+02 -4.078556e-02  3.749279e-02 -2.598579e-02 
 2.560000e+04  5.488495e+02 -4.091708e-02  3.760463e-02 -2.606798e-02 
 2.565000e+04  5.568525e+02 -4.104663e-02  3.771484e-02 -2.614890e-02 
 2.570000e+04  5.648554e+02 -4.117436e-02  3.782339e-02 -2.622869e-02 
 2.575000e+04  5.728584e+02 -4.130028e-02  3.793043e-02 -2.630739e-02 
 2.580000e+04  5.808613e+02 -4.142442e-02  3.803599e-02 -2.638507e-02 
 2.585000e+04  5.888643e+02 -4.154674e-02  3.814011e-02 -2.646160e-02 
 2.590000e+04  5.968672e+02 -4.166726e-02  3.824266e-02 -2.653690e-02 
 2.595000e+04  6.048702e+02 -4.178599e-02  3.834366e-02 -2.661130e-02 
 2.600000e+04  6.128731e+02 -4.190295e-02  3.844337e-02 -2.668469e-02 
 2.605000e+04  6.208761e+02 -4.201829e-02  3.854190e-02 -2.675716e-02 
 2.610000e+04  6.288790e+02 -4.213211e-02  3.863909e-02 -2.682865e-02 
 2.615000e+04  6.368820e+02 -4.224443e-02  3.873499e-02 -2.689919e-02 
 2.620000e+04  6.448849e+02 -4.235519e-02  3.882965e-02 -2.696868e-02 
 2.625000e+04  6.528879e+02 -4.246453e-02  3.892286e-02 -2.703725e-02 
 2.630000e+04  6.612910e+02 -4.257791e-02  3.901954e-02 -2.710847e-02 
 2.635000e+04  6.696941e+02 -4.268989e-02  3.911506e-02 -2.717879e-02 
 2.640000e+04  6.780972e+02 -4.280055e-02  3.920921e-02 -2.724815e-02 
 2.645000e+04  6.865003e+02 -4.290985e-02  3.930209e-02 -2.731670e-02 
 2.650000e+04  6.949033e+02 -4.301770e-02  3.939379e-02 -2.738435e-02 
 2.655000e+04  7.035165e+02 -4.312687e-02  3.948653e-02 -2.745288e-02 
 2.660000e+04  7.123398e+02 -4.323732e-02  3.958047e-02 -2.752229e-02 
 2.665000e+04  7.211630e+02 -4.334648e-02  3.967324e-02 -2.759078e-02 
 2.670000e+04  7.299863e+02 -4.345431e-02  3.976468e-02 -2.765841e-02 
 2.675000e+04  7.388095e+02 -4.356080e-02  3.985489e-02 -2.772511e-02 
 2.680000e+04  7.476328e+02 -4.366597e-02  3.994379e-02 -2.779100e-02 
 2.685000e+04  7.564560e+02 -4.376975e-02  4.003161e-02 -2.785615e-02 
 2.690000e+04  7.652793e+02 -4.387221e-02  4.011857e-02 -2.792058e-02 
 2.695000e+04  7.745349e+02 -4.397848e-02  4.020896e-02 -2.798752e-02 
 2.700000e+04  7.837993e+02 -4.408362e-02  4.029856e-02 -2.805383e-02 
 2.705000e+04  7.930637e+02 -4.418746e-02  4.038701e-02 -2.811932e-02 
 2.710000e+04  8.023281e+02 -4.429011e-02  4.047422e-02 -2.818409e-02 
 2.715000e+04  8.119446e+02 -4.439545e-02  4.056387e-02 -2.825067e-02 
 2.720000e+04  8.216722e+02 -4.450075e-02  4.065364e-02 -2.831732e-02 
 2.725000e+04  8.313998e+02 -4.460486e-02  4.074222e-02 -2.838311e-02 
 2.730000e+04  8.411275e+02 -4.470774e-02  4.082932e-02 -2.844804e-02 
 2.735000e+04  8.508551e+02 -4.480935e-02  4.091527e-02 -2.851238e-02 
 2.740000e+04  8.605827e+02 -4.490978e-02  4.100026e-02 -2.857615e-02 
 2.745000e+04  8.703104e+02 -4.500920e-02  4.108442e-02 -2.863926e-02 
 2.750000e+04  8.800380e+02 -4.510774e-02  4.116789e-02 -2.870172e-02 
 2.755000e+04  8.897656e+02 -4.520530e-02  4.125048e-02 -2.876365e-02 
 2.760000e+04  8.994933e+02 -4.530166e-02  4.133214e-02 -2.882500e-02 
 2.765000e+04  9.092209e+02 -4.539689e-02  4.141315e-02 -2.888583e-02 
 2.770000e+04  9.192112e+02 -4.549369e-02  4.149559e-02 -2.894787e-02 
 2.775000e+04  9.294252e+02 -4.559175e-02  4.157918e-02 -2.901073e-02 
 2.780000e+04  9.396392e+02 -4.568832e-02  4.166178e-02 -2.907254e-02 
 2.785000e+04  9.498532e+02 -4.578346e-02  4.174339e-02 -2.913347e-02 
 2.790000e+04  9.600673e+02 -4.587737e-02  4.182393e-02 -2.919366e-02 
 2.795000e+04  9.702813e+02 -4.597010e-02  4.190351e-02 -2.925321e-02 
 2.800000e+04  9.804953e+02 -4.606176e-02  4.198227e-02 -2.931217e-02 
 2.805000e+04  9.907093e+02 -4.615263e-02  4.206043e-02 -2.937066e-02 
 2.810000e+04  1.000923e+03 -4.624268e-02  4.213788e-02 -2.942886e-02 
 2.815000e+04  1.011137e+03 -4.633184e-02  4.221465e-02 -2.948664e-02 
 2.820000e+04  1.021351e+03 -4.642034e-02  4.229087e-02 -2.954402e-02 
 2.825000e+04  1.031565e+03 -4.650822e-02  4.236661e-02 -2.960098e-02 
 2.830000e+04  1.041779e+03 -4.659538e-02  4.244173e-02 -2.965746e-02 
 2.835000e+04  1.051993e+03 -4.668185e-02  4.251625e-02 -2.971325e-02 
 2.840000e+04  1.062207e+03 -4.676786e-02  4.258998e-02 -2.976860e-02 
 2.845000e+04  1.072421e+03 -4.685319e-02  4.266283e-02 -2.982351e-02 
 2.850000e+04  1.082635e+03 -4.693795e-02  4.273485e-02 -2.987793e-02 
 2.855000e+04  1.092849e+03 -4.702222e-02  4.280615e-02 -2.993195e-02 
 2.860000e+04  1.103063e+03 -4.710595e-02  4.287678e-02 -2.998547e-02 
 2.865000e+04  1.113278e+03 -4.718929e-02  4.294696e-02 -3.003854e-02 
 2.870000e+04  1.123492e+03 -4.727210e-02  4.301674e-02 -3.009119e-02 
 2.875000e+04  1.133706e+03 -4.735428e-02  4.308623e-02 -3.014358e-02 
 2.880000e+04  1.143920e+03 -4.743582e-02  4.315536e-02 -3.019551e-02 
 2.885000e+04  1.154134e+03 -4.751692e-02  4.322402e-02 -3.024710e-02 
 2.890000e+04  1.164348e+03 -4.759747e-02  4.329220e-02 -3.029832e-02 
 2.895000e+04  1.174562e+03 -4.767741e-02  4.335999e-02 -3.034913e-02 
 2.900000e+04  1.184776e+03 -4.775684e-02  4.342739e-02 -3.039944e-02 
 2.905000e+04  1.194990e+03 -4.783577e-02  4.349428e-02 -3.044923e-02 
 2.910000e+04  1.205204e+03 -4.791396e-02  4.356084e-02 -3.049858e-02 
 2.915000e+04  1.215418e+03 -4.799151e-02  4.362706e-02 -3.054767e-02 
 2.920000e+04  1.225632e+03 -4.806847e-02  4.369301e-02 -3.059640e-02 
 2.925000e+04  1.235846e+03 -4.814472e-02  4.375852e-02 -3.064469e-02 
 2.930000e+04  1.246060e+03 -4.822048e-02  4.382347e-02 -3.069262e-02 
 2.935000e+04  1.256274e+03 -4.829581e-02  4.388783e-02 -3.074027e-02 
 2.940000e+04  1.266488e+03 -4.837070e-02  4.395175e-02 -3.078754e-02 
 2.945000e+04  1.276702e+03 -4.844519e-02  4.401510e-02 -3.083438e-02 
 2.950000e+04  1.286916e+03 -4.851930e-02  4.407792e-02 -3.088086e-02 
 2.955000e+04  1.297130e+03 -4.859292e-02  4.414013e-02 -3.092712e-02 
 2.960000e+04  1.307344e+03 -4.866600e-02  4.420189e-02 -3.097306e-02 
 2.965000e+04  1.317558e+03 -4.873870e-02  4.426318e-02 -3.101874e-02 
 2.970000e+04  1.327772e+03 -4.881091e-02  4.432409e-02 -3.106418e-02 
 2.975000e+04  1.337986e+03 -4.888254e-02  4.438471e-02 -3.110934e-02 
 2.980000e+04  1.348568e+03 -4.895642e-02  4.444716e-02 -3.115583e-02 
 2.985000e+04  1.359292e+03 -4.903083e-02  4.451006e-02 -3.120261e-02 
 2.990000e+04  1.370017e+03 -4.910449e-02  4.457238e-02 -3.124889e-02 
 2.995000e+04  1.380742e+03 -4.917752e-02  4.463415e-02 -3.129467e-02 
 3.000000e+04  1.391466e+03 -4.925006e-02  4.469561e-02 -3.134018e-02 
 3.005000e+04  1.402202e+03 -4.932214e-02  4.475698e-02 -3.138567e-02 
 3.010000e+04  1.413463e+03 -4.939730e-02  4.482120e-02 -3.143323e-02 
 3.015000e+04  1.424724e+03 -4.947184e-02  4.488527e-02 -3.148039e-02 
 3.020000e+04  1.435991e+03 -4.954583e-02  4.494918e-02 -3.152722e-02 
 3.025000e+04  1.447565e+03 -4.962140e-02  4.501454e-02 -3.157509e-02 
 3.030000e+04  1.459139e+03 -4.969645e-02  4.507964e-02 -3.162266e-02 
 3.035000e+04  1.470713e+03 -4.977097e-02  4.514433e-02 -3.166985e-02 
 3.040000e+04  1.482287e+03 -4.984503e-02  4.520846e-02 -3.171669e-02 
 3.045000e+04  1.493861e+03 -4.991857e-02  4.527204e-02 -3.176328e-02 
 3.050000e+04  1.505435e+03 -4.999152e-02  4.533508e-02 -3.180959e-02 
 3.055000e+04  1.517010e+03 -5.006395e-02  4.539754e-02 -3.185550e-02 
 3.060000e+04  1.528584e+03 -5.013585e-02  4.545952e-02 -3.190096e-02 
 3.065000e+04  1.540158e+03 -5.020723e-02  4.552086e-02 -3.194602e-02 
 3.070000e+04  1.551732e+03 -5.027797e-02  4.558166e-02 -3.199074e-02 
 3.075000e+04  1.563306e+03 -5.034826e-02  4.564198e-02 -3.203516e-02 
 3.080000e+04  1.574880e+03 -5.041806e-02  4.570188e-02 -3.207933e-02 
 3.085000e+04  1.586454e+03 -5.048733e-02  4.576145e-02 -3.212315e-02 
 3.090000e+04  1.598028e+03 -5.055611e-02  4.582074e-02 -3.216668e-02 
 3.095000e+04  1.609602e+03 -5.062442e-02  4.587956e-02 -3.220982e-02 
 3.100000e+04  1.621176e+03 -5.069218e-02  4.593799e-02 -3.225264e-02 
 3.105000e+04  1.632750e+03 -5.075943e-02  4.599612e-02 -3.229532e-02 
 3.110000e+04  1.644324e+03 -5.082622e-02  4.605397e-02 -3.233788e-02 
 3.115000e+04  1.655898e+03 -5.089252e-02  4.611139e-02 -3.238016e-02 
 3.120000e+04  1.667472e+03 -5.095826e-02  4.616849e-02 -3.242203e-02 
 3.125000e+04  1.679047e+03 -5.102365e-02  4.622522e-02 -3.246355e-02 
 3.130000e+04  1.690621e+03 -5.108872e-02  4.628151e-02 -3.250500e-02 
 3.135000e+04  1.702195e+03 -5.115351e-02  4.633735e-02 -3.254640e-02 
 3.140000e+04  1.713769e+03 -5.121800e-02  4.639279e-02 -3.258773e-02 
 3.145000e+04  1.725343e+03 -5.128212e-02  4.644793e-02 -3.262878e-02 
 3.150000e+04  1.736917e+03 -5.134580e-02  4.650279e-02 -3.266938e-02 
 3.155000e+04  1.748491e+03 -5.140897e-02  4.655727e-02 -3.270958e-02 
 3.160000e+04  1.760065e+03 -5.147167e-02  4.661128e-02 -3.274943e-02 
 3.165000e+04  1.771639e+03 -5.153392e-02  4.666486e-02 -3.278903e-02 
 3.170000e+04  1.783213e+03 -5.159581e-02  4.671808e-02 -3.282852e-02 
 3.175000e+04  1.794787e+03 -5.165737e-02  4.677092e-02 -3.286791e-02 
 3.180000e+04  1.806361e+03 -5.171867e-02  4.682333e-02 -3.290712e-02 
 3.185000e+04  1.817935e+03 -5.177969e-02  4.687555e-02 -3.294620e-02 
 3.190000e+04  1.829510e+03 -5.184038e-02  4.692754e-02 -3.298506e-02 
 3.195000e+04  1.841084e+03 -5.190058e-02  4.697933e-02 -3.302361e-02 
 3.200000e+04  1.852658e+03 -5.196027e-02  4.703091e-02 -3.306194e-02 
 3.205000e+04  1.864232e+03 -5.201950e-02  4.708227e-02 -3.310001e-02 
 3.210000e+04  1.875806e+03 -5.207832e-02  4.713342e-02 -3.313792e-02 
 3.215000e+04  1.887380e+03 -5.213681e-02  4.718423e-02 -3.317569e-02 
 3.220000e+04  1.898954e+03 -5.219498e-02  4.723458e-02 -3.321319e-02 
 3.225000e+04  1.910528e+03 -5.225282e-02  4.728454e-02 -3.325033e-02 
 3.230000e+04  1.922102e+03 -5.231030e-02  4.733410e-02 -3.328722e-02 
 3.235000e+04  1.933676e+03 -5.236755e-02  4.738338e-02 -3.332402e-02 
 3.240000e+04  1.945250e+03 -5.242457e-02  4.743236e-02 -3.336087e-02 
 3.245000e+04  1.956824e+03 -5.248142e-02  4.748109e-02 -3.339769e-02 
 3.250000e+04  1.968398e+03 -5.253809e-02  4.752965e-02 -3.343439e-02 
 3.255000e+04  1.979972e+03 -5.259455e-02  4.757805e-02 -3.347091e-02 
 3.260000e+04  1.991547e+03 -5.265064e-02  4.762625e-02 -3.350705e-02 
 3.265000e+04  2.003121e+03 -5.270643e-02  4.767423e-02 -3.354289e-02 
 3.270000e+04  2.014695e+03 -5.276196e-02  4.772184e-02 -3.357854e-02 
 3.275000e+04  2.026269e+03 -5.281725e-02  4.776903e-02 -3.361417e-02 
 3.280000e+04  2.037843e+03 -5.287227e-02  4.781584e-02 -3.364963e-02 
 3.285000e+04  2.049417e+03 -5.292702e-02  4.786243e-02 -3.368496e-02 
 3.290000e+04  2.060991e+03 -5.298146e-02  4.790883e-02 -3.372020e-02 
 3.295000e+04  2.072565e+03 -5.303557e-02  4.795515e-02 -3.375524e-02 
 3.300000e+04  2.084139e+03 -5.308928e-02  4.800132e-02 -3.379008e-02 
 3.305000e+04  2.095713e+03 -5.314265e-02  4.804733e-02 -3.382478e-02 
 3.310000e+04  2.107287e+03 -5.319576e-02  4.809316e-02 -3.385941e-02 
 3.315000e+04  2.118861e+03 -5.324868e-02  4.813887e-02 -3.389390e-02 
 3.320000e+04  2.130435e+03 -5.330142e-02  4.818441e-02 -3.392831e-02 
 3.325000e+04  2.142010e+03 -5.335390e-02  4.822967e-02 -3.396260e-02 
 3.330000e+04  2.153584e+03 -5.340616e-02  4.827467e-02 -3.399674e-02 
 3.335000e+04  2.165158e+03 -5.345823e-02  4.831942e-02 -3.403075e-02 
 3.340000e+04  2.176732e+03 -5.351008e-02  4.836389e-02 -3.406465e-02 
 3.345000e+04  2.188306e+03 -5.356169e-02  4.840809e-02 -3.409841e-02 
 3.350000e+04  2.199880e+03 -5.361309e-02  4.845205e-02 -3.413194e-02 
 3.355000e+04  2.211454e+03 -5.366436e-02  4.849579e-02 -3.416535e-02 
 3.360000e+04  2.223028e+03 -5.371546e-02  4.853936e-02 -3.419864e-02 
 3.365000e+04  2.234602e+03 -5.376636e-02  4.858271e-02 -3.423175e-02 
 3.370000e+04  2.246176e+03 -5.381709e-02  4.862589e-02 -3.426478e-02 
 3.375000e+04  2.257750e+03 -5.386768e-02  4.866891e-02 -3.429775e-02 
 3.380000e+04  2.269324e+03 -5.391816e-02  4.871176e-02 -3.433061e-02 
 3.385000e+04  2.280898e+03 -5.396840e-02  4.875448e-02 -3.436336e-02 
 3.390000e+04  2.292472e+03 -5.401834e-02  4.879706e-02 -3.439591e-02 
 3.395000e+04  2.304047e+03 -5.406795e-02  4.883950e-02 -3.442820e-02 
 3.400000e+04  2.315621e+03 -5.411723e-02  4.888178e-02 -3.446036e-02 
 3.405000e+04  2.327195e+03 -5.416628e-02  4.892389e-02 -3.449241e-02 
 3.410000e+04  2.338769e+03 -5.421513e-02  4.896584e-02 -3.452432e-02 
 3.415000e+04  2.350343e+03 -5.426381e-02  4.900768e-02 -3.455602e-02 
 3.420000e+04  2.361917e+03 -5.431231e-02  4.904941e-02 -3.458757e-02 
 3.425000e+04  2.373491e+03 -5.436060e-02  4.909099e-02 -3.461899e-02 
 3.430000e+04  2.385065e+03 -5.440871e-02  4.913244e-02 -3.465030e-02 
 3.435000e+04  2.396639e+03 -5.445666e-02  4.917373e-02 -3.468155e-02 
 3.440000e+04  2.408213e+03 -5.450446e-02  4.921483e-02 -3.471269e-02 
 3.445000e+04  2.419787e+03 -5.455213e-02  4.925578e-02 -3.474364e-02 
 3.450000e+04  2.431361e+03 -5.459967e-02  4.929657e-02 -3.477441e-02 
 3.455000e+04  2.442935e+03 -5.464712e-02  4.933716e-02 -3.480507e-02 
 3.460000e+04  2.454510e+03 -5.469443e-02  4.937754e-02 -3.483559e-02 
 3.465000e+04  2.466084e+03 -5.474160e-02  4.941771e-02 -3.486597e-02 
 3.470000e+04  2.477658e+03 -5.478865e-02  4.945768e-02 -3.489628e-02 
 3.475000e+04  2.489232e+03 -5.483554e-02  4.949745e-02 -3.492654e-02 
 3.480000e+04  2.500806e+03 -5.488225e-02  4.953709e-02 -3.495674e-02 
 3.485000e+04  2.512380e+03 -5.492876e-02  4.957664e-02 -3.498686e-02 
 3.490000e+04  2.523954e+03 -5.497511e-02  4.961615e-02 -3.501688e-02 
 3.495000e+04  2.535528e+03 -5.502130e-02  4.965559e-02 -3.504682e-02 
 3.500000e+04  2.547102e+03 -5.506731e-02  4.969492e-02 -3.507668e-02 
 3.505000e+04  2.558676e+03 -5.511313e-02  4.973411e-02 -3.510645e-02 
 3.510000e+04  2.570250e+03 -5.515881e-02  4.977316e-02 -3.513613e-02 
 3.515000e+04  2.581824e+03 -5.520430e-02  4.981209e-02 -3.516574e-02 
 3.520000e+04  2.593398e+03 -5.524961e-02  4.985085e-02 -3.519527e-02 
 3.525000e+04  2.604972e+03 -5.529473e-02  4.988944e-02 -3.522474e-02 
 3.530000e+04  2.616547e+03 -5.533969e-02  4.992788e-02 -3.525416e-02 
 3.535000e+04  2.628121e+03 -5.538446e-02  4.996620e-02 -3.528352e-02 
 3.540000e+04  2.639695e+03 -5.542911e-02  5.000439e-02 -3.531282e-02 
 3.545000e+04  2.651269e+03 -5.547366e-02  5.004246e-02 -3.534206e-02 
 3.550000e+04  2.662843e+03 -5.551809e-02  5.008039e-02 -3.537120e-02 
 3.555000e+04  2.674417e+03 -5.556239e-02  5.011819e-02 -3.540025e-02 
 3.560000e+04  2.685991e+03 -5.560659e-02  5.015585e-02 -3.542922e-02 
 3.565000e+04  2.697565e+03 -5.565067e-02  5.019334e-02 -3.545813e-02 
 3.570000e+04  2.709139e+03 -5.569461e-02  5.023066e-02 -3.548695e-02 
 3.575000e+04  2.720713e+03 -5.573843e-02  5.026785e-02 -3.551571e-02 
 3.580000e+04  2.732287e+03 -5.578213e-02  5.030491e-02 -3.554442e-02 
 3.585000e+04  2.743861e+03 -5.582571e-02  5.034185e-02 -3.557304e-02 
 3.590000e+04  2.755435e+03 -5.586916e-02  5.037868e-02 -3.560160e-02 
 3.595000e+04  2.767010e+03 -5.591249e-02  5.041541e-02 -3.563007e-02 
 3.600000e+04  2.778584e+03 -5.595569e-02  5.045201e-02 -3.565844e-02 
 3.605000e+04  2.790158e+03 -5.599876e-02  5.048852e-02 -3.568672e-02 
 3.610000e+04  2.801732e+03 -5.604168e-02  5.052492e-02 -3.571493e-02 
 3.615000e+04  2.813306e+03 -5.608445e-02  5.056121e-02 -3.574305e-02 
 3.620000e+04  2.824880e+03 -5.612706e-02  5.059738e-02 -3.577104e-02 
 3.625000e+04  2.836454e+03 -5.616955e-02  5.063343e-02 -3.579895e-02 
 3.630000e+04  2.848028e+03 -5.621189e-02  5.066937e-02 -3.582677e-02 
 3.635000e+04  2.859602e+03 -5.625410e-02  5.070519e-02 -3.585451e-02 
 3.640000e+04  2.871176e+03 -5.629619e-02  5.074092e-02 -3.588219e-02 
 3.645000e+04  2.882750e+03 -5.633818e-02  5.077656e-02 -3.590980e-02 
 3.650000e+04  2.894324e+03 -5.638009e-02  5.081207e-02 -3.593734e-02 
 3.655000e+04  2.905898e+03 -5.642194e-02  5.084748e-02 -3.596482e-02 
 3.660000e+04  2.917472e+03 -5.646374e-02  5.088274e-02 -3.599223e-02 
 3.665000e+04  2.929047e+03 -5.650545e-02  5.091785e-02 -3.601956e-02 
 3.670000e+04  2.940621e+03 -5.654709e-02  5.095283e-02 -3.604682e-02 
 3.675000e+04  2.952195e+03 -5.658865e-02  5.098769e-02 -3.607400e-02 
 3.680000e+04  2.963769e+03 -5.663012e-02  5.102247e-02 -3.610110e-02 
 3.685000e+04  2.975343e+03 -5.667149e-02  5.105715e-02 -3.612807e-02 
 3.690000e+04  2.986917e+03 -5.671275e-02  5.109172e-02 -3.615485e-02 
 3.695000e+04  2.998491e+03 -5.675376e-02  5.112619e-02 -3.618162e-02 
 3.700000e+04  3.010065e+03 -5.679454e-02  5.116053e-02 -3.620838e-02 
 3.705000e+04  3.021639e+03 -5.683537e-02  5.119479e-02 -3.623514e-02 
 3.710000e+04  3.033213e+03 -5.687617e-02  5.122898e-02 -3.626195e-02 
 3.715000e+04  3.044787e+03 -5.691689e-02  5.126309e-02 -3.628864e-02 
 3.720000e+04  3.056361e+03 -5.695763e-02  5.129715e-02 -3.631502e-02 
 3.725000e+04  3.067935e+03 -5.699835e-02  5.133099e-02 -3.634141e-02 
 3.730000e+04  3.079510e+03 -5.703885e-02  5.136477e-02 -3.636776e-02 
 3.735000e+04  3.091084e+03 -5.707913e-02  5.139855e-02 -3.639394e-02 
 3.740000e+04  3.102658e+03 -5.711934e-02  5.143226e-02 -3.642016e-02 
 3.745000e+04  3.114232e+03 -5.715949e-02  5.146591e-02 -3.644644e-02 
 3.750000e+04  3.125806e+03 -5.719964e-02  5.149950e-02 -3.647272e-02 
 3.755000e+04  3.137380e+03 -5.723984e-02  5.153300e-02 -3.649896e-02 
 3.760000e+04  3.148954e+03 -5.728003e-02  5.156647e-02 -3.652503e-02 
 3.765000e+04  3.160528e+03 -5.731993e-02  5.159984e-02 -3.655097e-02 
 3.770000e+04  3.172102e+03 -5.735977e-02  5.163310e-02 -3.657689e-02 
 3.775000e+04  3.183676e+03 -5.739958e-02  5.166627e-02 -3.660276e-02 
 3.780000e+04  3.195250e+03 -5.743923e-02  5.169938e-02 -3.662847e-02 
 3.785000e+04  3.206824e+03 -5.747884e-02  5.173241e-02 -3.665415e-02 
 3.790000e+04  3.218398e+03 -5.751832e-02  5.176539e-02 -3.667979e-02 
 3.795000e+04  3.229972e+03 -5.755763e-02  5.179839e-02 -3.670543e-02 
 3.800000e+04  3.241547e+03 -5.759687e-02  5.183139e-02 -3.673109e-02 
 3.805000e+04  3.253121e+03 -5.763613e-02  5.186431e-02 -3.675665e-02 
 3.810000e+04  3.264695e+03 -5.767541e-02  5.189715e-02 -3.678204e-02 
 3.815000e+04  3.276269e+03 -5.771448e-02  5.192991e-02 -3.680740e-02 
 3.820000e+04  3.287843e+03 -5.775321e-02  5.196261e-02 -3.683269e-02 
 3.825000e+04  3.299417e+03 -5.779178e-02  5.199524e-02 -3.685794e-02 
 3.830000e+04  3.310991e+03 -5.783038e-02  5.202785e-02 -3.688309e-02 
 3.835000e+04  3.322565e+03 -5.786908e-02  5.206044e-02 -3.690821e-02 
 3.840000e+04  3.334139e+03 -5.790790e-02  5.209303e-02 -3.693318e-02 
 3.845000e+04  3.345713e+03 -5.794668e-02  5.212562e-02 -3.695816e-02 
 3.850000e+04  3.357287e+03 -5.798528e-02  5.215818e-02 -3.698311e-02 
 3.855000e+04  3.368861e+03 -5.802344e-02  5.219064e-02 -3.700813e-02 
 3.860000e+04  3.380435e+03 -5.806141e-02  5.222294e-02 -3.703322e-02 
 3.865000e+04  3.392010e+03 -5.809930e-02  5.225511e-02 -3.705813e-02 
 3.870000e+04  3.403584e+03 -5.813734e-02  5.228722e-02 -3.708299e-02 
 3.875000e+04  3.415158e+03 -5.817520e-02  5.231932e-02 -3.710774e-02 
 3.880000e+04  3.426732e+03 -5.821311e-02  5.235148e-02 -3.713243e-02 
 3.885000e+04  3.438306e+03 -5.825108e-02  5.238371e-02 -3.715702e-02 
 3.890000e+04  3.449880e+03 -5.828869e-02  5.241590e-02 -3.718158e-02 
 3.895000e+04  3.461454e+03 -5.832622e-02  5.244801e-02 -3.720616e-02 
 3.900000e+04  3.473028e+03 -5.836377e-02  5.248001e-02 -3.723077e-02 
 3.905000e+04  3.484602e+03 -5.840120e-02  5.251196e-02 -3.725545e-02 
 3.910000e+04  3.496176e+03 -5.843845e-02  5.254387e-02 -3.728013e-02 
 3.915000e+04  3.507750e+03 -5.847560e-02  5.257577e-02 -3.730477e-02 
 3.920000e+04  3.519324e+03 -5.851276e-02  5.260770e-02 -3.732924e-02 
 3.925000e+04  3.530898e+03 -5.854991e-02  5.263968e-02 -3.735360e-02 
 3.930000e+04  3.542472e+03 -5.858700e-02  5.267170e-02 -3.737794e-02 
 3.935000e+04  3.554047e+03 -5.862395e-02  5.270366e-02 -3.740224e-02 
 3.940000e+04  3.565621e+03 -5.866083e-02  5.273552e-02 -3.742639e-02 
 3.945000e+04  3.577195e+03 -5.869745e-02  5.276726e-02 -3.745061e-02 
 3.950000e+04  3.588769e+03 -5.873383e-02  5.279890e-02 -3.747478e-02 
 3.955000e+04  3.600343e+03 -5.877014e-02  5.283044e-02 -3.749897e-02 
 3.960000e+04  3.611917e+03 -5.880619e-02  5.286196e-02 -3.752316e-02 
 3.965000e+04  3.623491e+03 -5.884240e-02  5.289353e-02 -3.754731e-02 
 3.970000e+04  3.635065e+03 -5.887871e-02  5.292512e-02 -3.757143e-02 
 3.975000e+04  3.646639e+03 -5.891516e-02  5.295672e-02 -3.759532e-02 
 3.980000e+04  3.658213e+03 -5.895163e-02  5.298830e-02 -3.761909e-02 
 3.985000e+04  3.669787e+03 -5.898803e-02  5.301971e-02 -3.764299e-02 
 3.990000e+04  3.681361e+03 -5.902409e-02  5.305108e-02 -3.766697e-02 
 3.995000e+04  3.692935e+03 -5.905980e-02  5.308241e-02 -3.769104e-02 
 4.000000e+04  3.704510e+03 -5.909548e-02  5.311369e-02 -3.771502e-02 
 4.005000e+04  3.716084e+03 -5.913097e-02  5.314483e-02 -3.773882e-02 
 4.010000e+04  3.727658e+03 -5.916651e-02  5.317590e-02 -3.776251e-02 
 4.015000e+04  3.739232e+03 -5.920212e-02  5.320696e-02 -3.778610e-02 
 4.020000e+04  3.750806e+03 -5.923775e-02  5.323803e-02 -3.780970e-02 
 4.025000e+04  3.762380e+03 -5.927347e-02  5.326916e-02 -3.783335e-02 
 4.030000e+04  3.773954e+03 -5.930913e-02  5.330032e-02 -3.785706e-02 
 4.035000e+04  3.785528e+03 -5.934464e-02  5.333141e-02 -3.788082e-02 
 4.040000e+04  3.797102e+03 -5.938008e-02  5.336245e-02 -3.790462e-02 
 4.045000e+04  3.808676e+03 -5.941534e-02  5.339336e-02 -3.792833e-02 
 4.050000e+04  3.820250e+03 -5.945054e-02  5.342414e-02 -3.795197e-02 
 4.055000e+04  3.831824e+03 -5.948588e-02  5.345490e-02 -3.797557e-02 
 4.060000e+04  3.843398e+03 -5.952140e-02  5.348559e-02 -3.799901e-02 
 4.065000e+04  3.854972e+03 -5.955697e-02  5.351617e-02 -3.802241e-02 
 4.070000e+04  3.866547e+03 -5.959238e-02  5.354670e-02 -3.804567e-02 
 4.075000e+04  3.878121e+03 -5.962775e-02  5.357711e-02 -3.806900e-02 
 4.080000e+04  3.889695e+03 -5.966316e-02  5.360742e-02 -3.809247e-02 
 4.085000e+04  3.901269e+03 -5.969839e-02  5.363776e-02 -3.811606e-02 
 4.090000e+04  3.912843e+03 -5.973335e-02  5.366814e-02 -3.813960e-02 
 4.095000e+04  3.924417e+03 -5.976832e-02  5.369849e-02 -3.816304e-02 
 4.100000e+04  3.935991e+03 -5.980339e-02  5.372887e-02 -3.818630e-02 
 4.105000e+04  3.947565e+03 -5.983818e-02  5.375935e-02 -3.820946e-02 
 4.110000e+04  3.959139e+03 -5.987290e-02  5.378988e-02 -3.823260e-02 
 4.115000e+04  3.970713e+03 -5.990767e-02  5.382049e-02 -3.825574e-02 
 4.120000e+04  3.982287e+03 -5.994237e-02  5.385104e-02 -3.827883e-02 
 4.125000e+04  3.993861e+03 -5.997678e-02  5.388148e-02 -3.830184e-02 
 4.130000e+04  4.005435e+03 -6.001105e-02  5.391191e-02 -3.832490e-02 
 4.135000e+04  4.017010e+03 -6.004539e-02  5.394235e-02 -3.834806e-02 
 4.140000e+04  4.028584e+03 -6.007963e-02  5.397283e-02 -3.837111e-02 
 4.145000e+04  4.040158e+03 -6.011373e-02  5.400334e-02 -3.839403e-02 
 4.150000e+04  4.051732e+03 -6.014777e-02  5.403392e-02 -3.841689e-02 
 4.155000e+04  4.063306e+03 -6.018179e-02  5.406462e-02 -3.843986e-02 
 4.160000e+04  4.074880e+03 -6.021591e-02  5.409525e-02 -3.846283e-02 
 4.165000e+04  4.086454e+03 -6.025019e-02  5.412550e-02 -3.848572e-02 
 4.170000e+04  4.098028e+03 -6.028464e-02  5.415550e-02 -3.850849e-02 
 4.175000e+04  4.109602e+03 -6.031924e-02  5.418543e-02 -3.853124e-02 
 4.180000e+04  4.121176e+03 -6.035380e-02  5.421528e-02 -3.855386e-02 
 4.185000e+04  4.132750e+03 -6.038821e-02  5.424518e-02 -3.857640e-02 
 4.190000e+04  4.144324e+03 -6.042263e-02  5.427521e-02 -3.859900e-02 
 4.195000e+04  4.155898e+03 -6.045714e-02  5.430545e-02 -3.862172e-02 
 4.200000e+04  4.167472e+03 -6.049158e-02  5.433573e-02 -3.864449e-02 
 4.205000e+04  4.179047e+03 -6.052573e-02  5.436595e-02 -3.866711e-02 
 4.210000e+04  4.190621e+03 -6.055970e-02  5.439617e-02 -3.868940e-02 
 4.215000e+04  4.202195e+03 -6.059345e-02  5.442643e-02 -3.871158e-02 
 4.220000e+04  4.213769e+03 -6.062699e-02  5.445673e-02 -3.873379e-02 
 4.225000e+04  4.225343e+03 -6.066050e-02  5.448712e-02 -3.875601e-02 
 4.230000e+04  4.236917e+03 -6.069405e-02  5.451742e-02 -3.877834e-02 
 4.235000e+04  4.248491e+03 -6.072774e-02  5.454772e-02 -3.880068e-02 
 4.240000e+04  4.260065e+03 -6.076133e-02  5.457800e-02 -3.882299e-02 
 4.245000e+04  4.271639e+03 -6.079479e-02  5.460829e-02 -3.884497e-02 
 4.250000e+04  4.283213e+03 -6.082819e-02  5.463860e-02 -3.886686e-02 
 4.255000e+04  4.294787e+03 -6.086148e-02  5.466880e-02 -3.888879e-02 
 4.260000e+04  4.306361e+03 -6.089464e-02  5.469892e-02 -3.891073e-02 
 4.265000e+04  4.317935e+03 -6.092790e-02  5.472900e-02 -3.893275e-02 
 4.270000e+04  4.329510e+03 -6.096134e-02  5.475911e-02 -3.895485e-02 
 4.275000e+04  4.341084e+03 -6.099490e-02  5.478907e-02 -3.897682e-02 
 4.280000e+04  4.352658e+03 -6.102851e-02  5.481879e-02 -3.899866e-02 
 4.285000e+04  4.364232e+03 -6.106212e-02  5.484842e-02 -3.902046e-02 
 4.290000e+04  4.375806e+03 -6.109572e-02  5.487790e-02 -3.904228e-02 
 4.295000e+04  4.387380e+03 -6.112912e-02  5.490729e-02 -3.906383e-02 
 4.300000e+04  4.398954e+03 -6.116238e-02  5.493665e-02 -3.908544e-02 
 4.305000e+04  4.410528e+03 -6.119532e-02  5.496602e-02 -3.910708e-02 
 4.310000e+04  4.422102e+03 -6.122825e-02  5.499527e-02 -3.912871e-02 
 4.315000e+04  4.433676e+03 -6.126120e-02  5.502452e-02 -3.915024e-02 
 4.320000e+04  4.445250e+03 -6.129429e-02  5.505380e-02 -3.917162e-02 
 4.325000e+04  4.456824e+03 -6.132757e-02  5.508302e-02 -3.919294e-02 
 4.330000e+04  4.468398e+03 -6.136082e-02  5.511221e-02 -3.921431e-02 
 4.335000e+04  4.479972e+03 -6.139388e-02  5.514146e-02 -3.923568e-02 
 4.340000e+04  4.491547e+03 -6.142695e-02  5.517073e-02 -3.925696e-02 
 4.345000e+04  4.503121e+03 -6.146005e-02  5.519988e-02 -3.927840e-02 
 4.350000e+04  4.514695e+03 -6.149327e-02  5.522882e-02 -3.929996e-02 
 4.355000e+04  4.526269e+03 -6.152646e-02  5.525764e-02 -3.932145e-02 
 4.360000e+04  4.537843e+03 -6.155971e-02  5.528653e-02 -3.934286e-02 
 4.365000e+04  4.549417e+03 -6.159303e-02  5.531558e-02 -3.936428e-02 
 4.370000e+04  4.560991e+03 -6.162651e-02  5.534474e-02 -3.938566e-02 
 4.375000e+04  4.572565e+03 -6.166015e-02  5.537380e-02 -3.940690e-02 
 4.380000e+04  4.584139e+03 -6.169391e-02  5.540274e-02 -3.942809e-02 
 4.385000e+04  4.595713e+03 -6.172760e-02  5.543157e-02 -3.944930e-02 
 4.390000e+04  4.607287e+03 -6.176119e-02  5.546023e-02 -3.947055e-02 
 4.395000e+04  4.618861e+03 -6.179454e-02  5.548884e-02 -3.949167e-02 
 4.400000e+04  4.630435e+03 -6.182788e-02  5.551737e-02 -3.951278e-02 
 4.405000e+04  4.642010e+03 -6.186137e-02  5.554586e-02 -3.953389e-02 
 4.410000e+04  4.653584e+03 -6.189495e-02  5.557430e-02 -3.955505e-02 
 4.415000e+04  4.665158e+03 -6.192851e-02  5.560281e-02 -3.957621e-02 
 4.420000e+04  4.676732e+03 -6.196197e-02  5.563139e-02 -3.959732e-02 
 4.425000e+04  4.688306e+03 -6.199523e-02  5.566011e-02 -3.961842e-02 
 4.430000e+04  4.699880e+03 -6.202833e-02  5.568881e-02 -3.963950e-02 
 4.435000e+04  4.711454e+03 -6.206126e-02  5.571743e-02 -3.966035e-02 
 4.440000e+04  4.723028e+03 -6.209408e-02  5.574585e-02 -3.968121e-02 
 4.445000e+04  4.734602e+03 -6.212671e-02  5.577441e-02 -3.970211e-02 
 4.450000e+04  4.746176e+03 -6.215944e-02  5.580294e-02 -3.972308e-02 
 4.455000e+04  4.757750e+03 -6.219227e-02  5.583131e-02 -3.974411e-02 
 4.460000e+04  4.769324e+03 -6.222517e-02  5.585957e-02 -3.976503e-02 
 4.465000e+04  4.780898e+03 -6.225794e-02  5.588782e-02 -3.978589e-02 
 4.470000e+04  4.792472e+03 -6.229037e-02  5.591607e-02 -3.980671e-02 
 4.475000e+04  4.804047e+03 -6.232267e-02  5.594444e-02 -3.982736e-02 
 4.480000e+04  4.815621e+03 -6.235484e-02  5.597254e-02 -3.984800e-02 
 4.485000e+04  4.827195e+03 -6.238721e-02  5.600071e-02 -3.986871e-02 
 4.490000e+04  4.838769e+03 -6.241947e-02  5.602890e-02 -3.988944e-02 
 4.495000e+04  4.850343e+03 -6.245173e-02  5.605699e-02 -3.991020e-02 
 4.500000e+04  4.861917e+03 -6.248397e-02  5.608516e-02 -3.993103e-02 
 4.505000e+04  4.873491e+03 -6.251606e-02  5.611327e-02 -3.995184e-02 
 4.510000e+04  4.885065e+03 -6.254810e-02  5.614118e-02 -3.997257e-02 
 4.515000e+04  4.896639e+03 -6.258001e-02  5.616893e-02 -3.999323e-02 
 4.520000e+04  4.908213e+03 -6.261191e-02  5.619662e-02 -4.001389e-02 
 4.525000e+04  4.919787e+03 -6.264370e-02  5.622414e-02 -4.003458e-02 
 4.530000e+04  4.931361e+03 -6.267544e-02  5.625181e-02 -4.005514e-02 
 4.535000e+04  4.942935e+03 -6.270722e-02  5.627936e-02 -4.007575e-02 
 4.540000e+04  4.954510e+03 -6.273903e-02  5.630691e-02 -4.009643e-02 
 4.545000e+04  4.966084e+03 -6.277073e-02  5.633433e-02 -4.011706e-02 
 4.550000e+04  4.977658e+03 -6.280241e-02  5.636185e-02 -4.013772e-02 
 4.555000e+04  4.989232e+03 -6.283410e-02  5.638952e-02 -4.015841e-02 
 4.560000e+04  5.000806e+03 -6.286573e-02  5.641718e-02 -4.017908e-02 
 4.565000e+04  5.012380e+03 -6.289714e-02  5.644473e-02 -4.019963e-02 
 4.570000e+04  5.023954e+03 -6.292847e-02  5.647233e-02 -4.022015e-02 
 4.575000e+04  5.035528e+03 -6.295967e-02  5.649996e-02 -4.024069e-02 
 4.580000e+04  5.047102e+03 -6.299066e-02  5.652746e-02 -4.026113e-02 
 4.585000e+04  5.058676e+03 -6.302153e-02  5.655476e-02 -4.028156e-02 
 4.590000e+04  5.070250e+03 -6.305251e-02  5.658159e-02 -4.030210e-02 
 4.595000e+04  5.081824e+03 -6.308352e-02  5.660848e-02 -4.032267e-02 
 4.600000e+04  5.093398e+03 -6.311441e-02  5.663562e-02 -4.034316e-02 
 4.605000e+04  5.104972e+03 -6.314520e-02  5.666298e-02 -4.036361e-02 
 4.610000e+04  5.116547e+03 -6.317605e-02  5.669053e-02 -4.038408e-02 
 4.615000e+04  5.128121e+03 -6.320709e-02  5.671800e-02 -4.040458e-02 
 4.620000e+04  5.139695e+03 -6.323826e-02  5.674547e-02 -4.042500e-02 
 4.625000e+04  5.151269e+03 -6.326924e-02  5.677268e-02 -4.044538e-02 
 4.630000e+04  5.162843e+03 -6.330004e-02  5.679959e-02 -4.046581e-02 
 4.635000e+04  5.174417e+03 -6.333085e-02  5.682657e-02 -4.048627e-02 
 4.640000e+04  5.185991e+03 -6.336149e-02  5.685328e-02 -4.050658e-02 
 4.645000e+04  5.197565e+03 -6.339227e-02  5.687987e-02 -4.052684e-02 
 4.650000e+04  5.209139e+03 -6.342331e-02  5.690660e-02 -4.054723e-02 
 4.655000e+04  5.220713e+03 -6.345431e-02  5.693353e-02 -4.056762e-02 
 4.660000e+04  5.232287e+03 -6.348527e-02  5.696058e-02 -4.058799e-02 
 4.665000e+04  5.243861e+03 -6.351592e-02  5.698774e-02 -4.060840e-02 
 4.670000e+04  5.255435e+03 -6.354657e-02  5.701495e-02 -4.062883e-02 
 4.675000e+04  5.267010e+03 -6.357727e-02  5.704190e-02 -4.064920e-02 
 4.680000e+04  5.278584e+03 -6.360779e-02  5.706868e-02 -4.066942e-02 
 4.685000e+04  5.290158e+03 -6.363812e-02  5.709524e-02 -4.068965e-02 
