         Step [creep.tim... Z Displace... Z Displace... X Displace... 
------------- ------------- ------------- ------------- ------------- 
 5.250000e+03  1.276223e-07 -4.629353e-03  4.524540e-03 -2.433365e-03 
 5.300000e+03  3.886505e-06 -4.629541e-03  4.524629e-03 -2.433553e-03 
 5.350000e+03  3.247325e-05 -4.630272e-03  4.524729e-03 -2.434014e-03 
 5.400000e+03  2.167748e-04 -4.630490e-03  4.524858e-03 -2.434083e-03 
 5.450000e+03  9.220153e-04 -4.631166e-03  4.525723e-03 -2.435131e-03 
 5.500000e+03  2.111180e-03 -4.633727e-03  4.528093e-03 -2.437676e-03 
 5.550000e+03  3.936438e-03 -4.638797e-03  4.533060e-03 -2.442306e-03 
 5.600000e+03  5.908359e-03 -4.644909e-03  4.539808e-03 -2.447385e-03 
 5.650000e+03  8.643757e-03 -4.654120e-03  4.550438e-03 -2.454684e-03 
 5.700000e+03  1.192542e-02 -4.665109e-03  4.563167e-03 -2.462760e-03 
 5.750000e+03  1.534641e-02 -4.674898e-03  4.573791e-03 -2.469644e-03 
 5.800000e+03  1.876740e-02 -4.683330e-03  4.582489e-03 -2.475885e-03 
 5.850000e+03  2.218839e-02 -4.691986e-03  4.591410e-03 -2.482835e-03 
 5.900000e+03  2.560937e-02 -4.701471e-03  4.601306e-03 -2.490594e-03 
 5.950000e+03  2.903036e-02 -4.711314e-03  4.611929e-03 -2.499158e-03 
 6.000000e+03  3.306950e-02 -4.723313e-03  4.624185e-03 -2.509728e-03 
 6.050000e+03  3.786483e-02 -4.737580e-03  4.637961e-03 -2.520963e-03 
 6.100000e+03  4.267851e-02 -4.750775e-03  4.650344e-03 -2.529995e-03 
 6.150000e+03  4.749218e-02 -4.763107e-03  4.661871e-03 -2.537918e-03 
 6.200000e+03  5.230585e-02 -4.775237e-03  4.673936e-03 -2.546177e-03 
 6.250000e+03  5.711953e-02 -4.788030e-03  4.687082e-03 -2.555437e-03 
 6.300000e+03  6.193320e-02 -4.801247e-03  4.700995e-03 -2.565732e-03 
 6.350000e+03  6.739555e-02 -4.815669e-03  4.716309e-03 -2.578118e-03 
 6.400000e+03  7.392559e-02 -4.831644e-03  4.732683e-03 -2.592036e-03 
 6.450000e+03  8.069891e-02 -4.846860e-03  4.748018e-03 -2.604503e-03 
 6.500000e+03  8.747223e-02 -4.861771e-03  4.762892e-03 -2.615549e-03 
 6.550000e+03  9.424555e-02 -4.877116e-03  4.778191e-03 -2.626271e-03 
 6.600000e+03  1.010189e-01 -4.893058e-03  4.794554e-03 -2.637504e-03 
 6.650000e+03  1.077922e-01 -4.909612e-03  4.812039e-03 -2.649604e-03 
 6.700000e+03  1.146197e-01 -4.925847e-03  4.829833e-03 -2.662194e-03 
 6.750000e+03  1.223638e-01 -4.942487e-03  4.847842e-03 -2.675889e-03 
 6.800000e+03  1.308932e-01 -4.959520e-03  4.865486e-03 -2.690009e-03 
 6.850000e+03  1.395379e-01 -4.976312e-03  4.882683e-03 -2.703615e-03 
 6.900000e+03  1.481826e-01 -4.993230e-03  4.899948e-03 -2.716722e-03 
 6.950000e+03  1.568272e-01 -5.010706e-03  4.917944e-03 -2.729876e-03 
 7.000000e+03  1.654719e-01 -5.029069e-03  4.936765e-03 -2.743238e-03 
 7.050000e+03  1.743327e-01 -5.048474e-03  4.956031e-03 -2.756753e-03 
 7.100000e+03  1.839787e-01 -5.068233e-03  4.975392e-03 -2.770693e-03 
 7.150000e+03  1.939860e-01 -5.086746e-03  4.994073e-03 -2.784598e-03 
 7.200000e+03  2.039933e-01 -5.104415e-03  5.012271e-03 -2.798534e-03 
 7.250000e+03  2.140005e-01 -5.121788e-03  5.030244e-03 -2.812509e-03 
 7.300000e+03  2.240278e-01 -5.139504e-03  5.048448e-03 -2.826541e-03 
 7.350000e+03  2.354710e-01 -5.160511e-03  5.069577e-03 -2.842487e-03 
 7.400000e+03  2.476349e-01 -5.183161e-03  5.091916e-03 -2.858766e-03 
 7.450000e+03  2.598718e-01 -5.204809e-03  5.113127e-03 -2.873923e-03 
 7.500000e+03  2.726439e-01 -5.226127e-03  5.134316e-03 -2.889061e-03 
 7.550000e+03  2.854160e-01 -5.246995e-03  5.155298e-03 -2.904293e-03 
 7.600000e+03  2.981881e-01 -5.267338e-03  5.176276e-03 -2.919699e-03 
 7.650000e+03  3.109602e-01 -5.287216e-03  5.197197e-03 -2.935349e-03 
 7.700000e+03  3.248542e-01 -5.308783e-03  5.219910e-03 -2.952532e-03 
 7.750000e+03  3.396395e-01 -5.331413e-03  5.243494e-03 -2.970262e-03 
 7.800000e+03  3.544248e-01 -5.353422e-03  5.265784e-03 -2.986574e-03 
 7.850000e+03  3.698311e-01 -5.376068e-03  5.288362e-03 -3.002721e-03 
 7.900000e+03  3.853557e-01 -5.398965e-03  5.311125e-03 -3.018850e-03 
 7.950000e+03  4.008803e-01 -5.421631e-03  5.333778e-03 -3.034978e-03 
 8.000000e+03  4.164048e-01 -5.443790e-03  5.356138e-03 -3.051229e-03 
 8.050000e+03  4.322089e-01 -5.465847e-03  5.378445e-03 -3.067984e-03 
 8.100000e+03  4.492269e-01 -5.488662e-03  5.401819e-03 -3.085816e-03 
 8.150000e+03  4.663427e-01 -5.510642e-03  5.424461e-03 -3.102903e-03 
 8.200000e+03  4.838865e-01 -5.533084e-03  5.447239e-03 -3.119620e-03 
 8.250000e+03  5.018581e-01 -5.556474e-03  5.470708e-03 -3.136344e-03 
 8.300000e+03  5.198298e-01 -5.580183e-03  5.494041e-03 -3.152835e-03 
 8.350000e+03  5.378014e-01 -5.603637e-03  5.516898e-03 -3.169200e-03 
 8.400000e+03  5.569592e-01 -5.627861e-03  5.540649e-03 -3.186566e-03 
 8.450000e+03  5.767729e-01 -5.651845e-03  5.564516e-03 -3.204341e-03 
 8.500000e+03  5.965866e-01 -5.674668e-03  5.587733e-03 -3.221765e-03 
 8.550000e+03  6.164004e-01 -5.697036e-03  5.610530e-03 -3.238864e-03 
 8.600000e+03  6.368085e-01 -5.720204e-03  5.634164e-03 -3.256237e-03 
 8.650000e+03  6.576129e-01 -5.743905e-03  5.658550e-03 -3.273639e-03 
 8.700000e+03  6.791039e-01 -5.768271e-03  5.683511e-03 -3.291051e-03 
 8.750000e+03  7.016257e-01 -5.793442e-03  5.708866e-03 -3.308781e-03 
 8.800000e+03  7.245626e-01 -5.818764e-03  5.733662e-03 -3.326515e-03 
 8.850000e+03  7.474994e-01 -5.843295e-03  5.757678e-03 -3.344116e-03 
 8.900000e+03  7.704363e-01 -5.866924e-03  5.781212e-03 -3.361652e-03 
 8.950000e+03  7.933732e-01 -5.890086e-03  5.804648e-03 -3.379206e-03 
 9.000000e+03  8.165624e-01 -5.913421e-03  5.828445e-03 -3.396908e-03 
 9.050000e+03  8.406461e-01 -5.937544e-03  5.853043e-03 -3.414822e-03 
 9.100000e+03  8.662447e-01 -5.962957e-03  5.878751e-03 -3.432950e-03 
 9.150000e+03  8.940184e-01 -5.990317e-03  5.906289e-03 -3.451957e-03 
 9.200000e+03  9.218983e-01 -6.017534e-03  5.933208e-03 -3.470781e-03 
 9.250000e+03  9.497782e-01 -6.044129e-03  5.959266e-03 -3.489551e-03 
 9.300000e+03  9.776581e-01 -6.070111e-03  5.984706e-03 -3.508366e-03 
 9.350000e+03  1.005538e+00 -6.095562e-03  6.009856e-03 -3.527270e-03 
 9.400000e+03  1.033418e+00 -6.120309e-03  6.034776e-03 -3.545931e-03 
 9.450000e+03  1.061298e+00 -6.144594e-03  6.059419e-03 -3.563973e-03 
 9.500000e+03  1.090126e+00 -6.169659e-03  6.084867e-03 -3.581998e-03 
 9.550000e+03  1.119400e+00 -6.195157e-03  6.110776e-03 -3.599916e-03 
 9.600000e+03  1.148673e+00 -6.220493e-03  6.136356e-03 -3.617474e-03 
 9.650000e+03  1.178708e+00 -6.246066e-03  6.161974e-03 -3.635351e-03 
 9.700000e+03  1.210276e+00 -6.272668e-03  6.188131e-03 -3.654218e-03 
 9.750000e+03  1.242550e+00 -6.299240e-03  6.214012e-03 -3.673399e-03 
 9.800000e+03  1.274825e+00 -6.324995e-03  6.239231e-03 -3.692305e-03 
 9.850000e+03  1.307099e+00 -6.350326e-03  6.264307e-03 -3.710941e-03 
 9.900000e+03  1.339374e+00 -6.375566e-03  6.289570e-03 -3.729275e-03 
 9.950000e+03  1.371648e+00 -6.400725e-03  6.314992e-03 -3.747140e-03 
 1.000000e+04  1.405554e+00 -6.426986e-03  6.341581e-03 -3.765411e-03 
 1.005000e+04  1.442667e+00 -6.455566e-03  6.370282e-03 -3.785099e-03 
 1.010000e+04  1.480029e+00 -6.483903e-03  6.398301e-03 -3.804715e-03 
 1.015000e+04  1.517391e+00 -6.511404e-03  6.425267e-03 -3.824275e-03 
 1.020000e+04  1.554752e+00 -6.538264e-03  6.451521e-03 -3.843856e-03 
 1.025000e+04  1.592114e+00 -6.564807e-03  6.477577e-03 -3.863331e-03 
 1.030000e+04  1.629476e+00 -6.591133e-03  6.503651e-03 -3.882509e-03 
 1.035000e+04  1.666950e+00 -6.617320e-03  6.529763e-03 -3.901174e-03 
 1.040000e+04  1.707396e+00 -6.645395e-03  6.557998e-03 -3.920775e-03 
 1.045000e+04  1.748587e+00 -6.673751e-03  6.586726e-03 -3.940337e-03 
 1.050000e+04  1.789778e+00 -6.701605e-03  6.614868e-03 -3.959665e-03 
 1.055000e+04  1.831835e+00 -6.729580e-03  6.642831e-03 -3.979314e-03 
 1.060000e+04  1.875561e+00 -6.758311e-03  6.671146e-03 -3.999808e-03 
 1.065000e+04  1.920975e+00 -6.787738e-03  6.699933e-03 -4.021023e-03 
 1.070000e+04  1.966388e+00 -6.816504e-03  6.728204e-03 -4.041885e-03 
 1.075000e+04  2.011801e+00 -6.844957e-03  6.756319e-03 -4.062283e-03 
 1.080000e+04  2.057215e+00 -6.873367e-03  6.784529e-03 -4.082260e-03 
 1.085000e+04  2.102628e+00 -6.901560e-03  6.812775e-03 -4.101816e-03 
 1.090000e+04  2.148723e+00 -6.929827e-03  6.841241e-03 -4.121304e-03 
 1.095000e+04  2.197790e+00 -6.959590e-03  6.871139e-03 -4.141876e-03 
 1.100000e+04  2.247858e+00 -6.989638e-03  6.900974e-03 -4.162860e-03 
 1.105000e+04  2.297927e+00 -7.019051e-03  6.929719e-03 -4.183744e-03 
 1.110000e+04  2.349146e+00 -7.048591e-03  6.958422e-03 -4.204925e-03 
 1.115000e+04  2.401718e+00 -7.078763e-03  6.987740e-03 -4.226420e-03 
 1.120000e+04  2.454290e+00 -7.108744e-03  7.017010e-03 -4.247510e-03 
 1.125000e+04  2.506862e+00 -7.138319e-03  7.046148e-03 -4.268040e-03 
 1.130000e+04  2.560327e+00 -7.168242e-03  7.075777e-03 -4.288519e-03 
 1.135000e+04  2.615527e+00 -7.198755e-03  7.106340e-03 -4.309506e-03 
 1.140000e+04  2.670728e+00 -7.228605e-03  7.136454e-03 -4.330348e-03 
 1.145000e+04  2.727590e+00 -7.258762e-03  7.166668e-03 -4.351701e-03 
 1.150000e+04  2.788448e+00 -7.290781e-03  7.198327e-03 -4.374456e-03 
 1.155000e+04  2.849306e+00 -7.322594e-03  7.229435e-03 -4.397015e-03 
 1.160000e+04  2.910165e+00 -7.353988e-03  7.260030e-03 -4.419108e-03 
 1.165000e+04  2.971023e+00 -7.385087e-03  7.290381e-03 -4.440799e-03 
 1.170000e+04  3.031881e+00 -7.416029e-03  7.320827e-03 -4.462166e-03 
 1.175000e+04  3.092740e+00 -7.446589e-03  7.351232e-03 -4.483219e-03 
 1.180000e+04  3.153841e+00 -7.476787e-03  7.381446e-03 -4.504065e-03 
 1.185000e+04  3.220184e+00 -7.509227e-03  7.413902e-03 -4.526629e-03 
 1.190000e+04  3.290635e+00 -7.543270e-03  7.447765e-03 -4.550497e-03 
 1.195000e+04  3.361086e+00 -7.576753e-03  7.480691e-03 -4.574105e-03 
 1.200000e+04  3.431537e+00 -7.609839e-03  7.512981e-03 -4.597372e-03 
 1.205000e+04  3.503679e+00 -7.643733e-03  7.545742e-03 -4.620907e-03 
 1.210000e+04  3.577653e+00 -7.678220e-03  7.579117e-03 -4.644685e-03 
 1.215000e+04  3.651626e+00 -7.712145e-03  7.612256e-03 -4.667985e-03 
 1.220000e+04  3.725600e+00 -7.745621e-03  7.645248e-03 -4.690987e-03 
 1.225000e+04  3.799574e+00 -7.778686e-03  7.678188e-03 -4.713875e-03 
 1.230000e+04  3.873548e+00 -7.811173e-03  7.710748e-03 -4.736577e-03 
 1.235000e+04  3.950824e+00 -7.844613e-03  7.744136e-03 -4.760056e-03 
 1.240000e+04  4.032380e+00 -7.879727e-03  7.778864e-03 -4.784628e-03 
 1.245000e+04  4.113936e+00 -7.914755e-03  7.812953e-03 -4.808913e-03 
 1.250000e+04  4.195492e+00 -7.949446e-03  7.846425e-03 -4.832817e-03 
 1.255000e+04  4.279169e+00 -7.984643e-03  7.880377e-03 -4.856953e-03 
 1.260000e+04  4.364802e+00 -8.020391e-03  7.915003e-03 -4.881387e-03 
 1.265000e+04  4.450436e+00 -8.055601e-03  7.949488e-03 -4.905609e-03 
 1.270000e+04  4.536070e+00 -8.090184e-03  7.983630e-03 -4.929539e-03 
 1.275000e+04  4.627000e+00 -8.126416e-03  8.019653e-03 -4.954749e-03 
 1.280000e+04  4.721412e+00 -8.163698e-03  8.056789e-03 -4.980762e-03 
 1.285000e+04  4.815823e+00 -8.200610e-03  8.093222e-03 -5.006441e-03 
 1.290000e+04  4.914516e+00 -8.238775e-03  8.130562e-03 -5.032831e-03 
 1.295000e+04  5.018604e+00 -8.278953e-03  8.169494e-03 -5.060329e-03 
 1.300000e+04  5.122693e+00 -8.318811e-03  8.207916e-03 -5.087495e-03 
 1.305000e+04  5.226781e+00 -8.358004e-03  8.245806e-03 -5.114316e-03 
 1.310000e+04  5.330869e+00 -8.396552e-03  8.283422e-03 -5.140890e-03 
 1.315000e+04  5.434958e+00 -8.434595e-03  8.320985e-03 -5.167332e-03 
 1.320000e+04  5.539046e+00 -8.472091e-03  8.358296e-03 -5.193468e-03 
 1.325000e+04  5.646361e+00 -8.510300e-03  8.396282e-03 -5.220017e-03 
 1.330000e+04  5.761704e+00 -8.551184e-03  8.436676e-03 -5.248254e-03 
 1.335000e+04  5.882199e+00 -8.593742e-03  8.478290e-03 -5.277382e-03 
 1.340000e+04  6.002694e+00 -8.635764e-03  8.518991e-03 -5.306072e-03 
 1.345000e+04  6.123190e+00 -8.677361e-03  8.559001e-03 -5.334437e-03 
 1.350000e+04  6.243685e+00 -8.718562e-03  8.598705e-03 -5.362621e-03 
 1.355000e+04  6.364180e+00 -8.759132e-03  8.638135e-03 -5.390570e-03 
 1.360000e+04  6.484676e+00 -8.799032e-03  8.677240e-03 -5.418148e-03 
 1.365000e+04  6.606497e+00 -8.838896e-03  8.716579e-03 -5.445741e-03 
 1.370000e+04  6.733017e+00 -8.880073e-03  8.757266e-03 -5.474144e-03 
 1.375000e+04  6.859537e+00 -8.920808e-03  8.797413e-03 -5.502143e-03 
 1.380000e+04  6.990011e+00 -8.962519e-03  8.838140e-03 -5.530575e-03 
 1.385000e+04  7.129499e+00 -9.006937e-03  8.881038e-03 -5.560763e-03 
 1.390000e+04  7.268988e+00 -9.050986e-03  8.923257e-03 -5.590662e-03 
 1.395000e+04  7.408476e+00 -9.094217e-03  8.964752e-03 -5.620270e-03 
 1.400000e+04  7.547964e+00 -9.136867e-03  9.005996e-03 -5.649579e-03 
 1.405000e+04  7.687453e+00 -9.179045e-03  9.047140e-03 -5.678688e-03 
 1.410000e+04  7.826941e+00 -9.220691e-03  9.088096e-03 -5.707432e-03 
 1.415000e+04  7.968941e+00 -9.262569e-03  9.129506e-03 -5.736292e-03 
 1.420000e+04  8.125231e+00 -9.308499e-03  9.174762e-03 -5.767691e-03 
 1.425000e+04  8.286706e+00 -9.355648e-03  9.220884e-03 -5.799804e-03 
 1.430000e+04  8.448182e+00 -9.402258e-03  9.265959e-03 -5.831509e-03 
 1.435000e+04  8.609657e+00 -9.448351e-03  9.310243e-03 -5.862942e-03 
 1.440000e+04  8.771132e+00 -9.494037e-03  9.354096e-03 -5.894160e-03 
 1.445000e+04  8.932608e+00 -9.539073e-03  9.397552e-03 -5.925104e-03 
 1.450000e+04  9.094083e+00 -9.583510e-03  9.440691e-03 -5.955684e-03 
 1.455000e+04  9.255558e+00 -9.627535e-03  9.483705e-03 -5.985901e-03 
 1.460000e+04  9.424461e+00 -9.673258e-03  9.528636e-03 -6.017188e-03 
 1.465000e+04  9.594011e+00 -9.718717e-03  9.573289e-03 -6.048176e-03 
 1.470000e+04  9.767968e+00 -9.764960e-03  9.618342e-03 -6.079542e-03 
 1.475000e+04  9.954184e+00 -9.814219e-03  9.665831e-03 -6.112929e-03 
 1.480000e+04  1.014111e+01 -9.863205e-03  9.712665e-03 -6.146229e-03 
 1.485000e+04  1.032804e+01 -9.911438e-03  9.758769e-03 -6.179185e-03 
 1.490000e+04  1.051497e+01 -9.959072e-03  9.804503e-03 -6.211821e-03 
 1.495000e+04  1.070190e+01 -1.000633e-02  9.850117e-03 -6.244181e-03 
 1.500000e+04  1.088882e+01 -1.005305e-02  9.895606e-03 -6.276116e-03 
 1.505000e+04  1.107781e+01 -1.009973e-02  9.941252e-03 -6.307935e-03 
 1.510000e+04  1.128174e+01 -1.014979e-02  9.990190e-03 -6.341918e-03 
 1.515000e+04  1.148782e+01 -1.020000e-02  1.003911e-02 -6.376030e-03 
 1.520000e+04  1.169391e+01 -1.024963e-02  1.008712e-02 -6.409808e-03 
 1.525000e+04  1.190618e+01 -1.030020e-02  1.013568e-02 -6.444303e-03 
 1.530000e+04  1.212257e+01 -1.035144e-02  1.018465e-02 -6.479228e-03 
 1.535000e+04  1.233897e+01 -1.040203e-02  1.023317e-02 -6.513808e-03 
 1.540000e+04  1.255536e+01 -1.045198e-02  1.028130e-02 -6.547920e-03 
 1.545000e+04  1.277240e+01 -1.050163e-02  1.032939e-02 -6.581739e-03 
 1.550000e+04  1.299961e+01 -1.055327e-02  1.037967e-02 -6.616836e-03 
 1.555000e+04  1.322682e+01 -1.060428e-02  1.042952e-02 -6.651563e-03 
 1.560000e+04  1.346395e+01 -1.065699e-02  1.048079e-02 -6.687346e-03 
 1.565000e+04  1.371446e+01 -1.071237e-02  1.053417e-02 -6.724935e-03 
 1.570000e+04  1.396496e+01 -1.076732e-02  1.058668e-02 -6.762242e-03 
 1.575000e+04  1.421546e+01 -1.082152e-02  1.063838e-02 -6.799108e-03 
 1.580000e+04  1.446596e+01 -1.087516e-02  1.068960e-02 -6.835638e-03 
 1.585000e+04  1.471646e+01 -1.092843e-02  1.074064e-02 -6.871872e-03 
 1.590000e+04  1.496696e+01 -1.098109e-02  1.079139e-02 -6.907625e-03 
 1.595000e+04  1.522197e+01 -1.103410e-02  1.084271e-02 -6.943562e-03 
 1.600000e+04  1.549526e+01 -1.109043e-02  1.089740e-02 -6.981752e-03 
 1.605000e+04  1.577143e+01 -1.114687e-02  1.095214e-02 -7.020055e-03 
 1.610000e+04  1.604761e+01 -1.120264e-02  1.100594e-02 -7.058002e-03 
 1.615000e+04  1.633826e+01 -1.126078e-02  1.106170e-02 -7.097569e-03 
 1.620000e+04  1.664275e+01 -1.132133e-02  1.111952e-02 -7.138694e-03 
 1.625000e+04  1.694723e+01 -1.138125e-02  1.117671e-02 -7.179348e-03 
 1.630000e+04  1.725172e+01 -1.144040e-02  1.123334e-02 -7.219425e-03 
 1.635000e+04  1.755620e+01 -1.149906e-02  1.128969e-02 -7.259108e-03 
 1.640000e+04  1.786069e+01 -1.155709e-02  1.134575e-02 -7.298504e-03 
 1.645000e+04  1.816518e+01 -1.161436e-02  1.140132e-02 -7.337475e-03 
 1.650000e+04  1.848380e+01 -1.167376e-02  1.145880e-02 -7.377879e-03 
 1.655000e+04  1.881950e+01 -1.173605e-02  1.151873e-02 -7.420119e-03 
 1.660000e+04  1.915520e+01 -1.179784e-02  1.157773e-02 -7.461943e-03 
 1.665000e+04  1.949089e+01 -1.185895e-02  1.163580e-02 -7.503287e-03 
 1.670000e+04  1.983934e+01 -1.192183e-02  1.169556e-02 -7.545760e-03 
 1.675000e+04  2.019182e+01 -1.198497e-02  1.175556e-02 -7.588350e-03 
 1.680000e+04  2.054430e+01 -1.204734e-02  1.181506e-02 -7.630460e-03 
 1.685000e+04  2.089678e+01 -1.210891e-02  1.187415e-02 -7.672123e-03 
 1.690000e+04  2.125631e+01 -1.217117e-02  1.193407e-02 -7.714269e-03 
 1.695000e+04  2.162642e+01 -1.223459e-02  1.199523e-02 -7.757319e-03 
 1.700000e+04  2.199652e+01 -1.229736e-02  1.205559e-02 -7.799903e-03 
 1.705000e+04  2.238750e+01 -1.236321e-02  1.211854e-02 -7.844435e-03 
 1.710000e+04  2.279554e+01 -1.243157e-02  1.218352e-02 -7.890519e-03 
 1.715000e+04  2.320358e+01 -1.249918e-02  1.224767e-02 -7.936109e-03 
 1.720000e+04  2.361162e+01 -1.256597e-02  1.231107e-02 -7.981122e-03 
 1.725000e+04  2.401966e+01 -1.263219e-02  1.237403e-02 -8.025751e-03 
 1.730000e+04  2.442770e+01 -1.269772e-02  1.243662e-02 -8.070061e-03 
 1.735000e+04  2.483574e+01 -1.276237e-02  1.249873e-02 -8.113881e-03 
 1.740000e+04  2.527167e+01 -1.283085e-02  1.256457e-02 -8.160247e-03 
 1.745000e+04  2.572154e+01 -1.290103e-02  1.263187e-02 -8.207679e-03 
 1.750000e+04  2.617140e+01 -1.297063e-02  1.269824e-02 -8.254638e-03 
 1.755000e+04  2.662981e+01 -1.304088e-02  1.276493e-02 -8.301913e-03 
 1.760000e+04  2.710217e+01 -1.311269e-02  1.283290e-02 -8.350175e-03 
 1.765000e+04  2.757453e+01 -1.318390e-02  1.290021e-02 -8.398007e-03 
 1.770000e+04  2.804688e+01 -1.325423e-02  1.296684e-02 -8.445379e-03 
 1.775000e+04  2.852680e+01 -1.332491e-02  1.303402e-02 -8.493032e-03 
 1.780000e+04  2.902277e+01 -1.339729e-02  1.310307e-02 -8.541860e-03 
 1.785000e+04  2.951875e+01 -1.346887e-02  1.317156e-02 -8.590197e-03 
 1.790000e+04  3.003635e+01 -1.354292e-02  1.324227e-02 -8.640062e-03 
 1.795000e+04  3.058316e+01 -1.362064e-02  1.331609e-02 -8.692218e-03 
 1.800000e+04  3.112997e+01 -1.369772e-02  1.338898e-02 -8.743899e-03 
 1.805000e+04  3.167679e+01 -1.377389e-02  1.346093e-02 -8.795093e-03 
 1.810000e+04  3.222852e+01 -1.384994e-02  1.353272e-02 -8.846187e-03 
 1.815000e+04  3.280267e+01 -1.392836e-02  1.360685e-02 -8.898876e-03 
 1.820000e+04  3.337683e+01 -1.400596e-02  1.368048e-02 -8.951068e-03 
 1.825000e+04  3.395098e+01 -1.408268e-02  1.375344e-02 -9.002616e-03 
 1.830000e+04  3.455097e+01 -1.416211e-02  1.382911e-02 -9.055976e-03 
 1.835000e+04  3.515383e+01 -1.424123e-02  1.390447e-02 -9.109134e-03 
 1.840000e+04  3.575669e+01 -1.431955e-02  1.397879e-02 -9.161736e-03 
 1.845000e+04  3.639805e+01 -1.440217e-02  1.405686e-02 -9.217135e-03 
 1.850000e+04  3.706270e+01 -1.448714e-02  1.413699e-02 -9.274019e-03 
 1.855000e+04  3.772736e+01 -1.457125e-02  1.421616e-02 -9.330291e-03 
 1.860000e+04  3.839201e+01 -1.465444e-02  1.429446e-02 -9.385937e-03 
 1.865000e+04  3.905666e+01 -1.473672e-02  1.437216e-02 -9.441033e-03 
 1.870000e+04  3.972132e+01 -1.481820e-02  1.444928e-02 -9.495625e-03 
 1.875000e+04  4.039528e+01 -1.489998e-02  1.452676e-02 -9.550448e-03 
 1.880000e+04  4.111271e+01 -1.498631e-02  1.460845e-02 -9.608188e-03 
 1.885000e+04  4.187700e+01 -1.507763e-02  1.469453e-02 -9.669126e-03 
 1.890000e+04  4.264642e+01 -1.516868e-02  1.478008e-02 -9.729843e-03 
 1.895000e+04  4.341584e+01 -1.525863e-02  1.486442e-02 -9.789864e-03 
 1.900000e+04  4.420218e+01 -1.534971e-02  1.494975e-02 -9.850554e-03 
 1.905000e+04  4.501008e+01 -1.544240e-02  1.503664e-02 -9.912307e-03 
 1.910000e+04  4.581797e+01 -1.553394e-02  1.512270e-02 -9.973369e-03 
 1.915000e+04  4.664363e+01 -1.562648e-02  1.520994e-02 -1.003513e-02 
 1.920000e+04  4.752076e+01 -1.572384e-02  1.530187e-02 -1.010015e-02 
 1.925000e+04  4.841146e+01 -1.582169e-02  1.539411e-02 -1.016544e-02 
 1.930000e+04  4.931374e+01 -1.591970e-02  1.548639e-02 -1.023074e-02 
 1.935000e+04  5.024898e+01 -1.602048e-02  1.558090e-02 -1.029775e-02 
 1.940000e+04  5.118421e+01 -1.612028e-02  1.567426e-02 -1.036401e-02 
 1.945000e+04  5.211945e+01 -1.621892e-02  1.576654e-02 -1.042957e-02 
 1.950000e+04  5.307432e+01 -1.631851e-02  1.585978e-02 -1.049582e-02 
 1.955000e+04  5.405632e+01 -1.641993e-02  1.595477e-02 -1.056322e-02 
 1.960000e+04  5.503832e+01 -1.652026e-02  1.604898e-02 -1.062992e-02 
 1.965000e+04  5.604899e+01 -1.662240e-02  1.614485e-02 -1.069779e-02 
 1.970000e+04  5.717061e+01 -1.673478e-02  1.625011e-02 -1.077226e-02 
 1.975000e+04  5.830740e+01 -1.684757e-02  1.635553e-02 -1.084695e-02 
 1.980000e+04  5.944418e+01 -1.695907e-02  1.645947e-02 -1.092072e-02 
 1.985000e+04  6.059916e+01 -1.707108e-02  1.656360e-02 -1.099475e-02 
 1.990000e+04  6.179278e+01 -1.718571e-02  1.666999e-02 -1.107045e-02 
 1.995000e+04  6.298640e+01 -1.729896e-02  1.677532e-02 -1.114530e-02 
 2.000000e+04  6.418361e+01 -1.741117e-02  1.687981e-02 -1.121944e-02 
 2.005000e+04  6.549707e+01 -1.753296e-02  1.699338e-02 -1.129992e-02 
 2.010000e+04  6.681304e+01 -1.765368e-02  1.710595e-02 -1.137962e-02 
 2.015000e+04  6.812901e+01 -1.777288e-02  1.721705e-02 -1.145830e-02 
 2.020000e+04  6.954269e+01 -1.789950e-02  1.733489e-02 -1.154182e-02 
 2.025000e+04  7.099355e+01 -1.802821e-02  1.745439e-02 -1.162654e-02 
 2.030000e+04  7.244440e+01 -1.815528e-02  1.757225e-02 -1.171019e-02 
 2.035000e+04  7.390107e+01 -1.828126e-02  1.768897e-02 -1.179308e-02 
 2.040000e+04  7.542447e+01 -1.841157e-02  1.780972e-02 -1.187880e-02 
 2.045000e+04  7.694786e+01 -1.854029e-02  1.792918e-02 -1.196348e-02 
 2.050000e+04  7.847126e+01 -1.866740e-02  1.804727e-02 -1.204702e-02 
 2.055000e+04  8.012522e+01 -1.880390e-02  1.817398e-02 -1.213665e-02 
 2.060000e+04  8.180477e+01 -1.894105e-02  1.830109e-02 -1.222663e-02 
 2.065000e+04  8.348432e+01 -1.907648e-02  1.842645e-02 -1.231547e-02 
 2.070000e+04  8.523424e+01 -1.921593e-02  1.855513e-02 -1.240674e-02 
 2.075000e+04  8.708594e+01 -1.936193e-02  1.868967e-02 -1.250220e-02 
 2.080000e+04  8.893764e+01 -1.950611e-02  1.882243e-02 -1.259642e-02 
 2.085000e+04  9.078934e+01 -1.964837e-02  1.895339e-02 -1.268932e-02 
 2.090000e+04  9.274215e+01 -1.979656e-02  1.908984e-02 -1.278603e-02 
 2.095000e+04  9.478365e+01 -1.994963e-02  1.923092e-02 -1.288595e-02 
 2.100000e+04  9.682515e+01 -2.010066e-02  1.937010e-02 -1.298448e-02 
 2.105000e+04  9.892606e+01 -2.025411e-02  1.951130e-02 -1.308443e-02 
 2.110000e+04  1.011768e+02 -2.041674e-02  1.966056e-02 -1.319021e-02 
 2.115000e+04  1.034276e+02 -2.057713e-02  1.980770e-02 -1.329452e-02 
 2.120000e+04  1.056783e+02 -2.073524e-02  1.995264e-02 -1.339727e-02 
 2.125000e+04  1.080191e+02 -2.089764e-02  2.010138e-02 -1.350272e-02 
 2.130000e+04  1.103824e+02 -2.105951e-02  2.024970e-02 -1.360784e-02 
 2.135000e+04  1.127457e+02 -2.121907e-02  2.039604e-02 -1.371138e-02 
 2.140000e+04  1.152800e+02 -2.138808e-02  2.055093e-02 -1.382093e-02 
 2.145000e+04  1.178855e+02 -2.155978e-02  2.070820e-02 -1.393213e-02 
 2.150000e+04  1.204910e+02 -2.172907e-02  2.086312e-02 -1.404172e-02 
 2.155000e+04  1.231678e+02 -2.190061e-02  2.101979e-02 -1.415259e-02 
 2.160000e+04  1.260404e+02 -2.208252e-02  2.118560e-02 -1.427004e-02 
 2.165000e+04  1.289130e+02 -2.226197e-02  2.134911e-02 -1.438585e-02 
 2.170000e+04  1.317856e+02 -2.243881e-02  2.151016e-02 -1.449986e-02 
 2.175000e+04  1.348369e+02 -2.262411e-02  2.167876e-02 -1.461921e-02 
 2.180000e+04  1.380039e+02 -2.281395e-02  2.185152e-02 -1.474147e-02 
 2.185000e+04  1.411710e+02 -2.300106e-02  2.202175e-02 -1.486184e-02 
 2.190000e+04  1.444645e+02 -2.319291e-02  2.219601e-02 -1.498504e-02 
 2.195000e+04  1.479562e+02 -2.339375e-02  2.237809e-02 -1.511391e-02 
 2.200000e+04  1.514479e+02 -2.359163e-02  2.255734e-02 -1.524084e-02 
 2.205000e+04  1.549395e+02 -2.378647e-02  2.273370e-02 -1.536566e-02 
 2.210000e+04  1.586609e+02 -2.399122e-02  2.291886e-02 -1.549676e-02 
 2.215000e+04  1.625105e+02 -2.420004e-02  2.310780e-02 -1.563047e-02 
 2.220000e+04  1.663600e+02 -2.440560e-02  2.329387e-02 -1.576195e-02 
 2.225000e+04  1.702943e+02 -2.461261e-02  2.348103e-02 -1.589419e-02 
 2.230000e+04  1.743363e+02 -2.482228e-02  2.367056e-02 -1.602814e-02 
 2.235000e+04  1.783783e+02 -2.502870e-02  2.385716e-02 -1.615997e-02 
 2.240000e+04  1.825641e+02 -2.523929e-02  2.404731e-02 -1.629430e-02 
 2.245000e+04  1.872120e+02 -2.547010e-02  2.425545e-02 -1.644146e-02 
 2.250000e+04  1.918912e+02 -2.569902e-02  2.446179e-02 -1.658731e-02 
 2.255000e+04  1.965704e+02 -2.592422e-02  2.466460e-02 -1.673055e-02 
 2.260000e+04  2.013103e+02 -2.614876e-02  2.486651e-02 -1.687319e-02 
 2.265000e+04  2.062235e+02 -2.637809e-02  2.507254e-02 -1.701886e-02 
 2.270000e+04  2.111366e+02 -2.660388e-02  2.527531e-02 -1.716222e-02 
 2.275000e+04  2.164474e+02 -2.684440e-02  2.549098e-02 -1.731475e-02 
 2.280000e+04  2.218641e+02 -2.708631e-02  2.570755e-02 -1.746799e-02 
 2.285000e+04  2.272808e+02 -2.732432e-02  2.592055e-02 -1.761868e-02 
 2.290000e+04  2.327463e+02 -2.756046e-02  2.613178e-02 -1.776802e-02 
 2.295000e+04  2.386727e+02 -2.781260e-02  2.635724e-02 -1.792744e-02 
 2.300000e+04  2.446446e+02 -2.806274e-02  2.658097e-02 -1.808570e-02 
 2.305000e+04  2.506166e+02 -2.830873e-02  2.680098e-02 -1.824129e-02 
 2.310000e+04  2.569387e+02 -2.856502e-02  2.703001e-02 -1.840324e-02 
 2.315000e+04  2.635228e+02 -2.882789e-02  2.726483e-02 -1.856927e-02 
 2.320000e+04  2.701068e+02 -2.908640e-02  2.749569e-02 -1.873245e-02 
 2.325000e+04  2.768160e+02 -2.934543e-02  2.772674e-02 -1.889584e-02 
 2.330000e+04  2.837292e+02 -2.960817e-02  2.796091e-02 -1.906155e-02 
 2.335000e+04  2.906425e+02 -2.986666e-02  2.819123e-02 -1.922457e-02 
 2.340000e+04  2.979826e+02 -3.013670e-02  2.843178e-02 -1.939476e-02 
 2.345000e+04  3.056045e+02 -3.041286e-02  2.867759e-02 -1.956874e-02 
 2.350000e+04  3.132263e+02 -3.068459e-02  2.891927e-02 -1.973988e-02 
 2.355000e+04  3.208710e+02 -3.095260e-02  2.915744e-02 -1.990856e-02 
 2.360000e+04  3.292261e+02 -3.124088e-02  2.941337e-02 -2.008990e-02 
 2.365000e+04  3.376292e+02 -3.152624e-02  2.966658e-02 -2.026943e-02 
 2.370000e+04  3.460323e+02 -3.180682e-02  2.991540e-02 -2.044592e-02 
 2.375000e+04  3.545867e+02 -3.208765e-02  3.016419e-02 -2.062252e-02 
 2.380000e+04  3.634099e+02 -3.237271e-02  3.041667e-02 -2.080176e-02 
 2.385000e+04  3.723126e+02 -3.265560e-02  3.066733e-02 -2.097970e-02 
 2.390000e+04  3.820402e+02 -3.295989e-02  3.093693e-02 -2.117107e-02 
 2.395000e+04  3.917679e+02 -3.325933e-02  3.120212e-02 -2.135942e-02 
 2.400000e+04  4.014955e+02 -3.355367e-02  3.146271e-02 -2.154463e-02 
 2.405000e+04  4.113690e+02 -3.384731e-02  3.172255e-02 -2.172940e-02 
 2.410000e+04  4.215830e+02 -3.414618e-02  3.198697e-02 -2.191748e-02 
 2.415000e+04  4.319298e+02 -3.444406e-02  3.225047e-02 -2.210501e-02 
 2.420000e+04  4.429656e+02 -3.475688e-02  3.252706e-02 -2.230196e-02 
 2.425000e+04  4.542265e+02 -3.507117e-02  3.280485e-02 -2.249989e-02 
 2.430000e+04  4.654875e+02 -3.538025e-02  3.307801e-02 -2.269460e-02 
 2.435000e+04  4.767798e+02 -3.568497e-02  3.334721e-02 -2.288658e-02 
 2.440000e+04  4.883538e+02 -3.599226e-02  3.361856e-02 -2.308022e-02 
 2.445000e+04  4.999279e+02 -3.629475e-02  3.388555e-02 -2.327095e-02 
 2.450000e+04  5.115020e+02 -3.659257e-02  3.414837e-02 -2.345886e-02 
 2.455000e+04  5.230760e+02 -3.688592e-02  3.440725e-02 -2.364404e-02 
 2.460000e+04  5.346501e+02 -3.717497e-02  3.466235e-02 -2.382654e-02 
 2.465000e+04  5.462242e+02 -3.745983e-02  3.491388e-02 -2.400648e-02 
 2.470000e+04  5.577983e+02 -3.774068e-02  3.516196e-02 -2.418405e-02 
 2.475000e+04  5.693723e+02 -3.801769e-02  3.540673e-02 -2.435936e-02 
 2.480000e+04  5.809464e+02 -3.829098e-02  3.564830e-02 -2.453244e-02 
 2.485000e+04  5.925205e+02 -3.856075e-02  3.588674e-02 -2.470338e-02 
 2.490000e+04  6.040946e+02 -3.882714e-02  3.612217e-02 -2.487231e-02 
 2.495000e+04  6.156686e+02 -3.909032e-02  3.635470e-02 -2.503927e-02 
 2.500000e+04  6.272427e+02 -3.935044e-02  3.658440e-02 -2.520429e-02 
 2.505000e+04  6.388168e+02 -3.960760e-02  3.681139e-02 -2.536747e-02 
 2.510000e+04  6.503909e+02 -3.986190e-02  3.703576e-02 -2.552893e-02 
 2.515000e+04  6.619649e+02 -4.011341e-02  3.725755e-02 -2.568870e-02 
 2.520000e+04  6.735390e+02 -4.036223e-02  3.747686e-02 -2.584686e-02 
 2.525000e+04  6.851131e+02 -4.060847e-02  3.769385e-02 -2.600347e-02 
 2.530000e+04  6.966872e+02 -4.085218e-02  3.790862e-02 -2.615852e-02 
 2.535000e+04  7.082612e+02 -4.109341e-02  3.812120e-02 -2.631206e-02 
 2.540000e+04  7.198353e+02 -4.133219e-02  3.833171e-02 -2.646421e-02 
 2.545000e+04  7.314094e+02 -4.156857e-02  3.854022e-02 -2.661501e-02 
 2.550000e+04  7.429835e+02 -4.180261e-02  3.874681e-02 -2.676448e-02 
 2.555000e+04  7.545575e+02 -4.203444e-02  3.895156e-02 -2.691266e-02 
 2.560000e+04  7.661316e+02 -4.226415e-02  3.915449e-02 -2.705958e-02 
 2.565000e+04  7.777057e+02 -4.249180e-02  3.935564e-02 -2.720530e-02 
 2.570000e+04  7.892798e+02 -4.271743e-02  3.955504e-02 -2.734988e-02 
 2.575000e+04  8.008538e+02 -4.294111e-02  3.975277e-02 -2.749333e-02 
 2.580000e+04  8.124279e+02 -4.316291e-02  3.994885e-02 -2.763568e-02 
 2.585000e+04  8.240020e+02 -4.338289e-02  4.014338e-02 -2.777701e-02 
 2.590000e+04  8.355760e+02 -4.360119e-02  4.033639e-02 -2.791734e-02 
 2.595000e+04  8.471501e+02 -4.381788e-02  4.052795e-02 -2.805669e-02 
 2.600000e+04  8.587242e+02 -4.403301e-02  4.071807e-02 -2.819512e-02 
 2.605000e+04  8.702983e+02 -4.424660e-02  4.090676e-02 -2.833264e-02 
 2.610000e+04  8.818723e+02 -4.445874e-02  4.109410e-02 -2.846929e-02 
 2.615000e+04  8.934464e+02 -4.466950e-02  4.128017e-02 -2.860513e-02 
 2.620000e+04  9.050205e+02 -4.487884e-02  4.146496e-02 -2.874013e-02 
 2.625000e+04  9.165946e+02 -4.508681e-02  4.164852e-02 -2.887436e-02 
 2.630000e+04  9.281686e+02 -4.529343e-02  4.183096e-02 -2.900788e-02 
 2.635000e+04  9.397427e+02 -4.549871e-02  4.201227e-02 -2.914067e-02 
 2.640000e+04  9.513168e+02 -4.570272e-02  4.219252e-02 -2.927277e-02 
 2.645000e+04  9.628909e+02 -4.590553e-02  4.237178e-02 -2.940423e-02 
 2.650000e+04  9.744649e+02 -4.610718e-02  4.255006e-02 -2.953501e-02 
 2.655000e+04  9.860390e+02 -4.630772e-02  4.272734e-02 -2.966439e-02 
 2.660000e+04  9.976131e+02 -4.650719e-02  4.290298e-02 -2.979198e-02 
 2.665000e+04  1.009187e+03 -4.670559e-02  4.307681e-02 -2.991909e-02 
 2.670000e+04  1.020761e+03 -4.690151e-02  4.325003e-02 -3.004671e-02 
 2.675000e+04  1.032335e+03 -4.709636e-02  4.342257e-02 -3.017428e-02 
 2.680000e+04  1.043909e+03 -4.729102e-02  4.359483e-02 -3.030110e-02 
 2.685000e+04  1.055483e+03 -4.748507e-02  4.376673e-02 -3.042781e-02 
 2.690000e+04  1.067058e+03 -4.767725e-02  4.393758e-02 -3.055444e-02 
 2.695000e+04  1.078632e+03 -4.786841e-02  4.410769e-02 -3.067975e-02 
 2.700000e+04  1.090206e+03 -4.805924e-02  4.427745e-02 -3.080434e-02 
 2.705000e+04  1.101780e+03 -4.824902e-02  4.444604e-02 -3.092838e-02 
 2.710000e+04  1.113354e+03 -4.843763e-02  4.461293e-02 -3.105192e-02 
 2.715000e+04  1.124928e+03 -4.862501e-02  4.477952e-02 -3.117573e-02 
 2.720000e+04  1.136502e+03 -4.881170e-02  4.494589e-02 -3.129932e-02 
 2.725000e+04  1.148076e+03 -4.899758e-02  4.511162e-02 -3.142233e-02 
 2.730000e+04  1.159650e+03 -4.918363e-02  4.527655e-02 -3.154437e-02 
 2.735000e+04  1.171224e+03 -4.936914e-02  4.544081e-02 -3.166564e-02 
 2.740000e+04  1.182798e+03 -4.955347e-02  4.560437e-02 -3.178688e-02 
 2.745000e+04  1.194372e+03 -4.973703e-02  4.576716e-02 -3.190806e-02 
 2.750000e+04  1.205946e+03 -4.991979e-02  4.592877e-02 -3.202797e-02 
 2.755000e+04  1.217520e+03 -5.010213e-02  4.608980e-02 -3.214741e-02 
 2.760000e+04  1.229095e+03 -5.028385e-02  4.624962e-02 -3.226698e-02 
 2.765000e+04  1.240669e+03 -5.046495e-02  4.640819e-02 -3.238636e-02 
 2.770000e+04  1.252243e+03 -5.064462e-02  4.656679e-02 -3.250522e-02 
 2.775000e+04  1.263817e+03 -5.082118e-02  4.672579e-02 -3.262370e-02 
 2.780000e+04  1.275391e+03 -5.099760e-02  4.688498e-02 -3.274156e-02 
 2.785000e+04  1.286965e+03 -5.117461e-02  4.704381e-02 -3.285857e-02 
 2.790000e+04  1.298539e+03 -5.135248e-02  4.720239e-02 -3.297492e-02 
 2.795000e+04  1.310113e+03 -5.152894e-02  4.736045e-02 -3.309131e-02 
 2.800000e+04  1.321687e+03 -5.170351e-02  4.751833e-02 -3.320772e-02 
 2.805000e+04  1.333261e+03 -5.187724e-02  4.767541e-02 -3.332457e-02 
 2.810000e+04  1.344835e+03 -5.205116e-02  4.783070e-02 -3.344063e-02 
 2.815000e+04  1.356409e+03 -5.222457e-02  4.798551e-02 -3.355558e-02 
 2.820000e+04  1.367983e+03 -5.239732e-02  4.814050e-02 -3.367044e-02 
 2.825000e+04  1.379558e+03 -5.256979e-02  4.829565e-02 -3.378500e-02 
 2.830000e+04  1.391132e+03 -5.274199e-02  4.845040e-02 -3.389803e-02 
 2.835000e+04  1.402706e+03 -5.291474e-02  4.860456e-02 -3.401112e-02 
 2.840000e+04  1.414280e+03 -5.308799e-02  4.875699e-02 -3.412468e-02 
 2.845000e+04  1.425854e+03 -5.326097e-02  4.890771e-02 -3.423858e-02 
 2.850000e+04  1.437428e+03 -5.343417e-02  4.905762e-02 -3.435239e-02 
 2.855000e+04  1.449002e+03 -5.360728e-02  4.920606e-02 -3.446598e-02 
 2.860000e+04  1.460576e+03 -5.377991e-02  4.935353e-02 -3.457858e-02 
 2.865000e+04  1.472150e+03 -5.395097e-02  4.950179e-02 -3.469058e-02 
 2.870000e+04  1.483724e+03 -5.412126e-02  4.965084e-02 -3.480232e-02 
 2.875000e+04  1.495298e+03 -5.429092e-02  4.980020e-02 -3.491380e-02 
 2.880000e+04  1.506872e+03 -5.445975e-02  4.994889e-02 -3.502477e-02 
 2.885000e+04  1.518446e+03 -5.462734e-02  5.009705e-02 -3.513546e-02 
 2.890000e+04  1.530020e+03 -5.479510e-02  5.024548e-02 -3.524669e-02 
 2.895000e+04  1.541595e+03 -5.496305e-02  5.039424e-02 -3.535750e-02 
 2.900000e+04  1.553169e+03 -5.512833e-02  5.054208e-02 -3.546845e-02 
 2.905000e+04  1.564743e+03 -5.529197e-02  5.069010e-02 -3.557956e-02 
 2.910000e+04  1.576317e+03 -5.545479e-02  5.083857e-02 -3.568963e-02 
 2.915000e+04  1.587891e+03 -5.561792e-02  5.098607e-02 -3.579861e-02 
 2.920000e+04  1.599465e+03 -5.578136e-02  5.113370e-02 -3.590778e-02 
 2.925000e+04  1.611039e+03 -5.594344e-02  5.128131e-02 -3.601643e-02 
 2.930000e+04  1.622613e+03 -5.610518e-02  5.142911e-02 -3.612473e-02 
 2.935000e+04  1.634187e+03 -5.626736e-02  5.157656e-02 -3.623288e-02 
 2.940000e+04  1.645761e+03 -5.642885e-02  5.172281e-02 -3.634075e-02 
 2.945000e+04  1.657335e+03 -5.659100e-02  5.186744e-02 -3.644842e-02 
 2.950000e+04  1.668909e+03 -5.675404e-02  5.201120e-02 -3.655652e-02 
 2.955000e+04  1.680483e+03 -5.691721e-02  5.215407e-02 -3.666404e-02 
 2.960000e+04  1.692058e+03 -5.707966e-02  5.229537e-02 -3.677142e-02 
 2.965000e+04  1.703632e+03 -5.724209e-02  5.243669e-02 -3.687854e-02 
 2.970000e+04  1.715206e+03 -5.740431e-02  5.257846e-02 -3.698582e-02 
 2.975000e+04  1.726780e+03 -5.756585e-02  5.272090e-02 -3.709287e-02 
 2.980000e+04  1.738354e+03 -5.772747e-02  5.286307e-02 -3.719976e-02 
 2.985000e+04  1.749928e+03 -5.788940e-02  5.300492e-02 -3.730662e-02 
 2.990000e+04  1.761502e+03 -5.805090e-02  5.314595e-02 -3.741348e-02 
 2.995000e+04  1.773076e+03 -5.821161e-02  5.328650e-02 -3.751986e-02 
 3.000000e+04  1.784650e+03 -5.837135e-02  5.342725e-02 -3.762596e-02 
 3.005000e+04  1.796224e+03 -5.853012e-02  5.356883e-02 -3.773204e-02 
 3.010000e+04  1.807798e+03 -5.868666e-02  5.371051e-02 -3.783758e-02 
 3.015000e+04  1.819372e+03 -5.884263e-02  5.385143e-02 -3.794297e-02 
 3.020000e+04  1.830946e+03 -5.899813e-02  5.399296e-02 -3.804867e-02 
 3.025000e+04  1.842520e+03 -5.915364e-02  5.413440e-02 -3.815427e-02 
 3.030000e+04  1.854095e+03 -5.930896e-02  5.427504e-02 -3.825946e-02 
 3.035000e+04  1.865669e+03 -5.946470e-02  5.441566e-02 -3.836389e-02 
 3.040000e+04  1.877243e+03 -5.962067e-02  5.455560e-02 -3.846814e-02 
 3.045000e+04  1.888817e+03 -5.977566e-02  5.469463e-02 -3.857224e-02 
 3.050000e+04  1.900391e+03 -5.993105e-02  5.483268e-02 -3.867661e-02 
 3.055000e+04  1.911965e+03 -6.008677e-02  5.497039e-02 -3.878096e-02 
 3.060000e+04  1.923539e+03 -6.024302e-02  5.510869e-02 -3.888542e-02 
 3.065000e+04  1.935113e+03 -6.039914e-02  5.524736e-02 -3.898928e-02 
 3.070000e+04  1.946687e+03 -6.055436e-02  5.538568e-02 -3.909282e-02 
 3.075000e+04  1.958261e+03 -6.070901e-02  5.552391e-02 -3.919654e-02 
 3.080000e+04  1.969835e+03 -6.086231e-02  5.566142e-02 -3.930050e-02 
 3.085000e+04  1.981409e+03 -6.101583e-02  5.579836e-02 -3.940409e-02 
 3.090000e+04  1.992983e+03 -6.117017e-02  5.593419e-02 -3.950698e-02 
 3.095000e+04  2.004558e+03 -6.132539e-02  5.606906e-02 -3.960958e-02 
 3.100000e+04  2.016132e+03 -6.147956e-02  5.620394e-02 -3.971227e-02 
 3.105000e+04  2.027706e+03 -6.163221e-02  5.633842e-02 -3.981449e-02 
 3.110000e+04  2.039280e+03 -6.178449e-02  5.647243e-02 -3.991646e-02 
 3.115000e+04  2.050854e+03 -6.193715e-02  5.660726e-02 -4.001885e-02 
 3.120000e+04  2.062428e+03 -6.208966e-02  5.674261e-02 -4.012135e-02 
 3.125000e+04  2.074002e+03 -6.224172e-02  5.687882e-02 -4.022364e-02 
 3.130000e+04  2.085576e+03 -6.239311e-02  5.701563e-02 -4.032582e-02 
 3.135000e+04  2.097150e+03 -6.254392e-02  5.715200e-02 -4.042794e-02 
 3.140000e+04  2.108724e+03 -6.269458e-02  5.728803e-02 -4.052953e-02 
 3.145000e+04  2.120298e+03 -6.284407e-02  5.742347e-02 -4.063065e-02 
 3.150000e+04  2.131872e+03 -6.299378e-02  5.755773e-02 -4.073208e-02 
 3.155000e+04  2.143446e+03 -6.314367e-02  5.769241e-02 -4.083330e-02 
 3.160000e+04  2.155020e+03 -6.329340e-02  5.782685e-02 -4.093385e-02 
 3.165000e+04  2.166595e+03 -6.344309e-02  5.796040e-02 -4.103455e-02 
 3.170000e+04  2.178169e+03 -6.359287e-02  5.809334e-02 -4.113540e-02 
 3.175000e+04  2.189743e+03 -6.374238e-02  5.822613e-02 -4.123595e-02 
 3.180000e+04  2.201317e+03 -6.389139e-02  5.835888e-02 -4.133619e-02 
 3.185000e+04  2.212891e+03 -6.404023e-02  5.849155e-02 -4.143649e-02 
 3.190000e+04  2.224465e+03 -6.418916e-02  5.862437e-02 -4.153695e-02 
 3.195000e+04  2.236039e+03 -6.433839e-02  5.875730e-02 -4.163733e-02 
 3.200000e+04  2.247613e+03 -6.448796e-02  5.888999e-02 -4.173762e-02 
 3.205000e+04  2.259187e+03 -6.463744e-02  5.902274e-02 -4.183731e-02 
 3.210000e+04  2.270761e+03 -6.478527e-02  5.915480e-02 -4.193720e-02 
 3.215000e+04  2.282335e+03 -6.493239e-02  5.928571e-02 -4.203716e-02 
 3.220000e+04  2.293909e+03 -6.507941e-02  5.941558e-02 -4.213698e-02 
 3.225000e+04  2.305483e+03 -6.522701e-02  5.954604e-02 -4.223547e-02 
 3.230000e+04  2.317058e+03 -6.537432e-02  5.967567e-02 -4.233387e-02 
 3.235000e+04  2.328632e+03 -6.552106e-02  5.980685e-02 -4.243243e-02 
 3.240000e+04  2.340206e+03 -6.566688e-02  5.993872e-02 -4.253133e-02 
 3.245000e+04  2.351780e+03 -6.581267e-02  6.006977e-02 -4.263006e-02 
 3.250000e+04  2.363354e+03 -6.595784e-02  6.020086e-02 -4.272913e-02 
 3.255000e+04  2.374928e+03 -6.610370e-02  6.033232e-02 -4.282838e-02 
 3.260000e+04  2.386502e+03 -6.624983e-02  6.046361e-02 -4.292729e-02 
 3.265000e+04  2.398076e+03 -6.639567e-02  6.059472e-02 -4.302596e-02 
 3.270000e+04  2.409650e+03 -6.654135e-02  6.072570e-02 -4.312444e-02 
 3.275000e+04  2.421224e+03 -6.668680e-02  6.085601e-02 -4.322291e-02 
 3.280000e+04  2.432798e+03 -6.683223e-02  6.098519e-02 -4.332097e-02 
 3.285000e+04  2.444372e+03 -6.697781e-02  6.111399e-02 -4.341825e-02 
 3.290000e+04  2.455946e+03 -6.712350e-02  6.124338e-02 -4.351568e-02 
 3.295000e+04  2.467520e+03 -6.726906e-02  6.137315e-02 -4.361359e-02 
 3.300000e+04  2.479095e+03 -6.741399e-02  6.150266e-02 -4.371142e-02 
 3.305000e+04  2.490669e+03 -6.755907e-02  6.163188e-02 -4.380924e-02 
 3.310000e+04  2.502243e+03 -6.770448e-02  6.176098e-02 -4.390716e-02 
 3.315000e+04  2.513817e+03 -6.784933e-02  6.188820e-02 -4.400455e-02 
 3.320000e+04  2.525391e+03 -6.799323e-02  6.201500e-02 -4.410183e-02 
 3.325000e+04  2.536965e+03 -6.813734e-02  6.214259e-02 -4.419897e-02 
 3.330000e+04  2.548539e+03 -6.828129e-02  6.227067e-02 -4.429602e-02 
 3.335000e+04  2.560113e+03 -6.842546e-02  6.239929e-02 -4.439273e-02 
 3.340000e+04  2.571687e+03 -6.856973e-02  6.252843e-02 -4.448942e-02 
 3.345000e+04  2.583261e+03 -6.871268e-02  6.265723e-02 -4.458615e-02 
 3.350000e+04  2.594835e+03 -6.885509e-02  6.278600e-02 -4.468301e-02 
 3.355000e+04  2.606409e+03 -6.899726e-02  6.291445e-02 -4.478020e-02 
 3.360000e+04  2.617983e+03 -6.913906e-02  6.304207e-02 -4.487732e-02 
 3.365000e+04  2.629558e+03 -6.928057e-02  6.316943e-02 -4.497375e-02 
 3.370000e+04  2.641132e+03 -6.942231e-02  6.329680e-02 -4.506990e-02 
 3.375000e+04  2.652706e+03 -6.956423e-02  6.342444e-02 -4.516588e-02 
 3.380000e+04  2.664280e+03 -6.970606e-02  6.355253e-02 -4.526146e-02 
 3.385000e+04  2.675854e+03 -6.984819e-02  6.368009e-02 -4.535691e-02 
 3.390000e+04  2.687428e+03 -6.999024e-02  6.380761e-02 -4.545290e-02 
 3.395000e+04  2.699002e+03 -7.013226e-02  6.393500e-02 -4.554932e-02 
 3.400000e+04  2.710576e+03 -7.027416e-02  6.406204e-02 -4.564576e-02 
 3.405000e+04  2.722150e+03 -7.041599e-02  6.418840e-02 -4.574203e-02 
 3.410000e+04  2.733724e+03 -7.055757e-02  6.431336e-02 -4.583781e-02 
 3.415000e+04  2.745298e+03 -7.069946e-02  6.443680e-02 -4.593325e-02 
 3.420000e+04  2.756872e+03 -7.084162e-02  6.456103e-02 -4.602828e-02 
 3.425000e+04  2.768446e+03 -7.098367e-02  6.468625e-02 -4.612319e-02 
 3.430000e+04  2.780020e+03 -7.112512e-02  6.481228e-02 -4.621825e-02 
 3.435000e+04  2.791595e+03 -7.126596e-02  6.493861e-02 -4.631351e-02 
 3.440000e+04  2.803169e+03 -7.140728e-02  6.506478e-02 -4.640892e-02 
 3.445000e+04  2.814743e+03 -7.154842e-02  6.519061e-02 -4.650441e-02 
 3.450000e+04  2.826317e+03 -7.168874e-02  6.531637e-02 -4.659971e-02 
 3.455000e+04  2.837891e+03 -7.182844e-02  6.544232e-02 -4.669496e-02 
 3.460000e+04  2.849465e+03 -7.196782e-02  6.556818e-02 -4.679001e-02 
 3.465000e+04  2.861039e+03 -7.210700e-02  6.569386e-02 -4.688478e-02 
 3.470000e+04  2.872613e+03 -7.224632e-02  6.581956e-02 -4.697958e-02 
 3.475000e+04  2.884187e+03 -7.238566e-02  6.594542e-02 -4.707418e-02 
 3.480000e+04  2.895761e+03 -7.252479e-02  6.607138e-02 -4.716864e-02 
 3.485000e+04  2.907335e+03 -7.266375e-02  6.619725e-02 -4.726323e-02 
 3.490000e+04  2.918909e+03 -7.280228e-02  6.632274e-02 -4.735788e-02 
 3.495000e+04  2.930483e+03 -7.294021e-02  6.644777e-02 -4.745246e-02 
 3.500000e+04  2.942058e+03 -7.307870e-02  6.657240e-02 -4.754684e-02 
 3.505000e+04  2.953632e+03 -7.321740e-02  6.669674e-02 -4.764092e-02 
 3.510000e+04  2.965206e+03 -7.335643e-02  6.682094e-02 -4.773431e-02 
 3.515000e+04  2.976780e+03 -7.349562e-02  6.694509e-02 -4.782781e-02 
 3.520000e+04  2.988354e+03 -7.363464e-02  6.706931e-02 -4.792169e-02 
 3.525000e+04  2.999928e+03 -7.377330e-02  6.719314e-02 -4.801544e-02 
 3.530000e+04  3.011502e+03 -7.391185e-02  6.731572e-02 -4.810936e-02 
 3.535000e+04  3.023076e+03 -7.405058e-02  6.743786e-02 -4.820341e-02 
 3.540000e+04  3.034650e+03 -7.418921e-02  6.756024e-02 -4.829712e-02 
 3.545000e+04  3.046224e+03 -7.432757e-02  6.768309e-02 -4.839052e-02 
 3.550000e+04  3.057798e+03 -7.446586e-02  6.780633e-02 -4.848355e-02 
 3.555000e+04  3.069372e+03 -7.460431e-02  6.792987e-02 -4.857676e-02 
 3.560000e+04  3.080946e+03 -7.474199e-02  6.805346e-02 -4.867014e-02 
 3.565000e+04  3.092520e+03 -7.487871e-02  6.817691e-02 -4.876358e-02 
 3.570000e+04  3.104095e+03 -7.501564e-02  6.830024e-02 -4.885692e-02 
 3.575000e+04  3.115669e+03 -7.515275e-02  6.842357e-02 -4.894995e-02 
 3.580000e+04  3.127243e+03 -7.528972e-02  6.854628e-02 -4.904254e-02 
 3.585000e+04  3.138817e+03 -7.542637e-02  6.866890e-02 -4.913524e-02 
 3.590000e+04  3.150391e+03 -7.556292e-02  6.879153e-02 -4.922814e-02 
 3.595000e+04  3.161965e+03 -7.569952e-02  6.891431e-02 -4.932078e-02 
 3.600000e+04  3.173539e+03 -7.583612e-02  6.903708e-02 -4.941346e-02 
 3.605000e+04  3.185113e+03 -7.597230e-02  6.915982e-02 -4.950607e-02 
 3.610000e+04  3.196687e+03 -7.610831e-02  6.928137e-02 -4.959859e-02 
 3.615000e+04  3.208261e+03 -7.624449e-02  6.940241e-02 -4.969121e-02 
 3.620000e+04  3.219835e+03 -7.638084e-02  6.952372e-02 -4.978361e-02 
 3.625000e+04  3.231409e+03 -7.651685e-02  6.964497e-02 -4.987538e-02 
 3.630000e+04  3.242983e+03 -7.665283e-02  6.976626e-02 -4.996707e-02 
 3.635000e+04  3.254558e+03 -7.678911e-02  6.988715e-02 -5.005905e-02 
 3.640000e+04  3.266132e+03 -7.692566e-02  7.000765e-02 -5.015130e-02 
 3.645000e+04  3.277706e+03 -7.706185e-02  7.012831e-02 -5.024338e-02 
 3.650000e+04  3.289280e+03 -7.719766e-02  7.024935e-02 -5.033529e-02 
 3.655000e+04  3.300854e+03 -7.733339e-02  7.037085e-02 -5.042734e-02 
 3.660000e+04  3.312428e+03 -7.746852e-02  7.049253e-02 -5.051936e-02 
 3.665000e+04  3.324002e+03 -7.760347e-02  7.061406e-02 -5.061117e-02 
 3.670000e+04  3.335576e+03 -7.773849e-02  7.073553e-02 -5.070307e-02 
 3.675000e+04  3.347150e+03 -7.787367e-02  7.085694e-02 -5.079495e-02 
 3.680000e+04  3.358724e+03 -7.800865e-02  7.097820e-02 -5.088662e-02 
 3.685000e+04  3.370298e+03 -7.814275e-02  7.109942e-02 -5.097814e-02 
 3.690000e+04  3.381872e+03 -7.827640e-02  7.122059e-02 -5.106963e-02 
 3.695000e+04  3.393446e+03 -7.841010e-02  7.134166e-02 -5.116102e-02 
 3.700000e+04  3.405020e+03 -7.854417e-02  7.146273e-02 -5.125236e-02 
 3.705000e+04  3.416595e+03 -7.867865e-02  7.158350e-02 -5.134343e-02 
 3.710000e+04  3.428169e+03 -7.881319e-02  7.170301e-02 -5.143456e-02 
 3.715000e+04  3.439743e+03 -7.894712e-02  7.182243e-02 -5.152561e-02 
 3.720000e+04  3.451317e+03 -7.908106e-02  7.194199e-02 -5.161654e-02 
 3.725000e+04  3.462891e+03 -7.921521e-02  7.206116e-02 -5.170755e-02 
 3.730000e+04  3.474465e+03 -7.934976e-02  7.217966e-02 -5.179863e-02 
 3.735000e+04  3.486039e+03 -7.948467e-02  7.229839e-02 -5.188943e-02 
 3.740000e+04  3.497613e+03 -7.961946e-02  7.241752e-02 -5.198022e-02 
 3.745000e+04  3.509187e+03 -7.975370e-02  7.253707e-02 -5.207080e-02 
 3.750000e+04  3.520761e+03 -7.988774e-02  7.265672e-02 -5.216147e-02 
 3.755000e+04  3.532335e+03 -8.002193e-02  7.277642e-02 -5.225232e-02 
 3.760000e+04  3.543909e+03 -8.015596e-02  7.289588e-02 -5.234325e-02 
 3.765000e+04  3.555483e+03 -8.028961e-02  7.301512e-02 -5.243409e-02 
 3.770000e+04  3.567058e+03 -8.042285e-02  7.313437e-02 -5.252471e-02 
 3.775000e+04  3.578632e+03 -8.055556e-02  7.325373e-02 -5.261513e-02 
 3.780000e+04  3.590206e+03 -8.068798e-02  7.337294e-02 -5.270518e-02 
 3.785000e+04  3.601780e+03 -8.082028e-02  7.349209e-02 -5.279497e-02 
 3.790000e+04  3.613354e+03 -8.095250e-02  7.361119e-02 -5.288486e-02 
 3.795000e+04  3.624928e+03 -8.108464e-02  7.373038e-02 -5.297490e-02 
 3.800000e+04  3.636502e+03 -8.121668e-02  7.384973e-02 -5.306502e-02 
 3.805000e+04  3.648076e+03 -8.134877e-02  7.396918e-02 -5.315523e-02 
 3.810000e+04  3.659650e+03 -8.148109e-02  7.408854e-02 -5.324544e-02 
 3.815000e+04  3.671224e+03 -8.161335e-02  7.420756e-02 -5.333553e-02 
 3.820000e+04  3.682798e+03 -8.174536e-02  7.432630e-02 -5.342540e-02 
 3.825000e+04  3.694372e+03 -8.187715e-02  7.444487e-02 -5.351486e-02 
 3.830000e+04  3.705946e+03 -8.200917e-02  7.456340e-02 -5.360449e-02 
 3.835000e+04  3.717520e+03 -8.214143e-02  7.468187e-02 -5.369431e-02 
 3.840000e+04  3.729095e+03 -8.227393e-02  7.480006e-02 -5.378413e-02 
 3.845000e+04  3.740669e+03 -8.240651e-02  7.491821e-02 -5.387396e-02 
 3.850000e+04  3.752243e+03 -8.253898e-02  7.503632e-02 -5.396378e-02 
 3.855000e+04  3.763817e+03 -8.267111e-02  7.515423e-02 -5.405326e-02 
 3.860000e+04  3.775391e+03 -8.280309e-02  7.527188e-02 -5.414247e-02 
 3.865000e+04  3.786965e+03 -8.293519e-02  7.538925e-02 -5.423168e-02 
 3.870000e+04  3.798539e+03 -8.306734e-02  7.550664e-02 -5.432075e-02 
 3.875000e+04  3.810113e+03 -8.319867e-02  7.562432e-02 -5.440968e-02 
 3.880000e+04  3.821687e+03 -8.332956e-02  7.574173e-02 -5.449845e-02 
 3.885000e+04  3.833261e+03 -8.346066e-02  7.585884e-02 -5.458734e-02 
 3.890000e+04  3.844835e+03 -8.359180e-02  7.597507e-02 -5.467639e-02 
 3.895000e+04  3.856409e+03 -8.372258e-02  7.609169e-02 -5.476521e-02 
 3.900000e+04  3.867983e+03 -8.385303e-02  7.620880e-02 -5.485385e-02 
 3.905000e+04  3.879558e+03 -8.398334e-02  7.632621e-02 -5.494253e-02 
 3.910000e+04  3.891132e+03 -8.411356e-02  7.644390e-02 -5.503140e-02 
 3.915000e+04  3.902706e+03 -8.424397e-02  7.656159e-02 -5.512022e-02 
 3.920000e+04  3.914280e+03 -8.437448e-02  7.667938e-02 -5.520891e-02 
 3.925000e+04  3.925854e+03 -8.450482e-02  7.679717e-02 -5.529766e-02 
 3.930000e+04  3.937428e+03 -8.463427e-02  7.691428e-02 -5.538623e-02 
 3.935000e+04  3.949002e+03 -8.476257e-02  7.703097e-02 -5.547442e-02 
 3.940000e+04  3.960576e+03 -8.489162e-02  7.714763e-02 -5.556287e-02 
 3.945000e+04  3.972150e+03 -8.502137e-02  7.726401e-02 -5.565108e-02 
 3.950000e+04  3.983724e+03 -8.515154e-02  7.738020e-02 -5.573922e-02 
 3.955000e+04  3.995298e+03 -8.528183e-02  7.749675e-02 -5.582744e-02 
 3.960000e+04  4.006872e+03 -8.541216e-02  7.761348e-02 -5.591589e-02 
 3.965000e+04  4.018446e+03 -8.554224e-02  7.773027e-02 -5.600412e-02 
 3.970000e+04  4.030020e+03 -8.567146e-02  7.784670e-02 -5.609191e-02 
 3.975000e+04  4.041595e+03 -8.580059e-02  7.796312e-02 -5.617986e-02 
 3.980000e+04  4.053169e+03 -8.593003e-02  7.807944e-02 -5.626814e-02 
 3.985000e+04  4.064743e+03 -8.605909e-02  7.819555e-02 -5.635631e-02 
 3.990000e+04  4.076317e+03 -8.618750e-02  7.831165e-02 -5.644446e-02 
 3.995000e+04  4.087891e+03 -8.631624e-02  7.842791e-02 -5.653276e-02 
 4.000000e+04  4.099465e+03 -8.644518e-02  7.854417e-02 -5.662049e-02 
 4.005000e+04  4.111039e+03 -8.657416e-02  7.866022e-02 -5.670800e-02 
 4.010000e+04  4.122613e+03 -8.670309e-02  7.877649e-02 -5.679561e-02 
 4.015000e+04  4.134187e+03 -8.683187e-02  7.889306e-02 -5.688342e-02 
 4.020000e+04  4.145761e+03 -8.696053e-02  7.900945e-02 -5.697124e-02 
 4.025000e+04  4.157335e+03 -8.708894e-02  7.912554e-02 -5.705905e-02 
 4.030000e+04  4.168909e+03 -8.721688e-02  7.924144e-02 -5.714692e-02 
 4.035000e+04  4.180483e+03 -8.734493e-02  7.935712e-02 -5.723448e-02 
 4.040000e+04  4.192058e+03 -8.747303e-02  7.947262e-02 -5.732176e-02 
 4.045000e+04  4.203632e+03 -8.760134e-02  7.958811e-02 -5.740881e-02 
 4.050000e+04  4.215206e+03 -8.772986e-02  7.970338e-02 -5.749596e-02 
 4.055000e+04  4.226780e+03 -8.785849e-02  7.981876e-02 -5.758337e-02 
 4.060000e+04  4.238354e+03 -8.798720e-02  7.993423e-02 -5.767091e-02 
 4.065000e+04  4.249928e+03 -8.811576e-02  8.004955e-02 -5.775842e-02 
 4.070000e+04  4.261502e+03 -8.824408e-02  8.016484e-02 -5.784582e-02 
 4.075000e+04  4.273076e+03 -8.837228e-02  8.027993e-02 -5.793318e-02 
 4.080000e+04  4.284650e+03 -8.850041e-02  8.039492e-02 -5.802041e-02 
 4.085000e+04  4.296224e+03 -8.862844e-02  8.050988e-02 -5.810751e-02 
 4.090000e+04  4.307798e+03 -8.875629e-02  8.062317e-02 -5.819416e-02 
 4.095000e+04  4.319372e+03 -8.888425e-02  8.073567e-02 -5.828051e-02 
 4.100000e+04  4.330946e+03 -8.901219e-02  8.084874e-02 -5.836680e-02 
 4.105000e+04  4.342520e+03 -8.913904e-02  8.096257e-02 -5.845329e-02 
 4.110000e+04  4.354095e+03 -8.926579e-02  8.107698e-02 -5.854008e-02 
 4.115000e+04  4.365669e+03 -8.939266e-02  8.119180e-02 -5.862708e-02 
 4.120000e+04  4.377243e+03 -8.951997e-02  8.130672e-02 -5.871395e-02 
 4.125000e+04  4.388817e+03 -8.964709e-02  8.142171e-02 -5.880068e-02 
 4.130000e+04  4.400391e+03 -8.977396e-02  8.153696e-02 -5.888713e-02 
 4.135000e+04  4.411965e+03 -8.990054e-02  8.165212e-02 -5.897346e-02 
 4.140000e+04  4.423539e+03 -9.002702e-02  8.176692e-02 -5.905978e-02 
 4.145000e+04  4.435113e+03 -9.015345e-02  8.188126e-02 -5.914629e-02 
 4.150000e+04  4.446687e+03 -9.027992e-02  8.199534e-02 -5.923287e-02 
 4.155000e+04  4.458261e+03 -9.040648e-02  8.210946e-02 -5.931948e-02 
 4.160000e+04  4.469835e+03 -9.053259e-02  8.222359e-02 -5.940599e-02 
 4.165000e+04  4.481409e+03 -9.065852e-02  8.233743e-02 -5.949222e-02 
 4.170000e+04  4.492983e+03 -9.078470e-02  8.245100e-02 -5.957815e-02 
 4.175000e+04  4.504558e+03 -9.091132e-02  8.256469e-02 -5.966422e-02 
 4.180000e+04  4.516132e+03 -9.103830e-02  8.267866e-02 -5.975035e-02 
 4.185000e+04  4.527706e+03 -9.116553e-02  8.279253e-02 -5.983646e-02 
 4.190000e+04  4.539280e+03 -9.129275e-02  8.290619e-02 -5.992261e-02 
 4.195000e+04  4.550854e+03 -9.141986e-02  8.301948e-02 -6.000887e-02 
 4.200000e+04  4.562428e+03 -9.154659e-02  8.313247e-02 -6.009496e-02 
 4.205000e+04  4.574002e+03 -9.167281e-02  8.324527e-02 -6.018073e-02 
 4.210000e+04  4.585576e+03 -9.179909e-02  8.335825e-02 -6.026644e-02 
 4.215000e+04  4.597150e+03 -9.192503e-02  8.347163e-02 -6.035241e-02 
 4.220000e+04  4.608724e+03 -9.205070e-02  8.358434e-02 -6.043832e-02 
 4.225000e+04  4.620298e+03 -9.217643e-02  8.369669e-02 -6.052407e-02 
 4.230000e+04  4.631872e+03 -9.230235e-02  8.380932e-02 -6.060970e-02 
 4.235000e+04  4.643446e+03 -9.242826e-02  8.392242e-02 -6.069527e-02 
 4.240000e+04  4.655020e+03 -9.255410e-02  8.403570e-02 -6.078084e-02 
 4.245000e+04  4.666595e+03 -9.267959e-02  8.414920e-02 -6.086640e-02 
 4.250000e+04  4.678169e+03 -9.280479e-02  8.426275e-02 -6.095184e-02 
 4.255000e+04  4.689743e+03 -9.292979e-02  8.437625e-02 -6.103737e-02 
 4.260000e+04  4.701317e+03 -9.305480e-02  8.448978e-02 -6.112299e-02 
 4.265000e+04  4.712891e+03 -9.317999e-02  8.460314e-02 -6.120862e-02 
 4.270000e+04  4.724465e+03 -9.330533e-02  8.471628e-02 -6.129422e-02 
 4.275000e+04  4.736039e+03 -9.343066e-02  8.482913e-02 -6.137976e-02 
 4.280000e+04  4.747613e+03 -9.355598e-02  8.494178e-02 -6.146518e-02 
 4.285000e+04  4.759187e+03 -9.368137e-02  8.505435e-02 -6.155050e-02 
 4.290000e+04  4.770761e+03 -9.380686e-02  8.516681e-02 -6.163564e-02 
 4.295000e+04  4.782335e+03 -9.393236e-02  8.527907e-02 -6.172057e-02 
 4.300000e+04  4.793909e+03 -9.405778e-02  8.539115e-02 -6.180555e-02 
 4.305000e+04  4.805483e+03 -9.418314e-02  8.550294e-02 -6.189065e-02 
 4.310000e+04  4.817058e+03 -9.430843e-02  8.561478e-02 -6.197583e-02 
 4.315000e+04  4.828632e+03 -9.443372e-02  8.572684e-02 -6.206111e-02 
 4.320000e+04  4.840206e+03 -9.455918e-02  8.583907e-02 -6.214636e-02 
 4.325000e+04  4.851780e+03 -9.468451e-02  8.595135e-02 -6.223151e-02 
 4.330000e+04  4.863354e+03 -9.480965e-02  8.606356e-02 -6.231654e-02 
 4.335000e+04  4.874928e+03 -9.493443e-02  8.617583e-02 -6.240151e-02 
 4.340000e+04  4.886502e+03 -9.505828e-02  8.628823e-02 -6.248642e-02 
 4.345000e+04  4.898076e+03 -9.518126e-02  8.640077e-02 -6.257134e-02 
 4.350000e+04  4.909650e+03 -9.530442e-02  8.651340e-02 -6.265609e-02 
 4.355000e+04  4.921224e+03 -9.542794e-02  8.662601e-02 -6.274074e-02 
 4.360000e+04  4.932798e+03 -9.555169e-02  8.673866e-02 -6.282544e-02 
 4.365000e+04  4.944372e+03 -9.567546e-02  8.685147e-02 -6.291017e-02 
 4.370000e+04  4.955946e+03 -9.579922e-02  8.696421e-02 -6.299476e-02 
 4.375000e+04  4.967520e+03 -9.592273e-02  8.707659e-02 -6.307910e-02 
 4.380000e+04  4.979095e+03 -9.604577e-02  8.718872e-02 -6.316340e-02 
 4.385000e+04  4.990669e+03 -9.616882e-02  8.730070e-02 -6.324779e-02 
 4.390000e+04  5.002243e+03 -9.629217e-02  8.741258e-02 -6.333240e-02 
 4.395000e+04  5.013817e+03 -9.641595e-02  8.752432e-02 -6.341710e-02 
 4.400000e+04  5.025391e+03 -9.654010e-02  8.763586e-02 -6.350181e-02 
 4.405000e+04  5.036965e+03 -9.666448e-02  8.774731e-02 -6.358637e-02 
 4.410000e+04  5.048539e+03 -9.678888e-02  8.785852e-02 -6.367071e-02 
 4.415000e+04  5.060113e+03 -9.691335e-02  8.796956e-02 -6.375488e-02 
 4.420000e+04  5.071687e+03 -9.703772e-02  8.808050e-02 -6.383898e-02 
 4.425000e+04  5.083261e+03 -9.716193e-02  8.819139e-02 -6.392305e-02 
 4.430000e+04  5.094835e+03 -9.728579e-02  8.830230e-02 -6.400716e-02 
 4.435000e+04  5.106409e+03 -9.740957e-02  8.841307e-02 -6.409149e-02 
 4.440000e+04  5.117983e+03 -9.753310e-02  8.852382e-02 -6.417564e-02 
 4.445000e+04  5.129558e+03 -9.765664e-02  8.863443e-02 -6.425985e-02 
 4.450000e+04  5.141132e+03 -9.778024e-02  8.874516e-02 -6.434397e-02 
 4.455000e+04  5.152706e+03 -9.790356e-02  8.885611e-02 -6.442807e-02 
 4.460000e+04  5.164280e+03 -9.802671e-02  8.896735e-02 -6.451212e-02 
 4.465000e+04  5.175854e+03 -9.814957e-02  8.907884e-02 -6.459616e-02 
 4.470000e+04  5.187428e+03 -9.827235e-02  8.919045e-02 -6.468012e-02 
 4.475000e+04  5.199002e+03 -9.839502e-02  8.930207e-02 -6.476406e-02 
 4.480000e+04  5.210576e+03 -9.851756e-02  8.941364e-02 -6.484797e-02 
 4.485000e+04  5.222150e+03 -9.864007e-02  8.952501e-02 -6.493188e-02 
 4.490000e+04  5.233724e+03 -9.876260e-02  8.963620e-02 -6.501575e-02 
 4.495000e+04  5.245298e+03 -9.888523e-02  8.974714e-02 -6.509939e-02 
 4.500000e+04  5.256872e+03 -9.900795e-02  8.985793e-02 -6.518301e-02 
 4.505000e+04  5.268446e+03 -9.913052e-02  8.996866e-02 -6.526664e-02 
 4.510000e+04  5.280020e+03 -9.925321e-02  9.007929e-02 -6.535027e-02 
 4.515000e+04  5.291595e+03 -9.937590e-02  9.018990e-02 -6.543387e-02 
