         Step [creep.tim... Z Displace... Z Displace... X Displace... 
------------- ------------- ------------- ------------- ------------- 
 5.250000e+03  1.276223e-07 -4.629353e-03  4.524540e-03 -2.433365e-03 
 5.300000e+03  3.886505e-06 -4.629535e-03  4.524621e-03 -2.433548e-03 
 5.350000e+03  3.383083e-05 -4.630231e-03  4.524708e-03 -2.433948e-03 
 5.400000e+03  2.270659e-04 -4.630366e-03  4.524808e-03 -2.433999e-03 
 5.450000e+03  9.924128e-04 -4.630869e-03  4.525544e-03 -2.434851e-03 
 5.500000e+03  2.481961e-03 -4.633103e-03  4.527668e-03 -2.437100e-03 
 5.550000e+03  5.139452e-03 -4.638042e-03  4.532435e-03 -2.441678e-03 
 5.600000e+03  7.953907e-03 -4.643790e-03  4.538806e-03 -2.446613e-03 
 5.650000e+03  1.143105e-02 -4.651843e-03  4.548110e-03 -2.453128e-03 
 5.700000e+03  1.596070e-02 -4.662823e-03  4.561000e-03 -2.461380e-03 
 5.750000e+03  2.077438e-02 -4.673144e-03  4.572651e-03 -2.468862e-03 
 5.800000e+03  2.558805e-02 -4.681846e-03  4.581785e-03 -2.475357e-03 
 5.850000e+03  3.040172e-02 -4.690379e-03  4.590607e-03 -2.482289e-03 
 5.900000e+03  3.521540e-02 -4.699534e-03  4.600212e-03 -2.489989e-03 
 5.950000e+03  4.002907e-02 -4.709188e-03  4.610448e-03 -2.498456e-03 
 6.000000e+03  4.516156e-02 -4.720046e-03  4.621329e-03 -2.508010e-03 
 6.050000e+03  5.146694e-02 -4.733838e-03  4.634478e-03 -2.518973e-03 
 6.100000e+03  5.791772e-02 -4.747119e-03  4.646814e-03 -2.528199e-03 
 6.150000e+03  6.436850e-02 -4.759170e-03  4.658025e-03 -2.536074e-03 
 6.200000e+03  7.081929e-02 -4.770926e-03  4.669395e-03 -2.543981e-03 
 6.250000e+03  7.727007e-02 -4.783194e-03  4.681727e-03 -2.552718e-03 
 6.300000e+03  8.372085e-02 -4.795989e-03  4.694834e-03 -2.562494e-03 
 6.350000e+03  9.056829e-02 -4.809149e-03  4.708592e-03 -2.573678e-03 
 6.400000e+03  9.885696e-02 -4.824058e-03  4.723712e-03 -2.586777e-03 
 6.450000e+03  1.075016e-01 -4.838442e-03  4.737986e-03 -2.598808e-03 
 6.500000e+03  1.161463e-01 -4.852280e-03  4.751560e-03 -2.609299e-03 
 6.550000e+03  1.247910e-01 -4.866373e-03  4.765504e-03 -2.619241e-03 
 6.600000e+03  1.334356e-01 -4.881068e-03  4.780501e-03 -2.629603e-03 
 6.650000e+03  1.420803e-01 -4.896284e-03  4.796663e-03 -2.640825e-03 
 6.700000e+03  1.507422e-01 -4.911224e-03  4.813322e-03 -2.652543e-03 
 6.750000e+03  1.604287e-01 -4.926637e-03  4.830264e-03 -2.665310e-03 
 6.800000e+03  1.711895e-01 -4.942457e-03  4.846805e-03 -2.678539e-03 
 6.850000e+03  1.822225e-01 -4.958113e-03  4.862816e-03 -2.691395e-03 
 6.900000e+03  1.932555e-01 -4.973737e-03  4.878803e-03 -2.703772e-03 
 6.950000e+03  2.042886e-01 -4.989897e-03  4.895484e-03 -2.716179e-03 
 7.000000e+03  2.153216e-01 -5.007036e-03  4.912993e-03 -2.728834e-03 
 7.050000e+03  2.263546e-01 -5.024907e-03  4.930746e-03 -2.741399e-03 
 7.100000e+03  2.377186e-01 -5.042333e-03  4.947836e-03 -2.753709e-03 
 7.150000e+03  2.499955e-01 -5.059377e-03  4.964950e-03 -2.766377e-03 
 7.200000e+03  2.627676e-01 -5.076218e-03  4.982193e-03 -2.779606e-03 
 7.250000e+03  2.755397e-01 -5.092794e-03  4.999175e-03 -2.792882e-03 
 7.300000e+03  2.883118e-01 -5.109596e-03  5.016195e-03 -2.806246e-03 
 7.350000e+03  3.016146e-01 -5.127834e-03  5.034191e-03 -2.820207e-03 
 7.400000e+03  3.162309e-01 -5.148296e-03  5.054142e-03 -2.835130e-03 
 7.450000e+03  3.310163e-01 -5.168068e-03  5.073313e-03 -2.849102e-03 
 7.500000e+03  3.458016e-01 -5.186543e-03  5.091574e-03 -2.862311e-03 
 7.550000e+03  3.605869e-01 -5.204631e-03  5.109759e-03 -2.875528e-03 
 7.600000e+03  3.753722e-01 -5.222481e-03  5.128120e-03 -2.888977e-03 
 7.650000e+03  3.901575e-01 -5.239944e-03  5.146562e-03 -2.902672e-03 
 7.700000e+03  4.061171e-01 -5.258693e-03  5.166447e-03 -2.917653e-03 
 7.750000e+03  4.239347e-01 -5.279417e-03  5.188175e-03 -2.934105e-03 
 7.800000e+03  4.419064e-01 -5.299713e-03  5.208739e-03 -2.949478e-03 
 7.850000e+03  4.598780e-01 -5.319626e-03  5.228455e-03 -2.963939e-03 
 7.900000e+03  4.778496e-01 -5.339558e-03  5.248281e-03 -2.978273e-03 
 7.950000e+03  4.958213e-01 -5.359530e-03  5.268411e-03 -2.992622e-03 
 8.000000e+03  5.137929e-01 -5.379172e-03  5.288536e-03 -3.007065e-03 
 8.050000e+03  5.320162e-01 -5.398784e-03  5.308530e-03 -3.021894e-03 
 8.100000e+03  5.516789e-01 -5.419216e-03  5.329524e-03 -3.037866e-03 
 8.150000e+03  5.714927e-01 -5.438847e-03  5.349900e-03 -3.053249e-03 
 8.200000e+03  5.913064e-01 -5.458169e-03  5.369616e-03 -3.067921e-03 
 8.250000e+03  6.111201e-01 -5.477853e-03  5.389336e-03 -3.082271e-03 
 8.300000e+03  6.309339e-01 -5.498082e-03  5.409066e-03 -3.096499e-03 
 8.350000e+03  6.510448e-01 -5.518730e-03  5.428922e-03 -3.110853e-03 
 8.400000e+03  6.726606e-01 -5.540299e-03  5.449797e-03 -3.126222e-03 
 8.450000e+03  6.955538e-01 -5.562033e-03  5.471362e-03 -3.142280e-03 
 8.500000e+03  7.184906e-01 -5.582741e-03  5.492497e-03 -3.158066e-03 
 8.550000e+03  7.414275e-01 -5.603015e-03  5.513198e-03 -3.173543e-03 
 8.600000e+03  7.644332e-01 -5.623401e-03  5.533930e-03 -3.188895e-03 
 8.650000e+03  7.885169e-01 -5.644858e-03  5.555864e-03 -3.204847e-03 
 8.700000e+03  8.137085e-01 -5.667220e-03  5.578780e-03 -3.221180e-03 
 8.750000e+03  8.397550e-01 -5.690010e-03  5.601829e-03 -3.237555e-03 
 8.800000e+03  8.669711e-01 -5.713460e-03  5.624961e-03 -3.254210e-03 
 8.850000e+03  8.948510e-01 -5.737033e-03  5.647957e-03 -3.271010e-03 
 8.900000e+03  9.227309e-01 -5.759782e-03  5.670656e-03 -3.287725e-03 
 8.950000e+03  9.506108e-01 -5.781866e-03  5.693309e-03 -3.304472e-03 
 9.000000e+03  9.784907e-01 -5.803779e-03  5.716008e-03 -3.321281e-03 
 9.050000e+03  1.006371e+00 -5.825640e-03  5.738665e-03 -3.337853e-03 
 9.100000e+03  1.035882e+00 -5.848622e-03  5.762122e-03 -3.354672e-03 
 9.150000e+03  1.067357e+00 -5.872920e-03  5.786615e-03 -3.371842e-03 
 9.200000e+03  1.099631e+00 -5.897741e-03  5.811200e-03 -3.389106e-03 
 9.250000e+03  1.131906e+00 -5.922274e-03  5.835152e-03 -3.406296e-03 
 9.300000e+03  1.164180e+00 -5.946298e-03  5.858491e-03 -3.423524e-03 
 9.350000e+03  1.196455e+00 -5.969878e-03  5.881559e-03 -3.440851e-03 
 9.400000e+03  1.228729e+00 -5.992839e-03  5.904445e-03 -3.458123e-03 
 9.450000e+03  1.261004e+00 -6.015223e-03  5.927133e-03 -3.474933e-03 
 9.500000e+03  1.294769e+00 -6.038441e-03  5.950715e-03 -3.491862e-03 
 9.550000e+03  1.330352e+00 -6.062989e-03  5.975542e-03 -3.509272e-03 
 9.600000e+03  1.365935e+00 -6.087495e-03  6.000161e-03 -3.526422e-03 
 9.650000e+03  1.401517e+00 -6.111719e-03  6.024304e-03 -3.543348e-03 
 9.700000e+03  1.438737e+00 -6.136683e-03  6.048868e-03 -3.561012e-03 
 9.750000e+03  1.476098e+00 -6.161280e-03  6.072870e-03 -3.578709e-03 
 9.800000e+03  1.513460e+00 -6.185124e-03  6.096231e-03 -3.596188e-03 
 9.850000e+03  1.550822e+00 -6.208350e-03  6.119386e-03 -3.613423e-03 
 9.900000e+03  1.588184e+00 -6.231313e-03  6.142701e-03 -3.630473e-03 
 9.950000e+03  1.625545e+00 -6.254254e-03  6.166291e-03 -3.647227e-03 
 1.000000e+04  1.665364e+00 -6.278694e-03  6.191446e-03 -3.664558e-03 
 1.005000e+04  1.708161e+00 -6.304891e-03  6.217998e-03 -3.682700e-03 
 1.010000e+04  1.751412e+00 -6.331168e-03  6.244059e-03 -3.700844e-03 
 1.015000e+04  1.794663e+00 -6.356856e-03  6.269109e-03 -3.718929e-03 
 1.020000e+04  1.837914e+00 -6.381805e-03  6.293452e-03 -3.737022e-03 
 1.025000e+04  1.881165e+00 -6.406296e-03  6.317612e-03 -3.755133e-03 
 1.030000e+04  1.924416e+00 -6.430691e-03  6.341746e-03 -3.773067e-03 
 1.035000e+04  1.968359e+00 -6.455291e-03  6.366281e-03 -3.790800e-03 
 1.040000e+04  2.015548e+00 -6.481505e-03  6.392641e-03 -3.809312e-03 
 1.045000e+04  2.065616e+00 -6.509136e-03  6.420536e-03 -3.828464e-03 
 1.050000e+04  2.115684e+00 -6.536344e-03  6.447982e-03 -3.847282e-03 
 1.055000e+04  2.165753e+00 -6.563203e-03  6.474679e-03 -3.866000e-03 
 1.060000e+04  2.216222e+00 -6.589934e-03  6.500901e-03 -3.884958e-03 
 1.065000e+04  2.268793e+00 -6.617342e-03  6.527612e-03 -3.904689e-03 
 1.070000e+04  2.321365e+00 -6.644123e-03  6.553841e-03 -3.924189e-03 
 1.075000e+04  2.373937e+00 -6.670442e-03  6.579983e-03 -3.943307e-03 
 1.080000e+04  2.426508e+00 -6.696663e-03  6.606170e-03 -3.961994e-03 
 1.085000e+04  2.479080e+00 -6.722742e-03  6.632486e-03 -3.980268e-03 
 1.090000e+04  2.533282e+00 -6.749400e-03  6.659508e-03 -3.998759e-03 
 1.095000e+04  2.592009e+00 -6.778057e-03  6.688496e-03 -4.018541e-03 
 1.100000e+04  2.652868e+00 -6.807364e-03  6.717794e-03 -4.038971e-03 
 1.105000e+04  2.713726e+00 -6.836134e-03  6.746002e-03 -4.059356e-03 
 1.110000e+04  2.774584e+00 -6.864300e-03  6.773424e-03 -4.079674e-03 
 1.115000e+04  2.835443e+00 -6.892164e-03  6.800632e-03 -4.099777e-03 
 1.120000e+04  2.896301e+00 -6.919753e-03  6.827810e-03 -4.119527e-03 
 1.125000e+04  2.957220e+00 -6.947327e-03  6.855050e-03 -4.138797e-03 
 1.130000e+04  3.022144e+00 -6.976561e-03  6.884090e-03 -4.158902e-03 
 1.135000e+04  3.089240e+00 -7.006444e-03  6.913990e-03 -4.179383e-03 
 1.140000e+04  3.156337e+00 -7.035707e-03  6.943434e-03 -4.199671e-03 
 1.145000e+04  3.225983e+00 -7.065550e-03  6.973256e-03 -4.220617e-03 
 1.150000e+04  3.298970e+00 -7.096525e-03  7.003713e-03 -4.242551e-03 
 1.155000e+04  3.372944e+00 -7.127611e-03  7.033926e-03 -4.264616e-03 
 1.160000e+04  3.446917e+00 -7.158223e-03  7.063736e-03 -4.286364e-03 
 1.165000e+04  3.520891e+00 -7.188460e-03  7.093467e-03 -4.307704e-03 
 1.170000e+04  3.594865e+00 -7.218429e-03  7.123252e-03 -4.328634e-03 
 1.175000e+04  3.668838e+00 -7.248176e-03  7.152955e-03 -4.349160e-03 
 1.180000e+04  3.745771e+00 -7.278768e-03  7.183631e-03 -4.370179e-03 
 1.185000e+04  3.826861e+00 -7.310613e-03  7.215621e-03 -4.392200e-03 
 1.190000e+04  3.908417e+00 -7.342161e-03  7.247087e-03 -4.414262e-03 
 1.195000e+04  3.993235e+00 -7.374419e-03  7.278939e-03 -4.437116e-03 
 1.200000e+04  4.079212e+00 -7.406792e-03  7.310599e-03 -4.460085e-03 
 1.205000e+04  4.169127e+00 -7.440390e-03  7.343295e-03 -4.483763e-03 
 1.210000e+04  4.259043e+00 -7.473706e-03  7.375810e-03 -4.506907e-03 
 1.215000e+04  4.348958e+00 -7.506735e-03  7.408207e-03 -4.529593e-03 
 1.220000e+04  4.438874e+00 -7.539478e-03  7.440600e-03 -4.551951e-03 
 1.225000e+04  4.528789e+00 -7.571745e-03  7.472729e-03 -4.574107e-03 
 1.230000e+04  4.620683e+00 -7.604183e-03  7.505112e-03 -4.596633e-03 
 1.235000e+04  4.717643e+00 -7.637896e-03  7.538667e-03 -4.620240e-03 
 1.240000e+04  4.816775e+00 -7.672002e-03  7.572245e-03 -4.644175e-03 
 1.245000e+04  4.915907e+00 -7.705789e-03  7.605176e-03 -4.667877e-03 
 1.250000e+04  5.015039e+00 -7.739388e-03  7.637710e-03 -4.691204e-03 
 1.255000e+04  5.117541e+00 -7.773853e-03  7.671151e-03 -4.714887e-03 
 1.260000e+04  5.221629e+00 -7.808473e-03  7.704946e-03 -4.738581e-03 
 1.265000e+04  5.325718e+00 -7.842659e-03  7.738623e-03 -4.761995e-03 
 1.270000e+04  5.430743e+00 -7.876550e-03  7.772370e-03 -4.785352e-03 
 1.275000e+04  5.540036e+00 -7.911380e-03  7.807125e-03 -4.809513e-03 
 1.280000e+04  5.649329e+00 -7.945745e-03  7.841364e-03 -4.833538e-03 
 1.285000e+04  5.762556e+00 -7.980944e-03  7.876167e-03 -4.858204e-03 
 1.290000e+04  5.882363e+00 -8.017917e-03  7.912343e-03 -4.883960e-03 
 1.295000e+04  6.002858e+00 -8.054823e-03  7.948322e-03 -4.909466e-03 
 1.300000e+04  6.123354e+00 -8.091491e-03  7.983921e-03 -4.934534e-03 
 1.305000e+04  6.243849e+00 -8.127830e-03  8.019226e-03 -4.959277e-03 
 1.310000e+04  6.364344e+00 -8.163642e-03  8.054335e-03 -4.983797e-03 
 1.315000e+04  6.484840e+00 -8.198893e-03  8.089224e-03 -5.008126e-03 
 1.320000e+04  6.606901e+00 -8.234047e-03  8.124208e-03 -5.032546e-03 
 1.325000e+04  6.737091e+00 -8.271167e-03  8.161022e-03 -5.058403e-03 
 1.330000e+04  6.869937e+00 -8.308809e-03  8.198063e-03 -5.084518e-03 
 1.335000e+04  7.002783e+00 -8.346194e-03  8.234568e-03 -5.110259e-03 
 1.340000e+04  7.141076e+00 -8.384829e-03  8.271953e-03 -5.136633e-03 
 1.345000e+04  7.280564e+00 -8.423501e-03  8.309281e-03 -5.162888e-03 
 1.350000e+04  7.420053e+00 -8.461748e-03  8.346265e-03 -5.188902e-03 
 1.355000e+04  7.559541e+00 -8.499400e-03  8.382924e-03 -5.214691e-03 
 1.360000e+04  7.699309e+00 -8.536520e-03  8.419391e-03 -5.240311e-03 
 1.365000e+04  7.845771e+00 -8.574982e-03  8.457445e-03 -5.266930e-03 
 1.370000e+04  7.992234e+00 -8.613050e-03  8.495110e-03 -5.293289e-03 
 1.375000e+04  8.145757e+00 -8.652590e-03  8.534021e-03 -5.320495e-03 
 1.380000e+04  8.307232e+00 -8.693926e-03  8.574382e-03 -5.348778e-03 
 1.385000e+04  8.468707e+00 -8.734998e-03  8.614270e-03 -5.376735e-03 
 1.390000e+04  8.630183e+00 -8.775614e-03  8.653481e-03 -5.404352e-03 
 1.395000e+04  8.791658e+00 -8.815697e-03  8.692290e-03 -5.431699e-03 
 1.400000e+04  8.953133e+00 -8.855305e-03  8.730786e-03 -5.458879e-03 
 1.405000e+04  9.114608e+00 -8.894374e-03  8.769104e-03 -5.485824e-03 
 1.410000e+04  9.278021e+00 -8.933349e-03  8.807520e-03 -5.512751e-03 
 1.415000e+04  9.454353e+00 -8.975084e-03  8.848686e-03 -5.541479e-03 
 1.420000e+04  9.632379e+00 -9.017011e-03  8.889922e-03 -5.570196e-03 
 1.425000e+04  9.810406e+00 -9.058536e-03  8.930478e-03 -5.598502e-03 
 1.430000e+04  9.994129e+00 -9.101053e-03  8.971639e-03 -5.627323e-03 
 1.435000e+04  1.018106e+01 -9.144044e-03  9.013011e-03 -5.656447e-03 
 1.440000e+04  1.036798e+01 -9.186465e-03  9.053841e-03 -5.685341e-03 
 1.445000e+04  1.055491e+01 -9.228230e-03  9.094268e-03 -5.713949e-03 
 1.450000e+04  1.074184e+01 -9.269523e-03  9.134444e-03 -5.742327e-03 
 1.455000e+04  1.092877e+01 -9.310438e-03  9.174504e-03 -5.770415e-03 
 1.460000e+04  1.111887e+01 -9.351578e-03  9.214930e-03 -5.798620e-03 
 1.465000e+04  1.132025e+01 -9.394849e-03  9.257368e-03 -5.828077e-03 
 1.470000e+04  1.152634e+01 -9.438887e-03  9.300267e-03 -5.857937e-03 
 1.475000e+04  1.173243e+01 -9.482550e-03  9.342464e-03 -5.887529e-03 
 1.480000e+04  1.193852e+01 -9.525688e-03  9.383965e-03 -5.916860e-03 
 1.485000e+04  1.214563e+01 -9.568584e-03  9.425232e-03 -5.946085e-03 
 1.490000e+04  1.236203e+01 -9.612918e-03  9.468038e-03 -5.976397e-03 
 1.495000e+04  1.257842e+01 -9.656715e-03  9.510551e-03 -6.006383e-03 
 1.500000e+04  1.279633e+01 -9.700288e-03  9.553101e-03 -6.036232e-03 
 1.505000e+04  1.302354e+01 -9.745334e-03  9.597312e-03 -6.066977e-03 
 1.510000e+04  1.325075e+01 -9.790086e-03  9.641193e-03 -6.097377e-03 
 1.515000e+04  1.347819e+01 -9.834492e-03  9.684436e-03 -6.127484e-03 
 1.520000e+04  1.371748e+01 -9.880813e-03  9.729171e-03 -6.158901e-03 
 1.525000e+04  1.396798e+01 -9.928908e-03  9.775415e-03 -6.191515e-03 
 1.530000e+04  1.421848e+01 -9.976390e-03  9.821074e-03 -6.223885e-03 
 1.535000e+04  1.446898e+01 -1.002327e-02  9.866258e-03 -6.255887e-03 
 1.540000e+04  1.471948e+01 -1.006973e-02  9.911214e-03 -6.287608e-03 
 1.545000e+04  1.496998e+01 -1.011577e-02  9.955959e-03 -6.318965e-03 
 1.550000e+04  1.522048e+01 -1.016132e-02  1.000038e-02 -6.349899e-03 
 1.555000e+04  1.548151e+01 -1.020837e-02  1.004629e-02 -6.381761e-03 
 1.560000e+04  1.574453e+01 -1.025547e-02  1.009206e-02 -6.413658e-03 
 1.565000e+04  1.602045e+01 -1.030441e-02  1.013932e-02 -6.446877e-03 
 1.570000e+04  1.629662e+01 -1.035291e-02  1.018587e-02 -6.479818e-03 
 1.575000e+04  1.657280e+01 -1.040102e-02  1.023185e-02 -6.512425e-03 
 1.580000e+04  1.684898e+01 -1.044865e-02  1.027749e-02 -6.544735e-03 
 1.585000e+04  1.712516e+01 -1.049570e-02  1.032281e-02 -6.576739e-03 
 1.590000e+04  1.740603e+01 -1.054304e-02  1.036864e-02 -6.608907e-03 
 1.595000e+04  1.770037e+01 -1.059226e-02  1.041645e-02 -6.642297e-03 
 1.600000e+04  1.800485e+01 -1.064282e-02  1.046557e-02 -6.676529e-03 
 1.605000e+04  1.830934e+01 -1.069280e-02  1.051406e-02 -6.710348e-03 
 1.610000e+04  1.862905e+01 -1.074490e-02  1.056423e-02 -6.745556e-03 
 1.615000e+04  1.894876e+01 -1.079655e-02  1.061368e-02 -6.780470e-03 
 1.620000e+04  1.926847e+01 -1.084762e-02  1.066247e-02 -6.815106e-03 
 1.625000e+04  1.958818e+01 -1.089812e-02  1.071080e-02 -6.849405e-03 
 1.630000e+04  1.991109e+01 -1.094869e-02  1.075937e-02 -6.883698e-03 
 1.635000e+04  2.024678e+01 -1.100081e-02  1.080969e-02 -6.919015e-03 
 1.640000e+04  2.058248e+01 -1.105235e-02  1.085961e-02 -6.953888e-03 
 1.645000e+04  2.092959e+01 -1.110511e-02  1.091075e-02 -6.989524e-03 
 1.650000e+04  2.129652e+01 -1.116045e-02  1.096425e-02 -7.026951e-03 
 1.655000e+04  2.166662e+01 -1.121578e-02  1.101752e-02 -7.064358e-03 
 1.660000e+04  2.203673e+01 -1.127045e-02  1.107000e-02 -7.101390e-03 
 1.665000e+04  2.241312e+01 -1.132565e-02  1.112272e-02 -7.138723e-03 
 1.670000e+04  2.280173e+01 -1.138213e-02  1.117667e-02 -7.176943e-03 
 1.675000e+04  2.319034e+01 -1.143793e-02  1.123015e-02 -7.214716e-03 
 1.680000e+04  2.357895e+01 -1.149311e-02  1.128322e-02 -7.252047e-03 
 1.685000e+04  2.397300e+01 -1.154863e-02  1.133678e-02 -7.289520e-03 
 1.690000e+04  2.438104e+01 -1.160563e-02  1.139181e-02 -7.327946e-03 
 1.695000e+04  2.478908e+01 -1.166206e-02  1.144620e-02 -7.366021e-03 
 1.700000e+04  2.521469e+01 -1.172036e-02  1.150214e-02 -7.405365e-03 
 1.705000e+04  2.566455e+01 -1.178152e-02  1.156051e-02 -7.446626e-03 
 1.710000e+04  2.611442e+01 -1.184195e-02  1.161818e-02 -7.487493e-03 
 1.715000e+04  2.656428e+01 -1.190174e-02  1.167519e-02 -7.527868e-03 
 1.720000e+04  2.701414e+01 -1.196106e-02  1.173179e-02 -7.567828e-03 
 1.725000e+04  2.746401e+01 -1.201981e-02  1.178806e-02 -7.607378e-03 
 1.730000e+04  2.791972e+01 -1.207863e-02  1.184460e-02 -7.647031e-03 
 1.735000e+04  2.839916e+01 -1.213989e-02  1.190357e-02 -7.688324e-03 
 1.740000e+04  2.890555e+01 -1.220412e-02  1.196521e-02 -7.731543e-03 
 1.745000e+04  2.942633e+01 -1.226954e-02  1.202778e-02 -7.775626e-03 
 1.750000e+04  2.994710e+01 -1.233420e-02  1.208941e-02 -7.819200e-03 
 1.755000e+04  3.046788e+01 -1.239828e-02  1.215031e-02 -7.862302e-03 
 1.760000e+04  3.098865e+01 -1.246180e-02  1.221067e-02 -7.905044e-03 
 1.765000e+04  3.150942e+01 -1.252459e-02  1.227045e-02 -7.947296e-03 
 1.770000e+04  3.204166e+01 -1.258808e-02  1.233107e-02 -7.989986e-03 
 1.775000e+04  3.258847e+01 -1.265274e-02  1.239300e-02 -8.033475e-03 
 1.780000e+04  3.313528e+01 -1.271678e-02  1.245443e-02 -8.076530e-03 
 1.785000e+04  3.370749e+01 -1.278302e-02  1.251786e-02 -8.121092e-03 
 1.790000e+04  3.431035e+01 -1.285226e-02  1.258395e-02 -8.167618e-03 
 1.795000e+04  3.493914e+01 -1.292377e-02  1.265208e-02 -8.215672e-03 
 1.800000e+04  3.557214e+01 -1.299507e-02  1.271970e-02 -8.263491e-03 
 1.805000e+04  3.620515e+01 -1.306556e-02  1.278655e-02 -8.310816e-03 
 1.810000e+04  3.683815e+01 -1.313535e-02  1.285283e-02 -8.357655e-03 
 1.815000e+04  3.747115e+01 -1.320448e-02  1.291848e-02 -8.403955e-03 
 1.820000e+04  3.810796e+01 -1.327316e-02  1.298398e-02 -8.450009e-03 
 1.825000e+04  3.879189e+01 -1.334622e-02  1.305372e-02 -8.499035e-03 
 1.830000e+04  3.948977e+01 -1.342009e-02  1.312423e-02 -8.548582e-03 
 1.835000e+04  4.018766e+01 -1.349316e-02  1.319379e-02 -8.597596e-03 
 1.840000e+04  4.091276e+01 -1.356834e-02  1.326508e-02 -8.647946e-03 
 1.845000e+04  4.166899e+01 -1.364609e-02  1.333862e-02 -8.699902e-03 
 1.850000e+04  4.243841e+01 -1.372430e-02  1.341260e-02 -8.752203e-03 
 1.855000e+04  4.320784e+01 -1.380156e-02  1.348574e-02 -8.803881e-03 
 1.860000e+04  4.397726e+01 -1.387803e-02  1.355817e-02 -8.855033e-03 
 1.865000e+04  4.474668e+01 -1.395373e-02  1.363000e-02 -8.905634e-03 
 1.870000e+04  4.551610e+01 -1.402848e-02  1.370111e-02 -8.955684e-03 
 1.875000e+04  4.633068e+01 -1.410689e-02  1.377561e-02 -9.008091e-03 
 1.880000e+04  4.717897e+01 -1.418789e-02  1.385239e-02 -9.062144e-03 
 1.885000e+04  4.802725e+01 -1.426805e-02  1.392815e-02 -9.115590e-03 
 1.890000e+04  4.887554e+01 -1.434733e-02  1.400293e-02 -9.168459e-03 
 1.895000e+04  4.975012e+01 -1.442817e-02  1.407917e-02 -9.222358e-03 
 1.900000e+04  5.064082e+01 -1.450970e-02  1.415602e-02 -9.276651e-03 
 1.905000e+04  5.153152e+01 -1.459036e-02  1.423210e-02 -9.330375e-03 
 1.910000e+04  5.244004e+01 -1.467170e-02  1.430896e-02 -9.384545e-03 
 1.915000e+04  5.341175e+01 -1.475783e-02  1.439043e-02 -9.441920e-03 
 1.920000e+04  5.439374e+01 -1.484394e-02  1.447187e-02 -9.499245e-03 
 1.925000e+04  5.537869e+01 -1.492929e-02  1.455246e-02 -9.556021e-03 
 1.930000e+04  5.641597e+01 -1.501838e-02  1.463621e-02 -9.615183e-03 
 1.935000e+04  5.749862e+01 -1.511044e-02  1.472271e-02 -9.676296e-03 
 1.940000e+04  5.858127e+01 -1.520143e-02  1.480808e-02 -9.736632e-03 
 1.945000e+04  5.966393e+01 -1.529132e-02  1.489235e-02 -9.796213e-03 
 1.950000e+04  6.079963e+01 -1.538460e-02  1.497989e-02 -9.858097e-03 
 1.955000e+04  6.193641e+01 -1.547685e-02  1.506661e-02 -9.919309e-03 
 1.960000e+04  6.307888e+01 -1.556838e-02  1.515277e-02 -9.980024e-03 
 1.965000e+04  6.431667e+01 -1.566659e-02  1.524515e-02 -1.004507e-02 
 1.970000e+04  6.556997e+01 -1.576497e-02  1.533763e-02 -1.011022e-02 
 1.975000e+04  6.682328e+01 -1.586210e-02  1.542875e-02 -1.017454e-02 
 1.980000e+04  6.810415e+01 -1.596021e-02  1.552059e-02 -1.023941e-02 
 1.985000e+04  6.942012e+01 -1.606004e-02  1.561387e-02 -1.030531e-02 
 1.990000e+04  7.073609e+01 -1.615862e-02  1.570604e-02 -1.037045e-02 
 1.995000e+04  7.206391e+01 -1.625684e-02  1.579791e-02 -1.043532e-02 
 2.000000e+04  7.345949e+01 -1.635888e-02  1.589345e-02 -1.050271e-02 
 2.005000e+04  7.491035e+01 -1.646380e-02  1.599176e-02 -1.057201e-02 
 2.010000e+04  7.636121e+01 -1.656741e-02  1.608879e-02 -1.064034e-02 
 2.015000e+04  7.784108e+01 -1.667182e-02  1.618647e-02 -1.070909e-02 
 2.020000e+04  7.936448e+01 -1.677823e-02  1.628577e-02 -1.077909e-02 
 2.025000e+04  8.088788e+01 -1.688332e-02  1.638364e-02 -1.084825e-02 
 2.030000e+04  8.241128e+01 -1.698709e-02  1.648022e-02 -1.091653e-02 
 2.035000e+04  8.401085e+01 -1.709484e-02  1.658046e-02 -1.098737e-02 
 2.040000e+04  8.561042e+01 -1.720143e-02  1.667960e-02 -1.105740e-02 
 2.045000e+04  8.720999e+01 -1.730665e-02  1.677754e-02 -1.112642e-02 
 2.050000e+04  8.887058e+01 -1.741459e-02  1.687805e-02 -1.119717e-02 
 2.055000e+04  9.063411e+01 -1.752807e-02  1.698350e-02 -1.127150e-02 
 2.060000e+04  9.239764e+01 -1.764009e-02  1.708760e-02 -1.134490e-02 
 2.065000e+04  9.416822e+01 -1.775113e-02  1.719062e-02 -1.141763e-02 
 2.070000e+04  9.601992e+01 -1.786603e-02  1.729688e-02 -1.149270e-02 
 2.075000e+04  9.787162e+01 -1.797954e-02  1.740181e-02 -1.156688e-02 
 2.080000e+04  9.972332e+01 -1.809155e-02  1.750545e-02 -1.164007e-02 
 2.085000e+04  1.016687e+02 -1.820783e-02  1.761302e-02 -1.171593e-02 
 2.090000e+04  1.037102e+02 -1.832850e-02  1.772464e-02 -1.179465e-02 
 2.095000e+04  1.057517e+02 -1.844750e-02  1.783482e-02 -1.187231e-02 
 2.100000e+04  1.077932e+02 -1.856498e-02  1.794351e-02 -1.194885e-02 
 2.105000e+04  1.099368e+02 -1.868695e-02  1.805604e-02 -1.202820e-02 
 2.110000e+04  1.120804e+02 -1.880739e-02  1.816713e-02 -1.210661e-02 
 2.115000e+04  1.142240e+02 -1.892617e-02  1.827673e-02 -1.218396e-02 
 2.120000e+04  1.165316e+02 -1.905255e-02  1.839311e-02 -1.226611e-02 
 2.125000e+04  1.188949e+02 -1.918052e-02  1.851092e-02 -1.234919e-02 
 2.130000e+04  1.212582e+02 -1.930677e-02  1.862715e-02 -1.243109e-02 
 2.135000e+04  1.236522e+02 -1.943287e-02  1.874314e-02 -1.251281e-02 
 2.140000e+04  1.261337e+02 -1.956205e-02  1.886183e-02 -1.259648e-02 
 2.145000e+04  1.286151e+02 -1.968955e-02  1.897894e-02 -1.267908e-02 
 2.150000e+04  1.311164e+02 -1.981634e-02  1.909525e-02 -1.276116e-02 
 2.155000e+04  1.338418e+02 -1.995294e-02  1.922029e-02 -1.284945e-02 
 2.160000e+04  1.365776e+02 -2.008838e-02  1.934421e-02 -1.293686e-02 
 2.165000e+04  1.393134e+02 -2.022182e-02  1.946628e-02 -1.302295e-02 
 2.170000e+04  1.421176e+02 -2.035674e-02  1.958951e-02 -1.310986e-02 
 2.175000e+04  1.451281e+02 -2.049978e-02  1.972018e-02 -1.320204e-02 
 2.180000e+04  1.481444e+02 -2.064108e-02  1.984935e-02 -1.329314e-02 
 2.185000e+04  1.511636e+02 -2.078047e-02  1.997659e-02 -1.338285e-02 
 2.190000e+04  1.544510e+02 -2.093033e-02  2.011314e-02 -1.347917e-02 
 2.195000e+04  1.577764e+02 -2.107986e-02  2.024934e-02 -1.357526e-02 
 2.200000e+04  1.611018e+02 -2.122713e-02  2.038335e-02 -1.366977e-02 
 2.205000e+04  1.645269e+02 -2.137663e-02  2.051921e-02 -1.376559e-02 
 2.210000e+04  1.680186e+02 -2.152699e-02  2.065574e-02 -1.386194e-02 
 2.215000e+04  1.715102e+02 -2.167507e-02  2.079027e-02 -1.395687e-02 
 2.220000e+04  1.750752e+02 -2.182399e-02  2.092554e-02 -1.405225e-02 
 2.225000e+04  1.789174e+02 -2.198241e-02  2.106934e-02 -1.415364e-02 
 2.230000e+04  1.827670e+02 -2.213891e-02  2.121128e-02 -1.425374e-02 
 2.235000e+04  1.866166e+02 -2.229299e-02  2.135091e-02 -1.435216e-02 
 2.240000e+04  1.906409e+02 -2.245180e-02  2.149451e-02 -1.445338e-02 
 2.245000e+04  1.948850e+02 -2.261700e-02  2.164373e-02 -1.455870e-02 
 2.250000e+04  1.991292e+02 -2.277959e-02  2.179055e-02 -1.466234e-02 
 2.255000e+04  2.034072e+02 -2.294097e-02  2.193599e-02 -1.476507e-02 
 2.260000e+04  2.078636e+02 -2.310670e-02  2.208520e-02 -1.487049e-02 
 2.265000e+04  2.123199e+02 -2.326990e-02  2.223216e-02 -1.497426e-02 
 2.270000e+04  2.168431e+02 -2.343302e-02  2.237891e-02 -1.507779e-02 
 2.275000e+04  2.217188e+02 -2.360638e-02  2.253467e-02 -1.518773e-02 
 2.280000e+04  2.266319e+02 -2.377848e-02  2.268915e-02 -1.529692e-02 
 2.285000e+04  2.315450e+02 -2.394779e-02  2.284098e-02 -1.540427e-02 
 2.290000e+04  2.366109e+02 -2.411958e-02  2.299483e-02 -1.551303e-02 
 2.295000e+04  2.420277e+02 -2.430060e-02  2.315689e-02 -1.562759e-02 
 2.300000e+04  2.474444e+02 -2.447869e-02  2.331634e-02 -1.574027e-02 
 2.305000e+04  2.528611e+02 -2.465378e-02  2.347301e-02 -1.585096e-02 
 2.310000e+04  2.585324e+02 -2.483422e-02  2.363432e-02 -1.596506e-02 
 2.315000e+04  2.642199e+02 -2.501233e-02  2.379354e-02 -1.607768e-02 
 2.320000e+04  2.699075e+02 -2.518751e-02  2.395006e-02 -1.618831e-02 
 2.325000e+04  2.760349e+02 -2.537341e-02  2.411587e-02 -1.630554e-02 
 2.330000e+04  2.823055e+02 -2.556082e-02  2.428288e-02 -1.642372e-02 
 2.335000e+04  2.885760e+02 -2.574505e-02  2.444694e-02 -1.653991e-02 
 2.340000e+04  2.949923e+02 -2.593040e-02  2.461176e-02 -1.665666e-02 
 2.345000e+04  3.019055e+02 -2.612708e-02  2.478651e-02 -1.678045e-02 
 2.350000e+04  3.088188e+02 -2.632050e-02  2.495823e-02 -1.690218e-02 
 2.355000e+04  3.157320e+02 -2.651060e-02  2.512675e-02 -1.702173e-02 
 2.360000e+04  3.229927e+02 -2.670703e-02  2.530056e-02 -1.714513e-02 
 2.365000e+04  3.306145e+02 -2.690995e-02  2.548000e-02 -1.727261e-02 
 2.370000e+04  3.382364e+02 -2.710936e-02  2.565621e-02 -1.739778e-02 
 2.375000e+04  3.460031e+02 -2.730898e-02  2.583240e-02 -1.752301e-02 
 2.380000e+04  3.540060e+02 -2.751125e-02  2.601079e-02 -1.764995e-02 
 2.385000e+04  3.620090e+02 -2.770993e-02  2.618601e-02 -1.777468e-02 
 2.390000e+04  3.702120e+02 -2.790996e-02  2.636241e-02 -1.790019e-02 
 2.395000e+04  3.789932e+02 -2.812061e-02  2.654810e-02 -1.803236e-02 
 2.400000e+04  3.878165e+02 -2.832867e-02  2.673148e-02 -1.816295e-02 
 2.405000e+04  3.966397e+02 -2.853291e-02  2.691142e-02 -1.829117e-02 
 2.410000e+04  4.059816e+02 -2.874525e-02  2.709835e-02 -1.842444e-02 
 2.415000e+04  4.161956e+02 -2.897365e-02  2.729939e-02 -1.856783e-02 
 2.420000e+04  4.264096e+02 -2.919797e-02  2.749663e-02 -1.870862e-02 
 2.425000e+04  4.366236e+02 -2.941805e-02  2.768974e-02 -1.884665e-02 
 2.430000e+04  4.468376e+02 -2.963405e-02  2.787890e-02 -1.898210e-02 
 2.435000e+04  4.570516e+02 -2.984605e-02  2.806440e-02 -1.911510e-02 
 2.440000e+04  4.679965e+02 -3.006918e-02  2.825953e-02 -1.925501e-02 
 2.445000e+04  4.795706e+02 -3.030140e-02  2.846241e-02 -1.940061e-02 
 2.450000e+04  4.911446e+02 -3.052963e-02  2.866162e-02 -1.954381e-02 
 2.455000e+04  5.027187e+02 -3.075349e-02  2.885689e-02 -1.968431e-02 
 2.460000e+04  5.142928e+02 -3.097295e-02  2.904829e-02 -1.982212e-02 
 2.465000e+04  5.258669e+02 -3.118824e-02  2.923614e-02 -1.995745e-02 
 2.470000e+04  5.374409e+02 -3.139964e-02  2.942062e-02 -2.009045e-02 
 2.475000e+04  5.490150e+02 -3.160746e-02  2.960190e-02 -2.022125e-02 
 2.480000e+04  5.605891e+02 -3.181188e-02  2.978024e-02 -2.035004e-02 
 2.485000e+04  5.721632e+02 -3.201292e-02  2.995579e-02 -2.047683e-02 
 2.490000e+04  5.837372e+02 -3.221061e-02  3.012857e-02 -2.060159e-02 
 2.495000e+04  5.953113e+02 -3.240520e-02  3.029859e-02 -2.072444e-02 
 2.500000e+04  6.068854e+02 -3.259685e-02  3.046593e-02 -2.084557e-02 
 2.505000e+04  6.184595e+02 -3.278563e-02  3.063066e-02 -2.096499e-02 
 2.510000e+04  6.300335e+02 -3.297165e-02  3.079287e-02 -2.108271e-02 
 2.515000e+04  6.416076e+02 -3.315511e-02  3.095262e-02 -2.119879e-02 
 2.520000e+04  6.531817e+02 -3.333614e-02  3.111001e-02 -2.131332e-02 
 2.525000e+04  6.647557e+02 -3.351477e-02  3.126510e-02 -2.142634e-02 
 2.530000e+04  6.763298e+02 -3.369100e-02  3.141798e-02 -2.153790e-02 
 2.535000e+04  6.879039e+02 -3.386492e-02  3.156879e-02 -2.164807e-02 
 2.540000e+04  6.994780e+02 -3.403660e-02  3.171758e-02 -2.175691e-02 
 2.545000e+04  7.110520e+02 -3.420606e-02  3.186440e-02 -2.186442e-02 
 2.550000e+04  7.226261e+02 -3.437335e-02  3.200933e-02 -2.197070e-02 
 2.555000e+04  7.342002e+02 -3.453854e-02  3.215248e-02 -2.207575e-02 
 2.560000e+04  7.457743e+02 -3.470165e-02  3.229389e-02 -2.217956e-02 
 2.565000e+04  7.573483e+02 -3.486274e-02  3.243364e-02 -2.228219e-02 
 2.570000e+04  7.689224e+02 -3.502189e-02  3.257176e-02 -2.238369e-02 
 2.575000e+04  7.804965e+02 -3.517910e-02  3.270829e-02 -2.248411e-02 
 2.580000e+04  7.920706e+02 -3.533444e-02  3.284326e-02 -2.258348e-02 
 2.585000e+04  8.036446e+02 -3.548804e-02  3.297671e-02 -2.268181e-02 
 2.590000e+04  8.152187e+02 -3.563995e-02  3.310866e-02 -2.277913e-02 
 2.595000e+04  8.267928e+02 -3.579025e-02  3.323911e-02 -2.287549e-02 
 2.600000e+04  8.383669e+02 -3.593900e-02  3.336814e-02 -2.297090e-02 
 2.605000e+04  8.499409e+02 -3.608624e-02  3.349577e-02 -2.306540e-02 
 2.610000e+04  8.615150e+02 -3.623200e-02  3.362207e-02 -2.315901e-02 
 2.615000e+04  8.730891e+02 -3.637633e-02  3.374701e-02 -2.325175e-02 
 2.620000e+04  8.846632e+02 -3.651927e-02  3.387064e-02 -2.334368e-02 
 2.625000e+04  8.962372e+02 -3.666082e-02  3.399305e-02 -2.343483e-02 
 2.630000e+04  9.078113e+02 -3.680101e-02  3.411429e-02 -2.352519e-02 
 2.635000e+04  9.193854e+02 -3.693989e-02  3.423437e-02 -2.361474e-02 
 2.640000e+04  9.309595e+02 -3.707749e-02  3.435334e-02 -2.370355e-02 
 2.645000e+04  9.425335e+02 -3.721382e-02  3.447122e-02 -2.379163e-02 
 2.650000e+04  9.541076e+02 -3.734884e-02  3.458805e-02 -2.387897e-02 
 2.655000e+04  9.656817e+02 -3.748260e-02  3.470387e-02 -2.396562e-02 
 2.660000e+04  9.772557e+02 -3.761517e-02  3.481872e-02 -2.405159e-02 
 2.665000e+04  9.888298e+02 -3.774658e-02  3.493261e-02 -2.413672e-02 
 2.670000e+04  1.000404e+03 -3.787686e-02  3.504551e-02 -2.422089e-02 
 2.675000e+04  1.011978e+03 -3.800609e-02  3.515682e-02 -2.430468e-02 
 2.680000e+04  1.023552e+03 -3.813403e-02  3.526748e-02 -2.438804e-02 
 2.685000e+04  1.035126e+03 -3.826108e-02  3.537763e-02 -2.447089e-02 
 2.690000e+04  1.046700e+03 -3.838726e-02  3.548703e-02 -2.455309e-02 
 2.695000e+04  1.058274e+03 -3.851256e-02  3.559549e-02 -2.463444e-02 
 2.700000e+04  1.069848e+03 -3.863672e-02  3.570298e-02 -2.471483e-02 
 2.705000e+04  1.081422e+03 -3.875988e-02  3.580915e-02 -2.479490e-02 
 2.710000e+04  1.092996e+03 -3.888180e-02  3.591443e-02 -2.487477e-02 
 2.715000e+04  1.104571e+03 -3.900296e-02  3.601928e-02 -2.495413e-02 
 2.720000e+04  1.116145e+03 -3.912347e-02  3.612366e-02 -2.503290e-02 
 2.725000e+04  1.127719e+03 -3.924273e-02  3.622734e-02 -2.511110e-02 
 2.730000e+04  1.139293e+03 -3.936135e-02  3.633019e-02 -2.518885e-02 
 2.735000e+04  1.150867e+03 -3.947915e-02  3.643230e-02 -2.526628e-02 
 2.740000e+04  1.162441e+03 -3.959604e-02  3.653354e-02 -2.534289e-02 
 2.745000e+04  1.174015e+03 -3.971197e-02  3.663421e-02 -2.541887e-02 
 2.750000e+04  1.185589e+03 -3.982703e-02  3.673385e-02 -2.549415e-02 
 2.755000e+04  1.197163e+03 -3.994127e-02  3.683242e-02 -2.556923e-02 
 2.760000e+04  1.208737e+03 -4.005478e-02  3.693042e-02 -2.564413e-02 
 2.765000e+04  1.220311e+03 -4.016751e-02  3.702798e-02 -2.571896e-02 
 2.770000e+04  1.231885e+03 -4.027986e-02  3.712516e-02 -2.579357e-02 
 2.775000e+04  1.243459e+03 -4.039197e-02  3.722190e-02 -2.586769e-02 
 2.780000e+04  1.255034e+03 -4.050353e-02  3.731806e-02 -2.594086e-02 
 2.785000e+04  1.266608e+03 -4.061393e-02  3.741372e-02 -2.601347e-02 
 2.790000e+04  1.278182e+03 -4.072337e-02  3.750841e-02 -2.608577e-02 
 2.795000e+04  1.289756e+03 -4.083207e-02  3.760214e-02 -2.615788e-02 
 2.800000e+04  1.301330e+03 -4.094033e-02  3.769536e-02 -2.622954e-02 
 2.805000e+04  1.312904e+03 -4.104781e-02  3.778830e-02 -2.630106e-02 
 2.810000e+04  1.324478e+03 -4.115482e-02  3.788071e-02 -2.637224e-02 
 2.815000e+04  1.336052e+03 -4.126127e-02  3.797261e-02 -2.644285e-02 
 2.820000e+04  1.347626e+03 -4.136690e-02  3.806395e-02 -2.651298e-02 
 2.825000e+04  1.359200e+03 -4.147183e-02  3.815470e-02 -2.658262e-02 
 2.830000e+04  1.370774e+03 -4.157600e-02  3.824511e-02 -2.665220e-02 
 2.835000e+04  1.382348e+03 -4.167989e-02  3.833499e-02 -2.672153e-02 
 2.840000e+04  1.393922e+03 -4.178342e-02  3.842455e-02 -2.679052e-02 
 2.845000e+04  1.405496e+03 -4.188662e-02  3.851365e-02 -2.685920e-02 
 2.850000e+04  1.417071e+03 -4.198888e-02  3.860188e-02 -2.692715e-02 
 2.855000e+04  1.428645e+03 -4.209064e-02  3.868899e-02 -2.699484e-02 
 2.860000e+04  1.440219e+03 -4.219212e-02  3.877578e-02 -2.706238e-02 
 2.865000e+04  1.451793e+03 -4.229277e-02  3.886246e-02 -2.712947e-02 
 2.870000e+04  1.463367e+03 -4.239302e-02  3.894886e-02 -2.719638e-02 
 2.875000e+04  1.474941e+03 -4.249282e-02  3.903474e-02 -2.726311e-02 
 2.880000e+04  1.486515e+03 -4.259230e-02  3.912042e-02 -2.732967e-02 
 2.885000e+04  1.498089e+03 -4.269110e-02  3.920591e-02 -2.739603e-02 
 2.890000e+04  1.509663e+03 -4.278909e-02  3.929094e-02 -2.746168e-02 
 2.895000e+04  1.521237e+03 -4.288685e-02  3.937556e-02 -2.752706e-02 
 2.900000e+04  1.532811e+03 -4.298404e-02  3.945944e-02 -2.759214e-02 
 2.905000e+04  1.544385e+03 -4.308108e-02  3.954283e-02 -2.765701e-02 
 2.910000e+04  1.555959e+03 -4.317716e-02  3.962603e-02 -2.772177e-02 
 2.915000e+04  1.567534e+03 -4.327271e-02  3.970905e-02 -2.778625e-02 
 2.920000e+04  1.579108e+03 -4.336764e-02  3.979185e-02 -2.785058e-02 
 2.925000e+04  1.590682e+03 -4.346266e-02  3.987422e-02 -2.791471e-02 
 2.930000e+04  1.602256e+03 -4.355711e-02  3.995608e-02 -2.797846e-02 
 2.935000e+04  1.613830e+03 -4.365120e-02  4.003721e-02 -2.804154e-02 
 2.940000e+04  1.625404e+03 -4.374516e-02  4.011795e-02 -2.810438e-02 
 2.945000e+04  1.636978e+03 -4.383853e-02  4.019849e-02 -2.816711e-02 
 2.950000e+04  1.648552e+03 -4.393146e-02  4.027861e-02 -2.822935e-02 
 2.955000e+04  1.660126e+03 -4.402447e-02  4.035769e-02 -2.829181e-02 
 2.960000e+04  1.671700e+03 -4.411736e-02  4.043649e-02 -2.835445e-02 
 2.965000e+04  1.683274e+03 -4.420889e-02  4.051539e-02 -2.841671e-02 
 2.970000e+04  1.694848e+03 -4.430000e-02  4.059446e-02 -2.847832e-02 
 2.975000e+04  1.706422e+03 -4.439043e-02  4.067308e-02 -2.853977e-02 
 2.980000e+04  1.717996e+03 -4.448086e-02  4.075143e-02 -2.860082e-02 
 2.985000e+04  1.729571e+03 -4.457142e-02  4.082954e-02 -2.866164e-02 
 2.990000e+04  1.741145e+03 -4.466130e-02  4.090753e-02 -2.872249e-02 
 2.995000e+04  1.752719e+03 -4.475096e-02  4.098535e-02 -2.878351e-02 
 3.000000e+04  1.764293e+03 -4.484009e-02  4.106269e-02 -2.884442e-02 
 3.005000e+04  1.775867e+03 -4.492867e-02  4.113957e-02 -2.890501e-02 
 3.010000e+04  1.787441e+03 -4.501663e-02  4.121628e-02 -2.896503e-02 
 3.015000e+04  1.799015e+03 -4.510419e-02  4.129230e-02 -2.902435e-02 
 3.020000e+04  1.810589e+03 -4.519161e-02  4.136807e-02 -2.908344e-02 
 3.025000e+04  1.822163e+03 -4.527885e-02  4.144385e-02 -2.914254e-02 
 3.030000e+04  1.833737e+03 -4.536588e-02  4.151902e-02 -2.920151e-02 
 3.035000e+04  1.845311e+03 -4.545225e-02  4.159353e-02 -2.926021e-02 
 3.040000e+04  1.856885e+03 -4.553899e-02  4.166802e-02 -2.931928e-02 
 3.045000e+04  1.868459e+03 -4.562641e-02  4.174234e-02 -2.937844e-02 
 3.050000e+04  1.880034e+03 -4.571331e-02  4.181660e-02 -2.943714e-02 
 3.055000e+04  1.891608e+03 -4.579989e-02  4.189081e-02 -2.949563e-02 
 3.060000e+04  1.903182e+03 -4.588620e-02  4.196451e-02 -2.955398e-02 
 3.065000e+04  1.914756e+03 -4.597102e-02  4.203786e-02 -2.961159e-02 
 3.070000e+04  1.926330e+03 -4.605597e-02  4.211078e-02 -2.966906e-02 
 3.075000e+04  1.937904e+03 -4.614095e-02  4.218322e-02 -2.972630e-02 
 3.080000e+04  1.949478e+03 -4.622531e-02  4.225551e-02 -2.978359e-02 
 3.085000e+04  1.961052e+03 -4.630912e-02  4.232728e-02 -2.984090e-02 
 3.090000e+04  1.972626e+03 -4.639278e-02  4.239860e-02 -2.989813e-02 
 3.095000e+04  1.984200e+03 -4.647663e-02  4.246982e-02 -2.995515e-02 
 3.100000e+04  1.995774e+03 -4.656044e-02  4.254126e-02 -3.001192e-02 
 3.105000e+04  2.007348e+03 -4.664329e-02  4.261298e-02 -3.006850e-02 
 3.110000e+04  2.018922e+03 -4.672552e-02  4.268513e-02 -3.012479e-02 
 3.115000e+04  2.030496e+03 -4.680699e-02  4.275674e-02 -3.018114e-02 
 3.120000e+04  2.042071e+03 -4.688885e-02  4.282802e-02 -3.023734e-02 
 3.125000e+04  2.053645e+03 -4.697071e-02  4.289906e-02 -3.029325e-02 
 3.130000e+04  2.065219e+03 -4.705259e-02  4.297010e-02 -3.034899e-02 
 3.135000e+04  2.076793e+03 -4.713433e-02  4.304083e-02 -3.040481e-02 
 3.140000e+04  2.088367e+03 -4.721529e-02  4.311094e-02 -3.046033e-02 
 3.145000e+04  2.099941e+03 -4.729574e-02  4.318028e-02 -3.051560e-02 
 3.150000e+04  2.111515e+03 -4.737633e-02  4.324913e-02 -3.057057e-02 
 3.155000e+04  2.123089e+03 -4.745675e-02  4.331801e-02 -3.062565e-02 
 3.160000e+04  2.134663e+03 -4.753646e-02  4.338697e-02 -3.068053e-02 
 3.165000e+04  2.146237e+03 -4.761624e-02  4.345605e-02 -3.073513e-02 
 3.170000e+04  2.157811e+03 -4.769609e-02  4.352543e-02 -3.078994e-02 
 3.175000e+04  2.169385e+03 -4.777589e-02  4.359445e-02 -3.084461e-02 
 3.180000e+04  2.180959e+03 -4.785567e-02  4.366281e-02 -3.089904e-02 
 3.185000e+04  2.192534e+03 -4.793516e-02  4.373108e-02 -3.095344e-02 
 3.190000e+04  2.204108e+03 -4.801464e-02  4.379925e-02 -3.100782e-02 
 3.195000e+04  2.215682e+03 -4.809385e-02  4.386742e-02 -3.106207e-02 
 3.200000e+04  2.227256e+03 -4.817243e-02  4.393552e-02 -3.111615e-02 
 3.205000e+04  2.238830e+03 -4.825023e-02  4.400309e-02 -3.117004e-02 
 3.210000e+04  2.250404e+03 -4.832806e-02  4.406990e-02 -3.122371e-02 
 3.215000e+04  2.261978e+03 -4.840571e-02  4.413644e-02 -3.127691e-02 
 3.220000e+04  2.273552e+03 -4.848280e-02  4.420332e-02 -3.132989e-02 
 3.225000e+04  2.285126e+03 -4.855971e-02  4.427046e-02 -3.138297e-02 
 3.230000e+04  2.296700e+03 -4.863690e-02  4.433787e-02 -3.143620e-02 
 3.235000e+04  2.308274e+03 -4.871393e-02  4.440517e-02 -3.148941e-02 
 3.240000e+04  2.319848e+03 -4.879071e-02  4.447224e-02 -3.154246e-02 
 3.245000e+04  2.331422e+03 -4.886722e-02  4.453877e-02 -3.159547e-02 
 3.250000e+04  2.342996e+03 -4.894360e-02  4.460504e-02 -3.164821e-02 
 3.255000e+04  2.354571e+03 -4.901964e-02  4.467099e-02 -3.170091e-02 
 3.260000e+04  2.366145e+03 -4.909575e-02  4.473676e-02 -3.175334e-02 
 3.265000e+04  2.377719e+03 -4.917171e-02  4.480223e-02 -3.180560e-02 
 3.270000e+04  2.389293e+03 -4.924738e-02  4.486759e-02 -3.185774e-02 
 3.275000e+04  2.400867e+03 -4.932284e-02  4.493268e-02 -3.190960e-02 
 3.280000e+04  2.412441e+03 -4.939789e-02  4.499763e-02 -3.196141e-02 
 3.285000e+04  2.424015e+03 -4.947331e-02  4.506234e-02 -3.201328e-02 
 3.290000e+04  2.435589e+03 -4.954863e-02  4.512724e-02 -3.206516e-02 
 3.295000e+04  2.447163e+03 -4.962358e-02  4.519192e-02 -3.211685e-02 
 3.300000e+04  2.458737e+03 -4.969848e-02  4.525649e-02 -3.216851e-02 
 3.305000e+04  2.470311e+03 -4.977314e-02  4.532123e-02 -3.222016e-02 
 3.310000e+04  2.481885e+03 -4.984753e-02  4.538578e-02 -3.227146e-02 
 3.315000e+04  2.493459e+03 -4.992171e-02  4.545015e-02 -3.232262e-02 
 3.320000e+04  2.505034e+03 -4.999567e-02  4.551468e-02 -3.237375e-02 
 3.325000e+04  2.516608e+03 -5.006929e-02  4.557881e-02 -3.242481e-02 
 3.330000e+04  2.528182e+03 -5.014281e-02  4.564287e-02 -3.247595e-02 
 3.335000e+04  2.539756e+03 -5.021612e-02  4.570681e-02 -3.252703e-02 
 3.340000e+04  2.551330e+03 -5.028923e-02  4.577046e-02 -3.257796e-02 
 3.345000e+04  2.562904e+03 -5.036196e-02  4.583413e-02 -3.262878e-02 
 3.350000e+04  2.574478e+03 -5.043429e-02  4.589786e-02 -3.267926e-02 
 3.355000e+04  2.586052e+03 -5.050692e-02  4.596138e-02 -3.272962e-02 
 3.360000e+04  2.597626e+03 -5.057971e-02  4.602412e-02 -3.277996e-02 
 3.365000e+04  2.609200e+03 -5.065215e-02  4.608613e-02 -3.282993e-02 
 3.370000e+04  2.620774e+03 -5.072408e-02  4.614778e-02 -3.287983e-02 
 3.375000e+04  2.632348e+03 -5.079578e-02  4.620923e-02 -3.292981e-02 
 3.380000e+04  2.643922e+03 -5.086755e-02  4.627092e-02 -3.297978e-02 
 3.385000e+04  2.655496e+03 -5.093955e-02  4.633283e-02 -3.302963e-02 
 3.390000e+04  2.667071e+03 -5.101149e-02  4.639512e-02 -3.307937e-02 
 3.395000e+04  2.678645e+03 -5.108351e-02  4.645751e-02 -3.312920e-02 
 3.400000e+04  2.690219e+03 -5.115545e-02  4.651943e-02 -3.317899e-02 
 3.405000e+04  2.701793e+03 -5.122709e-02  4.658104e-02 -3.322863e-02 
 3.410000e+04  2.713367e+03 -5.129849e-02  4.664194e-02 -3.327803e-02 
 3.415000e+04  2.724941e+03 -5.136939e-02  4.670263e-02 -3.332743e-02 
 3.420000e+04  2.736515e+03 -5.143967e-02  4.676350e-02 -3.337673e-02 
 3.425000e+04  2.748089e+03 -5.150999e-02  4.682441e-02 -3.342596e-02 
 3.430000e+04  2.759663e+03 -5.158017e-02  4.688533e-02 -3.347510e-02 
 3.435000e+04  2.771237e+03 -5.165042e-02  4.694635e-02 -3.352419e-02 
 3.440000e+04  2.782811e+03 -5.172056e-02  4.700743e-02 -3.357288e-02 
 3.445000e+04  2.794385e+03 -5.179026e-02  4.706856e-02 -3.362143e-02 
 3.450000e+04  2.805959e+03 -5.185984e-02  4.712968e-02 -3.367009e-02 
 3.455000e+04  2.817534e+03 -5.192925e-02  4.719068e-02 -3.371893e-02 
 3.460000e+04  2.829108e+03 -5.199868e-02  4.725137e-02 -3.376777e-02 
 3.465000e+04  2.840682e+03 -5.206799e-02  4.731187e-02 -3.381653e-02 
 3.470000e+04  2.852256e+03 -5.213740e-02  4.737233e-02 -3.386516e-02 
 3.475000e+04  2.863830e+03 -5.220685e-02  4.743219e-02 -3.391362e-02 
 3.480000e+04  2.875404e+03 -5.227633e-02  4.749157e-02 -3.396200e-02 
 3.485000e+04  2.886978e+03 -5.234578e-02  4.755091e-02 -3.401015e-02 
 3.490000e+04  2.898552e+03 -5.241472e-02  4.761038e-02 -3.405801e-02 
 3.495000e+04  2.910126e+03 -5.248272e-02  4.766998e-02 -3.410581e-02 
 3.500000e+04  2.921700e+03 -5.255084e-02  4.772934e-02 -3.415359e-02 
 3.505000e+04  2.933274e+03 -5.261949e-02  4.778870e-02 -3.420168e-02 
 3.510000e+04  2.944848e+03 -5.268843e-02  4.784778e-02 -3.424984e-02 
 3.515000e+04  2.956422e+03 -5.275719e-02  4.790679e-02 -3.429787e-02 
 3.520000e+04  2.967996e+03 -5.282554e-02  4.796610e-02 -3.434583e-02 
 3.525000e+04  2.979571e+03 -5.289365e-02  4.802545e-02 -3.439371e-02 
 3.530000e+04  2.991145e+03 -5.296136e-02  4.808468e-02 -3.444120e-02 
 3.535000e+04  3.002719e+03 -5.302898e-02  4.814344e-02 -3.448847e-02 
 3.540000e+04  3.014293e+03 -5.309657e-02  4.820214e-02 -3.453577e-02 
 3.545000e+04  3.025867e+03 -5.316385e-02  4.826104e-02 -3.458296e-02 
 3.550000e+04  3.037441e+03 -5.323071e-02  4.832003e-02 -3.463003e-02 
 3.555000e+04  3.049015e+03 -5.329768e-02  4.837887e-02 -3.467738e-02 
 3.560000e+04  3.060589e+03 -5.336478e-02  4.843754e-02 -3.472479e-02 
 3.565000e+04  3.072163e+03 -5.343170e-02  4.849584e-02 -3.477204e-02 
 3.570000e+04  3.083737e+03 -5.349860e-02  4.855423e-02 -3.481911e-02 
 3.575000e+04  3.095311e+03 -5.356547e-02  4.861274e-02 -3.486612e-02 
 3.580000e+04  3.106885e+03 -5.363219e-02  4.867101e-02 -3.491282e-02 
 3.585000e+04  3.118459e+03 -5.369828e-02  4.872907e-02 -3.495951e-02 
 3.590000e+04  3.130034e+03 -5.376411e-02  4.878700e-02 -3.500618e-02 
 3.595000e+04  3.141608e+03 -5.383010e-02  4.884472e-02 -3.505287e-02 
 3.600000e+04  3.153182e+03 -5.389639e-02  4.890234e-02 -3.509953e-02 
 3.605000e+04  3.164756e+03 -5.396254e-02  4.895998e-02 -3.514616e-02 
 3.610000e+04  3.176330e+03 -5.402870e-02  4.901753e-02 -3.519249e-02 
 3.615000e+04  3.187904e+03 -5.409476e-02  4.907499e-02 -3.523889e-02 
 3.620000e+04  3.199478e+03 -5.416089e-02  4.913236e-02 -3.528511e-02 
 3.625000e+04  3.211052e+03 -5.422681e-02  4.918949e-02 -3.533130e-02 
 3.630000e+04  3.222626e+03 -5.429256e-02  4.924648e-02 -3.537751e-02 
 3.635000e+04  3.234200e+03 -5.435761e-02  4.930258e-02 -3.542370e-02 
 3.640000e+04  3.245774e+03 -5.442259e-02  4.935837e-02 -3.546997e-02 
 3.645000e+04  3.257348e+03 -5.448781e-02  4.941464e-02 -3.551613e-02 
 3.650000e+04  3.268922e+03 -5.455323e-02  4.947123e-02 -3.556196e-02 
 3.655000e+04  3.280496e+03 -5.461869e-02  4.952809e-02 -3.560756e-02 
 3.660000e+04  3.292071e+03 -5.468377e-02  4.958517e-02 -3.565315e-02 
 3.665000e+04  3.303645e+03 -5.474842e-02  4.964236e-02 -3.569886e-02 
 3.670000e+04  3.315219e+03 -5.481296e-02  4.969947e-02 -3.574474e-02 
 3.675000e+04  3.326793e+03 -5.487752e-02  4.975620e-02 -3.579065e-02 
 3.680000e+04  3.338367e+03 -5.494205e-02  4.981213e-02 -3.583644e-02 
 3.685000e+04  3.349941e+03 -5.500636e-02  4.986809e-02 -3.588203e-02 
 3.690000e+04  3.361515e+03 -5.507029e-02  4.992428e-02 -3.592729e-02 
 3.695000e+04  3.373089e+03 -5.513404e-02  4.998057e-02 -3.597250e-02 
 3.700000e+04  3.384663e+03 -5.519773e-02  5.003688e-02 -3.601775e-02 
 3.705000e+04  3.396237e+03 -5.526137e-02  5.009320e-02 -3.606301e-02 
 3.710000e+04  3.407811e+03 -5.532519e-02  5.014959e-02 -3.610824e-02 
 3.715000e+04  3.419385e+03 -5.538908e-02  5.020593e-02 -3.615347e-02 
 3.720000e+04  3.430959e+03 -5.545294e-02  5.026215e-02 -3.619871e-02 
 3.725000e+04  3.442534e+03 -5.551683e-02  5.031810e-02 -3.624389e-02 
 3.730000e+04  3.454108e+03 -5.558076e-02  5.037371e-02 -3.628891e-02 
 3.735000e+04  3.465682e+03 -5.564443e-02  5.042897e-02 -3.633362e-02 
 3.740000e+04  3.477256e+03 -5.570806e-02  5.048359e-02 -3.637817e-02 
 3.745000e+04  3.488830e+03 -5.577175e-02  5.053824e-02 -3.642279e-02 
 3.750000e+04  3.500404e+03 -5.583540e-02  5.059309e-02 -3.646741e-02 
 3.755000e+04  3.511978e+03 -5.589892e-02  5.064757e-02 -3.651198e-02 
 3.760000e+04  3.523552e+03 -5.596229e-02  5.070226e-02 -3.655664e-02 
 3.765000e+04  3.535126e+03 -5.602542e-02  5.075725e-02 -3.660140e-02 
 3.770000e+04  3.546700e+03 -5.608839e-02  5.081230e-02 -3.664603e-02 
 3.775000e+04  3.558274e+03 -5.615136e-02  5.086738e-02 -3.669026e-02 
 3.780000e+04  3.569848e+03 -5.621436e-02  5.092257e-02 -3.673448e-02 
 3.785000e+04  3.581422e+03 -5.627711e-02  5.097783e-02 -3.677881e-02 
 3.790000e+04  3.592996e+03 -5.633947e-02  5.103297e-02 -3.682316e-02 
 3.795000e+04  3.604571e+03 -5.640149e-02  5.108798e-02 -3.686757e-02 
 3.800000e+04  3.616145e+03 -5.646342e-02  5.114300e-02 -3.691202e-02 
 3.805000e+04  3.627719e+03 -5.652539e-02  5.119787e-02 -3.695616e-02 
 3.810000e+04  3.639293e+03 -5.658718e-02  5.125255e-02 -3.700008e-02 
 3.815000e+04  3.650867e+03 -5.664902e-02  5.130740e-02 -3.704375e-02 
 3.820000e+04  3.662441e+03 -5.671078e-02  5.136204e-02 -3.708740e-02 
 3.825000e+04  3.674015e+03 -5.677243e-02  5.141658e-02 -3.713098e-02 
 3.830000e+04  3.685589e+03 -5.683406e-02  5.147088e-02 -3.717468e-02 
 3.835000e+04  3.697163e+03 -5.689570e-02  5.152513e-02 -3.721849e-02 
 3.840000e+04  3.708737e+03 -5.695742e-02  5.157930e-02 -3.726241e-02 
 3.845000e+04  3.720311e+03 -5.701924e-02  5.163331e-02 -3.730613e-02 
 3.850000e+04  3.731885e+03 -5.708123e-02  5.168727e-02 -3.734981e-02 
 3.855000e+04  3.743459e+03 -5.714306e-02  5.174123e-02 -3.739347e-02 
 3.860000e+04  3.755034e+03 -5.720490e-02  5.179501e-02 -3.743694e-02 
 3.865000e+04  3.766608e+03 -5.726664e-02  5.184875e-02 -3.748038e-02 
 3.870000e+04  3.778182e+03 -5.732836e-02  5.190254e-02 -3.752385e-02 
 3.875000e+04  3.789756e+03 -5.739005e-02  5.195618e-02 -3.756735e-02 
 3.880000e+04  3.801330e+03 -5.745155e-02  5.200966e-02 -3.761078e-02 
 3.885000e+04  3.812904e+03 -5.751268e-02  5.206297e-02 -3.765405e-02 
 3.890000e+04  3.824478e+03 -5.757358e-02  5.211628e-02 -3.769725e-02 
 3.895000e+04  3.836052e+03 -5.763445e-02  5.216982e-02 -3.774050e-02 
 3.900000e+04  3.847626e+03 -5.769521e-02  5.222339e-02 -3.778373e-02 
 3.905000e+04  3.859200e+03 -5.775602e-02  5.227699e-02 -3.782694e-02 
 3.910000e+04  3.870774e+03 -5.781684e-02  5.233069e-02 -3.787009e-02 
 3.915000e+04  3.882348e+03 -5.787755e-02  5.238427e-02 -3.791315e-02 
 3.920000e+04  3.893922e+03 -5.793781e-02  5.243737e-02 -3.795598e-02 
 3.925000e+04  3.905496e+03 -5.799804e-02  5.249042e-02 -3.799872e-02 
 3.930000e+04  3.917071e+03 -5.805829e-02  5.254354e-02 -3.804154e-02 
 3.935000e+04  3.928645e+03 -5.811859e-02  5.259661e-02 -3.808417e-02 
 3.940000e+04  3.940219e+03 -5.817883e-02  5.264970e-02 -3.812674e-02 
 3.945000e+04  3.951793e+03 -5.823874e-02  5.270277e-02 -3.816934e-02 
 3.950000e+04  3.963367e+03 -5.829859e-02  5.275585e-02 -3.821200e-02 
 3.955000e+04  3.974941e+03 -5.835843e-02  5.280880e-02 -3.825465e-02 
 3.960000e+04  3.986515e+03 -5.841840e-02  5.286162e-02 -3.829721e-02 
 3.965000e+04  3.998089e+03 -5.847854e-02  5.291438e-02 -3.833978e-02 
 3.970000e+04  4.009663e+03 -5.853859e-02  5.296701e-02 -3.838237e-02 
 3.975000e+04  4.021237e+03 -5.859858e-02  5.301957e-02 -3.842487e-02 
 3.980000e+04  4.032811e+03 -5.865848e-02  5.307213e-02 -3.846726e-02 
 3.985000e+04  4.044385e+03 -5.871841e-02  5.312457e-02 -3.850946e-02 
 3.990000e+04  4.055959e+03 -5.877830e-02  5.317699e-02 -3.855159e-02 
 3.995000e+04  4.067534e+03 -5.883802e-02  5.322946e-02 -3.859387e-02 
 4.000000e+04  4.079108e+03 -5.889756e-02  5.328194e-02 -3.863621e-02 
 4.005000e+04  4.090682e+03 -5.895710e-02  5.333426e-02 -3.867857e-02 
 4.010000e+04  4.102256e+03 -5.901668e-02  5.338595e-02 -3.872092e-02 
 4.015000e+04  4.113830e+03 -5.907628e-02  5.343758e-02 -3.876313e-02 
 4.020000e+04  4.125404e+03 -5.913575e-02  5.348930e-02 -3.880502e-02 
 4.025000e+04  4.136978e+03 -5.919509e-02  5.354126e-02 -3.884681e-02 
 4.030000e+04  4.148552e+03 -5.925434e-02  5.359324e-02 -3.888864e-02 
 4.035000e+04  4.160126e+03 -5.931365e-02  5.364526e-02 -3.893050e-02 
 4.040000e+04  4.171700e+03 -5.937286e-02  5.369694e-02 -3.897248e-02 
 4.045000e+04  4.183274e+03 -5.943196e-02  5.374834e-02 -3.901442e-02 
 4.050000e+04  4.194848e+03 -5.949088e-02  5.379982e-02 -3.905635e-02 
 4.055000e+04  4.206422e+03 -5.954979e-02  5.385144e-02 -3.909824e-02 
 4.060000e+04  4.217996e+03 -5.960869e-02  5.390319e-02 -3.913998e-02 
 4.065000e+04  4.229571e+03 -5.966765e-02  5.395498e-02 -3.918162e-02 
 4.070000e+04  4.241145e+03 -5.972658e-02  5.400671e-02 -3.922321e-02 
 4.075000e+04  4.252719e+03 -5.978503e-02  5.405846e-02 -3.926453e-02 
 4.080000e+04  4.264293e+03 -5.984330e-02  5.411028e-02 -3.930592e-02 
 4.085000e+04  4.275867e+03 -5.990146e-02  5.416210e-02 -3.934751e-02 
 4.090000e+04  4.287441e+03 -5.995944e-02  5.421382e-02 -3.938918e-02 
 4.095000e+04  4.299015e+03 -6.001743e-02  5.426534e-02 -3.943092e-02 
 4.100000e+04  4.310589e+03 -6.007556e-02  5.431687e-02 -3.947251e-02 
 4.105000e+04  4.322163e+03 -6.013368e-02  5.436834e-02 -3.951385e-02 
 4.110000e+04  4.333737e+03 -6.019183e-02  5.441970e-02 -3.955504e-02 
 4.115000e+04  4.345311e+03 -6.025000e-02  5.447090e-02 -3.959619e-02 
 4.120000e+04  4.356885e+03 -6.030781e-02  5.452176e-02 -3.963738e-02 
 4.125000e+04  4.368459e+03 -6.036547e-02  5.457232e-02 -3.967864e-02 
 4.130000e+04  4.380034e+03 -6.042324e-02  5.462273e-02 -3.971988e-02 
 4.135000e+04  4.391608e+03 -6.048122e-02  5.467297e-02 -3.976105e-02 
 4.140000e+04  4.403182e+03 -6.053933e-02  5.472331e-02 -3.980214e-02 
 4.145000e+04  4.414756e+03 -6.059761e-02  5.477381e-02 -3.984323e-02 
 4.150000e+04  4.426330e+03 -6.065593e-02  5.482453e-02 -3.988430e-02 
 4.155000e+04  4.437904e+03 -6.071413e-02  5.487523e-02 -3.992532e-02 
 4.160000e+04  4.449478e+03 -6.077197e-02  5.492585e-02 -3.996630e-02 
 4.165000e+04  4.461052e+03 -6.082924e-02  5.497650e-02 -4.000730e-02 
 4.170000e+04  4.472626e+03 -6.088650e-02  5.502717e-02 -4.004834e-02 
 4.175000e+04  4.484200e+03 -6.094374e-02  5.507782e-02 -4.008935e-02 
 4.180000e+04  4.495774e+03 -6.100102e-02  5.512838e-02 -4.013020e-02 
 4.185000e+04  4.507348e+03 -6.105831e-02  5.517903e-02 -4.017105e-02 
 4.190000e+04  4.518922e+03 -6.111538e-02  5.522986e-02 -4.021174e-02 
 4.195000e+04  4.530496e+03 -6.117240e-02  5.528053e-02 -4.025239e-02 
 4.200000e+04  4.542071e+03 -6.122942e-02  5.533103e-02 -4.029304e-02 
 4.205000e+04  4.553645e+03 -6.128642e-02  5.538154e-02 -4.033379e-02 
 4.210000e+04  4.565219e+03 -6.134336e-02  5.543204e-02 -4.037457e-02 
 4.215000e+04  4.576793e+03 -6.140005e-02  5.548255e-02 -4.041525e-02 
 4.220000e+04  4.588367e+03 -6.145680e-02  5.553291e-02 -4.045592e-02 
 4.225000e+04  4.599941e+03 -6.151377e-02  5.558307e-02 -4.049655e-02 
 4.230000e+04  4.611515e+03 -6.157094e-02  5.563304e-02 -4.053708e-02 
 4.235000e+04  4.623089e+03 -6.162825e-02  5.568291e-02 -4.057757e-02 
 4.240000e+04  4.634663e+03 -6.168558e-02  5.573282e-02 -4.061802e-02 
 4.245000e+04  4.646237e+03 -6.174265e-02  5.578274e-02 -4.065848e-02 
 4.250000e+04  4.657811e+03 -6.179966e-02  5.583266e-02 -4.069896e-02 
 4.255000e+04  4.669385e+03 -6.185669e-02  5.588247e-02 -4.073951e-02 
 4.260000e+04  4.680959e+03 -6.191359e-02  5.593222e-02 -4.078002e-02 
 4.265000e+04  4.692534e+03 -6.196992e-02  5.598190e-02 -4.082052e-02 
 4.270000e+04  4.704108e+03 -6.202620e-02  5.603117e-02 -4.086087e-02 
 4.275000e+04  4.715682e+03 -6.208243e-02  5.608046e-02 -4.090102e-02 
 4.280000e+04  4.727256e+03 -6.213869e-02  5.612989e-02 -4.094108e-02 
 4.285000e+04  4.738830e+03 -6.219495e-02  5.617957e-02 -4.098120e-02 
 4.290000e+04  4.750404e+03 -6.225119e-02  5.622944e-02 -4.102132e-02 
 4.295000e+04  4.761978e+03 -6.230736e-02  5.627939e-02 -4.106148e-02 
 4.300000e+04  4.773552e+03 -6.236338e-02  5.632933e-02 -4.110173e-02 
 4.305000e+04  4.785126e+03 -6.241934e-02  5.637907e-02 -4.114199e-02 
 4.310000e+04  4.796700e+03 -6.247529e-02  5.642868e-02 -4.118215e-02 
 4.315000e+04  4.808274e+03 -6.253121e-02  5.647823e-02 -4.122219e-02 
 4.320000e+04  4.819848e+03 -6.258715e-02  5.652767e-02 -4.126211e-02 
 4.325000e+04  4.831422e+03 -6.264308e-02  5.657684e-02 -4.130190e-02 
 4.330000e+04  4.842996e+03 -6.269907e-02  5.662606e-02 -4.134176e-02 
 4.335000e+04  4.854571e+03 -6.275507e-02  5.667531e-02 -4.138168e-02 
 4.340000e+04  4.866145e+03 -6.281108e-02  5.672452e-02 -4.142154e-02 
 4.345000e+04  4.877719e+03 -6.286714e-02  5.677364e-02 -4.146139e-02 
 4.350000e+04  4.889293e+03 -6.292319e-02  5.682268e-02 -4.150130e-02 
 4.355000e+04  4.900867e+03 -6.297916e-02  5.687164e-02 -4.154111e-02 
 4.360000e+04  4.912441e+03 -6.303506e-02  5.692057e-02 -4.158082e-02 
 4.365000e+04  4.924015e+03 -6.309090e-02  5.696951e-02 -4.162039e-02 
 4.370000e+04  4.935589e+03 -6.314671e-02  5.701833e-02 -4.165998e-02 
 4.375000e+04  4.947163e+03 -6.320240e-02  5.706709e-02 -4.169949e-02 
 4.380000e+04  4.958737e+03 -6.325803e-02  5.711587e-02 -4.173905e-02 
 4.385000e+04  4.970311e+03 -6.331349e-02  5.716473e-02 -4.177866e-02 
 4.390000e+04  4.981885e+03 -6.336872e-02  5.721359e-02 -4.181819e-02 
 4.395000e+04  4.993459e+03 -6.342398e-02  5.726253e-02 -4.185772e-02 
 4.400000e+04  5.005034e+03 -6.347915e-02  5.731156e-02 -4.189729e-02 
 4.405000e+04  5.016608e+03 -6.353425e-02  5.736063e-02 -4.193677e-02 
 4.410000e+04  5.028182e+03 -6.358932e-02  5.740962e-02 -4.197623e-02 
 4.415000e+04  5.039756e+03 -6.364430e-02  5.745854e-02 -4.201563e-02 
 4.420000e+04  5.051330e+03 -6.369925e-02  5.750737e-02 -4.205495e-02 
 4.425000e+04  5.062904e+03 -6.375412e-02  5.755604e-02 -4.209421e-02 
 4.430000e+04  5.074478e+03 -6.380889e-02  5.760470e-02 -4.213336e-02 
 4.435000e+04  5.086052e+03 -6.386378e-02  5.765334e-02 -4.217254e-02 
 4.440000e+04  5.097626e+03 -6.391872e-02  5.770195e-02 -4.221181e-02 
 4.445000e+04  5.109200e+03 -6.397363e-02  5.775038e-02 -4.225088e-02 
 4.450000e+04  5.120774e+03 -6.402852e-02  5.779858e-02 -4.228995e-02 
 4.455000e+04  5.132348e+03 -6.408337e-02  5.784648e-02 -4.232913e-02 
 4.460000e+04  5.143922e+03 -6.413789e-02  5.789430e-02 -4.236827e-02 
 4.465000e+04  5.155496e+03 -6.419243e-02  5.794218e-02 -4.240733e-02 
 4.470000e+04  5.167071e+03 -6.424714e-02  5.799015e-02 -4.244628e-02 
 4.475000e+04  5.178645e+03 -6.430205e-02  5.803788e-02 -4.248517e-02 
 4.480000e+04  5.190219e+03 -6.435695e-02  5.808565e-02 -4.252392e-02 
 4.485000e+04  5.201793e+03 -6.441159e-02  5.813359e-02 -4.256271e-02 
 4.490000e+04  5.213367e+03 -6.446604e-02  5.818169e-02 -4.260157e-02 
 4.495000e+04  5.224941e+03 -6.452041e-02  5.822972e-02 -4.264040e-02 
 4.500000e+04  5.236515e+03 -6.457477e-02  5.827773e-02 -4.267927e-02 
 4.505000e+04  5.248089e+03 -6.462913e-02  5.832578e-02 -4.271825e-02 
 4.510000e+04  5.259663e+03 -6.468340e-02  5.837380e-02 -4.275720e-02 
 4.515000e+04  5.271237e+03 -6.473758e-02  5.842184e-02 -4.279599e-02 
 4.520000e+04  5.282811e+03 -6.479174e-02  5.846992e-02 -4.283466e-02 
