         Step [creep.tim... Z Displace... Z Displace... X Displace... 
------------- ------------- ------------- ------------- ------------- 
 5.250000e+03  1.276223e-07 -4.629353e-03  4.524540e-03 -2.433365e-03 
 5.300000e+03  3.886505e-06 -4.629647e-03  4.524731e-03 -2.433671e-03 
 5.350000e+03  2.535065e-05 -4.631600e-03  4.525691e-03 -2.435334e-03 
 5.400000e+03  6.257502e-05 -4.634152e-03  4.527373e-03 -2.437026e-03 
 5.450000e+03  1.045469e-04 -4.635871e-03  4.529670e-03 -2.438426e-03 
 5.500000e+03  1.498993e-04 -4.638622e-03  4.533261e-03 -2.440706e-03 
 5.550000e+03  1.971789e-04 -4.642788e-03  4.538218e-03 -2.444039e-03 
 5.600000e+03  2.530343e-04 -4.647959e-03  4.544338e-03 -2.447846e-03 
 5.650000e+03  3.209870e-04 -4.653533e-03  4.550627e-03 -2.451810e-03 
 5.700000e+03  3.956378e-04 -4.658361e-03  4.556491e-03 -2.455786e-03 
 5.750000e+03  4.717380e-04 -4.662415e-03  4.560925e-03 -2.459337e-03 
 5.800000e+03  5.478383e-04 -4.666128e-03  4.564508e-03 -2.462533e-03 
 5.850000e+03  6.239385e-04 -4.670534e-03  4.568565e-03 -2.466270e-03 
 5.900000e+03  7.000388e-04 -4.676381e-03  4.573810e-03 -2.470769e-03 
 5.950000e+03  7.819590e-04 -4.683129e-03  4.580521e-03 -2.475834e-03 
 6.000000e+03  8.791954e-04 -4.690386e-03  4.588443e-03 -2.481110e-03 
 6.050000e+03  9.879894e-04 -4.697795e-03  4.596275e-03 -2.486042e-03 
 6.100000e+03  1.104809e-03 -4.705067e-03  4.603440e-03 -2.490759e-03 
 6.150000e+03  1.222866e-03 -4.711816e-03  4.609668e-03 -2.495268e-03 
 6.200000e+03  1.340922e-03 -4.718277e-03  4.615951e-03 -2.500201e-03 
 6.250000e+03  1.460395e-03 -4.725263e-03  4.623232e-03 -2.506083e-03 
 6.300000e+03  1.599437e-03 -4.733976e-03  4.632406e-03 -2.513495e-03 
 6.350000e+03  1.757110e-03 -4.743764e-03  4.642528e-03 -2.521488e-03 
 6.400000e+03  1.927048e-03 -4.753722e-03  4.652412e-03 -2.528947e-03 
 6.450000e+03  2.104262e-03 -4.763404e-03  4.662192e-03 -2.535757e-03 
 6.500000e+03  2.287406e-03 -4.772765e-03  4.672323e-03 -2.542196e-03 
 6.550000e+03  2.470550e-03 -4.781988e-03  4.682691e-03 -2.548718e-03 
 6.600000e+03  2.653695e-03 -4.791483e-03  4.693497e-03 -2.555820e-03 
 6.650000e+03  2.852356e-03 -4.802222e-03  4.705388e-03 -2.564343e-03 
 6.700000e+03  3.081425e-03 -4.814477e-03  4.718219e-03 -2.574256e-03 
 6.750000e+03  3.330876e-03 -4.826711e-03  4.730639e-03 -2.584396e-03 
 6.800000e+03  3.595279e-03 -4.838910e-03  4.742855e-03 -2.594185e-03 
 6.850000e+03  3.865867e-03 -4.851240e-03  4.755243e-03 -2.603377e-03 
 6.900000e+03  4.136454e-03 -4.863686e-03  4.767869e-03 -2.612079e-03 
 6.950000e+03  4.407042e-03 -4.876551e-03  4.780964e-03 -2.620888e-03 
 7.000000e+03  4.680877e-03 -4.889810e-03  4.794740e-03 -2.630201e-03 
 7.050000e+03  4.982879e-03 -4.904066e-03  4.809853e-03 -2.640675e-03 
 7.100000e+03  5.313597e-03 -4.918537e-03  4.825002e-03 -2.651827e-03 
 7.150000e+03  5.676037e-03 -4.933273e-03  4.839976e-03 -2.663529e-03 
 7.200000e+03  6.056781e-03 -4.948324e-03  4.854906e-03 -2.675308e-03 
 7.250000e+03  6.437525e-03 -4.963193e-03  4.869627e-03 -2.686558e-03 
 7.300000e+03  6.818269e-03 -4.978082e-03  4.884565e-03 -2.697552e-03 
 7.350000e+03  7.205866e-03 -4.993585e-03  4.900211e-03 -2.708639e-03 
 7.400000e+03  7.622438e-03 -5.010270e-03  4.917273e-03 -2.720391e-03 
 7.450000e+03  8.047246e-03 -5.026442e-03  4.934089e-03 -2.731988e-03 
 7.500000e+03  8.499464e-03 -5.042281e-03  4.950958e-03 -2.743976e-03 
 7.550000e+03  8.984475e-03 -5.058458e-03  4.968303e-03 -2.756617e-03 
 7.600000e+03  9.470412e-03 -5.074367e-03  4.985145e-03 -2.769112e-03 
 7.650000e+03  9.967525e-03 -5.090534e-03  5.001966e-03 -2.781689e-03 
 7.700000e+03  1.050212e-02 -5.108109e-03  5.019767e-03 -2.794936e-03 
 7.750000e+03  1.108153e-02 -5.127348e-03  5.038795e-03 -2.808858e-03 
 7.800000e+03  1.167219e-02 -5.146399e-03  5.057676e-03 -2.822417e-03 
 7.850000e+03  1.226285e-02 -5.164616e-03  5.075846e-03 -2.835342e-03 
 7.900000e+03  1.286000e-02 -5.182290e-03  5.093812e-03 -2.848162e-03 
 7.950000e+03  1.348020e-02 -5.200139e-03  5.112261e-03 -2.861396e-03 
 8.000000e+03  1.410597e-02 -5.217709e-03  5.130454e-03 -2.874742e-03 
 8.050000e+03  1.479621e-02 -5.236715e-03  5.150045e-03 -2.889338e-03 
 8.100000e+03  1.554144e-02 -5.257083e-03  5.170614e-03 -2.904698e-03 
 8.150000e+03  1.631941e-02 -5.278075e-03  5.191302e-03 -2.919966e-03 
 8.200000e+03  1.711095e-02 -5.298935e-03  5.211525e-03 -2.934689e-03 
 8.250000e+03  1.790249e-02 -5.319327e-03  5.231271e-03 -2.948890e-03 
 8.300000e+03  1.869403e-02 -5.339113e-03  5.250854e-03 -2.962895e-03 
 8.350000e+03  1.948557e-02 -5.358205e-03  5.270201e-03 -2.976861e-03 
 8.400000e+03  2.030834e-02 -5.377330e-03  5.289999e-03 -2.991360e-03 
 8.450000e+03  2.123145e-02 -5.398284e-03  5.311890e-03 -3.007441e-03 
 8.500000e+03  2.219357e-02 -5.419671e-03  5.334067e-03 -3.023651e-03 
 8.550000e+03  2.318263e-02 -5.441157e-03  5.356050e-03 -3.039505e-03 
 8.600000e+03  2.421205e-02 -5.463242e-03  5.378191e-03 -3.055310e-03 
 8.650000e+03  2.527279e-02 -5.485859e-03  5.400472e-03 -3.071184e-03 
 8.700000e+03  2.633353e-02 -5.508044e-03  5.422208e-03 -3.086833e-03 
 8.750000e+03  2.739427e-02 -5.529505e-03  5.443471e-03 -3.102278e-03 
 8.800000e+03  2.848152e-02 -5.550605e-03  5.464893e-03 -3.117988e-03 
 8.850000e+03  2.960644e-02 -5.571806e-03  5.486710e-03 -3.134021e-03 
 8.900000e+03  3.078759e-02 -5.593463e-03  5.509103e-03 -3.150329e-03 
 8.950000e+03  3.205114e-02 -5.616342e-03  5.532515e-03 -3.167156e-03 
 9.000000e+03  3.338689e-02 -5.640418e-03  5.556809e-03 -3.184380e-03 
 9.050000e+03  3.474069e-02 -5.664634e-03  5.580852e-03 -3.201345e-03 
 9.100000e+03  3.609449e-02 -5.688386e-03  5.603927e-03 -3.217901e-03 
 9.150000e+03  3.749568e-02 -5.712430e-03  5.626978e-03 -3.234811e-03 
 9.200000e+03  3.891717e-02 -5.736053e-03  5.649839e-03 -3.251760e-03 
 9.250000e+03  4.033866e-02 -5.758649e-03  5.672282e-03 -3.268404e-03 
 9.300000e+03  4.178197e-02 -5.780849e-03  5.694807e-03 -3.284980e-03 
 9.350000e+03  4.334917e-02 -5.804676e-03  5.719231e-03 -3.302582e-03 
 9.400000e+03  4.498218e-02 -5.829307e-03  5.744478e-03 -3.320319e-03 
 9.450000e+03  4.662938e-02 -5.853781e-03  5.769368e-03 -3.337544e-03 
 9.500000e+03  4.837103e-02 -5.879255e-03  5.794893e-03 -3.355299e-03 
 9.550000e+03  5.018526e-02 -5.905313e-03  5.820509e-03 -3.373530e-03 
 9.600000e+03  5.199948e-02 -5.930621e-03  5.845129e-03 -3.391521e-03 
 9.650000e+03  5.381370e-02 -5.954949e-03  5.869023e-03 -3.409350e-03 
 9.700000e+03  5.562793e-02 -5.978667e-03  5.892699e-03 -3.426915e-03 
 9.750000e+03  5.746210e-02 -6.002237e-03  5.916635e-03 -3.444282e-03 
 9.800000e+03  5.936704e-02 -6.026428e-03  5.941408e-03 -3.461794e-03 
 9.850000e+03  6.137351e-02 -6.051545e-03  5.967112e-03 -3.479587e-03 
 9.900000e+03  6.347369e-02 -6.077586e-03  5.993509e-03 -3.497664e-03 
 9.950000e+03  6.557388e-02 -6.103303e-03  6.019016e-03 -3.515428e-03 
 1.000000e+04  6.768247e-02 -6.128542e-03  6.043518e-03 -3.533105e-03 
 1.005000e+04  6.994942e-02 -6.155023e-03  6.068979e-03 -3.551976e-03 
 1.010000e+04  7.226488e-02 -6.181497e-03  6.094502e-03 -3.571042e-03 
 1.015000e+04  7.458034e-02 -6.207227e-03  6.119744e-03 -3.589666e-03 
 1.020000e+04  7.689580e-02 -6.232411e-03  6.144802e-03 -3.607754e-03 
 1.025000e+04  7.927377e-02 -6.257975e-03  6.170546e-03 -3.625831e-03 
 1.030000e+04  8.170500e-02 -6.283768e-03  6.196829e-03 -3.643834e-03 
 1.035000e+04  8.423592e-02 -6.310105e-03  6.223712e-03 -3.662095e-03 
 1.040000e+04  8.690614e-02 -6.337452e-03  6.251082e-03 -3.681117e-03 
 1.045000e+04  8.958657e-02 -6.364519e-03  6.277484e-03 -3.700116e-03 
 1.050000e+04  9.227237e-02 -6.390945e-03  6.303021e-03 -3.719018e-03 
 1.055000e+04  9.508682e-02 -6.417893e-03  6.329155e-03 -3.738483e-03 
 1.060000e+04  9.790128e-02 -6.444369e-03  6.355118e-03 -3.757468e-03 
 1.065000e+04  1.007157e-01 -6.470554e-03  6.381116e-03 -3.775939e-03 
 1.070000e+04  1.035696e-01 -6.496742e-03  6.407406e-03 -3.794217e-03 
 1.075000e+04  1.066526e-01 -6.524532e-03  6.435646e-03 -3.813454e-03 
 1.080000e+04  1.099107e-01 -6.553396e-03  6.465080e-03 -3.833478e-03 
 1.085000e+04  1.131687e-01 -6.581749e-03  6.493510e-03 -3.853300e-03 
 1.090000e+04  1.164985e-01 -6.610063e-03  6.521269e-03 -3.873382e-03 
 1.095000e+04  1.199195e-01 -6.638689e-03  6.548995e-03 -3.893778e-03 
 1.100000e+04  1.233405e-01 -6.666871e-03  6.576221e-03 -3.913789e-03 
 1.105000e+04  1.267615e-01 -6.694595e-03  6.603218e-03 -3.933271e-03 
 1.110000e+04  1.301825e-01 -6.721936e-03  6.630136e-03 -3.952294e-03 
 1.115000e+04  1.336821e-01 -6.749546e-03  6.657668e-03 -3.971384e-03 
 1.120000e+04  1.372742e-01 -6.777372e-03  6.685762e-03 -3.990575e-03 
 1.125000e+04  1.410593e-01 -6.806100e-03  6.714821e-03 -4.010475e-03 
 1.130000e+04  1.450195e-01 -6.835686e-03  6.744352e-03 -4.031124e-03 
 1.135000e+04  1.490708e-01 -6.865470e-03  6.773578e-03 -4.052103e-03 
 1.140000e+04  1.532290e-01 -6.895515e-03  6.802577e-03 -4.073313e-03 
 1.145000e+04  1.573873e-01 -6.925049e-03  6.831090e-03 -4.094108e-03 
 1.150000e+04  1.615455e-01 -6.954239e-03  6.859427e-03 -4.114396e-03 
 1.155000e+04  1.657037e-01 -6.983056e-03  6.887700e-03 -4.134214e-03 
 1.160000e+04  1.698620e-01 -7.011330e-03  6.915828e-03 -4.153654e-03 
 1.165000e+04  1.743285e-01 -7.041133e-03  6.945822e-03 -4.174249e-03 
 1.170000e+04  1.790047e-01 -7.071803e-03  6.976868e-03 -4.195573e-03 
 1.175000e+04  1.838183e-01 -7.102770e-03  7.007955e-03 -4.217283e-03 
 1.180000e+04  1.887042e-01 -7.133687e-03  7.038418e-03 -4.239050e-03 
 1.185000e+04  1.937586e-01 -7.165344e-03  7.069166e-03 -4.261244e-03 
 1.190000e+04  1.988129e-01 -7.196671e-03  7.099375e-03 -4.282997e-03 
 1.195000e+04  2.038673e-01 -7.227532e-03  7.129256e-03 -4.304203e-03 
 1.200000e+04  2.089216e-01 -7.257942e-03  7.158921e-03 -4.325033e-03 
 1.205000e+04  2.141529e-01 -7.288956e-03  7.189530e-03 -4.346308e-03 
 1.210000e+04  2.194600e-01 -7.319760e-03  7.220343e-03 -4.367586e-03 
 1.215000e+04  2.249475e-01 -7.350977e-03  7.251677e-03 -4.389280e-03 
 1.220000e+04  2.307540e-01 -7.383590e-03  7.284160e-03 -4.411955e-03 
 1.225000e+04  2.368800e-01 -7.417563e-03  7.317572e-03 -4.435607e-03 
 1.230000e+04  2.430236e-01 -7.451139e-03  7.350231e-03 -4.458933e-03 
 1.235000e+04  2.491672e-01 -7.484278e-03  7.382265e-03 -4.481788e-03 
 1.240000e+04  2.553108e-01 -7.517100e-03  7.413930e-03 -4.504204e-03 
 1.245000e+04  2.614544e-01 -7.549463e-03  7.445386e-03 -4.526237e-03 
 1.250000e+04  2.675980e-01 -7.581187e-03  7.476507e-03 -4.547979e-03 
 1.255000e+04  2.739136e-01 -7.613135e-03  7.508215e-03 -4.570073e-03 
 1.260000e+04  2.806160e-01 -7.646493e-03  7.541590e-03 -4.593274e-03 
 1.265000e+04  2.873893e-01 -7.679707e-03  7.574773e-03 -4.616419e-03 
 1.270000e+04  2.943591e-01 -7.713467e-03  7.608044e-03 -4.639810e-03 
 1.275000e+04  3.017555e-01 -7.749005e-03  7.642631e-03 -4.664248e-03 
 1.280000e+04  3.092231e-01 -7.784627e-03  7.676963e-03 -4.688495e-03 
 1.285000e+04  3.166907e-01 -7.819645e-03  7.710659e-03 -4.712298e-03 
 1.290000e+04  3.241583e-01 -7.854020e-03  7.743950e-03 -4.735758e-03 
 1.295000e+04  3.316259e-01 -7.887840e-03  7.777036e-03 -4.758994e-03 
 1.300000e+04  3.390935e-01 -7.921068e-03  7.809876e-03 -4.781987e-03 
 1.305000e+04  3.469699e-01 -7.955470e-03  7.844090e-03 -4.805863e-03 
 1.310000e+04  3.555240e-01 -7.992383e-03  7.880772e-03 -4.831412e-03 
 1.315000e+04  3.641687e-01 -8.029442e-03  7.917317e-03 -4.856817e-03 
 1.320000e+04  3.728133e-01 -8.066043e-03  7.952892e-03 -4.881738e-03 
 1.325000e+04  3.817346e-01 -8.103347e-03  7.988810e-03 -4.907071e-03 
 1.330000e+04  3.908115e-01 -8.140811e-03  8.024878e-03 -4.932542e-03 
 1.335000e+04  3.998884e-01 -8.177616e-03  8.060509e-03 -4.957729e-03 
 1.340000e+04  4.089653e-01 -8.213664e-03  8.095729e-03 -4.982601e-03 
 1.345000e+04  4.181965e-01 -8.249786e-03  8.131290e-03 -5.007522e-03 
 1.350000e+04  4.277273e-01 -8.286649e-03  8.167771e-03 -5.032904e-03 
 1.355000e+04  4.372866e-01 -8.323061e-03  8.203909e-03 -5.057941e-03 
 1.360000e+04  4.475541e-01 -8.361691e-03  8.242056e-03 -5.084369e-03 
 1.365000e+04  4.584505e-01 -8.402479e-03  8.281831e-03 -5.112089e-03 
 1.370000e+04  4.694835e-01 -8.443282e-03  8.321156e-03 -5.139782e-03 
 1.375000e+04  4.805166e-01 -8.483362e-03  8.359643e-03 -5.167047e-03 
 1.380000e+04  4.915496e-01 -8.522801e-03  8.397636e-03 -5.193996e-03 
 1.385000e+04  5.025826e-01 -8.561643e-03  8.435330e-03 -5.220633e-03 
 1.390000e+04  5.136157e-01 -8.599800e-03  8.472772e-03 -5.246861e-03 
 1.395000e+04  5.249604e-01 -8.638465e-03  8.510906e-03 -5.273407e-03 
 1.400000e+04  5.373067e-01 -8.680209e-03  8.552069e-03 -5.301924e-03 
 1.405000e+04  5.500788e-01 -8.722951e-03  8.594016e-03 -5.330998e-03 
 1.410000e+04  5.628509e-01 -8.765123e-03  8.634967e-03 -5.359580e-03 
 1.415000e+04  5.759934e-01 -8.807954e-03  8.676107e-03 -5.388599e-03 
 1.420000e+04  5.894042e-01 -8.851109e-03  8.717381e-03 -5.417907e-03 
 1.425000e+04  6.028149e-01 -8.893556e-03  8.758145e-03 -5.446875e-03 
 1.430000e+04  6.162256e-01 -8.935246e-03  8.798445e-03 -5.475401e-03 
 1.435000e+04  6.298509e-01 -8.977098e-03  8.839175e-03 -5.503972e-03 
 1.440000e+04  6.439321e-01 -9.019782e-03  8.881109e-03 -5.533069e-03 
 1.445000e+04  6.580134e-01 -9.061800e-03  8.922546e-03 -5.561715e-03 
 1.450000e+04  6.726156e-01 -9.104785e-03  8.964697e-03 -5.590970e-03 
 1.455000e+04  6.881254e-01 -9.150049e-03  9.008789e-03 -5.621754e-03 
 1.460000e+04  7.036500e-01 -9.194863e-03  9.052026e-03 -5.652241e-03 
 1.465000e+04  7.191746e-01 -9.238937e-03  9.094326e-03 -5.682235e-03 
 1.470000e+04  7.349475e-01 -9.283131e-03  9.136777e-03 -5.712303e-03 
 1.475000e+04  7.512483e-01 -9.328366e-03  9.180378e-03 -5.743063e-03 
 1.480000e+04  7.675491e-01 -9.372806e-03  9.223496e-03 -5.773308e-03 
 1.485000e+04  7.838989e-01 -9.416626e-03  9.266266e-03 -5.803139e-03 
 1.490000e+04  8.012030e-01 -9.462608e-03  9.311278e-03 -5.834414e-03 
 1.495000e+04  8.191746e-01 -9.509814e-03  9.357479e-03 -5.866479e-03 
 1.500000e+04  8.371463e-01 -9.556328e-03  9.402637e-03 -5.898044e-03 
 1.505000e+04  8.557649e-01 -9.603986e-03  9.448481e-03 -5.930396e-03 
 1.510000e+04  8.746351e-01 -9.651877e-03  9.494262e-03 -5.962827e-03 
 1.515000e+04  8.935053e-01 -9.699004e-03  9.539271e-03 -5.994791e-03 
 1.520000e+04  9.123755e-01 -9.745405e-03  9.583735e-03 -6.026294e-03 
 1.525000e+04  9.314911e-01 -9.791939e-03  9.628537e-03 -6.057761e-03 
 1.530000e+04  9.513048e-01 -9.839489e-03  9.674702e-03 -6.090000e-03 
 1.535000e+04  9.711185e-01 -9.886197e-03  9.720387e-03 -6.121815e-03 
 1.540000e+04  9.918368e-01 -9.934405e-03  9.767502e-03 -6.154628e-03 
 1.545000e+04  1.013681e+00 -9.984850e-03  9.816481e-03 -6.188861e-03 
 1.550000e+04  1.035526e+00 -1.003470e-02  9.864548e-03 -6.222685e-03 
 1.555000e+04  1.057371e+00 -1.008376e-02  9.911671e-03 -6.256000e-03 
 1.560000e+04  1.079652e+00 -1.013334e-02  9.959065e-03 -6.289506e-03 
 1.565000e+04  1.102589e+00 -1.018385e-02  1.000744e-02 -6.323645e-03 
 1.570000e+04  1.125526e+00 -1.023354e-02  1.005530e-02 -6.357376e-03 
 1.575000e+04  1.148463e+00 -1.028245e-02  1.010266e-02 -6.390549e-03 
 1.580000e+04  1.172432e+00 -1.033293e-02  1.015183e-02 -6.424845e-03 
 1.585000e+04  1.196516e+00 -1.038312e-02  1.020071e-02 -6.458957e-03 
 1.590000e+04  1.220768e+00 -1.043301e-02  1.024904e-02 -6.492784e-03 
 1.595000e+04  1.247095e+00 -1.048664e-02  1.030059e-02 -6.529037e-03 
 1.600000e+04  1.274975e+00 -1.054297e-02  1.035441e-02 -6.567127e-03 
 1.605000e+04  1.302855e+00 -1.059849e-02  1.040736e-02 -6.604620e-03 
 1.610000e+04  1.330735e+00 -1.065316e-02  1.045948e-02 -6.641468e-03 
 1.615000e+04  1.358615e+00 -1.070721e-02  1.051117e-02 -6.677891e-03 
 1.620000e+04  1.386495e+00 -1.076050e-02  1.056246e-02 -6.713906e-03 
 1.625000e+04  1.414375e+00 -1.081280e-02  1.061317e-02 -6.749454e-03 
 1.630000e+04  1.443756e+00 -1.086726e-02  1.066606e-02 -6.786488e-03 
 1.635000e+04  1.474493e+00 -1.092383e-02  1.072079e-02 -6.824804e-03 
 1.640000e+04  1.505231e+00 -1.097974e-02  1.077461e-02 -6.862615e-03 
 1.645000e+04  1.536153e+00 -1.103517e-02  1.082768e-02 -6.900073e-03 
 1.650000e+04  1.569202e+00 -1.109385e-02  1.088356e-02 -6.939574e-03 
 1.655000e+04  1.603090e+00 -1.115343e-02  1.094024e-02 -6.979645e-03 
 1.660000e+04  1.636978e+00 -1.121201e-02  1.099624e-02 -7.019213e-03 
 1.665000e+04  1.670867e+00 -1.126965e-02  1.105160e-02 -7.058205e-03 
 1.670000e+04  1.706212e+00 -1.132908e-02  1.110895e-02 -7.098424e-03 
 1.675000e+04  1.741795e+00 -1.138811e-02  1.116602e-02 -7.138438e-03 
 1.680000e+04  1.777591e+00 -1.144666e-02  1.122247e-02 -7.178064e-03 
 1.685000e+04  1.816298e+00 -1.150942e-02  1.128266e-02 -7.220378e-03 
 1.690000e+04  1.855527e+00 -1.157259e-02  1.134280e-02 -7.262807e-03 
 1.695000e+04  1.894757e+00 -1.163482e-02  1.140176e-02 -7.304601e-03 
 1.700000e+04  1.934026e+00 -1.169626e-02  1.145991e-02 -7.345866e-03 
 1.705000e+04  1.975218e+00 -1.175996e-02  1.152031e-02 -7.388647e-03 
 1.710000e+04  2.016409e+00 -1.182270e-02  1.158018e-02 -7.430899e-03 
 1.715000e+04  2.057600e+00 -1.188436e-02  1.163938e-02 -7.472578e-03 
 1.720000e+04  2.101222e+00 -1.194895e-02  1.170143e-02 -7.516174e-03 
 1.725000e+04  2.146635e+00 -1.201549e-02  1.176536e-02 -7.561024e-03 
 1.730000e+04  2.192049e+00 -1.208111e-02  1.182829e-02 -7.605234e-03 
 1.735000e+04  2.238280e+00 -1.214698e-02  1.189110e-02 -7.649576e-03 
 1.740000e+04  2.287823e+00 -1.221696e-02  1.195752e-02 -7.696518e-03 
 1.745000e+04  2.337892e+00 -1.228680e-02  1.202379e-02 -7.743418e-03 
 1.750000e+04  2.387960e+00 -1.235543e-02  1.208903e-02 -7.789603e-03 
 1.755000e+04  2.438028e+00 -1.242307e-02  1.215354e-02 -7.835158e-03 
 1.760000e+04  2.488097e+00 -1.248989e-02  1.221757e-02 -7.880211e-03 
 1.765000e+04  2.538165e+00 -1.255576e-02  1.228085e-02 -7.924666e-03 
 1.770000e+04  2.591416e+00 -1.262493e-02  1.234724e-02 -7.971245e-03 
 1.775000e+04  2.649376e+00 -1.269965e-02  1.241863e-02 -8.021355e-03 
 1.780000e+04  2.707336e+00 -1.277355e-02  1.248876e-02 -8.070868e-03 
 1.785000e+04  2.765296e+00 -1.284634e-02  1.255748e-02 -8.119586e-03 
 1.790000e+04  2.825054e+00 -1.292039e-02  1.262728e-02 -8.169145e-03 
 1.795000e+04  2.885912e+00 -1.299489e-02  1.269763e-02 -8.219014e-03 
 1.800000e+04  2.946770e+00 -1.306824e-02  1.276714e-02 -8.268217e-03 
 1.805000e+04  3.008055e+00 -1.314099e-02  1.283640e-02 -8.317037e-03 
 1.810000e+04  3.073234e+00 -1.321747e-02  1.290936e-02 -8.368320e-03 
 1.815000e+04  3.140330e+00 -1.329528e-02  1.298362e-02 -8.420443e-03 
 1.820000e+04  3.207427e+00 -1.337195e-02  1.305657e-02 -8.471737e-03 
 1.825000e+04  3.279391e+00 -1.345326e-02  1.313336e-02 -8.525982e-03 
 1.830000e+04  3.353364e+00 -1.353593e-02  1.321121e-02 -8.581144e-03 
 1.835000e+04  3.427338e+00 -1.361729e-02  1.328781e-02 -8.635531e-03 
 1.840000e+04  3.501312e+00 -1.369732e-02  1.336328e-02 -8.689045e-03 
 1.845000e+04  3.577949e+00 -1.377913e-02  1.344071e-02 -8.743728e-03 
 1.850000e+04  3.655621e+00 -1.386094e-02  1.351846e-02 -8.798429e-03 
 1.855000e+04  3.733293e+00 -1.394146e-02  1.359517e-02 -8.852281e-03 
 1.860000e+04  3.816663e+00 -1.402683e-02  1.367641e-02 -8.909312e-03 
 1.865000e+04  3.902297e+00 -1.411359e-02  1.375866e-02 -8.967195e-03 
 1.870000e+04  3.987931e+00 -1.419911e-02  1.383938e-02 -9.024239e-03 
 1.875000e+04  4.075020e+00 -1.428482e-02  1.391992e-02 -9.081347e-03 
 1.880000e+04  4.167813e+00 -1.437516e-02  1.400458e-02 -9.141402e-03 
 1.885000e+04  4.262224e+00 -1.446594e-02  1.408966e-02 -9.201609e-03 
 1.890000e+04  4.356636e+00 -1.455511e-02  1.417358e-02 -9.260849e-03 
 1.895000e+04  4.451708e+00 -1.464362e-02  1.425697e-02 -9.319628e-03 
 1.900000e+04  4.550840e+00 -1.473468e-02  1.434292e-02 -9.380154e-03 
 1.905000e+04  4.649971e+00 -1.482436e-02  1.442770e-02 -9.439863e-03 
 1.910000e+04  4.750293e+00 -1.491382e-02  1.451203e-02 -9.499292e-03 
 1.915000e+04  4.859377e+00 -1.501015e-02  1.460240e-02 -9.563103e-03 
 1.920000e+04  4.968670e+00 -1.510529e-02  1.469157e-02 -9.626204e-03 
 1.925000e+04  5.077963e+00 -1.519886e-02  1.477922e-02 -9.688217e-03 
 1.930000e+04  5.189551e+00 -1.529312e-02  1.486744e-02 -9.750497e-03 
 1.935000e+04  5.304309e+00 -1.538878e-02  1.495720e-02 -9.813764e-03 
 1.940000e+04  5.419066e+00 -1.548289e-02  1.504575e-02 -9.876151e-03 
 1.945000e+04  5.536939e+00 -1.557812e-02  1.513534e-02 -9.939244e-03 
 1.950000e+04  5.665610e+00 -1.568083e-02  1.523181e-02 -1.000719e-02 
 1.955000e+04  5.798456e+00 -1.578555e-02  1.532994e-02 -1.007637e-02 
 1.960000e+04  5.931302e+00 -1.588855e-02  1.542626e-02 -1.014435e-02 
 1.965000e+04  6.066806e+00 -1.599208e-02  1.552275e-02 -1.021252e-02 
 1.970000e+04  6.206294e+00 -1.609742e-02  1.562066e-02 -1.028172e-02 
 1.975000e+04  6.345782e+00 -1.620100e-02  1.571709e-02 -1.034986e-02 
 1.980000e+04  6.487098e+00 -1.630424e-02  1.581334e-02 -1.041779e-02 
 1.985000e+04  6.640884e+00 -1.641511e-02  1.591683e-02 -1.049075e-02 
 1.990000e+04  6.794670e+00 -1.652425e-02  1.601878e-02 -1.056261e-02 
 1.995000e+04  6.948456e+00 -1.663162e-02  1.611894e-02 -1.063317e-02 
 2.000000e+04  7.112231e+00 -1.674447e-02  1.622390e-02 -1.070710e-02 
 2.005000e+04  7.281780e+00 -1.685972e-02  1.633092e-02 -1.078256e-02 
 2.010000e+04  7.451329e+00 -1.697299e-02  1.643614e-02 -1.085679e-02 
 2.015000e+04  7.620878e+00 -1.708442e-02  1.653949e-02 -1.092973e-02 
 2.020000e+04  7.796700e+00 -1.719820e-02  1.664509e-02 -1.100428e-02 
 2.025000e+04  7.974727e+00 -1.731170e-02  1.675065e-02 -1.107864e-02 
 2.030000e+04  8.152753e+00 -1.742331e-02  1.685457e-02 -1.115165e-02 
 2.035000e+04  8.343820e+00 -1.754141e-02  1.696441e-02 -1.122880e-02 
 2.040000e+04  8.540094e+00 -1.766110e-02  1.707553e-02 -1.130695e-02 
 2.045000e+04  8.736369e+00 -1.777885e-02  1.718463e-02 -1.138377e-02 
 2.050000e+04  8.934802e+00 -1.789604e-02  1.729291e-02 -1.146004e-02 
 2.055000e+04  9.149752e+00 -1.802133e-02  1.740838e-02 -1.154142e-02 
 2.060000e+04  9.366144e+00 -1.814544e-02  1.752279e-02 -1.162208e-02 
 2.065000e+04  9.582536e+00 -1.826738e-02  1.763516e-02 -1.170127e-02 
 2.070000e+04  9.802391e+00 -1.838939e-02  1.774753e-02 -1.178040e-02 
 2.075000e+04  1.002960e+01 -1.851362e-02  1.786196e-02 -1.186093e-02 
 2.080000e+04  1.025682e+01 -1.863575e-02  1.797455e-02 -1.194007e-02 
 2.085000e+04  1.049557e+01 -1.876212e-02  1.809085e-02 -1.202181e-02 
 2.090000e+04  1.074607e+01 -1.889286e-02  1.821093e-02 -1.210637e-02 
 2.095000e+04  1.099657e+01 -1.902141e-02  1.832891e-02 -1.218949e-02 
 2.100000e+04  1.124707e+01 -1.914774e-02  1.844474e-02 -1.227100e-02 
 2.105000e+04  1.151250e+01 -1.927952e-02  1.856549e-02 -1.235590e-02 
 2.110000e+04  1.178868e+01 -1.941447e-02  1.868925e-02 -1.244289e-02 
 2.115000e+04  1.206486e+01 -1.954698e-02  1.881094e-02 -1.252833e-02 
 2.120000e+04  1.234656e+01 -1.967979e-02  1.893291e-02 -1.261396e-02 
 2.125000e+04  1.264815e+01 -1.981985e-02  1.906141e-02 -1.270415e-02 
 2.130000e+04  1.295263e+01 -1.995895e-02  1.918887e-02 -1.279352e-02 
 2.135000e+04  1.325712e+01 -2.009566e-02  1.931381e-02 -1.288116e-02 
 2.140000e+04  1.359059e+01 -2.024310e-02  1.944809e-02 -1.297554e-02 
 2.145000e+04  1.392629e+01 -2.038901e-02  1.958087e-02 -1.306896e-02 
 2.150000e+04  1.426198e+01 -2.053222e-02  1.971106e-02 -1.316052e-02 
 2.155000e+04  1.460406e+01 -2.067559e-02  1.984125e-02 -1.325196e-02 
 2.160000e+04  1.495654e+01 -2.082094e-02  1.997322e-02 -1.334461e-02 
 2.165000e+04  1.530902e+01 -2.096361e-02  2.010287e-02 -1.343564e-02 
 2.170000e+04  1.567255e+01 -2.110819e-02  2.023407e-02 -1.352771e-02 
 2.175000e+04  1.606116e+01 -2.126042e-02  2.037197e-02 -1.362449e-02 
 2.180000e+04  1.644977e+01 -2.140994e-02  2.050736e-02 -1.371955e-02 
 2.185000e+04  1.683838e+01 -2.155662e-02  2.063996e-02 -1.381260e-02 
 2.190000e+04  1.725226e+01 -2.171006e-02  2.077850e-02 -1.390983e-02 
 2.195000e+04  1.768071e+01 -2.186617e-02  2.091959e-02 -1.400883e-02 
 2.200000e+04  1.810915e+01 -2.201925e-02  2.105807e-02 -1.410587e-02 
 2.205000e+04  1.854935e+01 -2.217354e-02  2.119753e-02 -1.420352e-02 
 2.210000e+04  1.902171e+01 -2.233631e-02  2.134456e-02 -1.430649e-02 
 2.215000e+04  1.949407e+01 -2.249603e-02  2.148874e-02 -1.440745e-02 
 2.220000e+04  1.996690e+01 -2.265278e-02  2.162997e-02 -1.450633e-02 
 2.225000e+04  2.046287e+01 -2.281436e-02  2.177518e-02 -1.460807e-02 
 2.230000e+04  2.095885e+01 -2.297304e-02  2.191756e-02 -1.470791e-02 
 2.235000e+04  2.145482e+01 -2.312868e-02  2.205707e-02 -1.480569e-02 
 2.240000e+04  2.200111e+01 -2.329706e-02  2.220785e-02 -1.491134e-02 
 2.245000e+04  2.254793e+01 -2.346253e-02  2.235597e-02 -1.501518e-02 
 2.250000e+04  2.309474e+01 -2.362466e-02  2.250110e-02 -1.511687e-02 
 2.255000e+04  2.366665e+01 -2.379092e-02  2.264971e-02 -1.522092e-02 
 2.260000e+04  2.426951e+01 -2.396311e-02  2.280338e-02 -1.532854e-02 
 2.265000e+04  2.487237e+01 -2.413194e-02  2.295391e-02 -1.543403e-02 
 2.270000e+04  2.547584e+01 -2.429745e-02  2.310133e-02 -1.553733e-02 
 2.275000e+04  2.612846e+01 -2.447297e-02  2.325745e-02 -1.564677e-02 
 2.280000e+04  2.679312e+01 -2.464830e-02  2.341336e-02 -1.575608e-02 
 2.285000e+04  2.745777e+01 -2.481996e-02  2.356607e-02 -1.586299e-02 
 2.290000e+04  2.815968e+01 -2.499748e-02  2.372387e-02 -1.597340e-02 
 2.295000e+04  2.889246e+01 -2.517922e-02  2.388534e-02 -1.608641e-02 
 2.300000e+04  2.962524e+01 -2.535711e-02  2.404332e-02 -1.619700e-02 
 2.305000e+04  3.037297e+01 -2.553474e-02  2.420080e-02 -1.630725e-02 
 2.310000e+04  3.118086e+01 -2.572295e-02  2.436734e-02 -1.642390e-02 
 2.315000e+04  3.198876e+01 -2.590724e-02  2.453026e-02 -1.653803e-02 
 2.320000e+04  3.279665e+01 -2.608746e-02  2.468938e-02 -1.664950e-02 
 2.325000e+04  3.363120e+01 -2.626957e-02  2.484998e-02 -1.676209e-02 
 2.330000e+04  3.447948e+01 -2.645084e-02  2.500981e-02 -1.687413e-02 
 2.335000e+04  3.534402e+01 -2.663161e-02  2.516916e-02 -1.698575e-02 
 2.340000e+04  3.627925e+01 -2.682335e-02  2.533795e-02 -1.710394e-02 
 2.345000e+04  3.721449e+01 -2.701113e-02  2.550300e-02 -1.721964e-02 
 2.350000e+04  3.814972e+01 -2.719471e-02  2.566411e-02 -1.733267e-02 
 2.355000e+04  3.910927e+01 -2.737878e-02  2.582537e-02 -1.744587e-02 
 2.360000e+04  4.014037e+01 -2.757244e-02  2.599491e-02 -1.756494e-02 
 2.365000e+04  4.117147e+01 -2.776191e-02  2.616076e-02 -1.768143e-02 
 2.370000e+04  4.220463e+01 -2.794746e-02  2.632305e-02 -1.779537e-02 
 2.375000e+04  4.328728e+01 -2.813765e-02  2.648925e-02 -1.791205e-02 
 2.380000e+04  4.436993e+01 -2.832361e-02  2.665173e-02 -1.802613e-02 
 2.385000e+04  4.549372e+01 -2.851222e-02  2.681651e-02 -1.814184e-02 
 2.390000e+04  4.668621e+01 -2.870810e-02  2.698749e-02 -1.826195e-02 
 2.395000e+04  4.787983e+01 -2.889985e-02  2.715469e-02 -1.837950e-02 
 2.400000e+04  4.908420e+01 -2.908881e-02  2.731931e-02 -1.849526e-02 
 2.405000e+04  5.033750e+01 -2.928099e-02  2.748656e-02 -1.861290e-02 
 2.410000e+04  5.164564e+01 -2.947705e-02  2.765702e-02 -1.873287e-02 
 2.415000e+04  5.302741e+01 -2.967968e-02  2.783299e-02 -1.885679e-02 
 2.420000e+04  5.440918e+01 -2.987765e-02  2.800457e-02 -1.897779e-02 
 2.425000e+04  5.579095e+01 -3.007081e-02  2.817175e-02 -1.909583e-02 
 2.430000e+04  5.719759e+01 -3.026265e-02  2.833763e-02 -1.921298e-02 
 2.435000e+04  5.865570e+01 -3.045693e-02  2.850551e-02 -1.933154e-02 
 2.440000e+04  6.017910e+01 -3.065540e-02  2.867692e-02 -1.945263e-02 
 2.445000e+04  6.170250e+01 -3.084934e-02  2.884431e-02 -1.957102e-02 
 2.450000e+04  6.322590e+01 -3.103862e-02  2.900763e-02 -1.968659e-02 
 2.455000e+04  6.480589e+01 -3.123014e-02  2.917285e-02 -1.980354e-02 
 2.460000e+04  6.648544e+01 -3.142912e-02  2.934454e-02 -1.992505e-02 
 2.465000e+04  6.816499e+01 -3.162348e-02  2.951223e-02 -2.004379e-02 
 2.470000e+04  6.984453e+01 -3.181314e-02  2.967575e-02 -2.015965e-02 
 2.475000e+04  7.152408e+01 -3.199819e-02  2.983517e-02 -2.027268e-02 
 2.480000e+04  7.328425e+01 -3.218756e-02  2.999824e-02 -2.038838e-02 
 2.485000e+04  7.506541e+01 -3.237483e-02  3.015943e-02 -2.050276e-02 
 2.490000e+04  7.691711e+01 -3.256527e-02  3.032316e-02 -2.061896e-02 
 2.495000e+04  7.876881e+01 -3.275147e-02  3.048271e-02 -2.073232e-02 
 2.500000e+04  8.062052e+01 -3.293328e-02  3.063804e-02 -2.084310e-02 
 2.505000e+04  8.247222e+01 -3.311072e-02  3.078974e-02 -2.095142e-02 
 2.510000e+04  8.432392e+01 -3.328415e-02  3.093809e-02 -2.105734e-02 
 2.515000e+04  8.618673e+01 -3.345491e-02  3.108412e-02 -2.116160e-02 
 2.520000e+04  8.813102e+01 -3.362956e-02  3.123337e-02 -2.126817e-02 
 2.525000e+04  9.007531e+01 -3.380066e-02  3.137941e-02 -2.137257e-02 
 2.530000e+04  9.201959e+01 -3.396802e-02  3.152224e-02 -2.147481e-02 
 2.535000e+04  9.396388e+01 -3.413168e-02  3.166194e-02 -2.157488e-02 
 2.540000e+04  9.590817e+01 -3.429180e-02  3.179862e-02 -2.167280e-02 
 2.545000e+04  9.785245e+01 -3.444857e-02  3.193243e-02 -2.176869e-02 
 2.550000e+04  9.985701e+01 -3.460698e-02  3.206767e-02 -2.186567e-02 
 2.555000e+04  1.018985e+02 -3.476517e-02  3.220281e-02 -2.196253e-02 
 2.560000e+04  1.039400e+02 -3.492025e-02  3.233504e-02 -2.205747e-02 
 2.565000e+04  1.059815e+02 -3.507231e-02  3.246456e-02 -2.215060e-02 
 2.570000e+04  1.080230e+02 -3.522139e-02  3.259148e-02 -2.224195e-02 
 2.575000e+04  1.100645e+02 -3.536760e-02  3.271592e-02 -2.233152e-02 
 2.580000e+04  1.121060e+02 -3.551114e-02  3.283796e-02 -2.241948e-02 
 2.585000e+04  1.141536e+02 -3.565249e-02  3.295803e-02 -2.250612e-02 
 2.590000e+04  1.162972e+02 -3.579789e-02  3.308150e-02 -2.259530e-02 
 2.595000e+04  1.184408e+02 -3.594079e-02  3.320276e-02 -2.268292e-02 
 2.600000e+04  1.205844e+02 -3.608108e-02  3.332164e-02 -2.276896e-02 
 2.605000e+04  1.227280e+02 -3.621872e-02  3.343825e-02 -2.285343e-02 
 2.610000e+04  1.248715e+02 -3.635386e-02  3.355262e-02 -2.293638e-02 
 2.615000e+04  1.270151e+02 -3.648658e-02  3.366504e-02 -2.301791e-02 
 2.620000e+04  1.291587e+02 -3.661696e-02  3.377554e-02 -2.309808e-02 
 2.625000e+04  1.313023e+02 -3.674513e-02  3.388420e-02 -2.317695e-02 
 2.630000e+04  1.334458e+02 -3.687119e-02  3.399102e-02 -2.325459e-02 
 2.635000e+04  1.356409e+02 -3.699818e-02  3.409871e-02 -2.333283e-02 
 2.640000e+04  1.378916e+02 -3.712632e-02  3.420751e-02 -2.341188e-02 
 2.645000e+04  1.401424e+02 -3.725233e-02  3.431457e-02 -2.348966e-02 
 2.650000e+04  1.423931e+02 -3.737621e-02  3.441974e-02 -2.356618e-02 
 2.655000e+04  1.446439e+02 -3.749800e-02  3.452324e-02 -2.364142e-02 
 2.660000e+04  1.468946e+02 -3.761781e-02  3.462485e-02 -2.371545e-02 
 2.665000e+04  1.491454e+02 -3.773575e-02  3.472469e-02 -2.378831e-02 
 2.670000e+04  1.514502e+02 -3.785479e-02  3.482531e-02 -2.386187e-02 
 2.675000e+04  1.538135e+02 -3.797514e-02  3.492704e-02 -2.393619e-02 
 2.680000e+04  1.561767e+02 -3.809375e-02  3.502707e-02 -2.400933e-02 
 2.685000e+04  1.585400e+02 -3.821053e-02  3.512530e-02 -2.408132e-02 
 2.690000e+04  1.609033e+02 -3.832543e-02  3.522202e-02 -2.415222e-02 
 2.695000e+04  1.632666e+02 -3.843849e-02  3.531729e-02 -2.422202e-02 
 2.700000e+04  1.656299e+02 -3.854975e-02  3.541123e-02 -2.429090e-02 
 2.705000e+04  1.680476e+02 -3.866189e-02  3.550614e-02 -2.436027e-02 
 2.710000e+04  1.705290e+02 -3.877549e-02  3.560225e-02 -2.443055e-02 
 2.715000e+04  1.730105e+02 -3.888740e-02  3.569692e-02 -2.449980e-02 
 2.720000e+04  1.754919e+02 -3.899756e-02  3.579012e-02 -2.456805e-02 
 2.725000e+04  1.780975e+02 -3.911150e-02  3.588661e-02 -2.463876e-02 
 2.730000e+04  1.807030e+02 -3.922382e-02  3.598181e-02 -2.470838e-02 
 2.735000e+04  1.833085e+02 -3.933443e-02  3.607548e-02 -2.477699e-02 
 2.740000e+04  1.859141e+02 -3.944331e-02  3.616760e-02 -2.484461e-02 
 2.745000e+04  1.885196e+02 -3.955062e-02  3.625840e-02 -2.491131e-02 
 2.750000e+04  1.912424e+02 -3.966127e-02  3.635192e-02 -2.498013e-02 
 2.755000e+04  1.939782e+02 -3.977096e-02  3.644456e-02 -2.504832e-02 
 2.760000e+04  1.967140e+02 -3.987913e-02  3.653557e-02 -2.511564e-02 
 2.765000e+04  1.994498e+02 -3.998584e-02  3.662513e-02 -2.518215e-02 
 2.770000e+04  2.021856e+02 -4.009111e-02  3.671333e-02 -2.524790e-02 
 2.775000e+04  2.049214e+02 -4.019505e-02  3.680038e-02 -2.531284e-02 
 2.780000e+04  2.076572e+02 -4.029761e-02  3.688646e-02 -2.537708e-02 
 2.785000e+04  2.104915e+02 -4.040252e-02  3.697464e-02 -2.544285e-02 
 2.790000e+04  2.133641e+02 -4.050766e-02  3.706306e-02 -2.550877e-02 
 2.795000e+04  2.162367e+02 -4.061139e-02  3.715035e-02 -2.557399e-02 
 2.800000e+04  2.191093e+02 -4.071362e-02  3.723659e-02 -2.563847e-02 
 2.805000e+04  2.220078e+02 -4.081535e-02  3.732254e-02 -2.570281e-02 
 2.810000e+04  2.250240e+02 -4.091990e-02  3.741101e-02 -2.576905e-02 
 2.815000e+04  2.280402e+02 -4.102277e-02  3.749836e-02 -2.583413e-02 
 2.820000e+04  2.310564e+02 -4.112415e-02  3.758441e-02 -2.589829e-02 
 2.825000e+04  2.340727e+02 -4.122404e-02  3.766932e-02 -2.596177e-02 
 2.830000e+04  2.370889e+02 -4.132268e-02  3.775326e-02 -2.602474e-02 
 2.835000e+04  2.401051e+02 -4.142025e-02  3.783638e-02 -2.608713e-02 
 2.840000e+04  2.431213e+02 -4.151690e-02  3.791860e-02 -2.614885e-02 
 2.845000e+04  2.461376e+02 -4.161252e-02  3.799988e-02 -2.620997e-02 
 2.850000e+04  2.491538e+02 -4.170699e-02  3.808032e-02 -2.627048e-02 
 2.855000e+04  2.521700e+02 -4.180054e-02  3.815995e-02 -2.633035e-02 
 2.860000e+04  2.551863e+02 -4.189335e-02  3.823871e-02 -2.638954e-02 
 2.865000e+04  2.582025e+02 -4.198546e-02  3.831668e-02 -2.644812e-02 
 2.870000e+04  2.612187e+02 -4.207679e-02  3.839377e-02 -2.650612e-02 
 2.875000e+04  2.642349e+02 -4.216757e-02  3.846997e-02 -2.656358e-02 
 2.880000e+04  2.672512e+02 -4.225774e-02  3.854536e-02 -2.662052e-02 
 2.885000e+04  2.702674e+02 -4.234715e-02  3.862003e-02 -2.667695e-02 
 2.890000e+04  2.732836e+02 -4.243596e-02  3.869393e-02 -2.673283e-02 
 2.895000e+04  2.762998e+02 -4.252429e-02  3.876703e-02 -2.678826e-02 
 2.900000e+04  2.793161e+02 -4.261198e-02  3.883957e-02 -2.684324e-02 
 2.905000e+04  2.823323e+02 -4.269883e-02  3.891161e-02 -2.689772e-02 
 2.910000e+04  2.854662e+02 -4.278825e-02  3.898612e-02 -2.695383e-02 
 2.915000e+04  2.886332e+02 -4.287783e-02  3.906108e-02 -2.701001e-02 
 2.920000e+04  2.918002e+02 -4.296646e-02  3.913545e-02 -2.706558e-02 
 2.925000e+04  2.949958e+02 -4.305498e-02  3.920994e-02 -2.712113e-02 
 2.930000e+04  2.983212e+02 -4.314643e-02  3.928683e-02 -2.717861e-02 
 2.935000e+04  3.016466e+02 -4.323698e-02  3.936315e-02 -2.723551e-02 
 2.940000e+04  3.049720e+02 -4.332667e-02  3.943858e-02 -2.729203e-02 
 2.945000e+04  3.083938e+02 -4.341815e-02  3.951547e-02 -2.734972e-02 
 2.950000e+04  3.118854e+02 -4.351095e-02  3.959335e-02 -2.740803e-02 
 2.955000e+04  3.153771e+02 -4.360264e-02  3.967060e-02 -2.746562e-02 
 2.960000e+04  3.188688e+02 -4.369339e-02  3.974714e-02 -2.752258e-02 
 2.965000e+04  3.224756e+02 -4.378633e-02  3.982549e-02 -2.758104e-02 
 2.970000e+04  3.261419e+02 -4.388014e-02  3.990452e-02 -2.764003e-02 
 2.975000e+04  3.298081e+02 -4.397280e-02  3.998290e-02 -2.769816e-02 
 2.980000e+04  3.334744e+02 -4.406436e-02  4.006066e-02 -2.775561e-02 
 2.985000e+04  3.371516e+02 -4.415534e-02  4.013812e-02 -2.781275e-02 
 2.990000e+04  3.410012e+02 -4.425002e-02  4.021879e-02 -2.787233e-02 
 2.995000e+04  3.448507e+02 -4.434417e-02  4.029908e-02 -2.793185e-02 
 3.000000e+04  3.487003e+02 -4.443741e-02  4.037856e-02 -2.799082e-02 
 3.005000e+04  3.525498e+02 -4.452965e-02  4.045749e-02 -2.804891e-02 
 3.010000e+04  3.563994e+02 -4.462072e-02  4.053600e-02 -2.810628e-02 
 3.015000e+04  3.602489e+02 -4.471083e-02  4.061407e-02 -2.816322e-02 
 3.020000e+04  3.642140e+02 -4.480292e-02  4.069367e-02 -2.822147e-02 
 3.025000e+04  3.683288e+02 -4.489765e-02  4.077544e-02 -2.828142e-02 
 3.030000e+04  3.725729e+02 -4.499425e-02  4.085858e-02 -2.834251e-02 
 3.035000e+04  3.768171e+02 -4.508992e-02  4.094029e-02 -2.840271e-02 
 3.040000e+04  3.810612e+02 -4.518470e-02  4.102074e-02 -2.846242e-02 
 3.045000e+04  3.854836e+02 -4.528259e-02  4.110357e-02 -2.852418e-02 
 3.050000e+04  3.899399e+02 -4.538022e-02  4.118625e-02 -2.858567e-02 
 3.055000e+04  3.944497e+02 -4.547778e-02  4.126911e-02 -2.864709e-02 
 3.060000e+04  3.991289e+02 -4.557778e-02  4.135426e-02 -2.871026e-02 
 3.065000e+04  4.038080e+02 -4.567683e-02  4.143862e-02 -2.877278e-02 
 3.070000e+04  4.084872e+02 -4.577497e-02  4.152214e-02 -2.883479e-02 
 3.075000e+04  4.133676e+02 -4.587645e-02  4.160834e-02 -2.889896e-02 
 3.080000e+04  4.182807e+02 -4.597776e-02  4.169421e-02 -2.896310e-02 
 3.085000e+04  4.231938e+02 -4.607811e-02  4.177919e-02 -2.902699e-02 
 3.090000e+04  4.282052e+02 -4.617946e-02  4.186479e-02 -2.909118e-02 
 3.095000e+04  4.333640e+02 -4.628281e-02  4.195204e-02 -2.915643e-02 
 3.100000e+04  4.385743e+02 -4.638597e-02  4.203929e-02 -2.922168e-02 
 3.105000e+04  4.442402e+02 -4.649655e-02  4.213333e-02 -2.929189e-02 
 3.110000e+04  4.499277e+02 -4.660622e-02  4.222674e-02 -2.936146e-02 
 3.115000e+04  4.556153e+02 -4.671492e-02  4.231862e-02 -2.943021e-02 
 3.120000e+04  4.613028e+02 -4.682265e-02  4.240895e-02 -2.949851e-02 
 3.125000e+04  4.671155e+02 -4.693159e-02  4.250021e-02 -2.956776e-02 
 3.130000e+04  4.730874e+02 -4.704250e-02  4.259338e-02 -2.963836e-02 
 3.135000e+04  4.792206e+02 -4.715534e-02  4.268828e-02 -2.971022e-02 
 3.140000e+04  4.854911e+02 -4.726967e-02  4.278445e-02 -2.978278e-02 
 3.145000e+04  4.919560e+02 -4.738627e-02  4.288247e-02 -2.985689e-02 
 3.150000e+04  4.985401e+02 -4.750354e-02  4.298113e-02 -2.993166e-02 
 3.155000e+04  5.051241e+02 -4.761950e-02  4.307863e-02 -3.000572e-02 
 3.160000e+04  5.118991e+02 -4.773775e-02  4.317757e-02 -3.008128e-02 
 3.165000e+04  5.188123e+02 -4.785739e-02  4.327724e-02 -3.015729e-02 
 3.170000e+04  5.257602e+02 -4.797634e-02  4.337595e-02 -3.023316e-02 
 3.175000e+04  5.330191e+02 -4.809895e-02  4.347807e-02 -3.031187e-02 
 3.180000e+04  5.405611e+02 -4.822459e-02  4.358337e-02 -3.039323e-02 
 3.185000e+04  5.481829e+02 -4.835046e-02  4.368904e-02 -3.047460e-02 
 3.190000e+04  5.558048e+02 -4.847521e-02  4.379352e-02 -3.055508e-02 
 3.195000e+04  5.634266e+02 -4.859859e-02  4.389692e-02 -3.063513e-02 
 3.200000e+04  5.713000e+02 -4.872354e-02  4.400285e-02 -3.071696e-02 
 3.205000e+04  5.793030e+02 -4.884921e-02  4.410965e-02 -3.079946e-02 
 3.210000e+04  5.873059e+02 -4.897430e-02  4.421501e-02 -3.088127e-02 
 3.215000e+04  5.953089e+02 -4.909735e-02  4.431881e-02 -3.096202e-02 
 3.220000e+04  6.035439e+02 -4.922281e-02  4.442422e-02 -3.104450e-02 
 3.225000e+04  6.119470e+02 -4.934994e-02  4.453059e-02 -3.112827e-02 
 3.230000e+04  6.208686e+02 -4.948253e-02  4.464300e-02 -3.121649e-02 
 3.235000e+04  6.301330e+02 -4.961908e-02  4.475919e-02 -3.130732e-02 
 3.240000e+04  6.393974e+02 -4.975500e-02  4.487412e-02 -3.139721e-02 
 3.245000e+04  6.486618e+02 -4.988955e-02  4.498755e-02 -3.148578e-02 
 3.250000e+04  6.579262e+02 -5.002158e-02  4.509961e-02 -3.157343e-02 
 3.255000e+04  6.671906e+02 -5.015147e-02  4.521076e-02 -3.166083e-02 
 3.260000e+04  6.764551e+02 -5.027999e-02  4.532084e-02 -3.174774e-02 
 3.265000e+04  6.857195e+02 -5.040759e-02  4.542961e-02 -3.183384e-02 
 3.270000e+04  6.949839e+02 -5.053426e-02  4.553769e-02 -3.191927e-02 
 3.275000e+04  7.050694e+02 -5.067197e-02  4.565508e-02 -3.201184e-02 
 3.280000e+04  7.160408e+02 -5.082144e-02  4.578204e-02 -3.211190e-02 
 3.285000e+04  7.273017e+02 -5.097437e-02  4.591112e-02 -3.221455e-02 
 3.290000e+04  7.385627e+02 -5.112593e-02  4.603846e-02 -3.231653e-02 
 3.295000e+04  7.498236e+02 -5.127449e-02  4.616397e-02 -3.241704e-02 
 3.300000e+04  7.610846e+02 -5.141949e-02  4.628807e-02 -3.251695e-02 
 3.305000e+04  7.723455e+02 -5.156237e-02  4.641113e-02 -3.261642e-02 
 3.310000e+04  7.836065e+02 -5.170479e-02  4.653299e-02 -3.271484e-02 
 3.315000e+04  7.948674e+02 -5.184746e-02  4.665436e-02 -3.281202e-02 
 3.320000e+04  8.061284e+02 -5.198992e-02  4.677536e-02 -3.290854e-02 
 3.325000e+04  8.173893e+02 -5.213190e-02  4.689439e-02 -3.300419e-02 
 3.330000e+04  8.286503e+02 -5.227314e-02  4.701206e-02 -3.309960e-02 
 3.335000e+04  8.399112e+02 -5.241289e-02  4.712981e-02 -3.319476e-02 
 3.340000e+04  8.511722e+02 -5.255049e-02  4.724745e-02 -3.328836e-02 
 3.345000e+04  8.624331e+02 -5.268642e-02  4.736440e-02 -3.338130e-02 
 3.350000e+04  8.736941e+02 -5.282107e-02  4.748070e-02 -3.347389e-02 
 3.355000e+04  8.849551e+02 -5.295427e-02  4.759791e-02 -3.356512e-02 
 3.360000e+04  8.962160e+02 -5.308741e-02  4.771511e-02 -3.365520e-02 
 3.365000e+04  9.076273e+02 -5.322217e-02  4.783381e-02 -3.374538e-02 
 3.370000e+04  9.192013e+02 -5.335863e-02  4.795353e-02 -3.383612e-02 
 3.375000e+04  9.307754e+02 -5.349415e-02  4.807223e-02 -3.392603e-02 
 3.380000e+04  9.423495e+02 -5.362739e-02  4.818907e-02 -3.401445e-02 
 3.385000e+04  9.539236e+02 -5.375770e-02  4.830348e-02 -3.410099e-02 
 3.390000e+04  9.654976e+02 -5.388566e-02  4.841587e-02 -3.418620e-02 
 3.395000e+04  9.770717e+02 -5.401181e-02  4.852621e-02 -3.427063e-02 
 3.400000e+04  9.886458e+02 -5.413625e-02  4.863506e-02 -3.435481e-02 
 3.405000e+04  1.000220e+03 -5.425881e-02  4.874459e-02 -3.443926e-02 
 3.410000e+04  1.011794e+03 -5.437990e-02  4.885569e-02 -3.452373e-02 
 3.415000e+04  1.014849e+03 -5.441169e-02  4.888547e-02 -3.454588e-02 
 3.420000e+04  1.017164e+03 -5.443514e-02  4.890877e-02 -3.456272e-02 
 3.425000e+04  1.019479e+03 -5.445895e-02  4.893214e-02 -3.457957e-02 
 3.430000e+04  1.021794e+03 -5.448283e-02  4.895502e-02 -3.459636e-02 
 3.435000e+04  1.024109e+03 -5.450690e-02  4.897693e-02 -3.461314e-02 
 3.440000e+04  1.026424e+03 -5.453142e-02  4.899825e-02 -3.463032e-02 
 3.445000e+04  1.028738e+03 -5.455648e-02  4.901937e-02 -3.464837e-02 
 3.450000e+04  1.031053e+03 -5.458251e-02  4.904000e-02 -3.466687e-02 
 3.455000e+04  1.033368e+03 -5.460934e-02  4.906017e-02 -3.468539e-02 
 3.460000e+04  1.035683e+03 -5.463702e-02  4.908025e-02 -3.470343e-02 
 3.465000e+04  1.037998e+03 -5.466527e-02  4.910052e-02 -3.472074e-02 
 3.470000e+04  1.040312e+03 -5.469351e-02  4.912092e-02 -3.473731e-02 
 3.475000e+04  1.042627e+03 -5.472152e-02  4.914123e-02 -3.475362e-02 
 3.480000e+04  1.044942e+03 -5.474928e-02  4.916146e-02 -3.477014e-02 
 3.485000e+04  1.047257e+03 -5.477692e-02  4.918161e-02 -3.478723e-02 
 3.490000e+04  1.049572e+03 -5.480413e-02  4.920150e-02 -3.480478e-02 
 3.495000e+04  1.051887e+03 -5.483080e-02  4.922122e-02 -3.482256e-02 
 3.500000e+04  1.054201e+03 -5.485706e-02  4.924114e-02 -3.484014e-02 
 3.505000e+04  1.056516e+03 -5.488285e-02  4.926144e-02 -3.485727e-02 
 3.510000e+04  1.058831e+03 -5.490802e-02  4.928205e-02 -3.487390e-02 
 3.515000e+04  1.061146e+03 -5.493267e-02  4.930319e-02 -3.489032e-02 
 3.520000e+04  1.063461e+03 -5.495686e-02  4.932495e-02 -3.490680e-02 
 3.525000e+04  1.065775e+03 -5.498058e-02  4.934752e-02 -3.492346e-02 
 3.530000e+04  1.068090e+03 -5.500402e-02  4.937066e-02 -3.494026e-02 
 3.535000e+04  1.070405e+03 -5.502747e-02  4.939392e-02 -3.495720e-02 
 3.540000e+04  1.072720e+03 -5.505098e-02  4.941667e-02 -3.497420e-02 
 3.545000e+04  1.075035e+03 -5.507474e-02  4.943866e-02 -3.499115e-02 
 3.550000e+04  1.077349e+03 -5.509864e-02  4.946006e-02 -3.500803e-02 
 3.555000e+04  1.079664e+03 -5.512274e-02  4.948117e-02 -3.502472e-02 
 3.560000e+04  1.081979e+03 -5.514715e-02  4.950219e-02 -3.504127e-02 
 3.565000e+04  1.084294e+03 -5.517198e-02  4.952314e-02 -3.505779e-02 
 3.570000e+04  1.086759e+03 -5.519889e-02  4.954536e-02 -3.507540e-02 
 3.575000e+04  1.089390e+03 -5.522783e-02  4.956906e-02 -3.509433e-02 
 3.580000e+04  1.092164e+03 -5.525828e-02  4.959373e-02 -3.511435e-02 
 3.585000e+04  1.095186e+03 -5.529128e-02  4.962029e-02 -3.513621e-02 
 3.590000e+04  1.098437e+03 -5.532675e-02  4.964866e-02 -3.515975e-02 
 3.595000e+04  1.101847e+03 -5.536399e-02  4.967830e-02 -3.518437e-02 
 3.600000e+04  1.105267e+03 -5.540134e-02  4.970805e-02 -3.520884e-02 
 3.605000e+04  1.108821e+03 -5.543987e-02  4.973913e-02 -3.523417e-02 
 3.610000e+04  1.112412e+03 -5.547846e-02  4.977083e-02 -3.525985e-02 
 3.615000e+04  1.116035e+03 -5.551682e-02  4.980324e-02 -3.528582e-02 
 3.620000e+04  1.119916e+03 -5.555733e-02  4.983831e-02 -3.531366e-02 
 3.625000e+04  1.124156e+03 -5.560129e-02  4.987698e-02 -3.534410e-02 
 3.630000e+04  1.128521e+03 -5.564621e-02  4.991716e-02 -3.537531e-02 
 3.635000e+04  1.132947e+03 -5.569154e-02  4.995782e-02 -3.540673e-02 
 3.640000e+04  1.137723e+03 -5.574042e-02  5.000160e-02 -3.544048e-02 
 3.645000e+04  1.142535e+03 -5.578945e-02  5.004541e-02 -3.547436e-02 
 3.650000e+04  1.147347e+03 -5.583847e-02  5.008860e-02 -3.550820e-02 
 3.655000e+04  1.152160e+03 -5.588761e-02  5.013152e-02 -3.554214e-02 
 3.660000e+04  1.157087e+03 -5.593792e-02  5.017552e-02 -3.557705e-02 
 3.665000e+04  1.162140e+03 -5.598948e-02  5.022054e-02 -3.561277e-02 
 3.670000e+04  1.167372e+03 -5.604299e-02  5.026675e-02 -3.564964e-02 
 3.675000e+04  1.173021e+03 -5.610106e-02  5.031644e-02 -3.568936e-02 
 3.680000e+04  1.179034e+03 -5.616323e-02  5.036906e-02 -3.573136e-02 
 3.685000e+04  1.185176e+03 -5.622706e-02  5.042225e-02 -3.577416e-02 
 3.690000e+04  1.191685e+03 -5.629488e-02  5.047788e-02 -3.581945e-02 
 3.695000e+04  1.198727e+03 -5.636826e-02  5.053793e-02 -3.586840e-02 
 3.700000e+04  1.206193e+03 -5.644555e-02  5.060171e-02 -3.592021e-02 
 3.705000e+04  1.213658e+03 -5.652227e-02  5.066560e-02 -3.597181e-02 
 3.710000e+04  1.221288e+03 -5.660010e-02  5.073060e-02 -3.602436e-02 
 3.715000e+04  1.229127e+03 -5.667955e-02  5.079760e-02 -3.607800e-02 
 3.720000e+04  1.237358e+03 -5.676253e-02  5.086829e-02 -3.613414e-02 
 3.725000e+04  1.245761e+03 -5.684668e-02  5.094093e-02 -3.619133e-02 
 3.730000e+04  1.254732e+03 -5.693584e-02  5.101898e-02 -3.625216e-02 
 3.735000e+04  1.263806e+03 -5.702559e-02  5.109826e-02 -3.631361e-02 
 3.740000e+04  1.272880e+03 -5.711557e-02  5.117753e-02 -3.637482e-02 
 3.745000e+04  1.282282e+03 -5.720888e-02  5.125918e-02 -3.643817e-02 
 3.750000e+04  1.291810e+03 -5.730345e-02  5.134181e-02 -3.650240e-02 
 3.755000e+04  1.301528e+03 -5.739962e-02  5.142594e-02 -3.656783e-02 
 3.760000e+04  1.312003e+03 -5.750252e-02  5.151611e-02 -3.663785e-02 
 3.765000e+04  1.322508e+03 -5.760537e-02  5.160646e-02 -3.670768e-02 
 3.770000e+04  1.333908e+03 -5.771643e-02  5.170389e-02 -3.678288e-02 
 3.775000e+04  1.345482e+03 -5.782919e-02  5.180178e-02 -3.685877e-02 
 3.780000e+04  1.357056e+03 -5.794201e-02  5.189872e-02 -3.693420e-02 
 3.785000e+04  1.368630e+03 -5.805453e-02  5.199491e-02 -3.700939e-02 
 3.790000e+04  1.380204e+03 -5.816685e-02  5.208996e-02 -3.708395e-02 
 3.795000e+04  1.391778e+03 -5.827852e-02  5.218473e-02 -3.715800e-02 
 3.800000e+04  1.403352e+03 -5.838981e-02  5.227959e-02 -3.723189e-02 
 3.805000e+04  1.414927e+03 -5.850062e-02  5.237456e-02 -3.730567e-02 
 3.810000e+04  1.426501e+03 -5.861062e-02  5.246951e-02 -3.737924e-02 
 3.815000e+04  1.438075e+03 -5.872019e-02  5.256432e-02 -3.745278e-02 
 3.820000e+04  1.449649e+03 -5.882911e-02  5.265952e-02 -3.752610e-02 
 3.825000e+04  1.461223e+03 -5.893764e-02  5.275508e-02 -3.759882e-02 
 3.830000e+04  1.472797e+03 -5.904548e-02  5.285081e-02 -3.767101e-02 
 3.835000e+04  1.484371e+03 -5.915224e-02  5.294649e-02 -3.774286e-02 
 3.840000e+04  1.495945e+03 -5.925807e-02  5.304136e-02 -3.781478e-02 
 3.845000e+04  1.507519e+03 -5.936283e-02  5.313492e-02 -3.788666e-02 
 3.850000e+04  1.519093e+03 -5.946736e-02  5.322755e-02 -3.795842e-02 
 3.855000e+04  1.530667e+03 -5.957160e-02  5.331969e-02 -3.802975e-02 
 3.860000e+04  1.542241e+03 -5.967526e-02  5.341203e-02 -3.810071e-02 
 3.865000e+04  1.553815e+03 -5.977867e-02  5.350425e-02 -3.817121e-02 
 3.870000e+04  1.565390e+03 -5.988188e-02  5.359599e-02 -3.824156e-02 
 3.875000e+04  1.576964e+03 -5.998481e-02  5.368713e-02 -3.831185e-02 
 3.880000e+04  1.588538e+03 -6.008766e-02  5.377730e-02 -3.838214e-02 
 3.885000e+04  1.600112e+03 -6.019048e-02  5.386690e-02 -3.845224e-02 
 3.890000e+04  1.611686e+03 -6.029245e-02  5.395608e-02 -3.852219e-02 
 3.895000e+04  1.623260e+03 -6.039428e-02  5.404386e-02 -3.859200e-02 
 3.900000e+04  1.634834e+03 -6.049592e-02  5.412970e-02 -3.866198e-02 
 3.905000e+04  1.646408e+03 -6.059807e-02  5.421475e-02 -3.873183e-02 
 3.910000e+04  1.657982e+03 -6.070075e-02  5.430018e-02 -3.880140e-02 
 3.915000e+04  1.669556e+03 -6.080386e-02  5.438598e-02 -3.887082e-02 
 3.920000e+04  1.681130e+03 -6.090730e-02  5.447220e-02 -3.894000e-02 
 3.925000e+04  1.692704e+03 -6.101064e-02  5.455919e-02 -3.900919e-02 
 3.930000e+04  1.704278e+03 -6.111372e-02  5.464673e-02 -3.907868e-02 
 3.935000e+04  1.715852e+03 -6.121626e-02  5.473437e-02 -3.914831e-02 
 3.940000e+04  1.727427e+03 -6.131822e-02  5.482171e-02 -3.921842e-02 
 3.945000e+04  1.739001e+03 -6.141967e-02  5.490835e-02 -3.928896e-02 
 3.950000e+04  1.750575e+03 -6.152037e-02  5.499453e-02 -3.935937e-02 
 3.955000e+04  1.762149e+03 -6.162067e-02  5.508041e-02 -3.942999e-02 
 3.960000e+04  1.773723e+03 -6.172062e-02  5.516562e-02 -3.950058e-02 
 3.965000e+04  1.785297e+03 -6.182004e-02  5.525086e-02 -3.957094e-02 
 3.970000e+04  1.796871e+03 -6.191932e-02  5.533614e-02 -3.964106e-02 
 3.975000e+04  1.808445e+03 -6.201834e-02  5.542129e-02 -3.971068e-02 
 3.980000e+04  1.820019e+03 -6.211692e-02  5.550644e-02 -3.978014e-02 
 3.985000e+04  1.831593e+03 -6.221442e-02  5.559140e-02 -3.984950e-02 
 3.990000e+04  1.843167e+03 -6.231189e-02  5.567597e-02 -3.991879e-02 
 3.995000e+04  1.854741e+03 -6.240942e-02  5.576035e-02 -3.998794e-02 
 4.000000e+04  1.866315e+03 -6.250739e-02  5.584434e-02 -4.005664e-02 
 4.005000e+04  1.877890e+03 -6.260574e-02  5.592729e-02 -4.012501e-02 
 4.010000e+04  1.889464e+03 -6.270436e-02  5.600962e-02 -4.019316e-02 
 4.015000e+04  1.901038e+03 -6.280310e-02  5.609156e-02 -4.026109e-02 
 4.020000e+04  1.912612e+03 -6.290184e-02  5.617386e-02 -4.032889e-02 
 4.025000e+04  1.924186e+03 -6.300066e-02  5.625616e-02 -4.039631e-02 
 4.030000e+04  1.935760e+03 -6.309921e-02  5.633908e-02 -4.046356e-02 
 4.035000e+04  1.947334e+03 -6.319723e-02  5.642269e-02 -4.053056e-02 
 4.040000e+04  1.958908e+03 -6.329494e-02  5.650665e-02 -4.059720e-02 
 4.045000e+04  1.970482e+03 -6.339245e-02  5.659079e-02 -4.066365e-02 
 4.050000e+04  1.982056e+03 -6.348963e-02  5.667498e-02 -4.073001e-02 
 4.055000e+04  1.993630e+03 -6.358561e-02  5.675883e-02 -4.079640e-02 
 4.060000e+04  2.005204e+03 -6.368040e-02  5.684253e-02 -4.086249e-02 
 4.065000e+04  2.016778e+03 -6.377445e-02  5.692627e-02 -4.092831e-02 
 4.070000e+04  2.028352e+03 -6.386865e-02  5.701005e-02 -4.099365e-02 
 4.075000e+04  2.039927e+03 -6.396256e-02  5.709412e-02 -4.105866e-02 
 4.080000e+04  2.051501e+03 -6.405621e-02  5.717824e-02 -4.112369e-02 
 4.085000e+04  2.063075e+03 -6.414914e-02  5.726270e-02 -4.118892e-02 
 4.090000e+04  2.074649e+03 -6.424138e-02  5.734759e-02 -4.125415e-02 
 4.095000e+04  2.086223e+03 -6.433345e-02  5.743285e-02 -4.131835e-02 
 4.100000e+04  2.097797e+03 -6.442563e-02  5.751617e-02 -4.138261e-02 
 4.105000e+04  2.109371e+03 -6.451746e-02  5.759799e-02 -4.144652e-02 
 4.110000e+04  2.120945e+03 -6.460780e-02  5.768005e-02 -4.150995e-02 
 4.115000e+04  2.132519e+03 -6.469802e-02  5.776308e-02 -4.157399e-02 
 4.120000e+04  2.144093e+03 -6.478901e-02  5.784686e-02 -4.163828e-02 
 4.125000e+04  2.155667e+03 -6.488038e-02  5.793086e-02 -4.170237e-02 
 4.130000e+04  2.167241e+03 -6.497194e-02  5.801434e-02 -4.176605e-02 
 4.135000e+04  2.178815e+03 -6.506328e-02  5.809719e-02 -4.182972e-02 
 4.140000e+04  2.190390e+03 -6.515392e-02  5.817926e-02 -4.189336e-02 
 4.145000e+04  2.201964e+03 -6.524378e-02  5.825989e-02 -4.195678e-02 
 4.150000e+04  2.213538e+03 -6.533250e-02  5.833858e-02 -4.202028e-02 
 4.155000e+04  2.225112e+03 -6.542121e-02  5.841590e-02 -4.208366e-02 
 4.160000e+04  2.236686e+03 -6.551027e-02  5.849276e-02 -4.214665e-02 
 4.165000e+04  2.248260e+03 -6.559974e-02  5.856993e-02 -4.220916e-02 
 4.170000e+04  2.259834e+03 -6.568921e-02  5.864761e-02 -4.227145e-02 
 4.175000e+04  2.271408e+03 -6.577862e-02  5.872581e-02 -4.233368e-02 
 4.180000e+04  2.282982e+03 -6.586794e-02  5.880430e-02 -4.239597e-02 
 4.185000e+04  2.294556e+03 -6.595705e-02  5.888238e-02 -4.245851e-02 
 4.190000e+04  2.306130e+03 -6.604589e-02  5.895975e-02 -4.252111e-02 
 4.195000e+04  2.317704e+03 -6.613467e-02  5.903637e-02 -4.258385e-02 
 4.200000e+04  2.329278e+03 -6.622357e-02  5.911277e-02 -4.264661e-02 
 4.205000e+04  2.340852e+03 -6.631250e-02  5.918897e-02 -4.270921e-02 
 4.210000e+04  2.352427e+03 -6.640125e-02  5.926498e-02 -4.277148e-02 
 4.215000e+04  2.364001e+03 -6.648994e-02  5.934113e-02 -4.283375e-02 
 4.220000e+04  2.375575e+03 -6.657873e-02  5.941732e-02 -4.289606e-02 
 4.225000e+04  2.387149e+03 -6.666743e-02  5.949365e-02 -4.295823e-02 
 4.230000e+04  2.398723e+03 -6.675543e-02  5.957017e-02 -4.302039e-02 
 4.235000e+04  2.410297e+03 -6.684240e-02  5.964694e-02 -4.308252e-02 
 4.240000e+04  2.421871e+03 -6.692919e-02  5.972359e-02 -4.314488e-02 
 4.245000e+04  2.433445e+03 -6.701607e-02  5.980003e-02 -4.320746e-02 
 4.250000e+04  2.445019e+03 -6.710345e-02  5.987607e-02 -4.327013e-02 
 4.255000e+04  2.456593e+03 -6.719124e-02  5.995184e-02 -4.333275e-02 
 4.260000e+04  2.468167e+03 -6.727931e-02  6.002749e-02 -4.339471e-02 
 4.265000e+04  2.479741e+03 -6.736654e-02  6.010316e-02 -4.345411e-02 
 4.270000e+04  2.491315e+03 -6.744995e-02  6.017863e-02 -4.351381e-02 
 4.275000e+04  2.502890e+03 -6.753374e-02  6.025420e-02 -4.357423e-02 
 4.280000e+04  2.514464e+03 -6.761900e-02  6.032971e-02 -4.363606e-02 
 4.285000e+04  2.526038e+03 -6.770606e-02  6.040512e-02 -4.369957e-02 
 4.290000e+04  2.537612e+03 -6.779426e-02  6.048015e-02 -4.376334e-02 
 4.295000e+04  2.549186e+03 -6.788098e-02  6.055524e-02 -4.382534e-02 
 4.300000e+04  2.555390e+03 -6.792615e-02  6.059581e-02 -4.385720e-02 
 4.305000e+04  2.557704e+03 -6.794133e-02  6.061169e-02 -4.386805e-02 
 4.310000e+04  2.559352e+03 -6.795230e-02  6.062342e-02 -4.387564e-02 
 4.315000e+04  2.559815e+03 -6.795602e-02  6.062692e-02 -4.387797e-02 
 4.320000e+04  2.560278e+03 -6.795990e-02  6.063053e-02 -4.388093e-02 
 4.325000e+04  2.560741e+03 -6.796301e-02  6.063396e-02 -4.388395e-02 
 4.330000e+04  2.561204e+03 -6.796565e-02  6.063585e-02 -4.388619e-02 
 4.335000e+04  2.561667e+03 -6.796876e-02  6.063746e-02 -4.388811e-02 
 4.340000e+04  2.562130e+03 -6.797264e-02  6.063974e-02 -4.389062e-02 
 4.345000e+04  2.562593e+03 -6.797684e-02  6.064307e-02 -4.389329e-02 
 4.350000e+04  2.563056e+03 -6.798093e-02  6.064643e-02 -4.389583e-02 
 4.355000e+04  2.563519e+03 -6.798484e-02  6.064944e-02 -4.389845e-02 
 4.360000e+04  2.563982e+03 -6.798879e-02  6.065184e-02 -4.390083e-02 
 4.365000e+04  2.564445e+03 -6.799263e-02  6.065360e-02 -4.390299e-02 
 4.370000e+04  2.564908e+03 -6.799640e-02  6.065583e-02 -4.390531e-02 
 4.375000e+04  2.565371e+03 -6.800023e-02  6.065880e-02 -4.390805e-02 
 4.380000e+04  2.565834e+03 -6.800430e-02  6.066193e-02 -4.391086e-02 
 4.385000e+04  2.566297e+03 -6.800818e-02  6.066461e-02 -4.391347e-02 
 4.390000e+04  2.566760e+03 -6.801207e-02  6.066698e-02 -4.391592e-02 
 4.395000e+04  2.567223e+03 -6.801591e-02  6.066930e-02 -4.391823e-02 
 4.400000e+04  2.567686e+03 -6.801952e-02  6.067191e-02 -4.392044e-02 
 4.405000e+04  2.568149e+03 -6.802309e-02  6.067487e-02 -4.392293e-02 
 4.410000e+04  2.568612e+03 -6.802674e-02  6.067811e-02 -4.392570e-02 
 4.415000e+04  2.569075e+03 -6.803065e-02  6.068113e-02 -4.392841e-02 
 4.420000e+04  2.569538e+03 -6.803442e-02  6.068366e-02 -4.393091e-02 
 4.425000e+04  2.570001e+03 -6.803822e-02  6.068619e-02 -4.393326e-02 
 4.430000e+04  2.570464e+03 -6.804183e-02  6.068885e-02 -4.393562e-02 
 4.435000e+04  2.570927e+03 -6.804561e-02  6.069172e-02 -4.393809e-02 
 4.440000e+04  2.571390e+03 -6.804943e-02  6.069471e-02 -4.394067e-02 
 4.445000e+04  2.571852e+03 -6.805337e-02  6.069766e-02 -4.394328e-02 
 4.450000e+04  2.572315e+03 -6.805711e-02  6.070047e-02 -4.394583e-02 
 4.455000e+04  2.572778e+03 -6.806060e-02  6.070314e-02 -4.394833e-02 
 4.460000e+04  2.573241e+03 -6.806413e-02  6.070580e-02 -4.395081e-02 
 4.465000e+04  2.573704e+03 -6.806784e-02  6.070866e-02 -4.395334e-02 
 4.470000e+04  2.574167e+03 -6.807153e-02  6.071160e-02 -4.395591e-02 
 4.475000e+04  2.574630e+03 -6.807531e-02  6.071463e-02 -4.395846e-02 
 4.480000e+04  2.575093e+03 -6.807909e-02  6.071765e-02 -4.396095e-02 
 4.485000e+04  2.575556e+03 -6.808287e-02  6.072051e-02 -4.396337e-02 
 4.490000e+04  2.576019e+03 -6.808653e-02  6.072324e-02 -4.396577e-02 
 4.495000e+04  2.576482e+03 -6.809010e-02  6.072603e-02 -4.396824e-02 
 4.500000e+04  2.576945e+03 -6.809375e-02  6.072895e-02 -4.397080e-02 
 4.505000e+04  2.577408e+03 -6.809737e-02  6.073203e-02 -4.397343e-02 
 4.510000e+04  2.577871e+03 -6.810106e-02  6.073502e-02 -4.397601e-02 
 4.515000e+04  2.578334e+03 -6.810474e-02  6.073785e-02 -4.397850e-02 
 4.520000e+04  2.578797e+03 -6.810843e-02  6.074064e-02 -4.398100e-02 
 4.525000e+04  2.579260e+03 -6.811202e-02  6.074353e-02 -4.398346e-02 
 4.530000e+04  2.579723e+03 -6.811567e-02  6.074648e-02 -4.398586e-02 
 4.535000e+04  2.580186e+03 -6.811937e-02  6.074952e-02 -4.398832e-02 
 4.540000e+04  2.580649e+03 -6.812316e-02  6.075254e-02 -4.399089e-02 
 4.545000e+04  2.581112e+03 -6.812680e-02  6.075547e-02 -4.399343e-02 
 4.550000e+04  2.581575e+03 -6.813025e-02  6.075828e-02 -4.399594e-02 
 4.555000e+04  2.582038e+03 -6.813370e-02  6.076114e-02 -4.399847e-02 
 4.560000e+04  2.582502e+03 -6.813730e-02  6.076408e-02 -4.400102e-02 
 4.565000e+04  2.582988e+03 -6.814120e-02  6.076721e-02 -4.400365e-02 
 4.570000e+04  2.583485e+03 -6.814519e-02  6.077040e-02 -4.400626e-02 
 4.575000e+04  2.583996e+03 -6.814916e-02  6.077363e-02 -4.400892e-02 
 4.580000e+04  2.584508e+03 -6.815307e-02  6.077695e-02 -4.401160e-02 
 4.585000e+04  2.585044e+03 -6.815714e-02  6.078035e-02 -4.401446e-02 
 4.590000e+04  2.585585e+03 -6.816131e-02  6.078384e-02 -4.401737e-02 
 4.595000e+04  2.586150e+03 -6.816556e-02  6.078746e-02 -4.402047e-02 
 4.600000e+04  2.586741e+03 -6.817000e-02  6.079122e-02 -4.402370e-02 
 4.605000e+04  2.587332e+03 -6.817434e-02  6.079498e-02 -4.402693e-02 
 4.610000e+04  2.587952e+03 -6.817894e-02  6.079889e-02 -4.403021e-02 
 4.615000e+04  2.588573e+03 -6.818365e-02  6.080293e-02 -4.403350e-02 
 4.620000e+04  2.589193e+03 -6.818839e-02  6.080704e-02 -4.403677e-02 
 4.625000e+04  2.589836e+03 -6.819332e-02  6.081128e-02 -4.404021e-02 
 4.630000e+04  2.590496e+03 -6.819832e-02  6.081560e-02 -4.404371e-02 
 4.635000e+04  2.591180e+03 -6.820341e-02  6.081997e-02 -4.404736e-02 
 4.640000e+04  2.591864e+03 -6.820850e-02  6.082428e-02 -4.405103e-02 
 4.645000e+04  2.592570e+03 -6.821371e-02  6.082880e-02 -4.405485e-02 
 4.650000e+04  2.593288e+03 -6.821915e-02  6.083347e-02 -4.405871e-02 
 4.655000e+04  2.594041e+03 -6.822489e-02  6.083840e-02 -4.406276e-02 
 4.660000e+04  2.594798e+03 -6.823065e-02  6.084329e-02 -4.406677e-02 
 4.665000e+04  2.595590e+03 -6.823660e-02  6.084837e-02 -4.407091e-02 
 4.670000e+04  2.596382e+03 -6.824257e-02  6.085344e-02 -4.407511e-02 
 4.675000e+04  2.597182e+03 -6.824854e-02  6.085859e-02 -4.407941e-02 
 4.680000e+04  2.598013e+03 -6.825474e-02  6.086398e-02 -4.408388e-02 
 4.685000e+04  2.598875e+03 -6.826114e-02  6.086957e-02 -4.408851e-02 
 4.690000e+04  2.599748e+03 -6.826765e-02  6.087523e-02 -4.409321e-02 
 4.695000e+04  2.600634e+03 -6.827426e-02  6.088095e-02 -4.409793e-02 
 4.700000e+04  2.601551e+03 -6.828108e-02  6.088685e-02 -4.410277e-02 
 4.705000e+04  2.602500e+03 -6.828823e-02  6.089303e-02 -4.410776e-02 
 4.710000e+04  2.603462e+03 -6.829550e-02  6.089927e-02 -4.411289e-02 
 4.715000e+04  2.604445e+03 -6.830294e-02  6.090559e-02 -4.411813e-02 
 4.720000e+04  2.605455e+03 -6.831052e-02  6.091203e-02 -4.412353e-02 
 4.725000e+04  2.606514e+03 -6.831840e-02  6.091884e-02 -4.412923e-02 
 4.730000e+04  2.607580e+03 -6.832633e-02  6.092570e-02 -4.413493e-02 
 4.735000e+04  2.608694e+03 -6.833459e-02  6.093289e-02 -4.414086e-02 
 4.740000e+04  2.609844e+03 -6.834323e-02  6.094040e-02 -4.414697e-02 
 4.745000e+04  2.611014e+03 -6.835205e-02  6.094799e-02 -4.415316e-02 
 4.750000e+04  2.612235e+03 -6.836127e-02  6.095593e-02 -4.415960e-02 
 4.755000e+04  2.613463e+03 -6.837038e-02  6.096391e-02 -4.416611e-02 
 4.760000e+04  2.614736e+03 -6.837987e-02  6.097217e-02 -4.417292e-02 
 4.765000e+04  2.616028e+03 -6.838945e-02  6.098047e-02 -4.417985e-02 
 4.770000e+04  2.617383e+03 -6.839952e-02  6.098916e-02 -4.418703e-02 
 4.775000e+04  2.618779e+03 -6.840993e-02  6.099816e-02 -4.419447e-02 
 4.780000e+04  2.620201e+03 -6.842045e-02  6.100742e-02 -4.420205e-02 
 4.785000e+04  2.621678e+03 -6.843134e-02  6.101703e-02 -4.420990e-02 
 4.790000e+04  2.623190e+03 -6.844259e-02  6.102686e-02 -4.421792e-02 
 4.795000e+04  2.624757e+03 -6.845434e-02  6.103704e-02 -4.422626e-02 
 4.800000e+04  2.626374e+03 -6.846642e-02  6.104750e-02 -4.423483e-02 
 4.805000e+04  2.628043e+03 -6.847880e-02  6.105829e-02 -4.424365e-02 
 4.810000e+04  2.629771e+03 -6.849164e-02  6.106943e-02 -4.425287e-02 
 4.815000e+04  2.631514e+03 -6.850455e-02  6.108071e-02 -4.426218e-02 
 4.820000e+04  2.633328e+03 -6.851798e-02  6.109241e-02 -4.427186e-02 
 4.825000e+04  2.635200e+03 -6.853182e-02  6.110451e-02 -4.428182e-02 
 4.830000e+04  2.637155e+03 -6.854629e-02  6.111721e-02 -4.429223e-02 
 4.835000e+04  2.639156e+03 -6.856106e-02  6.113020e-02 -4.430284e-02 
 4.840000e+04  2.641243e+03 -6.857645e-02  6.114373e-02 -4.431388e-02 
 4.845000e+04  2.643371e+03 -6.859214e-02  6.115755e-02 -4.432517e-02 
 4.850000e+04  2.645579e+03 -6.860844e-02  6.117184e-02 -4.433691e-02 
 4.855000e+04  2.647895e+03 -6.862550e-02  6.118687e-02 -4.434920e-02 
 4.860000e+04  2.650300e+03 -6.864316e-02  6.120243e-02 -4.436197e-02 
 4.865000e+04  2.652732e+03 -6.866103e-02  6.121819e-02 -4.437488e-02 
 4.870000e+04  2.655256e+03 -6.867963e-02  6.123450e-02 -4.438829e-02 
 4.875000e+04  2.657810e+03 -6.869842e-02  6.125106e-02 -4.440176e-02 
 4.880000e+04  2.660364e+03 -6.871714e-02  6.126767e-02 -4.441516e-02 
 4.885000e+04  2.662917e+03 -6.873564e-02  6.128432e-02 -4.442857e-02 
 4.890000e+04  2.665602e+03 -6.875523e-02  6.130194e-02 -4.444273e-02 
 4.895000e+04  2.668417e+03 -6.877591e-02  6.132024e-02 -4.445772e-02 
 4.900000e+04  2.671325e+03 -6.879727e-02  6.133901e-02 -4.447320e-02 
 4.905000e+04  2.674382e+03 -6.881965e-02  6.135856e-02 -4.448947e-02 
 4.910000e+04  2.677486e+03 -6.884229e-02  6.137845e-02 -4.450596e-02 
 4.915000e+04  2.680590e+03 -6.886497e-02  6.139834e-02 -4.452237e-02 
 4.920000e+04  2.683694e+03 -6.888775e-02  6.141817e-02 -4.453862e-02 
 4.925000e+04  2.686910e+03 -6.891147e-02  6.143877e-02 -4.455541e-02 
 4.930000e+04  2.690270e+03 -6.893636e-02  6.146030e-02 -4.457313e-02 
 4.935000e+04  2.693771e+03 -6.896220e-02  6.148280e-02 -4.459162e-02 
 4.940000e+04  2.697415e+03 -6.898888e-02  6.150616e-02 -4.461083e-02 
 4.945000e+04  2.701252e+03 -6.901702e-02  6.153071e-02 -4.463108e-02 
 4.950000e+04  2.705249e+03 -6.904647e-02  6.155622e-02 -4.465221e-02 
 4.955000e+04  2.709409e+03 -6.907702e-02  6.158273e-02 -4.467415e-02 
 4.960000e+04  2.713681e+03 -6.910825e-02  6.160996e-02 -4.469661e-02 
 4.965000e+04  2.718123e+03 -6.914056e-02  6.163851e-02 -4.471998e-02 
 4.970000e+04  2.722778e+03 -6.917429e-02  6.166859e-02 -4.474447e-02 
 4.975000e+04  2.727598e+03 -6.920915e-02  6.169976e-02 -4.476973e-02 
 4.980000e+04  2.732700e+03 -6.924611e-02  6.173273e-02 -4.479642e-02 
 4.985000e+04  2.738147e+03 -6.928558e-02  6.176794e-02 -4.482496e-02 
 4.990000e+04  2.743721e+03 -6.932576e-02  6.180390e-02 -4.485411e-02 
 4.995000e+04  2.749552e+03 -6.936772e-02  6.184134e-02 -4.488456e-02 
 5.000000e+04  2.755628e+03 -6.941148e-02  6.188024e-02 -4.491628e-02 
 5.005000e+04  2.761854e+03 -6.945634e-02  6.191998e-02 -4.494871e-02 
 5.010000e+04  2.768307e+03 -6.950286e-02  6.196104e-02 -4.498222e-02 
 5.015000e+04  2.774844e+03 -6.954990e-02  6.200255e-02 -4.501603e-02 
 5.020000e+04  2.781633e+03 -6.959880e-02  6.204566e-02 -4.505102e-02 
 5.025000e+04  2.788747e+03 -6.964996e-02  6.209074e-02 -4.508756e-02 
 5.030000e+04  2.796182e+03 -6.970337e-02  6.213764e-02 -4.512568e-02 
 5.035000e+04  2.803974e+03 -6.975930e-02  6.218660e-02 -4.516567e-02 
 5.040000e+04  2.812147e+03 -6.981799e-02  6.223773e-02 -4.520771e-02 
 5.045000e+04  2.820655e+03 -6.987909e-02  6.229079e-02 -4.525142e-02 
 5.050000e+04  2.829389e+03 -6.994176e-02  6.234505e-02 -4.529619e-02 
 5.055000e+04  2.838696e+03 -7.000829e-02  6.240271e-02 -4.534384e-02 
 5.060000e+04  2.848488e+03 -7.007814e-02  6.246335e-02 -4.539384e-02 
 5.065000e+04  2.858498e+03 -7.014940e-02  6.252537e-02 -4.544488e-02 
 5.070000e+04  2.868509e+03 -7.022051e-02  6.258709e-02 -4.549579e-02 
 5.075000e+04  2.878801e+03 -7.029343e-02  6.265044e-02 -4.554793e-02 
 5.080000e+04  2.889312e+03 -7.036758e-02  6.271489e-02 -4.560119e-02 
 5.085000e+04  2.899823e+03 -7.044132e-02  6.277903e-02 -4.565439e-02 
 5.090000e+04  2.910335e+03 -7.051505e-02  6.284317e-02 -4.570750e-02 
 5.095000e+04  2.920846e+03 -7.058869e-02  6.290752e-02 -4.576053e-02 
 5.100000e+04  2.931358e+03 -7.066199e-02  6.297201e-02 -4.581354e-02 
 5.105000e+04  2.941869e+03 -7.073510e-02  6.303646e-02 -4.586667e-02 
 5.110000e+04  2.953229e+03 -7.081425e-02  6.310607e-02 -4.592423e-02 
 5.115000e+04  2.964803e+03 -7.089517e-02  6.317696e-02 -4.598281e-02 
 5.120000e+04  2.976377e+03 -7.097532e-02  6.324789e-02 -4.604111e-02 
 5.125000e+04  2.987951e+03 -7.105449e-02  6.331897e-02 -4.609863e-02 
 5.130000e+04  2.999525e+03 -7.113395e-02  6.339021e-02 -4.615605e-02 
 5.135000e+04  3.011099e+03 -7.121395e-02  6.346165e-02 -4.621387e-02 
 5.140000e+04  3.022673e+03 -7.129448e-02  6.353333e-02 -4.627188e-02 
 5.145000e+04  3.034247e+03 -7.137549e-02  6.360404e-02 -4.633011e-02 
 5.150000e+04  3.045821e+03 -7.145650e-02  6.367446e-02 -4.638819e-02 
 5.155000e+04  3.057395e+03 -7.153749e-02  6.374480e-02 -4.644630e-02 
 5.160000e+04  3.068969e+03 -7.161855e-02  6.381516e-02 -4.650426e-02 
 5.165000e+04  3.080543e+03 -7.169986e-02  6.388519e-02 -4.656219e-02 
 5.170000e+04  3.092117e+03 -7.178098e-02  6.395467e-02 -4.661973e-02 
 5.175000e+04  3.103692e+03 -7.186116e-02  6.402411e-02 -4.667605e-02 
 5.180000e+04  3.115266e+03 -7.194146e-02  6.409363e-02 -4.673240e-02 
 5.185000e+04  3.126840e+03 -7.202189e-02  6.416361e-02 -4.678935e-02 
 5.190000e+04  3.138414e+03 -7.210264e-02  6.423415e-02 -4.684688e-02 
 5.195000e+04  3.149988e+03 -7.218381e-02  6.430437e-02 -4.690470e-02 
 5.200000e+04  3.161562e+03 -7.226505e-02  6.437443e-02 -4.696245e-02 
 5.205000e+04  3.173136e+03 -7.234522e-02  6.444472e-02 -4.701988e-02 
 5.210000e+04  3.184710e+03 -7.242455e-02  6.451527e-02 -4.707672e-02 
 5.215000e+04  3.196284e+03 -7.250343e-02  6.458609e-02 -4.713319e-02 
 5.220000e+04  3.207858e+03 -7.258221e-02  6.465703e-02 -4.718931e-02 
 5.225000e+04  3.219432e+03 -7.266094e-02  6.472781e-02 -4.724525e-02 
 5.230000e+04  3.231006e+03 -7.273968e-02  6.479853e-02 -4.730135e-02 
 5.235000e+04  3.242580e+03 -7.281837e-02  6.486918e-02 -4.735777e-02 
 5.240000e+04  3.254154e+03 -7.289648e-02  6.493933e-02 -4.741414e-02 
 5.245000e+04  3.265729e+03 -7.297402e-02  6.500916e-02 -4.747050e-02 
 5.250000e+04  3.277303e+03 -7.305166e-02  6.507915e-02 -4.752690e-02 
 5.255000e+04  3.288877e+03 -7.312908e-02  6.514949e-02 -4.758306e-02 
 5.260000e+04  3.300451e+03 -7.320609e-02  6.521994e-02 -4.763861e-02 
 5.265000e+04  3.312025e+03 -7.328299e-02  6.529028e-02 -4.769408e-02 
 5.270000e+04  3.323599e+03 -7.335979e-02  6.536022e-02 -4.774950e-02 
 5.275000e+04  3.335173e+03 -7.343617e-02  6.542972e-02 -4.780514e-02 
 5.280000e+04  3.346747e+03 -7.351260e-02  6.549903e-02 -4.786075e-02 
 5.285000e+04  3.358321e+03 -7.358863e-02  6.556820e-02 -4.791644e-02 
 5.290000e+04  3.369895e+03 -7.366438e-02  6.563739e-02 -4.797220e-02 
 5.295000e+04  3.381469e+03 -7.374023e-02  6.570615e-02 -4.802796e-02 
 5.300000e+04  3.393043e+03 -7.381582e-02  6.577475e-02 -4.808361e-02 
 5.305000e+04  3.404617e+03 -7.389139e-02  6.584351e-02 -4.813922e-02 
 5.310000e+04  3.416192e+03 -7.396680e-02  6.591259e-02 -4.819485e-02 
 5.315000e+04  3.427766e+03 -7.404175e-02  6.598195e-02 -4.825041e-02 
 5.320000e+04  3.439340e+03 -7.411638e-02  6.605130e-02 -4.830571e-02 
 5.325000e+04  3.450914e+03 -7.419123e-02  6.612023e-02 -4.836102e-02 
 5.330000e+04  3.462488e+03 -7.426622e-02  6.618889e-02 -4.841638e-02 
 5.335000e+04  3.474062e+03 -7.434112e-02  6.625740e-02 -4.847177e-02 
 5.340000e+04  3.485636e+03 -7.441590e-02  6.632598e-02 -4.852728e-02 
 5.345000e+04  3.497210e+03 -7.449038e-02  6.639478e-02 -4.858278e-02 
 5.350000e+04  3.508784e+03 -7.456412e-02  6.646362e-02 -4.863791e-02 
 5.355000e+04  3.520358e+03 -7.463820e-02  6.653254e-02 -4.869292e-02 
 5.360000e+04  3.531932e+03 -7.471256e-02  6.660147e-02 -4.874814e-02 
 5.365000e+04  3.543506e+03 -7.478714e-02  6.667020e-02 -4.880346e-02 
 5.370000e+04  3.555080e+03 -7.486193e-02  6.673850e-02 -4.885862e-02 
 5.375000e+04  3.566654e+03 -7.493680e-02  6.680659e-02 -4.891381e-02 
 5.380000e+04  3.578229e+03 -7.501174e-02  6.687456e-02 -4.896903e-02 
 5.385000e+04  3.589803e+03 -7.508650e-02  6.694228e-02 -4.902420e-02 
 5.390000e+04  3.601377e+03 -7.516091e-02  6.700985e-02 -4.907932e-02 
 5.395000e+04  3.612951e+03 -7.523489e-02  6.707749e-02 -4.913409e-02 
 5.400000e+04  3.624525e+03 -7.530867e-02  6.714528e-02 -4.918866e-02 
 5.405000e+04  3.636099e+03 -7.538233e-02  6.721330e-02 -4.924337e-02 
 5.410000e+04  3.647673e+03 -7.545623e-02  6.728170e-02 -4.929827e-02 
 5.415000e+04  3.659247e+03 -7.553038e-02  6.735013e-02 -4.935328e-02 
 5.420000e+04  3.670821e+03 -7.560470e-02  6.741828e-02 -4.940824e-02 
 5.425000e+04  3.682395e+03 -7.567883e-02  6.748627e-02 -4.946322e-02 
 5.430000e+04  3.693969e+03 -7.575255e-02  6.755411e-02 -4.951802e-02 
 5.435000e+04  3.705543e+03 -7.582590e-02  6.762174e-02 -4.957264e-02 
 5.440000e+04  3.717117e+03 -7.589926e-02  6.768929e-02 -4.962719e-02 
 5.445000e+04  3.728692e+03 -7.597268e-02  6.775674e-02 -4.968165e-02 
 5.450000e+04  3.740266e+03 -7.604609e-02  6.782417e-02 -4.973598e-02 
 5.455000e+04  3.751840e+03 -7.611954e-02  6.789134e-02 -4.979027e-02 
 5.460000e+04  3.763414e+03 -7.619308e-02  6.795852e-02 -4.984437e-02 
 5.465000e+04  3.774988e+03 -7.626671e-02  6.802543e-02 -4.989836e-02 
 5.470000e+04  3.786562e+03 -7.634049e-02  6.809207e-02 -4.995225e-02 
 5.475000e+04  3.798136e+03 -7.641422e-02  6.815847e-02 -5.000615e-02 
 5.480000e+04  3.809710e+03 -7.648780e-02  6.822476e-02 -5.005987e-02 
 5.485000e+04  3.821284e+03 -7.656070e-02  6.829068e-02 -5.011318e-02 
 5.490000e+04  3.832858e+03 -7.663239e-02  6.835657e-02 -5.016579e-02 
 5.495000e+04  3.844432e+03 -7.670371e-02  6.842244e-02 -5.021846e-02 
 5.500000e+04  3.856006e+03 -7.677546e-02  6.848858e-02 -5.027148e-02 
 5.505000e+04  3.867580e+03 -7.684783e-02  6.855504e-02 -5.032477e-02 
 5.510000e+04  3.879154e+03 -7.692070e-02  6.862140e-02 -5.037820e-02 
 5.515000e+04  3.890729e+03 -7.699378e-02  6.868754e-02 -5.043159e-02 
 5.520000e+04  3.902303e+03 -7.706656e-02  6.875377e-02 -5.048479e-02 
 5.525000e+04  3.913877e+03 -7.713919e-02  6.881988e-02 -5.053761e-02 
 5.530000e+04  3.925451e+03 -7.721179e-02  6.888576e-02 -5.059031e-02 
 5.535000e+04  3.937025e+03 -7.728458e-02  6.895120e-02 -5.064296e-02 
 5.540000e+04  3.948599e+03 -7.735758e-02  6.901620e-02 -5.069557e-02 
 5.545000e+04  3.960173e+03 -7.743077e-02  6.908107e-02 -5.074834e-02 
 5.550000e+04  3.971747e+03 -7.750422e-02  6.914581e-02 -5.080130e-02 
 5.555000e+04  3.983321e+03 -7.757786e-02  6.921024e-02 -5.085434e-02 
 5.560000e+04  3.994895e+03 -7.765158e-02  6.927420e-02 -5.090744e-02 
 5.565000e+04  4.006469e+03 -7.772528e-02  6.933809e-02 -5.096054e-02 
 5.570000e+04  4.018043e+03 -7.779837e-02  6.940211e-02 -5.101327e-02 
 5.575000e+04  4.029617e+03 -7.787083e-02  6.946643e-02 -5.106576e-02 
 5.580000e+04  4.041192e+03 -7.794314e-02  6.953102e-02 -5.111836e-02 
 5.585000e+04  4.052766e+03 -7.801539e-02  6.959588e-02 -5.117117e-02 
 5.590000e+04  4.064340e+03 -7.808744e-02  6.966084e-02 -5.122414e-02 
 5.595000e+04  4.075914e+03 -7.815925e-02  6.972564e-02 -5.127707e-02 
 5.600000e+04  4.087488e+03 -7.823075e-02  6.979036e-02 -5.132998e-02 
 5.605000e+04  4.099062e+03 -7.830200e-02  6.985502e-02 -5.138287e-02 
 5.610000e+04  4.110636e+03 -7.837304e-02  6.991948e-02 -5.143561e-02 
 5.615000e+04  4.122210e+03 -7.844403e-02  6.998395e-02 -5.148823e-02 
 5.620000e+04  4.133784e+03 -7.851506e-02  7.004851e-02 -5.154087e-02 
 5.625000e+04  4.145358e+03 -7.858622e-02  7.011311e-02 -5.159351e-02 
 5.630000e+04  4.156932e+03 -7.865746e-02  7.017757e-02 -5.164611e-02 
 5.635000e+04  4.168506e+03 -7.872872e-02  7.024180e-02 -5.169862e-02 
 5.640000e+04  4.180080e+03 -7.880013e-02  7.030567e-02 -5.175113e-02 
 5.645000e+04  4.191654e+03 -7.887169e-02  7.036923e-02 -5.180360e-02 
 5.650000e+04  4.203229e+03 -7.894337e-02  7.043254e-02 -5.185608e-02 
 5.655000e+04  4.214803e+03 -7.901520e-02  7.049570e-02 -5.190850e-02 
 5.660000e+04  4.226377e+03 -7.908704e-02  7.055871e-02 -5.196079e-02 
 5.665000e+04  4.237951e+03 -7.915877e-02  7.062165e-02 -5.201299e-02 
 5.670000e+04  4.249525e+03 -7.923044e-02  7.068454e-02 -5.206516e-02 
 5.675000e+04  4.261099e+03 -7.930205e-02  7.074753e-02 -5.211735e-02 
 5.680000e+04  4.272673e+03 -7.937363e-02  7.081057e-02 -5.216956e-02 
 5.685000e+04  4.284247e+03 -7.944508e-02  7.087360e-02 -5.222167e-02 
 5.690000e+04  4.295821e+03 -7.951632e-02  7.093669e-02 -5.227371e-02 
 5.695000e+04  4.307395e+03 -7.958732e-02  7.099978e-02 -5.232563e-02 
 5.700000e+04  4.318969e+03 -7.965792e-02  7.106297e-02 -5.237724e-02 
 5.705000e+04  4.330543e+03 -7.972834e-02  7.112625e-02 -5.242871e-02 
 5.710000e+04  4.342117e+03 -7.979874e-02  7.118954e-02 -5.248026e-02 
 5.715000e+04  4.353692e+03 -7.986909e-02  7.125303e-02 -5.253184e-02 
 5.720000e+04  4.365266e+03 -7.993943e-02  7.131680e-02 -5.258344e-02 
 5.725000e+04  4.376840e+03 -8.000970e-02  7.138094e-02 -5.263507e-02 
 5.730000e+04  4.388414e+03 -8.008007e-02  7.144548e-02 -5.268677e-02 
 5.735000e+04  4.399988e+03 -8.015049e-02  7.151030e-02 -5.273841e-02 
 5.740000e+04  4.411562e+03 -8.022098e-02  7.157505e-02 -5.278991e-02 
 5.745000e+04  4.423136e+03 -8.029163e-02  7.163968e-02 -5.284148e-02 
 5.750000e+04  4.434710e+03 -8.036248e-02  7.170417e-02 -5.289323e-02 
 5.755000e+04  4.446284e+03 -8.043348e-02  7.176843e-02 -5.294505e-02 
 5.760000e+04  4.457858e+03 -8.050453e-02  7.183243e-02 -5.299685e-02 
 5.765000e+04  4.469432e+03 -8.057563e-02  7.189624e-02 -5.304865e-02 
 5.770000e+04  4.481006e+03 -8.064691e-02  7.195990e-02 -5.310048e-02 
 5.775000e+04  4.492580e+03 -8.071838e-02  7.202346e-02 -5.315231e-02 
 5.780000e+04  4.504154e+03 -8.078993e-02  7.208691e-02 -5.320405e-02 
 5.785000e+04  4.515729e+03 -8.086150e-02  7.215027e-02 -5.325571e-02 
 5.790000e+04  4.527303e+03 -8.093302e-02  7.221361e-02 -5.330735e-02 
 5.795000e+04  4.538877e+03 -8.100439e-02  7.227694e-02 -5.335893e-02 
 5.800000e+04  4.550451e+03 -8.107554e-02  7.234012e-02 -5.341040e-02 
 5.805000e+04  4.562025e+03 -8.114652e-02  7.240321e-02 -5.346177e-02 
 5.810000e+04  4.573599e+03 -8.121743e-02  7.246626e-02 -5.351309e-02 
 5.815000e+04  4.585173e+03 -8.128811e-02  7.252932e-02 -5.356428e-02 
 5.820000e+04  4.596747e+03 -8.135851e-02  7.259235e-02 -5.361538e-02 
 5.825000e+04  4.608321e+03 -8.142878e-02  7.265536e-02 -5.366647e-02 
 5.830000e+04  4.619895e+03 -8.149889e-02  7.271840e-02 -5.371749e-02 
 5.835000e+04  4.631469e+03 -8.156875e-02  7.278145e-02 -5.376836e-02 
 5.840000e+04  4.643043e+03 -8.163843e-02  7.284450e-02 -5.381916e-02 
 5.845000e+04  4.654617e+03 -8.170796e-02  7.290751e-02 -5.386986e-02 
 5.850000e+04  4.666192e+03 -8.177746e-02  7.297033e-02 -5.392039e-02 
 5.855000e+04  4.677766e+03 -8.184699e-02  7.303293e-02 -5.397090e-02 
 5.860000e+04  4.689340e+03 -8.191662e-02  7.309527e-02 -5.402147e-02 
 5.865000e+04  4.700914e+03 -8.198642e-02  7.315737e-02 -5.407205e-02 
 5.870000e+04  4.712488e+03 -8.205642e-02  7.321932e-02 -5.412260e-02 
 5.875000e+04  4.724062e+03 -8.212646e-02  7.328114e-02 -5.417297e-02 
 5.880000e+04  4.735636e+03 -8.219668e-02  7.334285e-02 -5.422323e-02 
 5.885000e+04  4.747210e+03 -8.226706e-02  7.340456e-02 -5.427344e-02 
 5.890000e+04  4.758784e+03 -8.233761e-02  7.346607e-02 -5.432368e-02 
 5.895000e+04  4.770358e+03 -8.240832e-02  7.352729e-02 -5.437391e-02 
 5.900000e+04  4.781932e+03 -8.247907e-02  7.358817e-02 -5.442405e-02 
 5.905000e+04  4.793506e+03 -8.254975e-02  7.364873e-02 -5.447402e-02 
 5.910000e+04  4.805080e+03 -8.262015e-02  7.370916e-02 -5.452398e-02 
 5.915000e+04  4.816654e+03 -8.269047e-02  7.376962e-02 -5.457397e-02 
 5.920000e+04  4.828229e+03 -8.276072e-02  7.383017e-02 -5.462403e-02 
 5.925000e+04  4.839803e+03 -8.283073e-02  7.389091e-02 -5.467402e-02 
 5.930000e+04  4.851377e+03 -8.290042e-02  7.395187e-02 -5.472397e-02 
 5.935000e+04  4.862951e+03 -8.296977e-02  7.401304e-02 -5.477386e-02 
 5.940000e+04  4.874525e+03 -8.303883e-02  7.407440e-02 -5.482366e-02 
 5.945000e+04  4.886099e+03 -8.310762e-02  7.413584e-02 -5.487334e-02 
 5.950000e+04  4.897673e+03 -8.317602e-02  7.419735e-02 -5.492298e-02 
 5.955000e+04  4.909247e+03 -8.324412e-02  7.425896e-02 -5.497262e-02 
 5.960000e+04  4.920821e+03 -8.331198e-02  7.432068e-02 -5.502224e-02 
 5.965000e+04  4.932395e+03 -8.337961e-02  7.438250e-02 -5.507179e-02 
 5.970000e+04  4.943969e+03 -8.344707e-02  7.444439e-02 -5.512127e-02 
 5.975000e+04  4.955543e+03 -8.351451e-02  7.450636e-02 -5.517072e-02 
 5.980000e+04  4.967117e+03 -8.358197e-02  7.456842e-02 -5.522004e-02 
 5.985000e+04  4.978692e+03 -8.364943e-02  7.463057e-02 -5.526933e-02 
 5.990000e+04  4.990266e+03 -8.371684e-02  7.469280e-02 -5.531861e-02 
 5.995000e+04  5.001840e+03 -8.378434e-02  7.475509e-02 -5.536790e-02 
 6.000000e+04  5.013414e+03 -8.385197e-02  7.481742e-02 -5.541723e-02 
 6.005000e+04  5.024988e+03 -8.391967e-02  7.487984e-02 -5.546653e-02 
 6.010000e+04  5.036562e+03 -8.398729e-02  7.494230e-02 -5.551565e-02 
 6.015000e+04  5.048136e+03 -8.405478e-02  7.500386e-02 -5.556431e-02 
 6.020000e+04  5.059710e+03 -8.412217e-02  7.506473e-02 -5.561231e-02 
 6.025000e+04  5.071284e+03 -8.418956e-02  7.512556e-02 -5.566064e-02 
 6.030000e+04  5.082858e+03 -8.425734e-02  7.518711e-02 -5.570948e-02 
 6.035000e+04  5.094432e+03 -8.432533e-02  7.524945e-02 -5.575869e-02 
 6.040000e+04  5.106006e+03 -8.439274e-02  7.531248e-02 -5.580797e-02 
 6.045000e+04  5.117580e+03 -8.445961e-02  7.537590e-02 -5.585721e-02 
 6.050000e+04  5.129154e+03 -8.452611e-02  7.543944e-02 -5.590640e-02 
 6.055000e+04  5.140729e+03 -8.459255e-02  7.550298e-02 -5.595549e-02 
 6.060000e+04  5.152303e+03 -8.465877e-02  7.556624e-02 -5.600448e-02 
 6.065000e+04  5.163877e+03 -8.472483e-02  7.562952e-02 -5.605336e-02 
 6.070000e+04  5.175451e+03 -8.479101e-02  7.569265e-02 -5.610214e-02 
 6.075000e+04  5.187025e+03 -8.485752e-02  7.575536e-02 -5.615085e-02 
 6.080000e+04  5.198599e+03 -8.492431e-02  7.581764e-02 -5.619961e-02 
 6.085000e+04  5.210173e+03 -8.499126e-02  7.587983e-02 -5.624845e-02 
 6.090000e+04  5.221747e+03 -8.505834e-02  7.594199e-02 -5.629726e-02 
 6.095000e+04  5.233321e+03 -8.512549e-02  7.600405e-02 -5.634613e-02 
 6.100000e+04  5.244895e+03 -8.519290e-02  7.606589e-02 -5.639492e-02 
 6.105000e+04  5.256469e+03 -8.526065e-02  7.612737e-02 -5.644364e-02 
 6.110000e+04  5.268043e+03 -8.532880e-02  7.618859e-02 -5.649235e-02 
 6.115000e+04  5.279617e+03 -8.539729e-02  7.624943e-02 -5.654100e-02 
 6.120000e+04  5.291192e+03 -8.546593e-02  7.630972e-02 -5.658946e-02 
