         Step [creep.tim... Z Displace... Z Displace... X Displace... 
------------- ------------- ------------- ------------- ------------- 
 5.250000e+03  1.276223e-07 -4.629353e-03  4.524540e-03 -2.433365e-03 
 5.300000e+03  3.886505e-06 -4.629543e-03  4.524630e-03 -2.433557e-03 
 5.350000e+03  3.171827e-05 -4.630323e-03  4.524739e-03 -2.434065e-03 
 5.400000e+03  2.057312e-04 -4.630616e-03  4.524930e-03 -2.434169e-03 
 5.450000e+03  8.221714e-04 -4.631525e-03  4.526111e-03 -2.435572e-03 
 5.500000e+03  1.631200e-03 -4.634522e-03  4.529023e-03 -2.438404e-03 
 5.550000e+03  2.727401e-03 -4.640172e-03  4.534853e-03 -2.443407e-03 
 5.600000e+03  4.187089e-03 -4.648483e-03  4.544128e-03 -2.450017e-03 
 5.650000e+03  6.297018e-03 -4.660324e-03  4.557840e-03 -2.458944e-03 
 5.700000e+03  8.631001e-03 -4.672063e-03  4.571104e-03 -2.467083e-03 
 5.750000e+03  1.106223e-02 -4.682357e-03  4.581515e-03 -2.473949e-03 
 5.800000e+03  1.349346e-02 -4.692000e-03  4.590919e-03 -2.480908e-03 
 5.850000e+03  1.592470e-02 -4.702455e-03  4.601438e-03 -2.489173e-03 
 5.900000e+03  1.835593e-02 -4.713985e-03  4.613517e-03 -2.498722e-03 
 5.950000e+03  2.090229e-02 -4.726509e-03  4.627033e-03 -2.509586e-03 
 6.000000e+03  2.417396e-02 -4.742258e-03  4.643190e-03 -2.522955e-03 
 6.050000e+03  2.759495e-02 -4.757905e-03  4.657962e-03 -2.534245e-03 
 6.100000e+03  3.114594e-02 -4.773148e-03  4.671605e-03 -2.543549e-03 
 6.150000e+03  3.473797e-02 -4.788088e-03  4.685369e-03 -2.552604e-03 
 6.200000e+03  3.833001e-02 -4.803031e-03  4.700141e-03 -2.562602e-03 
 6.250000e+03  4.192205e-02 -4.818593e-03  4.716372e-03 -2.574128e-03 
 6.300000e+03  4.552486e-02 -4.834492e-03  4.733235e-03 -2.587045e-03 
 6.350000e+03  4.970759e-02 -4.851605e-03  4.750906e-03 -2.602067e-03 
 6.400000e+03  5.437980e-02 -4.868287e-03  4.768003e-03 -2.616674e-03 
 6.450000e+03  5.919347e-02 -4.884623e-03  4.785050e-03 -2.629589e-03 
 6.500000e+03  6.400715e-02 -4.901488e-03  4.802526e-03 -2.641383e-03 
 6.550000e+03  6.882082e-02 -4.919115e-03  4.820744e-03 -2.653259e-03 
 6.600000e+03  7.363449e-02 -4.937643e-03  4.840079e-03 -2.665961e-03 
 6.650000e+03  7.844816e-02 -4.956628e-03  4.860106e-03 -2.679544e-03 
 6.700000e+03  8.353910e-02 -4.974934e-03  4.879713e-03 -2.693938e-03 
 6.750000e+03  8.914895e-02 -4.992383e-03  4.898255e-03 -2.708773e-03 
 6.800000e+03  9.528670e-02 -5.010740e-03  4.917259e-03 -2.724205e-03 
 6.850000e+03  1.014303e-01 -5.029592e-03  4.936404e-03 -2.739003e-03 
 6.900000e+03  1.075739e-01 -5.048918e-03  4.956222e-03 -2.753429e-03 
 6.950000e+03  1.137175e-01 -5.069174e-03  4.976964e-03 -2.767858e-03 
 7.000000e+03  1.202300e-01 -5.091676e-03  4.999632e-03 -2.783086e-03 
 7.050000e+03  1.270034e-01 -5.114420e-03  5.021679e-03 -2.798118e-03 
 7.100000e+03  1.339257e-01 -5.135349e-03  5.041802e-03 -2.812619e-03 
 7.150000e+03  1.410377e-01 -5.155349e-03  5.061504e-03 -2.827653e-03 
 7.200000e+03  1.481497e-01 -5.174677e-03  5.081187e-03 -2.843083e-03 
 7.250000e+03  1.552616e-01 -5.193877e-03  5.101067e-03 -2.858640e-03 
 7.300000e+03  1.629123e-01 -5.215157e-03  5.122841e-03 -2.875275e-03 
 7.350000e+03  1.715158e-01 -5.239918e-03  5.147687e-03 -2.893173e-03 
 7.400000e+03  1.801604e-01 -5.264315e-03  5.171524e-03 -2.909601e-03 
 7.450000e+03  1.888051e-01 -5.287178e-03  5.194083e-03 -2.924786e-03 
 7.500000e+03  1.974498e-01 -5.309250e-03  5.216212e-03 -2.940022e-03 
 7.550000e+03  2.060944e-01 -5.330952e-03  5.238296e-03 -2.955782e-03 
 7.600000e+03  2.147391e-01 -5.351885e-03  5.260135e-03 -2.972059e-03 
 7.650000e+03  2.240017e-01 -5.373900e-03  5.283084e-03 -2.989762e-03 
 7.700000e+03  2.347415e-01 -5.399123e-03  5.309424e-03 -3.009956e-03 
 7.750000e+03  2.457745e-01 -5.424373e-03  5.335430e-03 -3.028930e-03 
 7.800000e+03  2.568075e-01 -5.449225e-03  5.360553e-03 -3.046248e-03 
 7.850000e+03  2.678406e-01 -5.474279e-03  5.385674e-03 -3.063215e-03 
 7.900000e+03  2.788736e-01 -5.499462e-03  5.410921e-03 -3.080328e-03 
 7.950000e+03  2.899066e-01 -5.524082e-03  5.435761e-03 -3.097583e-03 
 8.000000e+03  3.009727e-01 -5.547916e-03  5.459721e-03 -3.115181e-03 
 8.050000e+03  3.129629e-01 -5.572702e-03  5.484619e-03 -3.134372e-03 
 8.100000e+03  3.251268e-01 -5.596724e-03  5.508868e-03 -3.153155e-03 
 8.150000e+03  3.372907e-01 -5.620370e-03  5.532632e-03 -3.170869e-03 
 8.200000e+03  3.494546e-01 -5.644454e-03  5.556685e-03 -3.187934e-03 
 8.250000e+03  3.616185e-01 -5.669100e-03  5.581077e-03 -3.204601e-03 
 8.300000e+03  3.738068e-01 -5.693907e-03  5.605373e-03 -3.220981e-03 
 8.350000e+03  3.867832e-01 -5.719670e-03  5.630489e-03 -3.238346e-03 
 8.400000e+03  4.001939e-01 -5.745000e-03  5.655318e-03 -3.256279e-03 
 8.450000e+03  4.141545e-01 -5.769699e-03  5.680101e-03 -3.274885e-03 
 8.500000e+03  4.282358e-01 -5.793790e-03  5.704569e-03 -3.293491e-03 
 8.550000e+03  4.423170e-01 -5.817928e-03  5.729013e-03 -3.311778e-03 
 8.600000e+03  4.569193e-01 -5.843269e-03  5.754728e-03 -3.330226e-03 
 8.650000e+03  4.723108e-01 -5.870149e-03  5.782067e-03 -3.348955e-03 
 8.700000e+03  4.878353e-01 -5.896875e-03  5.809190e-03 -3.367034e-03 
 8.750000e+03  5.038412e-01 -5.923724e-03  5.836151e-03 -3.385232e-03 
 8.800000e+03  5.201420e-01 -5.950393e-03  5.862689e-03 -3.403740e-03 
 8.850000e+03  5.364428e-01 -5.976189e-03  5.888561e-03 -3.422407e-03 
 8.900000e+03  5.527436e-01 -6.001144e-03  5.913861e-03 -3.441130e-03 
 8.950000e+03  5.699067e-01 -6.027108e-03  5.940203e-03 -3.460823e-03 
 9.000000e+03  5.878784e-01 -6.054340e-03  5.967756e-03 -3.481034e-03 
 9.050000e+03  6.058500e-01 -6.081411e-03  5.994919e-03 -3.500137e-03 
 9.100000e+03  6.244147e-01 -6.109218e-03  6.022644e-03 -3.518829e-03 
 9.150000e+03  6.432849e-01 -6.137382e-03  6.050544e-03 -3.537510e-03 
 9.200000e+03  6.621551e-01 -6.165225e-03  6.077916e-03 -3.556207e-03 
 9.250000e+03  6.810254e-01 -6.192171e-03  6.104405e-03 -3.575081e-03 
 9.300000e+03  7.009532e-01 -6.219775e-03  6.131481e-03 -3.595218e-03 
 9.350000e+03  7.222362e-01 -6.248577e-03  6.160023e-03 -3.616618e-03 
 9.400000e+03  7.440808e-01 -6.277476e-03  6.188879e-03 -3.637888e-03 
 9.450000e+03  7.659254e-01 -6.306182e-03  6.217502e-03 -3.658176e-03 
 9.500000e+03  7.887749e-01 -6.336435e-03  6.247584e-03 -3.678679e-03 
 9.550000e+03  8.117118e-01 -6.366790e-03  6.277788e-03 -3.698905e-03 
 9.600000e+03  8.346487e-01 -6.396378e-03  6.307418e-03 -3.718898e-03 
 9.650000e+03  8.580672e-01 -6.425726e-03  6.336790e-03 -3.739284e-03 
 9.700000e+03  8.831625e-01 -6.456462e-03  6.367433e-03 -3.761240e-03 
 9.750000e+03  9.084504e-01 -6.486538e-03  6.397385e-03 -3.783181e-03 
 9.800000e+03  9.337382e-01 -6.515819e-03  6.426738e-03 -3.804606e-03 
 9.850000e+03  9.598101e-01 -6.545990e-03  6.456982e-03 -3.826187e-03 
 9.900000e+03  9.863624e-01 -6.576916e-03  6.487999e-03 -3.847695e-03 
 9.950000e+03  1.012915e+00 -6.607659e-03  6.518795e-03 -3.868474e-03 
 1.000000e+04  1.040026e+00 -6.638578e-03  6.549636e-03 -3.889139e-03 
 1.005000e+04  1.069300e+00 -6.671487e-03  6.582307e-03 -3.911371e-03 
 1.010000e+04  1.098574e+00 -6.703521e-03  6.614075e-03 -3.933662e-03 
 1.015000e+04  1.127848e+00 -6.734428e-03  6.644726e-03 -3.955875e-03 
 1.020000e+04  1.157326e+00 -6.765118e-03  6.675090e-03 -3.978052e-03 
 1.025000e+04  1.188064e+00 -6.797081e-03  6.706691e-03 -4.000798e-03 
 1.030000e+04  1.218802e+00 -6.828845e-03  6.738117e-03 -4.022915e-03 
 1.035000e+04  1.249601e+00 -6.860386e-03  6.769356e-03 -4.044253e-03 
 1.040000e+04  1.282424e+00 -6.893853e-03  6.802388e-03 -4.066469e-03 
 1.045000e+04  1.316312e+00 -6.927964e-03  6.836081e-03 -4.089224e-03 
 1.050000e+04  1.350200e+00 -6.961068e-03  6.868833e-03 -4.111895e-03 
 1.055000e+04  1.384088e+00 -6.993307e-03  6.900745e-03 -4.134548e-03 
 1.060000e+04  1.419603e+00 -7.026625e-03  6.933643e-03 -4.158317e-03 
 1.065000e+04  1.455186e+00 -7.059524e-03  6.966223e-03 -4.181781e-03 
 1.070000e+04  1.490769e+00 -7.091903e-03  6.998329e-03 -4.204504e-03 
 1.075000e+04  1.528552e+00 -7.126264e-03  7.032377e-03 -4.227915e-03 
 1.080000e+04  1.567782e+00 -7.161933e-03  7.067688e-03 -4.251761e-03 
 1.085000e+04  1.607012e+00 -7.197041e-03  7.102530e-03 -4.275199e-03 
 1.090000e+04  1.646241e+00 -7.231335e-03  7.136490e-03 -4.298420e-03 
 1.095000e+04  1.686570e+00 -7.265909e-03  7.170771e-03 -4.322306e-03 
 1.100000e+04  1.727761e+00 -7.300549e-03  7.205092e-03 -4.346740e-03 
 1.105000e+04  1.768952e+00 -7.334452e-03  7.238672e-03 -4.370841e-03 
 1.110000e+04  1.811297e+00 -7.368926e-03  7.272822e-03 -4.395010e-03 
 1.115000e+04  1.854548e+00 -7.404288e-03  7.307719e-03 -4.419163e-03 
 1.120000e+04  1.897799e+00 -7.439502e-03  7.342376e-03 -4.442752e-03 
 1.125000e+04  1.941050e+00 -7.474148e-03  7.376535e-03 -4.465823e-03 
 1.130000e+04  1.985858e+00 -7.509567e-03  7.411444e-03 -4.489542e-03 
 1.135000e+04  2.031271e+00 -7.544796e-03  7.446329e-03 -4.513600e-03 
 1.140000e+04  2.076684e+00 -7.579242e-03  7.480343e-03 -4.537514e-03 
 1.145000e+04  2.122874e+00 -7.613617e-03  7.514214e-03 -4.561611e-03 
 1.150000e+04  2.172943e+00 -7.650718e-03  7.550674e-03 -4.587433e-03 
 1.155000e+04  2.223011e+00 -7.687555e-03  7.586898e-03 -4.612726e-03 
 1.160000e+04  2.273079e+00 -7.723951e-03  7.622749e-03 -4.637307e-03 
 1.165000e+04  2.323799e+00 -7.760633e-03  7.658681e-03 -4.661726e-03 
 1.170000e+04  2.376370e+00 -7.798399e-03  7.695618e-03 -4.686785e-03 
 1.175000e+04  2.428942e+00 -7.835371e-03  7.731951e-03 -4.711693e-03 
 1.180000e+04  2.481514e+00 -7.871394e-03  7.767441e-03 -4.736443e-03 
 1.185000e+04  2.535768e+00 -7.907990e-03  7.803590e-03 -4.761903e-03 
 1.190000e+04  2.590968e+00 -7.944950e-03  7.840035e-03 -4.787612e-03 
 1.195000e+04  2.646168e+00 -7.981436e-03  7.875985e-03 -4.812775e-03 
 1.200000e+04  2.703080e+00 -8.018768e-03  7.912711e-03 -4.838059e-03 
 1.205000e+04  2.761040e+00 -8.056733e-03  7.949954e-03 -4.863350e-03 
 1.210000e+04  2.819001e+00 -8.094363e-03  7.986810e-03 -4.888330e-03 
 1.215000e+04  2.876961e+00 -8.131222e-03  8.022887e-03 -4.913099e-03 
 1.220000e+04  2.936834e+00 -8.168654e-03  8.059580e-03 -4.938568e-03 
 1.225000e+04  2.997692e+00 -8.206223e-03  8.096545e-03 -4.964392e-03 
 1.230000e+04  3.058551e+00 -8.243192e-03  8.132926e-03 -4.989957e-03 
 1.235000e+04  3.120748e+00 -8.280474e-03  8.169541e-03 -5.015574e-03 
 1.240000e+04  3.187653e+00 -8.320578e-03  8.208797e-03 -5.042654e-03 
 1.245000e+04  3.254749e+00 -8.360566e-03  8.247897e-03 -5.069406e-03 
 1.250000e+04  3.321845e+00 -8.399939e-03  8.286391e-03 -5.095638e-03 
 1.255000e+04  3.388941e+00 -8.438776e-03  8.324315e-03 -5.121617e-03 
 1.260000e+04  3.458386e+00 -8.478612e-03  8.363170e-03 -5.148452e-03 
 1.265000e+04  3.528837e+00 -8.518212e-03  8.401979e-03 -5.175473e-03 
 1.270000e+04  3.599288e+00 -8.557050e-03  8.440095e-03 -5.202126e-03 
 1.275000e+04  3.669740e+00 -8.595572e-03  8.477985e-03 -5.228538e-03 
 1.280000e+04  3.740191e+00 -8.633963e-03  8.515671e-03 -5.254590e-03 
 1.285000e+04  3.810642e+00 -8.671921e-03  8.552932e-03 -5.280159e-03 
 1.290000e+04  3.883700e+00 -8.710903e-03  8.591138e-03 -5.306189e-03 
 1.295000e+04  3.957673e+00 -8.750204e-03  8.629508e-03 -5.332327e-03 
 1.300000e+04  4.031647e+00 -8.788999e-03  8.667321e-03 -5.358286e-03 
 1.305000e+04  4.105621e+00 -8.827010e-03  8.704380e-03 -5.384096e-03 
 1.310000e+04  4.182701e+00 -8.866149e-03  8.742574e-03 -5.410773e-03 
 1.315000e+04  4.260374e+00 -8.905280e-03  8.780783e-03 -5.437432e-03 
 1.320000e+04  4.338046e+00 -8.944018e-03  8.818613e-03 -5.463692e-03 
 1.325000e+04  4.418480e+00 -8.983712e-03  8.857396e-03 -5.490391e-03 
 1.330000e+04  4.504114e+00 -9.025798e-03  8.898492e-03 -5.518437e-03 
 1.335000e+04  4.589747e+00 -9.067495e-03  8.939195e-03 -5.546185e-03 
 1.340000e+04  4.675381e+00 -9.108511e-03  8.979133e-03 -5.573620e-03 
 1.345000e+04  4.761015e+00 -9.148998e-03  9.018479e-03 -5.600891e-03 
 1.350000e+04  4.850074e+00 -9.190683e-03  9.059011e-03 -5.629106e-03 
 1.355000e+04  4.939990e+00 -9.232247e-03  9.099452e-03 -5.657288e-03 
 1.360000e+04  5.029905e+00 -9.273255e-03  9.139372e-03 -5.685042e-03 
 1.365000e+04  5.123417e+00 -9.315553e-03  9.180668e-03 -5.713545e-03 
 1.370000e+04  5.217829e+00 -9.358033e-03  9.222136e-03 -5.741997e-03 
 1.375000e+04  5.312240e+00 -9.400020e-03  9.263107e-03 -5.769984e-03 
 1.380000e+04  5.407690e+00 -9.441945e-03  9.303950e-03 -5.797952e-03 
 1.385000e+04  5.506821e+00 -9.485173e-03  9.345939e-03 -5.826841e-03 
 1.390000e+04  5.605953e+00 -9.527807e-03  9.387366e-03 -5.855525e-03 
 1.395000e+04  5.705085e+00 -9.569759e-03  9.428109e-03 -5.883938e-03 
 1.400000e+04  5.806794e+00 -9.612416e-03  9.469539e-03 -5.912719e-03 
 1.405000e+04  5.910883e+00 -9.655841e-03  9.511753e-03 -5.941893e-03 
 1.410000e+04  6.014971e+00 -9.698770e-03  9.553535e-03 -5.970677e-03 
 1.415000e+04  6.120101e+00 -9.741575e-03  9.595271e-03 -5.999265e-03 
 1.420000e+04  6.229393e+00 -9.785846e-03  9.638338e-03 -6.028695e-03 
 1.425000e+04  6.338686e+00 -9.829712e-03  9.680957e-03 -6.057947e-03 
 1.430000e+04  6.447979e+00 -9.872834e-03  9.722845e-03 -6.086925e-03 
 1.435000e+04  6.560769e+00 -9.916828e-03  9.765484e-03 -6.116552e-03 
 1.440000e+04  6.680691e+00 -9.963308e-03  9.810473e-03 -6.147794e-03 
 1.445000e+04  6.801186e+00 -1.000954e-02  9.855227e-03 -6.178796e-03 
 1.450000e+04  6.921682e+00 -1.005512e-02  9.899433e-03 -6.209323e-03 
 1.455000e+04  7.046274e+00 -1.010187e-02  9.944845e-03 -6.240524e-03 
 1.460000e+04  7.172794e+00 -1.014907e-02  9.990639e-03 -6.271893e-03 
 1.465000e+04  7.299314e+00 -1.019556e-02  1.003577e-02 -6.302877e-03 
 1.470000e+04  7.426973e+00 -1.024188e-02  1.008065e-02 -6.333839e-03 
 1.475000e+04  7.559819e+00 -1.028966e-02  1.012693e-02 -6.365871e-03 
 1.480000e+04  7.692665e+00 -1.033695e-02  1.017270e-02 -6.397622e-03 
 1.485000e+04  7.825511e+00 -1.038360e-02  1.021781e-02 -6.428897e-03 
 1.490000e+04  7.962210e+00 -1.043125e-02  1.026383e-02 -6.460662e-03 
 1.495000e+04  8.101698e+00 -1.047953e-02  1.031053e-02 -6.492797e-03 
 1.500000e+04  8.241187e+00 -1.052727e-02  1.035667e-02 -6.524535e-03 
 1.505000e+04  8.380954e+00 -1.057452e-02  1.040229e-02 -6.555935e-03 
 1.510000e+04  8.527417e+00 -1.062360e-02  1.044968e-02 -6.588570e-03 
 1.515000e+04  8.673880e+00 -1.067219e-02  1.049657e-02 -6.620999e-03 
 1.520000e+04  8.820343e+00 -1.072007e-02  1.054283e-02 -6.653070e-03 
 1.525000e+04  8.971200e+00 -1.076891e-02  1.058990e-02 -6.685690e-03 
 1.530000e+04  9.124986e+00 -1.081839e-02  1.063754e-02 -6.718641e-03 
 1.535000e+04  9.278772e+00 -1.086735e-02  1.068473e-02 -6.751218e-03 
 1.540000e+04  9.433480e+00 -1.091589e-02  1.073164e-02 -6.783544e-03 
 1.545000e+04  9.596570e+00 -1.096670e-02  1.078074e-02 -6.817261e-03 
 1.550000e+04  9.766119e+00 -1.101913e-02  1.083133e-02 -6.852045e-03 
 1.555000e+04  9.935669e+00 -1.107075e-02  1.088118e-02 -6.886428e-03 
 1.560000e+04  1.010522e+01 -1.112168e-02  1.093041e-02 -6.920412e-03 
 1.565000e+04  1.028324e+01 -1.117477e-02  1.098170e-02 -6.955850e-03 
 1.570000e+04  1.046127e+01 -1.122735e-02  1.103238e-02 -6.990936e-03 
 1.575000e+04  1.063930e+01 -1.127926e-02  1.108238e-02 -7.025473e-03 
 1.580000e+04  1.082730e+01 -1.133366e-02  1.113473e-02 -7.061542e-03 
 1.585000e+04  1.102358e+01 -1.138999e-02  1.118901e-02 -7.098828e-03 
 1.590000e+04  1.121985e+01 -1.144555e-02  1.124249e-02 -7.135678e-03 
 1.595000e+04  1.141612e+01 -1.150041e-02  1.129520e-02 -7.172095e-03 
 1.600000e+04  1.161240e+01 -1.155476e-02  1.134747e-02 -7.208219e-03 
 1.605000e+04  1.180867e+01 -1.160854e-02  1.139924e-02 -7.244003e-03 
 1.610000e+04  1.200495e+01 -1.166164e-02  1.145032e-02 -7.279319e-03 
 1.615000e+04  1.221212e+01 -1.171728e-02  1.150369e-02 -7.316150e-03 
 1.620000e+04  1.242851e+01 -1.177498e-02  1.155897e-02 -7.354311e-03 
 1.625000e+04  1.264490e+01 -1.183191e-02  1.161357e-02 -7.391981e-03 
 1.630000e+04  1.286129e+01 -1.188816e-02  1.166743e-02 -7.429112e-03 
 1.635000e+04  1.307768e+01 -1.194397e-02  1.172079e-02 -7.465935e-03 
 1.640000e+04  1.329408e+01 -1.199917e-02  1.177362e-02 -7.502461e-03 
 1.645000e+04  1.351047e+01 -1.205359e-02  1.182581e-02 -7.538579e-03 
 1.650000e+04  1.373444e+01 -1.210930e-02  1.187934e-02 -7.575523e-03 
 1.655000e+04  1.397119e+01 -1.216779e-02  1.193546e-02 -7.614233e-03 
 1.660000e+04  1.420976e+01 -1.222606e-02  1.199137e-02 -7.652812e-03 
 1.665000e+04  1.444834e+01 -1.228360e-02  1.204656e-02 -7.690857e-03 
 1.670000e+04  1.469645e+01 -1.234289e-02  1.210344e-02 -7.729965e-03 
 1.675000e+04  1.494695e+01 -1.240226e-02  1.216032e-02 -7.769085e-03 
 1.680000e+04  1.519745e+01 -1.246078e-02  1.221640e-02 -7.807801e-03 
 1.685000e+04  1.544795e+01 -1.251862e-02  1.227182e-02 -7.846086e-03 
 1.690000e+04  1.571098e+01 -1.257885e-02  1.232953e-02 -7.885915e-03 
 1.695000e+04  1.597401e+01 -1.263848e-02  1.238667e-02 -7.925335e-03 
 1.700000e+04  1.623703e+01 -1.269741e-02  1.244305e-02 -7.964213e-03 
 1.705000e+04  1.650900e+01 -1.275783e-02  1.250078e-02 -8.003916e-03 
 1.710000e+04  1.678518e+01 -1.281871e-02  1.255881e-02 -8.043890e-03 
 1.715000e+04  1.706136e+01 -1.287884e-02  1.261608e-02 -8.083418e-03 
 1.720000e+04  1.734306e+01 -1.293944e-02  1.267378e-02 -8.123270e-03 
 1.725000e+04  1.763768e+01 -1.300227e-02  1.273354e-02 -8.164584e-03 
 1.730000e+04  1.794217e+01 -1.306656e-02  1.279470e-02 -8.206882e-03 
 1.735000e+04  1.824666e+01 -1.312995e-02  1.285510e-02 -8.248579e-03 
 1.740000e+04  1.855358e+01 -1.319317e-02  1.291533e-02 -8.290061e-03 
 1.745000e+04  1.887329e+01 -1.325848e-02  1.297754e-02 -8.332861e-03 
 1.750000e+04  1.919300e+01 -1.332294e-02  1.303906e-02 -8.375211e-03 
 1.755000e+04  1.951271e+01 -1.338660e-02  1.309973e-02 -8.417039e-03 
 1.760000e+04  1.984553e+01 -1.345222e-02  1.316224e-02 -8.460097e-03 
 1.765000e+04  2.018122e+01 -1.351777e-02  1.322468e-02 -8.503131e-03 
 1.770000e+04  2.051692e+01 -1.358242e-02  1.328634e-02 -8.545620e-03 
 1.775000e+04  2.086168e+01 -1.364812e-02  1.334893e-02 -8.588704e-03 
 1.780000e+04  2.122896e+01 -1.371757e-02  1.341508e-02 -8.634158e-03 
 1.785000e+04  2.159907e+01 -1.378671e-02  1.348089e-02 -8.679467e-03 
 1.790000e+04  2.196917e+01 -1.385497e-02  1.354573e-02 -8.724084e-03 
 1.795000e+04  2.235519e+01 -1.392550e-02  1.361260e-02 -8.770143e-03 
 1.800000e+04  2.274380e+01 -1.399582e-02  1.367921e-02 -8.816039e-03 
 1.805000e+04  2.313241e+01 -1.406518e-02  1.374492e-02 -8.861347e-03 
 1.810000e+04  2.352452e+01 -1.413435e-02  1.381041e-02 -8.906542e-03 
 1.815000e+04  2.393256e+01 -1.420569e-02  1.387786e-02 -8.953071e-03 
 1.820000e+04  2.434060e+01 -1.427622e-02  1.394456e-02 -8.999065e-03 
 1.825000e+04  2.474864e+01 -1.434587e-02  1.401044e-02 -9.044426e-03 
 1.830000e+04  2.517304e+01 -1.441759e-02  1.407822e-02 -9.090986e-03 
 1.835000e+04  2.562290e+01 -1.449291e-02  1.414932e-02 -9.139902e-03 
 1.840000e+04  2.607277e+01 -1.456707e-02  1.421949e-02 -9.188251e-03 
 1.845000e+04  2.652263e+01 -1.464026e-02  1.428865e-02 -9.235920e-03 
 1.850000e+04  2.699499e+01 -1.471641e-02  1.436060e-02 -9.285438e-03 
 1.855000e+04  2.746735e+01 -1.479163e-02  1.443175e-02 -9.334369e-03 
 1.860000e+04  2.793970e+01 -1.486579e-02  1.450197e-02 -9.382609e-03 
 1.865000e+04  2.842954e+01 -1.494190e-02  1.457392e-02 -9.432004e-03 
 1.870000e+04  2.892551e+01 -1.501826e-02  1.464597e-02 -9.481528e-03 
 1.875000e+04  2.942149e+01 -1.509357e-02  1.471706e-02 -9.530423e-03 
 1.880000e+04  2.992143e+01 -1.516851e-02  1.478775e-02 -9.579026e-03 
 1.885000e+04  3.045106e+01 -1.524723e-02  1.486182e-02 -9.629971e-03 
 1.890000e+04  3.099787e+01 -1.532760e-02  1.493738e-02 -9.681970e-03 
 1.895000e+04  3.154468e+01 -1.540679e-02  1.501191e-02 -9.733215e-03 
 1.900000e+04  3.209642e+01 -1.548579e-02  1.508616e-02 -9.784241e-03 
 1.905000e+04  3.267057e+01 -1.556717e-02  1.516262e-02 -9.836738e-03 
 1.910000e+04  3.324472e+01 -1.564752e-02  1.523805e-02 -9.888629e-03 
 1.915000e+04  3.381888e+01 -1.572679e-02  1.531237e-02 -9.939734e-03 
 1.920000e+04  3.442116e+01 -1.580911e-02  1.538945e-02 -9.992729e-03 
 1.925000e+04  3.502403e+01 -1.589059e-02  1.546571e-02 -1.004521e-02 
 1.930000e+04  3.562689e+01 -1.597088e-02  1.554097e-02 -1.009692e-02 
 1.935000e+04  3.625046e+01 -1.605300e-02  1.561776e-02 -1.014968e-02 
 1.940000e+04  3.691511e+01 -1.613958e-02  1.569878e-02 -1.020531e-02 
 1.945000e+04  3.757976e+01 -1.622498e-02  1.577880e-02 -1.026019e-02 
 1.950000e+04  3.824442e+01 -1.630915e-02  1.585767e-02 -1.031427e-02 
 1.955000e+04  3.894031e+01 -1.639630e-02  1.593915e-02 -1.037022e-02 
 1.960000e+04  3.963820e+01 -1.648264e-02  1.601986e-02 -1.042567e-02 
 1.965000e+04  4.033609e+01 -1.656773e-02  1.609947e-02 -1.048029e-02 
 1.970000e+04  4.106513e+01 -1.665562e-02  1.618150e-02 -1.053650e-02 
 1.975000e+04  4.183455e+01 -1.674741e-02  1.626709e-02 -1.059517e-02 
 1.980000e+04  4.260397e+01 -1.683792e-02  1.635149e-02 -1.065306e-02 
 1.985000e+04  4.337339e+01 -1.692700e-02  1.643455e-02 -1.071006e-02 
 1.990000e+04  4.417436e+01 -1.701870e-02  1.651991e-02 -1.076858e-02 
 1.995000e+04  4.498225e+01 -1.711010e-02  1.660496e-02 -1.082690e-02 
 2.000000e+04  4.579014e+01 -1.720013e-02  1.668877e-02 -1.088438e-02 
 2.005000e+04  4.663055e+01 -1.729261e-02  1.677468e-02 -1.094328e-02 
 2.010000e+04  4.752125e+01 -1.738961e-02  1.686467e-02 -1.100496e-02 
 2.015000e+04  4.841195e+01 -1.748522e-02  1.695334e-02 -1.106575e-02 
 2.020000e+04  4.930265e+01 -1.757939e-02  1.704057e-02 -1.112554e-02 
 2.025000e+04  5.024653e+01 -1.767790e-02  1.713179e-02 -1.118806e-02 
 2.030000e+04  5.122853e+01 -1.777913e-02  1.722543e-02 -1.125229e-02 
 2.035000e+04  5.221052e+01 -1.787880e-02  1.731756e-02 -1.131547e-02 
 2.040000e+04  5.319939e+01 -1.797773e-02  1.740894e-02 -1.137807e-02 
 2.045000e+04  5.423049e+01 -1.807962e-02  1.750292e-02 -1.144251e-02 
 2.050000e+04  5.526159e+01 -1.817998e-02  1.759550e-02 -1.150601e-02 
 2.055000e+04  5.629372e+01 -1.827893e-02  1.768672e-02 -1.156848e-02 
 2.060000e+04  5.738611e+01 -1.838238e-02  1.778197e-02 -1.163367e-02 
 2.065000e+04  5.852290e+01 -1.848856e-02  1.787966e-02 -1.170064e-02 
 2.070000e+04  5.965968e+01 -1.859297e-02  1.797580e-02 -1.176651e-02 
 2.075000e+04  6.081124e+01 -1.869722e-02  1.807162e-02 -1.183211e-02 
 2.080000e+04  6.200487e+01 -1.880381e-02  1.816958e-02 -1.189914e-02 
 2.085000e+04  6.319849e+01 -1.890869e-02  1.826606e-02 -1.196520e-02 
 2.090000e+04  6.440047e+01 -1.901269e-02  1.836166e-02 -1.203060e-02 
 2.095000e+04  6.568887e+01 -1.912276e-02  1.846264e-02 -1.209966e-02 
 2.100000e+04  6.700484e+01 -1.923361e-02  1.856426e-02 -1.216922e-02 
 2.105000e+04  6.832081e+01 -1.934263e-02  1.866412e-02 -1.223760e-02 
 2.110000e+04  6.967395e+01 -1.945308e-02  1.876506e-02 -1.230662e-02 
 2.115000e+04  7.112481e+01 -1.956994e-02  1.887166e-02 -1.237961e-02 
 2.120000e+04  7.257567e+01 -1.968491e-02  1.897648e-02 -1.245148e-02 
 2.125000e+04  7.402942e+01 -1.979818e-02  1.907963e-02 -1.252214e-02 
 2.130000e+04  7.561224e+01 -1.991976e-02  1.919014e-02 -1.259786e-02 
 2.135000e+04  7.721181e+01 -2.004079e-02  1.930003e-02 -1.267320e-02 
 2.140000e+04  7.881138e+01 -2.015963e-02  1.940788e-02 -1.274710e-02 
 2.145000e+04  8.048077e+01 -2.028170e-02  1.951840e-02 -1.282286e-02 
 2.150000e+04  8.224429e+01 -2.040874e-02  1.963332e-02 -1.290165e-02 
 2.155000e+04  8.400782e+01 -2.053347e-02  1.974615e-02 -1.297905e-02 
 2.160000e+04  8.577134e+01 -2.065597e-02  1.985679e-02 -1.305496e-02 
 2.165000e+04  8.762305e+01 -2.078249e-02  1.997102e-02 -1.313331e-02 
 2.170000e+04  8.947475e+01 -2.090685e-02  2.008339e-02 -1.321033e-02 
 2.175000e+04  9.132645e+01 -2.102893e-02  2.019371e-02 -1.328587e-02 
 2.180000e+04  9.330416e+01 -2.115727e-02  2.030947e-02 -1.336511e-02 
 2.185000e+04  9.534566e+01 -2.128767e-02  2.042706e-02 -1.344569e-02 
 2.190000e+04  9.738716e+01 -2.141561e-02  2.054241e-02 -1.352476e-02 
 2.195000e+04  9.945939e+01 -2.154314e-02  2.065711e-02 -1.360334e-02 
 2.200000e+04  1.017101e+02 -2.167949e-02  2.077956e-02 -1.368728e-02 
 2.205000e+04  1.039609e+02 -2.181337e-02  2.089982e-02 -1.376978e-02 
 2.210000e+04  1.062117e+02 -2.194478e-02  2.101756e-02 -1.385057e-02 
 2.215000e+04  1.086345e+02 -2.208386e-02  2.114187e-02 -1.393588e-02 
 2.220000e+04  1.111159e+02 -2.222394e-02  2.126689e-02 -1.402178e-02 
 2.225000e+04  1.135974e+02 -2.236128e-02  2.138929e-02 -1.410593e-02 
 2.230000e+04  1.161285e+02 -2.249872e-02  2.151152e-02 -1.418997e-02 
 2.235000e+04  1.188487e+02 -2.264393e-02  2.164046e-02 -1.427872e-02 
 2.240000e+04  1.215845e+02 -2.278723e-02  2.176765e-02 -1.436630e-02 
 2.245000e+04  1.243230e+02 -2.292775e-02  2.189229e-02 -1.445206e-02 
 2.250000e+04  1.272645e+02 -2.307587e-02  2.202356e-02 -1.454237e-02 
 2.255000e+04  1.302808e+02 -2.322491e-02  2.215560e-02 -1.463331e-02 
 2.260000e+04  1.332970e+02 -2.337081e-02  2.228479e-02 -1.472226e-02 
 2.265000e+04  1.364097e+02 -2.351836e-02  2.241530e-02 -1.481209e-02 
 2.270000e+04  1.397066e+02 -2.367170e-02  2.255084e-02 -1.490545e-02 
 2.275000e+04  1.430320e+02 -2.382324e-02  2.268470e-02 -1.499769e-02 
 2.280000e+04  1.463674e+02 -2.397197e-02  2.281599e-02 -1.508813e-02 
 2.285000e+04  1.499708e+02 -2.412960e-02  2.295488e-02 -1.518387e-02 
 2.290000e+04  1.536370e+02 -2.428680e-02  2.309336e-02 -1.527940e-02 
 2.295000e+04  1.573033e+02 -2.444058e-02  2.322866e-02 -1.537272e-02 
 2.300000e+04  1.610989e+02 -2.459652e-02  2.336549e-02 -1.546715e-02 
 2.305000e+04  1.651410e+02 -2.475943e-02  2.350821e-02 -1.556582e-02 
 2.310000e+04  1.691830e+02 -2.491888e-02  2.364778e-02 -1.566237e-02 
 2.315000e+04  1.732655e+02 -2.507645e-02  2.378542e-02 -1.575759e-02 
 2.320000e+04  1.776794e+02 -2.524344e-02  2.393094e-02 -1.585840e-02 
 2.325000e+04  1.821357e+02 -2.540853e-02  2.407464e-02 -1.595813e-02 
 2.330000e+04  1.865920e+02 -2.556991e-02  2.421495e-02 -1.605549e-02 
 2.335000e+04  1.913712e+02 -2.573922e-02  2.436194e-02 -1.615750e-02 
 2.340000e+04  1.962844e+02 -2.590969e-02  2.450982e-02 -1.626027e-02 
 2.345000e+04  2.011975e+02 -2.607627e-02  2.465421e-02 -1.636068e-02 
 2.350000e+04  2.062801e+02 -2.624456e-02  2.479993e-02 -1.646201e-02 
 2.355000e+04  2.116968e+02 -2.642015e-02  2.495187e-02 -1.656777e-02 
 2.360000e+04  2.171135e+02 -2.659176e-02  2.510033e-02 -1.667120e-02 
 2.365000e+04  2.226006e+02 -2.676137e-02  2.524701e-02 -1.677336e-02 
 2.370000e+04  2.285612e+02 -2.694160e-02  2.540271e-02 -1.688185e-02 
 2.375000e+04  2.345331e+02 -2.711814e-02  2.555514e-02 -1.698820e-02 
 2.380000e+04  2.405050e+02 -2.729038e-02  2.570375e-02 -1.709193e-02 
 2.385000e+04  2.468783e+02 -2.746990e-02  2.585835e-02 -1.719993e-02 
 2.390000e+04  2.534623e+02 -2.765138e-02  2.601444e-02 -1.730911e-02 
 2.395000e+04  2.600464e+02 -2.782853e-02  2.616672e-02 -1.741575e-02 
 2.400000e+04  2.668510e+02 -2.800721e-02  2.632002e-02 -1.752321e-02 
 2.405000e+04  2.741099e+02 -2.819366e-02  2.647976e-02 -1.763531e-02 
 2.410000e+04  2.813688e+02 -2.837578e-02  2.663563e-02 -1.774483e-02 
 2.415000e+04  2.886277e+02 -2.855342e-02  2.678741e-02 -1.785162e-02 
 2.420000e+04  2.962572e+02 -2.873564e-02  2.694295e-02 -1.796116e-02 
 2.425000e+04  3.042601e+02 -2.892240e-02  2.710232e-02 -1.807352e-02 
 2.430000e+04  3.122631e+02 -2.910473e-02  2.725777e-02 -1.818311e-02 
 2.435000e+04  3.202660e+02 -2.928262e-02  2.740909e-02 -1.829000e-02 
 2.440000e+04  3.285331e+02 -2.946203e-02  2.756162e-02 -1.839793e-02 
 2.445000e+04  3.369362e+02 -2.964013e-02  2.771308e-02 -1.850507e-02 
 2.450000e+04  3.456502e+02 -2.982049e-02  2.786628e-02 -1.861363e-02 
 2.455000e+04  3.544734e+02 -2.999903e-02  2.801793e-02 -1.872116e-02 
 2.460000e+04  3.632967e+02 -3.017340e-02  2.816583e-02 -1.882628e-02 
 2.465000e+04  3.721729e+02 -3.034464e-02  2.831115e-02 -1.892960e-02 
 2.470000e+04  3.814373e+02 -3.051939e-02  2.845954e-02 -1.903506e-02 
 2.475000e+04  3.909704e+02 -3.069535e-02  2.860886e-02 -1.914125e-02 
 2.480000e+04  4.006980e+02 -3.087104e-02  2.875776e-02 -1.924732e-02 
 2.485000e+04  4.104743e+02 -3.104361e-02  2.890382e-02 -1.935159e-02 
 2.490000e+04  4.206883e+02 -3.121991e-02  2.905300e-02 -1.945826e-02 
 2.495000e+04  4.309023e+02 -3.139224e-02  2.919878e-02 -1.956257e-02 
 2.500000e+04  4.411163e+02 -3.156068e-02  2.934111e-02 -1.966455e-02 
 2.505000e+04  4.516061e+02 -3.172991e-02  2.948393e-02 -1.976703e-02 
 2.510000e+04  4.627169e+02 -3.190552e-02  2.963209e-02 -1.987340e-02 
 2.515000e+04  4.739779e+02 -3.207981e-02  2.977917e-02 -1.997911e-02 
 2.520000e+04  4.852388e+02 -3.225023e-02  2.992299e-02 -2.008248e-02 
 2.525000e+04  4.964998e+02 -3.241690e-02  3.006337e-02 -2.018354e-02 
 2.530000e+04  5.077607e+02 -3.257982e-02  3.020059e-02 -2.028243e-02 
 2.535000e+04  5.191282e+02 -3.274061e-02  3.033612e-02 -2.038017e-02 
 2.540000e+04  5.307022e+02 -3.290102e-02  3.047186e-02 -2.047782e-02 
 2.545000e+04  5.422763e+02 -3.305841e-02  3.060513e-02 -2.057367e-02 
 2.550000e+04  5.538504e+02 -3.321270e-02  3.073583e-02 -2.066780e-02 
 2.555000e+04  5.654245e+02 -3.336395e-02  3.086398e-02 -2.076022e-02 
 2.560000e+04  5.769985e+02 -3.351234e-02  3.098985e-02 -2.085099e-02 
 2.565000e+04  5.885726e+02 -3.365793e-02  3.111332e-02 -2.094005e-02 
 2.570000e+04  6.001467e+02 -3.380087e-02  3.123426e-02 -2.102742e-02 
 2.575000e+04  6.117208e+02 -3.394146e-02  3.135294e-02 -2.111339e-02 
 2.580000e+04  6.232948e+02 -3.407991e-02  3.146972e-02 -2.119814e-02 
 2.585000e+04  6.348689e+02 -3.421618e-02  3.158449e-02 -2.128158e-02 
 2.590000e+04  6.464430e+02 -3.435028e-02  3.169728e-02 -2.136380e-02 
 2.595000e+04  6.580170e+02 -3.448238e-02  3.180820e-02 -2.144499e-02 
 2.600000e+04  6.695911e+02 -3.461254e-02  3.191745e-02 -2.152517e-02 
 2.605000e+04  6.811652e+02 -3.474075e-02  3.202493e-02 -2.160427e-02 
 2.610000e+04  6.927393e+02 -3.486700e-02  3.213073e-02 -2.168234e-02 
 2.615000e+04  7.043133e+02 -3.499147e-02  3.223496e-02 -2.175956e-02 
 2.620000e+04  7.158874e+02 -3.511428e-02  3.233771e-02 -2.183592e-02 
 2.625000e+04  7.274615e+02 -3.523547e-02  3.243913e-02 -2.191147e-02 
 2.630000e+04  7.390356e+02 -3.535512e-02  3.253928e-02 -2.198613e-02 
 2.635000e+04  7.506096e+02 -3.547334e-02  3.263809e-02 -2.205997e-02 
 2.640000e+04  7.621837e+02 -3.559009e-02  3.273560e-02 -2.213301e-02 
 2.645000e+04  7.737578e+02 -3.570543e-02  3.283190e-02 -2.220526e-02 
 2.650000e+04  7.853319e+02 -3.581952e-02  3.292710e-02 -2.227672e-02 
 2.655000e+04  7.969059e+02 -3.593249e-02  3.302125e-02 -2.234740e-02 
 2.660000e+04  8.084800e+02 -3.604452e-02  3.311440e-02 -2.241729e-02 
 2.665000e+04  8.200541e+02 -3.615571e-02  3.320660e-02 -2.248652e-02 
 2.670000e+04  8.316282e+02 -3.626594e-02  3.329785e-02 -2.255513e-02 
 2.675000e+04  8.432022e+02 -3.637513e-02  3.338825e-02 -2.262305e-02 
 2.680000e+04  8.547763e+02 -3.648338e-02  3.347784e-02 -2.269036e-02 
 2.685000e+04  8.663504e+02 -3.659073e-02  3.356667e-02 -2.275710e-02 
 2.690000e+04  8.779245e+02 -3.669715e-02  3.365480e-02 -2.282321e-02 
 2.695000e+04  8.894985e+02 -3.680270e-02  3.374228e-02 -2.288876e-02 
 2.700000e+04  9.010726e+02 -3.690739e-02  3.382925e-02 -2.295375e-02 
 2.705000e+04  9.126467e+02 -3.701123e-02  3.391582e-02 -2.301822e-02 
 2.710000e+04  9.242208e+02 -3.711426e-02  3.400197e-02 -2.308219e-02 
 2.715000e+04  9.357948e+02 -3.721645e-02  3.408769e-02 -2.314565e-02 
 2.720000e+04  9.473689e+02 -3.731775e-02  3.417301e-02 -2.320861e-02 
 2.725000e+04  9.589430e+02 -3.741815e-02  3.425795e-02 -2.327110e-02 
 2.730000e+04  9.705170e+02 -3.751762e-02  3.434242e-02 -2.333310e-02 
 2.735000e+04  9.820911e+02 -3.761616e-02  3.442643e-02 -2.339455e-02 
 2.740000e+04  9.936652e+02 -3.771385e-02  3.451004e-02 -2.345549e-02 
 2.745000e+04  1.005239e+03 -3.781068e-02  3.459320e-02 -2.351591e-02 
 2.750000e+04  1.016813e+03 -3.790662e-02  3.467580e-02 -2.357581e-02 
 2.755000e+04  1.028387e+03 -3.800175e-02  3.475783e-02 -2.363520e-02 
 2.760000e+04  1.039961e+03 -3.809609e-02  3.483926e-02 -2.369410e-02 
 2.765000e+04  1.051536e+03 -3.818958e-02  3.492001e-02 -2.375244e-02 
 2.770000e+04  1.063110e+03 -3.828228e-02  3.500014e-02 -2.381029e-02 
 2.775000e+04  1.074684e+03 -3.837425e-02  3.507967e-02 -2.386767e-02 
 2.780000e+04  1.086258e+03 -3.846559e-02  3.515864e-02 -2.392462e-02 
 2.785000e+04  1.097832e+03 -3.855628e-02  3.523703e-02 -2.398113e-02 
 2.790000e+04  1.109406e+03 -3.864638e-02  3.531486e-02 -2.403719e-02 
 2.795000e+04  1.120980e+03 -3.873587e-02  3.539212e-02 -2.409288e-02 
 2.800000e+04  1.132554e+03 -3.882477e-02  3.546878e-02 -2.414819e-02 
 2.805000e+04  1.144128e+03 -3.891304e-02  3.554480e-02 -2.420314e-02 
 2.810000e+04  1.155702e+03 -3.900071e-02  3.562015e-02 -2.425771e-02 
 2.815000e+04  1.167276e+03 -3.908774e-02  3.569487e-02 -2.431190e-02 
 2.820000e+04  1.178850e+03 -3.917411e-02  3.576904e-02 -2.436574e-02 
 2.825000e+04  1.190424e+03 -3.925976e-02  3.584265e-02 -2.441922e-02 
 2.830000e+04  1.201999e+03 -3.934473e-02  3.591573e-02 -2.447234e-02 
 2.835000e+04  1.213573e+03 -3.942904e-02  3.598832e-02 -2.452515e-02 
 2.840000e+04  1.225147e+03 -3.951269e-02  3.606037e-02 -2.457761e-02 
 2.845000e+04  1.236721e+03 -3.959569e-02  3.613188e-02 -2.462973e-02 
 2.850000e+04  1.248295e+03 -3.967810e-02  3.620289e-02 -2.468157e-02 
 2.855000e+04  1.259869e+03 -3.975989e-02  3.627340e-02 -2.473312e-02 
 2.860000e+04  1.271443e+03 -3.984109e-02  3.634337e-02 -2.478437e-02 
 2.865000e+04  1.283017e+03 -3.992175e-02  3.641283e-02 -2.483483e-02 
 2.870000e+04  1.294591e+03 -4.000196e-02  3.648156e-02 -2.488498e-02 
 2.875000e+04  1.306165e+03 -4.008153e-02  3.654953e-02 -2.493520e-02 
 2.880000e+04  1.317739e+03 -4.016025e-02  3.661713e-02 -2.498549e-02 
 2.885000e+04  1.329313e+03 -4.023876e-02  3.668453e-02 -2.503561e-02 
 2.890000e+04  1.340887e+03 -4.031724e-02  3.675169e-02 -2.508518e-02 
 2.895000e+04  1.352461e+03 -4.039543e-02  3.681837e-02 -2.513423e-02 
 2.900000e+04  1.364036e+03 -4.047254e-02  3.688449e-02 -2.518319e-02 
 2.905000e+04  1.375610e+03 -4.054882e-02  3.694987e-02 -2.523206e-02 
 2.910000e+04  1.387184e+03 -4.062496e-02  3.701480e-02 -2.528091e-02 
 2.915000e+04  1.398758e+03 -4.070076e-02  3.707926e-02 -2.532932e-02 
 2.920000e+04  1.410332e+03 -4.077627e-02  3.714342e-02 -2.537728e-02 
 2.925000e+04  1.421906e+03 -4.085144e-02  3.720728e-02 -2.542522e-02 
 2.930000e+04  1.433480e+03 -4.092591e-02  3.727085e-02 -2.547319e-02 
 2.935000e+04  1.445054e+03 -4.100005e-02  3.733393e-02 -2.552108e-02 
 2.940000e+04  1.456628e+03 -4.107403e-02  3.739669e-02 -2.556863e-02 
 2.945000e+04  1.468202e+03 -4.114752e-02  3.745911e-02 -2.561584e-02 
 2.950000e+04  1.479776e+03 -4.122045e-02  3.752136e-02 -2.566295e-02 
 2.955000e+04  1.491350e+03 -4.129316e-02  3.758308e-02 -2.570993e-02 
 2.960000e+04  1.502924e+03 -4.136566e-02  3.764431e-02 -2.575684e-02 
 2.965000e+04  1.514499e+03 -4.143800e-02  3.770514e-02 -2.580370e-02 
 2.970000e+04  1.526073e+03 -4.150996e-02  3.776573e-02 -2.585039e-02 
 2.975000e+04  1.537647e+03 -4.158148e-02  3.782614e-02 -2.589668e-02 
 2.980000e+04  1.549221e+03 -4.165245e-02  3.788638e-02 -2.594300e-02 
 2.985000e+04  1.560795e+03 -4.172308e-02  3.794618e-02 -2.598909e-02 
 2.990000e+04  1.572369e+03 -4.179345e-02  3.800550e-02 -2.603488e-02 
 2.995000e+04  1.583943e+03 -4.186357e-02  3.806442e-02 -2.608062e-02 
 3.000000e+04  1.595517e+03 -4.193345e-02  3.812313e-02 -2.612629e-02 
 3.005000e+04  1.607091e+03 -4.200294e-02  3.818159e-02 -2.617174e-02 
 3.010000e+04  1.618665e+03 -4.207234e-02  3.823965e-02 -2.621725e-02 
 3.015000e+04  1.630239e+03 -4.214165e-02  3.829760e-02 -2.626275e-02 
 3.020000e+04  1.641813e+03 -4.221058e-02  3.835539e-02 -2.630783e-02 
 3.025000e+04  1.653387e+03 -4.227900e-02  3.841311e-02 -2.635256e-02 
 3.030000e+04  1.664961e+03 -4.234641e-02  3.847063e-02 -2.639710e-02 
 3.035000e+04  1.676536e+03 -4.241336e-02  3.852773e-02 -2.644148e-02 
 3.040000e+04  1.688110e+03 -4.248039e-02  3.858446e-02 -2.648599e-02 
 3.045000e+04  1.699684e+03 -4.254766e-02  3.864093e-02 -2.653048e-02 
 3.050000e+04  1.711258e+03 -4.261480e-02  3.869721e-02 -2.657481e-02 
 3.055000e+04  1.722832e+03 -4.268176e-02  3.875340e-02 -2.661885e-02 
 3.060000e+04  1.734406e+03 -4.274858e-02  3.880955e-02 -2.666262e-02 
 3.065000e+04  1.745980e+03 -4.281435e-02  3.886552e-02 -2.670593e-02 
 3.070000e+04  1.757554e+03 -4.287965e-02  3.892098e-02 -2.674906e-02 
 3.075000e+04  1.769128e+03 -4.294471e-02  3.897589e-02 -2.679200e-02 
 3.080000e+04  1.780702e+03 -4.300971e-02  3.903036e-02 -2.683522e-02 
 3.085000e+04  1.792276e+03 -4.307493e-02  3.908473e-02 -2.687856e-02 
 3.090000e+04  1.803850e+03 -4.314025e-02  3.913905e-02 -2.692181e-02 
 3.095000e+04  1.815424e+03 -4.320563e-02  3.919345e-02 -2.696470e-02 
 3.100000e+04  1.826999e+03 -4.327059e-02  3.924775e-02 -2.700728e-02 
 3.105000e+04  1.838573e+03 -4.333518e-02  3.930180e-02 -2.704973e-02 
 3.110000e+04  1.850147e+03 -4.339915e-02  3.935563e-02 -2.709205e-02 
 3.115000e+04  1.861721e+03 -4.346255e-02  3.940920e-02 -2.713392e-02 
 3.120000e+04  1.873295e+03 -4.352571e-02  3.946188e-02 -2.717541e-02 
 3.125000e+04  1.884869e+03 -4.358897e-02  3.951425e-02 -2.721688e-02 
 3.130000e+04  1.896443e+03 -4.365148e-02  3.956689e-02 -2.725844e-02 
 3.135000e+04  1.908017e+03 -4.371407e-02  3.961976e-02 -2.729988e-02 
 3.140000e+04  1.919591e+03 -4.377674e-02  3.967244e-02 -2.734122e-02 
 3.145000e+04  1.931165e+03 -4.383933e-02  3.972464e-02 -2.738236e-02 
 3.150000e+04  1.942739e+03 -4.390169e-02  3.977657e-02 -2.742340e-02 
 3.155000e+04  1.954313e+03 -4.396356e-02  3.982867e-02 -2.746433e-02 
 3.160000e+04  1.965887e+03 -4.402492e-02  3.988106e-02 -2.750492e-02 
 3.165000e+04  1.977461e+03 -4.408584e-02  3.993348e-02 -2.754531e-02 
 3.170000e+04  1.989036e+03 -4.414670e-02  3.998538e-02 -2.758570e-02 
 3.175000e+04  2.000610e+03 -4.420749e-02  4.003683e-02 -2.762616e-02 
 3.180000e+04  2.012184e+03 -4.426826e-02  4.008813e-02 -2.766640e-02 
 3.185000e+04  2.023758e+03 -4.432902e-02  4.013922e-02 -2.770644e-02 
 3.190000e+04  2.035332e+03 -4.438929e-02  4.019011e-02 -2.774624e-02 
 3.195000e+04  2.046906e+03 -4.444944e-02  4.024089e-02 -2.778594e-02 
 3.200000e+04  2.058480e+03 -4.450933e-02  4.029143e-02 -2.782542e-02 
 3.205000e+04  2.070054e+03 -4.456893e-02  4.034173e-02 -2.786457e-02 
 3.210000e+04  2.081628e+03 -4.462820e-02  4.039204e-02 -2.790315e-02 
 3.215000e+04  2.093202e+03 -4.468753e-02  4.044194e-02 -2.794192e-02 
 3.220000e+04  2.104776e+03 -4.474679e-02  4.049196e-02 -2.798100e-02 
 3.225000e+04  2.116350e+03 -4.480552e-02  4.054213e-02 -2.802018e-02 
 3.230000e+04  2.127924e+03 -4.486397e-02  4.059221e-02 -2.805927e-02 
 3.235000e+04  2.139499e+03 -4.492267e-02  4.064237e-02 -2.809806e-02 
 3.240000e+04  2.151073e+03 -4.498142e-02  4.069243e-02 -2.813669e-02 
 3.245000e+04  2.162647e+03 -4.504026e-02  4.074229e-02 -2.817524e-02 
 3.250000e+04  2.174221e+03 -4.509839e-02  4.079197e-02 -2.821368e-02 
 3.255000e+04  2.185795e+03 -4.515563e-02  4.084150e-02 -2.825200e-02 
 3.260000e+04  2.197369e+03 -4.521276e-02  4.089078e-02 -2.829023e-02 
 3.265000e+04  2.208943e+03 -4.527010e-02  4.093999e-02 -2.832818e-02 
 3.270000e+04  2.220517e+03 -4.532741e-02  4.098908e-02 -2.836590e-02 
 3.275000e+04  2.232091e+03 -4.538459e-02  4.103822e-02 -2.840361e-02 
 3.280000e+04  2.243665e+03 -4.544174e-02  4.108700e-02 -2.844123e-02 
 3.285000e+04  2.255239e+03 -4.549879e-02  4.113510e-02 -2.847897e-02 
 3.290000e+04  2.266813e+03 -4.555581e-02  4.118295e-02 -2.851666e-02 
 3.295000e+04  2.278387e+03 -4.561261e-02  4.123099e-02 -2.855398e-02 
 3.300000e+04  2.289961e+03 -4.566901e-02  4.127892e-02 -2.859121e-02 
 3.305000e+04  2.301536e+03 -4.572488e-02  4.132684e-02 -2.862848e-02 
 3.310000e+04  2.313110e+03 -4.578067e-02  4.137485e-02 -2.866572e-02 
 3.315000e+04  2.324684e+03 -4.583666e-02  4.142288e-02 -2.870293e-02 
 3.320000e+04  2.336258e+03 -4.589286e-02  4.147074e-02 -2.874011e-02 
 3.325000e+04  2.347832e+03 -4.594915e-02  4.151804e-02 -2.877715e-02 
 3.330000e+04  2.359406e+03 -4.600529e-02  4.156501e-02 -2.881397e-02 
 3.335000e+04  2.370980e+03 -4.606080e-02  4.161205e-02 -2.885048e-02 
 3.340000e+04  2.382554e+03 -4.611588e-02  4.165876e-02 -2.888691e-02 
 3.345000e+04  2.394128e+03 -4.617082e-02  4.170514e-02 -2.892334e-02 
 3.350000e+04  2.405702e+03 -4.622523e-02  4.175152e-02 -2.895978e-02 
 3.355000e+04  2.417276e+03 -4.627953e-02  4.179797e-02 -2.899622e-02 
 3.360000e+04  2.428850e+03 -4.633402e-02  4.184478e-02 -2.903266e-02 
 3.365000e+04  2.440424e+03 -4.638838e-02  4.189196e-02 -2.906903e-02 
 3.370000e+04  2.451999e+03 -4.644289e-02  4.193924e-02 -2.910525e-02 
 3.375000e+04  2.463573e+03 -4.649746e-02  4.198639e-02 -2.914142e-02 
 3.380000e+04  2.475147e+03 -4.655180e-02  4.203338e-02 -2.917760e-02 
 3.385000e+04  2.486721e+03 -4.660534e-02  4.207995e-02 -2.921374e-02 
 3.390000e+04  2.498295e+03 -4.665861e-02  4.212606e-02 -2.924967e-02 
 3.395000e+04  2.509869e+03 -4.671199e-02  4.217186e-02 -2.928548e-02 
 3.400000e+04  2.521443e+03 -4.676546e-02  4.221755e-02 -2.932106e-02 
 3.405000e+04  2.533017e+03 -4.681893e-02  4.226338e-02 -2.935666e-02 
 3.410000e+04  2.544591e+03 -4.687219e-02  4.230943e-02 -2.939235e-02 
 3.415000e+04  2.556165e+03 -4.692528e-02  4.235535e-02 -2.942802e-02 
 3.420000e+04  2.567739e+03 -4.697853e-02  4.240094e-02 -2.946359e-02 
 3.425000e+04  2.579313e+03 -4.703195e-02  4.244671e-02 -2.949886e-02 
 3.430000e+04  2.590887e+03 -4.708545e-02  4.249248e-02 -2.953407e-02 
 3.435000e+04  2.602461e+03 -4.713834e-02  4.253829e-02 -2.956913e-02 
 3.440000e+04  2.614036e+03 -4.719073e-02  4.258364e-02 -2.960413e-02 
 3.445000e+04  2.625610e+03 -4.724303e-02  4.262831e-02 -2.963933e-02 
 3.450000e+04  2.637184e+03 -4.729529e-02  4.267260e-02 -2.967464e-02 
 3.455000e+04  2.648758e+03 -4.734750e-02  4.271712e-02 -2.970997e-02 
 3.460000e+04  2.660332e+03 -4.739983e-02  4.276185e-02 -2.974520e-02 
 3.465000e+04  2.671906e+03 -4.745237e-02  4.280692e-02 -2.978023e-02 
 3.470000e+04  2.683480e+03 -4.750487e-02  4.285212e-02 -2.981518e-02 
 3.475000e+04  2.695054e+03 -4.755708e-02  4.289737e-02 -2.984999e-02 
 3.480000e+04  2.706628e+03 -4.760879e-02  4.294245e-02 -2.988478e-02 
 3.485000e+04  2.718202e+03 -4.766004e-02  4.298730e-02 -2.991958e-02 
 3.490000e+04  2.729776e+03 -4.771123e-02  4.303188e-02 -2.995436e-02 
 3.495000e+04  2.741350e+03 -4.776253e-02  4.307642e-02 -2.998909e-02 
 3.500000e+04  2.752924e+03 -4.781380e-02  4.312090e-02 -3.002367e-02 
 3.505000e+04  2.764499e+03 -4.786521e-02  4.316533e-02 -3.005820e-02 
 3.510000e+04  2.776073e+03 -4.791661e-02  4.320953e-02 -3.009277e-02 
 3.515000e+04  2.787647e+03 -4.796785e-02  4.325351e-02 -3.012732e-02 
 3.520000e+04  2.799221e+03 -4.801897e-02  4.329714e-02 -3.016181e-02 
 3.525000e+04  2.810795e+03 -4.806974e-02  4.334063e-02 -3.019610e-02 
 3.530000e+04  2.822369e+03 -4.812042e-02  4.338400e-02 -3.023028e-02 
 3.535000e+04  2.833943e+03 -4.817114e-02  4.342745e-02 -3.026451e-02 
 3.540000e+04  2.845517e+03 -4.822194e-02  4.347100e-02 -3.029880e-02 
 3.545000e+04  2.857091e+03 -4.827291e-02  4.351442e-02 -3.033313e-02 
 3.550000e+04  2.868665e+03 -4.832391e-02  4.355777e-02 -3.036742e-02 
 3.555000e+04  2.880239e+03 -4.837490e-02  4.360109e-02 -3.040163e-02 
 3.560000e+04  2.891813e+03 -4.842569e-02  4.364441e-02 -3.043572e-02 
 3.565000e+04  2.903387e+03 -4.847595e-02  4.368778e-02 -3.046955e-02 
 3.570000e+04  2.914961e+03 -4.852602e-02  4.373118e-02 -3.050328e-02 
 3.575000e+04  2.926536e+03 -4.857595e-02  4.377450e-02 -3.053687e-02 
 3.580000e+04  2.938110e+03 -4.862567e-02  4.381785e-02 -3.057051e-02 
 3.585000e+04  2.949684e+03 -4.867534e-02  4.386128e-02 -3.060425e-02 
 3.590000e+04  2.961258e+03 -4.872499e-02  4.390486e-02 -3.063808e-02 
 3.595000e+04  2.972832e+03 -4.877468e-02  4.394820e-02 -3.067176e-02 
 3.600000e+04  2.984406e+03 -4.882436e-02  4.399145e-02 -3.070546e-02 
 3.605000e+04  2.995980e+03 -4.887397e-02  4.403466e-02 -3.073917e-02 
 3.610000e+04  3.007554e+03 -4.892319e-02  4.407783e-02 -3.077265e-02 
 3.615000e+04  3.019128e+03 -4.897200e-02  4.412096e-02 -3.080597e-02 
 3.620000e+04  3.030702e+03 -4.902081e-02  4.416391e-02 -3.083916e-02 
 3.625000e+04  3.042276e+03 -4.906978e-02  4.420668e-02 -3.087239e-02 
 3.630000e+04  3.053850e+03 -4.911894e-02  4.424934e-02 -3.090560e-02 
 3.635000e+04  3.065424e+03 -4.916827e-02  4.429182e-02 -3.093881e-02 
 3.640000e+04  3.076999e+03 -4.921766e-02  4.433426e-02 -3.097199e-02 
 3.645000e+04  3.088573e+03 -4.926692e-02  4.437675e-02 -3.100509e-02 
 3.650000e+04  3.100147e+03 -4.931604e-02  4.441921e-02 -3.103807e-02 
 3.655000e+04  3.111721e+03 -4.936512e-02  4.446168e-02 -3.107108e-02 
 3.660000e+04  3.123295e+03 -4.941416e-02  4.450413e-02 -3.110409e-02 
 3.665000e+04  3.134869e+03 -4.946310e-02  4.454655e-02 -3.113707e-02 
 3.670000e+04  3.146443e+03 -4.951178e-02  4.458900e-02 -3.117000e-02 
 3.675000e+04  3.158017e+03 -4.956040e-02  4.463152e-02 -3.120282e-02 
 3.680000e+04  3.169591e+03 -4.960898e-02  4.467403e-02 -3.123555e-02 
 3.685000e+04  3.181165e+03 -4.965726e-02  4.471640e-02 -3.126808e-02 
 3.690000e+04  3.192739e+03 -4.970541e-02  4.475854e-02 -3.130056e-02 
 3.695000e+04  3.204313e+03 -4.975346e-02  4.480064e-02 -3.133306e-02 
 3.700000e+04  3.215887e+03 -4.980151e-02  4.484275e-02 -3.136567e-02 
 3.705000e+04  3.227461e+03 -4.984959e-02  4.488496e-02 -3.139815e-02 
 3.710000e+04  3.239036e+03 -4.989772e-02  4.492722e-02 -3.143053e-02 
 3.715000e+04  3.250610e+03 -4.994582e-02  4.496948e-02 -3.146295e-02 
 3.720000e+04  3.262184e+03 -4.999378e-02  4.501165e-02 -3.149539e-02 
 3.725000e+04  3.273758e+03 -5.004178e-02  4.505367e-02 -3.152776e-02 
 3.730000e+04  3.285332e+03 -5.008990e-02  4.509560e-02 -3.155996e-02 
 3.735000e+04  3.296906e+03 -5.013803e-02  4.513742e-02 -3.159208e-02 
 3.740000e+04  3.308480e+03 -5.018585e-02  4.517896e-02 -3.162414e-02 
 3.745000e+04  3.320054e+03 -5.023372e-02  4.522036e-02 -3.165629e-02 
 3.750000e+04  3.331628e+03 -5.028133e-02  4.526175e-02 -3.168849e-02 
 3.755000e+04  3.343202e+03 -5.032901e-02  4.530307e-02 -3.172060e-02 
 3.760000e+04  3.354776e+03 -5.037685e-02  4.534434e-02 -3.175271e-02 
 3.765000e+04  3.366350e+03 -5.042474e-02  4.538561e-02 -3.178479e-02 
 3.770000e+04  3.377924e+03 -5.047249e-02  4.542678e-02 -3.181672e-02 
 3.775000e+04  3.389499e+03 -5.052013e-02  4.546787e-02 -3.184842e-02 
 3.780000e+04  3.401073e+03 -5.056767e-02  4.550886e-02 -3.188007e-02 
 3.785000e+04  3.412647e+03 -5.061507e-02  4.554966e-02 -3.191182e-02 
 3.790000e+04  3.424221e+03 -5.066234e-02  4.559035e-02 -3.194364e-02 
 3.795000e+04  3.435795e+03 -5.070956e-02  4.563090e-02 -3.197540e-02 
 3.800000e+04  3.447369e+03 -5.075673e-02  4.567145e-02 -3.200720e-02 
 3.805000e+04  3.458943e+03 -5.080385e-02  4.571209e-02 -3.203894e-02 
 3.810000e+04  3.470517e+03 -5.085079e-02  4.575277e-02 -3.207062e-02 
 3.815000e+04  3.482091e+03 -5.089754e-02  4.579355e-02 -3.210217e-02 
 3.820000e+04  3.493665e+03 -5.094417e-02  4.583426e-02 -3.213357e-02 
 3.825000e+04  3.505239e+03 -5.099072e-02  4.587490e-02 -3.216483e-02 
 3.830000e+04  3.516813e+03 -5.103724e-02  4.591545e-02 -3.219613e-02 
 3.835000e+04  3.528387e+03 -5.108357e-02  4.595587e-02 -3.222751e-02 
 3.840000e+04  3.539961e+03 -5.112976e-02  4.599624e-02 -3.225891e-02 
 3.845000e+04  3.551536e+03 -5.117594e-02  4.603653e-02 -3.229034e-02 
 3.850000e+04  3.563110e+03 -5.122223e-02  4.607668e-02 -3.232180e-02 
 3.855000e+04  3.574684e+03 -5.126863e-02  4.611632e-02 -3.235317e-02 
 3.860000e+04  3.586258e+03 -5.131506e-02  4.615597e-02 -3.238437e-02 
 3.865000e+04  3.597832e+03 -5.136142e-02  4.619575e-02 -3.241548e-02 
 3.870000e+04  3.609406e+03 -5.140765e-02  4.623567e-02 -3.244648e-02 
 3.875000e+04  3.620980e+03 -5.145384e-02  4.627562e-02 -3.247746e-02 
 3.880000e+04  3.632554e+03 -5.150002e-02  4.631547e-02 -3.250853e-02 
 3.885000e+04  3.644128e+03 -5.154613e-02  4.635516e-02 -3.253969e-02 
 3.890000e+04  3.655702e+03 -5.159211e-02  4.639466e-02 -3.257082e-02 
 3.895000e+04  3.667276e+03 -5.163793e-02  4.643399e-02 -3.260184e-02 
 3.900000e+04  3.678850e+03 -5.168366e-02  4.647324e-02 -3.263286e-02 
 3.905000e+04  3.690424e+03 -5.172943e-02  4.651251e-02 -3.266384e-02 
 3.910000e+04  3.701999e+03 -5.177515e-02  4.655152e-02 -3.269473e-02 
 3.915000e+04  3.713573e+03 -5.182069e-02  4.659032e-02 -3.272554e-02 
 3.920000e+04  3.725147e+03 -5.186610e-02  4.662898e-02 -3.275634e-02 
 3.925000e+04  3.736721e+03 -5.191147e-02  4.666783e-02 -3.278705e-02 
 3.930000e+04  3.748295e+03 -5.195668e-02  4.670683e-02 -3.281773e-02 
 3.935000e+04  3.759869e+03 -5.200188e-02  4.674601e-02 -3.284841e-02 
 3.940000e+04  3.771443e+03 -5.204686e-02  4.678533e-02 -3.287906e-02 
 3.945000e+04  3.783017e+03 -5.209180e-02  4.682456e-02 -3.290969e-02 
 3.950000e+04  3.794591e+03 -5.213647e-02  4.686334e-02 -3.294042e-02 
 3.955000e+04  3.806165e+03 -5.218114e-02  4.690165e-02 -3.297121e-02 
 3.960000e+04  3.817739e+03 -5.222579e-02  4.693968e-02 -3.300194e-02 
 3.965000e+04  3.829313e+03 -5.227044e-02  4.697776e-02 -3.303253e-02 
 3.970000e+04  3.840887e+03 -5.231508e-02  4.701600e-02 -3.306297e-02 
 3.975000e+04  3.852461e+03 -5.235982e-02  4.705429e-02 -3.309334e-02 
 3.980000e+04  3.864036e+03 -5.240458e-02  4.709261e-02 -3.312370e-02 
 3.985000e+04  3.875610e+03 -5.244934e-02  4.713089e-02 -3.315412e-02 
 3.990000e+04  3.887184e+03 -5.249412e-02  4.716911e-02 -3.318461e-02 
 3.995000e+04  3.898758e+03 -5.253864e-02  4.720734e-02 -3.321519e-02 
 4.000000e+04  3.910332e+03 -5.258310e-02  4.724547e-02 -3.324576e-02 
 4.005000e+04  3.921906e+03 -5.262755e-02  4.728342e-02 -3.327625e-02 
 4.010000e+04  3.933480e+03 -5.267207e-02  4.732127e-02 -3.330666e-02 
 4.015000e+04  3.945054e+03 -5.271662e-02  4.735913e-02 -3.333699e-02 
 4.020000e+04  3.956628e+03 -5.276099e-02  4.739691e-02 -3.336730e-02 
 4.025000e+04  3.968202e+03 -5.280502e-02  4.743451e-02 -3.339763e-02 
 4.030000e+04  3.979776e+03 -5.284906e-02  4.747197e-02 -3.342786e-02 
 4.035000e+04  3.991350e+03 -5.289311e-02  4.750936e-02 -3.345812e-02 
 4.040000e+04  4.002924e+03 -5.293704e-02  4.754674e-02 -3.348830e-02 
 4.045000e+04  4.014499e+03 -5.298077e-02  4.758421e-02 -3.351850e-02 
 4.050000e+04  4.026073e+03 -5.302444e-02  4.762164e-02 -3.354877e-02 
 4.055000e+04  4.037647e+03 -5.306802e-02  4.765906e-02 -3.357903e-02 
 4.060000e+04  4.049221e+03 -5.311165e-02  4.769645e-02 -3.360919e-02 
 4.065000e+04  4.060795e+03 -5.315536e-02  4.773380e-02 -3.363934e-02 
 4.070000e+04  4.072369e+03 -5.319911e-02  4.777123e-02 -3.366949e-02 
 4.075000e+04  4.083943e+03 -5.324285e-02  4.780867e-02 -3.369967e-02 
 4.080000e+04  4.095517e+03 -5.328656e-02  4.784607e-02 -3.372983e-02 
 4.085000e+04  4.107091e+03 -5.333022e-02  4.788335e-02 -3.375997e-02 
 4.090000e+04  4.118665e+03 -5.337350e-02  4.792052e-02 -3.379007e-02 
 4.095000e+04  4.130239e+03 -5.341668e-02  4.795757e-02 -3.382013e-02 
 4.100000e+04  4.141813e+03 -5.345978e-02  4.799457e-02 -3.385002e-02 
 4.105000e+04  4.153387e+03 -5.350235e-02  4.803155e-02 -3.387980e-02 
 4.110000e+04  4.164961e+03 -5.354496e-02  4.806860e-02 -3.390937e-02 
 4.115000e+04  4.176536e+03 -5.358779e-02  4.810574e-02 -3.393915e-02 
 4.120000e+04  4.188110e+03 -5.363086e-02  4.814316e-02 -3.396915e-02 
 4.125000e+04  4.199684e+03 -5.367403e-02  4.818056e-02 -3.399927e-02 
 4.130000e+04  4.211258e+03 -5.371712e-02  4.821784e-02 -3.402940e-02 
 4.135000e+04  4.222832e+03 -5.376010e-02  4.825502e-02 -3.405951e-02 
 4.140000e+04  4.234406e+03 -5.380299e-02  4.829212e-02 -3.408944e-02 
 4.145000e+04  4.245980e+03 -5.384583e-02  4.832909e-02 -3.411924e-02 
 4.150000e+04  4.257554e+03 -5.388868e-02  4.836587e-02 -3.414895e-02 
 4.155000e+04  4.269128e+03 -5.393168e-02  4.840259e-02 -3.417862e-02 
 4.160000e+04  4.280702e+03 -5.397487e-02  4.843932e-02 -3.420836e-02 
 4.165000e+04  4.292276e+03 -5.401808e-02  4.847599e-02 -3.423819e-02 
 4.170000e+04  4.303850e+03 -5.406133e-02  4.851254e-02 -3.426808e-02 
 4.175000e+04  4.315424e+03 -5.410461e-02  4.854892e-02 -3.429795e-02 
 4.180000e+04  4.326999e+03 -5.414790e-02  4.858517e-02 -3.432779e-02 
 4.185000e+04  4.338573e+03 -5.419097e-02  4.862148e-02 -3.435760e-02 
 4.190000e+04  4.350147e+03 -5.423377e-02  4.865792e-02 -3.438728e-02 
 4.195000e+04  4.361721e+03 -5.427648e-02  4.869449e-02 -3.441689e-02 
 4.200000e+04  4.373295e+03 -5.431906e-02  4.873119e-02 -3.444649e-02 
 4.205000e+04  4.384869e+03 -5.436157e-02  4.876792e-02 -3.447605e-02 
 4.210000e+04  4.396443e+03 -5.440400e-02  4.880473e-02 -3.450563e-02 
 4.215000e+04  4.408017e+03 -5.444632e-02  4.884147e-02 -3.453523e-02 
 4.220000e+04  4.419591e+03 -5.448846e-02  4.887792e-02 -3.456480e-02 
 4.225000e+04  4.431165e+03 -5.453051e-02  4.891419e-02 -3.459431e-02 
 4.230000e+04  4.442739e+03 -5.457252e-02  4.895034e-02 -3.462377e-02 
 4.235000e+04  4.454313e+03 -5.461458e-02  4.898653e-02 -3.465315e-02 
 4.240000e+04  4.465887e+03 -5.465664e-02  4.902282e-02 -3.468253e-02 
 4.245000e+04  4.477461e+03 -5.469872e-02  4.905917e-02 -3.471187e-02 
 4.250000e+04  4.489036e+03 -5.474082e-02  4.909553e-02 -3.474118e-02 
 4.255000e+04  4.500610e+03 -5.478298e-02  4.913178e-02 -3.477047e-02 
 4.260000e+04  4.512184e+03 -5.482526e-02  4.916785e-02 -3.479972e-02 
 4.265000e+04  4.523758e+03 -5.486761e-02  4.920376e-02 -3.482890e-02 
 4.270000e+04  4.535332e+03 -5.491000e-02  4.923958e-02 -3.485809e-02 
 4.275000e+04  4.546906e+03 -5.495226e-02  4.927537e-02 -3.488730e-02 
 4.280000e+04  4.558480e+03 -5.499441e-02  4.931106e-02 -3.491645e-02 
 4.285000e+04  4.570054e+03 -5.503658e-02  4.934675e-02 -3.494556e-02 
 4.290000e+04  4.581628e+03 -5.507879e-02  4.938247e-02 -3.497463e-02 
 4.295000e+04  4.593202e+03 -5.512090e-02  4.941828e-02 -3.500366e-02 
 4.300000e+04  4.604776e+03 -5.516282e-02  4.945414e-02 -3.503268e-02 
 4.305000e+04  4.616350e+03 -5.520463e-02  4.949004e-02 -3.506167e-02 
 4.310000e+04  4.627924e+03 -5.524642e-02  4.952593e-02 -3.509068e-02 
 4.315000e+04  4.639499e+03 -5.528820e-02  4.956183e-02 -3.511967e-02 
 4.320000e+04  4.651073e+03 -5.532986e-02  4.959770e-02 -3.514846e-02 
 4.325000e+04  4.662647e+03 -5.537136e-02  4.963358e-02 -3.517719e-02 
 4.330000e+04  4.674221e+03 -5.541267e-02  4.966942e-02 -3.520596e-02 
 4.335000e+04  4.685795e+03 -5.545388e-02  4.970526e-02 -3.523475e-02 
 4.340000e+04  4.697369e+03 -5.549514e-02  4.974106e-02 -3.526353e-02 
 4.345000e+04  4.708943e+03 -5.553637e-02  4.977689e-02 -3.529230e-02 
 4.350000e+04  4.720517e+03 -5.557760e-02  4.981277e-02 -3.532109e-02 
 4.355000e+04  4.732091e+03 -5.561890e-02  4.984857e-02 -3.534990e-02 
 4.360000e+04  4.743665e+03 -5.566020e-02  4.988403e-02 -3.537863e-02 
 4.365000e+04  4.755239e+03 -5.570161e-02  4.991932e-02 -3.540727e-02 
 4.370000e+04  4.766813e+03 -5.574312e-02  4.995460e-02 -3.543595e-02 
 4.375000e+04  4.778387e+03 -5.578461e-02  4.998997e-02 -3.546465e-02 
 4.380000e+04  4.789961e+03 -5.582613e-02  5.002531e-02 -3.549334e-02 
 4.385000e+04  4.801536e+03 -5.586767e-02  5.006065e-02 -3.552206e-02 
 4.390000e+04  4.813110e+03 -5.590920e-02  5.009598e-02 -3.555073e-02 
 4.395000e+04  4.824684e+03 -5.595059e-02  5.013126e-02 -3.557934e-02 
 4.400000e+04  4.836258e+03 -5.599188e-02  5.016654e-02 -3.560789e-02 
 4.405000e+04  4.847832e+03 -5.603317e-02  5.020181e-02 -3.563642e-02 
 4.410000e+04  4.859406e+03 -5.607443e-02  5.023708e-02 -3.566490e-02 
 4.415000e+04  4.870980e+03 -5.611560e-02  5.027234e-02 -3.569337e-02 
 4.420000e+04  4.882554e+03 -5.615669e-02  5.030759e-02 -3.572188e-02 
 4.425000e+04  4.894128e+03 -5.619763e-02  5.034291e-02 -3.575041e-02 
 4.430000e+04  4.905702e+03 -5.623841e-02  5.037830e-02 -3.577892e-02 
 4.435000e+04  4.917276e+03 -5.627908e-02  5.041376e-02 -3.580736e-02 
 4.440000e+04  4.928850e+03 -5.631966e-02  5.044932e-02 -3.583573e-02 
 4.445000e+04  4.940424e+03 -5.636020e-02  5.048493e-02 -3.586404e-02 
 4.450000e+04  4.951999e+03 -5.640065e-02  5.052057e-02 -3.589232e-02 
 4.455000e+04  4.963573e+03 -5.644109e-02  5.055610e-02 -3.592058e-02 
 4.460000e+04  4.975147e+03 -5.648152e-02  5.059153e-02 -3.594880e-02 
 4.465000e+04  4.986721e+03 -5.652189e-02  5.062674e-02 -3.597703e-02 
 4.470000e+04  4.998295e+03 -5.656198e-02  5.066197e-02 -3.600528e-02 
 4.475000e+04  5.009869e+03 -5.660185e-02  5.069727e-02 -3.603357e-02 
 4.480000e+04  5.021443e+03 -5.664180e-02  5.073258e-02 -3.606171e-02 
 4.485000e+04  5.033017e+03 -5.668189e-02  5.076776e-02 -3.608978e-02 
 4.490000e+04  5.044591e+03 -5.672212e-02  5.080297e-02 -3.611781e-02 
 4.495000e+04  5.056165e+03 -5.676239e-02  5.083819e-02 -3.614583e-02 
 4.500000e+04  5.067739e+03 -5.680258e-02  5.087341e-02 -3.617383e-02 
 4.505000e+04  5.079313e+03 -5.684257e-02  5.090863e-02 -3.620183e-02 
 4.510000e+04  5.090887e+03 -5.688240e-02  5.094373e-02 -3.622982e-02 
 4.515000e+04  5.102461e+03 -5.692219e-02  5.097869e-02 -3.625783e-02 
 4.520000e+04  5.114036e+03 -5.696203e-02  5.101364e-02 -3.628580e-02 
 4.525000e+04  5.125610e+03 -5.700194e-02  5.104866e-02 -3.631376e-02 
 4.530000e+04  5.137184e+03 -5.704180e-02  5.108386e-02 -3.634169e-02 
 4.535000e+04  5.148758e+03 -5.708161e-02  5.111920e-02 -3.636958e-02 
 4.540000e+04  5.160332e+03 -5.712144e-02  5.115441e-02 -3.639742e-02 
 4.545000e+04  5.171906e+03 -5.716126e-02  5.118953e-02 -3.642518e-02 
 4.550000e+04  5.183480e+03 -5.720103e-02  5.122459e-02 -3.645294e-02 
 4.555000e+04  5.195054e+03 -5.724075e-02  5.125967e-02 -3.648070e-02 
 4.560000e+04  5.206628e+03 -5.728033e-02  5.129478e-02 -3.650846e-02 
 4.565000e+04  5.218202e+03 -5.731984e-02  5.132987e-02 -3.653625e-02 
 4.570000e+04  5.229776e+03 -5.735941e-02  5.136495e-02 -3.656406e-02 
 4.575000e+04  5.241350e+03 -5.739907e-02  5.140002e-02 -3.659186e-02 
 4.580000e+04  5.252924e+03 -5.743879e-02  5.143508e-02 -3.661956e-02 
 4.585000e+04  5.264499e+03 -5.747853e-02  5.147012e-02 -3.664722e-02 
 4.590000e+04  5.276073e+03 -5.751830e-02  5.150512e-02 -3.667486e-02 
 4.595000e+04  5.287647e+03 -5.755807e-02  5.154001e-02 -3.670248e-02 
