         Step [creep.tim... Z Displace... Z Displace... X Displace... 
------------- ------------- ------------- ------------- ------------- 
 5.250000e+03  1.276223e-07 -4.629353e-03  4.524540e-03 -2.433365e-03 
 5.300000e+03  3.886505e-06 -4.629572e-03  4.524656e-03 -2.433590e-03 
 5.350000e+03  2.935745e-05 -4.630586e-03  4.524898e-03 -2.434386e-03 
 5.400000e+03  1.539840e-04 -4.631198e-03  4.525115e-03 -2.434624e-03 
 5.450000e+03  5.541633e-04 -4.632042e-03  4.526460e-03 -2.436225e-03 
 5.500000e+03  9.949221e-04 -4.634932e-03  4.529432e-03 -2.439794e-03 
 5.550000e+03  1.435681e-03 -4.639710e-03  4.534256e-03 -2.444520e-03 
 5.600000e+03  1.981473e-03 -4.646743e-03  4.542082e-03 -2.450549e-03 
 5.650000e+03  2.800905e-03 -4.656872e-03  4.553872e-03 -2.458763e-03 
 5.700000e+03  3.683392e-03 -4.665145e-03  4.563183e-03 -2.465320e-03 
 5.750000e+03  4.689771e-03 -4.671384e-03  4.568723e-03 -2.470069e-03 
 5.800000e+03  5.699998e-03 -4.677440e-03  4.573347e-03 -2.475258e-03 
 5.850000e+03  6.710225e-03 -4.684936e-03  4.579717e-03 -2.482178e-03 
 5.900000e+03  7.720452e-03 -4.693818e-03  4.588530e-03 -2.490704e-03 
 5.950000e+03  8.793643e-03 -4.704104e-03  4.599826e-03 -2.500608e-03 
 6.000000e+03  1.032082e-02 -4.718533e-03  4.615756e-03 -2.513951e-03 
 6.050000e+03  1.188802e-02 -4.731657e-03  4.628536e-03 -2.524487e-03 
 6.100000e+03  1.356907e-02 -4.743168e-03  4.638350e-03 -2.532382e-03 
 6.150000e+03  1.529690e-02 -4.753938e-03  4.647939e-03 -2.539905e-03 
 6.200000e+03  1.702473e-02 -4.765124e-03  4.659017e-03 -2.548767e-03 
 6.250000e+03  1.875256e-02 -4.777344e-03  4.672166e-03 -2.559444e-03 
 6.300000e+03  2.050174e-02 -4.790714e-03  4.686910e-03 -2.572045e-03 
 6.350000e+03  2.275880e-02 -4.807729e-03  4.704798e-03 -2.588546e-03 
 6.400000e+03  2.507426e-02 -4.822280e-03  4.719436e-03 -2.602328e-03 
 6.450000e+03  2.759117e-02 -4.835624e-03  4.733362e-03 -2.614120e-03 
 6.500000e+03  3.014396e-02 -4.848821e-03  4.747374e-03 -2.624749e-03 
 6.550000e+03  3.269675e-02 -4.862595e-03  4.762212e-03 -2.635472e-03 
 6.600000e+03  3.524955e-02 -4.877663e-03  4.778536e-03 -2.647390e-03 
 6.650000e+03  3.781255e-02 -4.894173e-03  4.796343e-03 -2.660795e-03 
 6.700000e+03  4.074293e-02 -4.912452e-03  4.815749e-03 -2.676675e-03 
 6.750000e+03  4.388680e-02 -4.928541e-03  4.832046e-03 -2.691833e-03 
 6.800000e+03  4.740097e-02 -4.944633e-03  4.847896e-03 -2.707042e-03 
 6.850000e+03  5.099301e-02 -4.961015e-03  4.864235e-03 -2.721108e-03 
 6.900000e+03  5.458504e-02 -4.977650e-03  4.881105e-03 -2.734530e-03 
 6.950000e+03  5.817708e-02 -4.995160e-03  4.899086e-03 -2.748227e-03 
 7.000000e+03  6.179785e-02 -5.014140e-03  4.918749e-03 -2.762701e-03 
 7.050000e+03  6.573922e-02 -5.034923e-03  4.940110e-03 -2.778231e-03 
 7.100000e+03  6.975488e-02 -5.053174e-03  4.958142e-03 -2.792638e-03 
 7.150000e+03  7.423953e-02 -5.071085e-03  4.975996e-03 -2.808152e-03 
 7.200000e+03  7.882398e-02 -5.088737e-03  4.993907e-03 -2.823897e-03 
 7.250000e+03  8.340843e-02 -5.106230e-03  5.011910e-03 -2.839182e-03 
 7.300000e+03  8.799288e-02 -5.124184e-03  5.030455e-03 -2.854331e-03 
 7.350000e+03  9.276805e-02 -5.144049e-03  5.050742e-03 -2.870026e-03 
 7.400000e+03  9.782240e-02 -5.165165e-03  5.072222e-03 -2.885727e-03 
 7.450000e+03  1.028768e-01 -5.184070e-03  5.091746e-03 -2.899965e-03 
 7.500000e+03  1.081030e-01 -5.202027e-03  5.110626e-03 -2.914248e-03 
 7.550000e+03  1.134100e-01 -5.219897e-03  5.129434e-03 -2.928934e-03 
 7.600000e+03  1.187171e-01 -5.237415e-03  5.147938e-03 -2.943792e-03 
 7.650000e+03  1.240242e-01 -5.254744e-03  5.166128e-03 -2.958849e-03 
 7.700000e+03  1.301505e-01 -5.275123e-03  5.187240e-03 -2.976170e-03 
 7.750000e+03  1.366012e-01 -5.296493e-03  5.208765e-03 -2.993382e-03 
 7.800000e+03  1.430520e-01 -5.316917e-03  5.228940e-03 -3.008826e-03 
 7.850000e+03  1.495028e-01 -5.336542e-03  5.248514e-03 -3.023476e-03 
 7.900000e+03  1.559536e-01 -5.356002e-03  5.268213e-03 -3.038026e-03 
 7.950000e+03  1.624044e-01 -5.375230e-03  5.287953e-03 -3.052758e-03 
 8.000000e+03  1.688552e-01 -5.393978e-03  5.307296e-03 -3.067811e-03 
 8.050000e+03  1.759556e-01 -5.414080e-03  5.327808e-03 -3.084579e-03 
 8.100000e+03  1.837965e-01 -5.435498e-03  5.349428e-03 -3.102525e-03 
 8.150000e+03  1.916375e-01 -5.456141e-03  5.370018e-03 -3.119156e-03 
 8.200000e+03  1.994785e-01 -5.476439e-03  5.390189e-03 -3.134765e-03 
 8.250000e+03  2.073194e-01 -5.496938e-03  5.410477e-03 -3.149853e-03 
 8.300000e+03  2.151604e-01 -5.517579e-03  5.430940e-03 -3.164824e-03 
 8.350000e+03  2.230014e-01 -5.537691e-03  5.451370e-03 -3.179880e-03 
 8.400000e+03  2.310305e-01 -5.557151e-03  5.471681e-03 -3.195422e-03 
 8.450000e+03  2.396340e-01 -5.576914e-03  5.492579e-03 -3.211928e-03 
 8.500000e+03  2.486677e-01 -5.596921e-03  5.513702e-03 -3.228729e-03 
 8.550000e+03  2.577446e-01 -5.616844e-03  5.534170e-03 -3.244820e-03 
 8.600000e+03  2.668215e-01 -5.636970e-03  5.554537e-03 -3.260280e-03 
 8.650000e+03  2.758984e-01 -5.657428e-03  5.575064e-03 -3.275471e-03 
 8.700000e+03  2.849753e-01 -5.677866e-03  5.595394e-03 -3.290458e-03 
 8.750000e+03  2.943063e-01 -5.698113e-03  5.615608e-03 -3.305539e-03 
 8.800000e+03  3.041802e-01 -5.718731e-03  5.636314e-03 -3.321262e-03 
 8.850000e+03  3.141875e-01 -5.738901e-03  5.656863e-03 -3.337124e-03 
 8.900000e+03  3.241948e-01 -5.758253e-03  5.676826e-03 -3.352730e-03 
 8.950000e+03  3.345753e-01 -5.778109e-03  5.697146e-03 -3.368626e-03 
 9.000000e+03  3.456083e-01 -5.799467e-03  5.718813e-03 -3.385267e-03 
 9.050000e+03  3.566414e-01 -5.820905e-03  5.740285e-03 -3.401393e-03 
 9.100000e+03  3.679061e-01 -5.842465e-03  5.761572e-03 -3.417138e-03 
 9.150000e+03  3.800468e-01 -5.865241e-03  5.783966e-03 -3.433696e-03 
 9.200000e+03  3.922107e-01 -5.887553e-03  5.805995e-03 -3.450067e-03 
 9.250000e+03  4.043747e-01 -5.908906e-03  5.827379e-03 -3.466365e-03 
 9.300000e+03  4.165386e-01 -5.929478e-03  5.848324e-03 -3.482616e-03 
 9.350000e+03  4.289944e-01 -5.950271e-03  5.869726e-03 -3.499274e-03 
 9.400000e+03  4.417665e-01 -5.971391e-03  5.891717e-03 -3.516045e-03 
 9.450000e+03  4.546791e-01 -5.992450e-03  5.913434e-03 -3.532190e-03 
 9.500000e+03  4.685860e-01 -6.015118e-03  5.936329e-03 -3.548862e-03 
 9.550000e+03  4.826673e-01 -6.038104e-03  5.959184e-03 -3.565404e-03 
 9.600000e+03  4.967485e-01 -6.060606e-03  5.981358e-03 -3.581745e-03 
 9.650000e+03  5.108298e-01 -6.082314e-03  6.002879e-03 -3.598037e-03 
 9.700000e+03  5.251363e-01 -6.103861e-03  6.024494e-03 -3.614654e-03 
 9.750000e+03  5.399216e-01 -6.125705e-03  6.046621e-03 -3.631723e-03 
 9.800000e+03  5.547069e-01 -6.146989e-03  6.068332e-03 -3.648372e-03 
 9.850000e+03  5.710472e-01 -6.170270e-03  6.091974e-03 -3.666123e-03 
 9.900000e+03  5.881630e-01 -6.194671e-03  6.116694e-03 -3.684219e-03 
 9.950000e+03  6.052789e-01 -6.218965e-03  6.141114e-03 -3.701796e-03 
 1.000000e+04  6.223947e-01 -6.242771e-03  6.164833e-03 -3.719048e-03 
 1.005000e+04  6.398358e-01 -6.266685e-03  6.188390e-03 -3.736530e-03 
 1.010000e+04  6.578074e-01 -6.290850e-03  6.212201e-03 -3.754514e-03 
 1.015000e+04  6.757791e-01 -6.314046e-03  6.235409e-03 -3.772315e-03 
 1.020000e+04  6.938765e-01 -6.336671e-03  6.258283e-03 -3.789911e-03 
 1.025000e+04  7.132185e-01 -6.360770e-03  6.282806e-03 -3.808401e-03 
 1.030000e+04  7.330322e-01 -6.385428e-03  6.307981e-03 -3.826889e-03 
 1.035000e+04  7.528459e-01 -6.409809e-03  6.332789e-03 -3.844729e-03 
 1.040000e+04  7.738019e-01 -6.435437e-03  6.358551e-03 -3.863086e-03 
 1.045000e+04  7.956466e-01 -6.461903e-03  6.384859e-03 -3.882088e-03 
 1.050000e+04  8.174912e-01 -6.487653e-03  6.410230e-03 -3.900948e-03 
 1.055000e+04  8.393358e-01 -6.512391e-03  6.434759e-03 -3.919687e-03 
 1.060000e+04  8.611805e-01 -6.536747e-03  6.459026e-03 -3.938282e-03 
 1.065000e+04  8.830251e-01 -6.560955e-03  6.483289e-03 -3.956711e-03 
 1.070000e+04  9.048698e-01 -6.584862e-03  6.507348e-03 -3.974569e-03 
 1.075000e+04  9.287126e-01 -6.610660e-03  6.533336e-03 -3.993483e-03 
 1.080000e+04  9.540005e-01 -6.637954e-03  6.560857e-03 -4.013100e-03 
 1.085000e+04  9.792884e-01 -6.664822e-03  6.587753e-03 -4.032343e-03 
 1.090000e+04  1.004576e+00 -6.691119e-03  6.613735e-03 -4.051289e-03 
 1.095000e+04  1.029864e+00 -6.716934e-03  6.639106e-03 -4.070264e-03 
 1.100000e+04  1.056391e+00 -6.743614e-03  6.665306e-03 -4.090118e-03 
 1.105000e+04  1.082943e+00 -6.769579e-03  6.691099e-03 -4.109748e-03 
 1.110000e+04  1.109496e+00 -6.794995e-03  6.716586e-03 -4.128903e-03 
 1.115000e+04  1.137269e+00 -6.821488e-03  6.743213e-03 -4.148461e-03 
 1.120000e+04  1.165149e+00 -6.848026e-03  6.770040e-03 -4.167590e-03 
 1.125000e+04  1.193029e+00 -6.874212e-03  6.796480e-03 -4.186243e-03 
 1.130000e+04  1.222052e+00 -6.901120e-03  6.823448e-03 -4.205410e-03 
 1.135000e+04  1.252761e+00 -6.929214e-03  6.851302e-03 -4.225685e-03 
 1.140000e+04  1.283498e+00 -6.956617e-03  6.878326e-03 -4.245965e-03 
 1.145000e+04  1.314236e+00 -6.983214e-03  6.904615e-03 -4.266028e-03 
 1.150000e+04  1.346326e+00 -7.010717e-03  6.931850e-03 -4.286621e-03 
 1.155000e+04  1.378600e+00 -7.038339e-03  6.959280e-03 -4.306845e-03 
 1.160000e+04  1.410875e+00 -7.065680e-03  6.986584e-03 -4.326554e-03 
 1.165000e+04  1.443827e+00 -7.093272e-03  7.014177e-03 -4.346176e-03 
 1.170000e+04  1.478495e+00 -7.121976e-03  7.042998e-03 -4.366589e-03 
 1.175000e+04  1.514077e+00 -7.150956e-03  7.072043e-03 -4.387414e-03 
 1.180000e+04  1.549660e+00 -7.179206e-03  7.100166e-03 -4.408037e-03 
 1.185000e+04  1.585919e+00 -7.207501e-03  7.128043e-03 -4.428890e-03 
 1.190000e+04  1.623280e+00 -7.236480e-03  7.156421e-03 -4.450241e-03 
 1.195000e+04  1.660642e+00 -7.264970e-03  7.184509e-03 -4.471248e-03 
 1.200000e+04  1.698004e+00 -7.292994e-03  7.212311e-03 -4.491669e-03 
 1.205000e+04  1.737047e+00 -7.322201e-03  7.241344e-03 -4.512566e-03 
 1.210000e+04  1.776277e+00 -7.351391e-03  7.270497e-03 -4.533222e-03 
 1.215000e+04  1.815507e+00 -7.380049e-03  7.299137e-03 -4.553519e-03 
 1.220000e+04  1.855913e+00 -7.408997e-03  7.327996e-03 -4.574237e-03 
 1.225000e+04  1.899123e+00 -7.439509e-03  7.358297e-03 -4.596441e-03 
 1.230000e+04  1.942374e+00 -7.469504e-03  7.387974e-03 -4.618560e-03 
 1.235000e+04  1.985625e+00 -7.498860e-03  7.416940e-03 -4.640264e-03 
 1.240000e+04  2.029957e+00 -7.528862e-03  7.446438e-03 -4.662047e-03 
 1.245000e+04  2.075370e+00 -7.559499e-03  7.476652e-03 -4.683937e-03 
 1.250000e+04  2.120784e+00 -7.589743e-03  7.506675e-03 -4.705343e-03 
 1.255000e+04  2.166197e+00 -7.619492e-03  7.536267e-03 -4.726415e-03 
 1.260000e+04  2.214313e+00 -7.650616e-03  7.567331e-03 -4.748619e-03 
 1.265000e+04  2.264381e+00 -7.682492e-03  7.599221e-03 -4.771645e-03 
 1.270000e+04  2.314449e+00 -7.713696e-03  7.630242e-03 -4.794360e-03 
 1.275000e+04  2.365970e+00 -7.745433e-03  7.661422e-03 -4.817422e-03 
 1.280000e+04  2.418541e+00 -7.777751e-03  7.692970e-03 -4.840676e-03 
 1.285000e+04  2.471113e+00 -7.809683e-03  7.724118e-03 -4.863565e-03 
 1.290000e+04  2.523685e+00 -7.841042e-03  7.754930e-03 -4.885973e-03 
 1.295000e+04  2.577939e+00 -7.873137e-03  7.786589e-03 -4.908740e-03 
 1.300000e+04  2.633139e+00 -7.905504e-03  7.818679e-03 -4.931640e-03 
 1.305000e+04  2.688339e+00 -7.937287e-03  7.850304e-03 -4.954228e-03 
 1.310000e+04  2.744613e+00 -7.969042e-03  7.881840e-03 -4.977024e-03 
 1.315000e+04  2.805472e+00 -8.003051e-03  7.915534e-03 -5.001569e-03 
 1.320000e+04  2.866330e+00 -8.036712e-03  7.948722e-03 -5.025904e-03 
 1.325000e+04  2.927188e+00 -8.069751e-03  7.981206e-03 -5.049812e-03 
 1.330000e+04  2.988169e+00 -8.102627e-03  8.013463e-03 -5.073296e-03 
 1.335000e+04  3.052070e+00 -8.136981e-03  8.047061e-03 -5.097537e-03 
 1.340000e+04  3.115971e+00 -8.170883e-03  8.080415e-03 -5.121419e-03 
 1.345000e+04  3.179872e+00 -8.204038e-03  8.113173e-03 -5.144987e-03 
 1.350000e+04  3.244732e+00 -8.237256e-03  8.146180e-03 -5.168765e-03 
 1.355000e+04  3.311828e+00 -8.271281e-03  8.180069e-03 -5.193267e-03 
 1.360000e+04  3.378925e+00 -8.304763e-03  8.213263e-03 -5.217388e-03 
 1.365000e+04  3.447631e+00 -8.338680e-03  8.246605e-03 -5.241651e-03 
 1.370000e+04  3.521112e+00 -8.374915e-03  8.281958e-03 -5.267300e-03 
 1.375000e+04  3.595086e+00 -8.410977e-03  8.317126e-03 -5.292822e-03 
 1.380000e+04  3.669059e+00 -8.446428e-03  8.351696e-03 -5.317859e-03 
 1.385000e+04  3.743033e+00 -8.481439e-03  8.385933e-03 -5.342643e-03 
 1.390000e+04  3.817007e+00 -8.516163e-03  8.420094e-03 -5.367259e-03 
 1.395000e+04  3.890980e+00 -8.550233e-03  8.453835e-03 -5.391615e-03 
 1.400000e+04  3.966434e+00 -8.584441e-03  8.487673e-03 -5.416044e-03 
 1.405000e+04  4.047058e+00 -8.620786e-03  8.523477e-03 -5.441990e-03 
 1.410000e+04  4.128614e+00 -8.657288e-03  8.559334e-03 -5.467995e-03 
 1.415000e+04  4.210170e+00 -8.693277e-03  8.594491e-03 -5.493495e-03 
 1.420000e+04  4.292704e+00 -8.729349e-03  8.629588e-03 -5.518915e-03 
 1.425000e+04  4.378338e+00 -8.766604e-03  8.665782e-03 -5.545038e-03 
 1.430000e+04  4.463972e+00 -8.803281e-03  8.701534e-03 -5.570894e-03 
 1.435000e+04  4.549606e+00 -8.839195e-03  8.736756e-03 -5.596460e-03 
 1.440000e+04  4.637038e+00 -8.875450e-03  8.772465e-03 -5.622361e-03 
 1.445000e+04  4.726953e+00 -8.912455e-03  8.809030e-03 -5.648786e-03 
 1.450000e+04  4.816869e+00 -8.948955e-03  8.845115e-03 -5.674805e-03 
 1.455000e+04  4.909212e+00 -8.986127e-03  8.881580e-03 -5.701048e-03 
 1.460000e+04  5.007966e+00 -9.025753e-03  8.920211e-03 -5.728832e-03 
 1.465000e+04  5.107098e+00 -9.065113e-03  8.958363e-03 -5.756428e-03 
 1.470000e+04  5.206230e+00 -9.103679e-03  8.995911e-03 -5.783708e-03 
 1.475000e+04  5.305362e+00 -9.141799e-03  9.033066e-03 -5.810750e-03 
 1.480000e+04  5.404493e+00 -9.179598e-03  9.070020e-03 -5.837594e-03 
 1.485000e+04  5.503625e+00 -9.216840e-03  9.106636e-03 -5.864113e-03 
 1.490000e+04  5.604938e+00 -9.254376e-03  9.143663e-03 -5.890797e-03 
 1.495000e+04  5.713294e+00 -9.294262e-03  9.182997e-03 -5.919003e-03 
 1.500000e+04  5.822587e+00 -9.334301e-03  9.222256e-03 -5.947167e-03 
 1.505000e+04  5.931880e+00 -9.373853e-03  9.260762e-03 -5.974971e-03 
 1.510000e+04  6.043905e+00 -9.413938e-03  9.299624e-03 -6.003163e-03 
 1.515000e+04  6.158662e+00 -9.454702e-03  9.339033e-03 -6.031802e-03 
 1.520000e+04  6.273420e+00 -9.494880e-03  9.377979e-03 -6.060179e-03 
 1.525000e+04  6.388177e+00 -9.534381e-03  9.416431e-03 -6.088233e-03 
 1.530000e+04  6.507869e+00 -9.575260e-03  9.456357e-03 -6.117150e-03 
 1.535000e+04  6.628365e+00 -9.616047e-03  9.496375e-03 -6.145913e-03 
 1.540000e+04  6.748860e+00 -9.656424e-03  9.535958e-03 -6.174324e-03 
 1.545000e+04  6.873591e+00 -9.697751e-03  9.576365e-03 -6.203357e-03 
 1.550000e+04  7.006437e+00 -9.741492e-03  9.618831e-03 -6.234014e-03 
 1.555000e+04  7.139283e+00 -9.784801e-03  9.660667e-03 -6.264392e-03 
 1.560000e+04  7.272129e+00 -9.827403e-03  9.701799e-03 -6.294417e-03 
 1.565000e+04  7.404975e+00 -9.869557e-03  9.742536e-03 -6.324170e-03 
 1.570000e+04  7.537822e+00 -9.911276e-03  9.783105e-03 -6.353683e-03 
 1.575000e+04  7.670668e+00 -9.952526e-03  9.823337e-03 -6.382791e-03 
 1.580000e+04  7.806171e+00 -9.994047e-03  9.864015e-03 -6.412042e-03 
 1.585000e+04  7.950820e+00 -1.003803e-02  9.907200e-03 -6.443015e-03 
 1.590000e+04  8.097283e+00 -1.008215e-02  9.950500e-03 -6.474086e-03 
 1.595000e+04  8.243746e+00 -1.012575e-02  9.993098e-03 -6.504790e-03 
 1.600000e+04  8.394603e+00 -1.017027e-02  1.003622e-02 -6.536048e-03 
 1.605000e+04  8.548389e+00 -1.021532e-02  1.007972e-02 -6.567696e-03 
 1.610000e+04  8.702175e+00 -1.025980e-02  1.012274e-02 -6.599065e-03 
 1.615000e+04  8.855961e+00 -1.030365e-02  1.016525e-02 -6.630014e-03 
 1.620000e+04  9.014822e+00 -1.034862e-02  1.020890e-02 -6.661654e-03 
 1.625000e+04  9.176297e+00 -1.039405e-02  1.025304e-02 -6.693510e-03 
 1.630000e+04  9.337772e+00 -1.043885e-02  1.029671e-02 -6.724956e-03 
 1.635000e+04  9.503955e+00 -1.048446e-02  1.034111e-02 -6.756958e-03 
 1.640000e+04  9.681981e+00 -1.053304e-02  1.038810e-02 -6.790940e-03 
 1.645000e+04  9.860008e+00 -1.058121e-02  1.043444e-02 -6.824628e-03 
 1.650000e+04  1.003803e+01 -1.062868e-02  1.048006e-02 -6.857957e-03 
 1.655000e+04  1.021606e+01 -1.067566e-02  1.052523e-02 -6.890937e-03 
 1.660000e+04  1.039409e+01 -1.072224e-02  1.057011e-02 -6.923629e-03 
 1.665000e+04  1.057211e+01 -1.076825e-02  1.061463e-02 -6.955942e-03 
 1.670000e+04  1.075245e+01 -1.081431e-02  1.065930e-02 -6.988242e-03 
 1.675000e+04  1.094443e+01 -1.086295e-02  1.070663e-02 -7.022368e-03 
 1.680000e+04  1.114070e+01 -1.091223e-02  1.075463e-02 -7.056933e-03 
 1.685000e+04  1.133698e+01 -1.096093e-02  1.080185e-02 -7.091068e-03 
 1.690000e+04  1.153600e+01 -1.100985e-02  1.084905e-02 -7.125335e-03 
 1.695000e+04  1.174209e+01 -1.106009e-02  1.089744e-02 -7.160589e-03 
 1.700000e+04  1.194818e+01 -1.110970e-02  1.094534e-02 -7.195485e-03 
 1.705000e+04  1.215426e+01 -1.115868e-02  1.099269e-02 -7.229988e-03 
 1.710000e+04  1.236447e+01 -1.120832e-02  1.104065e-02 -7.264788e-03 
 1.715000e+04  1.258087e+01 -1.125902e-02  1.108976e-02 -7.300285e-03 
 1.720000e+04  1.279726e+01 -1.130915e-02  1.113834e-02 -7.335386e-03 
 1.725000e+04  1.301928e+01 -1.135998e-02  1.118759e-02 -7.370995e-03 
 1.730000e+04  1.325512e+01 -1.141365e-02  1.123937e-02 -7.408509e-03 
 1.735000e+04  1.349370e+01 -1.146748e-02  1.129107e-02 -7.446142e-03 
 1.740000e+04  1.373227e+01 -1.152062e-02  1.134198e-02 -7.483348e-03 
 1.745000e+04  1.397514e+01 -1.157419e-02  1.139329e-02 -7.520833e-03 
 1.750000e+04  1.422564e+01 -1.162902e-02  1.144590e-02 -7.559170e-03 
 1.755000e+04  1.447614e+01 -1.168321e-02  1.149799e-02 -7.597055e-03 
 1.760000e+04  1.472664e+01 -1.173674e-02  1.154956e-02 -7.634460e-03 
 1.765000e+04  1.498766e+01 -1.179208e-02  1.160289e-02 -7.673104e-03 
 1.770000e+04  1.525069e+01 -1.184731e-02  1.165619e-02 -7.711722e-03 
 1.775000e+04  1.551371e+01 -1.190185e-02  1.170876e-02 -7.749915e-03 
 1.780000e+04  1.579008e+01 -1.195857e-02  1.176333e-02 -7.789660e-03 
 1.785000e+04  1.608006e+01 -1.201772e-02  1.182005e-02 -7.831042e-03 
 1.790000e+04  1.637005e+01 -1.207616e-02  1.187616e-02 -7.871940e-03 
 1.795000e+04  1.666003e+01 -1.213385e-02  1.193166e-02 -7.912296e-03 
 1.800000e+04  1.695002e+01 -1.219111e-02  1.198670e-02 -7.952260e-03 
 1.805000e+04  1.724001e+01 -1.224785e-02  1.204134e-02 -7.991900e-03 
 1.810000e+04  1.752999e+01 -1.230390e-02  1.209542e-02 -8.031134e-03 
 1.815000e+04  1.783342e+01 -1.236196e-02  1.215136e-02 -8.071770e-03 
 1.820000e+04  1.815313e+01 -1.242273e-02  1.220975e-02 -8.114252e-03 
 1.825000e+04  1.847284e+01 -1.248295e-02  1.226737e-02 -8.156341e-03 
 1.830000e+04  1.879255e+01 -1.254249e-02  1.232429e-02 -8.197882e-03 
 1.835000e+04  1.911898e+01 -1.260278e-02  1.238184e-02 -8.239873e-03 
 1.840000e+04  1.945467e+01 -1.266429e-02  1.244054e-02 -8.282675e-03 
 1.845000e+04  1.979037e+01 -1.272502e-02  1.249865e-02 -8.325052e-03 
 1.850000e+04  2.012808e+01 -1.278542e-02  1.255656e-02 -8.367224e-03 
 1.855000e+04  2.048056e+01 -1.284796e-02  1.261654e-02 -8.410887e-03 
 1.860000e+04  2.083304e+01 -1.290994e-02  1.267598e-02 -8.454149e-03 
 1.865000e+04  2.118728e+01 -1.297149e-02  1.273490e-02 -8.497109e-03 
 1.870000e+04  2.156109e+01 -1.303591e-02  1.279648e-02 -8.542000e-03 
 1.875000e+04  2.194969e+01 -1.310243e-02  1.285985e-02 -8.588255e-03 
 1.880000e+04  2.233830e+01 -1.316818e-02  1.292254e-02 -8.634000e-03 
 1.885000e+04  2.272691e+01 -1.323312e-02  1.298450e-02 -8.679249e-03 
 1.890000e+04  2.312252e+01 -1.329858e-02  1.304708e-02 -8.724882e-03 
 1.895000e+04  2.353056e+01 -1.336541e-02  1.311119e-02 -8.771576e-03 
 1.900000e+04  2.393860e+01 -1.343148e-02  1.317457e-02 -8.817741e-03 
 1.905000e+04  2.435602e+01 -1.349845e-02  1.323872e-02 -8.864470e-03 
 1.910000e+04  2.478447e+01 -1.356673e-02  1.330403e-02 -8.912019e-03 
 1.915000e+04  2.521291e+01 -1.363442e-02  1.336859e-02 -8.959035e-03 
 1.920000e+04  2.564392e+01 -1.370176e-02  1.343258e-02 -9.005783e-03 
 1.925000e+04  2.609378e+01 -1.377147e-02  1.349874e-02 -9.054188e-03 
 1.930000e+04  2.654365e+01 -1.384056e-02  1.356431e-02 -9.102196e-03 
 1.935000e+04  2.699351e+01 -1.390882e-02  1.362918e-02 -9.149676e-03 
 1.940000e+04  2.745327e+01 -1.397783e-02  1.369489e-02 -9.197678e-03 
 1.945000e+04  2.794736e+01 -1.405147e-02  1.376506e-02 -9.248845e-03 
 1.950000e+04  2.844334e+01 -1.412459e-02  1.383477e-02 -9.299665e-03 
 1.955000e+04  2.893931e+01 -1.419685e-02  1.390360e-02 -9.349910e-03 
 1.960000e+04  2.945562e+01 -1.427149e-02  1.397452e-02 -9.401706e-03 
 1.965000e+04  2.997639e+01 -1.434618e-02  1.404537e-02 -9.453468e-03 
 1.970000e+04  3.049717e+01 -1.441996e-02  1.411533e-02 -9.504704e-03 
 1.975000e+04  3.103010e+01 -1.449466e-02  1.418615e-02 -9.556534e-03 
 1.980000e+04  3.160426e+01 -1.457444e-02  1.426194e-02 -9.611906e-03 
 1.985000e+04  3.217841e+01 -1.465342e-02  1.433699e-02 -9.666729e-03 
 1.990000e+04  3.275256e+01 -1.473139e-02  1.441114e-02 -9.720881e-03 
 1.995000e+04  3.333820e+01 -1.481017e-02  1.448612e-02 -9.775559e-03 
 2.000000e+04  3.394106e+01 -1.489064e-02  1.456253e-02 -9.831297e-03 
 2.005000e+04  3.454392e+01 -1.497022e-02  1.463805e-02 -9.886464e-03 
 2.010000e+04  3.515281e+01 -1.504975e-02  1.471332e-02 -9.941577e-03 
 2.015000e+04  3.578581e+01 -1.513177e-02  1.479088e-02 -9.998369e-03 
 2.020000e+04  3.641882e+01 -1.521300e-02  1.486770e-02 -1.005461e-02 
 2.025000e+04  3.705182e+01 -1.529326e-02  1.494359e-02 -1.011014e-02 
 2.030000e+04  3.770705e+01 -1.537559e-02  1.502141e-02 -1.016702e-02 
 2.035000e+04  3.840493e+01 -1.546254e-02  1.510368e-02 -1.022715e-02 
 2.040000e+04  3.910282e+01 -1.554846e-02  1.518501e-02 -1.028659e-02 
 2.045000e+04  3.980071e+01 -1.563344e-02  1.526533e-02 -1.034535e-02 
 2.050000e+04  4.053349e+01 -1.572198e-02  1.534879e-02 -1.040646e-02 
 2.055000e+04  4.126627e+01 -1.580965e-02  1.543142e-02 -1.046696e-02 
 2.060000e+04  4.199905e+01 -1.589629e-02  1.551303e-02 -1.052674e-02 
 2.065000e+04  4.275455e+01 -1.598473e-02  1.559635e-02 -1.058771e-02 
 2.070000e+04  4.352397e+01 -1.607403e-02  1.568042e-02 -1.064928e-02 
 2.075000e+04  4.429339e+01 -1.616231e-02  1.576363e-02 -1.071021e-02 
 2.080000e+04  4.507127e+01 -1.625055e-02  1.584685e-02 -1.077105e-02 
 2.085000e+04  4.590179e+01 -1.634404e-02  1.593484e-02 -1.083538e-02 
 2.090000e+04  4.675007e+01 -1.643856e-02  1.602383e-02 -1.090048e-02 
 2.095000e+04  4.759836e+01 -1.653189e-02  1.611175e-02 -1.096485e-02 
 2.100000e+04  4.847379e+01 -1.662727e-02  1.620142e-02 -1.103054e-02 
 2.105000e+04  4.936449e+01 -1.672347e-02  1.629181e-02 -1.109673e-02 
 2.110000e+04  5.025519e+01 -1.681862e-02  1.638118e-02 -1.116216e-02 
 2.115000e+04  5.114589e+01 -1.691270e-02  1.646954e-02 -1.122681e-02 
 2.120000e+04  5.208023e+01 -1.701050e-02  1.656135e-02 -1.129395e-02 
 2.125000e+04  5.301547e+01 -1.710748e-02  1.665232e-02 -1.136057e-02 
 2.130000e+04  5.395070e+01 -1.720333e-02  1.674228e-02 -1.142644e-02 
 2.135000e+04  5.494103e+01 -1.730382e-02  1.683640e-02 -1.149541e-02 
 2.140000e+04  5.597212e+01 -1.740759e-02  1.693352e-02 -1.156652e-02 
 2.145000e+04  5.700322e+01 -1.751021e-02  1.702952e-02 -1.163682e-02 
 2.150000e+04  5.803432e+01 -1.761161e-02  1.712431e-02 -1.170631e-02 
 2.155000e+04  5.911594e+01 -1.771698e-02  1.722272e-02 -1.177844e-02 
 2.160000e+04  6.019859e+01 -1.782138e-02  1.732029e-02 -1.184993e-02 
 2.165000e+04  6.128124e+01 -1.792456e-02  1.741679e-02 -1.192055e-02 
 2.170000e+04  6.242522e+01 -1.803248e-02  1.751764e-02 -1.199432e-02 
 2.175000e+04  6.361885e+01 -1.814406e-02  1.762184e-02 -1.207060e-02 
 2.180000e+04  6.481247e+01 -1.825432e-02  1.772475e-02 -1.214603e-02 
 2.185000e+04  6.600609e+01 -1.836329e-02  1.782640e-02 -1.222050e-02 
 2.190000e+04  6.725104e+01 -1.847588e-02  1.793131e-02 -1.229732e-02 
 2.195000e+04  6.850435e+01 -1.858815e-02  1.803580e-02 -1.237386e-02 
 2.200000e+04  6.975765e+01 -1.869901e-02  1.813903e-02 -1.244948e-02 
 2.205000e+04  7.104480e+01 -1.881165e-02  1.824393e-02 -1.252626e-02 
 2.210000e+04  7.236077e+01 -1.892574e-02  1.835012e-02 -1.260403e-02 
 2.215000e+04  7.367674e+01 -1.903854e-02  1.845512e-02 -1.268089e-02 
 2.220000e+04  7.501245e+01 -1.915181e-02  1.856041e-02 -1.275799e-02 
 2.225000e+04  7.645778e+01 -1.927325e-02  1.867313e-02 -1.284051e-02 
 2.230000e+04  7.790863e+01 -1.939393e-02  1.878503e-02 -1.292246e-02 
 2.235000e+04  7.935949e+01 -1.951312e-02  1.889550e-02 -1.300343e-02 
 2.240000e+04  8.084082e+01 -1.963347e-02  1.900695e-02 -1.308515e-02 
 2.245000e+04  8.236422e+01 -1.975602e-02  1.912044e-02 -1.316832e-02 
 2.250000e+04  8.388761e+01 -1.987720e-02  1.923267e-02 -1.325048e-02 
 2.255000e+04  8.545062e+01 -2.000013e-02  1.934645e-02 -1.333376e-02 
 2.260000e+04  8.712377e+01 -2.013050e-02  1.946696e-02 -1.342199e-02 
 2.265000e+04  8.880332e+01 -2.025993e-02  1.958656e-02 -1.350957e-02 
 2.270000e+04  9.048287e+01 -2.038772e-02  1.970458e-02 -1.359602e-02 
 2.275000e+04  9.227721e+01 -2.052276e-02  1.982918e-02 -1.368726e-02 
 2.280000e+04  9.412892e+01 -2.066067e-02  1.995634e-02 -1.378038e-02 
 2.285000e+04  9.598062e+01 -2.079679e-02  2.008194e-02 -1.387237e-02 
 2.290000e+04  9.783417e+01 -2.093139e-02  2.020607e-02 -1.396324e-02 
 2.295000e+04  9.977846e+01 -2.107103e-02  2.033480e-02 -1.405746e-02 
 2.300000e+04  1.017227e+02 -2.120905e-02  2.046210e-02 -1.415057e-02 
 2.305000e+04  1.036670e+02 -2.134540e-02  2.058781e-02 -1.424242e-02 
 2.310000e+04  1.057418e+02 -2.148937e-02  2.072029e-02 -1.433928e-02 
 2.315000e+04  1.078854e+02 -2.163657e-02  2.085554e-02 -1.443828e-02 
 2.320000e+04  1.100289e+02 -2.178187e-02  2.098900e-02 -1.453598e-02 
 2.325000e+04  1.122154e+02 -2.192821e-02  2.112334e-02 -1.463429e-02 
 2.330000e+04  1.144661e+02 -2.207729e-02  2.125999e-02 -1.473430e-02 
 2.335000e+04  1.167169e+02 -2.222458e-02  2.139498e-02 -1.483304e-02 
 2.340000e+04  1.190202e+02 -2.237343e-02  2.153128e-02 -1.493275e-02 
 2.345000e+04  1.215017e+02 -2.253208e-02  2.167645e-02 -1.503892e-02 
 2.350000e+04  1.239831e+02 -2.268882e-02  2.181982e-02 -1.514379e-02 
 2.355000e+04  1.264646e+02 -2.284348e-02  2.196122e-02 -1.524721e-02 
 2.360000e+04  1.291156e+02 -2.300677e-02  2.211021e-02 -1.535618e-02 
 2.365000e+04  1.318514e+02 -2.317332e-02  2.226210e-02 -1.546730e-02 
 2.370000e+04  1.345873e+02 -2.333762e-02  2.241199e-02 -1.557690e-02 
 2.375000e+04  1.373231e+02 -2.349974e-02  2.255977e-02 -1.568495e-02 
 2.380000e+04  1.401902e+02 -2.366749e-02  2.271264e-02 -1.579673e-02 
 2.385000e+04  1.430628e+02 -2.383340e-02  2.286395e-02 -1.590727e-02 
 2.390000e+04  1.459555e+02 -2.399838e-02  2.301433e-02 -1.601698e-02 
 2.395000e+04  1.491723e+02 -2.417963e-02  2.317935e-02 -1.613742e-02 
 2.400000e+04  1.524977e+02 -2.436475e-02  2.334772e-02 -1.626037e-02 
 2.405000e+04  1.558231e+02 -2.454719e-02  2.351354e-02 -1.638145e-02 
 2.410000e+04  1.591485e+02 -2.472709e-02  2.367674e-02 -1.650064e-02 
 2.415000e+04  1.625636e+02 -2.490936e-02  2.384200e-02 -1.662136e-02 
 2.420000e+04  1.660553e+02 -2.509325e-02  2.400877e-02 -1.674309e-02 
 2.425000e+04  1.695679e+02 -2.527570e-02  2.417410e-02 -1.686374e-02 
 2.430000e+04  1.733735e+02 -2.547094e-02  2.435082e-02 -1.699270e-02 
 2.435000e+04  1.772230e+02 -2.566587e-02  2.452717e-02 -1.712139e-02 
 2.440000e+04  1.810726e+02 -2.585793e-02  2.470079e-02 -1.724801e-02 
 2.445000e+04  1.850542e+02 -2.605376e-02  2.487755e-02 -1.737691e-02 
 2.450000e+04  1.892983e+02 -2.625980e-02  2.506336e-02 -1.751249e-02 
 2.455000e+04  1.935425e+02 -2.646276e-02  2.524641e-02 -1.764605e-02 
 2.460000e+04  1.977866e+02 -2.666268e-02  2.542658e-02 -1.777748e-02 
 2.465000e+04  2.022005e+02 -2.686768e-02  2.561122e-02 -1.791213e-02 
 2.470000e+04  2.066568e+02 -2.707169e-02  2.579502e-02 -1.804600e-02 
 2.475000e+04  2.111132e+02 -2.727262e-02  2.597604e-02 -1.817775e-02 
 2.480000e+04  2.158919e+02 -2.748504e-02  2.616725e-02 -1.831694e-02 
 2.485000e+04  2.208050e+02 -2.770046e-02  2.636112e-02 -1.845810e-02 
 2.490000e+04  2.257182e+02 -2.791260e-02  2.655197e-02 -1.859700e-02 
 2.495000e+04  2.306313e+02 -2.812147e-02  2.673968e-02 -1.873355e-02 
 2.500000e+04  2.360121e+02 -2.834696e-02  2.694221e-02 -1.888087e-02 
 2.505000e+04  2.414288e+02 -2.857069e-02  2.714307e-02 -1.902693e-02 
 2.510000e+04  2.468455e+02 -2.879093e-02  2.734057e-02 -1.917056e-02 
 2.515000e+04  2.523218e+02 -2.901022e-02  2.753692e-02 -1.931342e-02 
 2.520000e+04  2.580094e+02 -2.923466e-02  2.773774e-02 -1.945954e-02 
 2.525000e+04  2.636969e+02 -2.945565e-02  2.793538e-02 -1.960326e-02 
 2.530000e+04  2.696216e+02 -2.968240e-02  2.813796e-02 -1.975054e-02 
 2.535000e+04  2.758922e+02 -2.991908e-02  2.834921e-02 -1.990418e-02 
 2.540000e+04  2.821627e+02 -3.015201e-02  2.855710e-02 -2.005532e-02 
 2.545000e+04  2.884332e+02 -3.038113e-02  2.876141e-02 -2.020382e-02 
 2.550000e+04  2.949796e+02 -3.061656e-02  2.897119e-02 -2.035631e-02 
 2.555000e+04  3.015637e+02 -3.084965e-02  2.917889e-02 -2.050730e-02 
 2.560000e+04  3.081477e+02 -3.107898e-02  2.938321e-02 -2.065575e-02 
 2.565000e+04  3.153174e+02 -3.132488e-02  2.960221e-02 -2.081478e-02 
 2.570000e+04  3.225763e+02 -3.157012e-02  2.982055e-02 -2.097333e-02 
 2.575000e+04  3.298352e+02 -3.181129e-02  3.003523e-02 -2.112914e-02 
 2.580000e+04  3.370942e+02 -3.204835e-02  3.024610e-02 -2.128216e-02 
 2.585000e+04  3.447087e+02 -3.229303e-02  3.046360e-02 -2.144004e-02 
 2.590000e+04  3.523306e+02 -3.253407e-02  3.067782e-02 -2.159553e-02 
 2.595000e+04  3.599906e+02 -3.277235e-02  3.088949e-02 -2.174913e-02 
 2.600000e+04  3.679935e+02 -3.301744e-02  3.110703e-02 -2.190698e-02 
 2.605000e+04  3.759965e+02 -3.325870e-02  3.132108e-02 -2.206230e-02 
 2.610000e+04  3.841195e+02 -3.349960e-02  3.153472e-02 -2.221727e-02 
 2.615000e+04  3.925226e+02 -3.374489e-02  3.175207e-02 -2.237493e-02 
 2.620000e+04  4.013374e+02 -3.399818e-02  3.197638e-02 -2.253769e-02 
 2.625000e+04  4.101607e+02 -3.424760e-02  3.219715e-02 -2.269792e-02 
 2.630000e+04  4.189839e+02 -3.449280e-02  3.241400e-02 -2.285536e-02 
 2.635000e+04  4.280542e+02 -3.474067e-02  3.263308e-02 -2.301445e-02 
 2.640000e+04  4.373186e+02 -3.498981e-02  3.285321e-02 -2.317428e-02 
 2.645000e+04  4.465830e+02 -3.523482e-02  3.306967e-02 -2.333138e-02 
 2.650000e+04  4.562829e+02 -3.548722e-02  3.329253e-02 -2.349313e-02 
 2.655000e+04  4.660105e+02 -3.573626e-02  3.351241e-02 -2.365272e-02 
 2.660000e+04  4.757381e+02 -3.598106e-02  3.372856e-02 -2.380961e-02 
 2.665000e+04  4.859945e+02 -3.623487e-02  3.395262e-02 -2.397223e-02 
 2.670000e+04  4.967192e+02 -3.649605e-02  3.418313e-02 -2.413956e-02 
 2.675000e+04  5.074439e+02 -3.675290e-02  3.440974e-02 -2.430410e-02 
 2.680000e+04  5.181686e+02 -3.700533e-02  3.463226e-02 -2.446570e-02 
 2.685000e+04  5.288933e+02 -3.725341e-02  3.485075e-02 -2.462443e-02 
 2.690000e+04  5.398755e+02 -3.750314e-02  3.507060e-02 -2.478417e-02 
 2.695000e+04  5.513368e+02 -3.775958e-02  3.529631e-02 -2.494817e-02 
 2.700000e+04  5.629109e+02 -3.801437e-02  3.552046e-02 -2.511112e-02 
 2.705000e+04  5.744850e+02 -3.826489e-02  3.574079e-02 -2.527137e-02 
 2.710000e+04  5.860590e+02 -3.851108e-02  3.595731e-02 -2.542885e-02 
 2.715000e+04  5.976331e+02 -3.875306e-02  3.617011e-02 -2.558359e-02 
 2.720000e+04  6.092072e+02 -3.899102e-02  3.637940e-02 -2.573578e-02 
 2.725000e+04  6.207813e+02 -3.922516e-02  3.658532e-02 -2.588554e-02 
 2.730000e+04  6.323553e+02 -3.945559e-02  3.678798e-02 -2.603295e-02 
 2.735000e+04  6.439294e+02 -3.968248e-02  3.698749e-02 -2.617812e-02 
 2.740000e+04  6.555035e+02 -3.990589e-02  3.718399e-02 -2.632106e-02 
 2.745000e+04  6.670776e+02 -4.012592e-02  3.737750e-02 -2.646186e-02 
 2.750000e+04  6.786516e+02 -4.034267e-02  3.756815e-02 -2.660059e-02 
 2.755000e+04  6.902257e+02 -4.055625e-02  3.775604e-02 -2.673730e-02 
 2.760000e+04  7.017998e+02 -4.076676e-02  3.794117e-02 -2.687206e-02 
 2.765000e+04  7.133738e+02 -4.097430e-02  3.812360e-02 -2.700493e-02 
 2.770000e+04  7.249479e+02 -4.117899e-02  3.830342e-02 -2.713598e-02 
 2.775000e+04  7.365220e+02 -4.138093e-02  3.848070e-02 -2.726522e-02 
 2.780000e+04  7.480961e+02 -4.158015e-02  3.865551e-02 -2.739270e-02 
 2.785000e+04  7.596701e+02 -4.177675e-02  3.882795e-02 -2.751847e-02 
 2.790000e+04  7.712442e+02 -4.197073e-02  3.899807e-02 -2.764258e-02 
 2.795000e+04  7.828183e+02 -4.216216e-02  3.916592e-02 -2.776512e-02 
 2.800000e+04  7.943924e+02 -4.235111e-02  3.933158e-02 -2.788612e-02 
 2.805000e+04  8.059664e+02 -4.253763e-02  3.949514e-02 -2.800562e-02 
 2.810000e+04  8.175405e+02 -4.272181e-02  3.965664e-02 -2.812361e-02 
 2.815000e+04  8.291146e+02 -4.290370e-02  3.981608e-02 -2.824013e-02 
 2.820000e+04  8.406887e+02 -4.308336e-02  3.997356e-02 -2.835522e-02 
 2.825000e+04  8.522627e+02 -4.326086e-02  4.012914e-02 -2.846896e-02 
 2.830000e+04  8.638368e+02 -4.343620e-02  4.028283e-02 -2.858133e-02 
 2.835000e+04  8.754109e+02 -4.360942e-02  4.043465e-02 -2.869238e-02 
 2.840000e+04  8.869850e+02 -4.378057e-02  4.058466e-02 -2.880217e-02 
 2.845000e+04  8.985590e+02 -4.394971e-02  4.073288e-02 -2.891074e-02 
 2.850000e+04  9.101331e+02 -4.411687e-02  4.087941e-02 -2.901805e-02 
 2.855000e+04  9.217072e+02 -4.428218e-02  4.102432e-02 -2.912415e-02 
 2.860000e+04  9.332813e+02 -4.444571e-02  4.116758e-02 -2.922903e-02 
 2.865000e+04  9.448553e+02 -4.460742e-02  4.130919e-02 -2.933277e-02 
 2.870000e+04  9.564294e+02 -4.476732e-02  4.144921e-02 -2.943544e-02 
 2.875000e+04  9.680035e+02 -4.492542e-02  4.158768e-02 -2.953701e-02 
 2.880000e+04  9.795776e+02 -4.508184e-02  4.172463e-02 -2.963751e-02 
 2.885000e+04  9.911516e+02 -4.523665e-02  4.186013e-02 -2.973698e-02 
 2.890000e+04  1.002726e+03 -4.538982e-02  4.199418e-02 -2.983542e-02 
 2.895000e+04  1.014300e+03 -4.554142e-02  4.212681e-02 -2.993283e-02 
 2.900000e+04  1.025874e+03 -4.569151e-02  4.225807e-02 -3.002926e-02 
 2.905000e+04  1.037448e+03 -4.584007e-02  4.238797e-02 -3.012472e-02 
 2.910000e+04  1.049022e+03 -4.598713e-02  4.251650e-02 -3.021924e-02 
 2.915000e+04  1.060596e+03 -4.613265e-02  4.264371e-02 -3.031285e-02 
 2.920000e+04  1.072170e+03 -4.627672e-02  4.276966e-02 -3.040556e-02 
 2.925000e+04  1.083744e+03 -4.641939e-02  4.289439e-02 -3.049738e-02 
 2.930000e+04  1.095318e+03 -4.656066e-02  4.301797e-02 -3.058832e-02 
 2.935000e+04  1.106892e+03 -4.670056e-02  4.314035e-02 -3.067839e-02 
 2.940000e+04  1.118466e+03 -4.683910e-02  4.326153e-02 -3.076759e-02 
 2.945000e+04  1.130041e+03 -4.697630e-02  4.338154e-02 -3.085598e-02 
 2.950000e+04  1.141615e+03 -4.711220e-02  4.350044e-02 -3.094359e-02 
 2.955000e+04  1.153189e+03 -4.724680e-02  4.361826e-02 -3.103038e-02 
 2.960000e+04  1.164763e+03 -4.738017e-02  4.373499e-02 -3.111638e-02 
 2.965000e+04  1.176337e+03 -4.751234e-02  4.385063e-02 -3.120164e-02 
 2.970000e+04  1.187911e+03 -4.764334e-02  4.396517e-02 -3.128614e-02 
 2.975000e+04  1.199485e+03 -4.777320e-02  4.407865e-02 -3.136990e-02 
 2.980000e+04  1.211059e+03 -4.790195e-02  4.419112e-02 -3.145294e-02 
 2.985000e+04  1.222633e+03 -4.802960e-02  4.430259e-02 -3.153528e-02 
 2.990000e+04  1.234207e+03 -4.815613e-02  4.441305e-02 -3.161691e-02 
 2.995000e+04  1.245781e+03 -4.828153e-02  4.452253e-02 -3.169784e-02 
 3.000000e+04  1.257355e+03 -4.840586e-02  4.463110e-02 -3.177812e-02 
 3.005000e+04  1.268929e+03 -4.852913e-02  4.473878e-02 -3.185774e-02 
 3.010000e+04  1.280503e+03 -4.865133e-02  4.484556e-02 -3.193669e-02 
 3.015000e+04  1.292078e+03 -4.877247e-02  4.495147e-02 -3.201498e-02 
 3.020000e+04  1.303652e+03 -4.889264e-02  4.505650e-02 -3.209266e-02 
 3.025000e+04  1.315226e+03 -4.901179e-02  4.516067e-02 -3.216975e-02 
 3.030000e+04  1.326800e+03 -4.912993e-02  4.526396e-02 -3.224621e-02 
 3.035000e+04  1.338374e+03 -4.924711e-02  4.536641e-02 -3.232205e-02 
 3.040000e+04  1.349948e+03 -4.936335e-02  4.546806e-02 -3.239729e-02 
 3.045000e+04  1.361522e+03 -4.947868e-02  4.556891e-02 -3.247195e-02 
 3.050000e+04  1.373096e+03 -4.959308e-02  4.566896e-02 -3.254602e-02 
 3.055000e+04  1.384670e+03 -4.970658e-02  4.576821e-02 -3.261952e-02 
 3.060000e+04  1.396244e+03 -4.981924e-02  4.586668e-02 -3.269251e-02 
 3.065000e+04  1.407818e+03 -4.993105e-02  4.596436e-02 -3.276495e-02 
 3.070000e+04  1.419392e+03 -5.004204e-02  4.606128e-02 -3.283686e-02 
 3.075000e+04  1.430966e+03 -5.015223e-02  4.615744e-02 -3.290823e-02 
 3.080000e+04  1.442541e+03 -5.026163e-02  4.625286e-02 -3.297908e-02 
 3.085000e+04  1.454115e+03 -5.037020e-02  4.634756e-02 -3.304942e-02 
 3.090000e+04  1.465689e+03 -5.047796e-02  4.644156e-02 -3.311928e-02 
 3.095000e+04  1.477263e+03 -5.058491e-02  4.653488e-02 -3.318864e-02 
 3.100000e+04  1.488837e+03 -5.069108e-02  4.662757e-02 -3.325751e-02 
 3.105000e+04  1.500411e+03 -5.079650e-02  4.671958e-02 -3.332591e-02 
 3.110000e+04  1.511985e+03 -5.090113e-02  4.681094e-02 -3.339381e-02 
 3.115000e+04  1.523559e+03 -5.100501e-02  4.690166e-02 -3.346125e-02 
 3.120000e+04  1.535133e+03 -5.110813e-02  4.699172e-02 -3.352825e-02 
 3.125000e+04  1.546707e+03 -5.121051e-02  4.708115e-02 -3.359477e-02 
 3.130000e+04  1.558281e+03 -5.131217e-02  4.717000e-02 -3.366084e-02 
 3.135000e+04  1.569855e+03 -5.141312e-02  4.725824e-02 -3.372645e-02 
 3.140000e+04  1.581429e+03 -5.151336e-02  4.734587e-02 -3.379163e-02 
 3.145000e+04  1.593003e+03 -5.161290e-02  4.743291e-02 -3.385639e-02 
 3.150000e+04  1.604578e+03 -5.171177e-02  4.751936e-02 -3.392072e-02 
 3.155000e+04  1.616152e+03 -5.181000e-02  4.760521e-02 -3.398462e-02 
 3.160000e+04  1.627726e+03 -5.190758e-02  4.769048e-02 -3.404810e-02 
 3.165000e+04  1.639300e+03 -5.200455e-02  4.777516e-02 -3.411120e-02 
 3.170000e+04  1.650874e+03 -5.210089e-02  4.785927e-02 -3.417389e-02 
 3.175000e+04  1.662448e+03 -5.219662e-02  4.794281e-02 -3.423619e-02 
 3.180000e+04  1.674022e+03 -5.229176e-02  4.802580e-02 -3.429809e-02 
 3.185000e+04  1.685596e+03 -5.238628e-02  4.810825e-02 -3.435963e-02 
 3.190000e+04  1.697170e+03 -5.248020e-02  4.819019e-02 -3.442079e-02 
 3.195000e+04  1.708744e+03 -5.257350e-02  4.827162e-02 -3.448157e-02 
 3.200000e+04  1.720318e+03 -5.266620e-02  4.835254e-02 -3.454196e-02 
 3.205000e+04  1.731892e+03 -5.275833e-02  4.843299e-02 -3.460200e-02 
 3.210000e+04  1.743466e+03 -5.284985e-02  4.851297e-02 -3.466169e-02 
 3.215000e+04  1.755041e+03 -5.294078e-02  4.859245e-02 -3.472100e-02 
 3.220000e+04  1.766615e+03 -5.303115e-02  4.867143e-02 -3.477995e-02 
 3.225000e+04  1.778189e+03 -5.312097e-02  4.874996e-02 -3.483859e-02 
 3.230000e+04  1.789763e+03 -5.321022e-02  4.882800e-02 -3.489688e-02 
 3.235000e+04  1.801337e+03 -5.329895e-02  4.890556e-02 -3.495480e-02 
 3.240000e+04  1.812911e+03 -5.338714e-02  4.898267e-02 -3.501239e-02 
 3.245000e+04  1.824485e+03 -5.347482e-02  4.905933e-02 -3.506967e-02 
 3.250000e+04  1.836059e+03 -5.356200e-02  4.913552e-02 -3.512661e-02 
 3.255000e+04  1.847633e+03 -5.364869e-02  4.921125e-02 -3.518324e-02 
 3.260000e+04  1.859207e+03 -5.373491e-02  4.928655e-02 -3.523957e-02 
 3.265000e+04  1.870781e+03 -5.382066e-02  4.936140e-02 -3.529556e-02 
 3.270000e+04  1.882355e+03 -5.390592e-02  4.943581e-02 -3.535124e-02 
 3.275000e+04  1.893929e+03 -5.399069e-02  4.950977e-02 -3.540663e-02 
 3.280000e+04  1.905503e+03 -5.407498e-02  4.958332e-02 -3.546173e-02 
 3.285000e+04  1.917078e+03 -5.415879e-02  4.965644e-02 -3.551652e-02 
 3.290000e+04  1.928652e+03 -5.424213e-02  4.972919e-02 -3.557102e-02 
 3.295000e+04  1.940226e+03 -5.432501e-02  4.980156e-02 -3.562522e-02 
 3.300000e+04  1.951800e+03 -5.440741e-02  4.987355e-02 -3.567912e-02 
 3.305000e+04  1.963374e+03 -5.448935e-02  4.994514e-02 -3.573275e-02 
 3.310000e+04  1.974948e+03 -5.457082e-02  5.001635e-02 -3.578609e-02 
 3.315000e+04  1.986522e+03 -5.465185e-02  5.008718e-02 -3.583916e-02 
 3.320000e+04  1.998096e+03 -5.473244e-02  5.015765e-02 -3.589197e-02 
 3.325000e+04  2.009670e+03 -5.481261e-02  5.022774e-02 -3.594449e-02 
 3.330000e+04  2.021244e+03 -5.489234e-02  5.029744e-02 -3.599673e-02 
 3.335000e+04  2.032818e+03 -5.497164e-02  5.036676e-02 -3.604871e-02 
 3.340000e+04  2.044392e+03 -5.505052e-02  5.043574e-02 -3.610042e-02 
 3.345000e+04  2.055966e+03 -5.512899e-02  5.050438e-02 -3.615187e-02 
 3.350000e+04  2.067541e+03 -5.520704e-02  5.057268e-02 -3.620306e-02 
 3.355000e+04  2.079115e+03 -5.528470e-02  5.064062e-02 -3.625399e-02 
 3.360000e+04  2.090689e+03 -5.536198e-02  5.070819e-02 -3.630469e-02 
 3.365000e+04  2.102263e+03 -5.543889e-02  5.077541e-02 -3.635515e-02 
 3.370000e+04  2.113837e+03 -5.551541e-02  5.084228e-02 -3.640536e-02 
 3.375000e+04  2.125411e+03 -5.559155e-02  5.090882e-02 -3.645532e-02 
 3.380000e+04  2.136985e+03 -5.566732e-02  5.097502e-02 -3.650503e-02 
 3.385000e+04  2.148559e+03 -5.574273e-02  5.104088e-02 -3.655450e-02 
 3.390000e+04  2.160133e+03 -5.581776e-02  5.110643e-02 -3.660375e-02 
 3.395000e+04  2.171707e+03 -5.589242e-02  5.117167e-02 -3.665277e-02 
 3.400000e+04  2.183281e+03 -5.596672e-02  5.123660e-02 -3.670155e-02 
 3.405000e+04  2.194855e+03 -5.604066e-02  5.130123e-02 -3.675012e-02 
 3.410000e+04  2.206429e+03 -5.611426e-02  5.136554e-02 -3.679846e-02 
 3.415000e+04  2.218003e+03 -5.618747e-02  5.142956e-02 -3.684658e-02 
 3.420000e+04  2.229578e+03 -5.626030e-02  5.149327e-02 -3.689446e-02 
 3.425000e+04  2.241152e+03 -5.633279e-02  5.155670e-02 -3.694212e-02 
 3.430000e+04  2.252726e+03 -5.640493e-02  5.161984e-02 -3.698957e-02 
 3.435000e+04  2.264300e+03 -5.647671e-02  5.168269e-02 -3.703681e-02 
 3.440000e+04  2.275874e+03 -5.654815e-02  5.174524e-02 -3.708382e-02 
 3.445000e+04  2.287448e+03 -5.661926e-02  5.180749e-02 -3.713063e-02 
 3.450000e+04  2.299022e+03 -5.669007e-02  5.186948e-02 -3.717723e-02 
 3.455000e+04  2.310596e+03 -5.676056e-02  5.193120e-02 -3.722364e-02 
 3.460000e+04  2.322170e+03 -5.683071e-02  5.199262e-02 -3.726982e-02 
 3.465000e+04  2.333744e+03 -5.690057e-02  5.205375e-02 -3.731579e-02 
 3.470000e+04  2.345318e+03 -5.697011e-02  5.211461e-02 -3.736159e-02 
 3.475000e+04  2.356892e+03 -5.703936e-02  5.217520e-02 -3.740719e-02 
 3.480000e+04  2.368466e+03 -5.710829e-02  5.223552e-02 -3.745260e-02 
 3.485000e+04  2.380041e+03 -5.717692e-02  5.229558e-02 -3.749781e-02 
 3.490000e+04  2.391615e+03 -5.724526e-02  5.235537e-02 -3.754282e-02 
 3.495000e+04  2.403189e+03 -5.731331e-02  5.241491e-02 -3.758765e-02 
 3.500000e+04  2.414763e+03 -5.738105e-02  5.247418e-02 -3.763230e-02 
 3.505000e+04  2.426337e+03 -5.744849e-02  5.253319e-02 -3.767676e-02 
 3.510000e+04  2.437911e+03 -5.751565e-02  5.259196e-02 -3.772104e-02 
 3.515000e+04  2.449485e+03 -5.758253e-02  5.265050e-02 -3.776513e-02 
 3.520000e+04  2.461059e+03 -5.764912e-02  5.270880e-02 -3.780905e-02 
 3.525000e+04  2.472633e+03 -5.771543e-02  5.276685e-02 -3.785279e-02 
 3.530000e+04  2.484207e+03 -5.778144e-02  5.282465e-02 -3.789634e-02 
 3.535000e+04  2.495781e+03 -5.784717e-02  5.288222e-02 -3.793972e-02 
 3.540000e+04  2.507355e+03 -5.791263e-02  5.293956e-02 -3.798293e-02 
 3.545000e+04  2.518929e+03 -5.797782e-02  5.299667e-02 -3.802597e-02 
 3.550000e+04  2.530503e+03 -5.804274e-02  5.305353e-02 -3.806883e-02 
 3.555000e+04  2.542078e+03 -5.810739e-02  5.311016e-02 -3.811153e-02 
 3.560000e+04  2.553652e+03 -5.817179e-02  5.316656e-02 -3.815406e-02 
 3.565000e+04  2.565226e+03 -5.823594e-02  5.322273e-02 -3.819642e-02 
 3.570000e+04  2.576800e+03 -5.829984e-02  5.327869e-02 -3.823861e-02 
 3.575000e+04  2.588374e+03 -5.836348e-02  5.333443e-02 -3.828064e-02 
 3.580000e+04  2.599948e+03 -5.842686e-02  5.338995e-02 -3.832252e-02 
 3.585000e+04  2.611522e+03 -5.848998e-02  5.344525e-02 -3.836425e-02 
 3.590000e+04  2.623096e+03 -5.855284e-02  5.350035e-02 -3.840581e-02 
 3.595000e+04  2.634670e+03 -5.861546e-02  5.355524e-02 -3.844722e-02 
 3.600000e+04  2.646244e+03 -5.867785e-02  5.360994e-02 -3.848847e-02 
 3.605000e+04  2.657818e+03 -5.874000e-02  5.366441e-02 -3.852956e-02 
 3.610000e+04  2.669392e+03 -5.880191e-02  5.371867e-02 -3.857049e-02 
 3.615000e+04  2.680966e+03 -5.886357e-02  5.377271e-02 -3.861128e-02 
 3.620000e+04  2.692541e+03 -5.892499e-02  5.382657e-02 -3.865192e-02 
 3.625000e+04  2.704115e+03 -5.898616e-02  5.388023e-02 -3.869241e-02 
 3.630000e+04  2.715689e+03 -5.904711e-02  5.393370e-02 -3.873275e-02 
 3.635000e+04  2.727263e+03 -5.910785e-02  5.398697e-02 -3.877295e-02 
 3.640000e+04  2.738837e+03 -5.916836e-02  5.404005e-02 -3.881302e-02 
 3.645000e+04  2.750411e+03 -5.922867e-02  5.409291e-02 -3.885293e-02 
 3.650000e+04  2.761985e+03 -5.928875e-02  5.414558e-02 -3.889269e-02 
 3.655000e+04  2.773559e+03 -5.934861e-02  5.419807e-02 -3.893231e-02 
 3.660000e+04  2.785133e+03 -5.940825e-02  5.425036e-02 -3.897180e-02 
 3.665000e+04  2.796707e+03 -5.946767e-02  5.430245e-02 -3.901115e-02 
 3.670000e+04  2.808281e+03 -5.952687e-02  5.435437e-02 -3.905037e-02 
 3.675000e+04  2.819855e+03 -5.958586e-02  5.440612e-02 -3.908946e-02 
 3.680000e+04  2.831429e+03 -5.964465e-02  5.445769e-02 -3.912841e-02 
 3.685000e+04  2.843003e+03 -5.970323e-02  5.450909e-02 -3.916722e-02 
 3.690000e+04  2.854578e+03 -5.976162e-02  5.456032e-02 -3.920591e-02 
 3.695000e+04  2.866152e+03 -5.981981e-02  5.461135e-02 -3.924447e-02 
 3.700000e+04  2.877726e+03 -5.987778e-02  5.466219e-02 -3.928289e-02 
 3.705000e+04  2.889300e+03 -5.993554e-02  5.471287e-02 -3.932120e-02 
 3.710000e+04  2.900874e+03 -5.999309e-02  5.476337e-02 -3.935937e-02 
 3.715000e+04  2.912448e+03 -6.005044e-02  5.481371e-02 -3.939741e-02 
 3.720000e+04  2.924022e+03 -6.010760e-02  5.486390e-02 -3.943533e-02 
 3.725000e+04  2.935596e+03 -6.016456e-02  5.491392e-02 -3.947313e-02 
 3.730000e+04  2.947170e+03 -6.022133e-02  5.496379e-02 -3.951080e-02 
 3.735000e+04  2.958744e+03 -6.027792e-02  5.501347e-02 -3.954835e-02 
 3.740000e+04  2.970318e+03 -6.033431e-02  5.506299e-02 -3.958579e-02 
 3.745000e+04  2.981892e+03 -6.039052e-02  5.511235e-02 -3.962311e-02 
 3.750000e+04  2.993466e+03 -6.044653e-02  5.516155e-02 -3.966031e-02 
 3.755000e+04  3.005041e+03 -6.050235e-02  5.521060e-02 -3.969740e-02 
 3.760000e+04  3.016615e+03 -6.055798e-02  5.525950e-02 -3.973436e-02 
 3.765000e+04  3.028189e+03 -6.061344e-02  5.530825e-02 -3.977121e-02 
 3.770000e+04  3.039763e+03 -6.066873e-02  5.535683e-02 -3.980795e-02 
 3.775000e+04  3.051337e+03 -6.072386e-02  5.540525e-02 -3.984459e-02 
 3.780000e+04  3.062911e+03 -6.077882e-02  5.545352e-02 -3.988111e-02 
 3.785000e+04  3.074485e+03 -6.083360e-02  5.550163e-02 -3.991753e-02 
 3.790000e+04  3.086059e+03 -6.088822e-02  5.554959e-02 -3.995383e-02 
 3.795000e+04  3.097633e+03 -6.094266e-02  5.559741e-02 -3.999002e-02 
 3.800000e+04  3.109207e+03 -6.099692e-02  5.564509e-02 -4.002611e-02 
 3.805000e+04  3.120781e+03 -6.105100e-02  5.569264e-02 -4.006210e-02 
 3.810000e+04  3.132355e+03 -6.110491e-02  5.574005e-02 -4.009798e-02 
 3.815000e+04  3.143929e+03 -6.115865e-02  5.578733e-02 -4.013376e-02 
 3.820000e+04  3.155503e+03 -6.121222e-02  5.583446e-02 -4.016944e-02 
 3.825000e+04  3.167078e+03 -6.126563e-02  5.588144e-02 -4.020501e-02 
 3.830000e+04  3.178652e+03 -6.131888e-02  5.592829e-02 -4.024048e-02 
 3.835000e+04  3.190226e+03 -6.137196e-02  5.597499e-02 -4.027584e-02 
 3.840000e+04  3.201800e+03 -6.142487e-02  5.602155e-02 -4.031110e-02 
 3.845000e+04  3.213374e+03 -6.147762e-02  5.606797e-02 -4.034626e-02 
 3.850000e+04  3.224948e+03 -6.153021e-02  5.611427e-02 -4.038134e-02 
 3.855000e+04  3.236522e+03 -6.158264e-02  5.616046e-02 -4.041631e-02 
 3.860000e+04  3.248096e+03 -6.163493e-02  5.620650e-02 -4.045118e-02 
 3.865000e+04  3.259670e+03 -6.168708e-02  5.625242e-02 -4.048597e-02 
 3.870000e+04  3.271244e+03 -6.173907e-02  5.629819e-02 -4.052067e-02 
 3.875000e+04  3.282818e+03 -6.179092e-02  5.634382e-02 -4.055526e-02 
 3.880000e+04  3.294392e+03 -6.184262e-02  5.638931e-02 -4.058976e-02 
 3.885000e+04  3.305966e+03 -6.189418e-02  5.643466e-02 -4.062417e-02 
 3.890000e+04  3.317541e+03 -6.194558e-02  5.647989e-02 -4.065849e-02 
 3.895000e+04  3.329115e+03 -6.199684e-02  5.652501e-02 -4.069271e-02 
 3.900000e+04  3.340689e+03 -6.204795e-02  5.657002e-02 -4.072685e-02 
 3.905000e+04  3.352263e+03 -6.209893e-02  5.661491e-02 -4.076091e-02 
 3.910000e+04  3.363837e+03 -6.214976e-02  5.665967e-02 -4.079488e-02 
 3.915000e+04  3.375411e+03 -6.220046e-02  5.670430e-02 -4.082876e-02 
 3.920000e+04  3.386985e+03 -6.225101e-02  5.674881e-02 -4.086256e-02 
 3.925000e+04  3.398559e+03 -6.230142e-02  5.679319e-02 -4.089626e-02 
 3.930000e+04  3.410133e+03 -6.235169e-02  5.683747e-02 -4.092988e-02 
 3.935000e+04  3.421707e+03 -6.240182e-02  5.688163e-02 -4.096341e-02 
 3.940000e+04  3.433281e+03 -6.245181e-02  5.692568e-02 -4.099686e-02 
 3.945000e+04  3.444855e+03 -6.250167e-02  5.696963e-02 -4.103022e-02 
 3.950000e+04  3.456429e+03 -6.255140e-02  5.701346e-02 -4.106351e-02 
 3.955000e+04  3.468003e+03 -6.260099e-02  5.705718e-02 -4.109671e-02 
 3.960000e+04  3.479578e+03 -6.265046e-02  5.710077e-02 -4.112983e-02 
 3.965000e+04  3.491152e+03 -6.269980e-02  5.714423e-02 -4.116287e-02 
 3.970000e+04  3.502726e+03 -6.274901e-02  5.718757e-02 -4.119583e-02 
 3.975000e+04  3.514300e+03 -6.279810e-02  5.723081e-02 -4.122871e-02 
 3.980000e+04  3.525874e+03 -6.284706e-02  5.727393e-02 -4.126150e-02 
 3.985000e+04  3.537448e+03 -6.289590e-02  5.731695e-02 -4.129420e-02 
 3.990000e+04  3.549022e+03 -6.294461e-02  5.735986e-02 -4.132684e-02 
 3.995000e+04  3.560596e+03 -6.299320e-02  5.740266e-02 -4.135940e-02 
 4.000000e+04  3.572170e+03 -6.304166e-02  5.744534e-02 -4.139188e-02 
 4.005000e+04  3.583744e+03 -6.309000e-02  5.748792e-02 -4.142429e-02 
 4.010000e+04  3.595318e+03 -6.313822e-02  5.753039e-02 -4.145662e-02 
 4.015000e+04  3.606892e+03 -6.318631e-02  5.757276e-02 -4.148887e-02 
 4.020000e+04  3.618466e+03 -6.323427e-02  5.761503e-02 -4.152104e-02 
 4.025000e+04  3.630041e+03 -6.328211e-02  5.765719e-02 -4.155313e-02 
 4.030000e+04  3.641615e+03 -6.332983e-02  5.769925e-02 -4.158515e-02 
 4.035000e+04  3.653189e+03 -6.337743e-02  5.774121e-02 -4.161709e-02 
 4.040000e+04  3.664763e+03 -6.342492e-02  5.778306e-02 -4.164895e-02 
 4.045000e+04  3.676337e+03 -6.347228e-02  5.782481e-02 -4.168075e-02 
 4.050000e+04  3.687911e+03 -6.351954e-02  5.786646e-02 -4.171246e-02 
 4.055000e+04  3.699485e+03 -6.356668e-02  5.790800e-02 -4.174411e-02 
 4.060000e+04  3.711059e+03 -6.361370e-02  5.794943e-02 -4.177569e-02 
 4.065000e+04  3.722633e+03 -6.366060e-02  5.799077e-02 -4.180718e-02 
 4.070000e+04  3.734207e+03 -6.370739e-02  5.803201e-02 -4.183861e-02 
 4.075000e+04  3.745781e+03 -6.375407e-02  5.807315e-02 -4.186997e-02 
 4.080000e+04  3.757355e+03 -6.380065e-02  5.811421e-02 -4.190126e-02 
 4.085000e+04  3.768929e+03 -6.384712e-02  5.815516e-02 -4.193248e-02 
 4.090000e+04  3.780503e+03 -6.389347e-02  5.819602e-02 -4.196363e-02 
 4.095000e+04  3.792078e+03 -6.393973e-02  5.823677e-02 -4.199471e-02 
 4.100000e+04  3.803652e+03 -6.398587e-02  5.827743e-02 -4.202573e-02 
 4.105000e+04  3.815226e+03 -6.403189e-02  5.831800e-02 -4.205667e-02 
 4.110000e+04  3.826800e+03 -6.407780e-02  5.835847e-02 -4.208753e-02 
 4.115000e+04  3.838374e+03 -6.412361e-02  5.839885e-02 -4.211834e-02 
 4.120000e+04  3.849948e+03 -6.416931e-02  5.843914e-02 -4.214908e-02 
 4.125000e+04  3.861522e+03 -6.421489e-02  5.847934e-02 -4.217975e-02 
 4.130000e+04  3.873096e+03 -6.426037e-02  5.851946e-02 -4.221035e-02 
 4.135000e+04  3.884670e+03 -6.430575e-02  5.855949e-02 -4.224089e-02 
 4.140000e+04  3.896244e+03 -6.435102e-02  5.859942e-02 -4.227136e-02 
 4.145000e+04  3.907818e+03 -6.439619e-02  5.863926e-02 -4.230177e-02 
 4.150000e+04  3.919392e+03 -6.444125e-02  5.867902e-02 -4.233211e-02 
 4.155000e+04  3.930966e+03 -6.448623e-02  5.871868e-02 -4.236239e-02 
 4.160000e+04  3.942541e+03 -6.453109e-02  5.875825e-02 -4.239261e-02 
 4.165000e+04  3.954115e+03 -6.457586e-02  5.879775e-02 -4.242275e-02 
 4.170000e+04  3.965689e+03 -6.462054e-02  5.883715e-02 -4.245285e-02 
 4.175000e+04  3.977263e+03 -6.466513e-02  5.887646e-02 -4.248287e-02 
 4.180000e+04  3.988837e+03 -6.470962e-02  5.891569e-02 -4.251284e-02 
 4.185000e+04  4.000411e+03 -6.475402e-02  5.895483e-02 -4.254275e-02 
 4.190000e+04  4.011985e+03 -6.479832e-02  5.899389e-02 -4.257260e-02 
 4.195000e+04  4.023559e+03 -6.484252e-02  5.903287e-02 -4.260239e-02 
 4.200000e+04  4.035133e+03 -6.488664e-02  5.907176e-02 -4.263212e-02 
 4.205000e+04  4.046707e+03 -6.493066e-02  5.911057e-02 -4.266179e-02 
 4.210000e+04  4.058281e+03 -6.497458e-02  5.914930e-02 -4.269140e-02 
 4.215000e+04  4.069855e+03 -6.501840e-02  5.918794e-02 -4.272095e-02 
 4.220000e+04  4.081429e+03 -6.506214e-02  5.922651e-02 -4.275044e-02 
 4.225000e+04  4.093003e+03 -6.510577e-02  5.926500e-02 -4.277987e-02 
 4.230000e+04  4.104578e+03 -6.514931e-02  5.930342e-02 -4.280925e-02 
 4.235000e+04  4.116152e+03 -6.519274e-02  5.934177e-02 -4.283857e-02 
 4.240000e+04  4.127726e+03 -6.523608e-02  5.938004e-02 -4.286783e-02 
 4.245000e+04  4.139300e+03 -6.527934e-02  5.941822e-02 -4.289703e-02 
 4.250000e+04  4.150874e+03 -6.532250e-02  5.945633e-02 -4.292617e-02 
 4.255000e+04  4.162448e+03 -6.536558e-02  5.949434e-02 -4.295525e-02 
 4.260000e+04  4.174022e+03 -6.540857e-02  5.953229e-02 -4.298427e-02 
 4.265000e+04  4.185596e+03 -6.545147e-02  5.957015e-02 -4.301324e-02 
 4.270000e+04  4.197170e+03 -6.549428e-02  5.960794e-02 -4.304215e-02 
 4.275000e+04  4.208744e+03 -6.553701e-02  5.964566e-02 -4.307100e-02 
 4.280000e+04  4.220318e+03 -6.557965e-02  5.968331e-02 -4.309981e-02 
 4.285000e+04  4.231892e+03 -6.562221e-02  5.972089e-02 -4.312856e-02 
 4.290000e+04  4.243466e+03 -6.566469e-02  5.975838e-02 -4.315725e-02 
 4.295000e+04  4.255041e+03 -6.570708e-02  5.979580e-02 -4.318590e-02 
 4.300000e+04  4.266615e+03 -6.574938e-02  5.983315e-02 -4.321448e-02 
 4.305000e+04  4.278189e+03 -6.579160e-02  5.987043e-02 -4.324302e-02 
 4.310000e+04  4.289763e+03 -6.583372e-02  5.990764e-02 -4.327149e-02 
 4.315000e+04  4.301337e+03 -6.587576e-02  5.994478e-02 -4.329991e-02 
 4.320000e+04  4.312911e+03 -6.591771e-02  5.998185e-02 -4.332828e-02 
 4.325000e+04  4.324485e+03 -6.595958e-02  6.001885e-02 -4.335660e-02 
 4.330000e+04  4.336059e+03 -6.600137e-02  6.005579e-02 -4.338487e-02 
 4.335000e+04  4.347633e+03 -6.604307e-02  6.009266e-02 -4.341309e-02 
 4.340000e+04  4.359207e+03 -6.608469e-02  6.012946e-02 -4.344125e-02 
 4.345000e+04  4.370781e+03 -6.612623e-02  6.016618e-02 -4.346936e-02 
 4.350000e+04  4.382355e+03 -6.616769e-02  6.020284e-02 -4.349742e-02 
 4.355000e+04  4.393929e+03 -6.620908e-02  6.023944e-02 -4.352543e-02 
 4.360000e+04  4.405503e+03 -6.625038e-02  6.027596e-02 -4.355338e-02 
 4.365000e+04  4.417078e+03 -6.629159e-02  6.031242e-02 -4.358129e-02 
 4.370000e+04  4.428652e+03 -6.633273e-02  6.034881e-02 -4.360915e-02 
 4.375000e+04  4.440226e+03 -6.637380e-02  6.038515e-02 -4.363695e-02 
 4.380000e+04  4.451800e+03 -6.641480e-02  6.042142e-02 -4.366471e-02 
 4.385000e+04  4.463374e+03 -6.645572e-02  6.045762e-02 -4.369242e-02 
 4.390000e+04  4.474948e+03 -6.649656e-02  6.049375e-02 -4.372008e-02 
 4.395000e+04  4.486522e+03 -6.653732e-02  6.052983e-02 -4.374769e-02 
 4.400000e+04  4.498096e+03 -6.657801e-02  6.056583e-02 -4.377525e-02 
 4.405000e+04  4.509670e+03 -6.661861e-02  6.060179e-02 -4.380277e-02 
 4.410000e+04  4.521244e+03 -6.665914e-02  6.063768e-02 -4.383023e-02 
 4.415000e+04  4.532818e+03 -6.669960e-02  6.067351e-02 -4.385765e-02 
 4.420000e+04  4.544392e+03 -6.673998e-02  6.070928e-02 -4.388503e-02 
 4.425000e+04  4.555966e+03 -6.678029e-02  6.074499e-02 -4.391235e-02 
 4.430000e+04  4.567541e+03 -6.682053e-02  6.078064e-02 -4.393963e-02 
 4.435000e+04  4.579115e+03 -6.686069e-02  6.081623e-02 -4.396686e-02 
 4.440000e+04  4.590689e+03 -6.690078e-02  6.085176e-02 -4.399405e-02 
 4.445000e+04  4.602263e+03 -6.694079e-02  6.088723e-02 -4.402119e-02 
 4.450000e+04  4.613837e+03 -6.698073e-02  6.092264e-02 -4.404829e-02 
 4.455000e+04  4.625411e+03 -6.702061e-02  6.095800e-02 -4.407533e-02 
 4.460000e+04  4.636985e+03 -6.706041e-02  6.099330e-02 -4.410234e-02 
 4.465000e+04  4.648559e+03 -6.710016e-02  6.102855e-02 -4.412930e-02 
 4.470000e+04  4.660133e+03 -6.713983e-02  6.106373e-02 -4.415621e-02 
 4.475000e+04  4.671707e+03 -6.717943e-02  6.109885e-02 -4.418308e-02 
 4.480000e+04  4.683281e+03 -6.721896e-02  6.113392e-02 -4.420991e-02 
 4.485000e+04  4.694855e+03 -6.725842e-02  6.116894e-02 -4.423670e-02 
 4.490000e+04  4.706429e+03 -6.729781e-02  6.120391e-02 -4.426344e-02 
 4.495000e+04  4.718003e+03 -6.733714e-02  6.123882e-02 -4.429014e-02 
 4.500000e+04  4.729578e+03 -6.737641e-02  6.127369e-02 -4.431680e-02 
 4.505000e+04  4.741152e+03 -6.741561e-02  6.130850e-02 -4.434342e-02 
 4.510000e+04  4.752726e+03 -6.745474e-02  6.134325e-02 -4.436999e-02 
 4.515000e+04  4.764300e+03 -6.749381e-02  6.137796e-02 -4.439652e-02 
 4.520000e+04  4.775874e+03 -6.753281e-02  6.141261e-02 -4.442301e-02 
 4.525000e+04  4.787448e+03 -6.757174e-02  6.144721e-02 -4.444946e-02 
 4.530000e+04  4.799022e+03 -6.761061e-02  6.148177e-02 -4.447588e-02 
 4.535000e+04  4.810596e+03 -6.764941e-02  6.151628e-02 -4.450225e-02 
 4.540000e+04  4.822170e+03 -6.768815e-02  6.155075e-02 -4.452859e-02 
 4.545000e+04  4.833744e+03 -6.772683e-02  6.158517e-02 -4.455488e-02 
 4.550000e+04  4.845318e+03 -6.776544e-02  6.161954e-02 -4.458114e-02 
 4.555000e+04  4.856892e+03 -6.780398e-02  6.165386e-02 -4.460735e-02 
 4.560000e+04  4.868466e+03 -6.784246e-02  6.168813e-02 -4.463353e-02 
 4.565000e+04  4.880041e+03 -6.788088e-02  6.172236e-02 -4.465968e-02 
 4.570000e+04  4.891615e+03 -6.791925e-02  6.175654e-02 -4.468578e-02 
 4.575000e+04  4.903189e+03 -6.795756e-02  6.179067e-02 -4.471185e-02 
 4.580000e+04  4.914763e+03 -6.799581e-02  6.182476e-02 -4.473788e-02 
 4.585000e+04  4.926337e+03 -6.803400e-02  6.185881e-02 -4.476389e-02 
 4.590000e+04  4.937911e+03 -6.807214e-02  6.189281e-02 -4.478985e-02 
 4.595000e+04  4.949485e+03 -6.811022e-02  6.192676e-02 -4.481578e-02 
 4.600000e+04  4.961059e+03 -6.814825e-02  6.196067e-02 -4.484168e-02 
 4.605000e+04  4.972633e+03 -6.818622e-02  6.199453e-02 -4.486754e-02 
 4.610000e+04  4.984207e+03 -6.822414e-02  6.202833e-02 -4.489336e-02 
 4.615000e+04  4.995781e+03 -6.826199e-02  6.206210e-02 -4.491915e-02 
 4.620000e+04  5.007355e+03 -6.829979e-02  6.209582e-02 -4.494490e-02 
 4.625000e+04  5.018929e+03 -6.833752e-02  6.212950e-02 -4.497062e-02 
 4.630000e+04  5.030503e+03 -6.837520e-02  6.216314e-02 -4.499630e-02 
 4.635000e+04  5.042078e+03 -6.841282e-02  6.219674e-02 -4.502195e-02 
 4.640000e+04  5.053652e+03 -6.845039e-02  6.223030e-02 -4.504756e-02 
 4.645000e+04  5.065226e+03 -6.848790e-02  6.226381e-02 -4.507314e-02 
 4.650000e+04  5.076800e+03 -6.852536e-02  6.229727e-02 -4.509869e-02 
 4.655000e+04  5.088374e+03 -6.856276e-02  6.233069e-02 -4.512420e-02 
 4.660000e+04  5.099948e+03 -6.860011e-02  6.236407e-02 -4.514968e-02 
 4.665000e+04  5.111522e+03 -6.863741e-02  6.239740e-02 -4.517512e-02 
 4.670000e+04  5.123096e+03 -6.867465e-02  6.243070e-02 -4.520053e-02 
 4.675000e+04  5.134670e+03 -6.871184e-02  6.246394e-02 -4.522591e-02 
 4.680000e+04  5.146244e+03 -6.874898e-02  6.249715e-02 -4.525126e-02 
 4.685000e+04  5.157818e+03 -6.878608e-02  6.253031e-02 -4.527657e-02 
 4.690000e+04  5.169392e+03 -6.882312e-02  6.256343e-02 -4.530185e-02 
 4.695000e+04  5.180966e+03 -6.886011e-02  6.259650e-02 -4.532710e-02 
 4.700000e+04  5.192541e+03 -6.889705e-02  6.262953e-02 -4.535231e-02 
 4.705000e+04  5.204115e+03 -6.893394e-02  6.266252e-02 -4.537750e-02 
 4.710000e+04  5.215689e+03 -6.897077e-02  6.269546e-02 -4.540264e-02 
 4.715000e+04  5.227263e+03 -6.900755e-02  6.272838e-02 -4.542776e-02 
 4.720000e+04  5.238837e+03 -6.904428e-02  6.276125e-02 -4.545285e-02 
 4.725000e+04  5.250411e+03 -6.908096e-02  6.279408e-02 -4.547790e-02 
 4.730000e+04  5.261985e+03 -6.911759e-02  6.282686e-02 -4.550293e-02 
 4.735000e+04  5.273559e+03 -6.915417e-02  6.285961e-02 -4.552792e-02 
 4.740000e+04  5.285133e+03 -6.919070e-02  6.289231e-02 -4.555289e-02 
