         Step [creep.tim... Z Displace... Z Displace... X Displace... 
------------- ------------- ------------- ------------- ------------- 
 5.250000e+03  1.276223e-07 -4.629353e-03  4.524540e-03 -2.433365e-03 
 5.300000e+03  3.886505e-06 -4.629528e-03  4.524617e-03 -2.433539e-03 
 5.350000e+03  3.501140e-05 -4.630171e-03  4.524695e-03 -2.433870e-03 
 5.400000e+03  2.352607e-04 -4.630234e-03  4.524763e-03 -2.433871e-03 
 5.450000e+03  1.078874e-03 -4.630538e-03  4.525257e-03 -2.434193e-03 
 5.500000e+03  3.073359e-03 -4.632353e-03  4.526841e-03 -2.435430e-03 
 5.550000e+03  7.696905e-03 -4.637159e-03  4.531225e-03 -2.438725e-03 
 5.600000e+03  1.300398e-02 -4.642702e-03  4.537397e-03 -2.442578e-03 
 5.650000e+03  1.843686e-02 -4.649139e-03  4.545150e-03 -2.447222e-03 
 5.700000e+03  2.567344e-02 -4.658963e-03  4.557163e-03 -2.453887e-03 
 5.750000e+03  3.388293e-02 -4.669659e-03  4.569839e-03 -2.460586e-03 
 5.800000e+03  4.213241e-02 -4.678864e-03  4.579476e-03 -2.465863e-03 
 5.850000e+03  5.077708e-02 -4.687671e-03  4.588633e-03 -2.471155e-03 
 5.900000e+03  5.942174e-02 -4.696571e-03  4.598335e-03 -2.477031e-03 
 5.950000e+03  6.806641e-02 -4.706071e-03  4.608723e-03 -2.483663e-03 
 6.000000e+03  7.671107e-02 -4.716194e-03  4.619506e-03 -2.491265e-03 
 6.050000e+03  8.627673e-02 -4.728473e-03  4.631668e-03 -2.499991e-03 
 6.100000e+03  9.678438e-02 -4.741337e-03  4.644180e-03 -2.508308e-03 
 6.150000e+03  1.072920e-01 -4.752541e-03  4.655124e-03 -2.514715e-03 
 6.200000e+03  1.177997e-01 -4.763283e-03  4.665789e-03 -2.520621e-03 
 6.250000e+03  1.283073e-01 -4.774620e-03  4.677259e-03 -2.527061e-03 
 6.300000e+03  1.388150e-01 -4.786790e-03  4.689614e-03 -2.534419e-03 
 6.350000e+03  1.493541e-01 -4.799230e-03  4.702440e-03 -2.542758e-03 
 6.400000e+03  1.619906e-01 -4.813527e-03  4.717314e-03 -2.553193e-03 
 6.450000e+03  1.760719e-01 -4.828244e-03  4.732103e-03 -2.563758e-03 
 6.500000e+03  1.901531e-01 -4.841590e-03  4.745214e-03 -2.572656e-03 
 6.550000e+03  2.042344e-01 -4.854933e-03  4.758265e-03 -2.580801e-03 
 6.600000e+03  2.183156e-01 -4.869090e-03  4.772389e-03 -2.589257e-03 
 6.650000e+03  2.323968e-01 -4.883942e-03  4.788039e-03 -2.598548e-03 
 6.700000e+03  2.464781e-01 -4.899080e-03  4.804987e-03 -2.608536e-03 
 6.750000e+03  2.617139e-01 -4.914868e-03  4.822673e-03 -2.619428e-03 
 6.800000e+03  2.786993e-01 -4.931141e-03  4.839846e-03 -2.630524e-03 
 6.850000e+03  2.966196e-01 -4.947099e-03  4.856122e-03 -2.641293e-03 
 6.900000e+03  3.145912e-01 -4.962775e-03  4.872240e-03 -2.651870e-03 
 6.950000e+03  3.325629e-01 -4.978756e-03  4.889132e-03 -2.662760e-03 
 7.000000e+03  3.505345e-01 -4.995655e-03  4.907079e-03 -2.674231e-03 
 7.050000e+03  3.685062e-01 -5.013683e-03  4.925781e-03 -2.686034e-03 
 7.100000e+03  3.870556e-01 -5.032293e-03  4.944413e-03 -2.697677e-03 
 7.150000e+03  4.070080e-01 -5.050521e-03  4.962753e-03 -2.709075e-03 
 7.200000e+03  4.278124e-01 -5.068321e-03  4.981077e-03 -2.720416e-03 
 7.250000e+03  4.486168e-01 -5.085856e-03  4.999207e-03 -2.731963e-03 
 7.300000e+03  4.694213e-01 -5.103660e-03  5.017488e-03 -2.743987e-03 
 7.350000e+03  4.902257e-01 -5.122020e-03  5.036114e-03 -2.756592e-03 
 7.400000e+03  5.129885e-01 -5.142719e-03  5.056859e-03 -2.770607e-03 
 7.450000e+03  5.374094e-01 -5.164437e-03  5.078178e-03 -2.784795e-03 
 7.500000e+03  5.626973e-01 -5.185427e-03  5.098863e-03 -2.798056e-03 
 7.550000e+03  5.879852e-01 -5.205874e-03  5.119184e-03 -2.810776e-03 
 7.600000e+03  6.132731e-01 -5.226519e-03  5.139922e-03 -2.823723e-03 
 7.650000e+03  6.385610e-01 -5.247029e-03  5.161082e-03 -2.837140e-03 
 7.700000e+03  6.638489e-01 -5.267455e-03  5.182541e-03 -2.851102e-03 
 7.750000e+03  6.921882e-01 -5.290217e-03  5.206480e-03 -2.866953e-03 
 7.800000e+03  7.221646e-01 -5.313323e-03  5.230203e-03 -2.882969e-03 
 7.850000e+03  7.529022e-01 -5.336094e-03  5.253052e-03 -2.898036e-03 
 7.900000e+03  7.836398e-01 -5.358750e-03  5.275676e-03 -2.912718e-03 
 7.950000e+03  8.143774e-01 -5.381764e-03  5.298957e-03 -2.927511e-03 
 8.000000e+03  8.451150e-01 -5.404922e-03  5.322707e-03 -2.942477e-03 
 8.050000e+03  8.758526e-01 -5.428143e-03  5.346469e-03 -2.957594e-03 
 8.100000e+03  9.084007e-01 -5.452219e-03  5.371047e-03 -2.973686e-03 
 8.150000e+03  9.422889e-01 -5.475917e-03  5.395373e-03 -2.989905e-03 
 8.200000e+03  9.761771e-01 -5.498580e-03  5.418705e-03 -3.005375e-03 
 8.250000e+03  1.010065e+00 -5.521254e-03  5.441887e-03 -3.020659e-03 
 8.300000e+03  1.043954e+00 -5.544595e-03  5.465375e-03 -3.036013e-03 
 8.350000e+03  1.077842e+00 -5.568378e-03  5.489029e-03 -3.051371e-03 
 8.400000e+03  1.113936e+00 -5.593678e-03  5.514005e-03 -3.067567e-03 
 8.450000e+03  1.153129e+00 -5.620328e-03  5.540320e-03 -3.084805e-03 
 8.500000e+03  1.192358e+00 -5.645734e-03  5.565780e-03 -3.101477e-03 
 8.550000e+03  1.231588e+00 -5.670356e-03  5.590576e-03 -3.117800e-03 
 8.600000e+03  1.270818e+00 -5.694923e-03  5.615373e-03 -3.134193e-03 
 8.650000e+03  1.310048e+00 -5.719567e-03  5.640395e-03 -3.150825e-03 
 8.700000e+03  1.350511e+00 -5.745036e-03  5.666352e-03 -3.167965e-03 
 8.750000e+03  1.394368e+00 -5.772325e-03  5.694020e-03 -3.186117e-03 
 8.800000e+03  1.439781e+00 -5.800072e-03  5.721665e-03 -3.204140e-03 
 8.850000e+03  1.485195e+00 -5.827307e-03  5.748386e-03 -3.221492e-03 
 8.900000e+03  1.530608e+00 -5.854079e-03  5.774798e-03 -3.238692e-03 
 8.950000e+03  1.576022e+00 -5.880493e-03  5.801322e-03 -3.256068e-03 
 9.000000e+03  1.621435e+00 -5.906561e-03  5.827952e-03 -3.273693e-03 
 9.050000e+03  1.667893e+00 -5.932939e-03  5.855064e-03 -3.291776e-03 
 9.100000e+03  1.716769e+00 -5.960243e-03  5.882964e-03 -3.310397e-03 
 9.150000e+03  1.766837e+00 -5.987674e-03  5.910856e-03 -3.328613e-03 
 9.200000e+03  1.816906e+00 -6.014882e-03  5.938268e-03 -3.346212e-03 
 9.250000e+03  1.866974e+00 -6.042076e-03  5.965450e-03 -3.363670e-03 
 9.300000e+03  1.917042e+00 -6.069241e-03  5.992443e-03 -3.381209e-03 
 9.350000e+03  1.967111e+00 -6.096210e-03  6.019147e-03 -3.398873e-03 
 9.400000e+03  2.019182e+00 -6.123707e-03  6.046446e-03 -3.417227e-03 
 9.450000e+03  2.071753e+00 -6.150688e-03  6.073459e-03 -3.435440e-03 
 9.500000e+03  2.124325e+00 -6.176986e-03  6.099987e-03 -3.453111e-03 
 9.550000e+03  2.176897e+00 -6.203198e-03  6.126348e-03 -3.470445e-03 
 9.600000e+03  2.230362e+00 -6.230013e-03  6.153194e-03 -3.487964e-03 
 9.650000e+03  2.285563e+00 -6.257681e-03  6.180923e-03 -3.505908e-03 
 9.700000e+03  2.342640e+00 -6.286068e-03  6.209258e-03 -3.524256e-03 
 9.750000e+03  2.403498e+00 -6.315957e-03  6.238682e-03 -3.543560e-03 
 9.800000e+03  2.464357e+00 -6.345178e-03  6.267251e-03 -3.562574e-03 
 9.850000e+03  2.525215e+00 -6.373753e-03  6.295243e-03 -3.581371e-03 
 9.900000e+03  2.586073e+00 -6.401808e-03  6.323117e-03 -3.600125e-03 
 9.950000e+03  2.646932e+00 -6.429571e-03  6.351131e-03 -3.618795e-03 
 1.000000e+04  2.707790e+00 -6.457246e-03  6.379297e-03 -3.637312e-03 
 1.005000e+04  2.771265e+00 -6.485978e-03  6.408524e-03 -3.656204e-03 
 1.010000e+04  2.838106e+00 -6.515979e-03  6.438708e-03 -3.675502e-03 
 1.015000e+04  2.905202e+00 -6.545769e-03  6.468367e-03 -3.694491e-03 
 1.020000e+04  2.972299e+00 -6.575057e-03  6.497388e-03 -3.713443e-03 
 1.025000e+04  3.039395e+00 -6.603911e-03  6.525956e-03 -3.732471e-03 
 1.030000e+04  3.106491e+00 -6.632370e-03  6.554214e-03 -3.751555e-03 
 1.035000e+04  3.173588e+00 -6.660642e-03  6.582342e-03 -3.770545e-03 
 1.040000e+04  3.241757e+00 -6.689049e-03  6.610683e-03 -3.789459e-03 
 1.045000e+04  3.312420e+00 -6.718147e-03  6.639814e-03 -3.808508e-03 
 1.050000e+04  3.386394e+00 -6.748377e-03  6.670162e-03 -3.828032e-03 
 1.055000e+04  3.460367e+00 -6.778470e-03  6.700305e-03 -3.847314e-03 
 1.060000e+04  3.534341e+00 -6.808376e-03  6.730007e-03 -3.866495e-03 
 1.065000e+04  3.608463e+00 -6.838051e-03  6.759216e-03 -3.885742e-03 
 1.070000e+04  3.686135e+00 -6.868758e-03  6.789261e-03 -3.905906e-03 
 1.075000e+04  3.763807e+00 -6.898918e-03  6.818718e-03 -3.925845e-03 
 1.080000e+04  3.841480e+00 -6.928553e-03  6.847770e-03 -3.945409e-03 
 1.085000e+04  3.919152e+00 -6.957941e-03  6.876822e-03 -3.964672e-03 
 1.090000e+04  3.996825e+00 -6.987240e-03  6.905980e-03 -3.983704e-03 
 1.095000e+04  4.077604e+00 -7.017524e-03  6.936297e-03 -4.003263e-03 
 1.100000e+04  4.162748e+00 -7.049145e-03  6.967963e-03 -4.023571e-03 
 1.105000e+04  4.252064e+00 -7.081987e-03  7.000617e-03 -4.044707e-03 
 1.110000e+04  4.341980e+00 -7.114499e-03  7.032739e-03 -4.065793e-03 
 1.115000e+04  4.431895e+00 -7.146378e-03  7.064135e-03 -4.086728e-03 
 1.120000e+04  4.521811e+00 -7.177863e-03  7.095205e-03 -4.107615e-03 
 1.125000e+04  4.611726e+00 -7.209107e-03  7.126199e-03 -4.128345e-03 
 1.130000e+04  4.701642e+00 -7.240193e-03  7.157097e-03 -4.148736e-03 
 1.135000e+04  4.794884e+00 -7.272198e-03  7.189024e-03 -4.169456e-03 
 1.140000e+04  4.889295e+00 -7.304362e-03  7.221147e-03 -4.190122e-03 
 1.145000e+04  4.983707e+00 -7.336077e-03  7.252899e-03 -4.210514e-03 
 1.150000e+04  5.080667e+00 -7.368261e-03  7.285006e-03 -4.231298e-03 
 1.155000e+04  5.179799e+00 -7.400863e-03  7.317261e-03 -4.252492e-03 
 1.160000e+04  5.278931e+00 -7.433285e-03  7.348974e-03 -4.273646e-03 
 1.165000e+04  5.381730e+00 -7.466514e-03  7.381386e-03 -4.295460e-03 
 1.170000e+04  5.485819e+00 -7.499697e-03  7.413911e-03 -4.317203e-03 
 1.175000e+04  5.589907e+00 -7.532588e-03  7.446281e-03 -4.338532e-03 
 1.180000e+04  5.693996e+00 -7.565273e-03  7.478553e-03 -4.359494e-03 
 1.185000e+04  5.798084e+00 -7.597752e-03  7.510619e-03 -4.380216e-03 
 1.190000e+04  5.906232e+00 -7.631188e-03  7.543730e-03 -4.401592e-03 
 1.195000e+04  6.016290e+00 -7.664760e-03  7.577071e-03 -4.423241e-03 
 1.200000e+04  6.131047e+00 -7.699246e-03  7.611206e-03 -4.445702e-03 
 1.205000e+04  6.245805e+00 -7.733271e-03  7.644634e-03 -4.467993e-03 
 1.210000e+04  6.361825e+00 -7.767404e-03  7.677991e-03 -4.490294e-03 
 1.215000e+04  6.482320e+00 -7.802582e-03  7.712419e-03 -4.513140e-03 
 1.220000e+04  6.602815e+00 -7.837465e-03  7.746772e-03 -4.535658e-03 
 1.225000e+04  6.723311e+00 -7.872016e-03  7.781003e-03 -4.557827e-03 
 1.230000e+04  6.843806e+00 -7.906267e-03  7.815014e-03 -4.579818e-03 
 1.235000e+04  6.968639e+00 -7.941331e-03  7.849926e-03 -4.602396e-03 
 1.240000e+04  7.095159e+00 -7.976370e-03  7.884807e-03 -4.625075e-03 
 1.245000e+04  7.225981e+00 -8.012200e-03  7.920309e-03 -4.648378e-03 
 1.250000e+04  7.358827e+00 -8.048276e-03  7.955849e-03 -4.671877e-03 
 1.255000e+04  7.491674e+00 -8.084135e-03  7.990905e-03 -4.695153e-03 
 1.260000e+04  7.624520e+00 -8.119748e-03  8.025579e-03 -4.718103e-03 
 1.265000e+04  7.762281e+00 -8.156397e-03  8.061328e-03 -4.741558e-03 
 1.270000e+04  7.901770e+00 -8.193120e-03  8.097336e-03 -4.765046e-03 
 1.275000e+04  8.041258e+00 -8.229399e-03  8.133032e-03 -4.788287e-03 
 1.280000e+04  8.180746e+00 -8.265284e-03  8.168400e-03 -4.811293e-03 
 1.285000e+04  8.327209e+00 -8.302583e-03  8.205251e-03 -4.835317e-03 
 1.290000e+04  8.473672e+00 -8.339474e-03  8.241665e-03 -4.859186e-03 
 1.295000e+04  8.624529e+00 -8.377013e-03  8.278579e-03 -4.883524e-03 
 1.300000e+04  8.778315e+00 -8.415043e-03  8.315686e-03 -4.908055e-03 
 1.305000e+04  8.932101e+00 -8.452851e-03  8.352390e-03 -4.932295e-03 
 1.310000e+04  9.085887e+00 -8.490277e-03  8.388873e-03 -4.956203e-03 
 1.315000e+04  9.239673e+00 -8.527254e-03  8.425094e-03 -4.979836e-03 
 1.320000e+04  9.399149e+00 -8.565241e-03  8.462462e-03 -5.004175e-03 
 1.325000e+04  9.560624e+00 -8.603312e-03  8.500033e-03 -5.028656e-03 
 1.330000e+04  9.724683e+00 -8.641456e-03  8.537735e-03 -5.053225e-03 
 1.335000e+04  9.894232e+00 -8.680463e-03  8.576245e-03 -5.078411e-03 
 1.340000e+04  1.007158e+01 -8.720975e-03  8.616124e-03 -5.104533e-03 
 1.345000e+04  1.024961e+01 -8.761282e-03  8.655602e-03 -5.130441e-03 
 1.350000e+04  1.042763e+01 -8.801244e-03  8.694586e-03 -5.156032e-03 
 1.355000e+04  1.060566e+01 -8.840932e-03  8.733157e-03 -5.181337e-03 
 1.360000e+04  1.078369e+01 -8.880210e-03  8.771471e-03 -5.206433e-03 
 1.365000e+04  1.096171e+01 -8.919026e-03  8.809511e-03 -5.231274e-03 
 1.370000e+04  1.114793e+01 -8.959143e-03  8.848904e-03 -5.256986e-03 
 1.375000e+04  1.134009e+01 -9.000203e-03  8.889255e-03 -5.283315e-03 
 1.380000e+04  1.153637e+01 -9.041765e-03  8.929944e-03 -5.309939e-03 
 1.385000e+04  1.173382e+01 -9.083171e-03  8.970374e-03 -5.336430e-03 
 1.390000e+04  1.193991e+01 -9.126006e-03  9.012137e-03 -5.363831e-03 
 1.395000e+04  1.214599e+01 -9.168509e-03  9.053434e-03 -5.390909e-03 
 1.400000e+04  1.235208e+01 -9.210586e-03  9.094246e-03 -5.417647e-03 
 1.405000e+04  1.255817e+01 -9.252224e-03  9.134655e-03 -5.444134e-03 
 1.410000e+04  1.276426e+01 -9.293432e-03  9.174753e-03 -5.470393e-03 
 1.415000e+04  1.297096e+01 -9.334199e-03  9.214753e-03 -5.496520e-03 
 1.420000e+04  1.318736e+01 -9.376380e-03  9.256235e-03 -5.523652e-03 
 1.425000e+04  1.341262e+01 -9.419956e-03  9.299007e-03 -5.551539e-03 
 1.430000e+04  1.363983e+01 -9.463567e-03  9.341710e-03 -5.579366e-03 
 1.435000e+04  1.386704e+01 -9.506848e-03  9.383822e-03 -5.606873e-03 
 1.440000e+04  1.410448e+01 -9.551573e-03  9.427319e-03 -5.635304e-03 
 1.445000e+04  1.434305e+01 -9.596087e-03  9.470617e-03 -5.663617e-03 
 1.450000e+04  1.458163e+01 -9.640137e-03  9.513460e-03 -5.691700e-03 
 1.455000e+04  1.482020e+01 -9.683692e-03  9.555854e-03 -5.719477e-03 
 1.460000e+04  1.506426e+01 -9.727834e-03  9.598900e-03 -5.747625e-03 
 1.465000e+04  1.531476e+01 -9.772680e-03  9.642765e-03 -5.776197e-03 
 1.470000e+04  1.556526e+01 -9.817059e-03  9.686170e-03 -5.804473e-03 
 1.475000e+04  1.582328e+01 -9.862334e-03  9.730417e-03 -5.833262e-03 
 1.480000e+04  1.608630e+01 -9.908200e-03  9.775009e-03 -5.862358e-03 
 1.485000e+04  1.634933e+01 -9.953726e-03  9.819018e-03 -5.891160e-03 
 1.490000e+04  1.661236e+01 -9.998695e-03  9.862483e-03 -5.919652e-03 
 1.495000e+04  1.688801e+01 -1.004535e-02  9.907577e-03 -5.949203e-03 
 1.500000e+04  1.716418e+01 -1.009163e-02  9.952447e-03 -5.978595e-03 
 1.505000e+04  1.744036e+01 -1.013737e-02  9.996868e-03 -6.007653e-03 
 1.510000e+04  1.772206e+01 -1.018351e-02  1.004182e-02 -6.036963e-03 
 1.515000e+04  1.801205e+01 -1.023063e-02  1.008779e-02 -6.066813e-03 
 1.520000e+04  1.830204e+01 -1.027734e-02  1.013325e-02 -6.096367e-03 
 1.525000e+04  1.859927e+01 -1.032465e-02  1.017927e-02 -6.126313e-03 
 1.530000e+04  1.890680e+01 -1.037317e-02  1.022630e-02 -6.157029e-03 
 1.535000e+04  1.922651e+01 -1.042318e-02  1.027467e-02 -6.188682e-03 
 1.540000e+04  1.954622e+01 -1.047253e-02  1.032251e-02 -6.219993e-03 
 1.545000e+04  1.986593e+01 -1.052140e-02  1.036987e-02 -6.250937e-03 
 1.550000e+04  2.018756e+01 -1.057012e-02  1.041715e-02 -6.281744e-03 
 1.555000e+04  2.052326e+01 -1.062050e-02  1.046604e-02 -6.313564e-03 
 1.560000e+04  2.085895e+01 -1.067025e-02  1.051447e-02 -6.344999e-03 
 1.565000e+04  2.120371e+01 -1.072086e-02  1.056365e-02 -6.376955e-03 
 1.570000e+04  2.155619e+01 -1.077219e-02  1.061339e-02 -6.409351e-03 
 1.575000e+04  2.190867e+01 -1.082302e-02  1.066247e-02 -6.441377e-03 
 1.580000e+04  2.226785e+01 -1.087427e-02  1.071188e-02 -6.473619e-03 
 1.585000e+04  2.264536e+01 -1.092763e-02  1.076329e-02 -6.507177e-03 
 1.590000e+04  2.303397e+01 -1.098193e-02  1.081569e-02 -6.541413e-03 
 1.595000e+04  2.342258e+01 -1.103554e-02  1.086754e-02 -6.575240e-03 
 1.600000e+04  2.381585e+01 -1.108919e-02  1.091949e-02 -6.609055e-03 
 1.605000e+04  2.422389e+01 -1.114442e-02  1.097291e-02 -6.643734e-03 
 1.610000e+04  2.463193e+01 -1.119903e-02  1.102577e-02 -6.678031e-03 
 1.615000e+04  2.503997e+01 -1.125302e-02  1.107795e-02 -6.711893e-03 
 1.620000e+04  2.546637e+01 -1.130889e-02  1.113184e-02 -6.746961e-03 
 1.625000e+04  2.589481e+01 -1.136446e-02  1.118537e-02 -6.781896e-03 
 1.630000e+04  2.632325e+01 -1.141938e-02  1.123823e-02 -6.816388e-03 
 1.635000e+04  2.676069e+01 -1.147475e-02  1.129165e-02 -6.851185e-03 
 1.640000e+04  2.721056e+01 -1.153125e-02  1.134611e-02 -6.886566e-03 
 1.645000e+04  2.766042e+01 -1.158713e-02  1.140007e-02 -6.921560e-03 
 1.650000e+04  2.811389e+01 -1.164274e-02  1.145383e-02 -6.956439e-03 
 1.655000e+04  2.860703e+01 -1.170264e-02  1.151169e-02 -6.993956e-03 
 1.660000e+04  2.910300e+01 -1.176230e-02  1.156925e-02 -7.031259e-03 
 1.665000e+04  2.959898e+01 -1.182128e-02  1.162597e-02 -7.068084e-03 
 1.670000e+04  3.010388e+01 -1.188064e-02  1.168293e-02 -7.105117e-03 
 1.675000e+04  3.062465e+01 -1.194123e-02  1.174109e-02 -7.142929e-03 
 1.680000e+04  3.114543e+01 -1.200114e-02  1.179859e-02 -7.180344e-03 
 1.685000e+04  3.166724e+01 -1.206035e-02  1.185559e-02 -7.217371e-03 
 1.690000e+04  3.221406e+01 -1.212180e-02  1.191474e-02 -7.255712e-03 
 1.695000e+04  3.278438e+01 -1.218529e-02  1.197578e-02 -7.295219e-03 
 1.700000e+04  3.335854e+01 -1.224841e-02  1.203647e-02 -7.334485e-03 
 1.705000e+04  3.394360e+01 -1.231199e-02  1.209745e-02 -7.373936e-03 
 1.710000e+04  3.454646e+01 -1.237683e-02  1.215958e-02 -7.414169e-03 
 1.715000e+04  3.514932e+01 -1.244087e-02  1.222093e-02 -7.453990e-03 
 1.720000e+04  3.575218e+01 -1.250403e-02  1.228142e-02 -7.493282e-03 
 1.725000e+04  3.637795e+01 -1.256889e-02  1.234348e-02 -7.533573e-03 
 1.730000e+04  3.701095e+01 -1.263384e-02  1.240572e-02 -7.573858e-03 
 1.735000e+04  3.764396e+01 -1.269793e-02  1.246722e-02 -7.613627e-03 
 1.740000e+04  3.830855e+01 -1.276441e-02  1.253100e-02 -7.654790e-03 
 1.745000e+04  3.900644e+01 -1.283357e-02  1.259728e-02 -7.697522e-03 
 1.750000e+04  3.970432e+01 -1.290195e-02  1.266267e-02 -7.739756e-03 
 1.755000e+04  4.040361e+01 -1.296947e-02  1.272711e-02 -7.781500e-03 
 1.760000e+04  4.113639e+01 -1.303938e-02  1.279378e-02 -7.824687e-03 
 1.765000e+04  4.190288e+01 -1.311176e-02  1.286275e-02 -7.869380e-03 
 1.770000e+04  4.267230e+01 -1.318341e-02  1.293108e-02 -7.913573e-03 
 1.775000e+04  4.344172e+01 -1.325413e-02  1.299853e-02 -7.957100e-03 
 1.780000e+04  4.424191e+01 -1.332686e-02  1.306792e-02 -8.001826e-03 
 1.785000e+04  4.504981e+01 -1.339937e-02  1.313714e-02 -8.046382e-03 
 1.790000e+04  4.586093e+01 -1.347116e-02  1.320565e-02 -8.090497e-03 
 1.795000e+04  4.670921e+01 -1.354531e-02  1.327631e-02 -8.136069e-03 
 1.800000e+04  4.759567e+01 -1.362197e-02  1.334918e-02 -8.183098e-03 
 1.805000e+04  4.848637e+01 -1.369789e-02  1.342127e-02 -8.229679e-03 
 1.810000e+04  4.937707e+01 -1.377275e-02  1.349237e-02 -8.275532e-03 
 1.815000e+04  5.029450e+01 -1.384892e-02  1.356481e-02 -8.322150e-03 
 1.820000e+04  5.122973e+01 -1.392557e-02  1.363775e-02 -8.369097e-03 
 1.825000e+04  5.216497e+01 -1.400111e-02  1.370965e-02 -8.415285e-03 
 1.830000e+04  5.313013e+01 -1.407810e-02  1.378288e-02 -8.462273e-03 
 1.835000e+04  5.411213e+01 -1.415561e-02  1.385654e-02 -8.509509e-03 
 1.840000e+04  5.509412e+01 -1.423199e-02  1.392899e-02 -8.556098e-03 
 1.845000e+04  5.610067e+01 -1.430915e-02  1.400208e-02 -8.603155e-03 
 1.850000e+04  5.717610e+01 -1.439073e-02  1.407924e-02 -8.652792e-03 
 1.855000e+04  5.825876e+01 -1.447180e-02  1.415586e-02 -8.702051e-03 
 1.860000e+04  5.934141e+01 -1.455165e-02  1.423134e-02 -8.750504e-03 
 1.865000e+04  6.045437e+01 -1.463273e-02  1.430792e-02 -8.799523e-03 
 1.870000e+04  6.159116e+01 -1.471440e-02  1.438513e-02 -8.848983e-03 
 1.875000e+04  6.272794e+01 -1.479488e-02  1.446117e-02 -8.897764e-03 
 1.880000e+04  6.390514e+01 -1.487696e-02  1.453878e-02 -8.947512e-03 
 1.885000e+04  6.515844e+01 -1.496341e-02  1.462038e-02 -8.999770e-03 
 1.890000e+04  6.641175e+01 -1.504872e-02  1.470075e-02 -9.051212e-03 
 1.895000e+04  6.766505e+01 -1.513267e-02  1.477975e-02 -9.101802e-03 
 1.900000e+04  6.896097e+01 -1.521826e-02  1.486022e-02 -9.153262e-03 
 1.905000e+04  7.027694e+01 -1.530409e-02  1.494089e-02 -9.204844e-03 
 1.910000e+04  7.159291e+01 -1.538851e-02  1.502039e-02 -9.255704e-03 
 1.915000e+04  7.293388e+01 -1.547329e-02  1.510020e-02 -9.306698e-03 
 1.920000e+04  7.437369e+01 -1.556325e-02  1.518477e-02 -9.360669e-03 
 1.925000e+04  7.582454e+01 -1.565260e-02  1.526871e-02 -9.414227e-03 
 1.930000e+04  7.727540e+01 -1.574052e-02  1.535121e-02 -9.466824e-03 
 1.935000e+04  7.879590e+01 -1.583146e-02  1.543629e-02 -9.521069e-03 
 1.940000e+04  8.031930e+01 -1.592139e-02  1.552027e-02 -9.574680e-03 
 1.945000e+04  8.184270e+01 -1.600981e-02  1.560283e-02 -9.627447e-03 
 1.950000e+04  8.342300e+01 -1.610021e-02  1.568716e-02 -9.681243e-03 
 1.955000e+04  8.510255e+01 -1.619502e-02  1.577562e-02 -9.737663e-03 
 1.960000e+04  8.678209e+01 -1.628832e-02  1.586267e-02 -9.793180e-03 
 1.965000e+04  8.846164e+01 -1.638011e-02  1.594825e-02 -9.847658e-03 
 1.970000e+04  9.027488e+01 -1.647782e-02  1.603921e-02 -9.905496e-03 
 1.975000e+04  9.212658e+01 -1.657617e-02  1.613067e-02 -9.963665e-03 
 1.980000e+04  9.397829e+01 -1.667283e-02  1.622045e-02 -1.002086e-02 
 1.985000e+04  9.585221e+01 -1.676905e-02  1.630971e-02 -1.007770e-02 
 1.990000e+04  9.779650e+01 -1.686745e-02  1.640086e-02 -1.013578e-02 
 1.995000e+04  9.974078e+01 -1.696424e-02  1.649058e-02 -1.019289e-02 
 2.000000e+04  1.016928e+02 -1.705981e-02  1.657912e-02 -1.024913e-02 
 2.005000e+04  1.038099e+02 -1.716204e-02  1.667362e-02 -1.030913e-02 
 2.010000e+04  1.059535e+02 -1.726401e-02  1.676780e-02 -1.036896e-02 
 2.015000e+04  1.080970e+02 -1.736402e-02  1.686022e-02 -1.042773e-02 
 2.020000e+04  1.103522e+02 -1.746753e-02  1.695558e-02 -1.048835e-02 
 2.025000e+04  1.127155e+02 -1.757454e-02  1.705393e-02 -1.055092e-02 
 2.030000e+04  1.150788e+02 -1.767957e-02  1.715047e-02 -1.061232e-02 
 2.035000e+04  1.174515e+02 -1.778313e-02  1.724555e-02 -1.067273e-02 
 2.040000e+04  1.199975e+02 -1.789256e-02  1.734578e-02 -1.073645e-02 
 2.045000e+04  1.226030e+02 -1.800266e-02  1.744663e-02 -1.080060e-02 
 2.050000e+04  1.252086e+02 -1.811067e-02  1.754553e-02 -1.086339e-02 
 2.055000e+04  1.279222e+02 -1.822124e-02  1.764650e-02 -1.092748e-02 
 2.060000e+04  1.307948e+02 -1.833641e-02  1.775155e-02 -1.099427e-02 
 2.065000e+04  1.336674e+02 -1.844931e-02  1.785451e-02 -1.105977e-02 
 2.070000e+04  1.365544e+02 -1.856058e-02  1.795584e-02 -1.112413e-02 
 2.075000e+04  1.396460e+02 -1.867778e-02  1.806239e-02 -1.119183e-02 
 2.080000e+04  1.428130e+02 -1.879570e-02  1.816951e-02 -1.125997e-02 
 2.085000e+04  1.459801e+02 -1.891122e-02  1.827440e-02 -1.132659e-02 
 2.090000e+04  1.492421e+02 -1.902801e-02  1.838023e-02 -1.139376e-02 
 2.095000e+04  1.525675e+02 -1.914503e-02  1.848605e-02 -1.146106e-02 
 2.100000e+04  1.558929e+02 -1.925967e-02  1.858972e-02 -1.152706e-02 
 2.105000e+04  1.593332e+02 -1.937601e-02  1.869481e-02 -1.159385e-02 
 2.110000e+04  1.629994e+02 -1.949811e-02  1.880478e-02 -1.166374e-02 
 2.115000e+04  1.666657e+02 -1.961782e-02  1.891256e-02 -1.173232e-02 
 2.120000e+04  1.703319e+02 -1.973500e-02  1.901796e-02 -1.179936e-02 
 2.125000e+04  1.742563e+02 -1.985811e-02  1.912842e-02 -1.186962e-02 
 2.130000e+04  1.782983e+02 -1.998259e-02  1.924018e-02 -1.194074e-02 
 2.135000e+04  1.823403e+02 -2.010451e-02  1.934951e-02 -1.201032e-02 
 2.140000e+04  1.865261e+02 -2.022825e-02  1.946021e-02 -1.208075e-02 
 2.145000e+04  1.909824e+02 -2.035764e-02  1.957578e-02 -1.215438e-02 
 2.150000e+04  1.954387e+02 -2.048438e-02  1.968887e-02 -1.222650e-02 
 2.155000e+04  1.998951e+02 -2.060842e-02  1.979932e-02 -1.229686e-02 
 2.160000e+04  2.047474e+02 -2.074095e-02  1.991704e-02 -1.237188e-02 
 2.165000e+04  2.096605e+02 -2.087259e-02  2.003384e-02 -1.244644e-02 
 2.170000e+04  2.145736e+02 -2.100131e-02  2.014791e-02 -1.251923e-02 
 2.175000e+04  2.196955e+02 -2.113256e-02  2.026410e-02 -1.259341e-02 
 2.180000e+04  2.251122e+02 -2.126873e-02  2.038449e-02 -1.267042e-02 
 2.185000e+04  2.305290e+02 -2.140196e-02  2.050226e-02 -1.274570e-02 
 2.190000e+04  2.360716e+02 -2.153536e-02  2.061990e-02 -1.282080e-02 
 2.195000e+04  2.421092e+02 -2.167787e-02  2.074525e-02 -1.290094e-02 
 2.200000e+04  2.483797e+02 -2.182268e-02  2.087254e-02 -1.298249e-02 
 2.205000e+04  2.546503e+02 -2.196404e-02  2.099655e-02 -1.306197e-02 
 2.210000e+04  2.610086e+02 -2.210406e-02  2.111908e-02 -1.314054e-02 
 2.215000e+04  2.675926e+02 -2.224593e-02  2.124311e-02 -1.322020e-02 
 2.220000e+04  2.741767e+02 -2.238456e-02  2.136435e-02 -1.329802e-02 
 2.225000e+04  2.811048e+02 -2.252712e-02  2.148894e-02 -1.337788e-02 
 2.230000e+04  2.887266e+02 -2.268095e-02  2.162318e-02 -1.346407e-02 
 2.235000e+04  2.963485e+02 -2.283131e-02  2.175423e-02 -1.354840e-02 
 2.240000e+04  3.039704e+02 -2.297783e-02  2.188171e-02 -1.363038e-02 
 2.245000e+04  3.118460e+02 -2.312563e-02  2.200996e-02 -1.371287e-02 
 2.250000e+04  3.202491e+02 -2.327988e-02  2.214365e-02 -1.379904e-02 
 2.255000e+04  3.286522e+02 -2.343046e-02  2.227405e-02 -1.388324e-02 
 2.260000e+04  3.372410e+02 -2.358075e-02  2.240394e-02 -1.396717e-02 
 2.265000e+04  3.465054e+02 -2.373947e-02  2.254091e-02 -1.405574e-02 
 2.270000e+04  3.557698e+02 -2.389444e-02  2.267457e-02 -1.414219e-02 
 2.275000e+04  3.650343e+02 -2.404545e-02  2.280463e-02 -1.422628e-02 
 2.280000e+04  3.754837e+02 -2.421185e-02  2.294771e-02 -1.431891e-02 
 2.285000e+04  3.862084e+02 -2.437878e-02  2.309110e-02 -1.441203e-02 
 2.290000e+04  3.969331e+02 -2.454134e-02  2.323056e-02 -1.450276e-02 
 2.295000e+04  4.076578e+02 -2.469967e-02  2.336618e-02 -1.459100e-02 
 2.300000e+04  4.190825e+02 -2.486422e-02  2.350700e-02 -1.468270e-02 
 2.305000e+04  4.306566e+02 -2.502691e-02  2.364622e-02 -1.477340e-02 
 2.310000e+04  4.422307e+02 -2.518554e-02  2.378187e-02 -1.486183e-02 
 2.315000e+04  4.538048e+02 -2.534044e-02  2.391420e-02 -1.494822e-02 
 2.320000e+04  4.653788e+02 -2.549168e-02  2.404343e-02 -1.503271e-02 
 2.325000e+04  4.769529e+02 -2.563931e-02  2.416956e-02 -1.511516e-02 
 2.330000e+04  4.885270e+02 -2.578366e-02  2.429283e-02 -1.519578e-02 
 2.335000e+04  5.001011e+02 -2.592505e-02  2.441357e-02 -1.527492e-02 
 2.340000e+04  5.116751e+02 -2.606352e-02  2.453181e-02 -1.535249e-02 
 2.345000e+04  5.232492e+02 -2.619919e-02  2.464752e-02 -1.542843e-02 
 2.350000e+04  5.348233e+02 -2.633232e-02  2.476097e-02 -1.550304e-02 
 2.355000e+04  5.463974e+02 -2.646307e-02  2.487218e-02 -1.557640e-02 
 2.360000e+04  5.579714e+02 -2.659162e-02  2.498104e-02 -1.564841e-02 
 2.365000e+04  5.695455e+02 -2.671832e-02  2.508780e-02 -1.571923e-02 
 2.370000e+04  5.811196e+02 -2.684326e-02  2.519273e-02 -1.578908e-02 
 2.375000e+04  5.926937e+02 -2.696640e-02  2.529584e-02 -1.585794e-02 
 2.380000e+04  6.042677e+02 -2.708778e-02  2.539714e-02 -1.592578e-02 
 2.385000e+04  6.158418e+02 -2.720751e-02  2.549681e-02 -1.599276e-02 
 2.390000e+04  6.274159e+02 -2.732563e-02  2.559495e-02 -1.605902e-02 
 2.395000e+04  6.389900e+02 -2.744209e-02  2.569159e-02 -1.612449e-02 
 2.400000e+04  6.505640e+02 -2.755705e-02  2.578677e-02 -1.618911e-02 
 2.405000e+04  6.621381e+02 -2.767059e-02  2.588059e-02 -1.625298e-02 
 2.410000e+04  6.737122e+02 -2.778258e-02  2.597305e-02 -1.631611e-02 
 2.415000e+04  6.852863e+02 -2.789296e-02  2.606413e-02 -1.637839e-02 
 2.420000e+04  6.968603e+02 -2.800181e-02  2.615398e-02 -1.643981e-02 
 2.425000e+04  7.084344e+02 -2.810931e-02  2.624263e-02 -1.650045e-02 
 2.430000e+04  7.200085e+02 -2.821537e-02  2.633009e-02 -1.656034e-02 
 2.435000e+04  7.315825e+02 -2.832003e-02  2.641641e-02 -1.661950e-02 
 2.440000e+04  7.431566e+02 -2.842332e-02  2.650172e-02 -1.667801e-02 
 2.445000e+04  7.547307e+02 -2.852529e-02  2.658607e-02 -1.673589e-02 
 2.450000e+04  7.663048e+02 -2.862600e-02  2.666946e-02 -1.679316e-02 
 2.455000e+04  7.778788e+02 -2.872548e-02  2.675201e-02 -1.684981e-02 
 2.460000e+04  7.894529e+02 -2.882382e-02  2.683376e-02 -1.690591e-02 
 2.465000e+04  8.010270e+02 -2.892104e-02  2.691471e-02 -1.696144e-02 
 2.470000e+04  8.126011e+02 -2.901719e-02  2.699483e-02 -1.701643e-02 
 2.475000e+04  8.241751e+02 -2.911237e-02  2.707417e-02 -1.707095e-02 
 2.480000e+04  8.357492e+02 -2.920664e-02  2.715274e-02 -1.712499e-02 
 2.485000e+04  8.473233e+02 -2.930005e-02  2.723053e-02 -1.717855e-02 
 2.490000e+04  8.588974e+02 -2.939254e-02  2.730752e-02 -1.723168e-02 
 2.495000e+04  8.704714e+02 -2.948422e-02  2.738373e-02 -1.728440e-02 
 2.500000e+04  8.820455e+02 -2.957516e-02  2.745919e-02 -1.733667e-02 
 2.505000e+04  8.936196e+02 -2.966535e-02  2.753394e-02 -1.738847e-02 
 2.510000e+04  9.051937e+02 -2.975479e-02  2.760794e-02 -1.743984e-02 
 2.515000e+04  9.167677e+02 -2.984347e-02  2.768122e-02 -1.749084e-02 
 2.520000e+04  9.283418e+02 -2.993137e-02  2.775380e-02 -1.754143e-02 
 2.525000e+04  9.399159e+02 -3.001854e-02  2.782572e-02 -1.759160e-02 
 2.530000e+04  9.514900e+02 -3.010499e-02  2.789710e-02 -1.764139e-02 
 2.535000e+04  9.630640e+02 -3.019068e-02  2.796795e-02 -1.769079e-02 
 2.540000e+04  9.746381e+02 -3.027569e-02  2.803831e-02 -1.773982e-02 
 2.545000e+04  9.862122e+02 -3.036001e-02  2.810823e-02 -1.778847e-02 
 2.550000e+04  9.977863e+02 -3.044366e-02  2.817777e-02 -1.783679e-02 
 2.555000e+04  1.009360e+03 -3.052671e-02  2.824692e-02 -1.788477e-02 
 2.560000e+04  1.020934e+03 -3.060913e-02  2.831572e-02 -1.793241e-02 
 2.565000e+04  1.032508e+03 -3.069098e-02  2.838421e-02 -1.797973e-02 
 2.570000e+04  1.044083e+03 -3.077228e-02  2.845235e-02 -1.802679e-02 
 2.575000e+04  1.055657e+03 -3.085298e-02  2.852018e-02 -1.807356e-02 
 2.580000e+04  1.067231e+03 -3.093313e-02  2.858769e-02 -1.811961e-02 
 2.585000e+04  1.078805e+03 -3.101274e-02  2.865462e-02 -1.816523e-02 
 2.590000e+04  1.090379e+03 -3.109147e-02  2.872071e-02 -1.821089e-02 
 2.595000e+04  1.101953e+03 -3.116957e-02  2.878687e-02 -1.825667e-02 
 2.600000e+04  1.113527e+03 -3.124755e-02  2.885302e-02 -1.830223e-02 
 2.605000e+04  1.125101e+03 -3.132548e-02  2.891892e-02 -1.834737e-02 
 2.610000e+04  1.136675e+03 -3.140284e-02  2.898441e-02 -1.839221e-02 
 2.615000e+04  1.148249e+03 -3.147924e-02  2.904936e-02 -1.843697e-02 
 2.620000e+04  1.159823e+03 -3.155505e-02  2.911373e-02 -1.848162e-02 
 2.625000e+04  1.171397e+03 -3.163079e-02  2.917788e-02 -1.852592e-02 
 2.630000e+04  1.182971e+03 -3.170651e-02  2.924179e-02 -1.856991e-02 
 2.635000e+04  1.194546e+03 -3.178140e-02  2.930546e-02 -1.861368e-02 
 2.640000e+04  1.206120e+03 -3.185557e-02  2.936893e-02 -1.865716e-02 
 2.645000e+04  1.217694e+03 -3.192919e-02  2.943193e-02 -1.870027e-02 
 2.650000e+04  1.229268e+03 -3.200236e-02  2.949437e-02 -1.874346e-02 
 2.655000e+04  1.240842e+03 -3.207518e-02  2.955627e-02 -1.878663e-02 
 2.660000e+04  1.252416e+03 -3.214789e-02  2.961795e-02 -1.882966e-02 
 2.665000e+04  1.263990e+03 -3.222020e-02  2.967965e-02 -1.887222e-02 
 2.670000e+04  1.275564e+03 -3.229165e-02  2.974091e-02 -1.891439e-02 
 2.675000e+04  1.287138e+03 -3.236287e-02  2.980174e-02 -1.895662e-02 
 2.680000e+04  1.298712e+03 -3.243367e-02  2.986199e-02 -1.899871e-02 
 2.685000e+04  1.310286e+03 -3.250409e-02  2.992192e-02 -1.904036e-02 
 2.690000e+04  1.321860e+03 -3.257391e-02  2.998193e-02 -1.908195e-02 
 2.695000e+04  1.333434e+03 -3.264334e-02  3.004169e-02 -1.912355e-02 
 2.700000e+04  1.345008e+03 -3.271210e-02  3.010092e-02 -1.916468e-02 
 2.705000e+04  1.356583e+03 -3.278051e-02  3.015954e-02 -1.920556e-02 
 2.710000e+04  1.368157e+03 -3.284915e-02  3.021728e-02 -1.924623e-02 
 2.715000e+04  1.379731e+03 -3.291714e-02  3.027477e-02 -1.928667e-02 
 2.720000e+04  1.391305e+03 -3.298489e-02  3.033193e-02 -1.932705e-02 
 2.725000e+04  1.402879e+03 -3.305203e-02  3.038933e-02 -1.936749e-02 
 2.730000e+04  1.414453e+03 -3.311935e-02  3.044681e-02 -1.940779e-02 
 2.735000e+04  1.426027e+03 -3.318682e-02  3.050408e-02 -1.944780e-02 
 2.740000e+04  1.437601e+03 -3.325398e-02  3.056094e-02 -1.948773e-02 
 2.745000e+04  1.449175e+03 -3.332046e-02  3.061720e-02 -1.952751e-02 
 2.750000e+04  1.460749e+03 -3.338622e-02  3.067276e-02 -1.956718e-02 
 2.755000e+04  1.472323e+03 -3.345142e-02  3.072766e-02 -1.960647e-02 
 2.760000e+04  1.483897e+03 -3.351647e-02  3.078180e-02 -1.964519e-02 
 2.765000e+04  1.495471e+03 -3.358141e-02  3.083572e-02 -1.968365e-02 
 2.770000e+04  1.507046e+03 -3.364596e-02  3.088987e-02 -1.972206e-02 
 2.775000e+04  1.518620e+03 -3.371024e-02  3.094410e-02 -1.976054e-02 
 2.780000e+04  1.530194e+03 -3.377369e-02  3.099862e-02 -1.979914e-02 
 2.785000e+04  1.541768e+03 -3.383656e-02  3.105322e-02 -1.983772e-02 
 2.790000e+04  1.553342e+03 -3.389943e-02  3.110758e-02 -1.987627e-02 
 2.795000e+04  1.564916e+03 -3.396217e-02  3.116159e-02 -1.991463e-02 
 2.800000e+04  1.576490e+03 -3.402470e-02  3.121521e-02 -1.995242e-02 
 2.805000e+04  1.588064e+03 -3.408682e-02  3.126836e-02 -1.998965e-02 
 2.810000e+04  1.599638e+03 -3.414830e-02  3.132054e-02 -2.002694e-02 
 2.815000e+04  1.611212e+03 -3.420925e-02  3.137248e-02 -2.006437e-02 
 2.820000e+04  1.622786e+03 -3.427000e-02  3.142471e-02 -2.010164e-02 
 2.825000e+04  1.634360e+03 -3.433083e-02  3.147728e-02 -2.013865e-02 
 2.830000e+04  1.645934e+03 -3.439171e-02  3.152988e-02 -2.017572e-02 
 2.835000e+04  1.657508e+03 -3.445292e-02  3.158219e-02 -2.021278e-02 
 2.840000e+04  1.669083e+03 -3.451380e-02  3.163407e-02 -2.024992e-02 
 2.845000e+04  1.680657e+03 -3.457447e-02  3.168584e-02 -2.028697e-02 
 2.850000e+04  1.692231e+03 -3.463463e-02  3.173719e-02 -2.032353e-02 
 2.855000e+04  1.703805e+03 -3.469458e-02  3.178808e-02 -2.035970e-02 
 2.860000e+04  1.715379e+03 -3.475435e-02  3.183861e-02 -2.039592e-02 
 2.865000e+04  1.726953e+03 -3.481380e-02  3.188920e-02 -2.043198e-02 
 2.870000e+04  1.738527e+03 -3.487302e-02  3.193971e-02 -2.046788e-02 
 2.875000e+04  1.750101e+03 -3.493222e-02  3.199025e-02 -2.050383e-02 
 2.880000e+04  1.761675e+03 -3.499044e-02  3.204076e-02 -2.053985e-02 
 2.885000e+04  1.773249e+03 -3.504863e-02  3.209119e-02 -2.057557e-02 
 2.890000e+04  1.784823e+03 -3.510709e-02  3.214114e-02 -2.061128e-02 
 2.895000e+04  1.796397e+03 -3.516554e-02  3.219133e-02 -2.064680e-02 
 2.900000e+04  1.807971e+03 -3.522329e-02  3.224163e-02 -2.068218e-02 
 2.905000e+04  1.819546e+03 -3.528046e-02  3.229192e-02 -2.071757e-02 
 2.910000e+04  1.831120e+03 -3.533748e-02  3.234207e-02 -2.075296e-02 
 2.915000e+04  1.842694e+03 -3.539478e-02  3.239193e-02 -2.078817e-02 
 2.920000e+04  1.854268e+03 -3.545219e-02  3.244122e-02 -2.082344e-02 
 2.925000e+04  1.865842e+03 -3.550921e-02  3.248997e-02 -2.085855e-02 
 2.930000e+04  1.877416e+03 -3.556565e-02  3.253865e-02 -2.089370e-02 
 2.935000e+04  1.888990e+03 -3.562202e-02  3.258728e-02 -2.092856e-02 
 2.940000e+04  1.900564e+03 -3.567843e-02  3.263559e-02 -2.096313e-02 
 2.945000e+04  1.912138e+03 -3.573529e-02  3.268360e-02 -2.099758e-02 
 2.950000e+04  1.923712e+03 -3.579202e-02  3.273165e-02 -2.103218e-02 
 2.955000e+04  1.935286e+03 -3.584843e-02  3.277991e-02 -2.106687e-02 
 2.960000e+04  1.946860e+03 -3.590440e-02  3.282816e-02 -2.110145e-02 
 2.965000e+04  1.958434e+03 -3.596045e-02  3.287600e-02 -2.113609e-02 
 2.970000e+04  1.970008e+03 -3.601647e-02  3.292340e-02 -2.117057e-02 
 2.975000e+04  1.981583e+03 -3.607221e-02  3.297057e-02 -2.120454e-02 
 2.980000e+04  1.993157e+03 -3.612772e-02  3.301774e-02 -2.123841e-02 
 2.985000e+04  2.004731e+03 -3.618287e-02  3.306505e-02 -2.127235e-02 
 2.990000e+04  2.016305e+03 -3.623780e-02  3.311200e-02 -2.130619e-02 
 2.995000e+04  2.027879e+03 -3.629272e-02  3.315890e-02 -2.133997e-02 
 3.000000e+04  2.039453e+03 -3.634743e-02  3.320594e-02 -2.137384e-02 
 3.005000e+04  2.051027e+03 -3.640207e-02  3.325265e-02 -2.140773e-02 
 3.010000e+04  2.062601e+03 -3.645631e-02  3.329909e-02 -2.144165e-02 
 3.015000e+04  2.074175e+03 -3.651069e-02  3.334559e-02 -2.147545e-02 
 3.020000e+04  2.085749e+03 -3.656525e-02  3.339211e-02 -2.150910e-02 
 3.025000e+04  2.097323e+03 -3.661982e-02  3.343854e-02 -2.154250e-02 
 3.030000e+04  2.108897e+03 -3.667432e-02  3.348484e-02 -2.157567e-02 
 3.035000e+04  2.120471e+03 -3.672863e-02  3.353082e-02 -2.160888e-02 
 3.040000e+04  2.132046e+03 -3.678277e-02  3.357656e-02 -2.164212e-02 
 3.045000e+04  2.143620e+03 -3.683659e-02  3.362193e-02 -2.167546e-02 
 3.050000e+04  2.155194e+03 -3.689029e-02  3.366712e-02 -2.170885e-02 
 3.055000e+04  2.166768e+03 -3.694392e-02  3.371209e-02 -2.174208e-02 
 3.060000e+04  2.178342e+03 -3.699753e-02  3.375684e-02 -2.177500e-02 
 3.065000e+04  2.189916e+03 -3.705112e-02  3.380157e-02 -2.180769e-02 
 3.070000e+04  2.201490e+03 -3.710445e-02  3.384633e-02 -2.184034e-02 
 3.075000e+04  2.213064e+03 -3.715771e-02  3.389126e-02 -2.187305e-02 
 3.080000e+04  2.224638e+03 -3.721053e-02  3.393607e-02 -2.190581e-02 
 3.085000e+04  2.236212e+03 -3.726327e-02  3.398087e-02 -2.193855e-02 
 3.090000e+04  2.247786e+03 -3.731592e-02  3.402552e-02 -2.197126e-02 
 3.095000e+04  2.259360e+03 -3.736820e-02  3.407011e-02 -2.200374e-02 
 3.100000e+04  2.270934e+03 -3.742020e-02  3.411459e-02 -2.203614e-02 
 3.105000e+04  2.282508e+03 -3.747211e-02  3.415876e-02 -2.206859e-02 
 3.110000e+04  2.294083e+03 -3.752377e-02  3.420229e-02 -2.210087e-02 
 3.115000e+04  2.305657e+03 -3.757531e-02  3.424582e-02 -2.213300e-02 
 3.120000e+04  2.317231e+03 -3.762668e-02  3.428939e-02 -2.216508e-02 
 3.125000e+04  2.328805e+03 -3.767812e-02  3.433322e-02 -2.219712e-02 
 3.130000e+04  2.340379e+03 -3.772948e-02  3.437696e-02 -2.222917e-02 
 3.135000e+04  2.351953e+03 -3.778077e-02  3.442033e-02 -2.226131e-02 
 3.140000e+04  2.363527e+03 -3.783183e-02  3.446350e-02 -2.229343e-02 
 3.145000e+04  2.375101e+03 -3.788279e-02  3.450660e-02 -2.232532e-02 
 3.150000e+04  2.386675e+03 -3.793347e-02  3.454962e-02 -2.235700e-02 
 3.155000e+04  2.398249e+03 -3.798368e-02  3.459231e-02 -2.238865e-02 
 3.160000e+04  2.409823e+03 -3.803394e-02  3.463464e-02 -2.242045e-02 
 3.165000e+04  2.421397e+03 -3.808454e-02  3.467673e-02 -2.245224e-02 
 3.170000e+04  2.432971e+03 -3.813523e-02  3.471878e-02 -2.248403e-02 
 3.175000e+04  2.444546e+03 -3.818579e-02  3.476070e-02 -2.251569e-02 
 3.180000e+04  2.456120e+03 -3.823602e-02  3.480267e-02 -2.254709e-02 
 3.185000e+04  2.467694e+03 -3.828587e-02  3.484489e-02 -2.257830e-02 
 3.190000e+04  2.479268e+03 -3.833538e-02  3.488726e-02 -2.260944e-02 
 3.195000e+04  2.490842e+03 -3.838456e-02  3.492963e-02 -2.264059e-02 
 3.200000e+04  2.502416e+03 -3.843359e-02  3.497185e-02 -2.267190e-02 
 3.205000e+04  2.513990e+03 -3.848262e-02  3.501397e-02 -2.270340e-02 
 3.210000e+04  2.525564e+03 -3.853151e-02  3.505580e-02 -2.273466e-02 
 3.215000e+04  2.537138e+03 -3.858018e-02  3.509729e-02 -2.276581e-02 
 3.220000e+04  2.548712e+03 -3.862887e-02  3.513843e-02 -2.279692e-02 
 3.225000e+04  2.560286e+03 -3.867737e-02  3.517966e-02 -2.282802e-02 
 3.230000e+04  2.571860e+03 -3.872564e-02  3.522088e-02 -2.285899e-02 
 3.235000e+04  2.583434e+03 -3.877381e-02  3.526199e-02 -2.288987e-02 
 3.240000e+04  2.595008e+03 -3.882170e-02  3.530317e-02 -2.292071e-02 
 3.245000e+04  2.606583e+03 -3.886959e-02  3.534438e-02 -2.295157e-02 
 3.250000e+04  2.618157e+03 -3.891762e-02  3.538555e-02 -2.298230e-02 
 3.255000e+04  2.629731e+03 -3.896574e-02  3.542644e-02 -2.301305e-02 
 3.260000e+04  2.641305e+03 -3.901396e-02  3.546686e-02 -2.304362e-02 
 3.265000e+04  2.652879e+03 -3.906217e-02  3.550718e-02 -2.307426e-02 
 3.270000e+04  2.664453e+03 -3.911023e-02  3.554747e-02 -2.310491e-02 
 3.275000e+04  2.676027e+03 -3.915793e-02  3.558748e-02 -2.313553e-02 
 3.280000e+04  2.687601e+03 -3.920561e-02  3.562754e-02 -2.316603e-02 
 3.285000e+04  2.699175e+03 -3.925297e-02  3.566764e-02 -2.319654e-02 
 3.290000e+04  2.710749e+03 -3.930007e-02  3.570779e-02 -2.322681e-02 
 3.295000e+04  2.722323e+03 -3.934692e-02  3.574786e-02 -2.325699e-02 
 3.300000e+04  2.733897e+03 -3.939374e-02  3.578776e-02 -2.328725e-02 
 3.305000e+04  2.745471e+03 -3.944043e-02  3.582770e-02 -2.331748e-02 
 3.310000e+04  2.757046e+03 -3.948698e-02  3.586758e-02 -2.334769e-02 
 3.315000e+04  2.768620e+03 -3.953337e-02  3.590748e-02 -2.337794e-02 
 3.320000e+04  2.780194e+03 -3.957980e-02  3.594724e-02 -2.340808e-02 
 3.325000e+04  2.791768e+03 -3.962624e-02  3.598662e-02 -2.343805e-02 
 3.330000e+04  2.803342e+03 -3.967257e-02  3.602604e-02 -2.346800e-02 
 3.335000e+04  2.814916e+03 -3.971877e-02  3.606564e-02 -2.349797e-02 
 3.340000e+04  2.826490e+03 -3.976473e-02  3.610540e-02 -2.352791e-02 
 3.345000e+04  2.838064e+03 -3.981082e-02  3.614510e-02 -2.355767e-02 
 3.350000e+04  2.849638e+03 -3.985708e-02  3.618456e-02 -2.358743e-02 
 3.355000e+04  2.861212e+03 -3.990335e-02  3.622374e-02 -2.361718e-02 
 3.360000e+04  2.872786e+03 -3.994952e-02  3.626274e-02 -2.364687e-02 
 3.365000e+04  2.884360e+03 -3.999570e-02  3.630158e-02 -2.367656e-02 
 3.370000e+04  2.895934e+03 -4.004182e-02  3.634033e-02 -2.370613e-02 
 3.375000e+04  2.907508e+03 -4.008775e-02  3.637905e-02 -2.373565e-02 
 3.380000e+04  2.919083e+03 -4.013343e-02  3.641789e-02 -2.376518e-02 
 3.385000e+04  2.930657e+03 -4.017884e-02  3.645675e-02 -2.379469e-02 
 3.390000e+04  2.942231e+03 -4.022424e-02  3.649551e-02 -2.382412e-02 
 3.395000e+04  2.953805e+03 -4.026972e-02  3.653396e-02 -2.385349e-02 
 3.400000e+04  2.965379e+03 -4.031520e-02  3.657220e-02 -2.388278e-02 
 3.405000e+04  2.976953e+03 -4.036053e-02  3.661047e-02 -2.391188e-02 
 3.410000e+04  2.988527e+03 -4.040567e-02  3.664886e-02 -2.394089e-02 
 3.415000e+04  3.000101e+03 -4.045087e-02  3.668726e-02 -2.396999e-02 
 3.420000e+04  3.011675e+03 -4.049603e-02  3.672561e-02 -2.399905e-02 
 3.425000e+04  3.023249e+03 -4.054096e-02  3.676394e-02 -2.402810e-02 
 3.430000e+04  3.034823e+03 -4.058578e-02  3.680237e-02 -2.405721e-02 
 3.435000e+04  3.046397e+03 -4.063047e-02  3.684092e-02 -2.408630e-02 
 3.440000e+04  3.057971e+03 -4.067521e-02  3.687938e-02 -2.411523e-02 
 3.445000e+04  3.069546e+03 -4.072008e-02  3.691771e-02 -2.414405e-02 
 3.450000e+04  3.081120e+03 -4.076499e-02  3.695587e-02 -2.417276e-02 
 3.455000e+04  3.092694e+03 -4.080987e-02  3.699385e-02 -2.420142e-02 
 3.460000e+04  3.104268e+03 -4.085463e-02  3.703172e-02 -2.423011e-02 
 3.465000e+04  3.115842e+03 -4.089930e-02  3.706925e-02 -2.425888e-02 
 3.470000e+04  3.127416e+03 -4.094400e-02  3.710682e-02 -2.428765e-02 
 3.475000e+04  3.138990e+03 -4.098868e-02  3.714417e-02 -2.431633e-02 
 3.480000e+04  3.150564e+03 -4.103329e-02  3.718159e-02 -2.434477e-02 
 3.485000e+04  3.162138e+03 -4.107790e-02  3.721921e-02 -2.437310e-02 
 3.490000e+04  3.173712e+03 -4.112251e-02  3.725697e-02 -2.440139e-02 
 3.495000e+04  3.185286e+03 -4.116708e-02  3.729472e-02 -2.442966e-02 
 3.500000e+04  3.196860e+03 -4.121164e-02  3.733228e-02 -2.445797e-02 
 3.505000e+04  3.208434e+03 -4.125613e-02  3.736976e-02 -2.448640e-02 
 3.510000e+04  3.220008e+03 -4.130050e-02  3.740717e-02 -2.451488e-02 
 3.515000e+04  3.231583e+03 -4.134466e-02  3.744454e-02 -2.454324e-02 
 3.520000e+04  3.243157e+03 -4.138864e-02  3.748196e-02 -2.457144e-02 
 3.525000e+04  3.254731e+03 -4.143248e-02  3.751942e-02 -2.459960e-02 
 3.530000e+04  3.266305e+03 -4.147626e-02  3.755703e-02 -2.462765e-02 
 3.535000e+04  3.277879e+03 -4.152017e-02  3.759460e-02 -2.465555e-02 
 3.540000e+04  3.289453e+03 -4.156413e-02  3.763224e-02 -2.468347e-02 
 3.545000e+04  3.301027e+03 -4.160813e-02  3.766990e-02 -2.471147e-02 
 3.550000e+04  3.312601e+03 -4.165199e-02  3.770737e-02 -2.473955e-02 
 3.555000e+04  3.324175e+03 -4.169587e-02  3.774460e-02 -2.476766e-02 
 3.560000e+04  3.335749e+03 -4.173979e-02  3.778167e-02 -2.479566e-02 
 3.565000e+04  3.347323e+03 -4.178377e-02  3.781874e-02 -2.482357e-02 
 3.570000e+04  3.358897e+03 -4.182778e-02  3.785587e-02 -2.485146e-02 
 3.575000e+04  3.370471e+03 -4.187154e-02  3.789305e-02 -2.487921e-02 
 3.580000e+04  3.382046e+03 -4.191525e-02  3.793021e-02 -2.490697e-02 
 3.585000e+04  3.393620e+03 -4.195908e-02  3.796740e-02 -2.493471e-02 
 3.590000e+04  3.405194e+03 -4.200300e-02  3.800449e-02 -2.496236e-02 
 3.595000e+04  3.416768e+03 -4.204672e-02  3.804153e-02 -2.499008e-02 
 3.600000e+04  3.428342e+03 -4.209025e-02  3.807842e-02 -2.501776e-02 
 3.605000e+04  3.439916e+03 -4.213371e-02  3.811523e-02 -2.504548e-02 
 3.610000e+04  3.451490e+03 -4.217706e-02  3.815208e-02 -2.507316e-02 
 3.615000e+04  3.463064e+03 -4.222041e-02  3.818898e-02 -2.510075e-02 
 3.620000e+04  3.474638e+03 -4.226380e-02  3.822576e-02 -2.512830e-02 
 3.625000e+04  3.486212e+03 -4.230686e-02  3.826268e-02 -2.515582e-02 
 3.630000e+04  3.497786e+03 -4.234993e-02  3.829964e-02 -2.518330e-02 
 3.635000e+04  3.509360e+03 -4.239290e-02  3.833667e-02 -2.521073e-02 
 3.640000e+04  3.520934e+03 -4.243594e-02  3.837359e-02 -2.523815e-02 
 3.645000e+04  3.532508e+03 -4.247900e-02  3.841013e-02 -2.526558e-02 
 3.650000e+04  3.544083e+03 -4.252194e-02  3.844661e-02 -2.529298e-02 
 3.655000e+04  3.555657e+03 -4.256474e-02  3.848305e-02 -2.532032e-02 
 3.660000e+04  3.567231e+03 -4.260751e-02  3.851957e-02 -2.534760e-02 
 3.665000e+04  3.578805e+03 -4.265028e-02  3.855610e-02 -2.537488e-02 
 3.670000e+04  3.590379e+03 -4.269305e-02  3.859264e-02 -2.540215e-02 
 3.675000e+04  3.601953e+03 -4.273573e-02  3.862914e-02 -2.542940e-02 
 3.680000e+04  3.613527e+03 -4.277837e-02  3.866556e-02 -2.545665e-02 
 3.685000e+04  3.625101e+03 -4.282096e-02  3.870189e-02 -2.548384e-02 
 3.690000e+04  3.636675e+03 -4.286351e-02  3.873814e-02 -2.551099e-02 
 3.695000e+04  3.648249e+03 -4.290595e-02  3.877422e-02 -2.553818e-02 
 3.700000e+04  3.659823e+03 -4.294824e-02  3.881020e-02 -2.556531e-02 
 3.705000e+04  3.671397e+03 -4.299044e-02  3.884611e-02 -2.559244e-02 
 3.710000e+04  3.682971e+03 -4.303266e-02  3.888204e-02 -2.561950e-02 
 3.715000e+04  3.694546e+03 -4.307477e-02  3.891802e-02 -2.564662e-02 
 3.720000e+04  3.706120e+03 -4.311679e-02  3.895401e-02 -2.567374e-02 
 3.725000e+04  3.717694e+03 -4.315874e-02  3.898989e-02 -2.570087e-02 
 3.730000e+04  3.729268e+03 -4.320064e-02  3.902566e-02 -2.572794e-02 
 3.735000e+04  3.740842e+03 -4.324254e-02  3.906130e-02 -2.575496e-02 
 3.740000e+04  3.752416e+03 -4.328448e-02  3.909684e-02 -2.578199e-02 
 3.745000e+04  3.763990e+03 -4.332641e-02  3.913229e-02 -2.580908e-02 
 3.750000e+04  3.775564e+03 -4.336827e-02  3.916741e-02 -2.583618e-02 
 3.755000e+04  3.787138e+03 -4.341007e-02  3.920245e-02 -2.586324e-02 
 3.760000e+04  3.798712e+03 -4.345189e-02  3.923754e-02 -2.589026e-02 
 3.765000e+04  3.810286e+03 -4.349371e-02  3.927270e-02 -2.591722e-02 
 3.770000e+04  3.821860e+03 -4.353552e-02  3.930782e-02 -2.594413e-02 
 3.775000e+04  3.833434e+03 -4.357725e-02  3.934286e-02 -2.597103e-02 
 3.780000e+04  3.845008e+03 -4.361890e-02  3.937789e-02 -2.599799e-02 
 3.785000e+04  3.856583e+03 -4.366048e-02  3.941290e-02 -2.602500e-02 
 3.790000e+04  3.868157e+03 -4.370202e-02  3.944775e-02 -2.605190e-02 
 3.795000e+04  3.879731e+03 -4.374350e-02  3.948254e-02 -2.607876e-02 
 3.800000e+04  3.891305e+03 -4.378486e-02  3.951736e-02 -2.610567e-02 
 3.805000e+04  3.902879e+03 -4.382594e-02  3.955217e-02 -2.613252e-02 
 3.810000e+04  3.914453e+03 -4.386655e-02  3.958702e-02 -2.615935e-02 
 3.815000e+04  3.926027e+03 -4.390712e-02  3.962193e-02 -2.618623e-02 
 3.820000e+04  3.937601e+03 -4.394778e-02  3.965681e-02 -2.621299e-02 
 3.825000e+04  3.949175e+03 -4.398848e-02  3.969157e-02 -2.623967e-02 
 3.830000e+04  3.960749e+03 -4.402919e-02  3.972635e-02 -2.626640e-02 
 3.835000e+04  3.972323e+03 -4.406984e-02  3.976109e-02 -2.629316e-02 
 3.840000e+04  3.983897e+03 -4.411045e-02  3.979569e-02 -2.631993e-02 
 3.845000e+04  3.995471e+03 -4.415106e-02  3.983007e-02 -2.634666e-02 
 3.850000e+04  4.007046e+03 -4.419162e-02  3.986432e-02 -2.637338e-02 
 3.855000e+04  4.018620e+03 -4.423213e-02  3.989851e-02 -2.640009e-02 
 3.860000e+04  4.030194e+03 -4.427250e-02  3.993274e-02 -2.642672e-02 
 3.865000e+04  4.041768e+03 -4.431298e-02  3.996689e-02 -2.645336e-02 
 3.870000e+04  4.053342e+03 -4.435360e-02  4.000105e-02 -2.648001e-02 
 3.875000e+04  4.064916e+03 -4.439413e-02  4.003516e-02 -2.650663e-02 
 3.880000e+04  4.076490e+03 -4.443445e-02  4.006921e-02 -2.653321e-02 
 3.885000e+04  4.088064e+03 -4.447463e-02  4.010326e-02 -2.655975e-02 
 3.890000e+04  4.099638e+03 -4.451484e-02  4.013708e-02 -2.658628e-02 
 3.895000e+04  4.111212e+03 -4.455498e-02  4.017076e-02 -2.661279e-02 
 3.900000e+04  4.122786e+03 -4.459472e-02  4.020458e-02 -2.663931e-02 
 3.905000e+04  4.134360e+03 -4.463435e-02  4.023851e-02 -2.666588e-02 
 3.910000e+04  4.145934e+03 -4.467397e-02  4.027258e-02 -2.669238e-02 
 3.915000e+04  4.157508e+03 -4.471363e-02  4.030668e-02 -2.671875e-02 
 3.920000e+04  4.169083e+03 -4.475335e-02  4.034080e-02 -2.674510e-02 
 3.925000e+04  4.180657e+03 -4.479267e-02  4.037495e-02 -2.677136e-02 
 3.930000e+04  4.192231e+03 -4.483176e-02  4.040871e-02 -2.679756e-02 
 3.935000e+04  4.203805e+03 -4.487091e-02  4.044239e-02 -2.682385e-02 
 3.940000e+04  4.215379e+03 -4.491003e-02  4.047604e-02 -2.685018e-02 
 3.945000e+04  4.226953e+03 -4.494926e-02  4.050965e-02 -2.687656e-02 
 3.950000e+04  4.238527e+03 -4.498861e-02  4.054339e-02 -2.690298e-02 
 3.955000e+04  4.250101e+03 -4.502805e-02  4.057717e-02 -2.692942e-02 
 3.960000e+04  4.261675e+03 -4.506755e-02  4.061089e-02 -2.695573e-02 
 3.965000e+04  4.273249e+03 -4.510697e-02  4.064448e-02 -2.698193e-02 
 3.970000e+04  4.284823e+03 -4.514636e-02  4.067803e-02 -2.700807e-02 
 3.975000e+04  4.296397e+03 -4.518567e-02  4.071146e-02 -2.703425e-02 
 3.980000e+04  4.307971e+03 -4.522496e-02  4.074484e-02 -2.706050e-02 
 3.985000e+04  4.319546e+03 -4.526428e-02  4.077812e-02 -2.708684e-02 
 3.990000e+04  4.331120e+03 -4.530355e-02  4.081137e-02 -2.711320e-02 
 3.995000e+04  4.342694e+03 -4.534280e-02  4.084468e-02 -2.713953e-02 
 4.000000e+04  4.354268e+03 -4.538178e-02  4.087807e-02 -2.716578e-02 
 4.005000e+04  4.365842e+03 -4.542054e-02  4.091152e-02 -2.719197e-02 
 4.010000e+04  4.377416e+03 -4.545934e-02  4.094506e-02 -2.721810e-02 
 4.015000e+04  4.388990e+03 -4.549812e-02  4.097859e-02 -2.724420e-02 
 4.020000e+04  4.400564e+03 -4.553681e-02  4.101217e-02 -2.727025e-02 
 4.025000e+04  4.412138e+03 -4.557540e-02  4.104583e-02 -2.729639e-02 
 4.030000e+04  4.423712e+03 -4.561393e-02  4.107948e-02 -2.732259e-02 
 4.035000e+04  4.435286e+03 -4.565239e-02  4.111296e-02 -2.734880e-02 
 4.040000e+04  4.446860e+03 -4.569081e-02  4.114634e-02 -2.737494e-02 
 4.045000e+04  4.458434e+03 -4.572926e-02  4.117965e-02 -2.740104e-02 
 4.050000e+04  4.470008e+03 -4.576772e-02  4.121303e-02 -2.742710e-02 
 4.055000e+04  4.481583e+03 -4.580618e-02  4.124640e-02 -2.745311e-02 
 4.060000e+04  4.493157e+03 -4.584461e-02  4.127970e-02 -2.747908e-02 
 4.065000e+04  4.504731e+03 -4.588300e-02  4.131298e-02 -2.750507e-02 
 4.070000e+04  4.516305e+03 -4.592145e-02  4.134613e-02 -2.753108e-02 
 4.075000e+04  4.527879e+03 -4.595990e-02  4.137918e-02 -2.755710e-02 
 4.080000e+04  4.539453e+03 -4.599833e-02  4.141217e-02 -2.758313e-02 
 4.085000e+04  4.551027e+03 -4.603678e-02  4.144510e-02 -2.760908e-02 
 4.090000e+04  4.562601e+03 -4.607523e-02  4.147798e-02 -2.763500e-02 
 4.095000e+04  4.574175e+03 -4.611358e-02  4.151086e-02 -2.766088e-02 
 4.100000e+04  4.585749e+03 -4.615184e-02  4.154372e-02 -2.768676e-02 
 4.105000e+04  4.597323e+03 -4.619005e-02  4.157665e-02 -2.771262e-02 
 4.110000e+04  4.608897e+03 -4.622824e-02  4.160959e-02 -2.773849e-02 
 4.115000e+04  4.620471e+03 -4.626634e-02  4.164251e-02 -2.776433e-02 
 4.120000e+04  4.632046e+03 -4.630431e-02  4.167540e-02 -2.779012e-02 
 4.125000e+04  4.643620e+03 -4.634221e-02  4.170830e-02 -2.781593e-02 
 4.130000e+04  4.655194e+03 -4.637999e-02  4.174119e-02 -2.784169e-02 
 4.135000e+04  4.666768e+03 -4.641777e-02  4.177403e-02 -2.786736e-02 
 4.140000e+04  4.678342e+03 -4.645551e-02  4.180682e-02 -2.789302e-02 
 4.145000e+04  4.689916e+03 -4.649316e-02  4.183963e-02 -2.791867e-02 
 4.150000e+04  4.701490e+03 -4.653081e-02  4.187240e-02 -2.794432e-02 
 4.155000e+04  4.713064e+03 -4.656843e-02  4.190507e-02 -2.796998e-02 
 4.160000e+04  4.724638e+03 -4.660593e-02  4.193757e-02 -2.799567e-02 
 4.165000e+04  4.736212e+03 -4.664317e-02  4.197001e-02 -2.802129e-02 
 4.170000e+04  4.747786e+03 -4.668043e-02  4.200246e-02 -2.804690e-02 
 4.175000e+04  4.759360e+03 -4.671780e-02  4.203492e-02 -2.807244e-02 
 4.180000e+04  4.770934e+03 -4.675536e-02  4.206738e-02 -2.809795e-02 
 4.185000e+04  4.782508e+03 -4.679296e-02  4.209991e-02 -2.812349e-02 
 4.190000e+04  4.794083e+03 -4.683057e-02  4.213239e-02 -2.814901e-02 
 4.195000e+04  4.805657e+03 -4.686809e-02  4.216478e-02 -2.817451e-02 
 4.200000e+04  4.817231e+03 -4.690555e-02  4.219711e-02 -2.820002e-02 
 4.205000e+04  4.828805e+03 -4.694299e-02  4.222936e-02 -2.822554e-02 
 4.210000e+04  4.840379e+03 -4.698040e-02  4.226160e-02 -2.825104e-02 
 4.215000e+04  4.851953e+03 -4.701780e-02  4.229380e-02 -2.827651e-02 
 4.220000e+04  4.863527e+03 -4.705523e-02  4.232605e-02 -2.830192e-02 
 4.225000e+04  4.875101e+03 -4.709251e-02  4.235832e-02 -2.832732e-02 
 4.230000e+04  4.886675e+03 -4.712963e-02  4.239058e-02 -2.835271e-02 
 4.235000e+04  4.898249e+03 -4.716674e-02  4.242278e-02 -2.837811e-02 
 4.240000e+04  4.909823e+03 -4.720387e-02  4.245483e-02 -2.840346e-02 
 4.245000e+04  4.921397e+03 -4.724093e-02  4.248675e-02 -2.842877e-02 
 4.250000e+04  4.932971e+03 -4.727787e-02  4.251874e-02 -2.845404e-02 
 4.255000e+04  4.944546e+03 -4.731476e-02  4.255083e-02 -2.847937e-02 
 4.260000e+04  4.956120e+03 -4.735166e-02  4.258298e-02 -2.850469e-02 
 4.265000e+04  4.967694e+03 -4.738864e-02  4.261513e-02 -2.853002e-02 
 4.270000e+04  4.979268e+03 -4.742564e-02  4.264728e-02 -2.855533e-02 
 4.275000e+04  4.990842e+03 -4.746256e-02  4.267941e-02 -2.858058e-02 
 4.280000e+04  5.002416e+03 -4.749946e-02  4.271153e-02 -2.860580e-02 
 4.285000e+04  5.013990e+03 -4.753631e-02  4.274366e-02 -2.863103e-02 
 4.290000e+04  5.025564e+03 -4.757314e-02  4.277572e-02 -2.865628e-02 
 4.295000e+04  5.037138e+03 -4.760993e-02  4.280774e-02 -2.868151e-02 
 4.300000e+04  5.048712e+03 -4.764678e-02  4.283974e-02 -2.870673e-02 
 4.305000e+04  5.060286e+03 -4.768367e-02  4.287178e-02 -2.873193e-02 
 4.310000e+04  5.071860e+03 -4.772056e-02  4.290385e-02 -2.875705e-02 
 4.315000e+04  5.083434e+03 -4.775734e-02  4.293591e-02 -2.878215e-02 
 4.320000e+04  5.095008e+03 -4.779412e-02  4.296793e-02 -2.880728e-02 
 4.325000e+04  5.106583e+03 -4.783088e-02  4.299994e-02 -2.883243e-02 
 4.330000e+04  5.118157e+03 -4.786764e-02  4.303195e-02 -2.885755e-02 
 4.335000e+04  5.129731e+03 -4.790438e-02  4.306400e-02 -2.888270e-02 
 4.340000e+04  5.141305e+03 -4.794103e-02  4.309599e-02 -2.890782e-02 
 4.345000e+04  5.152879e+03 -4.797764e-02  4.312777e-02 -2.893290e-02 
 4.350000e+04  5.164453e+03 -4.801423e-02  4.315938e-02 -2.895793e-02 
 4.355000e+04  5.176027e+03 -4.805082e-02  4.319108e-02 -2.898294e-02 
 4.360000e+04  5.187601e+03 -4.808737e-02  4.322288e-02 -2.900791e-02 
 4.365000e+04  5.199175e+03 -4.812391e-02  4.325479e-02 -2.903288e-02 
 4.370000e+04  5.210749e+03 -4.816047e-02  4.328675e-02 -2.905786e-02 
 4.375000e+04  5.222323e+03 -4.819702e-02  4.331870e-02 -2.908283e-02 
 4.380000e+04  5.233897e+03 -4.823328e-02  4.335065e-02 -2.910782e-02 
 4.385000e+04  5.245471e+03 -4.826952e-02  4.338256e-02 -2.913274e-02 
 4.390000e+04  5.257046e+03 -4.830574e-02  4.341445e-02 -2.915767e-02 
 4.395000e+04  5.268620e+03 -4.834199e-02  4.344639e-02 -2.918261e-02 
 4.400000e+04  5.280194e+03 -4.837832e-02  4.347828e-02 -2.920758e-02 
 4.405000e+04  5.291768e+03 -4.841465e-02  4.351018e-02 -2.923255e-02 
