         Step [creep.tim... Z Displace... Z Displace... X Displace... 
------------- ------------- ------------- ------------- ------------- 
 5.250000e+03  1.276223e-07 -4.629353e-03  4.524540e-03 -2.433365e-03 
 5.300000e+03  3.886505e-06 -4.629535e-03  4.524621e-03 -2.433547e-03 
 5.350000e+03  3.347607e-05 -4.630237e-03  4.524715e-03 -2.433953e-03 
 5.400000e+03  2.244335e-04 -4.630379e-03  4.524822e-03 -2.433998e-03 
 5.450000e+03  9.772244e-04 -4.631021e-03  4.525659e-03 -2.434853e-03 
 5.500000e+03  2.347104e-03 -4.633501e-03  4.527974e-03 -2.437102e-03 
 5.550000e+03  4.714424e-03 -4.638949e-03  4.533258e-03 -2.441700e-03 
 5.600000e+03  7.279981e-03 -4.645378e-03  4.540296e-03 -2.446704e-03 
 5.650000e+03  1.062196e-02 -4.654471e-03  4.550895e-03 -2.453568e-03 
 5.700000e+03  1.481900e-02 -4.666191e-03  4.564631e-03 -2.461686e-03 
 5.750000e+03  1.918515e-02 -4.677129e-03  4.576609e-03 -2.468813e-03 
 5.800000e+03  2.355129e-02 -4.686584e-03  4.586343e-03 -2.475222e-03 
 5.850000e+03  2.791743e-02 -4.695964e-03  4.596041e-03 -2.482175e-03 
 5.900000e+03  3.228358e-02 -4.705901e-03  4.606705e-03 -2.489992e-03 
 5.950000e+03  3.664972e-02 -4.716327e-03  4.617931e-03 -2.498627e-03 
 6.000000e+03  4.152046e-02 -4.728473e-03  4.630155e-03 -2.508727e-03 
 6.050000e+03  4.746652e-02 -4.743499e-03  4.644487e-03 -2.520014e-03 
 6.100000e+03  5.361012e-02 -4.758198e-03  4.658155e-03 -2.529551e-03 
 6.150000e+03  5.975372e-02 -4.771852e-03  4.671038e-03 -2.537793e-03 
 6.200000e+03  6.589732e-02 -4.785337e-03  4.684292e-03 -2.546200e-03 
 6.250000e+03  7.204093e-02 -4.799401e-03  4.698600e-03 -2.555542e-03 
 6.300000e+03  7.818453e-02 -4.813913e-03  4.713618e-03 -2.566024e-03 
 6.350000e+03  8.471759e-02 -4.828677e-03  4.729041e-03 -2.577988e-03 
 6.400000e+03  9.257088e-02 -4.845133e-03  4.745859e-03 -2.591671e-03 
 6.450000e+03  1.008039e-01 -4.861284e-03  4.762111e-03 -2.604333e-03 
 6.500000e+03  1.090369e-01 -4.877104e-03  4.777930e-03 -2.615500e-03 
 6.550000e+03  1.172699e-01 -4.893384e-03  4.794146e-03 -2.626205e-03 
 6.600000e+03  1.255029e-01 -4.910328e-03  4.811387e-03 -2.637346e-03 
 6.650000e+03  1.337360e-01 -4.927782e-03  4.829770e-03 -2.649398e-03 
 6.700000e+03  1.419690e-01 -4.944652e-03  4.848314e-03 -2.661901e-03 
 6.750000e+03  1.509658e-01 -4.961492e-03  4.866580e-03 -2.675104e-03 
 6.800000e+03  1.608873e-01 -4.978907e-03  4.884757e-03 -2.688819e-03 
 6.850000e+03  1.708946e-01 -4.996170e-03  4.902364e-03 -2.702105e-03 
 6.900000e+03  1.809019e-01 -5.013480e-03  4.919983e-03 -2.714988e-03 
 6.950000e+03  1.909092e-01 -5.031284e-03  4.938392e-03 -2.727853e-03 
 7.000000e+03  2.009164e-01 -5.050185e-03  4.957541e-03 -2.740843e-03 
 7.050000e+03  2.113055e-01 -5.070466e-03  4.977384e-03 -2.754184e-03 
 7.100000e+03  2.224268e-01 -5.090833e-03  4.997168e-03 -2.767702e-03 
 7.150000e+03  2.340115e-01 -5.110144e-03  5.016455e-03 -2.781342e-03 
 7.200000e+03  2.455961e-01 -5.128621e-03  5.035329e-03 -2.795126e-03 
 7.250000e+03  2.571808e-01 -5.146819e-03  5.053989e-03 -2.809064e-03 
 7.300000e+03  2.688582e-01 -5.165481e-03  5.072877e-03 -2.823212e-03 
 7.350000e+03  2.823006e-01 -5.187726e-03  5.095040e-03 -2.839415e-03 
 7.400000e+03  2.963819e-01 -5.211281e-03  5.118185e-03 -2.855661e-03 
 7.450000e+03  3.107025e-01 -5.234128e-03  5.140452e-03 -2.870886e-03 
 7.500000e+03  3.254878e-01 -5.256584e-03  5.162632e-03 -2.886001e-03 
 7.550000e+03  3.402731e-01 -5.278724e-03  5.184733e-03 -2.901314e-03 
 7.600000e+03  3.550585e-01 -5.300344e-03  5.206869e-03 -2.916869e-03 
 7.650000e+03  3.698438e-01 -5.321328e-03  5.228976e-03 -2.932761e-03 
 7.700000e+03  3.865719e-01 -5.344902e-03  5.253790e-03 -2.950871e-03 
 7.750000e+03  4.045436e-01 -5.369847e-03  5.279750e-03 -2.969721e-03 
 7.800000e+03  4.225152e-01 -5.394180e-03  5.304353e-03 -2.987048e-03 
 7.850000e+03  4.404868e-01 -5.418361e-03  5.328406e-03 -3.003605e-03 
 7.900000e+03  4.584585e-01 -5.442678e-03  5.352640e-03 -3.020046e-03 
 7.950000e+03  4.764301e-01 -5.466879e-03  5.376909e-03 -3.036512e-03 
 8.000000e+03  4.944018e-01 -5.490594e-03  5.400785e-03 -3.053102e-03 
 8.050000e+03  5.129539e-01 -5.514460e-03  5.424733e-03 -3.070448e-03 
 8.100000e+03  5.327676e-01 -5.538913e-03  5.449574e-03 -3.088808e-03 
 8.150000e+03  5.525813e-01 -5.562331e-03  5.473612e-03 -3.106364e-03 
 8.200000e+03  5.726130e-01 -5.586018e-03  5.497608e-03 -3.123410e-03 
 8.250000e+03  5.934174e-01 -5.611120e-03  5.522690e-03 -3.140713e-03 
 8.300000e+03  6.142219e-01 -5.636671e-03  5.547673e-03 -3.157789e-03 
 8.350000e+03  6.352551e-01 -5.662320e-03  5.572486e-03 -3.174852e-03 
 8.400000e+03  6.578862e-01 -5.688926e-03  5.598450e-03 -3.193117e-03 
 8.450000e+03  6.808230e-01 -5.714632e-03  5.624072e-03 -3.211405e-03 
 8.500000e+03  7.037599e-01 -5.739302e-03  5.649028e-03 -3.229448e-03 
 8.550000e+03  7.266968e-01 -5.763635e-03  5.673589e-03 -3.247235e-03 
 8.600000e+03  7.501612e-01 -5.788589e-03  5.698867e-03 -3.265254e-03 
 8.650000e+03  7.752564e-01 -5.815350e-03  5.726220e-03 -3.284239e-03 
 8.700000e+03  8.005443e-01 -5.841964e-03  5.753551e-03 -3.302768e-03 
 8.750000e+03  8.271662e-01 -5.869616e-03  5.781387e-03 -3.321561e-03 
 8.800000e+03  8.550461e-01 -5.898341e-03  5.809540e-03 -3.340905e-03 
 8.850000e+03  8.829260e-01 -5.926482e-03  5.836982e-03 -3.360146e-03 
 8.900000e+03  9.108059e-01 -5.953426e-03  5.863973e-03 -3.379369e-03 
 8.950000e+03  9.386858e-01 -5.979766e-03  5.890775e-03 -3.398639e-03 
 9.000000e+03  9.669560e-01 -6.006383e-03  5.917900e-03 -3.418181e-03 
 9.050000e+03  9.962299e-01 -6.033714e-03  5.945730e-03 -3.437837e-03 
 9.100000e+03  1.026089e+00 -6.061375e-03  5.973599e-03 -3.456924e-03 
 9.150000e+03  1.058333e+00 -6.091146e-03  6.003362e-03 -3.476870e-03 
 9.200000e+03  1.090608e+00 -6.120784e-03  6.032599e-03 -3.496610e-03 
 9.250000e+03  1.122882e+00 -6.149909e-03  6.060950e-03 -3.516304e-03 
 9.300000e+03  1.155156e+00 -6.178353e-03  6.088573e-03 -3.536079e-03 
 9.350000e+03  1.187431e+00 -6.206205e-03  6.115833e-03 -3.555932e-03 
 9.400000e+03  1.219705e+00 -6.233303e-03  6.142877e-03 -3.575537e-03 
 9.450000e+03  1.252593e+00 -6.260376e-03  6.170160e-03 -3.594904e-03 
 9.500000e+03  1.287566e+00 -6.289174e-03  6.199108e-03 -3.614851e-03 
 9.550000e+03  1.323148e+00 -6.318520e-03  6.228582e-03 -3.634711e-03 
 9.600000e+03  1.358731e+00 -6.347630e-03  6.257753e-03 -3.654200e-03 
 9.650000e+03  1.394954e+00 -6.376757e-03  6.286813e-03 -3.673832e-03 
 9.700000e+03  1.432316e+00 -6.406325e-03  6.315992e-03 -3.694064e-03 
 9.750000e+03  1.469678e+00 -6.435283e-03  6.344318e-03 -3.714271e-03 
 9.800000e+03  1.507039e+00 -6.463361e-03  6.371963e-03 -3.734276e-03 
 9.850000e+03  1.545597e+00 -6.491773e-03  6.400368e-03 -3.754627e-03 
 9.900000e+03  1.584826e+00 -6.520625e-03  6.429505e-03 -3.775038e-03 
 9.950000e+03  1.624056e+00 -6.549481e-03  6.458730e-03 -3.794933e-03 
 1.000000e+04  1.664877e+00 -6.579383e-03  6.488831e-03 -3.814949e-03 
 1.005000e+04  1.710031e+00 -6.612179e-03  6.521667e-03 -3.836701e-03 
 1.010000e+04  1.755444e+00 -6.644748e-03  6.553867e-03 -3.858482e-03 
 1.015000e+04  1.800858e+00 -6.676353e-03  6.584885e-03 -3.880226e-03 
 1.020000e+04  1.846271e+00 -6.707198e-03  6.615091e-03 -3.901981e-03 
 1.025000e+04  1.891685e+00 -6.737789e-03  6.645099e-03 -3.923666e-03 
 1.030000e+04  1.937098e+00 -6.768126e-03  6.675000e-03 -3.944940e-03 
 1.035000e+04  1.982693e+00 -6.798278e-03  6.704927e-03 -3.965664e-03 
 1.040000e+04  2.031474e+00 -6.830403e-03  6.736906e-03 -3.987217e-03 
 1.045000e+04  2.081542e+00 -6.863123e-03  6.769586e-03 -4.008943e-03 
 1.050000e+04  2.131611e+00 -6.895344e-03  6.801748e-03 -4.030432e-03 
 1.055000e+04  2.181679e+00 -6.927032e-03  6.832983e-03 -4.051831e-03 
 1.060000e+04  2.233850e+00 -6.959593e-03  6.864775e-03 -4.074168e-03 
 1.065000e+04  2.286422e+00 -6.991833e-03  6.896233e-03 -4.096651e-03 
 1.070000e+04  2.338994e+00 -7.023397e-03  6.927185e-03 -4.118788e-03 
 1.075000e+04  2.392669e+00 -7.055292e-03  6.958635e-03 -4.140846e-03 
 1.080000e+04  2.447870e+00 -7.088051e-03  6.991104e-03 -4.163082e-03 
 1.085000e+04  2.503070e+00 -7.120575e-03  7.023577e-03 -4.184860e-03 
 1.090000e+04  2.558436e+00 -7.152706e-03  7.055871e-03 -4.206283e-03 
 1.095000e+04  2.617266e+00 -7.186537e-03  7.089716e-03 -4.228913e-03 
 1.100000e+04  2.678124e+00 -7.221060e-03  7.123888e-03 -4.252302e-03 
 1.105000e+04  2.738982e+00 -7.254822e-03  7.157000e-03 -4.275593e-03 
 1.110000e+04  2.800023e+00 -7.288010e-03  7.189524e-03 -4.298738e-03 
 1.115000e+04  2.863924e+00 -7.322584e-03  7.223437e-03 -4.322684e-03 
 1.120000e+04  2.927826e+00 -7.357069e-03  7.257224e-03 -4.346156e-03 
 1.125000e+04  2.991727e+00 -7.391253e-03  7.290819e-03 -4.369002e-03 
 1.130000e+04  3.056012e+00 -7.425340e-03  7.324471e-03 -4.391571e-03 
 1.135000e+04  3.123108e+00 -7.460493e-03  7.359493e-03 -4.414948e-03 
 1.140000e+04  3.190204e+00 -7.494942e-03  7.393897e-03 -4.438149e-03 
 1.145000e+04  3.258106e+00 -7.529178e-03  7.427774e-03 -4.461534e-03 
 1.150000e+04  3.331727e+00 -7.566021e-03  7.463857e-03 -4.486809e-03 
 1.155000e+04  3.405701e+00 -7.602694e-03  7.499562e-03 -4.511957e-03 
 1.160000e+04  3.479675e+00 -7.638866e-03  7.534800e-03 -4.536591e-03 
 1.165000e+04  3.553648e+00 -7.674708e-03  7.569825e-03 -4.560735e-03 
 1.170000e+04  3.627622e+00 -7.710339e-03  7.604827e-03 -4.584476e-03 
 1.175000e+04  3.701596e+00 -7.745528e-03  7.639718e-03 -4.607884e-03 
 1.180000e+04  3.775569e+00 -7.780197e-03  7.674218e-03 -4.631066e-03 
 1.185000e+04  3.854573e+00 -7.816675e-03  7.710515e-03 -4.655740e-03 
 1.190000e+04  3.936129e+00 -7.853896e-03  7.747389e-03 -4.681111e-03 
 1.195000e+04  4.017685e+00 -7.890576e-03  7.783452e-03 -4.706213e-03 
 1.200000e+04  4.099241e+00 -7.926910e-03  7.818844e-03 -4.730932e-03 
 1.205000e+04  4.184549e+00 -7.964822e-03  7.855619e-03 -4.756397e-03 
 1.210000e+04  4.270183e+00 -8.002589e-03  7.892399e-03 -4.781600e-03 
 1.215000e+04  4.355816e+00 -8.039867e-03  7.928859e-03 -4.806349e-03 
 1.220000e+04  4.441450e+00 -8.076625e-03  7.964983e-03 -4.830786e-03 
 1.225000e+04  4.527084e+00 -8.112935e-03  8.000915e-03 -4.855170e-03 
 1.230000e+04  4.612718e+00 -8.148712e-03  8.036443e-03 -4.879442e-03 
 1.235000e+04  4.701186e+00 -8.185095e-03  8.072391e-03 -4.904183e-03 
 1.240000e+04  4.795597e+00 -8.223716e-03  8.110287e-03 -4.930343e-03 
 1.245000e+04  4.890009e+00 -8.262304e-03  8.147707e-03 -4.956233e-03 
 1.250000e+04  4.984420e+00 -8.300486e-03  8.184556e-03 -4.981654e-03 
 1.255000e+04  5.078831e+00 -8.338161e-03  8.221057e-03 -5.006670e-03 
 1.260000e+04  5.173243e+00 -8.375628e-03  8.257437e-03 -5.031447e-03 
 1.265000e+04  5.267654e+00 -8.412558e-03  8.293584e-03 -5.056050e-03 
 1.270000e+04  5.362254e+00 -8.448817e-03  8.329379e-03 -5.080507e-03 
 1.275000e+04  5.463567e+00 -8.487250e-03  8.367360e-03 -5.106516e-03 
 1.280000e+04  5.567655e+00 -8.526467e-03  8.406103e-03 -5.133050e-03 
 1.285000e+04  5.671743e+00 -8.565259e-03  8.444214e-03 -5.159180e-03 
 1.290000e+04  5.778538e+00 -8.604682e-03  8.482712e-03 -5.185565e-03 
 1.295000e+04  5.887831e+00 -8.645014e-03  8.521709e-03 -5.212203e-03 
 1.300000e+04  5.997124e+00 -8.684995e-03  8.560315e-03 -5.238604e-03 
 1.305000e+04  6.106417e+00 -8.724234e-03  8.598440e-03 -5.264776e-03 
 1.310000e+04  6.215710e+00 -8.762905e-03  8.636245e-03 -5.290757e-03 
 1.315000e+04  6.328390e+00 -8.802382e-03  8.675089e-03 -5.317366e-03 
 1.320000e+04  6.443148e+00 -8.842123e-03  8.714266e-03 -5.344205e-03 
 1.325000e+04  6.559397e+00 -8.881945e-03  8.753507e-03 -5.370951e-03 
 1.330000e+04  6.683146e+00 -8.924076e-03  8.794858e-03 -5.399068e-03 
 1.335000e+04  6.809666e+00 -8.967041e-03  8.836586e-03 -5.427544e-03 
 1.340000e+04  6.936186e+00 -9.009487e-03  8.877619e-03 -5.455664e-03 
 1.345000e+04  7.062706e+00 -9.051464e-03  8.918091e-03 -5.483449e-03 
 1.350000e+04  7.189227e+00 -9.093048e-03  8.958213e-03 -5.511076e-03 
 1.355000e+04  7.315747e+00 -9.134042e-03  8.998047e-03 -5.538518e-03 
 1.360000e+04  7.442267e+00 -9.174408e-03  9.037462e-03 -5.565636e-03 
 1.365000e+04  7.572962e+00 -9.215723e-03  9.077955e-03 -5.593333e-03 
 1.370000e+04  7.705808e+00 -9.257473e-03  9.118941e-03 -5.621229e-03 
 1.375000e+04  7.838654e+00 -9.298892e-03  9.159446e-03 -5.648749e-03 
 1.380000e+04  7.975752e+00 -9.341228e-03  9.200623e-03 -5.676777e-03 
 1.385000e+04  8.121378e+00 -9.385957e-03  9.243812e-03 -5.706285e-03 
 1.390000e+04  8.267840e+00 -9.430446e-03  9.286656e-03 -5.735760e-03 
 1.395000e+04  8.414303e+00 -9.474201e-03  9.328960e-03 -5.764976e-03 
 1.400000e+04  8.560766e+00 -9.517420e-03  9.370847e-03 -5.793899e-03 
 1.405000e+04  8.707229e+00 -9.560235e-03  9.412624e-03 -5.822574e-03 
 1.410000e+04  8.853692e+00 -9.602710e-03  9.454161e-03 -5.850928e-03 
 1.415000e+04  9.004995e+00 -9.646108e-03  9.496674e-03 -5.879819e-03 
 1.420000e+04  9.166471e+00 -9.692014e-03  9.541647e-03 -5.910282e-03 
 1.425000e+04  9.327946e+00 -9.737638e-03  9.586084e-03 -5.940490e-03 
 1.430000e+04  9.489421e+00 -9.782797e-03  9.629755e-03 -5.970414e-03 
 1.435000e+04  9.653157e+00 -9.828109e-03  9.673353e-03 -6.000424e-03 
 1.440000e+04  9.822706e+00 -9.874635e-03  9.718059e-03 -6.031314e-03 
 1.445000e+04  9.992255e+00 -9.920616e-03  9.762480e-03 -6.061921e-03 
 1.450000e+04  1.016180e+01 -9.965959e-03  9.806489e-03 -6.092151e-03 
 1.455000e+04  1.033763e+01 -1.001257e-02  9.851839e-03 -6.123131e-03 
 1.460000e+04  1.051565e+01 -1.005946e-02  9.897510e-03 -6.154204e-03 
 1.465000e+04  1.069528e+01 -1.010631e-02  9.943080e-03 -6.185139e-03 
 1.470000e+04  1.088520e+01 -1.015533e-02  9.990607e-03 -6.217483e-03 
 1.475000e+04  1.108148e+01 -1.020562e-02  1.003910e-02 -6.250676e-03 
 1.480000e+04  1.127775e+01 -1.025542e-02  1.008683e-02 -6.283631e-03 
 1.485000e+04  1.147402e+01 -1.030450e-02  1.013389e-02 -6.316228e-03 
 1.490000e+04  1.167030e+01 -1.035306e-02  1.018056e-02 -6.348469e-03 
 1.495000e+04  1.186657e+01 -1.040120e-02  1.022702e-02 -6.380401e-03 
 1.500000e+04  1.206285e+01 -1.044879e-02  1.027321e-02 -6.411929e-03 
 1.505000e+04  1.226481e+01 -1.049727e-02  1.032038e-02 -6.443964e-03 
 1.510000e+04  1.248017e+01 -1.054856e-02  1.037030e-02 -6.477831e-03 
 1.515000e+04  1.269657e+01 -1.059960e-02  1.041982e-02 -6.511560e-03 
 1.520000e+04  1.291296e+01 -1.065003e-02  1.046852e-02 -6.544965e-03 
 1.525000e+04  1.313952e+01 -1.070234e-02  1.051881e-02 -6.579625e-03 
 1.530000e+04  1.336673e+01 -1.075436e-02  1.056868e-02 -6.614018e-03 
 1.535000e+04  1.359395e+01 -1.080578e-02  1.061810e-02 -6.648070e-03 
 1.540000e+04  1.382116e+01 -1.085662e-02  1.066710e-02 -6.681714e-03 
 1.545000e+04  1.405155e+01 -1.090770e-02  1.071652e-02 -6.715460e-03 
 1.550000e+04  1.429012e+01 -1.096014e-02  1.076740e-02 -6.750033e-03 
 1.555000e+04  1.452870e+01 -1.101209e-02  1.081769e-02 -6.784252e-03 
 1.560000e+04  1.478010e+01 -1.106627e-02  1.086996e-02 -6.819934e-03 
 1.565000e+04  1.504313e+01 -1.112246e-02  1.092392e-02 -6.856987e-03 
 1.570000e+04  1.530616e+01 -1.117812e-02  1.097713e-02 -6.893683e-03 
 1.575000e+04  1.556918e+01 -1.123310e-02  1.102961e-02 -6.929962e-03 
 1.580000e+04  1.583221e+01 -1.128761e-02  1.108161e-02 -6.965824e-03 
 1.585000e+04  1.609524e+01 -1.134161e-02  1.113332e-02 -7.001302e-03 
 1.590000e+04  1.635826e+01 -1.139495e-02  1.118466e-02 -7.036422e-03 
 1.595000e+04  1.663214e+01 -1.144979e-02  1.123766e-02 -7.072560e-03 
 1.600000e+04  1.692212e+01 -1.150740e-02  1.129333e-02 -7.110497e-03 
 1.605000e+04  1.721211e+01 -1.156443e-02  1.134836e-02 -7.148102e-03 
 1.610000e+04  1.750616e+01 -1.162154e-02  1.140329e-02 -7.185768e-03 
 1.615000e+04  1.782465e+01 -1.168297e-02  1.146209e-02 -7.226136e-03 
 1.620000e+04  1.814436e+01 -1.174405e-02  1.152043e-02 -7.266281e-03 
 1.625000e+04  1.846407e+01 -1.180434e-02  1.157808e-02 -7.305898e-03 
 1.630000e+04  1.878378e+01 -1.186393e-02  1.163517e-02 -7.345092e-03 
 1.635000e+04  1.910349e+01 -1.192289e-02  1.169184e-02 -7.383877e-03 
 1.640000e+04  1.942320e+01 -1.198117e-02  1.174807e-02 -7.422304e-03 
 1.645000e+04  1.974707e+01 -1.203963e-02  1.180444e-02 -7.460776e-03 
 1.650000e+04  2.009216e+01 -1.210140e-02  1.186388e-02 -7.501321e-03 
 1.655000e+04  2.044464e+01 -1.216398e-02  1.192382e-02 -7.542299e-03 
 1.660000e+04  2.079712e+01 -1.222588e-02  1.198286e-02 -7.582886e-03 
 1.665000e+04  2.115207e+01 -1.228751e-02  1.204151e-02 -7.623297e-03 
 1.670000e+04  2.152217e+01 -1.235120e-02  1.210200e-02 -7.664975e-03 
 1.675000e+04  2.189228e+01 -1.241425e-02  1.216202e-02 -7.706225e-03 
 1.680000e+04  2.226238e+01 -1.247652e-02  1.222144e-02 -7.746970e-03 
 1.685000e+04  2.264285e+01 -1.253979e-02  1.228198e-02 -7.788424e-03 
 1.690000e+04  2.303146e+01 -1.260378e-02  1.234339e-02 -7.830354e-03 
 1.695000e+04  2.342007e+01 -1.266706e-02  1.240405e-02 -7.871809e-03 
 1.700000e+04  2.382547e+01 -1.273241e-02  1.246649e-02 -7.914543e-03 
 1.705000e+04  2.425391e+01 -1.280091e-02  1.253169e-02 -7.959271e-03 
 1.710000e+04  2.468235e+01 -1.286875e-02  1.259607e-02 -8.003508e-03 
 1.715000e+04  2.511079e+01 -1.293564e-02  1.265960e-02 -8.047216e-03 
 1.720000e+04  2.553923e+01 -1.300178e-02  1.272246e-02 -8.090412e-03 
 1.725000e+04  2.598353e+01 -1.306971e-02  1.278719e-02 -8.134764e-03 
 1.730000e+04  2.643339e+01 -1.313768e-02  1.285211e-02 -8.179175e-03 
 1.735000e+04  2.688821e+01 -1.320555e-02  1.291707e-02 -8.223523e-03 
 1.740000e+04  2.737662e+01 -1.327771e-02  1.298608e-02 -8.270663e-03 
 1.745000e+04  2.787260e+01 -1.335036e-02  1.305528e-02 -8.318009e-03 
 1.750000e+04  2.836857e+01 -1.342214e-02  1.312347e-02 -8.364742e-03 
 1.755000e+04  2.886554e+01 -1.349327e-02  1.319082e-02 -8.410984e-03 
 1.760000e+04  2.938631e+01 -1.356712e-02  1.326067e-02 -8.458938e-03 
 1.765000e+04  2.990709e+01 -1.364004e-02  1.332977e-02 -8.506389e-03 
 1.770000e+04  3.042786e+01 -1.371201e-02  1.339804e-02 -8.553239e-03 
 1.775000e+04  3.096895e+01 -1.378601e-02  1.346838e-02 -8.601376e-03 
 1.780000e+04  3.151576e+01 -1.386003e-02  1.353883e-02 -8.649520e-03 
 1.785000e+04  3.206257e+01 -1.393308e-02  1.360837e-02 -8.696976e-03 
 1.790000e+04  3.263126e+01 -1.400834e-02  1.367975e-02 -8.745736e-03 
 1.795000e+04  3.322378e+01 -1.408611e-02  1.375324e-02 -8.796065e-03 
 1.800000e+04  3.382664e+01 -1.416420e-02  1.382695e-02 -8.846693e-03 
 1.805000e+04  3.442951e+01 -1.424128e-02  1.389967e-02 -8.896663e-03 
 1.810000e+04  3.503237e+01 -1.431751e-02  1.397161e-02 -8.946040e-03 
 1.815000e+04  3.563523e+01 -1.439293e-02  1.404287e-02 -8.994843e-03 
 1.820000e+04  3.623809e+01 -1.446740e-02  1.411335e-02 -9.043088e-03 
 1.825000e+04  3.686651e+01 -1.454411e-02  1.418605e-02 -9.092748e-03 
 1.830000e+04  3.753117e+01 -1.462457e-02  1.426222e-02 -9.144733e-03 
 1.835000e+04  3.819582e+01 -1.470413e-02  1.433735e-02 -9.196116e-03 
 1.840000e+04  3.886047e+01 -1.478271e-02  1.441134e-02 -9.246842e-03 
 1.845000e+04  3.955989e+01 -1.486456e-02  1.448813e-02 -9.299531e-03 
 1.850000e+04  4.029267e+01 -1.494942e-02  1.456777e-02 -9.354164e-03 
 1.855000e+04  4.102545e+01 -1.503308e-02  1.464642e-02 -9.408087e-03 
 1.860000e+04  4.175970e+01 -1.511577e-02  1.472429e-02 -9.461385e-03 
 1.865000e+04  4.252912e+01 -1.520153e-02  1.480512e-02 -9.516689e-03 
 1.870000e+04  4.329854e+01 -1.528622e-02  1.488494e-02 -9.571287e-03 
 1.875000e+04  4.407412e+01 -1.537044e-02  1.496434e-02 -9.625466e-03 
 1.880000e+04  4.491836e+01 -1.546126e-02  1.504978e-02 -9.683770e-03 
 1.885000e+04  4.576665e+01 -1.555156e-02  1.513445e-02 -9.741718e-03 
 1.890000e+04  4.661493e+01 -1.564053e-02  1.521776e-02 -9.798852e-03 
 1.895000e+04  4.748188e+01 -1.573035e-02  1.530168e-02 -9.856454e-03 
 1.900000e+04  4.837258e+01 -1.582162e-02  1.538700e-02 -9.914895e-03 
 1.905000e+04  4.926328e+01 -1.591163e-02  1.547125e-02 -9.972620e-03 
 1.910000e+04  5.015398e+01 -1.600042e-02  1.555448e-02 -1.002949e-02 
 1.915000e+04  5.112017e+01 -1.609571e-02  1.564379e-02 -1.009041e-02 
 1.920000e+04  5.210217e+01 -1.619146e-02  1.573338e-02 -1.015159e-02 
 1.925000e+04  5.308416e+01 -1.628584e-02  1.582160e-02 -1.021189e-02 
 1.930000e+04  5.409464e+01 -1.638176e-02  1.591096e-02 -1.027306e-02 
 1.935000e+04  5.515667e+01 -1.648145e-02  1.600361e-02 -1.033658e-02 
 1.940000e+04  5.623932e+01 -1.658164e-02  1.609684e-02 -1.040048e-02 
 1.945000e+04  5.732197e+01 -1.668037e-02  1.618869e-02 -1.046335e-02 
 1.950000e+04  5.844035e+01 -1.678103e-02  1.628236e-02 -1.052742e-02 
 1.955000e+04  5.957714e+01 -1.688206e-02  1.637648e-02 -1.059173e-02 
 1.960000e+04  6.071392e+01 -1.698158e-02  1.646933e-02 -1.065502e-02 
 1.965000e+04  6.188879e+01 -1.708311e-02  1.656381e-02 -1.071947e-02 
 1.970000e+04  6.314209e+01 -1.719024e-02  1.666327e-02 -1.078746e-02 
 1.975000e+04  6.439540e+01 -1.729575e-02  1.676124e-02 -1.085452e-02 
 1.980000e+04  6.564870e+01 -1.739970e-02  1.685757e-02 -1.092044e-02 
 1.985000e+04  6.694587e+01 -1.750596e-02  1.695584e-02 -1.098764e-02 
 1.990000e+04  6.826184e+01 -1.761234e-02  1.705435e-02 -1.105499e-02 
 1.995000e+04  6.957781e+01 -1.771707e-02  1.715145e-02 -1.112129e-02 
 2.000000e+04  7.092813e+01 -1.782308e-02  1.724965e-02 -1.118827e-02 
 2.005000e+04  7.237899e+01 -1.793567e-02  1.735380e-02 -1.125934e-02 
 2.010000e+04  7.382984e+01 -1.804663e-02  1.745638e-02 -1.132943e-02 
 2.015000e+04  7.528505e+01 -1.815626e-02  1.755745e-02 -1.139853e-02 
 2.020000e+04  7.682521e+01 -1.827085e-02  1.766281e-02 -1.147058e-02 
 2.025000e+04  7.842478e+01 -1.838830e-02  1.777065e-02 -1.154439e-02 
 2.030000e+04  8.002435e+01 -1.850380e-02  1.787672e-02 -1.161699e-02 
 2.035000e+04  8.165431e+01 -1.861978e-02  1.798313e-02 -1.168976e-02 
 2.040000e+04  8.333386e+01 -1.873767e-02  1.809133e-02 -1.176370e-02 
 2.045000e+04  8.501341e+01 -1.885370e-02  1.819781e-02 -1.183651e-02 
 2.050000e+04  8.672495e+01 -1.897007e-02  1.830464e-02 -1.190946e-02 
 2.055000e+04  8.857665e+01 -1.909437e-02  1.841858e-02 -1.198727e-02 
 2.060000e+04  9.042835e+01 -1.921688e-02  1.853067e-02 -1.206391e-02 
 2.065000e+04  9.228006e+01 -1.933734e-02  1.864083e-02 -1.213924e-02 
 2.070000e+04  9.422545e+01 -1.946199e-02  1.875463e-02 -1.221702e-02 
 2.075000e+04  9.626696e+01 -1.959096e-02  1.887227e-02 -1.229750e-02 
 2.080000e+04  9.830846e+01 -1.971775e-02  1.898801e-02 -1.237662e-02 
 2.085000e+04  1.003806e+02 -1.984436e-02  1.910348e-02 -1.245553e-02 
 2.090000e+04  1.025970e+02 -1.997784e-02  1.922504e-02 -1.253863e-02 
 2.095000e+04  1.048478e+02 -2.011127e-02  1.934649e-02 -1.262165e-02 
 2.100000e+04  1.070985e+02 -2.024243e-02  1.946575e-02 -1.270310e-02 
 2.105000e+04  1.094656e+02 -2.037827e-02  1.958881e-02 -1.278729e-02 
 2.110000e+04  1.119470e+02 -2.051849e-02  1.971568e-02 -1.287426e-02 
 2.115000e+04  1.144285e+02 -2.065625e-02  1.984028e-02 -1.295967e-02 
 2.120000e+04  1.169223e+02 -2.079232e-02  1.996320e-02 -1.304382e-02 
 2.125000e+04  1.195279e+02 -2.093227e-02  2.008948e-02 -1.313031e-02 
 2.130000e+04  1.221334e+02 -2.106981e-02  2.021365e-02 -1.321538e-02 
 2.135000e+04  1.247624e+02 -2.120613e-02  2.033671e-02 -1.329960e-02 
 2.140000e+04  1.277073e+02 -2.135653e-02  2.047223e-02 -1.339240e-02 
 2.145000e+04  1.307236e+02 -2.150813e-02  2.060870e-02 -1.348591e-02 
 2.150000e+04  1.337398e+02 -2.165679e-02  2.074241e-02 -1.357752e-02 
 2.155000e+04  1.367681e+02 -2.180325e-02  2.087381e-02 -1.366761e-02 
 2.160000e+04  1.399351e+02 -2.195380e-02  2.100880e-02 -1.376024e-02 
 2.165000e+04  1.431022e+02 -2.210156e-02  2.114142e-02 -1.385122e-02 
 2.170000e+04  1.463040e+02 -2.224833e-02  2.127294e-02 -1.394141e-02 
 2.175000e+04  1.497857e+02 -2.240540e-02  2.141348e-02 -1.403782e-02 
 2.180000e+04  1.532774e+02 -2.256019e-02  2.155188e-02 -1.413285e-02 
 2.185000e+04  1.567690e+02 -2.271200e-02  2.168748e-02 -1.422589e-02 
 2.190000e+04  1.604360e+02 -2.286852e-02  2.182697e-02 -1.432165e-02 
 2.195000e+04  1.642855e+02 -2.303013e-02  2.197080e-02 -1.442055e-02 
 2.200000e+04  1.681351e+02 -2.318865e-02  2.211181e-02 -1.451760e-02 
 2.205000e+04  1.720000e+02 -2.334478e-02  2.225044e-02 -1.461302e-02 
 2.210000e+04  1.761553e+02 -2.350970e-02  2.239668e-02 -1.471370e-02 
 2.215000e+04  1.803994e+02 -2.367514e-02  2.254333e-02 -1.481471e-02 
 2.220000e+04  1.846435e+02 -2.383731e-02  2.268698e-02 -1.491362e-02 
 2.225000e+04  1.890899e+02 -2.400406e-02  2.283433e-02 -1.501516e-02 
 2.230000e+04  1.937691e+02 -2.417639e-02  2.298653e-02 -1.512019e-02 
 2.235000e+04  1.984482e+02 -2.434527e-02  2.313558e-02 -1.522313e-02 
 2.240000e+04  2.032745e+02 -2.451595e-02  2.328599e-02 -1.532700e-02 
 2.245000e+04  2.084333e+02 -2.469509e-02  2.344374e-02 -1.543598e-02 
 2.250000e+04  2.135921e+02 -2.487066e-02  2.359827e-02 -1.554279e-02 
 2.255000e+04  2.187508e+02 -2.504251e-02  2.374940e-02 -1.564728e-02 
 2.260000e+04  2.242029e+02 -2.522052e-02  2.390582e-02 -1.575552e-02 
 2.265000e+04  2.298904e+02 -2.540275e-02  2.406594e-02 -1.586636e-02 
 2.270000e+04  2.355780e+02 -2.558128e-02  2.422266e-02 -1.597484e-02 
 2.275000e+04  2.413508e+02 -2.575881e-02  2.437822e-02 -1.608259e-02 
 2.280000e+04  2.473228e+02 -2.593898e-02  2.453589e-02 -1.619199e-02 
 2.285000e+04  2.532947e+02 -2.611546e-02  2.469029e-02 -1.629918e-02 
 2.290000e+04  2.594685e+02 -2.629417e-02  2.484649e-02 -1.640762e-02 
 2.295000e+04  2.662764e+02 -2.648778e-02  2.501547e-02 -1.652504e-02 
 2.300000e+04  2.731896e+02 -2.668068e-02  2.518369e-02 -1.664214e-02 
 2.305000e+04  2.801029e+02 -2.686943e-02  2.534804e-02 -1.675661e-02 
 2.310000e+04  2.870576e+02 -2.705520e-02  2.550952e-02 -1.686918e-02 
 2.315000e+04  2.943165e+02 -2.724513e-02  2.567449e-02 -1.698433e-02 
 2.320000e+04  3.015827e+02 -2.743141e-02  2.583613e-02 -1.709728e-02 
 2.325000e+04  3.093341e+02 -2.762627e-02  2.600501e-02 -1.721539e-02 
 2.330000e+04  3.173371e+02 -2.782368e-02  2.617598e-02 -1.733509e-02 
 2.335000e+04  3.253400e+02 -2.801700e-02  2.634336e-02 -1.745239e-02 
 2.340000e+04  3.333990e+02 -2.820736e-02  2.650817e-02 -1.756787e-02 
 2.345000e+04  3.420542e+02 -2.840757e-02  2.668149e-02 -1.768939e-02 
 2.350000e+04  3.508774e+02 -2.860765e-02  2.685475e-02 -1.781098e-02 
 2.355000e+04  3.597007e+02 -2.880347e-02  2.702428e-02 -1.793007e-02 
 2.360000e+04  3.688799e+02 -2.900292e-02  2.719679e-02 -1.805139e-02 
 2.365000e+04  3.786076e+02 -2.921025e-02  2.737600e-02 -1.817759e-02 
 2.370000e+04  3.883352e+02 -2.941332e-02  2.755146e-02 -1.830126e-02 
 2.375000e+04  3.980920e+02 -2.961269e-02  2.772349e-02 -1.842260e-02 
 2.380000e+04  4.085716e+02 -2.982254e-02  2.790433e-02 -1.855035e-02 
 2.385000e+04  4.192963e+02 -3.003312e-02  2.808570e-02 -1.867867e-02 
 2.390000e+04  4.300210e+02 -3.023928e-02  2.826318e-02 -1.880443e-02 
 2.395000e+04  4.409281e+02 -3.044456e-02  2.843975e-02 -1.892972e-02 
 2.400000e+04  4.521890e+02 -3.065236e-02  2.861837e-02 -1.905664e-02 
 2.405000e+04  4.634500e+02 -3.085600e-02  2.879333e-02 -1.918107e-02 
 2.410000e+04  4.748800e+02 -3.105855e-02  2.896729e-02 -1.930491e-02 
 2.415000e+04  4.864541e+02 -3.125976e-02  2.914007e-02 -1.942809e-02 
 2.420000e+04  4.980282e+02 -3.145704e-02  2.930962e-02 -1.954906e-02 
 2.425000e+04  5.096022e+02 -3.165046e-02  2.947600e-02 -1.966780e-02 
 2.430000e+04  5.211763e+02 -3.184029e-02  2.963940e-02 -1.978447e-02 
 2.435000e+04  5.327504e+02 -3.202674e-02  2.979998e-02 -1.989925e-02 
 2.440000e+04  5.443245e+02 -3.220991e-02  2.995780e-02 -2.001213e-02 
 2.445000e+04  5.558985e+02 -3.239004e-02  3.011300e-02 -2.012323e-02 
 2.450000e+04  5.674726e+02 -3.256730e-02  3.026579e-02 -2.023268e-02 
 2.455000e+04  5.790467e+02 -3.274178e-02  3.041617e-02 -2.034052e-02 
 2.460000e+04  5.906208e+02 -3.291359e-02  3.056413e-02 -2.044676e-02 
 2.465000e+04  6.021948e+02 -3.308288e-02  3.070984e-02 -2.055155e-02 
 2.470000e+04  6.137689e+02 -3.324980e-02  3.085339e-02 -2.065495e-02 
 2.475000e+04  6.253430e+02 -3.341441e-02  3.099483e-02 -2.075694e-02 
 2.480000e+04  6.369171e+02 -3.357682e-02  3.113425e-02 -2.085763e-02 
 2.485000e+04  6.484911e+02 -3.373714e-02  3.127181e-02 -2.095711e-02 
 2.490000e+04  6.600652e+02 -3.389539e-02  3.140752e-02 -2.105538e-02 
 2.495000e+04  6.716393e+02 -3.405157e-02  3.154145e-02 -2.115247e-02 
 2.500000e+04  6.832134e+02 -3.420579e-02  3.167373e-02 -2.124847e-02 
 2.505000e+04  6.947874e+02 -3.435812e-02  3.180445e-02 -2.134340e-02 
 2.510000e+04  7.063615e+02 -3.450857e-02  3.193367e-02 -2.143731e-02 
 2.515000e+04  7.179356e+02 -3.465717e-02  3.206148e-02 -2.153020e-02 
 2.520000e+04  7.295096e+02 -3.480403e-02  3.218788e-02 -2.162212e-02 
 2.525000e+04  7.410837e+02 -3.494924e-02  3.231296e-02 -2.171315e-02 
 2.530000e+04  7.526578e+02 -3.509285e-02  3.243677e-02 -2.180336e-02 
 2.535000e+04  7.642319e+02 -3.523498e-02  3.255936e-02 -2.189271e-02 
 2.540000e+04  7.758059e+02 -3.537577e-02  3.268076e-02 -2.198127e-02 
 2.545000e+04  7.873800e+02 -3.551523e-02  3.280101e-02 -2.206911e-02 
 2.550000e+04  7.989541e+02 -3.565343e-02  3.292011e-02 -2.215627e-02 
 2.555000e+04  8.105282e+02 -3.579044e-02  3.303816e-02 -2.224279e-02 
 2.560000e+04  8.221022e+02 -3.592635e-02  3.315517e-02 -2.232871e-02 
 2.565000e+04  8.336763e+02 -3.606122e-02  3.327112e-02 -2.241403e-02 
 2.570000e+04  8.452504e+02 -3.619508e-02  3.338608e-02 -2.249879e-02 
 2.575000e+04  8.568245e+02 -3.632803e-02  3.350010e-02 -2.258239e-02 
 2.580000e+04  8.683985e+02 -3.646000e-02  3.361303e-02 -2.266489e-02 
 2.585000e+04  8.799726e+02 -3.659061e-02  3.372416e-02 -2.274748e-02 
 2.590000e+04  8.915467e+02 -3.672007e-02  3.383472e-02 -2.282994e-02 
 2.595000e+04  9.031208e+02 -3.684892e-02  3.394507e-02 -2.291262e-02 
 2.600000e+04  9.146948e+02 -3.697752e-02  3.405492e-02 -2.299472e-02 
 2.605000e+04  9.262689e+02 -3.710512e-02  3.416436e-02 -2.307558e-02 
 2.610000e+04  9.378430e+02 -3.723075e-02  3.427309e-02 -2.315586e-02 
 2.615000e+04  9.494171e+02 -3.735407e-02  3.438104e-02 -2.323607e-02 
 2.620000e+04  9.609911e+02 -3.747665e-02  3.448834e-02 -2.331612e-02 
 2.625000e+04  9.725652e+02 -3.759839e-02  3.459469e-02 -2.339556e-02 
 2.630000e+04  9.841393e+02 -3.771968e-02  3.470072e-02 -2.347459e-02 
 2.635000e+04  9.957134e+02 -3.784122e-02  3.480630e-02 -2.355355e-02 
 2.640000e+04  1.007287e+03 -3.796240e-02  3.491166e-02 -2.363123e-02 
 2.645000e+04  1.018861e+03 -3.808239e-02  3.501629e-02 -2.370836e-02 
 2.650000e+04  1.030436e+03 -3.820142e-02  3.512046e-02 -2.378609e-02 
 2.655000e+04  1.042010e+03 -3.832012e-02  3.522372e-02 -2.386400e-02 
 2.660000e+04  1.053584e+03 -3.843890e-02  3.532609e-02 -2.394169e-02 
 2.665000e+04  1.065158e+03 -3.855795e-02  3.542819e-02 -2.401861e-02 
 2.670000e+04  1.076732e+03 -3.867714e-02  3.552987e-02 -2.409477e-02 
 2.675000e+04  1.088306e+03 -3.879523e-02  3.563062e-02 -2.417050e-02 
 2.680000e+04  1.099880e+03 -3.891114e-02  3.573071e-02 -2.424590e-02 
 2.685000e+04  1.111454e+03 -3.902511e-02  3.582921e-02 -2.432077e-02 
 2.690000e+04  1.123028e+03 -3.913984e-02  3.592647e-02 -2.439522e-02 
 2.695000e+04  1.134602e+03 -3.925552e-02  3.602328e-02 -2.446970e-02 
 2.700000e+04  1.146176e+03 -3.937155e-02  3.611958e-02 -2.454431e-02 
 2.705000e+04  1.157750e+03 -3.948708e-02  3.621634e-02 -2.461872e-02 
 2.710000e+04  1.169324e+03 -3.960125e-02  3.631374e-02 -2.469312e-02 
 2.715000e+04  1.180899e+03 -3.971382e-02  3.641147e-02 -2.476684e-02 
 2.720000e+04  1.192473e+03 -3.982524e-02  3.650900e-02 -2.483972e-02 
 2.725000e+04  1.204047e+03 -3.993676e-02  3.660601e-02 -2.491245e-02 
 2.730000e+04  1.215621e+03 -4.004825e-02  3.670189e-02 -2.498509e-02 
 2.735000e+04  1.227195e+03 -4.015907e-02  3.679696e-02 -2.505764e-02 
 2.740000e+04  1.238769e+03 -4.026921e-02  3.689190e-02 -2.513035e-02 
 2.745000e+04  1.250343e+03 -4.037833e-02  3.698663e-02 -2.520296e-02 
 2.750000e+04  1.261917e+03 -4.048693e-02  3.708121e-02 -2.527497e-02 
 2.755000e+04  1.273491e+03 -4.059603e-02  3.717556e-02 -2.534634e-02 
 2.760000e+04  1.285065e+03 -4.070369e-02  3.726992e-02 -2.541750e-02 
 2.765000e+04  1.296639e+03 -4.081145e-02  3.736411e-02 -2.548832e-02 
 2.770000e+04  1.308213e+03 -4.091898e-02  3.745796e-02 -2.555873e-02 
 2.775000e+04  1.319787e+03 -4.102631e-02  3.755092e-02 -2.562911e-02 
 2.780000e+04  1.331361e+03 -4.113417e-02  3.764337e-02 -2.569958e-02 
 2.785000e+04  1.342936e+03 -4.124125e-02  3.773570e-02 -2.576965e-02 
 2.790000e+04  1.354510e+03 -4.134770e-02  3.782725e-02 -2.583902e-02 
 2.795000e+04  1.366084e+03 -4.145389e-02  3.791791e-02 -2.590868e-02 
 2.800000e+04  1.377658e+03 -4.156067e-02  3.800759e-02 -2.597873e-02 
 2.805000e+04  1.389232e+03 -4.166726e-02  3.809693e-02 -2.604850e-02 
 2.810000e+04  1.400806e+03 -4.177269e-02  3.818665e-02 -2.611780e-02 
 2.815000e+04  1.412380e+03 -4.187762e-02  3.827723e-02 -2.618650e-02 
 2.820000e+04  1.423954e+03 -4.198243e-02  3.836775e-02 -2.625491e-02 
 2.825000e+04  1.435528e+03 -4.208669e-02  3.845816e-02 -2.632276e-02 
 2.830000e+04  1.447102e+03 -4.219027e-02  3.854832e-02 -2.639064e-02 
 2.835000e+04  1.458676e+03 -4.229352e-02  3.863781e-02 -2.645867e-02 
 2.840000e+04  1.470250e+03 -4.239647e-02  3.872696e-02 -2.652709e-02 
 2.845000e+04  1.481824e+03 -4.249891e-02  3.881570e-02 -2.659554e-02 
 2.850000e+04  1.493399e+03 -4.260115e-02  3.890439e-02 -2.666375e-02 
 2.855000e+04  1.504973e+03 -4.270297e-02  3.899308e-02 -2.673148e-02 
 2.860000e+04  1.516547e+03 -4.280397e-02  3.908195e-02 -2.679839e-02 
 2.865000e+04  1.528121e+03 -4.290474e-02  3.917004e-02 -2.686482e-02 
 2.870000e+04  1.539695e+03 -4.300547e-02  3.925819e-02 -2.693143e-02 
 2.875000e+04  1.551269e+03 -4.310636e-02  3.934637e-02 -2.699800e-02 
 2.880000e+04  1.562843e+03 -4.320674e-02  3.943443e-02 -2.706422e-02 
 2.885000e+04  1.574417e+03 -4.330677e-02  3.952232e-02 -2.713070e-02 
 2.890000e+04  1.585991e+03 -4.340693e-02  3.960964e-02 -2.719737e-02 
 2.895000e+04  1.597565e+03 -4.350715e-02  3.969611e-02 -2.726400e-02 
 2.900000e+04  1.609139e+03 -4.360742e-02  3.978135e-02 -2.733046e-02 
 2.905000e+04  1.620713e+03 -4.370729e-02  3.986737e-02 -2.739632e-02 
 2.910000e+04  1.632287e+03 -4.380615e-02  3.995356e-02 -2.746170e-02 
 2.915000e+04  1.643861e+03 -4.390475e-02  4.003992e-02 -2.752670e-02 
 2.920000e+04  1.655436e+03 -4.400341e-02  4.012608e-02 -2.759184e-02 
 2.925000e+04  1.667010e+03 -4.410238e-02  4.021202e-02 -2.765703e-02 
 2.930000e+04  1.678584e+03 -4.420065e-02  4.029727e-02 -2.772199e-02 
 2.935000e+04  1.690158e+03 -4.429875e-02  4.038149e-02 -2.778662e-02 
 2.940000e+04  1.701732e+03 -4.439671e-02  4.046512e-02 -2.785117e-02 
 2.945000e+04  1.713306e+03 -4.449436e-02  4.054837e-02 -2.791578e-02 
 2.950000e+04  1.724880e+03 -4.459142e-02  4.063220e-02 -2.798026e-02 
 2.955000e+04  1.736454e+03 -4.468761e-02  4.071681e-02 -2.804444e-02 
 2.960000e+04  1.748028e+03 -4.478389e-02  4.080214e-02 -2.810845e-02 
 2.965000e+04  1.759602e+03 -4.488018e-02  4.088782e-02 -2.817248e-02 
 2.970000e+04  1.771176e+03 -4.497629e-02  4.097331e-02 -2.823636e-02 
 2.975000e+04  1.782750e+03 -4.507164e-02  4.105828e-02 -2.830006e-02 
 2.980000e+04  1.794324e+03 -4.516670e-02  4.114288e-02 -2.836350e-02 
 2.985000e+04  1.805899e+03 -4.526178e-02  4.122655e-02 -2.842712e-02 
 2.990000e+04  1.817473e+03 -4.535643e-02  4.130991e-02 -2.849071e-02 
 2.995000e+04  1.829047e+03 -4.545084e-02  4.139293e-02 -2.855387e-02 
 3.000000e+04  1.840621e+03 -4.554527e-02  4.147611e-02 -2.861688e-02 
 3.005000e+04  1.852195e+03 -4.564005e-02  4.155960e-02 -2.868003e-02 
 3.010000e+04  1.863769e+03 -4.573480e-02  4.164311e-02 -2.874310e-02 
 3.015000e+04  1.875343e+03 -4.582942e-02  4.172638e-02 -2.880602e-02 
 3.020000e+04  1.886917e+03 -4.592405e-02  4.180944e-02 -2.886883e-02 
 3.025000e+04  1.898491e+03 -4.601832e-02  4.189216e-02 -2.893152e-02 
 3.030000e+04  1.910065e+03 -4.611210e-02  4.197437e-02 -2.899413e-02 
 3.035000e+04  1.921639e+03 -4.620567e-02  4.205565e-02 -2.905667e-02 
 3.040000e+04  1.933213e+03 -4.629955e-02  4.213643e-02 -2.911905e-02 
 3.045000e+04  1.944787e+03 -4.639341e-02  4.221741e-02 -2.918118e-02 
 3.050000e+04  1.956361e+03 -4.648711e-02  4.229870e-02 -2.924317e-02 
 3.055000e+04  1.967936e+03 -4.658054e-02  4.238008e-02 -2.930508e-02 
 3.060000e+04  1.979510e+03 -4.667357e-02  4.246157e-02 -2.936674e-02 
 3.065000e+04  1.991084e+03 -4.676632e-02  4.254248e-02 -2.942858e-02 
 3.070000e+04  2.002658e+03 -4.685869e-02  4.262323e-02 -2.949038e-02 
 3.075000e+04  2.014232e+03 -4.695075e-02  4.270383e-02 -2.955202e-02 
 3.080000e+04  2.025806e+03 -4.704282e-02  4.278379e-02 -2.961373e-02 
 3.085000e+04  2.037380e+03 -4.713461e-02  4.286356e-02 -2.967539e-02 
 3.090000e+04  2.048954e+03 -4.722569e-02  4.294287e-02 -2.973647e-02 
 3.095000e+04  2.060528e+03 -4.731681e-02  4.302249e-02 -2.979733e-02 
 3.100000e+04  2.072102e+03 -4.740815e-02  4.310244e-02 -2.985830e-02 
 3.105000e+04  2.083676e+03 -4.749957e-02  4.318204e-02 -2.991915e-02 
 3.110000e+04  2.095250e+03 -4.759027e-02  4.326175e-02 -2.998002e-02 
 3.115000e+04  2.106824e+03 -4.768041e-02  4.334180e-02 -3.004091e-02 
 3.120000e+04  2.118399e+03 -4.777054e-02  4.342175e-02 -3.010173e-02 
 3.125000e+04  2.129973e+03 -4.786076e-02  4.350136e-02 -3.016216e-02 
 3.130000e+04  2.141547e+03 -4.795100e-02  4.358051e-02 -3.022222e-02 
 3.135000e+04  2.153121e+03 -4.804126e-02  4.365900e-02 -3.028228e-02 
 3.140000e+04  2.164695e+03 -4.813110e-02  4.373719e-02 -3.034240e-02 
 3.145000e+04  2.176269e+03 -4.822076e-02  4.381506e-02 -3.040250e-02 
 3.150000e+04  2.187843e+03 -4.831033e-02  4.389243e-02 -3.046264e-02 
 3.155000e+04  2.199417e+03 -4.839947e-02  4.396932e-02 -3.052255e-02 
 3.160000e+04  2.210991e+03 -4.848837e-02  4.404618e-02 -3.058225e-02 
 3.165000e+04  2.222565e+03 -4.857755e-02  4.412342e-02 -3.064200e-02 
 3.170000e+04  2.234139e+03 -4.866703e-02  4.420121e-02 -3.070183e-02 
 3.175000e+04  2.245713e+03 -4.875650e-02  4.427933e-02 -3.076157e-02 
 3.180000e+04  2.257287e+03 -4.884576e-02  4.435733e-02 -3.082106e-02 
 3.185000e+04  2.268861e+03 -4.893491e-02  4.443491e-02 -3.088050e-02 
 3.190000e+04  2.280436e+03 -4.902370e-02  4.451198e-02 -3.094002e-02 
 3.195000e+04  2.292010e+03 -4.911180e-02  4.458790e-02 -3.099934e-02 
 3.200000e+04  2.303584e+03 -4.919929e-02  4.466356e-02 -3.105852e-02 
 3.205000e+04  2.315158e+03 -4.928681e-02  4.473951e-02 -3.111778e-02 
 3.210000e+04  2.326732e+03 -4.937454e-02  4.481589e-02 -3.117704e-02 
 3.215000e+04  2.338306e+03 -4.946225e-02  4.489257e-02 -3.123616e-02 
 3.220000e+04  2.349880e+03 -4.954945e-02  4.496945e-02 -3.129510e-02 
 3.225000e+04  2.361454e+03 -4.963652e-02  4.504629e-02 -3.135393e-02 
 3.230000e+04  2.373028e+03 -4.972349e-02  4.512300e-02 -3.141262e-02 
 3.235000e+04  2.384602e+03 -4.981034e-02  4.519946e-02 -3.147127e-02 
 3.240000e+04  2.396176e+03 -4.989715e-02  4.527574e-02 -3.152998e-02 
 3.245000e+04  2.407750e+03 -4.998393e-02  4.535177e-02 -3.158879e-02 
 3.250000e+04  2.419324e+03 -5.007050e-02  4.542746e-02 -3.164760e-02 
 3.255000e+04  2.430899e+03 -5.015713e-02  4.550288e-02 -3.170633e-02 
 3.260000e+04  2.442473e+03 -5.024374e-02  4.557821e-02 -3.176488e-02 
 3.265000e+04  2.454047e+03 -5.032977e-02  4.565349e-02 -3.182289e-02 
 3.270000e+04  2.465621e+03 -5.041553e-02  4.572873e-02 -3.188065e-02 
 3.275000e+04  2.477195e+03 -5.050148e-02  4.580386e-02 -3.193841e-02 
 3.280000e+04  2.488769e+03 -5.058744e-02  4.587878e-02 -3.199639e-02 
 3.285000e+04  2.500343e+03 -5.067345e-02  4.595316e-02 -3.205456e-02 
 3.290000e+04  2.511917e+03 -5.075952e-02  4.602720e-02 -3.211274e-02 
 3.295000e+04  2.523491e+03 -5.084542e-02  4.610107e-02 -3.217085e-02 
 3.300000e+04  2.535065e+03 -5.093107e-02  4.617471e-02 -3.222875e-02 
 3.305000e+04  2.546639e+03 -5.101611e-02  4.624827e-02 -3.228647e-02 
 3.310000e+04  2.558213e+03 -5.110118e-02  4.632213e-02 -3.234397e-02 
 3.315000e+04  2.569787e+03 -5.118640e-02  4.639625e-02 -3.240132e-02 
 3.320000e+04  2.581361e+03 -5.127154e-02  4.647060e-02 -3.245862e-02 
 3.325000e+04  2.592936e+03 -5.135639e-02  4.654508e-02 -3.251607e-02 
 3.330000e+04  2.604510e+03 -5.144112e-02  4.661949e-02 -3.257352e-02 
 3.335000e+04  2.616084e+03 -5.152564e-02  4.669361e-02 -3.263097e-02 
 3.340000e+04  2.627658e+03 -5.160975e-02  4.676731e-02 -3.268841e-02 
 3.345000e+04  2.639232e+03 -5.169379e-02  4.684035e-02 -3.274582e-02 
 3.350000e+04  2.650806e+03 -5.177770e-02  4.691347e-02 -3.280308e-02 
 3.355000e+04  2.662380e+03 -5.186115e-02  4.698682e-02 -3.286003e-02 
 3.360000e+04  2.673954e+03 -5.194408e-02  4.706042e-02 -3.291681e-02 
 3.365000e+04  2.685528e+03 -5.202693e-02  4.713421e-02 -3.297363e-02 
 3.370000e+04  2.697102e+03 -5.211014e-02  4.720797e-02 -3.303046e-02 
 3.375000e+04  2.708676e+03 -5.219354e-02  4.728130e-02 -3.308728e-02 
 3.380000e+04  2.720250e+03 -5.227694e-02  4.735428e-02 -3.314412e-02 
 3.385000e+04  2.731824e+03 -5.235988e-02  4.742714e-02 -3.320095e-02 
 3.390000e+04  2.743399e+03 -5.244281e-02  4.749989e-02 -3.325780e-02 
 3.395000e+04  2.754973e+03 -5.252587e-02  4.757253e-02 -3.331460e-02 
 3.400000e+04  2.766547e+03 -5.260901e-02  4.764508e-02 -3.337124e-02 
 3.405000e+04  2.778121e+03 -5.269220e-02  4.771763e-02 -3.342769e-02 
 3.410000e+04  2.789695e+03 -5.277500e-02  4.779025e-02 -3.348418e-02 
 3.415000e+04  2.801269e+03 -5.285742e-02  4.786298e-02 -3.354066e-02 
 3.420000e+04  2.812843e+03 -5.293984e-02  4.793568e-02 -3.359710e-02 
 3.425000e+04  2.824417e+03 -5.302237e-02  4.800814e-02 -3.365351e-02 
 3.430000e+04  2.835991e+03 -5.310487e-02  4.808017e-02 -3.370983e-02 
 3.435000e+04  2.847565e+03 -5.318736e-02  4.815208e-02 -3.376618e-02 
 3.440000e+04  2.859139e+03 -5.326983e-02  4.822402e-02 -3.382257e-02 
 3.445000e+04  2.870713e+03 -5.335218e-02  4.829592e-02 -3.387886e-02 
 3.450000e+04  2.882287e+03 -5.343442e-02  4.836783e-02 -3.393511e-02 
 3.455000e+04  2.893861e+03 -5.351651e-02  4.843982e-02 -3.399135e-02 
 3.460000e+04  2.905436e+03 -5.359846e-02  4.851197e-02 -3.404748e-02 
 3.465000e+04  2.917010e+03 -5.368036e-02  4.858413e-02 -3.410345e-02 
 3.470000e+04  2.928584e+03 -5.376209e-02  4.865613e-02 -3.415937e-02 
 3.475000e+04  2.940158e+03 -5.384372e-02  4.872801e-02 -3.421533e-02 
 3.480000e+04  2.951732e+03 -5.392530e-02  4.879974e-02 -3.427135e-02 
 3.485000e+04  2.963306e+03 -5.400693e-02  4.887128e-02 -3.432736e-02 
 3.490000e+04  2.974880e+03 -5.408850e-02  4.894273e-02 -3.438333e-02 
 3.495000e+04  2.986454e+03 -5.416986e-02  4.901414e-02 -3.443920e-02 
 3.500000e+04  2.998028e+03 -5.425088e-02  4.908517e-02 -3.449494e-02 
 3.505000e+04  3.009602e+03 -5.433186e-02  4.915600e-02 -3.455053e-02 
 3.510000e+04  3.021176e+03 -5.441277e-02  4.922691e-02 -3.460612e-02 
 3.515000e+04  3.032750e+03 -5.449373e-02  4.929793e-02 -3.466173e-02 
 3.520000e+04  3.044324e+03 -5.457489e-02  4.936905e-02 -3.471735e-02 
 3.525000e+04  3.055899e+03 -5.465616e-02  4.944017e-02 -3.477306e-02 
 3.530000e+04  3.067473e+03 -5.473753e-02  4.951120e-02 -3.482876e-02 
 3.535000e+04  3.079047e+03 -5.481871e-02  4.958176e-02 -3.488440e-02 
 3.540000e+04  3.090621e+03 -5.489969e-02  4.965200e-02 -3.493994e-02 
 3.545000e+04  3.102195e+03 -5.498058e-02  4.972223e-02 -3.499534e-02 
 3.550000e+04  3.113769e+03 -5.506134e-02  4.979261e-02 -3.505064e-02 
 3.555000e+04  3.125343e+03 -5.514210e-02  4.986314e-02 -3.510594e-02 
 3.560000e+04  3.136917e+03 -5.522289e-02  4.993378e-02 -3.516125e-02 
 3.565000e+04  3.148491e+03 -5.530336e-02  5.000449e-02 -3.521642e-02 
 3.570000e+04  3.160065e+03 -5.538358e-02  5.007494e-02 -3.527155e-02 
 3.575000e+04  3.171639e+03 -5.546373e-02  5.014507e-02 -3.532671e-02 
 3.580000e+04  3.183213e+03 -5.554380e-02  5.021520e-02 -3.538182e-02 
 3.585000e+04  3.194787e+03 -5.562378e-02  5.028546e-02 -3.543700e-02 
 3.590000e+04  3.206361e+03 -5.570366e-02  5.035586e-02 -3.549217e-02 
 3.595000e+04  3.217936e+03 -5.578334e-02  5.042636e-02 -3.554728e-02 
 3.600000e+04  3.229510e+03 -5.586282e-02  5.049682e-02 -3.560217e-02 
 3.605000e+04  3.241084e+03 -5.594214e-02  5.056722e-02 -3.565691e-02 
 3.610000e+04  3.252658e+03 -5.602151e-02  5.063764e-02 -3.571163e-02 
 3.615000e+04  3.264232e+03 -5.610085e-02  5.070802e-02 -3.576635e-02 
 3.620000e+04  3.275806e+03 -5.618014e-02  5.077818e-02 -3.582108e-02 
 3.625000e+04  3.287380e+03 -5.625946e-02  5.084806e-02 -3.587583e-02 
 3.630000e+04  3.298954e+03 -5.633876e-02  5.091784e-02 -3.593065e-02 
 3.635000e+04  3.310528e+03 -5.641819e-02  5.098756e-02 -3.598541e-02 
 3.640000e+04  3.322102e+03 -5.649765e-02  5.105721e-02 -3.604005e-02 
 3.645000e+04  3.333676e+03 -5.657709e-02  5.112680e-02 -3.609458e-02 
 3.650000e+04  3.345250e+03 -5.665617e-02  5.119635e-02 -3.614903e-02 
 3.655000e+04  3.356824e+03 -5.673499e-02  5.126591e-02 -3.620336e-02 
 3.660000e+04  3.368399e+03 -5.681387e-02  5.133555e-02 -3.625752e-02 
 3.665000e+04  3.379973e+03 -5.689288e-02  5.140504e-02 -3.631165e-02 
 3.670000e+04  3.391547e+03 -5.697201e-02  5.147436e-02 -3.636582e-02 
 3.675000e+04  3.403121e+03 -5.705107e-02  5.154360e-02 -3.642005e-02 
 3.680000e+04  3.414695e+03 -5.713002e-02  5.161280e-02 -3.647428e-02 
 3.685000e+04  3.426269e+03 -5.720865e-02  5.168187e-02 -3.652839e-02 
 3.690000e+04  3.437843e+03 -5.728708e-02  5.175063e-02 -3.658238e-02 
 3.695000e+04  3.449417e+03 -5.736548e-02  5.181931e-02 -3.663631e-02 
 3.700000e+04  3.460991e+03 -5.744337e-02  5.188823e-02 -3.669015e-02 
 3.705000e+04  3.472565e+03 -5.752114e-02  5.195741e-02 -3.674392e-02 
 3.710000e+04  3.484139e+03 -5.759896e-02  5.202681e-02 -3.679766e-02 
 3.715000e+04  3.495713e+03 -5.767698e-02  5.209625e-02 -3.685141e-02 
 3.720000e+04  3.507287e+03 -5.775509e-02  5.216559e-02 -3.690511e-02 
 3.725000e+04  3.518861e+03 -5.783314e-02  5.223471e-02 -3.695864e-02 
 3.730000e+04  3.530436e+03 -5.791097e-02  5.230361e-02 -3.701219e-02 
 3.735000e+04  3.542010e+03 -5.798867e-02  5.237243e-02 -3.706576e-02 
 3.740000e+04  3.553584e+03 -5.806629e-02  5.244101e-02 -3.711931e-02 
 3.745000e+04  3.565158e+03 -5.814369e-02  5.250902e-02 -3.717277e-02 
 3.750000e+04  3.576732e+03 -5.822094e-02  5.257702e-02 -3.722617e-02 
 3.755000e+04  3.588306e+03 -5.829811e-02  5.264512e-02 -3.727931e-02 
 3.760000e+04  3.599880e+03 -5.837515e-02  5.271338e-02 -3.733240e-02 
 3.765000e+04  3.611454e+03 -5.845253e-02  5.278183e-02 -3.738541e-02 
 3.770000e+04  3.623028e+03 -5.853022e-02  5.284975e-02 -3.743857e-02 
 3.775000e+04  3.634602e+03 -5.860807e-02  5.291754e-02 -3.749173e-02 
 3.780000e+04  3.646176e+03 -5.868573e-02  5.298529e-02 -3.754488e-02 
 3.785000e+04  3.657750e+03 -5.876311e-02  5.305317e-02 -3.759790e-02 
 3.790000e+04  3.669324e+03 -5.884021e-02  5.312111e-02 -3.765085e-02 
 3.795000e+04  3.680899e+03 -5.891714e-02  5.318906e-02 -3.770377e-02 
 3.800000e+04  3.692473e+03 -5.899407e-02  5.325703e-02 -3.775656e-02 
 3.805000e+04  3.704047e+03 -5.907100e-02  5.332510e-02 -3.780930e-02 
 3.810000e+04  3.715621e+03 -5.914774e-02  5.339325e-02 -3.786200e-02 
 3.815000e+04  3.727195e+03 -5.922437e-02  5.346144e-02 -3.791476e-02 
 3.820000e+04  3.738769e+03 -5.930094e-02  5.352949e-02 -3.796756e-02 
 3.825000e+04  3.750343e+03 -5.937752e-02  5.359734e-02 -3.802036e-02 
 3.830000e+04  3.761917e+03 -5.945405e-02  5.366511e-02 -3.807310e-02 
 3.835000e+04  3.773491e+03 -5.953035e-02  5.373286e-02 -3.812574e-02 
 3.840000e+04  3.785065e+03 -5.960647e-02  5.380063e-02 -3.817820e-02 
 3.845000e+04  3.796639e+03 -5.968261e-02  5.386843e-02 -3.823062e-02 
 3.850000e+04  3.808213e+03 -5.975867e-02  5.393623e-02 -3.828299e-02 
 3.855000e+04  3.819787e+03 -5.983485e-02  5.400384e-02 -3.833530e-02 
 3.860000e+04  3.831361e+03 -5.991076e-02  5.407127e-02 -3.838761e-02 
 3.865000e+04  3.842936e+03 -5.998655e-02  5.413856e-02 -3.843990e-02 
 3.870000e+04  3.854510e+03 -6.006238e-02  5.420576e-02 -3.849218e-02 
 3.875000e+04  3.866084e+03 -6.013832e-02  5.427281e-02 -3.854454e-02 
 3.880000e+04  3.877658e+03 -6.021432e-02  5.433990e-02 -3.859687e-02 
 3.885000e+04  3.889232e+03 -6.029030e-02  5.440698e-02 -3.864913e-02 
 3.890000e+04  3.900806e+03 -6.036618e-02  5.447416e-02 -3.870122e-02 
 3.895000e+04  3.912380e+03 -6.044179e-02  5.454098e-02 -3.875325e-02 
 3.900000e+04  3.923954e+03 -6.051729e-02  5.460747e-02 -3.880514e-02 
 3.905000e+04  3.935528e+03 -6.059281e-02  5.467395e-02 -3.885707e-02 
 3.910000e+04  3.947102e+03 -6.066843e-02  5.474046e-02 -3.890909e-02 
 3.915000e+04  3.958676e+03 -6.074409e-02  5.480692e-02 -3.896113e-02 
 3.920000e+04  3.970250e+03 -6.081966e-02  5.487348e-02 -3.901320e-02 
 3.925000e+04  3.981824e+03 -6.089510e-02  5.494008e-02 -3.906528e-02 
 3.930000e+04  3.993399e+03 -6.097032e-02  5.500675e-02 -3.911726e-02 
 3.935000e+04  4.004973e+03 -6.104542e-02  5.507345e-02 -3.916913e-02 
 3.940000e+04  4.016547e+03 -6.112047e-02  5.514018e-02 -3.922098e-02 
 3.945000e+04  4.028121e+03 -6.119535e-02  5.520692e-02 -3.927283e-02 
 3.950000e+04  4.039695e+03 -6.127014e-02  5.527358e-02 -3.932468e-02 
 3.955000e+04  4.051269e+03 -6.134488e-02  5.534012e-02 -3.937652e-02 
 3.960000e+04  4.062843e+03 -6.141960e-02  5.540656e-02 -3.942832e-02 
 3.965000e+04  4.074417e+03 -6.149428e-02  5.547289e-02 -3.948006e-02 
 3.970000e+04  4.085991e+03 -6.156883e-02  5.553920e-02 -3.953176e-02 
 3.975000e+04  4.097565e+03 -6.164329e-02  5.560547e-02 -3.958343e-02 
 3.980000e+04  4.109139e+03 -6.171774e-02  5.567174e-02 -3.963507e-02 
 3.985000e+04  4.120713e+03 -6.179221e-02  5.573797e-02 -3.968666e-02 
 3.990000e+04  4.132287e+03 -6.186649e-02  5.580411e-02 -3.973822e-02 
 3.995000e+04  4.143861e+03 -6.194063e-02  5.587012e-02 -3.978962e-02 
 4.000000e+04  4.155436e+03 -6.201484e-02  5.593598e-02 -3.984094e-02 
 4.005000e+04  4.167010e+03 -6.208908e-02  5.600165e-02 -3.989221e-02 
 4.010000e+04  4.178584e+03 -6.216336e-02  5.606684e-02 -3.994350e-02 
 4.015000e+04  4.190158e+03 -6.223758e-02  5.613196e-02 -3.999472e-02 
 4.020000e+04  4.201732e+03 -6.231177e-02  5.619712e-02 -4.004594e-02 
 4.025000e+04  4.213306e+03 -6.238603e-02  5.626247e-02 -4.009714e-02 
 4.030000e+04  4.224880e+03 -6.246012e-02  5.632794e-02 -4.014835e-02 
 4.035000e+04  4.236454e+03 -6.253411e-02  5.639347e-02 -4.019953e-02 
 4.040000e+04  4.248028e+03 -6.260803e-02  5.645902e-02 -4.025069e-02 
 4.045000e+04  4.259602e+03 -6.268195e-02  5.652438e-02 -4.030182e-02 
 4.050000e+04  4.271176e+03 -6.275585e-02  5.658939e-02 -4.035289e-02 
 4.055000e+04  4.282750e+03 -6.282967e-02  5.665429e-02 -4.040389e-02 
 4.060000e+04  4.294324e+03 -6.290341e-02  5.671927e-02 -4.045497e-02 
 4.065000e+04  4.305899e+03 -6.297714e-02  5.678428e-02 -4.050603e-02 
 4.070000e+04  4.317473e+03 -6.305083e-02  5.684939e-02 -4.055705e-02 
 4.075000e+04  4.329047e+03 -6.312453e-02  5.691453e-02 -4.060795e-02 
 4.080000e+04  4.340621e+03 -6.319809e-02  5.697940e-02 -4.065870e-02 
 4.085000e+04  4.352195e+03 -6.327133e-02  5.704422e-02 -4.070930e-02 
 4.090000e+04  4.363769e+03 -6.334455e-02  5.710896e-02 -4.075997e-02 
 4.095000e+04  4.375343e+03 -6.341784e-02  5.717359e-02 -4.081070e-02 
 4.100000e+04  4.386917e+03 -6.349108e-02  5.723821e-02 -4.086127e-02 
 4.105000e+04  4.398491e+03 -6.356433e-02  5.730286e-02 -4.091185e-02 
 4.110000e+04  4.410065e+03 -6.363766e-02  5.736761e-02 -4.096255e-02 
 4.115000e+04  4.421639e+03 -6.371099e-02  5.743237e-02 -4.101325e-02 
 4.120000e+04  4.433213e+03 -6.378424e-02  5.749708e-02 -4.106386e-02 
 4.125000e+04  4.444787e+03 -6.385736e-02  5.756186e-02 -4.111446e-02 
 4.130000e+04  4.456361e+03 -6.393030e-02  5.762665e-02 -4.116504e-02 
 4.135000e+04  4.467936e+03 -6.400289e-02  5.769137e-02 -4.121556e-02 
 4.140000e+04  4.479510e+03 -6.407557e-02  5.775600e-02 -4.126602e-02 
 4.145000e+04  4.491084e+03 -6.414845e-02  5.782054e-02 -4.131648e-02 
 4.150000e+04  4.502658e+03 -6.422118e-02  5.788505e-02 -4.136693e-02 
 4.155000e+04  4.514232e+03 -6.429376e-02  5.794950e-02 -4.141736e-02 
 4.160000e+04  4.525806e+03 -6.436633e-02  5.801389e-02 -4.146772e-02 
 4.165000e+04  4.537380e+03 -6.443888e-02  5.807830e-02 -4.151803e-02 
 4.170000e+04  4.548954e+03 -6.451136e-02  5.814280e-02 -4.156831e-02 
 4.175000e+04  4.560528e+03 -6.458374e-02  5.820732e-02 -4.161857e-02 
 4.180000e+04  4.572102e+03 -6.465610e-02  5.827188e-02 -4.166886e-02 
 4.185000e+04  4.583676e+03 -6.472849e-02  5.833645e-02 -4.171920e-02 
 4.190000e+04  4.595250e+03 -6.480095e-02  5.840084e-02 -4.176945e-02 
 4.195000e+04  4.606824e+03 -6.487346e-02  5.846496e-02 -4.181967e-02 
 4.200000e+04  4.618399e+03 -6.494603e-02  5.852903e-02 -4.186991e-02 
 4.205000e+04  4.629973e+03 -6.501860e-02  5.859270e-02 -4.192014e-02 
 4.210000e+04  4.641547e+03 -6.509115e-02  5.865626e-02 -4.197024e-02 
 4.215000e+04  4.653121e+03 -6.516366e-02  5.871997e-02 -4.202020e-02 
 4.220000e+04  4.664695e+03 -6.523619e-02  5.878383e-02 -4.207011e-02 
 4.225000e+04  4.676269e+03 -6.530861e-02  5.884784e-02 -4.212003e-02 
 4.230000e+04  4.687843e+03 -6.538092e-02  5.891186e-02 -4.216998e-02 
 4.235000e+04  4.699417e+03 -6.545327e-02  5.897588e-02 -4.221999e-02 
 4.240000e+04  4.710991e+03 -6.552550e-02  5.903983e-02 -4.227001e-02 
 4.245000e+04  4.722565e+03 -6.559756e-02  5.910368e-02 -4.231989e-02 
 4.250000e+04  4.734139e+03 -6.566946e-02  5.916749e-02 -4.236973e-02 
 4.255000e+04  4.745713e+03 -6.574129e-02  5.923138e-02 -4.241960e-02 
 4.260000e+04  4.757287e+03 -6.581301e-02  5.929529e-02 -4.246947e-02 
 4.265000e+04  4.768861e+03 -6.588467e-02  5.935921e-02 -4.251928e-02 
 4.270000e+04  4.780436e+03 -6.595631e-02  5.942316e-02 -4.256907e-02 
 4.275000e+04  4.792010e+03 -6.602785e-02  5.948717e-02 -4.261878e-02 
 4.280000e+04  4.803584e+03 -6.609930e-02  5.955106e-02 -4.266843e-02 
 4.285000e+04  4.815158e+03 -6.617056e-02  5.961480e-02 -4.271809e-02 
 4.290000e+04  4.826732e+03 -6.624141e-02  5.967845e-02 -4.276775e-02 
 4.295000e+04  4.838306e+03 -6.631230e-02  5.974191e-02 -4.281739e-02 
 4.300000e+04  4.849880e+03 -6.638334e-02  5.980534e-02 -4.286691e-02 
 4.305000e+04  4.861454e+03 -6.645449e-02  5.986878e-02 -4.291638e-02 
 4.310000e+04  4.873028e+03 -6.652578e-02  5.993198e-02 -4.296585e-02 
 4.315000e+04  4.884602e+03 -6.659705e-02  5.999510e-02 -4.301535e-02 
 4.320000e+04  4.896176e+03 -6.666806e-02  6.005812e-02 -4.306479e-02 
 4.325000e+04  4.907750e+03 -6.673900e-02  6.012114e-02 -4.311413e-02 
 4.330000e+04  4.919324e+03 -6.681000e-02  6.018426e-02 -4.316354e-02 
 4.335000e+04  4.930899e+03 -6.688105e-02  6.024740e-02 -4.321294e-02 
 4.340000e+04  4.942473e+03 -6.695211e-02  6.031052e-02 -4.326231e-02 
 4.345000e+04  4.954047e+03 -6.702321e-02  6.037365e-02 -4.331170e-02 
 4.350000e+04  4.965621e+03 -6.709415e-02  6.043673e-02 -4.336103e-02 
 4.355000e+04  4.977195e+03 -6.716496e-02  6.049978e-02 -4.341034e-02 
 4.360000e+04  4.988769e+03 -6.723572e-02  6.056282e-02 -4.345964e-02 
 4.365000e+04  5.000343e+03 -6.730643e-02  6.062580e-02 -4.350891e-02 
 4.370000e+04  5.011917e+03 -6.737715e-02  6.068869e-02 -4.355816e-02 
 4.375000e+04  5.023491e+03 -6.744777e-02  6.075164e-02 -4.360741e-02 
 4.380000e+04  5.035065e+03 -6.751819e-02  6.081464e-02 -4.365661e-02 
 4.385000e+04  5.046639e+03 -6.758855e-02  6.087766e-02 -4.370576e-02 
 4.390000e+04  5.058213e+03 -6.765890e-02  6.094049e-02 -4.375492e-02 
 4.395000e+04  5.069787e+03 -6.772933e-02  6.100303e-02 -4.380400e-02 
 4.400000e+04  5.081361e+03 -6.779981e-02  6.106548e-02 -4.385301e-02 
 4.405000e+04  5.092936e+03 -6.787020e-02  6.112794e-02 -4.390205e-02 
 4.410000e+04  5.104510e+03 -6.794054e-02  6.119041e-02 -4.395107e-02 
 4.415000e+04  5.116084e+03 -6.801086e-02  6.125289e-02 -4.400011e-02 
 4.420000e+04  5.127658e+03 -6.808122e-02  6.131537e-02 -4.404915e-02 
 4.425000e+04  5.139232e+03 -6.815159e-02  6.137780e-02 -4.409814e-02 
 4.430000e+04  5.150806e+03 -6.822186e-02  6.144021e-02 -4.414707e-02 
 4.435000e+04  5.162380e+03 -6.829209e-02  6.150261e-02 -4.419597e-02 
 4.440000e+04  5.173954e+03 -6.836225e-02  6.156469e-02 -4.424487e-02 
 4.445000e+04  5.185528e+03 -6.843238e-02  6.162650e-02 -4.429364e-02 
 4.450000e+04  5.197102e+03 -6.850257e-02  6.168831e-02 -4.434246e-02 
 4.455000e+04  5.208676e+03 -6.857276e-02  6.175030e-02 -4.439131e-02 
 4.460000e+04  5.220250e+03 -6.864285e-02  6.181240e-02 -4.444012e-02 
 4.465000e+04  5.231824e+03 -6.871279e-02  6.187441e-02 -4.448891e-02 
 4.470000e+04  5.243399e+03 -6.878268e-02  6.193622e-02 -4.453771e-02 
 4.475000e+04  5.254973e+03 -6.885250e-02  6.199801e-02 -4.458639e-02 
 4.480000e+04  5.266547e+03 -6.892214e-02  6.205990e-02 -4.463495e-02 
 4.485000e+04  5.278121e+03 -6.899181e-02  6.212191e-02 -4.468352e-02 
 4.490000e+04  5.289695e+03 -6.906147e-02  6.218399e-02 -4.473213e-02 
