         Step [creep.tim... Z Displace... Z Displace... X Displace... 
------------- ------------- ------------- ------------- ------------- 
 5.250000e+03  1.276223e-07 -4.629353e-03  4.524540e-03 -2.433365e-03 
 5.300000e+03  3.886505e-06 -4.629608e-03  4.524689e-03 -2.433626e-03 
 5.350000e+03  2.658230e-05 -4.631136e-03  4.525300e-03 -2.434842e-03 
 5.400000e+03  7.609811e-05 -4.632728e-03  4.526088e-03 -2.435696e-03 
 5.450000e+03  1.597781e-04 -4.633624e-03  4.527741e-03 -2.436572e-03 
 5.500000e+03  2.522784e-04 -4.636106e-03  4.530676e-03 -2.438708e-03 
 5.550000e+03  3.447788e-04 -4.640305e-03  4.535169e-03 -2.442212e-03 
 5.600000e+03  4.467761e-04 -4.645638e-03  4.540898e-03 -2.446344e-03 
 5.650000e+03  5.873760e-04 -4.652320e-03  4.548382e-03 -2.451251e-03 
 5.700000e+03  7.463891e-04 -4.658182e-03  4.555182e-03 -2.455423e-03 
 5.750000e+03  9.255300e-04 -4.662829e-03  4.559952e-03 -2.458406e-03 
 5.800000e+03  1.108674e-03 -4.667056e-03  4.563364e-03 -2.461108e-03 
 5.850000e+03  1.291819e-03 -4.672176e-03  4.567708e-03 -2.465095e-03 
 5.900000e+03  1.474963e-03 -4.678863e-03  4.573955e-03 -2.470614e-03 
 5.950000e+03  1.660370e-03 -4.686357e-03  4.581915e-03 -2.476965e-03 
 6.000000e+03  1.905136e-03 -4.695609e-03  4.592622e-03 -2.484711e-03 
 6.050000e+03  2.176265e-03 -4.705002e-03  4.602634e-03 -2.491515e-03 
 6.100000e+03  2.469189e-03 -4.713792e-03  4.610818e-03 -2.496798e-03 
 6.150000e+03  2.767512e-03 -4.721641e-03  4.617768e-03 -2.501152e-03 
 6.200000e+03  3.065835e-03 -4.729431e-03  4.625332e-03 -2.506189e-03 
 6.250000e+03  3.364158e-03 -4.738134e-03  4.634608e-03 -2.512894e-03 
 6.300000e+03  3.664584e-03 -4.747833e-03  4.645408e-03 -2.521126e-03 
 6.350000e+03  4.062840e-03 -4.760881e-03  4.659417e-03 -2.532408e-03 
 6.400000e+03  4.513296e-03 -4.774291e-03  4.672813e-03 -2.543232e-03 
 6.450000e+03  4.988588e-03 -4.786596e-03  4.685024e-03 -2.552213e-03 
 6.500000e+03  5.474524e-03 -4.798008e-03  4.696914e-03 -2.559819e-03 
 6.550000e+03  5.960461e-03 -4.809375e-03  4.709154e-03 -2.567317e-03 
 6.600000e+03  6.446397e-03 -4.821759e-03  4.722662e-03 -2.575891e-03 
 6.650000e+03  6.932334e-03 -4.835373e-03  4.737499e-03 -2.585976e-03 
 6.700000e+03  7.500234e-03 -4.851598e-03  4.754848e-03 -2.598708e-03 
 6.750000e+03  8.173995e-03 -4.868897e-03  4.772509e-03 -2.612744e-03 
 6.800000e+03  8.906303e-03 -4.885323e-03  4.788869e-03 -2.626105e-03 
 6.850000e+03  9.660150e-03 -4.901332e-03  4.804841e-03 -2.638159e-03 
 6.900000e+03  1.041400e-02 -4.917199e-03  4.820862e-03 -2.649299e-03 
 6.950000e+03  1.116784e-02 -4.933634e-03  4.837739e-03 -2.660716e-03 
 7.000000e+03  1.192169e-02 -4.951256e-03  4.855985e-03 -2.673111e-03 
 7.050000e+03  1.274725e-02 -4.971240e-03  4.877010e-03 -2.687281e-03 
 7.100000e+03  1.367822e-02 -4.992230e-03  4.898600e-03 -2.702554e-03 
 7.150000e+03  1.469730e-02 -5.012359e-03  4.918764e-03 -2.718014e-03 
 7.200000e+03  1.581108e-02 -5.032887e-03  4.939433e-03 -2.734092e-03 
 7.250000e+03  1.692486e-02 -5.052859e-03  4.959717e-03 -2.749271e-03 
 7.300000e+03  1.803863e-02 -5.072919e-03  4.980345e-03 -2.764222e-03 
 7.350000e+03  1.915241e-02 -5.093863e-03  5.001831e-03 -2.779425e-03 
 7.400000e+03  2.037582e-02 -5.117834e-03  5.026055e-03 -2.796126e-03 
 7.450000e+03  2.166515e-02 -5.141819e-03  5.050340e-03 -2.812764e-03 
 7.500000e+03  2.298059e-02 -5.163580e-03  5.072773e-03 -2.828664e-03 
 7.550000e+03  2.440208e-02 -5.185738e-03  5.095936e-03 -2.845503e-03 
 7.600000e+03  2.582358e-02 -5.207543e-03  5.118678e-03 -2.862017e-03 
 7.650000e+03  2.724507e-02 -5.229239e-03  5.140974e-03 -2.878401e-03 
 7.700000e+03  2.871454e-02 -5.251959e-03  5.164093e-03 -2.895369e-03 
 7.750000e+03  3.040452e-02 -5.278460e-03  5.190558e-03 -2.914596e-03 
 7.800000e+03  3.213235e-02 -5.304505e-03  5.216355e-03 -2.933008e-03 
 7.850000e+03  3.386019e-02 -5.328837e-03  5.240478e-03 -2.950167e-03 
 7.900000e+03  3.566231e-02 -5.353504e-03  5.264933e-03 -2.967519e-03 
 7.950000e+03  3.747654e-02 -5.377931e-03  5.289497e-03 -2.984868e-03 
 8.000000e+03  3.929076e-02 -5.401814e-03  5.313713e-03 -3.002293e-03 
 8.050000e+03  4.122913e-02 -5.426876e-03  5.339148e-03 -3.021018e-03 
 8.100000e+03  4.349608e-02 -5.455669e-03  5.368189e-03 -3.042592e-03 
 8.150000e+03  4.581154e-02 -5.484068e-03  5.396420e-03 -3.063308e-03 
 8.200000e+03  4.812700e-02 -5.511321e-03  5.423312e-03 -3.082652e-03 
 8.250000e+03  5.044246e-02 -5.538111e-03  5.449646e-03 -3.101191e-03 
 8.300000e+03  5.275791e-02 -5.564667e-03  5.475846e-03 -3.119515e-03 
 8.350000e+03  5.507337e-02 -5.590657e-03  5.501840e-03 -3.137908e-03 
 8.400000e+03  5.744267e-02 -5.616309e-03  5.527889e-03 -3.156772e-03 
 8.450000e+03  6.012731e-02 -5.644312e-03  5.556646e-03 -3.177804e-03 
 8.500000e+03  6.294177e-02 -5.672615e-03  5.585844e-03 -3.199048e-03 
 8.550000e+03  6.575622e-02 -5.700161e-03  5.613863e-03 -3.219164e-03 
 8.600000e+03  6.862415e-02 -5.727991e-03  5.641782e-03 -3.238733e-03 
 8.650000e+03  7.157933e-02 -5.756647e-03  5.670280e-03 -3.258589e-03 
 8.700000e+03  7.453451e-02 -5.784971e-03  5.698339e-03 -3.278363e-03 
 8.750000e+03  7.748969e-02 -5.812354e-03  5.725449e-03 -3.297825e-03 
 8.800000e+03  8.067389e-02 -5.840805e-03  5.753694e-03 -3.318421e-03 
 8.850000e+03  8.393197e-02 -5.869146e-03  5.781999e-03 -3.339051e-03 
 8.900000e+03  8.719006e-02 -5.896593e-03  5.809597e-03 -3.358999e-03 
 8.950000e+03  9.051004e-02 -5.924051e-03  5.837136e-03 -3.378632e-03 
 9.000000e+03  9.409182e-02 -5.953643e-03  5.866749e-03 -3.399507e-03 
 9.050000e+03  9.768385e-02 -5.983096e-03  5.896118e-03 -3.420057e-03 
 9.100000e+03  1.012974e-01 -6.011995e-03  5.924566e-03 -3.440116e-03 
 9.150000e+03  1.052199e-01 -6.042572e-03  5.954361e-03 -3.461446e-03 
 9.200000e+03  1.091802e-01 -6.072741e-03  5.983751e-03 -3.482628e-03 
 9.250000e+03  1.131404e-01 -6.101836e-03  6.012349e-03 -3.503393e-03 
 9.300000e+03  1.171085e-01 -6.130056e-03  6.040468e-03 -3.523834e-03 
 9.350000e+03  1.213416e-01 -6.159813e-03  6.070411e-03 -3.545350e-03 
 9.400000e+03  1.257078e-01 -6.190253e-03  6.101272e-03 -3.566991e-03 
 9.450000e+03  1.300739e-01 -6.220030e-03  6.131491e-03 -3.587834e-03 
 9.500000e+03  1.347289e-01 -6.251246e-03  6.162718e-03 -3.609351e-03 
 9.550000e+03  1.395425e-01 -6.283093e-03  6.194192e-03 -3.631307e-03 
 9.600000e+03  1.443562e-01 -6.314042e-03  6.224683e-03 -3.653043e-03 
 9.650000e+03  1.491699e-01 -6.343899e-03  6.254230e-03 -3.674536e-03 
 9.700000e+03  1.541472e-01 -6.374303e-03  6.284435e-03 -3.696456e-03 
 9.750000e+03  1.592016e-01 -6.404977e-03  6.314865e-03 -3.718280e-03 
 9.800000e+03  1.642559e-01 -6.435010e-03  6.344841e-03 -3.739422e-03 
 9.850000e+03  1.695246e-01 -6.465729e-03  6.375570e-03 -3.760696e-03 
 9.900000e+03  1.750970e-01 -6.497923e-03  6.407714e-03 -3.782766e-03 
 9.950000e+03  1.806694e-01 -6.529642e-03  6.439186e-03 -3.804588e-03 
 1.000000e+04  1.862419e-01 -6.560548e-03  6.469509e-03 -3.826142e-03 
 1.005000e+04  1.921542e-01 -6.592753e-03  6.500763e-03 -3.848737e-03 
 1.010000e+04  1.982978e-01 -6.625821e-03  6.532774e-03 -3.871917e-03 
 1.015000e+04  2.044414e-01 -6.658059e-03  6.564168e-03 -3.894569e-03 
 1.020000e+04  2.105850e-01 -6.689476e-03  6.595042e-03 -3.916574e-03 
 1.025000e+04  2.170297e-01 -6.722139e-03  6.627326e-03 -3.939181e-03 
 1.030000e+04  2.234805e-01 -6.754469e-03  6.659538e-03 -3.961388e-03 
 1.035000e+04  2.299312e-01 -6.786105e-03  6.691206e-03 -3.983114e-03 
 1.040000e+04  2.368229e-01 -6.819212e-03  6.724188e-03 -4.005989e-03 
 1.045000e+04  2.442905e-01 -6.854661e-03  6.759078e-03 -4.030582e-03 
 1.050000e+04  2.517581e-01 -6.889275e-03  6.792978e-03 -4.054866e-03 
 1.055000e+04  2.592257e-01 -6.922899e-03  6.825981e-03 -4.078643e-03 
 1.060000e+04  2.669845e-01 -6.957362e-03  6.859907e-03 -4.102847e-03 
 1.065000e+04  2.748255e-01 -6.992043e-03  6.894097e-03 -4.126807e-03 
 1.070000e+04  2.826664e-01 -7.026119e-03  6.927906e-03 -4.150192e-03 
 1.075000e+04  2.906564e-01 -7.060181e-03  6.961767e-03 -4.173485e-03 
 1.080000e+04  2.992434e-01 -7.096249e-03  6.997715e-03 -4.198240e-03 
 1.085000e+04  3.078881e-01 -7.131903e-03  7.033170e-03 -4.222908e-03 
 1.090000e+04  3.165328e-01 -7.166693e-03  7.067359e-03 -4.247208e-03 
 1.095000e+04  3.254108e-01 -7.201959e-03  7.101619e-03 -4.271770e-03 
 1.100000e+04  3.344877e-01 -7.237825e-03  7.136344e-03 -4.296528e-03 
 1.105000e+04  3.435646e-01 -7.273115e-03  7.170564e-03 -4.320790e-03 
 1.110000e+04  3.526778e-01 -7.307811e-03  7.204408e-03 -4.344518e-03 
 1.115000e+04  3.625136e-01 -7.344897e-03  7.240688e-03 -4.369697e-03 
 1.120000e+04  3.725208e-01 -7.382119e-03  7.277335e-03 -4.395013e-03 
 1.125000e+04  3.825281e-01 -7.418336e-03  7.313144e-03 -4.419891e-03 
 1.130000e+04  3.928281e-01 -7.454920e-03  7.349189e-03 -4.445118e-03 
 1.135000e+04  4.038611e-01 -7.493744e-03  7.387248e-03 -4.471977e-03 
 1.140000e+04  4.148942e-01 -7.531892e-03  7.424496e-03 -4.498424e-03 
 1.145000e+04  4.259272e-01 -7.569209e-03  7.460918e-03 -4.524266e-03 
 1.150000e+04  4.373243e-01 -7.607393e-03  7.498226e-03 -4.550430e-03 
 1.155000e+04  4.489090e-01 -7.645940e-03  7.535929e-03 -4.576536e-03 
 1.160000e+04  4.604937e-01 -7.683684e-03  7.573055e-03 -4.602164e-03 
 1.165000e+04  4.721015e-01 -7.720663e-03  7.609609e-03 -4.627500e-03 
 1.170000e+04  4.842654e-01 -7.758829e-03  7.647537e-03 -4.653861e-03 
 1.175000e+04  4.964293e-01 -7.796403e-03  7.684893e-03 -4.679979e-03 
 1.180000e+04  5.085932e-01 -7.833274e-03  7.721316e-03 -4.705649e-03 
 1.185000e+04  5.216883e-01 -7.872708e-03  7.759885e-03 -4.732723e-03 
 1.190000e+04  5.350990e-01 -7.912947e-03  7.798922e-03 -4.760047e-03 
 1.195000e+04  5.485097e-01 -7.952645e-03  7.837233e-03 -4.786832e-03 
 1.200000e+04  5.619204e-01 -7.991573e-03  7.874871e-03 -4.813145e-03 
 1.205000e+04  5.758139e-01 -8.031394e-03  7.913476e-03 -4.840132e-03 
 1.210000e+04  5.898952e-01 -8.071118e-03  7.952211e-03 -4.867233e-03 
 1.215000e+04  6.039764e-01 -8.110000e-03  7.990268e-03 -4.893952e-03 
 1.220000e+04  6.186991e-01 -8.150064e-03  8.029396e-03 -4.921468e-03 
 1.225000e+04  6.348136e-01 -8.193598e-03  8.071833e-03 -4.951187e-03 
 1.230000e+04  6.511144e-01 -8.237056e-03  8.114078e-03 -4.980768e-03 
 1.235000e+04  6.674152e-01 -8.279677e-03  8.155477e-03 -5.009720e-03 
 1.240000e+04  6.842213e-01 -8.323157e-03  8.197519e-03 -5.039060e-03 
 1.245000e+04  7.013372e-01 -8.367033e-03  8.239922e-03 -5.068595e-03 
 1.250000e+04  7.184530e-01 -8.409890e-03  8.281689e-03 -5.097745e-03 
 1.255000e+04  7.355689e-01 -8.451784e-03  8.322729e-03 -5.126537e-03 
 1.260000e+04  7.534207e-01 -8.494848e-03  8.365195e-03 -5.156296e-03 
 1.265000e+04  7.713923e-01 -8.537729e-03  8.407547e-03 -5.185874e-03 
 1.270000e+04  7.893640e-01 -8.579991e-03  8.449162e-03 -5.214811e-03 
 1.275000e+04  8.085954e-01 -8.624793e-03  8.493061e-03 -5.245162e-03 
 1.280000e+04  8.293206e-01 -8.672859e-03  8.539739e-03 -5.277492e-03 
 1.285000e+04  8.501250e-01 -8.720326e-03  8.585640e-03 -5.309534e-03 
 1.290000e+04  8.709294e-01 -8.766736e-03  8.630492e-03 -5.341112e-03 
 1.295000e+04  8.917338e-01 -8.812521e-03  8.674814e-03 -5.372370e-03 
 1.300000e+04  9.125383e-01 -8.857822e-03  8.718762e-03 -5.403280e-03 
 1.305000e+04  9.333427e-01 -8.902278e-03  8.762090e-03 -5.433635e-03 
 1.310000e+04  9.549044e-01 -8.947793e-03  8.806393e-03 -5.464555e-03 
 1.315000e+04  9.778413e-01 -8.995934e-03  8.853174e-03 -5.497064e-03 
 1.320000e+04  1.000778e+00 -9.043510e-03  8.899276e-03 -5.529149e-03 
 1.325000e+04  1.023715e+00 -9.090195e-03  8.944322e-03 -5.560646e-03 
 1.330000e+04  1.047902e+00 -9.138948e-03  8.991021e-03 -5.593456e-03 
 1.335000e+04  1.073190e+00 -9.189390e-03  9.039287e-03 -5.627444e-03 
 1.340000e+04  1.098478e+00 -9.238678e-03  9.086817e-03 -5.661026e-03 
 1.345000e+04  1.123766e+00 -9.287084e-03  9.133729e-03 -5.694037e-03 
 1.350000e+04  1.149382e+00 -9.335627e-03  9.180984e-03 -5.727066e-03 
 1.355000e+04  1.175935e+00 -9.385344e-03  9.229612e-03 -5.760849e-03 
 1.360000e+04  1.202487e+00 -9.434273e-03  9.277458e-03 -5.794002e-03 
 1.365000e+04  1.230087e+00 -9.484567e-03  9.326408e-03 -5.827926e-03 
 1.370000e+04  1.259361e+00 -9.537484e-03  9.377593e-03 -5.863621e-03 
 1.375000e+04  1.288634e+00 -9.589561e-03  9.427776e-03 -5.898904e-03 
 1.380000e+04  1.317908e+00 -9.640690e-03  9.476951e-03 -5.933706e-03 
 1.385000e+04  1.347182e+00 -9.691197e-03  9.525642e-03 -5.968065e-03 
 1.390000e+04  1.376456e+00 -9.741200e-03  9.573974e-03 -6.001989e-03 
 1.395000e+04  1.405730e+00 -9.790451e-03  9.621767e-03 -6.035334e-03 
 1.400000e+04  1.436220e+00 -9.841123e-03  9.670953e-03 -6.069534e-03 
 1.405000e+04  1.468495e+00 -9.894368e-03  9.722581e-03 -6.105390e-03 
 1.410000e+04  1.500769e+00 -9.946928e-03  9.773389e-03 -6.140850e-03 
 1.415000e+04  1.533141e+00 -9.998789e-03  9.823174e-03 -6.175905e-03 
 1.420000e+04  1.567842e+00 -1.005383e-02  9.875705e-03 -6.213040e-03 
 1.425000e+04  1.603425e+00 -1.010974e-02  9.929068e-03 -6.250734e-03 
 1.430000e+04  1.639007e+00 -1.016466e-02  9.981625e-03 -6.287836e-03 
 1.435000e+04  1.674590e+00 -1.021871e-02  1.003356e-02 -6.324366e-03 
 1.440000e+04  1.711418e+00 -1.027412e-02  1.008700e-02 -6.361716e-03 
 1.445000e+04  1.748780e+00 -1.032961e-02  1.014076e-02 -6.399190e-03 
 1.450000e+04  1.786141e+00 -1.038418e-02  1.019363e-02 -6.436048e-03 
 1.455000e+04  1.826160e+00 -1.044193e-02  1.024952e-02 -6.475037e-03 
 1.460000e+04  1.867351e+00 -1.050093e-02  1.030619e-02 -6.514840e-03 
 1.465000e+04  1.908542e+00 -1.055904e-02  1.036172e-02 -6.554121e-03 
 1.470000e+04  1.949734e+00 -1.061620e-02  1.041643e-02 -6.592813e-03 
 1.475000e+04  1.992202e+00 -1.067459e-02  1.047232e-02 -6.632182e-03 
 1.480000e+04  2.035453e+00 -1.073346e-02  1.052873e-02 -6.671773e-03 
 1.485000e+04  2.078704e+00 -1.079133e-02  1.058440e-02 -6.710775e-03 
 1.490000e+04  2.122819e+00 -1.084952e-02  1.064055e-02 -6.750042e-03 
 1.495000e+04  2.169686e+00 -1.091074e-02  1.069964e-02 -6.791345e-03 
 1.500000e+04  2.217370e+00 -1.097216e-02  1.075893e-02 -6.832893e-03 
 1.505000e+04  2.265054e+00 -1.103273e-02  1.081707e-02 -6.873813e-03 
 1.510000e+04  2.314932e+00 -1.109550e-02  1.087699e-02 -6.916063e-03 
 1.515000e+04  2.365000e+00 -1.115795e-02  1.093638e-02 -6.957998e-03 
 1.520000e+04  2.415069e+00 -1.121936e-02  1.099489e-02 -6.999342e-03 
 1.525000e+04  2.465588e+00 -1.128052e-02  1.105325e-02 -7.040421e-03 
 1.530000e+04  2.518159e+00 -1.134351e-02  1.111350e-02 -7.082736e-03 
 1.535000e+04  2.570731e+00 -1.140562e-02  1.117316e-02 -7.124608e-03 
 1.540000e+04  2.623303e+00 -1.146675e-02  1.123190e-02 -7.165888e-03 
 1.545000e+04  2.680004e+00 -1.153199e-02  1.129445e-02 -7.209849e-03 
 1.550000e+04  2.737964e+00 -1.159808e-02  1.135771e-02 -7.254274e-03 
 1.555000e+04  2.795925e+00 -1.166328e-02  1.141990e-02 -7.298122e-03 
 1.560000e+04  2.854233e+00 -1.172800e-02  1.148142e-02 -7.341560e-03 
 1.565000e+04  2.917404e+00 -1.179741e-02  1.154735e-02 -7.388099e-03 
 1.570000e+04  2.981305e+00 -1.186677e-02  1.161338e-02 -7.434639e-03 
 1.575000e+04  3.045206e+00 -1.193487e-02  1.167844e-02 -7.480477e-03 
 1.580000e+04  3.110002e+00 -1.200303e-02  1.174360e-02 -7.526339e-03 
 1.585000e+04  3.179514e+00 -1.207544e-02  1.181295e-02 -7.575077e-03 
 1.590000e+04  3.249965e+00 -1.214779e-02  1.188220e-02 -7.623763e-03 
 1.595000e+04  3.320557e+00 -1.221927e-02  1.195037e-02 -7.671741e-03 
 1.600000e+04  3.394531e+00 -1.229353e-02  1.202090e-02 -7.721421e-03 
 1.605000e+04  3.468504e+00 -1.236697e-02  1.209038e-02 -7.770554e-03 
 1.610000e+04  3.542478e+00 -1.243910e-02  1.215875e-02 -7.818957e-03 
 1.615000e+04  3.617783e+00 -1.251161e-02  1.222746e-02 -7.867546e-03 
 1.620000e+04  3.695456e+00 -1.258568e-02  1.229781e-02 -7.917140e-03 
 1.625000e+04  3.773128e+00 -1.265860e-02  1.236729e-02 -7.966127e-03 
 1.630000e+04  3.851344e+00 -1.273094e-02  1.243630e-02 -8.014701e-03 
 1.635000e+04  3.936489e+00 -1.280896e-02  1.251055e-02 -8.066921e-03 
 1.640000e+04  4.022122e+00 -1.288658e-02  1.258423e-02 -8.118828e-03 
 1.645000e+04  4.107756e+00 -1.296302e-02  1.265668e-02 -8.170001e-03 
 1.650000e+04  4.195103e+00 -1.304003e-02  1.272947e-02 -8.221436e-03 
 1.655000e+04  4.285018e+00 -1.311853e-02  1.280351e-02 -8.273788e-03 
 1.660000e+04  4.374934e+00 -1.319585e-02  1.287660e-02 -8.325537e-03 
 1.665000e+04  4.464849e+00 -1.327193e-02  1.294876e-02 -8.376542e-03 
 1.670000e+04  4.560492e+00 -1.335198e-02  1.302476e-02 -8.430061e-03 
 1.675000e+04  4.659624e+00 -1.343406e-02  1.310273e-02 -8.484932e-03 
 1.680000e+04  4.758756e+00 -1.351488e-02  1.317953e-02 -8.539008e-03 
 1.685000e+04  4.860267e+00 -1.359656e-02  1.325694e-02 -8.593546e-03 
 1.690000e+04  4.968103e+00 -1.368252e-02  1.333811e-02 -8.650825e-03 
 1.695000e+04  5.077395e+00 -1.376854e-02  1.341916e-02 -8.708136e-03 
 1.700000e+04  5.186688e+00 -1.385315e-02  1.349892e-02 -8.764601e-03 
 1.705000e+04  5.297511e+00 -1.393791e-02  1.357876e-02 -8.821094e-03 
 1.710000e+04  5.412269e+00 -1.402465e-02  1.366056e-02 -8.878908e-03 
 1.715000e+04  5.527026e+00 -1.411007e-02  1.374128e-02 -8.935877e-03 
 1.720000e+04  5.643390e+00 -1.419552e-02  1.382203e-02 -8.992782e-03 
 1.725000e+04  5.769910e+00 -1.428758e-02  1.390889e-02 -9.053932e-03 
 1.730000e+04  5.896431e+00 -1.437843e-02  1.399441e-02 -9.114299e-03 
 1.735000e+04  6.022951e+00 -1.446780e-02  1.407847e-02 -9.173744e-03 
 1.740000e+04  6.154785e+00 -1.455985e-02  1.416474e-02 -9.234861e-03 
 1.745000e+04  6.287631e+00 -1.465154e-02  1.425066e-02 -9.295705e-03 
 1.750000e+04  6.420477e+00 -1.474178e-02  1.433543e-02 -9.355653e-03 
 1.755000e+04  6.556113e+00 -1.483262e-02  1.442083e-02 -9.415962e-03 
 1.760000e+04  6.701599e+00 -1.492903e-02  1.451145e-02 -9.479879e-03 
 1.765000e+04  6.848062e+00 -1.502473e-02  1.460150e-02 -9.543406e-03 
 1.770000e+04  6.994525e+00 -1.511894e-02  1.469013e-02 -9.605894e-03 
 1.775000e+04  7.150347e+00 -1.521795e-02  1.478302e-02 -9.671431e-03 
 1.780000e+04  7.311822e+00 -1.531946e-02  1.487796e-02 -9.738571e-03 
 1.785000e+04  7.473297e+00 -1.541937e-02  1.497141e-02 -9.804714e-03 
 1.790000e+04  7.635903e+00 -1.551850e-02  1.506402e-02 -9.870245e-03 
 1.795000e+04  7.805452e+00 -1.562068e-02  1.515947e-02 -9.937707e-03 
 1.800000e+04  7.975001e+00 -1.572139e-02  1.525367e-02 -1.000426e-02 
 1.805000e+04  8.144550e+00 -1.582056e-02  1.534644e-02 -1.006974e-02 
 1.810000e+04  8.329876e+00 -1.592768e-02  1.544649e-02 -1.014034e-02 
 1.815000e+04  8.516804e+00 -1.603445e-02  1.554607e-02 -1.021070e-02 
 1.820000e+04  8.703732e+00 -1.613945e-02  1.564401e-02 -1.027996e-02 
 1.825000e+04  8.897688e+00 -1.624697e-02  1.574392e-02 -1.035065e-02 
 1.830000e+04  9.103776e+00 -1.635984e-02  1.584865e-02 -1.042481e-02 
 1.835000e+04  9.309864e+00 -1.647096e-02  1.595188e-02 -1.049792e-02 
 1.840000e+04  9.515952e+00 -1.658031e-02  1.605348e-02 -1.056980e-02 
 1.845000e+04  9.739506e+00 -1.669738e-02  1.616222e-02 -1.064662e-02 
 1.850000e+04  9.966718e+00 -1.681474e-02  1.627128e-02 -1.072363e-02 
 1.855000e+04  1.019393e+01 -1.693013e-02  1.637855e-02 -1.079937e-02 
 1.860000e+04  1.042943e+01 -1.704798e-02  1.648785e-02 -1.087659e-02 
 1.865000e+04  1.067994e+01 -1.717176e-02  1.660249e-02 -1.095763e-02 
 1.870000e+04  1.093044e+01 -1.729358e-02  1.671529e-02 -1.103744e-02 
 1.875000e+04  1.118119e+01 -1.741346e-02  1.682624e-02 -1.111590e-02 
 1.880000e+04  1.145211e+01 -1.754124e-02  1.694430e-02 -1.119942e-02 
 1.885000e+04  1.172828e+01 -1.766965e-02  1.706296e-02 -1.128328e-02 
 1.890000e+04  1.200446e+01 -1.779582e-02  1.717964e-02 -1.136562e-02 
 1.895000e+04  1.228754e+01 -1.792316e-02  1.729722e-02 -1.144862e-02 
 1.900000e+04  1.259174e+01 -1.805811e-02  1.742168e-02 -1.153659e-02 
 1.905000e+04  1.289622e+01 -1.819092e-02  1.754419e-02 -1.162320e-02 
 1.910000e+04  1.320071e+01 -1.832154e-02  1.766446e-02 -1.170818e-02 
 1.915000e+04  1.352748e+01 -1.845977e-02  1.779142e-02 -1.179796e-02 
 1.920000e+04  1.386318e+01 -1.859957e-02  1.791988e-02 -1.188878e-02 
 1.925000e+04  1.419888e+01 -1.873686e-02  1.804602e-02 -1.197789e-02 
 1.930000e+04  1.454397e+01 -1.887573e-02  1.817344e-02 -1.206787e-02 
 1.935000e+04  1.489645e+01 -1.901545e-02  1.830157e-02 -1.215843e-02 
 1.940000e+04  1.524893e+01 -1.915270e-02  1.842755e-02 -1.224744e-02 
 1.945000e+04  1.561507e+01 -1.929291e-02  1.855612e-02 -1.233818e-02 
 1.950000e+04  1.601573e+01 -1.944429e-02  1.869465e-02 -1.243601e-02 
 1.955000e+04  1.642377e+01 -1.959596e-02  1.883331e-02 -1.253397e-02 
 1.960000e+04  1.683181e+01 -1.974479e-02  1.896925e-02 -1.262995e-02 
 1.965000e+04  1.724760e+01 -1.989387e-02  1.910506e-02 -1.272593e-02 
 1.970000e+04  1.767604e+01 -2.004504e-02  1.924273e-02 -1.282327e-02 
 1.975000e+04  1.810448e+01 -2.019350e-02  1.937802e-02 -1.291886e-02 
 1.980000e+04  1.855619e+01 -2.034740e-02  1.951806e-02 -1.301780e-02 
 1.985000e+04  1.902855e+01 -2.050594e-02  1.966220e-02 -1.311961e-02 
 1.990000e+04  1.950091e+01 -2.066165e-02  1.980373e-02 -1.321957e-02 
 1.995000e+04  1.997657e+01 -2.081552e-02  1.994344e-02 -1.331814e-02 
 2.000000e+04  2.050644e+01 -2.098412e-02  2.009631e-02 -1.342602e-02 
 2.005000e+04  2.105326e+01 -2.115522e-02  2.025140e-02 -1.353556e-02 
 2.010000e+04  2.160007e+01 -2.132295e-02  2.040333e-02 -1.364288e-02 
 2.015000e+04  2.214688e+01 -2.148748e-02  2.055205e-02 -1.374798e-02 
 2.020000e+04  2.271885e+01 -2.165653e-02  2.070477e-02 -1.385590e-02 
 2.025000e+04  2.329300e+01 -2.182314e-02  2.085535e-02 -1.396215e-02 
 2.030000e+04  2.387577e+01 -2.198917e-02  2.100521e-02 -1.406781e-02 
 2.035000e+04  2.450696e+01 -2.216607e-02  2.116461e-02 -1.418033e-02 
 2.040000e+04  2.513997e+01 -2.234025e-02  2.132147e-02 -1.429114e-02 
 2.045000e+04  2.577297e+01 -2.251089e-02  2.147511e-02 -1.439952e-02 
 2.050000e+04  2.644554e+01 -2.268879e-02  2.163505e-02 -1.451236e-02 
 2.055000e+04  2.714343e+01 -2.287021e-02  2.179808e-02 -1.462745e-02 
 2.060000e+04  2.784131e+01 -2.304806e-02  2.195786e-02 -1.474022e-02 
 2.065000e+04  2.854478e+01 -2.322388e-02  2.211554e-02 -1.485143e-02 
 2.070000e+04  2.930175e+01 -2.340971e-02  2.228195e-02 -1.496888e-02 
 2.075000e+04  3.007117e+01 -2.359506e-02  2.244786e-02 -1.508600e-02 
 2.080000e+04  3.084059e+01 -2.377670e-02  2.261022e-02 -1.520058e-02 
 2.085000e+04  3.163771e+01 -2.396127e-02  2.277487e-02 -1.531688e-02 
 2.090000e+04  3.244560e+01 -2.414488e-02  2.293856e-02 -1.543256e-02 
 2.095000e+04  3.325349e+01 -2.432477e-02  2.309898e-02 -1.554580e-02 
 2.100000e+04  3.412453e+01 -2.451500e-02  2.326845e-02 -1.566538e-02 
 2.105000e+04  3.505976e+01 -2.471570e-02  2.344708e-02 -1.579153e-02 
 2.110000e+04  3.599500e+01 -2.491232e-02  2.362198e-02 -1.591504e-02 
 2.115000e+04  3.693023e+01 -2.510469e-02  2.379287e-02 -1.603564e-02 
 2.120000e+04  3.788885e+01 -2.529778e-02  2.396409e-02 -1.615660e-02 
 2.125000e+04  3.887085e+01 -2.549166e-02  2.413596e-02 -1.627808e-02 
 2.130000e+04  3.985775e+01 -2.568253e-02  2.430509e-02 -1.639760e-02 
 2.135000e+04  4.093216e+01 -2.588638e-02  2.448550e-02 -1.652507e-02 
 2.140000e+04  4.201481e+01 -2.608783e-02  2.466367e-02 -1.665099e-02 
 2.145000e+04  4.309746e+01 -2.628493e-02  2.483795e-02 -1.677410e-02 
 2.150000e+04  4.420307e+01 -2.648181e-02  2.501186e-02 -1.689690e-02 
 2.155000e+04  4.539669e+01 -2.669022e-02  2.519578e-02 -1.702687e-02 
 2.160000e+04  4.659031e+01 -2.689432e-02  2.537586e-02 -1.715422e-02 
 2.165000e+04  4.778394e+01 -2.709401e-02  2.555186e-02 -1.727869e-02 
 2.170000e+04  4.903062e+01 -2.729823e-02  2.573155e-02 -1.740583e-02 
 2.175000e+04  5.034659e+01 -2.750955e-02  2.591738e-02 -1.753732e-02 
 2.180000e+04  5.166256e+01 -2.771639e-02  2.609912e-02 -1.766589e-02 
 2.185000e+04  5.297853e+01 -2.791873e-02  2.627664e-02 -1.779156e-02 
 2.190000e+04  5.435240e+01 -2.812553e-02  2.645788e-02 -1.792000e-02 
 2.195000e+04  5.573417e+01 -2.832912e-02  2.663625e-02 -1.804643e-02 
 2.200000e+04  5.719919e+01 -2.854041e-02  2.682121e-02 -1.817753e-02 
 2.205000e+04  5.872259e+01 -2.875579e-02  2.700961e-02 -1.831115e-02 
 2.210000e+04  6.024599e+01 -2.896652e-02  2.719378e-02 -1.844185e-02 
 2.215000e+04  6.176939e+01 -2.917245e-02  2.737359e-02 -1.856948e-02 
 2.220000e+04  6.335525e+01 -2.938213e-02  2.755647e-02 -1.869935e-02 
 2.225000e+04  6.499001e+01 -2.959370e-02  2.774097e-02 -1.883044e-02 
 2.230000e+04  6.666955e+01 -2.980651e-02  2.792647e-02 -1.896228e-02 
 2.235000e+04  6.834910e+01 -3.001472e-02  2.810776e-02 -1.909125e-02 
 2.240000e+04  7.006560e+01 -3.022285e-02  2.828890e-02 -1.922019e-02 
 2.245000e+04  7.182913e+01 -3.043214e-02  2.847101e-02 -1.934980e-02 
 2.250000e+04  7.361734e+01 -3.063970e-02  2.865155e-02 -1.947830e-02 
 2.255000e+04  7.546904e+01 -3.085016e-02  2.883454e-02 -1.960860e-02 
 2.260000e+04  7.732075e+01 -3.105615e-02  2.901354e-02 -1.973623e-02 
 2.265000e+04  7.918541e+01 -3.125905e-02  2.918971e-02 -1.986193e-02 
 2.270000e+04  8.122302e+01 -3.147623e-02  2.937816e-02 -1.999644e-02 
 2.275000e+04  8.326452e+01 -3.168940e-02  2.956298e-02 -2.012847e-02 
 2.280000e+04  8.530602e+01 -3.189793e-02  2.974356e-02 -2.025762e-02 
 2.285000e+04  8.734957e+01 -3.210208e-02  2.992007e-02 -2.038399e-02 
 2.290000e+04  8.949314e+01 -3.231167e-02  3.010118e-02 -2.051373e-02 
 2.295000e+04  9.163672e+01 -3.251685e-02  3.027840e-02 -2.064081e-02 
 2.300000e+04  9.391824e+01 -3.273064e-02  3.046297e-02 -2.077325e-02 
 2.305000e+04  9.628153e+01 -3.294772e-02  3.065032e-02 -2.090778e-02 
 2.310000e+04  9.864482e+01 -3.316012e-02  3.083358e-02 -2.103951e-02 
 2.315000e+04  1.010081e+02 -3.336769e-02  3.101263e-02 -2.116827e-02 
 2.320000e+04  1.034069e+02 -3.357358e-02  3.119015e-02 -2.129601e-02 
 2.325000e+04  1.058883e+02 -3.378210e-02  3.136988e-02 -2.142545e-02 
 2.330000e+04  1.084517e+02 -3.399302e-02  3.155162e-02 -2.155645e-02 
 2.335000e+04  1.110572e+02 -3.420307e-02  3.173255e-02 -2.168700e-02 
 2.340000e+04  1.136627e+02 -3.440859e-02  3.190965e-02 -2.181485e-02 
 2.345000e+04  1.163178e+02 -3.461345e-02  3.208615e-02 -2.194233e-02 
 2.350000e+04  1.190536e+02 -3.482015e-02  3.226427e-02 -2.207101e-02 
 2.355000e+04  1.217894e+02 -3.502255e-02  3.243867e-02 -2.219711e-02 
 2.360000e+04  1.245252e+02 -3.522072e-02  3.260935e-02 -2.232066e-02 
 2.365000e+04  1.273048e+02 -3.541794e-02  3.277906e-02 -2.244368e-02 
 2.370000e+04  1.301774e+02 -3.561785e-02  3.295100e-02 -2.256844e-02 
 2.375000e+04  1.330500e+02 -3.581392e-02  3.311958e-02 -2.269086e-02 
 2.380000e+04  1.360576e+02 -3.601525e-02  3.329261e-02 -2.281658e-02 
 2.385000e+04  1.390738e+02 -3.621331e-02  3.346265e-02 -2.294030e-02 
 2.390000e+04  1.420900e+02 -3.640738e-02  3.362921e-02 -2.306166e-02 
 2.395000e+04  1.452088e+02 -3.660402e-02  3.379796e-02 -2.318474e-02 
 2.400000e+04  1.483758e+02 -3.679996e-02  3.396603e-02 -2.330743e-02 
 2.405000e+04  1.515429e+02 -3.699221e-02  3.413083e-02 -2.342784e-02 
 2.410000e+04  1.547099e+02 -3.718085e-02  3.429237e-02 -2.354604e-02 
 2.415000e+04  1.578865e+02 -3.736649e-02  3.445123e-02 -2.366245e-02 
 2.420000e+04  1.612118e+02 -3.755724e-02  3.461453e-02 -2.378219e-02 
 2.425000e+04  1.645372e+02 -3.774449e-02  3.477492e-02 -2.389979e-02 
 2.430000e+04  1.678626e+02 -3.792827e-02  3.493242e-02 -2.401535e-02 
 2.435000e+04  1.712978e+02 -3.811459e-02  3.509229e-02 -2.413272e-02 
 2.440000e+04  1.747894e+02 -3.830056e-02  3.525208e-02 -2.425001e-02 
 2.445000e+04  1.782811e+02 -3.848316e-02  3.540901e-02 -2.436530e-02 
 2.450000e+04  1.817727e+02 -3.866254e-02  3.556313e-02 -2.447865e-02 
 2.455000e+04  1.852644e+02 -3.883879e-02  3.571449e-02 -2.459009e-02 
 2.460000e+04  1.887561e+02 -3.901204e-02  3.586322e-02 -2.469971e-02 
 2.465000e+04  1.922477e+02 -3.918243e-02  3.600947e-02 -2.480758e-02 
 2.470000e+04  1.957603e+02 -3.935113e-02  3.615425e-02 -2.491443e-02 
 2.475000e+04  1.994266e+02 -3.952454e-02  3.630309e-02 -2.502438e-02 
 2.480000e+04  2.030928e+02 -3.969531e-02  3.644960e-02 -2.513271e-02 
 2.485000e+04  2.067591e+02 -3.986341e-02  3.659375e-02 -2.523946e-02 
 2.490000e+04  2.104253e+02 -4.002892e-02  3.673568e-02 -2.534467e-02 
 2.495000e+04  2.140915e+02 -4.019189e-02  3.687543e-02 -2.544832e-02 
 2.500000e+04  2.177578e+02 -4.035241e-02  3.701307e-02 -2.555047e-02 
 2.505000e+04  2.215303e+02 -4.051518e-02  3.715260e-02 -2.565417e-02 
 2.510000e+04  2.253799e+02 -4.067901e-02  3.729302e-02 -2.575861e-02 
 2.515000e+04  2.292295e+02 -4.084061e-02  3.743139e-02 -2.586169e-02 
 2.520000e+04  2.330790e+02 -4.099992e-02  3.756784e-02 -2.596343e-02 
 2.525000e+04  2.369286e+02 -4.115697e-02  3.770239e-02 -2.606382e-02 
 2.530000e+04  2.407781e+02 -4.131176e-02  3.783513e-02 -2.616291e-02 
 2.535000e+04  2.446277e+02 -4.146441e-02  3.796614e-02 -2.626076e-02 
 2.540000e+04  2.484772e+02 -4.161505e-02  3.809551e-02 -2.635741e-02 
 2.545000e+04  2.524731e+02 -4.176946e-02  3.822814e-02 -2.645657e-02 
 2.550000e+04  2.565151e+02 -4.192384e-02  3.836068e-02 -2.655572e-02 
 2.555000e+04  2.605571e+02 -4.207628e-02  3.849157e-02 -2.665373e-02 
 2.560000e+04  2.645992e+02 -4.222690e-02  3.862084e-02 -2.675065e-02 
 2.565000e+04  2.686412e+02 -4.237569e-02  3.874859e-02 -2.684651e-02 
 2.570000e+04  2.726832e+02 -4.252266e-02  3.887488e-02 -2.694128e-02 
 2.575000e+04  2.769357e+02 -4.267553e-02  3.900630e-02 -2.703997e-02 
 2.580000e+04  2.813920e+02 -4.283416e-02  3.914269e-02 -2.714250e-02 
 2.585000e+04  2.858483e+02 -4.299115e-02  3.927763e-02 -2.724407e-02 
 2.590000e+04  2.903047e+02 -4.314641e-02  3.941104e-02 -2.734466e-02 
 2.595000e+04  2.947610e+02 -4.329994e-02  3.954290e-02 -2.744429e-02 
 2.600000e+04  2.992174e+02 -4.345174e-02  3.967331e-02 -2.754298e-02 
 2.605000e+04  3.036737e+02 -4.360192e-02  3.980239e-02 -2.764074e-02 
 2.610000e+04  3.081924e+02 -4.375273e-02  3.993213e-02 -2.773905e-02 
 2.615000e+04  3.128716e+02 -4.390753e-02  4.006539e-02 -2.784011e-02 
 2.620000e+04  3.175508e+02 -4.406083e-02  4.019742e-02 -2.794038e-02 
 2.625000e+04  3.222299e+02 -4.421266e-02  4.032818e-02 -2.803926e-02 
 2.630000e+04  3.269091e+02 -4.436313e-02  4.045741e-02 -2.813690e-02 
 2.635000e+04  3.315882e+02 -4.451233e-02  4.058488e-02 -2.823418e-02 
 2.640000e+04  3.362674e+02 -4.465930e-02  4.071158e-02 -2.833135e-02 
 2.645000e+04  3.409465e+02 -4.480525e-02  4.083775e-02 -2.842816e-02 
 2.650000e+04  3.456257e+02 -4.495066e-02  4.096330e-02 -2.852451e-02 
 2.655000e+04  3.503049e+02 -4.509516e-02  4.108794e-02 -2.861999e-02 
 2.660000e+04  3.549840e+02 -4.523820e-02  4.121168e-02 -2.871481e-02 
 2.665000e+04  3.596632e+02 -4.538008e-02  4.133429e-02 -2.880882e-02 
 2.670000e+04  3.643423e+02 -4.552106e-02  4.145579e-02 -2.890203e-02 
 2.675000e+04  3.690215e+02 -4.566034e-02  4.157625e-02 -2.899468e-02 
 2.680000e+04  3.737007e+02 -4.579851e-02  4.169591e-02 -2.908705e-02 
 2.685000e+04  3.783798e+02 -4.593545e-02  4.181481e-02 -2.917901e-02 
 2.690000e+04  3.830590e+02 -4.607123e-02  4.193315e-02 -2.927055e-02 
 2.695000e+04  3.877381e+02 -4.620551e-02  4.205090e-02 -2.936151e-02 
 2.700000e+04  3.924173e+02 -4.633922e-02  4.216812e-02 -2.945173e-02 
 2.705000e+04  3.970964e+02 -4.647235e-02  4.228479e-02 -2.954091e-02 
 2.710000e+04  4.017756e+02 -4.660525e-02  4.240072e-02 -2.962880e-02 
 2.715000e+04  4.064548e+02 -4.673679e-02  4.251570e-02 -2.971635e-02 
 2.720000e+04  4.111339e+02 -4.686785e-02  4.262981e-02 -2.980456e-02 
 2.725000e+04  4.158131e+02 -4.699901e-02  4.274334e-02 -2.989274e-02 
 2.730000e+04  4.204922e+02 -4.712971e-02  4.285650e-02 -2.998023e-02 
 2.735000e+04  4.251714e+02 -4.726075e-02  4.296967e-02 -3.006746e-02 
 2.740000e+04  4.298506e+02 -4.739181e-02  4.308257e-02 -3.015415e-02 
 2.745000e+04  4.345297e+02 -4.752269e-02  4.319447e-02 -3.023958e-02 
 2.750000e+04  4.392089e+02 -4.765265e-02  4.330539e-02 -3.032521e-02 
 2.755000e+04  4.438880e+02 -4.778111e-02  4.341497e-02 -3.041032e-02 
 2.760000e+04  4.485672e+02 -4.790869e-02  4.352278e-02 -3.049465e-02 
 2.765000e+04  4.532464e+02 -4.803527e-02  4.362921e-02 -3.057827e-02 
 2.770000e+04  4.579255e+02 -4.816133e-02  4.373547e-02 -3.066076e-02 
 2.775000e+04  4.626047e+02 -4.828723e-02  4.384179e-02 -3.074296e-02 
 2.780000e+04  4.672838e+02 -4.841307e-02  4.394871e-02 -3.082556e-02 
 2.785000e+04  4.719630e+02 -4.853793e-02  4.405662e-02 -3.090794e-02 
 2.790000e+04  4.766421e+02 -4.866162e-02  4.416503e-02 -3.099011e-02 
 2.795000e+04  4.813213e+02 -4.878500e-02  4.427361e-02 -3.107242e-02 
 2.800000e+04  4.860005e+02 -4.890785e-02  4.438174e-02 -3.115448e-02 
 2.805000e+04  4.906796e+02 -4.902924e-02  4.448880e-02 -3.123593e-02 
 2.810000e+04  4.953588e+02 -4.915027e-02  4.459487e-02 -3.131671e-02 
 2.815000e+04  5.000379e+02 -4.927060e-02  4.469964e-02 -3.139668e-02 
 2.820000e+04  5.047171e+02 -4.938989e-02  4.480292e-02 -3.147654e-02 
 2.825000e+04  5.093963e+02 -4.950912e-02  4.490583e-02 -3.155599e-02 
 2.830000e+04  5.140754e+02 -4.962747e-02  4.500799e-02 -3.163536e-02 
 2.835000e+04  5.187546e+02 -4.974608e-02  4.511052e-02 -3.171431e-02 
 2.840000e+04  5.234337e+02 -4.986451e-02  4.521385e-02 -3.179251e-02 
 2.845000e+04  5.281129e+02 -4.998303e-02  4.531729e-02 -3.187062e-02 
 2.850000e+04  5.327920e+02 -5.010134e-02  4.542027e-02 -3.194855e-02 
 2.855000e+04  5.374712e+02 -5.021839e-02  4.552211e-02 -3.202641e-02 
 2.860000e+04  5.421504e+02 -5.033428e-02  4.562352e-02 -3.210345e-02 
 2.865000e+04  5.468295e+02 -5.045021e-02  4.572352e-02 -3.218076e-02 
 2.870000e+04  5.515087e+02 -5.056648e-02  4.582274e-02 -3.225834e-02 
 2.875000e+04  5.563376e+02 -5.068642e-02  4.592521e-02 -3.233817e-02 
 2.880000e+04  5.612507e+02 -5.080764e-02  4.602997e-02 -3.241873e-02 
 2.885000e+04  5.661638e+02 -5.092713e-02  4.613503e-02 -3.249890e-02 
 2.890000e+04  5.712047e+02 -5.104907e-02  4.624261e-02 -3.258082e-02 
 2.895000e+04  5.763634e+02 -5.117389e-02  4.635184e-02 -3.266435e-02 
 2.900000e+04  5.816254e+02 -5.130038e-02  4.646304e-02 -3.274946e-02 
 2.905000e+04  5.870421e+02 -5.142878e-02  4.657691e-02 -3.283683e-02 
 2.910000e+04  5.924805e+02 -5.155776e-02  4.669082e-02 -3.292439e-02 
 2.915000e+04  5.981680e+02 -5.169203e-02  4.681000e-02 -3.301563e-02 
 2.920000e+04  6.038556e+02 -5.182539e-02  4.692790e-02 -3.310598e-02 
 2.925000e+04  6.095431e+02 -5.195765e-02  4.704378e-02 -3.319568e-02 
 2.930000e+04  6.152307e+02 -5.208963e-02  4.715874e-02 -3.328519e-02 
 2.935000e+04  6.209182e+02 -5.222161e-02  4.727447e-02 -3.337479e-02 
 2.940000e+04  6.266057e+02 -5.235267e-02  4.738935e-02 -3.346351e-02 
 2.945000e+04  6.322933e+02 -5.248326e-02  4.750370e-02 -3.355229e-02 
 2.950000e+04  6.379808e+02 -5.261442e-02  4.761834e-02 -3.364149e-02 
 2.955000e+04  6.438447e+02 -5.274984e-02  4.773651e-02 -3.373374e-02 
 2.960000e+04  6.500854e+02 -5.289367e-02  4.786085e-02 -3.383142e-02 
 2.965000e+04  6.566694e+02 -5.304491e-02  4.799172e-02 -3.393366e-02 
 2.970000e+04  6.632535e+02 -5.319473e-02  4.812261e-02 -3.403477e-02 
 2.975000e+04  6.698375e+02 -5.334351e-02  4.825226e-02 -3.413533e-02 
 2.980000e+04  6.764215e+02 -5.349159e-02  4.838130e-02 -3.423592e-02 
 2.985000e+04  6.830056e+02 -5.363862e-02  4.850922e-02 -3.433666e-02 
 2.990000e+04  6.895896e+02 -5.378467e-02  4.863650e-02 -3.443699e-02 
 2.995000e+04  6.961737e+02 -5.393069e-02  4.876373e-02 -3.453697e-02 
 3.000000e+04  7.027577e+02 -5.407698e-02  4.889131e-02 -3.463592e-02 
 3.005000e+04  7.093418e+02 -5.422276e-02  4.901851e-02 -3.473444e-02 
 3.010000e+04  7.159258e+02 -5.436778e-02  4.914531e-02 -3.483292e-02 
 3.015000e+04  7.225099e+02 -5.451138e-02  4.927174e-02 -3.493169e-02 
 3.020000e+04  7.290939e+02 -5.465429e-02  4.939805e-02 -3.503047e-02 
 3.025000e+04  7.356780e+02 -5.479616e-02  4.952459e-02 -3.512857e-02 
 3.030000e+04  7.425912e+02 -5.494450e-02  4.965717e-02 -3.523101e-02 
 3.035000e+04  7.498501e+02 -5.509989e-02  4.979606e-02 -3.533804e-02 
 3.040000e+04  7.571090e+02 -5.525469e-02  4.993439e-02 -3.544426e-02 
 3.045000e+04  7.643679e+02 -5.540959e-02  5.007148e-02 -3.554987e-02 
 3.050000e+04  7.716269e+02 -5.556425e-02  5.020816e-02 -3.565534e-02 
 3.055000e+04  7.788858e+02 -5.571786e-02  5.034342e-02 -3.576073e-02 
 3.060000e+04  7.861447e+02 -5.587066e-02  5.047785e-02 -3.586609e-02 
 3.065000e+04  7.934036e+02 -5.602356e-02  5.061157e-02 -3.597125e-02 
 3.070000e+04  8.006625e+02 -5.617622e-02  5.074463e-02 -3.607599e-02 
 3.075000e+04  8.079214e+02 -5.632777e-02  5.087723e-02 -3.618035e-02 
 3.080000e+04  8.155360e+02 -5.648675e-02  5.101635e-02 -3.628894e-02 
 3.085000e+04  8.240263e+02 -5.666435e-02  5.117141e-02 -3.640928e-02 
 3.090000e+04  8.328496e+02 -5.684897e-02  5.133226e-02 -3.653416e-02 
 3.095000e+04  8.416728e+02 -5.703188e-02  5.149262e-02 -3.665852e-02 
 3.100000e+04  8.504961e+02 -5.721315e-02  5.165260e-02 -3.678303e-02 
 3.105000e+04  8.593193e+02 -5.739248e-02  5.181132e-02 -3.690746e-02 
 3.110000e+04  8.681426e+02 -5.757119e-02  5.196796e-02 -3.703107e-02 
 3.115000e+04  8.769658e+02 -5.775005e-02  5.212300e-02 -3.715375e-02 
 3.120000e+04  8.857891e+02 -5.792849e-02  5.227845e-02 -3.727595e-02 
 3.125000e+04  8.946123e+02 -5.810668e-02  5.243487e-02 -3.739781e-02 
 3.130000e+04  9.034356e+02 -5.828460e-02  5.259174e-02 -3.751952e-02 
 3.135000e+04  9.122588e+02 -5.846172e-02  5.274872e-02 -3.764106e-02 
 3.140000e+04  9.210821e+02 -5.863795e-02  5.290489e-02 -3.776225e-02 
 3.145000e+04  9.299053e+02 -5.881343e-02  5.305958e-02 -3.788316e-02 
 3.150000e+04  9.387286e+02 -5.898775e-02  5.321407e-02 -3.800359e-02 
 3.155000e+04  9.477385e+02 -5.916398e-02  5.337161e-02 -3.812618e-02 
 3.160000e+04  9.574661e+02 -5.935440e-02  5.354131e-02 -3.825824e-02 
 3.165000e+04  9.671937e+02 -5.954551e-02  5.371044e-02 -3.839018e-02 
 3.170000e+04  9.769214e+02 -5.973714e-02  5.387801e-02 -3.852144e-02 
 3.175000e+04  9.866490e+02 -5.992890e-02  5.404327e-02 -3.865210e-02 
 3.180000e+04  9.963766e+02 -6.011989e-02  5.420731e-02 -3.878267e-02 
 3.185000e+04  1.006104e+03 -6.030955e-02  5.437068e-02 -3.891320e-02 
 3.190000e+04  1.015832e+03 -6.049839e-02  5.453443e-02 -3.904333e-02 
 3.195000e+04  1.025560e+03 -6.068719e-02  5.469863e-02 -3.917294e-02 
 3.200000e+04  1.035287e+03 -6.087583e-02  5.486324e-02 -3.930229e-02 
 3.205000e+04  1.045992e+03 -6.108303e-02  5.504438e-02 -3.944437e-02 
 3.210000e+04  1.057253e+03 -6.130038e-02  5.523374e-02 -3.959359e-02 
 3.215000e+04  1.068514e+03 -6.151683e-02  5.542242e-02 -3.974243e-02 
 3.220000e+04  1.079775e+03 -6.173070e-02  5.561079e-02 -3.989037e-02 
 3.225000e+04  1.091274e+03 -6.194896e-02  5.580273e-02 -4.004078e-02 
 3.230000e+04  1.102848e+03 -6.216805e-02  5.599563e-02 -4.019199e-02 
 3.235000e+04  1.114422e+03 -6.238638e-02  5.618817e-02 -4.034273e-02 
 3.240000e+04  1.125996e+03 -6.260296e-02  5.638032e-02 -4.049278e-02 
 3.245000e+04  1.137570e+03 -6.281878e-02  5.657183e-02 -4.064234e-02 
 3.250000e+04  1.149144e+03 -6.303368e-02  5.676176e-02 -4.079141e-02 
 3.255000e+04  1.160718e+03 -6.324783e-02  5.695067e-02 -4.094027e-02 
 3.260000e+04  1.172292e+03 -6.346140e-02  5.713903e-02 -4.108891e-02 
 3.265000e+04  1.183866e+03 -6.367466e-02  5.732725e-02 -4.123692e-02 
 3.270000e+04  1.195440e+03 -6.388843e-02  5.751558e-02 -4.138423e-02 
 3.275000e+04  1.207014e+03 -6.410265e-02  5.770423e-02 -4.153152e-02 
 3.280000e+04  1.218588e+03 -6.431712e-02  5.789284e-02 -4.167859e-02 
 3.285000e+04  1.230163e+03 -6.453110e-02  5.808057e-02 -4.182530e-02 
 3.290000e+04  1.241737e+03 -6.474358e-02  5.826760e-02 -4.197169e-02 
 3.295000e+04  1.253311e+03 -6.495504e-02  5.845431e-02 -4.211794e-02 
 3.300000e+04  1.264885e+03 -6.516507e-02  5.864066e-02 -4.226408e-02 
 3.305000e+04  1.276459e+03 -6.537387e-02  5.882642e-02 -4.240972e-02 
 3.310000e+04  1.288033e+03 -6.558224e-02  5.900996e-02 -4.255446e-02 
 3.315000e+04  1.299607e+03 -6.579075e-02  5.919193e-02 -4.269846e-02 
 3.320000e+04  1.311181e+03 -6.599831e-02  5.937265e-02 -4.284221e-02 
 3.325000e+04  1.322755e+03 -6.620438e-02  5.955350e-02 -4.298594e-02 
 3.330000e+04  1.334329e+03 -6.641043e-02  5.973439e-02 -4.312941e-02 
 3.335000e+04  1.345903e+03 -6.661647e-02  5.991555e-02 -4.327289e-02 
 3.340000e+04  1.357477e+03 -6.682202e-02  6.009708e-02 -4.341611e-02 
 3.345000e+04  1.369051e+03 -6.702654e-02  6.027867e-02 -4.355909e-02 
 3.350000e+04  1.380626e+03 -6.723049e-02  6.045871e-02 -4.370194e-02 
 3.355000e+04  1.392200e+03 -6.743336e-02  6.063774e-02 -4.384456e-02 
 3.360000e+04  1.403774e+03 -6.763519e-02  6.081657e-02 -4.398673e-02 
 3.365000e+04  1.415348e+03 -6.783592e-02  6.099510e-02 -4.412876e-02 
 3.370000e+04  1.426922e+03 -6.803602e-02  6.117204e-02 -4.427091e-02 
 3.375000e+04  1.438496e+03 -6.823663e-02  6.134742e-02 -4.441251e-02 
 3.380000e+04  1.450070e+03 -6.843781e-02  6.152213e-02 -4.455327e-02 
 3.385000e+04  1.461644e+03 -6.863896e-02  6.169733e-02 -4.469355e-02 
 3.390000e+04  1.473218e+03 -6.883944e-02  6.187319e-02 -4.483344e-02 
 3.395000e+04  1.484792e+03 -6.903910e-02  6.204940e-02 -4.497297e-02 
 3.400000e+04  1.496366e+03 -6.923803e-02  6.222550e-02 -4.511269e-02 
 3.405000e+04  1.507940e+03 -6.943649e-02  6.240110e-02 -4.525271e-02 
 3.410000e+04  1.519514e+03 -6.963479e-02  6.257635e-02 -4.539284e-02 
 3.415000e+04  1.531088e+03 -6.983307e-02  6.275135e-02 -4.553253e-02 
 3.420000e+04  1.542663e+03 -7.003078e-02  6.292594e-02 -4.567148e-02 
 3.425000e+04  1.554237e+03 -7.022716e-02  6.309996e-02 -4.581006e-02 
 3.430000e+04  1.565811e+03 -7.042346e-02  6.327369e-02 -4.594864e-02 
 3.435000e+04  1.577385e+03 -7.061965e-02  6.344667e-02 -4.608709e-02 
 3.440000e+04  1.588959e+03 -7.081567e-02  6.361787e-02 -4.622506e-02 
 3.445000e+04  1.600533e+03 -7.101125e-02  6.378854e-02 -4.636260e-02 
 3.450000e+04  1.612107e+03 -7.120612e-02  6.395942e-02 -4.649966e-02 
 3.455000e+04  1.623681e+03 -7.140063e-02  6.413012e-02 -4.663601e-02 
 3.460000e+04  1.635255e+03 -7.159472e-02  6.429999e-02 -4.677223e-02 
 3.465000e+04  1.646829e+03 -7.178778e-02  6.446952e-02 -4.690833e-02 
 3.470000e+04  1.658403e+03 -7.197824e-02  6.463837e-02 -4.704406e-02 
 3.475000e+04  1.669977e+03 -7.216770e-02  6.480635e-02 -4.717923e-02 
 3.480000e+04  1.681551e+03 -7.235787e-02  6.497421e-02 -4.731397e-02 
 3.485000e+04  1.693126e+03 -7.254838e-02  6.514228e-02 -4.744815e-02 
 3.490000e+04  1.704700e+03 -7.273810e-02  6.531033e-02 -4.758203e-02 
 3.495000e+04  1.716274e+03 -7.292758e-02  6.547874e-02 -4.771554e-02 
 3.500000e+04  1.727848e+03 -7.311608e-02  6.564722e-02 -4.784916e-02 
 3.505000e+04  1.739422e+03 -7.330365e-02  6.581558e-02 -4.798271e-02 
 3.510000e+04  1.750996e+03 -7.349001e-02  6.598353e-02 -4.811601e-02 
 3.515000e+04  1.762570e+03 -7.367628e-02  6.615129e-02 -4.824894e-02 
 3.520000e+04  1.774144e+03 -7.386283e-02  6.631917e-02 -4.838175e-02 
 3.525000e+04  1.785718e+03 -7.404956e-02  6.648721e-02 -4.851443e-02 
 3.530000e+04  1.797292e+03 -7.423645e-02  6.665520e-02 -4.864692e-02 
 3.535000e+04  1.808866e+03 -7.442344e-02  6.682296e-02 -4.877933e-02 
 3.540000e+04  1.820440e+03 -7.461020e-02  6.699022e-02 -4.891160e-02 
 3.545000e+04  1.832014e+03 -7.479651e-02  6.715668e-02 -4.904309e-02 
 3.550000e+04  1.843588e+03 -7.498272e-02  6.732261e-02 -4.917413e-02 
 3.555000e+04  1.855163e+03 -7.516883e-02  6.748762e-02 -4.930537e-02 
 3.560000e+04  1.866737e+03 -7.535470e-02  6.765200e-02 -4.943668e-02 
 3.565000e+04  1.878311e+03 -7.554017e-02  6.781641e-02 -4.956773e-02 
 3.570000e+04  1.889885e+03 -7.572476e-02  6.798117e-02 -4.969843e-02 
 3.575000e+04  1.901459e+03 -7.590963e-02  6.814630e-02 -4.982861e-02 
 3.580000e+04  1.913033e+03 -7.609430e-02  6.831143e-02 -4.995879e-02 
 3.585000e+04  1.924607e+03 -7.627897e-02  6.847655e-02 -5.008895e-02 
 3.590000e+04  1.936181e+03 -7.646334e-02  6.864158e-02 -5.021922e-02 
 3.595000e+04  1.947755e+03 -7.664715e-02  6.880658e-02 -5.034936e-02 
 3.600000e+04  1.959329e+03 -7.683029e-02  6.897072e-02 -5.047933e-02 
 3.605000e+04  1.970903e+03 -7.701310e-02  6.913387e-02 -5.060866e-02 
 3.610000e+04  1.982477e+03 -7.719519e-02  6.929702e-02 -5.073757e-02 
 3.615000e+04  1.994051e+03 -7.737704e-02  6.946048e-02 -5.086641e-02 
 3.620000e+04  2.005626e+03 -7.755919e-02  6.962380e-02 -5.099531e-02 
 3.625000e+04  2.017200e+03 -7.774155e-02  6.978631e-02 -5.112421e-02 
 3.630000e+04  2.028774e+03 -7.792424e-02  6.994849e-02 -5.125276e-02 
 3.635000e+04  2.040348e+03 -7.810714e-02  7.011072e-02 -5.138138e-02 
 3.640000e+04  2.051922e+03 -7.828995e-02  7.027313e-02 -5.150937e-02 
 3.645000e+04  2.063496e+03 -7.847271e-02  7.043531e-02 -5.163701e-02 
 3.650000e+04  2.075070e+03 -7.865528e-02  7.059671e-02 -5.176476e-02 
 3.655000e+04  2.086644e+03 -7.883769e-02  7.075764e-02 -5.189239e-02 
 3.660000e+04  2.098218e+03 -7.902028e-02  7.091736e-02 -5.202014e-02 
 3.665000e+04  2.109792e+03 -7.920314e-02  7.107697e-02 -5.214780e-02 
 3.670000e+04  2.121366e+03 -7.938616e-02  7.123668e-02 -5.227524e-02 
 3.675000e+04  2.132940e+03 -7.956881e-02  7.139682e-02 -5.240244e-02 
 3.680000e+04  2.144514e+03 -7.975061e-02  7.155735e-02 -5.252953e-02 
 3.685000e+04  2.156088e+03 -7.993158e-02  7.171794e-02 -5.265601e-02 
 3.690000e+04  2.167663e+03 -8.011232e-02  7.187821e-02 -5.278134e-02 
 3.695000e+04  2.179237e+03 -8.029267e-02  7.203836e-02 -5.290695e-02 
 3.700000e+04  2.190811e+03 -8.047264e-02  7.219862e-02 -5.303297e-02 
 3.705000e+04  2.202385e+03 -8.065208e-02  7.235871e-02 -5.315917e-02 
 3.710000e+04  2.213959e+03 -8.083108e-02  7.251840e-02 -5.328517e-02 
 3.715000e+04  2.225533e+03 -8.100921e-02  7.267723e-02 -5.341077e-02 
 3.720000e+04  2.237107e+03 -8.118679e-02  7.283556e-02 -5.353610e-02 
 3.725000e+04  2.248681e+03 -8.136425e-02  7.299391e-02 -5.366088e-02 
 3.730000e+04  2.260255e+03 -8.154149e-02  7.315239e-02 -5.378516e-02 
 3.735000e+04  2.271829e+03 -8.171834e-02  7.331097e-02 -5.390922e-02 
 3.740000e+04  2.283403e+03 -8.189512e-02  7.346917e-02 -5.403303e-02 
 3.745000e+04  2.294977e+03 -8.207039e-02  7.362681e-02 -5.415696e-02 
 3.750000e+04  2.306551e+03 -8.224538e-02  7.378369e-02 -5.428059e-02 
 3.755000e+04  2.318126e+03 -8.242049e-02  7.394005e-02 -5.440409e-02 
 3.760000e+04  2.329700e+03 -8.259545e-02  7.409614e-02 -5.452744e-02 
 3.765000e+04  2.341274e+03 -8.277076e-02  7.425194e-02 -5.465070e-02 
 3.770000e+04  2.352848e+03 -8.294624e-02  7.440707e-02 -5.477401e-02 
 3.775000e+04  2.364422e+03 -8.312179e-02  7.456158e-02 -5.489716e-02 
 3.780000e+04  2.375996e+03 -8.329712e-02  7.471604e-02 -5.501986e-02 
 3.785000e+04  2.387570e+03 -8.347208e-02  7.487064e-02 -5.514203e-02 
 3.790000e+04  2.399144e+03 -8.364671e-02  7.502531e-02 -5.526415e-02 
 3.795000e+04  2.410718e+03 -8.382115e-02  7.517991e-02 -5.538643e-02 
 3.800000e+04  2.422292e+03 -8.399567e-02  7.533433e-02 -5.550883e-02 
 3.805000e+04  2.433866e+03 -8.417010e-02  7.548858e-02 -5.563132e-02 
 3.810000e+04  2.445440e+03 -8.434430e-02  7.564257e-02 -5.575384e-02 
 3.815000e+04  2.457014e+03 -8.451812e-02  7.579650e-02 -5.587616e-02 
 3.820000e+04  2.468588e+03 -8.469146e-02  7.595050e-02 -5.599797e-02 
 3.825000e+04  2.480163e+03 -8.486388e-02  7.610455e-02 -5.611947e-02 
 3.830000e+04  2.491737e+03 -8.503609e-02  7.625861e-02 -5.624078e-02 
 3.835000e+04  2.503311e+03 -8.520823e-02  7.641228e-02 -5.636213e-02 
 3.840000e+04  2.514885e+03 -8.538023e-02  7.656587e-02 -5.648347e-02 
 3.845000e+04  2.526459e+03 -8.555189e-02  7.671956e-02 -5.660493e-02 
 3.850000e+04  2.538033e+03 -8.572310e-02  7.687350e-02 -5.672639e-02 
 3.855000e+04  2.549607e+03 -8.589383e-02  7.702764e-02 -5.684754e-02 
 3.860000e+04  2.561181e+03 -8.606364e-02  7.718155e-02 -5.696809e-02 
 3.865000e+04  2.572755e+03 -8.623321e-02  7.733522e-02 -5.708853e-02 
 3.870000e+04  2.584329e+03 -8.640286e-02  7.748881e-02 -5.720898e-02 
 3.875000e+04  2.595903e+03 -8.657258e-02  7.764231e-02 -5.732926e-02 
 3.880000e+04  2.607477e+03 -8.674226e-02  7.779570e-02 -5.744926e-02 
 3.885000e+04  2.619051e+03 -8.691175e-02  7.794879e-02 -5.756937e-02 
 3.890000e+04  2.630626e+03 -8.708102e-02  7.810170e-02 -5.768957e-02 
 3.895000e+04  2.642200e+03 -8.724986e-02  7.825454e-02 -5.780964e-02 
 3.900000e+04  2.653774e+03 -8.741829e-02  7.840731e-02 -5.792939e-02 
 3.905000e+04  2.665348e+03 -8.758626e-02  7.856012e-02 -5.804879e-02 
 3.910000e+04  2.676922e+03 -8.775356e-02  7.871285e-02 -5.816769e-02 
 3.915000e+04  2.688496e+03 -8.792003e-02  7.886547e-02 -5.828605e-02 
 3.920000e+04  2.700070e+03 -8.808559e-02  7.901804e-02 -5.840402e-02 
 3.925000e+04  2.711644e+03 -8.825003e-02  7.917031e-02 -5.852175e-02 
 3.930000e+04  2.723218e+03 -8.841336e-02  7.932166e-02 -5.863953e-02 
 3.935000e+04  2.734792e+03 -8.857639e-02  7.947290e-02 -5.875726e-02 
 3.940000e+04  2.746366e+03 -8.873874e-02  7.962438e-02 -5.887492e-02 
 3.945000e+04  2.757940e+03 -8.890076e-02  7.977578e-02 -5.899241e-02 
 3.950000e+04  2.769514e+03 -8.906245e-02  7.992753e-02 -5.910960e-02 
 3.955000e+04  2.781088e+03 -8.922412e-02  8.007963e-02 -5.922659e-02 
 3.960000e+04  2.792663e+03 -8.938593e-02  8.023208e-02 -5.934324e-02 
 3.965000e+04  2.804237e+03 -8.954802e-02  8.038451e-02 -5.945960e-02 
 3.970000e+04  2.815811e+03 -8.971045e-02  8.053653e-02 -5.957600e-02 
 3.975000e+04  2.827385e+03 -8.987311e-02  8.068791e-02 -5.969256e-02 
 3.980000e+04  2.838959e+03 -9.003626e-02  8.083838e-02 -5.980923e-02 
 3.985000e+04  2.850533e+03 -9.020001e-02  8.098794e-02 -5.992584e-02 
 3.990000e+04  2.862107e+03 -9.036438e-02  8.113645e-02 -6.004245e-02 
 3.995000e+04  2.873681e+03 -9.052913e-02  8.128447e-02 -6.015884e-02 
 4.000000e+04  2.885255e+03 -9.069417e-02  8.143244e-02 -6.027494e-02 
 4.005000e+04  2.896829e+03 -9.085941e-02  8.158038e-02 -6.039093e-02 
 4.010000e+04  2.908403e+03 -9.102503e-02  8.172830e-02 -6.050675e-02 
 4.015000e+04  2.919977e+03 -9.119070e-02  8.187611e-02 -6.062246e-02 
 4.020000e+04  2.931551e+03 -9.135574e-02  8.202370e-02 -6.073791e-02 
 4.025000e+04  2.943126e+03 -9.151990e-02  8.217097e-02 -6.085322e-02 
 4.030000e+04  2.954700e+03 -9.168325e-02  8.231814e-02 -6.096871e-02 
 4.035000e+04  2.966274e+03 -9.184632e-02  8.246537e-02 -6.108420e-02 
 4.040000e+04  2.977848e+03 -9.200920e-02  8.261255e-02 -6.119922e-02 
 4.045000e+04  2.989422e+03 -9.217165e-02  8.275991e-02 -6.131408e-02 
 4.050000e+04  3.000996e+03 -9.233382e-02  8.290734e-02 -6.142892e-02 
 4.055000e+04  3.012570e+03 -9.249561e-02  8.305493e-02 -6.154369e-02 
 4.060000e+04  3.024144e+03 -9.265685e-02  8.320257e-02 -6.165815e-02 
 4.065000e+04  3.030903e+03 -9.275079e-02  8.328874e-02 -6.172476e-02 
 4.070000e+04  3.033218e+03 -9.278294e-02  8.331822e-02 -6.174762e-02 
 4.075000e+04  3.035533e+03 -9.281539e-02  8.334774e-02 -6.177087e-02 
 4.080000e+04  3.037848e+03 -9.284837e-02  8.337689e-02 -6.179389e-02 
 4.085000e+04  3.040163e+03 -9.288119e-02  8.340496e-02 -6.181669e-02 
 4.090000e+04  3.042477e+03 -9.291420e-02  8.343291e-02 -6.183932e-02 
 4.095000e+04  3.044792e+03 -9.294770e-02  8.346116e-02 -6.186232e-02 
 4.100000e+04  3.047107e+03 -9.298155e-02  8.348971e-02 -6.188553e-02 
 4.105000e+04  3.049422e+03 -9.301559e-02  8.351784e-02 -6.190869e-02 
 4.110000e+04  3.051737e+03 -9.304953e-02  8.354584e-02 -6.193168e-02 
 4.115000e+04  3.054051e+03 -9.308307e-02  8.357427e-02 -6.195481e-02 
 4.120000e+04  3.056366e+03 -9.311616e-02  8.360300e-02 -6.197781e-02 
 4.125000e+04  3.058681e+03 -9.314902e-02  8.363173e-02 -6.200068e-02 
 4.130000e+04  3.060996e+03 -9.318206e-02  8.366060e-02 -6.202363e-02 
 4.135000e+04  3.063311e+03 -9.321532e-02  8.368962e-02 -6.204671e-02 
 4.140000e+04  3.065626e+03 -9.324839e-02  8.371862e-02 -6.206980e-02 
 4.145000e+04  3.067940e+03 -9.328117e-02  8.374748e-02 -6.209272e-02 
 4.150000e+04  3.070255e+03 -9.331385e-02  8.377631e-02 -6.211558e-02 
 4.155000e+04  3.072570e+03 -9.334647e-02  8.380535e-02 -6.213855e-02 
 4.160000e+04  3.074885e+03 -9.337883e-02  8.383442e-02 -6.216152e-02 
 4.165000e+04  3.077200e+03 -9.341094e-02  8.386375e-02 -6.218451e-02 
 4.170000e+04  3.079514e+03 -9.344310e-02  8.389334e-02 -6.220757e-02 
 4.175000e+04  3.081829e+03 -9.347544e-02  8.392304e-02 -6.223052e-02 
 4.180000e+04  3.084144e+03 -9.350800e-02  8.395249e-02 -6.225334e-02 
 4.185000e+04  3.086459e+03 -9.354081e-02  8.398154e-02 -6.227612e-02 
 4.190000e+04  3.088774e+03 -9.357363e-02  8.401044e-02 -6.229900e-02 
 4.195000e+04  3.091088e+03 -9.360637e-02  8.403921e-02 -6.232190e-02 
 4.200000e+04  3.093403e+03 -9.363902e-02  8.406788e-02 -6.234486e-02 
 4.205000e+04  3.095718e+03 -9.367184e-02  8.409662e-02 -6.236785e-02 
 4.210000e+04  3.098033e+03 -9.370473e-02  8.412542e-02 -6.239081e-02 
 4.215000e+04  3.100348e+03 -9.373747e-02  8.415435e-02 -6.241369e-02 
 4.220000e+04  3.102663e+03 -9.377010e-02  8.418343e-02 -6.243653e-02 
 4.225000e+04  3.104977e+03 -9.380282e-02  8.421261e-02 -6.245942e-02 
 4.230000e+04  3.107292e+03 -9.383560e-02  8.424169e-02 -6.248226e-02 
 4.235000e+04  3.109607e+03 -9.386839e-02  8.427054e-02 -6.250505e-02 
 4.240000e+04  3.111922e+03 -9.390117e-02  8.429929e-02 -6.252788e-02 
 4.245000e+04  3.114237e+03 -9.393383e-02  8.432805e-02 -6.255078e-02 
 4.250000e+04  3.116551e+03 -9.396618e-02  8.435689e-02 -6.257371e-02 
 4.255000e+04  3.118866e+03 -9.399843e-02  8.438585e-02 -6.259665e-02 
 4.260000e+04  3.121181e+03 -9.403066e-02  8.441506e-02 -6.261952e-02 
 4.265000e+04  3.123496e+03 -9.406297e-02  8.444441e-02 -6.264232e-02 
 4.270000e+04  3.125811e+03 -9.409533e-02  8.447382e-02 -6.266503e-02 
 4.275000e+04  3.128126e+03 -9.412774e-02  8.450315e-02 -6.268772e-02 
 4.280000e+04  3.130440e+03 -9.416020e-02  8.453225e-02 -6.271047e-02 
 4.285000e+04  3.132755e+03 -9.419261e-02  8.456117e-02 -6.273324e-02 
 4.290000e+04  3.135070e+03 -9.422501e-02  8.458993e-02 -6.275605e-02 
 4.295000e+04  3.137385e+03 -9.425742e-02  8.461876e-02 -6.277888e-02 
 4.300000e+04  3.139700e+03 -9.428979e-02  8.464763e-02 -6.280170e-02 
 4.305000e+04  3.142014e+03 -9.432218e-02  8.467654e-02 -6.282450e-02 
 4.310000e+04  3.144329e+03 -9.435461e-02  8.470560e-02 -6.284728e-02 
 4.315000e+04  3.146644e+03 -9.438708e-02  8.473476e-02 -6.287001e-02 
 4.320000e+04  3.148959e+03 -9.441963e-02  8.476389e-02 -6.289270e-02 
 4.325000e+04  3.151274e+03 -9.445220e-02  8.479289e-02 -6.291537e-02 
 4.330000e+04  3.153588e+03 -9.448487e-02  8.482174e-02 -6.293808e-02 
 4.335000e+04  3.155903e+03 -9.451742e-02  8.485037e-02 -6.296086e-02 
 4.340000e+04  3.158218e+03 -9.454983e-02  8.487893e-02 -6.298372e-02 
 4.345000e+04  3.160533e+03 -9.458212e-02  8.490756e-02 -6.300661e-02 
 4.350000e+04  3.162848e+03 -9.461437e-02  8.493633e-02 -6.302943e-02 
 4.355000e+04  3.165163e+03 -9.464670e-02  8.496529e-02 -6.305220e-02 
 4.360000e+04  3.167477e+03 -9.467910e-02  8.499439e-02 -6.307493e-02 
 4.365000e+04  3.169792e+03 -9.471144e-02  8.502348e-02 -6.309758e-02 
 4.370000e+04  3.172107e+03 -9.474375e-02  8.505250e-02 -6.312022e-02 
 4.375000e+04  3.174422e+03 -9.477605e-02  8.508147e-02 -6.314294e-02 
 4.380000e+04  3.176737e+03 -9.480827e-02  8.511035e-02 -6.316570e-02 
 4.385000e+04  3.179051e+03 -9.484041e-02  8.513913e-02 -6.318853e-02 
 4.390000e+04  3.181366e+03 -9.487253e-02  8.516791e-02 -6.321136e-02 
 4.395000e+04  3.183681e+03 -9.490467e-02  8.519671e-02 -6.323416e-02 
 4.400000e+04  3.185996e+03 -9.493687e-02  8.522567e-02 -6.325688e-02 
 4.405000e+04  3.188311e+03 -9.496912e-02  8.525470e-02 -6.327956e-02 
 4.410000e+04  3.190626e+03 -9.500142e-02  8.528378e-02 -6.330218e-02 
 4.415000e+04  3.192940e+03 -9.503376e-02  8.531279e-02 -6.332482e-02 
 4.420000e+04  3.195255e+03 -9.506608e-02  8.534167e-02 -6.334752e-02 
 4.425000e+04  3.197570e+03 -9.509832e-02  8.537045e-02 -6.337026e-02 
 4.430000e+04  3.199885e+03 -9.513049e-02  8.539917e-02 -6.339305e-02 
 4.435000e+04  3.202200e+03 -9.516268e-02  8.542789e-02 -6.341584e-02 
 4.440000e+04  3.204514e+03 -9.519489e-02  8.545662e-02 -6.343861e-02 
 4.445000e+04  3.206829e+03 -9.522714e-02  8.548543e-02 -6.346131e-02 
 4.450000e+04  3.209144e+03 -9.525943e-02  8.551438e-02 -6.348395e-02 
 4.455000e+04  3.211459e+03 -9.529170e-02  8.554336e-02 -6.350659e-02 
 4.460000e+04  3.213774e+03 -9.532398e-02  8.557231e-02 -6.352922e-02 
 4.465000e+04  3.216088e+03 -9.535625e-02  8.560117e-02 -6.355189e-02 
 4.470000e+04  3.218403e+03 -9.538851e-02  8.562995e-02 -6.357460e-02 
 4.475000e+04  3.220718e+03 -9.542073e-02  8.565867e-02 -6.359735e-02 
 4.480000e+04  3.223033e+03 -9.545290e-02  8.568729e-02 -6.362008e-02 
 4.485000e+04  3.225348e+03 -9.548506e-02  8.571597e-02 -6.364281e-02 
 4.490000e+04  3.227663e+03 -9.551727e-02  8.574467e-02 -6.366551e-02 
 4.495000e+04  3.229977e+03 -9.554948e-02  8.577349e-02 -6.368816e-02 
 4.500000e+04  3.232292e+03 -9.558167e-02  8.580237e-02 -6.371078e-02 
 4.505000e+04  3.234607e+03 -9.561387e-02  8.583127e-02 -6.373340e-02 
 4.510000e+04  3.236922e+03 -9.564607e-02  8.586017e-02 -6.375604e-02 
 4.515000e+04  3.239237e+03 -9.567823e-02  8.588894e-02 -6.377870e-02 
 4.520000e+04  3.241551e+03 -9.571035e-02  8.591762e-02 -6.380136e-02 
 4.525000e+04  3.243980e+03 -9.574404e-02  8.594770e-02 -6.382519e-02 
 4.530000e+04  3.246410e+03 -9.577775e-02  8.597778e-02 -6.384903e-02 
 4.535000e+04  3.248841e+03 -9.581145e-02  8.600787e-02 -6.387280e-02 
 4.540000e+04  3.251271e+03 -9.584520e-02  8.603805e-02 -6.389654e-02 
 4.545000e+04  3.253797e+03 -9.588032e-02  8.606951e-02 -6.392120e-02 
 4.550000e+04  3.256349e+03 -9.591575e-02  8.610131e-02 -6.394612e-02 
 4.555000e+04  3.259000e+03 -9.595248e-02  8.613429e-02 -6.397198e-02 
 4.560000e+04  3.261680e+03 -9.598958e-02  8.616759e-02 -6.399818e-02 
 4.565000e+04  3.264360e+03 -9.602673e-02  8.620085e-02 -6.402436e-02 
 4.570000e+04  3.267064e+03 -9.606413e-02  8.623436e-02 -6.405082e-02 
 4.575000e+04  3.269877e+03 -9.610311e-02  8.626921e-02 -6.407838e-02 
 4.580000e+04  3.272691e+03 -9.614209e-02  8.630407e-02 -6.410590e-02 
 4.585000e+04  3.275524e+03 -9.618133e-02  8.633920e-02 -6.413352e-02 
 4.590000e+04  3.278479e+03 -9.622223e-02  8.637587e-02 -6.416231e-02 
 4.595000e+04  3.281433e+03 -9.626313e-02  8.641257e-02 -6.419111e-02 
 4.600000e+04  3.284444e+03 -9.630476e-02  8.644999e-02 -6.422044e-02 
 4.605000e+04  3.287546e+03 -9.634767e-02  8.648850e-02 -6.425067e-02 
 4.610000e+04  3.290657e+03 -9.639073e-02  8.652708e-02 -6.428105e-02 
 4.615000e+04  3.293914e+03 -9.643572e-02  8.656741e-02 -6.431285e-02 
 4.620000e+04  3.297171e+03 -9.648069e-02  8.660769e-02 -6.434464e-02 
 4.625000e+04  3.300520e+03 -9.652697e-02  8.664912e-02 -6.437731e-02 
 4.630000e+04  3.303940e+03 -9.657425e-02  8.669145e-02 -6.441063e-02 
 4.635000e+04  3.307360e+03 -9.662150e-02  8.673380e-02 -6.444393e-02 
 4.640000e+04  3.310858e+03 -9.666984e-02  8.677716e-02 -6.447795e-02 
 4.645000e+04  3.314449e+03 -9.671941e-02  8.682173e-02 -6.451290e-02 
 4.650000e+04  3.318141e+03 -9.677029e-02  8.686754e-02 -6.454878e-02 
 4.655000e+04  3.321912e+03 -9.682221e-02  8.691430e-02 -6.458546e-02 
 4.660000e+04  3.325799e+03 -9.687576e-02  8.696245e-02 -6.462329e-02 
 4.665000e+04  3.329758e+03 -9.693024e-02  8.701142e-02 -6.466179e-02 
 4.670000e+04  3.333717e+03 -9.698474e-02  8.706042e-02 -6.470025e-02 
 4.675000e+04  3.337839e+03 -9.704139e-02  8.711146e-02 -6.474028e-02 
 4.680000e+04  3.341996e+03 -9.709854e-02  8.716294e-02 -6.478062e-02 
 4.685000e+04  3.346315e+03 -9.715789e-02  8.721645e-02 -6.482250e-02 
 4.690000e+04  3.350680e+03 -9.721787e-02  8.727056e-02 -6.486482e-02 
 4.695000e+04  3.355202e+03 -9.728000e-02  8.732660e-02 -6.490866e-02 
 4.700000e+04  3.359785e+03 -9.734289e-02  8.738344e-02 -6.495313e-02 
 4.705000e+04  3.364524e+03 -9.740787e-02  8.744218e-02 -6.499910e-02 
 4.710000e+04  3.369380e+03 -9.747449e-02  8.750230e-02 -6.504619e-02 
 4.715000e+04  3.374433e+03 -9.754381e-02  8.756483e-02 -6.509517e-02 
 4.720000e+04  3.379516e+03 -9.761354e-02  8.762775e-02 -6.514441e-02 
 4.725000e+04  3.384822e+03 -9.768628e-02  8.769345e-02 -6.519580e-02 
 4.730000e+04  3.390127e+03 -9.775897e-02  8.775919e-02 -6.524716e-02 
 4.735000e+04  3.395433e+03 -9.783146e-02  8.782495e-02 -6.529850e-02 
 4.740000e+04  3.400940e+03 -9.790652e-02  8.789326e-02 -6.535181e-02 
 4.745000e+04  3.406511e+03 -9.798245e-02  8.796237e-02 -6.540570e-02 
 4.750000e+04  3.412277e+03 -9.806103e-02  8.803392e-02 -6.546146e-02 
 4.755000e+04  3.418237e+03 -9.814224e-02  8.810792e-02 -6.551897e-02 
 4.760000e+04  3.424379e+03 -9.822591e-02  8.818416e-02 -6.557821e-02 
 4.765000e+04  3.430730e+03 -9.831240e-02  8.826304e-02 -6.563948e-02 
 4.770000e+04  3.437179e+03 -9.840020e-02  8.834301e-02 -6.570167e-02 
 4.775000e+04  3.443899e+03 -9.849165e-02  8.842628e-02 -6.576645e-02 
 4.780000e+04  3.450840e+03 -9.858604e-02  8.851232e-02 -6.583339e-02 
 4.785000e+04  3.457950e+03 -9.868271e-02  8.860055e-02 -6.590192e-02 
 4.790000e+04  3.465308e+03 -9.878268e-02  8.869185e-02 -6.597280e-02 
 4.795000e+04  3.473127e+03 -9.888888e-02  8.878887e-02 -6.604809e-02 
 4.800000e+04  3.481358e+03 -9.900068e-02  8.889101e-02 -6.612733e-02 
 4.805000e+04  3.489589e+03 -9.911243e-02  8.899308e-02 -6.620636e-02 
 4.810000e+04  3.497819e+03 -9.922404e-02  8.909506e-02 -6.628531e-02 
 4.815000e+04  3.506453e+03 -9.934106e-02  8.920202e-02 -6.636816e-02 
 4.820000e+04  3.515294e+03 -9.946086e-02  8.931156e-02 -6.645305e-02 
 4.825000e+04  3.524496e+03 -9.958544e-02  8.942549e-02 -6.654144e-02 
 4.830000e+04  3.534119e+03 -9.971563e-02  8.954464e-02 -6.663384e-02 
 4.835000e+04  3.544254e+03 -9.985264e-02  8.967017e-02 -6.673110e-02 
 4.840000e+04  3.554758e+03 -9.999461e-02  8.980039e-02 -6.683179e-02 
 4.845000e+04  3.565728e+03 -1.001427e-01  8.993633e-02 -6.693681e-02 
 4.850000e+04  3.577302e+03 -1.002989e-01  9.007970e-02 -6.704751e-02 
 4.855000e+04  3.588876e+03 -1.004551e-01  9.022290e-02 -6.715814e-02 
 4.860000e+04  3.600450e+03 -1.006111e-01  9.036585e-02 -6.726870e-02 
 4.865000e+04  3.612024e+03 -1.007670e-01  9.050861e-02 -6.737925e-02 
 4.870000e+04  3.623598e+03 -1.009229e-01  9.065115e-02 -6.748976e-02 
 4.875000e+04  3.635172e+03 -1.010787e-01  9.079353e-02 -6.760022e-02 
 4.880000e+04  3.646746e+03 -1.012344e-01  9.093573e-02 -6.771053e-02 
 4.885000e+04  3.658321e+03 -1.013901e-01  9.107767e-02 -6.782054e-02 
 4.890000e+04  3.669895e+03 -1.015455e-01  9.121931e-02 -6.793024e-02 
 4.895000e+04  3.681469e+03 -1.017008e-01  9.136077e-02 -6.803992e-02 
 4.900000e+04  3.693043e+03 -1.018561e-01  9.150141e-02 -6.814964e-02 
 4.905000e+04  3.704617e+03 -1.020113e-01  9.164153e-02 -6.825933e-02 
 4.910000e+04  3.716191e+03 -1.021666e-01  9.178103e-02 -6.836886e-02 
 4.915000e+04  3.727765e+03 -1.023217e-01  9.192007e-02 -6.847823e-02 
 4.920000e+04  3.739339e+03 -1.024769e-01  9.205892e-02 -6.858742e-02 
 4.925000e+04  3.750913e+03 -1.026321e-01  9.219794e-02 -6.869637e-02 
 4.930000e+04  3.762487e+03 -1.027872e-01  9.233713e-02 -6.880517e-02 
 4.935000e+04  3.774061e+03 -1.029423e-01  9.247640e-02 -6.891398e-02 
 4.940000e+04  3.785635e+03 -1.030969e-01  9.261571e-02 -6.902273e-02 
 4.945000e+04  3.797209e+03 -1.032505e-01  9.275495e-02 -6.913133e-02 
 4.950000e+04  3.808784e+03 -1.034038e-01  9.289409e-02 -6.923980e-02 
 4.955000e+04  3.820358e+03 -1.035572e-01  9.303309e-02 -6.934822e-02 
 4.960000e+04  3.831932e+03 -1.037108e-01  9.317195e-02 -6.945662e-02 
 4.965000e+04  3.843506e+03 -1.038645e-01  9.331081e-02 -6.956493e-02 
 4.970000e+04  3.855080e+03 -1.040181e-01  9.344965e-02 -6.967313e-02 
 4.975000e+04  3.866654e+03 -1.041712e-01  9.358847e-02 -6.978101e-02 
 4.980000e+04  3.878228e+03 -1.043240e-01  9.372714e-02 -6.988866e-02 
 4.985000e+04  3.889802e+03 -1.044768e-01  9.386569e-02 -6.999608e-02 
 4.990000e+04  3.901376e+03 -1.046297e-01  9.400377e-02 -7.010355e-02 
 4.995000e+04  3.912950e+03 -1.047826e-01  9.414155e-02 -7.021106e-02 
 5.000000e+04  3.924524e+03 -1.049356e-01  9.427936e-02 -7.031869e-02 
 5.005000e+04  3.936098e+03 -1.050884e-01  9.441724e-02 -7.042606e-02 
 5.010000e+04  3.947672e+03 -1.052413e-01  9.455497e-02 -7.053306e-02 
 5.015000e+04  3.959246e+03 -1.053942e-01  9.469249e-02 -7.063996e-02 
 5.020000e+04  3.970821e+03 -1.055472e-01  9.482980e-02 -7.074690e-02 
 5.025000e+04  3.982395e+03 -1.057001e-01  9.496701e-02 -7.085387e-02 
 5.030000e+04  3.993969e+03 -1.058529e-01  9.510424e-02 -7.096085e-02 
 5.035000e+04  4.005543e+03 -1.060056e-01  9.524156e-02 -7.106770e-02 
 5.040000e+04  4.017117e+03 -1.061581e-01  9.537861e-02 -7.117454e-02 
 5.045000e+04  4.028691e+03 -1.063105e-01  9.551559e-02 -7.128132e-02 
 5.050000e+04  4.040265e+03 -1.064629e-01  9.565266e-02 -7.138808e-02 
 5.055000e+04  4.051839e+03 -1.066153e-01  9.578981e-02 -7.149477e-02 
 5.060000e+04  4.063413e+03 -1.067674e-01  9.592699e-02 -7.160141e-02 
 5.065000e+04  4.074987e+03 -1.069196e-01  9.606413e-02 -7.170803e-02 
 5.070000e+04  4.086561e+03 -1.070717e-01  9.620121e-02 -7.181461e-02 
 5.075000e+04  4.098135e+03 -1.072237e-01  9.633822e-02 -7.192101e-02 
 5.080000e+04  4.109709e+03 -1.073751e-01  9.647516e-02 -7.202720e-02 
 5.085000e+04  4.121284e+03 -1.075257e-01  9.661203e-02 -7.213331e-02 
 5.090000e+04  4.132858e+03 -1.076763e-01  9.674882e-02 -7.223936e-02 
 5.095000e+04  4.144432e+03 -1.078271e-01  9.688563e-02 -7.234554e-02 
 5.100000e+04  4.156006e+03 -1.079782e-01  9.702247e-02 -7.245182e-02 
 5.105000e+04  4.167580e+03 -1.081294e-01  9.715924e-02 -7.255802e-02 
 5.110000e+04  4.179154e+03 -1.082806e-01  9.729590e-02 -7.266398e-02 
 5.115000e+04  4.190728e+03 -1.084316e-01  9.743211e-02 -7.276978e-02 
 5.120000e+04  4.202302e+03 -1.085824e-01  9.756806e-02 -7.287536e-02 
 5.125000e+04  4.213876e+03 -1.087332e-01  9.770372e-02 -7.298090e-02 
 5.130000e+04  4.225450e+03 -1.088840e-01  9.783922e-02 -7.308642e-02 
 5.135000e+04  4.237024e+03 -1.090348e-01  9.797475e-02 -7.319205e-02 
 5.140000e+04  4.248598e+03 -1.091856e-01  9.811043e-02 -7.329771e-02 
 5.145000e+04  4.260172e+03 -1.093362e-01  9.824618e-02 -7.340331e-02 
 5.150000e+04  4.271746e+03 -1.094867e-01  9.838189e-02 -7.350875e-02 
 5.155000e+04  4.283321e+03 -1.096370e-01  9.851713e-02 -7.361406e-02 
 5.160000e+04  4.294895e+03 -1.097869e-01  9.865200e-02 -7.371900e-02 
 5.165000e+04  4.306469e+03 -1.099357e-01  9.878694e-02 -7.382379e-02 
 5.170000e+04  4.318043e+03 -1.100840e-01  9.892199e-02 -7.392865e-02 
 5.175000e+04  4.329617e+03 -1.102325e-01  9.905704e-02 -7.403332e-02 
 5.180000e+04  4.341191e+03 -1.103811e-01  9.919219e-02 -7.413801e-02 
 5.185000e+04  4.352765e+03 -1.105298e-01  9.932775e-02 -7.424284e-02 
 5.190000e+04  4.364339e+03 -1.106781e-01  9.946371e-02 -7.434772e-02 
 5.195000e+04  4.375913e+03 -1.108261e-01  9.959990e-02 -7.445237e-02 
 5.200000e+04  4.387487e+03 -1.109739e-01  9.973597e-02 -7.455689e-02 
 5.205000e+04  4.399061e+03 -1.111217e-01  9.987190e-02 -7.466125e-02 
 5.210000e+04  4.410635e+03 -1.112693e-01  1.000045e-01 -7.476446e-02 
 5.215000e+04  4.422209e+03 -1.114170e-01  1.001357e-01 -7.486780e-02 
 5.220000e+04  4.433784e+03 -1.115648e-01  1.002683e-01 -7.497173e-02 
 5.225000e+04  4.445358e+03 -1.117127e-01  1.004024e-01 -7.507607e-02 
 5.230000e+04  4.456932e+03 -1.118602e-01  1.005375e-01 -7.518028e-02 
 5.235000e+04  4.468506e+03 -1.120070e-01  1.006728e-01 -7.528441e-02 
 5.240000e+04  4.480080e+03 -1.121543e-01  1.008079e-01 -7.538840e-02 
 5.245000e+04  4.491654e+03 -1.123015e-01  1.009427e-01 -7.549218e-02 
 5.250000e+04  4.503228e+03 -1.124480e-01  1.010776e-01 -7.559569e-02 
 5.255000e+04  4.514802e+03 -1.125941e-01  1.012122e-01 -7.569913e-02 
 5.260000e+04  4.526376e+03 -1.127400e-01  1.013465e-01 -7.580275e-02 
 5.265000e+04  4.537950e+03 -1.128860e-01  1.014803e-01 -7.590643e-02 
 5.270000e+04  4.549524e+03 -1.130321e-01  1.016138e-01 -7.601005e-02 
 5.275000e+04  4.561098e+03 -1.131784e-01  1.017475e-01 -7.611356e-02 
 5.280000e+04  4.572672e+03 -1.133243e-01  1.018813e-01 -7.621684e-02 
 5.285000e+04  4.584246e+03 -1.134701e-01  1.020151e-01 -7.631991e-02 
 5.290000e+04  4.595821e+03 -1.136160e-01  1.021489e-01 -7.642288e-02 
 5.295000e+04  4.607395e+03 -1.137621e-01  1.022823e-01 -7.652577e-02 
 5.300000e+04  4.618969e+03 -1.139085e-01  1.024151e-01 -7.662855e-02 
 5.305000e+04  4.630543e+03 -1.140550e-01  1.025476e-01 -7.673131e-02 
 5.310000e+04  4.642117e+03 -1.142017e-01  1.026788e-01 -7.683362e-02 
 5.315000e+04  4.653691e+03 -1.143483e-01  1.028097e-01 -7.693593e-02 
 5.320000e+04  4.665265e+03 -1.144948e-01  1.029409e-01 -7.703846e-02 
 5.325000e+04  4.676839e+03 -1.146412e-01  1.030727e-01 -7.714109e-02 
 5.330000e+04  4.688413e+03 -1.147874e-01  1.032049e-01 -7.724360e-02 
 5.335000e+04  4.699987e+03 -1.149333e-01  1.033374e-01 -7.734610e-02 
 5.340000e+04  4.711561e+03 -1.150791e-01  1.034700e-01 -7.744857e-02 
 5.345000e+04  4.723135e+03 -1.152245e-01  1.036026e-01 -7.755092e-02 
 5.350000e+04  4.734709e+03 -1.153696e-01  1.037352e-01 -7.765313e-02 
 5.355000e+04  4.746284e+03 -1.155140e-01  1.038676e-01 -7.775535e-02 
 5.360000e+04  4.757858e+03 -1.156580e-01  1.039999e-01 -7.785754e-02 
 5.365000e+04  4.769432e+03 -1.158020e-01  1.041320e-01 -7.795952e-02 
 5.370000e+04  4.781006e+03 -1.159460e-01  1.042642e-01 -7.806140e-02 
 5.375000e+04  4.792580e+03 -1.160900e-01  1.043964e-01 -7.816325e-02 
 5.380000e+04  4.804154e+03 -1.162339e-01  1.045288e-01 -7.826505e-02 
 5.385000e+04  4.815728e+03 -1.163778e-01  1.046611e-01 -7.836677e-02 
 5.390000e+04  4.827302e+03 -1.165219e-01  1.047932e-01 -7.846838e-02 
 5.395000e+04  4.838876e+03 -1.166660e-01  1.049247e-01 -7.856989e-02 
 5.400000e+04  4.850450e+03 -1.168103e-01  1.050558e-01 -7.867137e-02 
 5.405000e+04  4.862024e+03 -1.169548e-01  1.051867e-01 -7.877286e-02 
 5.410000e+04  4.873598e+03 -1.170995e-01  1.053175e-01 -7.887430e-02 
 5.415000e+04  4.885172e+03 -1.172443e-01  1.054481e-01 -7.897570e-02 
 5.420000e+04  4.896746e+03 -1.173892e-01  1.055787e-01 -7.907708e-02 
 5.425000e+04  4.908321e+03 -1.175342e-01  1.057093e-01 -7.917818e-02 
 5.430000e+04  4.919895e+03 -1.176787e-01  1.058400e-01 -7.927917e-02 
 5.435000e+04  4.931469e+03 -1.178230e-01  1.059706e-01 -7.938018e-02 
 5.440000e+04  4.943043e+03 -1.179672e-01  1.061010e-01 -7.948121e-02 
 5.445000e+04  4.954617e+03 -1.181113e-01  1.062314e-01 -7.958236e-02 
 5.450000e+04  4.966191e+03 -1.182554e-01  1.063619e-01 -7.968362e-02 
 5.455000e+04  4.977765e+03 -1.183992e-01  1.064925e-01 -7.978485e-02 
 5.460000e+04  4.989339e+03 -1.185426e-01  1.066232e-01 -7.988595e-02 
 5.465000e+04  5.000913e+03 -1.186858e-01  1.067541e-01 -7.998688e-02 
 5.470000e+04  5.012487e+03 -1.188289e-01  1.068849e-01 -8.008766e-02 
 5.475000e+04  5.024061e+03 -1.189720e-01  1.070158e-01 -8.018840e-02 
 5.480000e+04  5.035635e+03 -1.191149e-01  1.071466e-01 -8.028915e-02 
 5.485000e+04  5.047209e+03 -1.192577e-01  1.072772e-01 -8.038986e-02 
 5.490000e+04  5.058784e+03 -1.194005e-01  1.074075e-01 -8.049052e-02 
 5.495000e+04  5.070358e+03 -1.195434e-01  1.075374e-01 -8.059115e-02 
 5.500000e+04  5.081932e+03 -1.196863e-01  1.076670e-01 -8.069173e-02 
 5.505000e+04  5.093506e+03 -1.198292e-01  1.077966e-01 -8.079219e-02 
 5.510000e+04  5.105080e+03 -1.199722e-01  1.079260e-01 -8.089253e-02 
 5.515000e+04  5.116654e+03 -1.201152e-01  1.080553e-01 -8.099279e-02 
 5.520000e+04  5.128228e+03 -1.202582e-01  1.081845e-01 -8.109296e-02 
 5.525000e+04  5.139802e+03 -1.204012e-01  1.083136e-01 -8.119300e-02 
 5.530000e+04  5.151376e+03 -1.205441e-01  1.084425e-01 -8.129280e-02 
 5.535000e+04  5.162950e+03 -1.206867e-01  1.085712e-01 -8.139261e-02 
 5.540000e+04  5.174524e+03 -1.208292e-01  1.086997e-01 -8.149244e-02 
 5.545000e+04  5.186098e+03 -1.209716e-01  1.088282e-01 -8.159234e-02 
 5.550000e+04  5.197672e+03 -1.211139e-01  1.089562e-01 -8.169227e-02 
 5.555000e+04  5.209246e+03 -1.212560e-01  1.090838e-01 -8.179199e-02 
 5.560000e+04  5.220821e+03 -1.213979e-01  1.092115e-01 -8.189148e-02 
 5.565000e+04  5.232395e+03 -1.215396e-01  1.093396e-01 -8.199092e-02 
 5.570000e+04  5.243969e+03 -1.216813e-01  1.094679e-01 -8.209018e-02 
 5.575000e+04  5.255543e+03 -1.218225e-01  1.095964e-01 -8.218933e-02 
 5.580000e+04  5.267117e+03 -1.219638e-01  1.097249e-01 -8.228849e-02 
 5.585000e+04  5.278691e+03 -1.221050e-01  1.098536e-01 -8.238776e-02 
 5.590000e+04  5.290265e+03 -1.222462e-01  1.099820e-01 -8.248705e-02 
