         Step [creep.tim... Z Displace... Z Displace... X Displace... 
------------- ------------- ------------- ------------- ------------- 
 5.250000e+03  1.276223e-07 -4.629353e-03  4.524540e-03 -2.433365e-03 
 5.300000e+03  3.886505e-06 -4.629560e-03  4.524649e-03 -2.433578e-03 
 5.350000e+03  2.993999e-05 -4.630496e-03  4.524849e-03 -2.434281e-03 
 5.400000e+03  1.688741e-04 -4.630994e-03  4.525073e-03 -2.434461e-03 
 5.450000e+03  6.578790e-04 -4.631978e-03  4.526499e-03 -2.436071e-03 
 5.500000e+03  1.220411e-03 -4.635113e-03  4.529634e-03 -2.439462e-03 
 5.550000e+03  1.782943e-03 -4.640204e-03  4.534639e-03 -2.444080e-03 
 5.600000e+03  2.467446e-03 -4.647553e-03  4.542846e-03 -2.450167e-03 
 5.650000e+03  3.559294e-03 -4.658903e-03  4.556040e-03 -2.459034e-03 
 5.700000e+03  4.691224e-03 -4.668024e-03  4.566307e-03 -2.465654e-03 
 5.750000e+03  6.023168e-03 -4.675414e-03  4.573066e-03 -2.470538e-03 
 5.800000e+03  7.376969e-03 -4.682710e-03  4.579003e-03 -2.475955e-03 
 5.850000e+03  8.730770e-03 -4.691576e-03  4.586847e-03 -2.483313e-03 
 5.900000e+03  1.008457e-02 -4.701814e-03  4.597178e-03 -2.492488e-03 
 5.950000e+03  1.147260e-02 -4.713249e-03  4.609732e-03 -2.503079e-03 
 6.000000e+03  1.341516e-02 -4.729055e-03  4.627229e-03 -2.517347e-03 
 6.050000e+03  1.541534e-02 -4.743693e-03  4.641701e-03 -2.528594e-03 
 6.100000e+03  1.754653e-02 -4.756811e-03  4.653097e-03 -2.536755e-03 
 6.150000e+03  1.975173e-02 -4.769274e-03  4.664415e-03 -2.544469e-03 
 6.200000e+03  2.195693e-02 -4.782287e-03  4.677334e-03 -2.553617e-03 
 6.250000e+03  2.416213e-02 -4.796501e-03  4.692427e-03 -2.564923e-03 
 6.300000e+03  2.637615e-02 -4.811724e-03  4.709021e-03 -2.578346e-03 
 6.350000e+03  2.932971e-02 -4.831783e-03  4.729922e-03 -2.596827e-03 
 6.400000e+03  3.243265e-02 -4.849531e-03  4.747649e-03 -2.612697e-03 
 6.450000e+03  3.562557e-02 -4.865081e-03  4.763752e-03 -2.625344e-03 
 6.500000e+03  3.888365e-02 -4.880671e-03  4.779986e-03 -2.636649e-03 
 6.550000e+03  4.214174e-02 -4.896998e-03  4.797141e-03 -2.648146e-03 
 6.600000e+03  4.539982e-02 -4.914805e-03  4.816120e-03 -2.661177e-03 
 6.650000e+03  4.868430e-02 -4.934380e-03  4.836932e-03 -2.676038e-03 
 6.700000e+03  5.270729e-02 -4.957490e-03  4.861551e-03 -2.695052e-03 
 6.750000e+03  5.686552e-02 -4.977233e-03  4.881563e-03 -2.712488e-03 
 6.800000e+03  6.165740e-02 -4.997462e-03  4.901384e-03 -2.730192e-03 
 6.850000e+03  6.671175e-02 -5.018837e-03  4.922512e-03 -2.747319e-03 
 6.900000e+03  7.176611e-02 -5.040667e-03  4.944483e-03 -2.763926e-03 
 6.950000e+03  7.682047e-02 -5.063522e-03  4.967838e-03 -2.780922e-03 
 7.000000e+03  8.205151e-02 -5.088841e-03  4.993976e-03 -2.799291e-03 
 7.050000e+03  8.813660e-02 -5.118473e-03  5.024075e-03 -2.820134e-03 
 7.100000e+03  9.428020e-02 -5.144095e-03  5.049188e-03 -2.838918e-03 
 7.150000e+03  1.007804e-01 -5.167908e-03  5.072928e-03 -2.858012e-03 
 7.200000e+03  1.075538e-01 -5.192031e-03  5.097312e-03 -2.877932e-03 
 7.250000e+03  1.143271e-01 -5.216096e-03  5.121976e-03 -2.897615e-03 
 7.300000e+03  1.211004e-01 -5.240717e-03  5.147252e-03 -2.917320e-03 
 7.350000e+03  1.287882e-01 -5.270088e-03  5.177009e-03 -2.939573e-03 
 7.400000e+03  1.370213e-01 -5.301358e-03  5.208216e-03 -2.961633e-03 
 7.450000e+03  1.452543e-01 -5.329181e-03  5.236276e-03 -2.981197e-03 
 7.500000e+03  1.534873e-01 -5.355103e-03  5.262855e-03 -3.000240e-03 
 7.550000e+03  1.617203e-01 -5.380613e-03  5.289154e-03 -3.019633e-03 
 7.600000e+03  1.699533e-01 -5.405678e-03  5.315336e-03 -3.039446e-03 
 7.650000e+03  1.785372e-01 -5.431568e-03  5.342235e-03 -3.060563e-03 
 7.700000e+03  1.892695e-01 -5.464147e-03  5.375442e-03 -3.086685e-03 
 7.750000e+03  2.003025e-01 -5.496766e-03  5.407605e-03 -3.111277e-03 
 7.800000e+03  2.113356e-01 -5.527759e-03  5.437881e-03 -3.133225e-03 
 7.850000e+03  2.223686e-01 -5.557878e-03  5.467643e-03 -3.154270e-03 
 7.900000e+03  2.334016e-01 -5.587806e-03  5.497509e-03 -3.175273e-03 
 7.950000e+03  2.444347e-01 -5.617286e-03  5.527286e-03 -3.196737e-03 
 8.000000e+03  2.555118e-01 -5.646026e-03  5.556534e-03 -3.218748e-03 
 8.050000e+03  2.683678e-01 -5.677991e-03  5.588811e-03 -3.244183e-03 
 8.100000e+03  2.817785e-01 -5.709645e-03  5.620740e-03 -3.269271e-03 
 8.150000e+03  2.951893e-01 -5.740461e-03  5.651596e-03 -3.292529e-03 
 8.200000e+03  3.086000e-01 -5.771206e-03  5.682228e-03 -3.314482e-03 
 8.250000e+03  3.220107e-01 -5.802250e-03  5.712853e-03 -3.335987e-03 
 8.300000e+03  3.354214e-01 -5.833304e-03  5.743439e-03 -3.357485e-03 
 8.350000e+03  3.488321e-01 -5.863213e-03  5.773514e-03 -3.379064e-03 
 8.400000e+03  3.633059e-01 -5.893373e-03  5.804369e-03 -3.402117e-03 
 8.450000e+03  3.792341e-01 -5.924962e-03  5.837013e-03 -3.427019e-03 
 8.500000e+03  3.955349e-01 -5.956640e-03  5.869498e-03 -3.451628e-03 
 8.550000e+03  4.118357e-01 -5.988217e-03  5.901400e-03 -3.475143e-03 
 8.600000e+03  4.281365e-01 -6.019935e-03  5.933398e-03 -3.497921e-03 
 8.650000e+03  4.452035e-01 -6.053365e-03  5.966756e-03 -3.521251e-03 
 8.700000e+03  4.623193e-01 -6.086223e-03  5.999062e-03 -3.544077e-03 
 8.750000e+03  4.794352e-01 -6.117722e-03  6.029791e-03 -3.566403e-03 
 8.800000e+03  4.965510e-01 -6.148028e-03  6.059680e-03 -3.588635e-03 
 8.850000e+03  5.136669e-01 -6.177287e-03  6.089108e-03 -3.610821e-03 
 8.900000e+03  5.308854e-01 -6.206099e-03  6.118068e-03 -3.632754e-03 
 8.950000e+03  5.498617e-01 -6.237864e-03  6.149828e-03 -3.656369e-03 
 9.000000e+03  5.696754e-01 -6.271227e-03  6.182980e-03 -3.680277e-03 
 9.050000e+03  5.894891e-01 -6.304164e-03  6.215480e-03 -3.703051e-03 
 9.100000e+03  6.095208e-01 -6.336617e-03  6.247275e-03 -3.725266e-03 
 9.150000e+03  6.303252e-01 -6.369730e-03  6.279446e-03 -3.748192e-03 
 9.200000e+03  6.511296e-01 -6.401944e-03  6.310913e-03 -3.771188e-03 
 9.250000e+03  6.719341e-01 -6.432701e-03  6.341504e-03 -3.794181e-03 
 9.300000e+03  6.930089e-01 -6.463016e-03  6.372134e-03 -3.817324e-03 
 9.350000e+03  7.158366e-01 -6.495599e-03  6.405331e-03 -3.841878e-03 
 9.400000e+03  7.387735e-01 -6.528046e-03  6.438382e-03 -3.865469e-03 
 9.450000e+03  7.617791e-01 -6.560282e-03  6.470965e-03 -3.887987e-03 
 9.500000e+03  7.858629e-01 -6.593876e-03  6.504620e-03 -3.911034e-03 
 9.550000e+03  8.099466e-01 -6.627150e-03  6.537534e-03 -3.933988e-03 
 9.600000e+03  8.340303e-01 -6.659308e-03  6.569261e-03 -3.956949e-03 
 9.650000e+03  8.581140e-01 -6.690516e-03  6.600052e-03 -3.979913e-03 
 9.700000e+03  8.826553e-01 -6.721716e-03  6.630915e-03 -4.003147e-03 
 9.750000e+03  9.079432e-01 -6.753330e-03  6.662398e-03 -4.026578e-03 
 9.800000e+03  9.332311e-01 -6.784599e-03  6.693603e-03 -4.049173e-03 
 9.850000e+03  9.598416e-01 -6.817522e-03  6.726380e-03 -4.072136e-03 
 9.900000e+03  9.877215e-01 -6.852041e-03  6.760563e-03 -4.095690e-03 
 9.950000e+03  1.015601e+00 -6.886064e-03  6.793960e-03 -4.118892e-03 
 1.000000e+04  1.043481e+00 -6.919239e-03  6.826144e-03 -4.141924e-03 
 1.005000e+04  1.072086e+00 -6.952480e-03  6.858216e-03 -4.165584e-03 
 1.010000e+04  1.101360e+00 -6.985658e-03  6.890452e-03 -4.189728e-03 
 1.015000e+04  1.130634e+00 -7.017895e-03  6.922171e-03 -4.213492e-03 
 1.020000e+04  1.159908e+00 -7.049736e-03  6.953715e-03 -4.236594e-03 
 1.025000e+04  1.190470e+00 -7.083130e-03  6.986919e-03 -4.260084e-03 
 1.030000e+04  1.221207e+00 -7.116544e-03  7.020432e-03 -4.283086e-03 
 1.035000e+04  1.251945e+00 -7.149335e-03  7.053342e-03 -4.305524e-03 
 1.040000e+04  1.284873e+00 -7.183818e-03  7.087731e-03 -4.329378e-03 
 1.045000e+04  1.318761e+00 -7.218757e-03  7.122186e-03 -4.354056e-03 
 1.050000e+04  1.352649e+00 -7.252702e-03  7.155500e-03 -4.378659e-03 
 1.055000e+04  1.386537e+00 -7.285783e-03  7.188056e-03 -4.402947e-03 
 1.060000e+04  1.421544e+00 -7.319877e-03  7.221661e-03 -4.427614e-03 
 1.065000e+04  1.457126e+00 -7.354483e-03  7.255855e-03 -4.452076e-03 
 1.070000e+04  1.492709e+00 -7.388675e-03  7.289795e-03 -4.475725e-03 
 1.075000e+04  1.529039e+00 -7.423220e-03  7.324116e-03 -4.499344e-03 
 1.080000e+04  1.566401e+00 -7.458459e-03  7.359098e-03 -4.523472e-03 
 1.085000e+04  1.603762e+00 -7.493063e-03  7.393243e-03 -4.547492e-03 
 1.090000e+04  1.641199e+00 -7.526898e-03  7.426213e-03 -4.571453e-03 
 1.095000e+04  1.681449e+00 -7.562830e-03  7.460858e-03 -4.597102e-03 
 1.100000e+04  1.722640e+00 -7.599238e-03  7.495975e-03 -4.623129e-03 
 1.105000e+04  1.763831e+00 -7.635031e-03  7.530735e-03 -4.648494e-03 
 1.110000e+04  1.805023e+00 -7.670454e-03  7.565323e-03 -4.673107e-03 
 1.115000e+04  1.847985e+00 -7.707349e-03  7.601516e-03 -4.698255e-03 
 1.120000e+04  1.891236e+00 -7.744078e-03  7.637796e-03 -4.723239e-03 
 1.125000e+04  1.934487e+00 -7.779877e-03  7.673396e-03 -4.747964e-03 
 1.130000e+04  1.979435e+00 -7.816280e-03  7.709516e-03 -4.773608e-03 
 1.135000e+04  2.027119e+00 -7.854435e-03  7.747126e-03 -4.800813e-03 
 1.140000e+04  2.074804e+00 -7.891949e-03  7.783852e-03 -4.827750e-03 
 1.145000e+04  2.122488e+00 -7.928887e-03  7.819977e-03 -4.854051e-03 
 1.150000e+04  2.171412e+00 -7.966732e-03  7.856944e-03 -4.880423e-03 
 1.155000e+04  2.221480e+00 -8.005394e-03  7.894742e-03 -4.906901e-03 
 1.160000e+04  2.271548e+00 -8.043453e-03  7.932113e-03 -4.932892e-03 
 1.165000e+04  2.322067e+00 -8.081097e-03  7.969295e-03 -4.958825e-03 
 1.170000e+04  2.374639e+00 -8.119692e-03  8.007618e-03 -4.985821e-03 
 1.175000e+04  2.427211e+00 -8.157659e-03  8.045218e-03 -5.012661e-03 
 1.180000e+04  2.479835e+00 -8.195057e-03  8.081802e-03 -5.039165e-03 
 1.185000e+04  2.537298e+00 -8.235659e-03  8.121193e-03 -5.067709e-03 
 1.190000e+04  2.595259e+00 -8.276491e-03  8.160602e-03 -5.096076e-03 
 1.195000e+04  2.653219e+00 -8.316902e-03  8.199595e-03 -5.123806e-03 
 1.200000e+04  2.711179e+00 -8.356761e-03  8.238122e-03 -5.150994e-03 
 1.205000e+04  2.769140e+00 -8.396313e-03  8.276415e-03 -5.177910e-03 
 1.210000e+04  2.827100e+00 -8.435136e-03  8.314417e-03 -5.204664e-03 
 1.215000e+04  2.885060e+00 -8.473053e-03  8.351755e-03 -5.231225e-03 
 1.220000e+04  2.948809e+00 -8.514175e-03  8.392163e-03 -5.260239e-03 
 1.225000e+04  3.015906e+00 -8.557170e-03  8.434309e-03 -5.290450e-03 
 1.230000e+04  3.083002e+00 -8.599751e-03  8.475796e-03 -5.320184e-03 
 1.235000e+04  3.150098e+00 -8.641819e-03  8.516656e-03 -5.349235e-03 
 1.240000e+04  3.219610e+00 -8.685139e-03  8.558627e-03 -5.378786e-03 
 1.245000e+04  3.290061e+00 -8.728635e-03  8.600812e-03 -5.408470e-03 
 1.250000e+04  3.360513e+00 -8.771213e-03  8.642419e-03 -5.437903e-03 
 1.255000e+04  3.430964e+00 -8.812888e-03  8.683397e-03 -5.467102e-03 
 1.260000e+04  3.504515e+00 -8.855915e-03  8.725900e-03 -5.497424e-03 
 1.265000e+04  3.578488e+00 -8.898715e-03  8.768218e-03 -5.527598e-03 
 1.270000e+04  3.652462e+00 -8.941017e-03  8.809843e-03 -5.557115e-03 
 1.275000e+04  3.732705e+00 -8.986755e-03  8.854409e-03 -5.588604e-03 
 1.280000e+04  3.814261e+00 -9.033145e-03  8.899210e-03 -5.620204e-03 
 1.285000e+04  3.895817e+00 -9.078897e-03  8.943193e-03 -5.651423e-03 
 1.290000e+04  3.977373e+00 -9.123830e-03  8.986419e-03 -5.682281e-03 
 1.295000e+04  4.058929e+00 -9.168245e-03  9.029280e-03 -5.713004e-03 
 1.300000e+04  4.140485e+00 -9.212059e-03  9.071769e-03 -5.743486e-03 
 1.305000e+04  4.222041e+00 -9.255072e-03  9.113729e-03 -5.773555e-03 
 1.310000e+04  4.309746e+00 -9.300911e-03  9.158471e-03 -5.805424e-03 
 1.315000e+04  4.399662e+00 -9.347766e-03  9.204102e-03 -5.837660e-03 
 1.320000e+04  4.489577e+00 -9.394156e-03  9.249131e-03 -5.869431e-03 
 1.325000e+04  4.580032e+00 -9.440234e-03  9.293554e-03 -5.900926e-03 
 1.330000e+04  4.674444e+00 -9.487977e-03  9.339313e-03 -5.933487e-03 
 1.335000e+04  4.768855e+00 -9.535126e-03  9.384526e-03 -5.965837e-03 
 1.340000e+04  4.863266e+00 -9.581284e-03  9.429094e-03 -5.997928e-03 
 1.345000e+04  4.957677e+00 -9.626683e-03  9.473227e-03 -6.029659e-03 
 1.350000e+04  5.056715e+00 -9.673981e-03  9.519416e-03 -6.062607e-03 
 1.355000e+04  5.155847e+00 -9.720917e-03  9.565413e-03 -6.095141e-03 
 1.360000e+04  5.255970e+00 -9.767817e-03  9.611280e-03 -6.127373e-03 
 1.365000e+04  5.363181e+00 -9.817726e-03  9.659841e-03 -6.161416e-03 
 1.370000e+04  5.472474e+00 -9.868185e-03  9.708642e-03 -6.195907e-03 
 1.375000e+04  5.581767e+00 -9.917833e-03  9.756407e-03 -6.230122e-03 
 1.380000e+04  5.691059e+00 -9.966709e-03  9.803401e-03 -6.264026e-03 
 1.385000e+04  5.800352e+00 -1.001514e-02  9.850057e-03 -6.297675e-03 
 1.390000e+04  5.909645e+00 -1.006316e-02  9.896426e-03 -6.330940e-03 
 1.395000e+04  6.018938e+00 -1.011061e-02  9.942323e-03 -6.363637e-03 
 1.400000e+04  6.135799e+00 -1.016096e-02  9.991082e-03 -6.398099e-03 
 1.405000e+04  6.256295e+00 -1.021255e-02  1.004105e-02 -6.433298e-03 
 1.410000e+04  6.376790e+00 -1.026349e-02  1.009019e-02 -6.468137e-03 
 1.415000e+04  6.498731e+00 -1.031437e-02  1.013904e-02 -6.503048e-03 
 1.420000e+04  6.630312e+00 -1.036884e-02  1.019102e-02 -6.540466e-03 
 1.425000e+04  6.763158e+00 -1.042319e-02  1.024289e-02 -6.577892e-03 
 1.430000e+04  6.896005e+00 -1.047662e-02  1.029413e-02 -6.614811e-03 
 1.435000e+04  7.028851e+00 -1.052947e-02  1.034501e-02 -6.651217e-03 
 1.440000e+04  7.161697e+00 -1.058190e-02  1.039570e-02 -6.687244e-03 
 1.445000e+04  7.294543e+00 -1.063373e-02  1.044605e-02 -6.722815e-03 
 1.450000e+04  7.427921e+00 -1.068511e-02  1.049602e-02 -6.758095e-03 
 1.455000e+04  7.571315e+00 -1.073987e-02  1.054907e-02 -6.795713e-03 
 1.460000e+04  7.717778e+00 -1.079536e-02  1.060253e-02 -6.833897e-03 
 1.465000e+04  7.864240e+00 -1.085008e-02  1.065504e-02 -6.871679e-03 
 1.470000e+04  8.010703e+00 -1.090420e-02  1.070676e-02 -6.908975e-03 
 1.475000e+04  8.157166e+00 -1.095793e-02  1.075817e-02 -6.945900e-03 
 1.480000e+04  8.303629e+00 -1.101119e-02  1.080927e-02 -6.982439e-03 
 1.485000e+04  8.450092e+00 -1.106370e-02  1.085987e-02 -7.018491e-03 
 1.490000e+04  8.606565e+00 -1.111928e-02  1.091352e-02 -7.056583e-03 
 1.495000e+04  8.768041e+00 -1.117625e-02  1.096845e-02 -7.095626e-03 
 1.500000e+04  8.929516e+00 -1.123251e-02  1.102261e-02 -7.134263e-03 
 1.505000e+04  9.092283e+00 -1.128855e-02  1.107632e-02 -7.172762e-03 
 1.510000e+04  9.261832e+00 -1.134662e-02  1.113156e-02 -7.212504e-03 
 1.515000e+04  9.431381e+00 -1.140418e-02  1.118624e-02 -7.251912e-03 
 1.520000e+04  9.600930e+00 -1.146092e-02  1.124025e-02 -7.290813e-03 
 1.525000e+04  9.770479e+00 -1.151704e-02  1.129380e-02 -7.329248e-03 
 1.530000e+04  9.947658e+00 -1.157527e-02  1.134959e-02 -7.369072e-03 
 1.535000e+04  1.012568e+01 -1.163308e-02  1.140517e-02 -7.408665e-03 
 1.540000e+04  1.030460e+01 -1.169035e-02  1.146034e-02 -7.448014e-03 
 1.545000e+04  1.049658e+01 -1.175135e-02  1.151896e-02 -7.489888e-03 
 1.550000e+04  1.069285e+01 -1.181324e-02  1.157819e-02 -7.532357e-03 
 1.555000e+04  1.088912e+01 -1.187434e-02  1.163652e-02 -7.574318e-03 
 1.560000e+04  1.108795e+01 -1.193560e-02  1.169484e-02 -7.616282e-03 
 1.565000e+04  1.129404e+01 -1.199868e-02  1.175486e-02 -7.659341e-03 
 1.570000e+04  1.150013e+01 -1.206106e-02  1.181431e-02 -7.702010e-03 
 1.575000e+04  1.170621e+01 -1.212258e-02  1.187311e-02 -7.744147e-03 
 1.580000e+04  1.191725e+01 -1.218490e-02  1.193285e-02 -7.786858e-03 
 1.585000e+04  1.213364e+01 -1.224829e-02  1.199370e-02 -7.830379e-03 
 1.590000e+04  1.235003e+01 -1.231091e-02  1.205376e-02 -7.873388e-03 
 1.595000e+04  1.257518e+01 -1.237545e-02  1.211530e-02 -7.917590e-03 
 1.600000e+04  1.281375e+01 -1.244348e-02  1.217991e-02 -7.964038e-03 
 1.605000e+04  1.305232e+01 -1.251091e-02  1.224373e-02 -8.009971e-03 
 1.610000e+04  1.329090e+01 -1.257739e-02  1.230662e-02 -8.055330e-03 
 1.615000e+04  1.352947e+01 -1.264320e-02  1.236896e-02 -8.100216e-03 
 1.620000e+04  1.376804e+01 -1.270839e-02  1.243094e-02 -8.144724e-03 
 1.625000e+04  1.400661e+01 -1.277273e-02  1.249233e-02 -8.188810e-03 
 1.630000e+04  1.425614e+01 -1.283926e-02  1.255593e-02 -8.234359e-03 
 1.635000e+04  1.452837e+01 -1.291132e-02  1.262471e-02 -8.283615e-03 
 1.640000e+04  1.480455e+01 -1.298374e-02  1.269369e-02 -8.333159e-03 
 1.645000e+04  1.508072e+01 -1.305521e-02  1.276155e-02 -8.382035e-03 
 1.650000e+04  1.536464e+01 -1.312800e-02  1.283054e-02 -8.431679e-03 
 1.655000e+04  1.565462e+01 -1.320179e-02  1.290028e-02 -8.481892e-03 
 1.660000e+04  1.594461e+01 -1.327464e-02  1.296928e-02 -8.531545e-03 
 1.665000e+04  1.623517e+01 -1.334669e-02  1.303767e-02 -8.580784e-03 
 1.670000e+04  1.654423e+01 -1.342256e-02  1.310988e-02 -8.632680e-03 
 1.675000e+04  1.686394e+01 -1.350026e-02  1.318380e-02 -8.685829e-03 
 1.680000e+04  1.718365e+01 -1.357701e-02  1.325687e-02 -8.738287e-03 
 1.685000e+04  1.751199e+01 -1.365514e-02  1.333094e-02 -8.791430e-03 
 1.690000e+04  1.786011e+01 -1.373733e-02  1.340853e-02 -8.847258e-03 
 1.695000e+04  1.821259e+01 -1.381956e-02  1.348607e-02 -8.903223e-03 
 1.700000e+04  1.856507e+01 -1.390067e-02  1.356258e-02 -8.958510e-03 
 1.705000e+04  1.892636e+01 -1.398300e-02  1.364017e-02 -9.014530e-03 
 1.710000e+04  1.929646e+01 -1.406645e-02  1.371895e-02 -9.071305e-03 
 1.715000e+04  1.966657e+01 -1.414879e-02  1.379682e-02 -9.127362e-03 
 1.720000e+04  2.004481e+01 -1.423201e-02  1.387558e-02 -9.183966e-03 
 1.725000e+04  2.043342e+01 -1.431672e-02  1.395568e-02 -9.241575e-03 
 1.730000e+04  2.082203e+01 -1.440047e-02  1.403484e-02 -9.298571e-03 
 1.735000e+04  2.121064e+01 -1.448324e-02  1.411287e-02 -9.354851e-03 
 1.740000e+04  2.163056e+01 -1.457182e-02  1.419617e-02 -9.414984e-03 
 1.745000e+04  2.205900e+01 -1.466129e-02  1.428030e-02 -9.475733e-03 
 1.750000e+04  2.248744e+01 -1.474961e-02  1.436340e-02 -9.535701e-03 
 1.755000e+04  2.291674e+01 -1.483699e-02  1.444570e-02 -9.595032e-03 
 1.760000e+04  2.336660e+01 -1.492763e-02  1.453120e-02 -9.656604e-03 
 1.765000e+04  2.381647e+01 -1.501721e-02  1.461581e-02 -9.717513e-03 
 1.770000e+04  2.426633e+01 -1.510564e-02  1.469934e-02 -9.777634e-03 
 1.775000e+04  2.474721e+01 -1.519934e-02  1.478753e-02 -9.841141e-03 
 1.780000e+04  2.524319e+01 -1.529515e-02  1.487743e-02 -9.906021e-03 
 1.785000e+04  2.573916e+01 -1.538977e-02  1.496606e-02 -9.970081e-03 
 1.790000e+04  2.623514e+01 -1.548327e-02  1.505352e-02 -1.003329e-02 
 1.795000e+04  2.674798e+01 -1.557902e-02  1.514295e-02 -1.009795e-02 
 1.800000e+04  2.726875e+01 -1.567516e-02  1.523276e-02 -1.016288e-02 
 1.805000e+04  2.778953e+01 -1.576997e-02  1.532154e-02 -1.022703e-02 
 1.810000e+04  2.832384e+01 -1.586621e-02  1.541170e-02 -1.029210e-02 
 1.815000e+04  2.887065e+01 -1.596372e-02  1.550303e-02 -1.035798e-02 
 1.820000e+04  2.941747e+01 -1.606002e-02  1.559313e-02 -1.042305e-02 
 1.825000e+04  2.997975e+01 -1.615795e-02  1.568462e-02 -1.048915e-02 
 1.830000e+04  3.058261e+01 -1.626204e-02  1.578164e-02 -1.055923e-02 
 1.835000e+04  3.118547e+01 -1.636491e-02  1.587741e-02 -1.062854e-02 
 1.840000e+04  3.178834e+01 -1.646632e-02  1.597190e-02 -1.069694e-02 
 1.845000e+04  3.240265e+01 -1.656842e-02  1.606712e-02 -1.076578e-02 
 1.850000e+04  3.303566e+01 -1.667254e-02  1.616431e-02 -1.083601e-02 
 1.855000e+04  3.366866e+01 -1.677534e-02  1.626040e-02 -1.090536e-02 
 1.860000e+04  3.432287e+01 -1.688035e-02  1.635848e-02 -1.097606e-02 
 1.865000e+04  3.502076e+01 -1.699134e-02  1.646197e-02 -1.105073e-02 
 1.870000e+04  3.571864e+01 -1.710107e-02  1.656397e-02 -1.112447e-02 
 1.875000e+04  3.641653e+01 -1.720942e-02  1.666452e-02 -1.119720e-02 
 1.880000e+04  3.714094e+01 -1.732063e-02  1.676751e-02 -1.127183e-02 
 1.885000e+04  3.787372e+01 -1.743184e-02  1.687044e-02 -1.134648e-02 
 1.890000e+04  3.860650e+01 -1.754160e-02  1.697222e-02 -1.142018e-02 
 1.895000e+04  3.935540e+01 -1.765248e-02  1.707503e-02 -1.149451e-02 
 1.900000e+04  4.015714e+01 -1.776993e-02  1.718394e-02 -1.157318e-02 
 1.905000e+04  4.096503e+01 -1.788681e-02  1.729236e-02 -1.165151e-02 
 1.910000e+04  4.177373e+01 -1.800229e-02  1.739928e-02 -1.172883e-02 
 1.915000e+04  4.264407e+01 -1.812524e-02  1.751282e-02 -1.181103e-02 
 1.920000e+04  4.353477e+01 -1.824961e-02  1.762752e-02 -1.189418e-02 
 1.925000e+04  4.442547e+01 -1.837223e-02  1.774067e-02 -1.197621e-02 
 1.930000e+04  4.532062e+01 -1.849390e-02  1.785279e-02 -1.205744e-02 
 1.935000e+04  4.625586e+01 -1.861957e-02  1.796861e-02 -1.214127e-02 
 1.940000e+04  4.719109e+01 -1.874358e-02  1.808307e-02 -1.222409e-02 
 1.945000e+04  4.813755e+01 -1.886738e-02  1.819734e-02 -1.230671e-02 
 1.950000e+04  4.915883e+01 -1.899944e-02  1.831913e-02 -1.239476e-02 
 1.955000e+04  5.018993e+01 -1.913126e-02  1.844043e-02 -1.248258e-02 
 1.960000e+04  5.122102e+01 -1.926124e-02  1.855990e-02 -1.256911e-02 
 1.965000e+04  5.231424e+01 -1.939734e-02  1.868470e-02 -1.265955e-02 
 1.970000e+04  5.345103e+01 -1.953723e-02  1.881282e-02 -1.275247e-02 
 1.975000e+04  5.458781e+01 -1.967506e-02  1.893915e-02 -1.284406e-02 
 1.980000e+04  5.573255e+01 -1.981195e-02  1.906450e-02 -1.293488e-02 
 1.985000e+04  5.696915e+01 -1.995797e-02  1.919823e-02 -1.303170e-02 
 1.990000e+04  5.822245e+01 -2.010400e-02  1.933198e-02 -1.312851e-02 
 1.995000e+04  5.947576e+01 -2.024788e-02  1.946363e-02 -1.322386e-02 
 2.000000e+04  6.079762e+01 -2.039757e-02  1.960033e-02 -1.332294e-02 
 2.005000e+04  6.217939e+01 -2.055212e-02  1.974125e-02 -1.342515e-02 
 2.010000e+04  6.356116e+01 -2.070435e-02  1.988002e-02 -1.352581e-02 
 2.015000e+04  6.494569e+01 -2.085463e-02  2.001688e-02 -1.362499e-02 
 2.020000e+04  6.639654e+01 -2.100994e-02  2.015830e-02 -1.372748e-02 
 2.025000e+04  6.784740e+01 -2.116305e-02  2.029774e-02 -1.382852e-02 
 2.030000e+04  6.930841e+01 -2.131485e-02  2.043602e-02 -1.392867e-02 
 2.035000e+04  7.089884e+01 -2.147794e-02  2.058446e-02 -1.403618e-02 
 2.040000e+04  7.249841e+01 -2.163978e-02  2.073157e-02 -1.414274e-02 
 2.045000e+04  7.409798e+01 -2.179909e-02  2.087627e-02 -1.424754e-02 
 2.050000e+04  7.575394e+01 -2.196159e-02  2.102356e-02 -1.435433e-02 
 2.055000e+04  7.751746e+01 -2.213236e-02  2.117816e-02 -1.446648e-02 
 2.060000e+04  7.928099e+01 -2.230051e-02  2.133043e-02 -1.457686e-02 
 2.065000e+04  8.104451e+01 -2.246603e-02  2.148016e-02 -1.468534e-02 
 2.070000e+04  8.293219e+01 -2.264063e-02  2.163789e-02 -1.479967e-02 
 2.075000e+04  8.487648e+01 -2.281787e-02  2.179801e-02 -1.491577e-02 
 2.080000e+04  8.682077e+01 -2.299224e-02  2.195551e-02 -1.502984e-02 
 2.085000e+04  8.887423e+01 -2.317359e-02  2.211899e-02 -1.514828e-02 
 2.090000e+04  9.101780e+01 -2.336018e-02  2.228690e-02 -1.527009e-02 
 2.095000e+04  9.316138e+01 -2.354369e-02  2.245190e-02 -1.538982e-02 
 2.100000e+04  9.533496e+01 -2.372665e-02  2.261621e-02 -1.550902e-02 
 2.105000e+04  9.769376e+01 -2.392225e-02  2.279167e-02 -1.563633e-02 
 2.110000e+04  1.000570e+02 -2.411500e-02  2.296458e-02 -1.576176e-02 
 2.115000e+04  1.024203e+02 -2.430430e-02  2.313441e-02 -1.588488e-02 
 2.120000e+04  1.049523e+02 -2.450380e-02  2.331319e-02 -1.601448e-02 
 2.125000e+04  1.075578e+02 -2.470585e-02  2.349421e-02 -1.614569e-02 
 2.130000e+04  1.101633e+02 -2.490422e-02  2.367191e-02 -1.627446e-02 
 2.135000e+04  1.128131e+02 -2.510241e-02  2.384914e-02 -1.640296e-02 
 2.140000e+04  1.156502e+02 -2.531117e-02  2.403567e-02 -1.653825e-02 
 2.145000e+04  1.185228e+02 -2.551890e-02  2.422132e-02 -1.667280e-02 
 2.150000e+04  1.213954e+02 -2.572286e-02  2.440338e-02 -1.680467e-02 
 2.155000e+04  1.243685e+02 -2.593023e-02  2.458830e-02 -1.693869e-02 
 2.160000e+04  1.273847e+02 -2.613703e-02  2.477265e-02 -1.707233e-02 
 2.165000e+04  1.304010e+02 -2.634008e-02  2.495357e-02 -1.720342e-02 
 2.170000e+04  1.336481e+02 -2.655495e-02  2.514472e-02 -1.734197e-02 
 2.175000e+04  1.369735e+02 -2.677145e-02  2.533714e-02 -1.748147e-02 
 2.180000e+04  1.402989e+02 -2.698399e-02  2.552588e-02 -1.761829e-02 
 2.185000e+04  1.436542e+02 -2.719442e-02  2.571244e-02 -1.775356e-02 
 2.190000e+04  1.473065e+02 -2.741952e-02  2.591185e-02 -1.789820e-02 
 2.195000e+04  1.509727e+02 -2.764143e-02  2.610839e-02 -1.804078e-02 
 2.200000e+04  1.546389e+02 -2.785912e-02  2.630098e-02 -1.818047e-02 
 2.205000e+04  1.584416e+02 -2.808073e-02  2.649674e-02 -1.832251e-02 
 2.210000e+04  1.624836e+02 -2.831214e-02  2.670109e-02 -1.847081e-02 
 2.215000e+04  1.665256e+02 -2.853909e-02  2.690146e-02 -1.861617e-02 
 2.220000e+04  1.705677e+02 -2.876158e-02  2.709767e-02 -1.875853e-02 
 2.225000e+04  1.747552e+02 -2.898771e-02  2.729692e-02 -1.890316e-02 
 2.230000e+04  1.789994e+02 -2.921258e-02  2.749504e-02 -1.904696e-02 
 2.235000e+04  1.832435e+02 -2.943302e-02  2.768928e-02 -1.918787e-02 
 2.240000e+04  1.878475e+02 -2.966770e-02  2.789598e-02 -1.933782e-02 
 2.245000e+04  1.925267e+02 -2.990190e-02  2.810220e-02 -1.948741e-02 
 2.250000e+04  1.972058e+02 -3.013142e-02  2.830416e-02 -1.963390e-02 
 2.255000e+04  2.018897e+02 -3.035655e-02  2.850203e-02 -1.977744e-02 
 2.260000e+04  2.068028e+02 -3.058815e-02  2.870544e-02 -1.992511e-02 
 2.265000e+04  2.117159e+02 -3.081527e-02  2.890477e-02 -2.006988e-02 
 2.270000e+04  2.167420e+02 -3.104314e-02  2.910450e-02 -2.021497e-02 
 2.275000e+04  2.221329e+02 -3.128320e-02  2.931466e-02 -2.036772e-02 
 2.280000e+04  2.275497e+02 -3.151982e-02  2.952168e-02 -2.051824e-02 
 2.285000e+04  2.329664e+02 -3.175151e-02  2.972426e-02 -2.066551e-02 
 2.290000e+04  2.384427e+02 -3.198091e-02  2.992460e-02 -2.081125e-02 
 2.295000e+04  2.444032e+02 -3.222582e-02  3.013837e-02 -2.096689e-02 
 2.300000e+04  2.503751e+02 -3.246642e-02  3.034825e-02 -2.111973e-02 
 2.305000e+04  2.563471e+02 -3.270204e-02  3.055361e-02 -2.126930e-02 
 2.310000e+04  2.623190e+02 -3.293272e-02  3.075453e-02 -2.141574e-02 
 2.315000e+04  2.682909e+02 -3.315849e-02  3.095124e-02 -2.155912e-02 
 2.320000e+04  2.745316e+02 -3.338957e-02  3.115272e-02 -2.170589e-02 
 2.325000e+04  2.813263e+02 -3.363644e-02  3.136802e-02 -2.186269e-02 
 2.330000e+04  2.882396e+02 -3.388283e-02  3.158294e-02 -2.201920e-02 
 2.335000e+04  2.951528e+02 -3.412398e-02  3.179312e-02 -2.217235e-02 
 2.340000e+04  3.020660e+02 -3.435978e-02  3.199839e-02 -2.232205e-02 
 2.345000e+04  3.089793e+02 -3.459044e-02  3.219895e-02 -2.246851e-02 
 2.350000e+04  3.159617e+02 -3.481851e-02  3.239704e-02 -2.261326e-02 
 2.355000e+04  3.235618e+02 -3.506202e-02  3.260831e-02 -2.276770e-02 
 2.360000e+04  3.311836e+02 -3.530161e-02  3.281600e-02 -2.291962e-02 
 2.365000e+04  3.388055e+02 -3.553623e-02  3.301933e-02 -2.306843e-02 
 2.370000e+04  3.464273e+02 -3.576578e-02  3.321821e-02 -2.321401e-02 
 2.375000e+04  3.540492e+02 -3.599033e-02  3.341278e-02 -2.335645e-02 
 2.380000e+04  3.616863e+02 -3.621057e-02  3.360360e-02 -2.349622e-02 
 2.385000e+04  3.696892e+02 -3.643678e-02  3.379955e-02 -2.363989e-02 
 2.390000e+04  3.776922e+02 -3.665859e-02  3.399170e-02 -2.378084e-02 
 2.395000e+04  3.856951e+02 -3.687602e-02  3.418010e-02 -2.391901e-02 
 2.400000e+04  3.939382e+02 -3.709555e-02  3.437027e-02 -2.405843e-02 
 2.405000e+04  4.023413e+02 -3.731496e-02  3.456033e-02 -2.419781e-02 
 2.410000e+04  4.107444e+02 -3.752996e-02  3.474649e-02 -2.433446e-02 
 2.415000e+04  4.193575e+02 -3.774587e-02  3.493336e-02 -2.447181e-02 
 2.420000e+04  4.281808e+02 -3.796279e-02  3.512101e-02 -2.460984e-02 
 2.425000e+04  4.371011e+02 -3.817789e-02  3.530691e-02 -2.474663e-02 
 2.430000e+04  4.463655e+02 -3.839711e-02  3.549611e-02 -2.488595e-02 
 2.435000e+04  4.556299e+02 -3.861206e-02  3.568141e-02 -2.502257e-02 
 2.440000e+04  4.648943e+02 -3.882265e-02  3.586282e-02 -2.515648e-02 
 2.445000e+04  4.741587e+02 -3.902896e-02  3.604046e-02 -2.528769e-02 
 2.450000e+04  4.834232e+02 -3.923121e-02  3.621462e-02 -2.541636e-02 
 2.455000e+04  4.930211e+02 -3.943673e-02  3.639162e-02 -2.554715e-02 
 2.460000e+04  5.027487e+02 -3.964113e-02  3.656772e-02 -2.567732e-02 
 2.465000e+04  5.124764e+02 -3.984160e-02  3.674056e-02 -2.580513e-02 
 2.470000e+04  5.222915e+02 -4.003995e-02  3.691172e-02 -2.593173e-02 
 2.475000e+04  5.325056e+02 -4.024245e-02  3.708655e-02 -2.606102e-02 
 2.480000e+04  5.427196e+02 -4.044116e-02  3.725810e-02 -2.618791e-02 
 2.485000e+04  5.529336e+02 -4.063608e-02  3.742631e-02 -2.631242e-02 
 2.490000e+04  5.631476e+02 -4.082729e-02  3.759114e-02 -2.643457e-02 
 2.495000e+04  5.733616e+02 -4.101494e-02  3.775276e-02 -2.655448e-02 
 2.500000e+04  5.840148e+02 -4.120713e-02  3.791825e-02 -2.667732e-02 
 2.505000e+04  5.947396e+02 -4.139730e-02  3.808189e-02 -2.679887e-02 
 2.510000e+04  6.054643e+02 -4.158408e-02  3.824257e-02 -2.691830e-02 
 2.515000e+04  6.161890e+02 -4.176747e-02  3.840030e-02 -2.703563e-02 
 2.520000e+04  6.269137e+02 -4.194754e-02  3.855515e-02 -2.715088e-02 
 2.525000e+04  6.376384e+02 -4.212443e-02  3.870724e-02 -2.726414e-02 
 2.530000e+04  6.484275e+02 -4.229930e-02  3.885756e-02 -2.737615e-02 
 2.535000e+04  6.596884e+02 -4.247884e-02  3.901178e-02 -2.749114e-02 
 2.540000e+04  6.709494e+02 -4.265548e-02  3.916335e-02 -2.760433e-02 
 2.545000e+04  6.822104e+02 -4.282909e-02  3.931235e-02 -2.771570e-02 
 2.550000e+04  6.934713e+02 -4.299969e-02  3.945878e-02 -2.782518e-02 
 2.555000e+04  7.047323e+02 -4.316735e-02  3.960275e-02 -2.793280e-02 
 2.560000e+04  7.160308e+02 -4.333269e-02  3.974478e-02 -2.803899e-02 
 2.565000e+04  7.276049e+02 -4.349928e-02  3.988790e-02 -2.814602e-02 
 2.570000e+04  7.391789e+02 -4.366326e-02  4.002873e-02 -2.825145e-02 
 2.575000e+04  7.507530e+02 -4.382455e-02  4.016731e-02 -2.835526e-02 
 2.580000e+04  7.623271e+02 -4.398323e-02  4.030363e-02 -2.845740e-02 
 2.585000e+04  7.739012e+02 -4.413944e-02  4.043778e-02 -2.855796e-02 
 2.590000e+04  7.854752e+02 -4.429318e-02  4.056986e-02 -2.865702e-02 
 2.595000e+04  7.970493e+02 -4.444447e-02  4.069987e-02 -2.875453e-02 
 2.600000e+04  8.086234e+02 -4.459349e-02  4.082790e-02 -2.885060e-02 
 2.605000e+04  8.201975e+02 -4.474031e-02  4.095406e-02 -2.894535e-02 
 2.610000e+04  8.317715e+02 -4.488503e-02  4.107839e-02 -2.903877e-02 
 2.615000e+04  8.433456e+02 -4.502773e-02  4.120092e-02 -2.913090e-02 
 2.620000e+04  8.549197e+02 -4.516850e-02  4.132164e-02 -2.922175e-02 
 2.625000e+04  8.664937e+02 -4.530738e-02  4.144062e-02 -2.931138e-02 
 2.630000e+04  8.780678e+02 -4.544441e-02  4.155791e-02 -2.939983e-02 
 2.635000e+04  8.896419e+02 -4.557961e-02  4.167362e-02 -2.948713e-02 
 2.640000e+04  9.012160e+02 -4.571295e-02  4.178779e-02 -2.957327e-02 
 2.645000e+04  9.127900e+02 -4.584457e-02  4.190047e-02 -2.965833e-02 
 2.650000e+04  9.243641e+02 -4.597447e-02  4.201171e-02 -2.974236e-02 
 2.655000e+04  9.359382e+02 -4.610264e-02  4.212157e-02 -2.982534e-02 
 2.660000e+04  9.475123e+02 -4.622918e-02  4.223012e-02 -2.990728e-02 
 2.665000e+04  9.590863e+02 -4.635418e-02  4.233739e-02 -2.998824e-02 
 2.670000e+04  9.706604e+02 -4.647757e-02  4.244337e-02 -3.006820e-02 
 2.675000e+04  9.822345e+02 -4.659941e-02  4.254808e-02 -3.014719e-02 
 2.680000e+04  9.938086e+02 -4.671976e-02  4.265157e-02 -3.022529e-02 
 2.685000e+04  1.005383e+03 -4.683865e-02  4.275388e-02 -3.030251e-02 
 2.690000e+04  1.016957e+03 -4.695621e-02  4.285508e-02 -3.037886e-02 
 2.695000e+04  1.028531e+03 -4.707245e-02  4.295515e-02 -3.045433e-02 
 2.700000e+04  1.040105e+03 -4.718740e-02  4.305408e-02 -3.052893e-02 
 2.705000e+04  1.051679e+03 -4.730112e-02  4.315184e-02 -3.060273e-02 
 2.710000e+04  1.063253e+03 -4.741358e-02  4.324850e-02 -3.067574e-02 
 2.715000e+04  1.074827e+03 -4.752484e-02  4.334414e-02 -3.074796e-02 
 2.720000e+04  1.086401e+03 -4.763491e-02  4.343874e-02 -3.081940e-02 
 2.725000e+04  1.097975e+03 -4.774381e-02  4.353233e-02 -3.089008e-02 
 2.730000e+04  1.109549e+03 -4.785159e-02  4.362494e-02 -3.096007e-02 
 2.735000e+04  1.121123e+03 -4.795824e-02  4.371662e-02 -3.102936e-02 
 2.740000e+04  1.132697e+03 -4.806378e-02  4.380742e-02 -3.109797e-02 
 2.745000e+04  1.144272e+03 -4.816825e-02  4.389734e-02 -3.116587e-02 
 2.750000e+04  1.155846e+03 -4.827171e-02  4.398636e-02 -3.123313e-02 
 2.755000e+04  1.167420e+03 -4.837420e-02  4.407448e-02 -3.129976e-02 
 2.760000e+04  1.178994e+03 -4.847568e-02  4.416174e-02 -3.136579e-02 
 2.765000e+04  1.190568e+03 -4.857608e-02  4.424814e-02 -3.143118e-02 
 2.770000e+04  1.202142e+03 -4.867549e-02  4.433376e-02 -3.149600e-02 
 2.775000e+04  1.213716e+03 -4.877393e-02  4.441861e-02 -3.156023e-02 
 2.780000e+04  1.225290e+03 -4.887147e-02  4.450273e-02 -3.162390e-02 
 2.785000e+04  1.236864e+03 -4.896817e-02  4.458608e-02 -3.168702e-02 
 2.790000e+04  1.248438e+03 -4.906401e-02  4.466862e-02 -3.174957e-02 
 2.795000e+04  1.260012e+03 -4.915903e-02  4.475036e-02 -3.181160e-02 
 2.800000e+04  1.271586e+03 -4.925325e-02  4.483128e-02 -3.187317e-02 
 2.805000e+04  1.283160e+03 -4.934664e-02  4.491145e-02 -3.193424e-02 
 2.810000e+04  1.294734e+03 -4.943923e-02  4.499093e-02 -3.199482e-02 
 2.815000e+04  1.306309e+03 -4.953109e-02  4.506980e-02 -3.205490e-02 
 2.820000e+04  1.317883e+03 -4.962222e-02  4.514803e-02 -3.211452e-02 
 2.825000e+04  1.329457e+03 -4.971261e-02  4.522564e-02 -3.217368e-02 
 2.830000e+04  1.341031e+03 -4.980224e-02  4.530258e-02 -3.223242e-02 
 2.835000e+04  1.352605e+03 -4.989113e-02  4.537888e-02 -3.229073e-02 
 2.840000e+04  1.364179e+03 -4.997927e-02  4.545463e-02 -3.234864e-02 
 2.845000e+04  1.375753e+03 -5.006667e-02  4.552984e-02 -3.240611e-02 
 2.850000e+04  1.387327e+03 -5.015331e-02  4.560449e-02 -3.246314e-02 
 2.855000e+04  1.398901e+03 -5.023924e-02  4.567867e-02 -3.251978e-02 
 2.860000e+04  1.410475e+03 -5.032449e-02  4.575234e-02 -3.257602e-02 
 2.865000e+04  1.422049e+03 -5.040905e-02  4.582551e-02 -3.263185e-02 
 2.870000e+04  1.433623e+03 -5.049297e-02  4.589814e-02 -3.268727e-02 
 2.875000e+04  1.445197e+03 -5.057627e-02  4.597022e-02 -3.274232e-02 
 2.880000e+04  1.456772e+03 -5.065893e-02  4.604173e-02 -3.279701e-02 
 2.885000e+04  1.468346e+03 -5.074095e-02  4.611273e-02 -3.285135e-02 
 2.890000e+04  1.479920e+03 -5.082237e-02  4.618328e-02 -3.290533e-02 
 2.895000e+04  1.491494e+03 -5.090327e-02  4.625339e-02 -3.295898e-02 
 2.900000e+04  1.503068e+03 -5.098367e-02  4.632306e-02 -3.301227e-02 
 2.905000e+04  1.514642e+03 -5.106362e-02  4.639226e-02 -3.306525e-02 
 2.910000e+04  1.526216e+03 -5.114308e-02  4.646095e-02 -3.311788e-02 
 2.915000e+04  1.537790e+03 -5.122204e-02  4.652917e-02 -3.317018e-02 
 2.920000e+04  1.549364e+03 -5.130048e-02  4.659696e-02 -3.322216e-02 
 2.925000e+04  1.560938e+03 -5.137837e-02  4.666432e-02 -3.327379e-02 
 2.930000e+04  1.572512e+03 -5.145570e-02  4.673125e-02 -3.332508e-02 
 2.935000e+04  1.584086e+03 -5.153250e-02  4.679778e-02 -3.337604e-02 
 2.940000e+04  1.595660e+03 -5.160877e-02  4.686392e-02 -3.342670e-02 
 2.945000e+04  1.607234e+03 -5.168454e-02  4.692973e-02 -3.347706e-02 
 2.950000e+04  1.618809e+03 -5.175984e-02  4.699518e-02 -3.352711e-02 
 2.955000e+04  1.630383e+03 -5.183470e-02  4.706032e-02 -3.357686e-02 
 2.960000e+04  1.641957e+03 -5.190912e-02  4.712505e-02 -3.362630e-02 
 2.965000e+04  1.653531e+03 -5.198314e-02  4.718937e-02 -3.367543e-02 
 2.970000e+04  1.665105e+03 -5.205672e-02  4.725328e-02 -3.372426e-02 
 2.975000e+04  1.676679e+03 -5.212988e-02  4.731679e-02 -3.377281e-02 
 2.980000e+04  1.688253e+03 -5.220264e-02  4.737989e-02 -3.382110e-02 
 2.985000e+04  1.699827e+03 -5.227499e-02  4.744258e-02 -3.386909e-02 
 2.990000e+04  1.711401e+03 -5.234702e-02  4.750489e-02 -3.391684e-02 
 2.995000e+04  1.722975e+03 -5.241868e-02  4.756681e-02 -3.396432e-02 
 3.000000e+04  1.734549e+03 -5.248998e-02  4.762836e-02 -3.401153e-02 
 3.005000e+04  1.746123e+03 -5.256093e-02  4.768955e-02 -3.405853e-02 
 3.010000e+04  1.757697e+03 -5.263153e-02  4.775038e-02 -3.410529e-02 
 3.015000e+04  1.769272e+03 -5.270181e-02  4.781087e-02 -3.415181e-02 
 3.020000e+04  1.780846e+03 -5.277174e-02  4.787100e-02 -3.419809e-02 
 3.025000e+04  1.792420e+03 -5.284134e-02  4.793082e-02 -3.424413e-02 
 3.030000e+04  1.803994e+03 -5.291063e-02  4.799032e-02 -3.428996e-02 
 3.035000e+04  1.815568e+03 -5.297962e-02  4.804946e-02 -3.433557e-02 
 3.040000e+04  1.827142e+03 -5.304827e-02  4.810826e-02 -3.438095e-02 
 3.045000e+04  1.838716e+03 -5.311662e-02  4.816676e-02 -3.442610e-02 
 3.050000e+04  1.850290e+03 -5.318470e-02  4.822494e-02 -3.447105e-02 
 3.055000e+04  1.861864e+03 -5.325252e-02  4.828283e-02 -3.451578e-02 
 3.060000e+04  1.873438e+03 -5.332008e-02  4.834040e-02 -3.456030e-02 
 3.065000e+04  1.885012e+03 -5.338739e-02  4.839764e-02 -3.460464e-02 
 3.070000e+04  1.896586e+03 -5.345441e-02  4.845453e-02 -3.464875e-02 
 3.075000e+04  1.908160e+03 -5.352115e-02  4.851110e-02 -3.469267e-02 
 3.080000e+04  1.919734e+03 -5.358760e-02  4.856738e-02 -3.473639e-02 
 3.085000e+04  1.931309e+03 -5.365376e-02  4.862337e-02 -3.477989e-02 
 3.090000e+04  1.942883e+03 -5.371964e-02  4.867907e-02 -3.482318e-02 
 3.095000e+04  1.954457e+03 -5.378521e-02  4.873446e-02 -3.486627e-02 
 3.100000e+04  1.966031e+03 -5.385053e-02  4.878955e-02 -3.490918e-02 
 3.105000e+04  1.977605e+03 -5.391559e-02  4.884436e-02 -3.495190e-02 
 3.110000e+04  1.989179e+03 -5.398033e-02  4.889888e-02 -3.499444e-02 
 3.115000e+04  2.000753e+03 -5.404473e-02  4.895314e-02 -3.503676e-02 
 3.120000e+04  2.012327e+03 -5.410881e-02  4.900712e-02 -3.507891e-02 
 3.125000e+04  2.023901e+03 -5.417252e-02  4.906086e-02 -3.512087e-02 
 3.130000e+04  2.035475e+03 -5.423587e-02  4.911438e-02 -3.516263e-02 
 3.135000e+04  2.047049e+03 -5.429885e-02  4.916767e-02 -3.520423e-02 
 3.140000e+04  2.058623e+03 -5.436149e-02  4.922076e-02 -3.524562e-02 
 3.145000e+04  2.070197e+03 -5.442379e-02  4.927364e-02 -3.528682e-02 
 3.150000e+04  2.081772e+03 -5.448578e-02  4.932630e-02 -3.532783e-02 
 3.155000e+04  2.093346e+03 -5.454741e-02  4.937873e-02 -3.536863e-02 
 3.160000e+04  2.104920e+03 -5.460868e-02  4.943090e-02 -3.540922e-02 
 3.165000e+04  2.116494e+03 -5.466960e-02  4.948286e-02 -3.544962e-02 
 3.170000e+04  2.128068e+03 -5.473024e-02  4.953462e-02 -3.548985e-02 
 3.175000e+04  2.139642e+03 -5.479057e-02  4.958619e-02 -3.552987e-02 
 3.180000e+04  2.151216e+03 -5.485061e-02  4.963757e-02 -3.556971e-02 
 3.185000e+04  2.162790e+03 -5.491037e-02  4.968878e-02 -3.560937e-02 
 3.190000e+04  2.174364e+03 -5.496988e-02  4.973980e-02 -3.564887e-02 
 3.195000e+04  2.185938e+03 -5.502912e-02  4.979063e-02 -3.568819e-02 
 3.200000e+04  2.197512e+03 -5.508807e-02  4.984125e-02 -3.572734e-02 
 3.205000e+04  2.209086e+03 -5.514672e-02  4.989167e-02 -3.576629e-02 
 3.210000e+04  2.220660e+03 -5.520509e-02  4.994188e-02 -3.580507e-02 
 3.215000e+04  2.232234e+03 -5.526318e-02  4.999189e-02 -3.584367e-02 
 3.220000e+04  2.243809e+03 -5.532096e-02  5.004175e-02 -3.588208e-02 
 3.225000e+04  2.255383e+03 -5.537846e-02  5.009145e-02 -3.592030e-02 
 3.230000e+04  2.266957e+03 -5.543566e-02  5.014096e-02 -3.595835e-02 
 3.235000e+04  2.278531e+03 -5.549258e-02  5.019030e-02 -3.599623e-02 
 3.240000e+04  2.290105e+03 -5.554924e-02  5.023949e-02 -3.603395e-02 
 3.245000e+04  2.301679e+03 -5.560561e-02  5.028848e-02 -3.607152e-02 
 3.250000e+04  2.313253e+03 -5.566170e-02  5.033726e-02 -3.610892e-02 
 3.255000e+04  2.324827e+03 -5.571753e-02  5.038585e-02 -3.614616e-02 
 3.260000e+04  2.336401e+03 -5.577312e-02  5.043426e-02 -3.618324e-02 
 3.265000e+04  2.347975e+03 -5.582845e-02  5.048247e-02 -3.622014e-02 
 3.270000e+04  2.359549e+03 -5.588354e-02  5.053045e-02 -3.625686e-02 
 3.275000e+04  2.371123e+03 -5.593840e-02  5.057822e-02 -3.629343e-02 
 3.280000e+04  2.382697e+03 -5.599303e-02  5.062577e-02 -3.632984e-02 
 3.285000e+04  2.394272e+03 -5.604746e-02  5.067311e-02 -3.636610e-02 
 3.290000e+04  2.405846e+03 -5.610168e-02  5.072025e-02 -3.640223e-02 
 3.295000e+04  2.417420e+03 -5.615568e-02  5.076721e-02 -3.643821e-02 
 3.300000e+04  2.428994e+03 -5.620946e-02  5.081400e-02 -3.647405e-02 
 3.305000e+04  2.440568e+03 -5.626303e-02  5.086059e-02 -3.650975e-02 
 3.310000e+04  2.452142e+03 -5.631639e-02  5.090702e-02 -3.654532e-02 
 3.315000e+04  2.463716e+03 -5.636955e-02  5.095327e-02 -3.658075e-02 
 3.320000e+04  2.475290e+03 -5.642249e-02  5.099932e-02 -3.661603e-02 
 3.325000e+04  2.486864e+03 -5.647521e-02  5.104517e-02 -3.665113e-02 
 3.330000e+04  2.498438e+03 -5.652771e-02  5.109084e-02 -3.668610e-02 
 3.335000e+04  2.510012e+03 -5.657999e-02  5.113634e-02 -3.672092e-02 
 3.340000e+04  2.521586e+03 -5.663204e-02  5.118167e-02 -3.675560e-02 
 3.345000e+04  2.533160e+03 -5.668386e-02  5.122684e-02 -3.679012e-02 
 3.350000e+04  2.544734e+03 -5.673549e-02  5.127185e-02 -3.682451e-02 
 3.355000e+04  2.556309e+03 -5.678693e-02  5.131667e-02 -3.685876e-02 
 3.360000e+04  2.567883e+03 -5.683818e-02  5.136131e-02 -3.689287e-02 
 3.365000e+04  2.579457e+03 -5.688923e-02  5.140577e-02 -3.692683e-02 
 3.370000e+04  2.591031e+03 -5.694009e-02  5.145004e-02 -3.696066e-02 
 3.375000e+04  2.602605e+03 -5.699075e-02  5.149413e-02 -3.699435e-02 
 3.380000e+04  2.614179e+03 -5.704125e-02  5.153804e-02 -3.702790e-02 
 3.385000e+04  2.625753e+03 -5.709155e-02  5.158180e-02 -3.706133e-02 
 3.390000e+04  2.637327e+03 -5.714167e-02  5.162539e-02 -3.709463e-02 
 3.395000e+04  2.648901e+03 -5.719163e-02  5.166882e-02 -3.712782e-02 
 3.400000e+04  2.660475e+03 -5.724141e-02  5.171207e-02 -3.716087e-02 
 3.405000e+04  2.672049e+03 -5.729103e-02  5.175517e-02 -3.719380e-02 
 3.410000e+04  2.683623e+03 -5.734046e-02  5.179811e-02 -3.722661e-02 
 3.415000e+04  2.695197e+03 -5.738967e-02  5.184090e-02 -3.725930e-02 
 3.420000e+04  2.706772e+03 -5.743867e-02  5.188357e-02 -3.729187e-02 
 3.425000e+04  2.718346e+03 -5.748750e-02  5.192611e-02 -3.732432e-02 
 3.430000e+04  2.729920e+03 -5.753614e-02  5.196853e-02 -3.735667e-02 
 3.435000e+04  2.741494e+03 -5.758460e-02  5.201082e-02 -3.738891e-02 
 3.440000e+04  2.753068e+03 -5.763288e-02  5.205299e-02 -3.742105e-02 
 3.445000e+04  2.764642e+03 -5.768098e-02  5.209503e-02 -3.745309e-02 
 3.450000e+04  2.776216e+03 -5.772892e-02  5.213695e-02 -3.748503e-02 
 3.455000e+04  2.787790e+03 -5.777670e-02  5.217874e-02 -3.751687e-02 
 3.460000e+04  2.799364e+03 -5.782429e-02  5.222040e-02 -3.754860e-02 
 3.465000e+04  2.810938e+03 -5.787170e-02  5.226193e-02 -3.758023e-02 
 3.470000e+04  2.822512e+03 -5.791894e-02  5.230334e-02 -3.761177e-02 
 3.475000e+04  2.834086e+03 -5.796602e-02  5.234463e-02 -3.764322e-02 
 3.480000e+04  2.845660e+03 -5.801292e-02  5.238580e-02 -3.767457e-02 
 3.485000e+04  2.857234e+03 -5.805967e-02  5.242683e-02 -3.770582e-02 
 3.490000e+04  2.868809e+03 -5.810625e-02  5.246774e-02 -3.773699e-02 
 3.495000e+04  2.880383e+03 -5.815266e-02  5.250855e-02 -3.776809e-02 
 3.500000e+04  2.891957e+03 -5.819891e-02  5.254923e-02 -3.779910e-02 
 3.505000e+04  2.903531e+03 -5.824500e-02  5.258980e-02 -3.783003e-02 
 3.510000e+04  2.915105e+03 -5.829092e-02  5.263027e-02 -3.786088e-02 
 3.515000e+04  2.926679e+03 -5.833667e-02  5.267063e-02 -3.789165e-02 
 3.520000e+04  2.938253e+03 -5.838227e-02  5.271087e-02 -3.792234e-02 
 3.525000e+04  2.949827e+03 -5.842770e-02  5.275101e-02 -3.795297e-02 
 3.530000e+04  2.961401e+03 -5.847298e-02  5.279107e-02 -3.798352e-02 
 3.535000e+04  2.972975e+03 -5.851810e-02  5.283102e-02 -3.801399e-02 
 3.540000e+04  2.984549e+03 -5.856306e-02  5.287087e-02 -3.804439e-02 
 3.545000e+04  2.996123e+03 -5.860789e-02  5.291062e-02 -3.807472e-02 
 3.550000e+04  3.007697e+03 -5.865258e-02  5.295028e-02 -3.810497e-02 
 3.555000e+04  3.019272e+03 -5.869714e-02  5.298984e-02 -3.813514e-02 
 3.560000e+04  3.030846e+03 -5.874158e-02  5.302929e-02 -3.816524e-02 
 3.565000e+04  3.042420e+03 -5.878591e-02  5.306865e-02 -3.819526e-02 
 3.570000e+04  3.053994e+03 -5.883010e-02  5.310790e-02 -3.822520e-02 
 3.575000e+04  3.065568e+03 -5.887417e-02  5.314705e-02 -3.825505e-02 
 3.580000e+04  3.077142e+03 -5.891811e-02  5.318611e-02 -3.828482e-02 
 3.585000e+04  3.088716e+03 -5.896193e-02  5.322509e-02 -3.831452e-02 
 3.590000e+04  3.100290e+03 -5.900565e-02  5.326396e-02 -3.834412e-02 
 3.595000e+04  3.111864e+03 -5.904925e-02  5.330273e-02 -3.837367e-02 
 3.600000e+04  3.123438e+03 -5.909273e-02  5.334139e-02 -3.840313e-02 
 3.605000e+04  3.135012e+03 -5.913610e-02  5.337996e-02 -3.843254e-02 
 3.610000e+04  3.146586e+03 -5.917934e-02  5.341844e-02 -3.846187e-02 
 3.615000e+04  3.158160e+03 -5.922246e-02  5.345682e-02 -3.849114e-02 
 3.620000e+04  3.169734e+03 -5.926546e-02  5.349511e-02 -3.852033e-02 
 3.625000e+04  3.181309e+03 -5.930837e-02  5.353331e-02 -3.854947e-02 
 3.630000e+04  3.192883e+03 -5.935118e-02  5.357143e-02 -3.857854e-02 
 3.635000e+04  3.204457e+03 -5.939388e-02  5.360945e-02 -3.860755e-02 
 3.640000e+04  3.216031e+03 -5.943648e-02  5.364739e-02 -3.863649e-02 
 3.645000e+04  3.227605e+03 -5.947898e-02  5.368523e-02 -3.866537e-02 
 3.650000e+04  3.239179e+03 -5.952138e-02  5.372297e-02 -3.869418e-02 
 3.655000e+04  3.250753e+03 -5.956369e-02  5.376061e-02 -3.872293e-02 
 3.660000e+04  3.262327e+03 -5.960590e-02  5.379814e-02 -3.875161e-02 
 3.665000e+04  3.273901e+03 -5.964801e-02  5.383557e-02 -3.878023e-02 
 3.670000e+04  3.285475e+03 -5.969004e-02  5.387291e-02 -3.880878e-02 
 3.675000e+04  3.297049e+03 -5.973199e-02  5.391016e-02 -3.883726e-02 
 3.680000e+04  3.308623e+03 -5.977386e-02  5.394731e-02 -3.886569e-02 
 3.685000e+04  3.320197e+03 -5.981564e-02  5.398437e-02 -3.889406e-02 
 3.690000e+04  3.331772e+03 -5.985733e-02  5.402134e-02 -3.892236e-02 
 3.695000e+04  3.343346e+03 -5.989894e-02  5.405823e-02 -3.895061e-02 
 3.700000e+04  3.354920e+03 -5.994046e-02  5.409503e-02 -3.897879e-02 
 3.705000e+04  3.366494e+03 -5.998191e-02  5.413175e-02 -3.900691e-02 
 3.710000e+04  3.378068e+03 -6.002329e-02  5.416839e-02 -3.903497e-02 
 3.715000e+04  3.389642e+03 -6.006456e-02  5.420494e-02 -3.906297e-02 
 3.720000e+04  3.401216e+03 -6.010576e-02  5.424142e-02 -3.909090e-02 
 3.725000e+04  3.412790e+03 -6.014686e-02  5.427780e-02 -3.911877e-02 
 3.730000e+04  3.424364e+03 -6.018787e-02  5.431410e-02 -3.914657e-02 
 3.735000e+04  3.435938e+03 -6.022878e-02  5.435032e-02 -3.917430e-02 
 3.740000e+04  3.447512e+03 -6.026960e-02  5.438646e-02 -3.920197e-02 
 3.745000e+04  3.459086e+03 -6.031034e-02  5.442251e-02 -3.922958e-02 
 3.750000e+04  3.470660e+03 -6.035100e-02  5.445848e-02 -3.925714e-02 
 3.755000e+04  3.482234e+03 -6.039158e-02  5.449438e-02 -3.928464e-02 
 3.760000e+04  3.493809e+03 -6.043208e-02  5.453018e-02 -3.931208e-02 
 3.765000e+04  3.505383e+03 -6.047250e-02  5.456589e-02 -3.933947e-02 
 3.770000e+04  3.516957e+03 -6.051284e-02  5.460153e-02 -3.936682e-02 
 3.775000e+04  3.528531e+03 -6.055311e-02  5.463710e-02 -3.939411e-02 
 3.780000e+04  3.540105e+03 -6.059331e-02  5.467261e-02 -3.942136e-02 
 3.785000e+04  3.551679e+03 -6.063342e-02  5.470805e-02 -3.944854e-02 
 3.790000e+04  3.563253e+03 -6.067346e-02  5.474341e-02 -3.947567e-02 
 3.795000e+04  3.574827e+03 -6.071341e-02  5.477870e-02 -3.950275e-02 
 3.800000e+04  3.586401e+03 -6.075329e-02  5.481390e-02 -3.952978e-02 
 3.805000e+04  3.597975e+03 -6.079309e-02  5.484903e-02 -3.955675e-02 
 3.810000e+04  3.609549e+03 -6.083282e-02  5.488408e-02 -3.958367e-02 
 3.815000e+04  3.621123e+03 -6.087250e-02  5.491907e-02 -3.961053e-02 
 3.820000e+04  3.632697e+03 -6.091212e-02  5.495400e-02 -3.963735e-02 
 3.825000e+04  3.644272e+03 -6.095167e-02  5.498888e-02 -3.966412e-02 
 3.830000e+04  3.655846e+03 -6.099116e-02  5.502368e-02 -3.969085e-02 
 3.835000e+04  3.667420e+03 -6.103058e-02  5.505842e-02 -3.971752e-02 
 3.840000e+04  3.678994e+03 -6.106993e-02  5.509308e-02 -3.974415e-02 
 3.845000e+04  3.690568e+03 -6.110921e-02  5.512768e-02 -3.977074e-02 
 3.850000e+04  3.702142e+03 -6.114843e-02  5.516222e-02 -3.979727e-02 
 3.855000e+04  3.713716e+03 -6.118759e-02  5.519670e-02 -3.982376e-02 
 3.860000e+04  3.725290e+03 -6.122667e-02  5.523113e-02 -3.985021e-02 
 3.865000e+04  3.736864e+03 -6.126569e-02  5.526548e-02 -3.987660e-02 
 3.870000e+04  3.748438e+03 -6.130464e-02  5.529976e-02 -3.990293e-02 
 3.875000e+04  3.760012e+03 -6.134352e-02  5.533397e-02 -3.992909e-02 
 3.880000e+04  3.771586e+03 -6.138228e-02  5.536813e-02 -3.995492e-02 
 3.885000e+04  3.783160e+03 -6.142082e-02  5.540199e-02 -3.998079e-02 
 3.890000e+04  3.794734e+03 -6.145929e-02  5.543560e-02 -4.000682e-02 
 3.895000e+04  3.806309e+03 -6.149774e-02  5.546924e-02 -4.003300e-02 
 3.900000e+04  3.817883e+03 -6.153622e-02  5.550294e-02 -4.005920e-02 
 3.905000e+04  3.829457e+03 -6.157470e-02  5.553675e-02 -4.008536e-02 
 3.910000e+04  3.841031e+03 -6.161301e-02  5.557064e-02 -4.011138e-02 
 3.915000e+04  3.852605e+03 -6.165131e-02  5.560450e-02 -4.013735e-02 
 3.920000e+04  3.864179e+03 -6.168959e-02  5.563829e-02 -4.016327e-02 
 3.925000e+04  3.875753e+03 -6.172780e-02  5.567199e-02 -4.018911e-02 
 3.930000e+04  3.887327e+03 -6.176591e-02  5.570550e-02 -4.021480e-02 
 3.935000e+04  3.898901e+03 -6.180391e-02  5.573887e-02 -4.024045e-02 
 3.940000e+04  3.910475e+03 -6.184175e-02  5.577211e-02 -4.026602e-02 
 3.945000e+04  3.922049e+03 -6.187954e-02  5.580527e-02 -4.029152e-02 
 3.950000e+04  3.933623e+03 -6.191726e-02  5.583826e-02 -4.031707e-02 
 3.955000e+04  3.945197e+03 -6.195498e-02  5.587117e-02 -4.034271e-02 
 3.960000e+04  3.956772e+03 -6.199264e-02  5.590412e-02 -4.036841e-02 
 3.965000e+04  3.968346e+03 -6.203032e-02  5.593712e-02 -4.039410e-02 
 3.970000e+04  3.979920e+03 -6.206796e-02  5.597018e-02 -4.041970e-02 
 3.975000e+04  3.991494e+03 -6.210546e-02  5.600331e-02 -4.044511e-02 
 3.980000e+04  4.003068e+03 -6.214293e-02  5.603637e-02 -4.047047e-02 
 3.985000e+04  4.014642e+03 -6.218027e-02  5.606933e-02 -4.049573e-02 
 3.990000e+04  4.026216e+03 -6.221746e-02  5.610216e-02 -4.052094e-02 
 3.995000e+04  4.037790e+03 -6.225463e-02  5.613483e-02 -4.054626e-02 
 4.000000e+04  4.049364e+03 -6.229183e-02  5.616746e-02 -4.057159e-02 
 4.005000e+04  4.060938e+03 -6.232899e-02  5.620004e-02 -4.059673e-02 
 4.010000e+04  4.072512e+03 -6.236601e-02  5.623257e-02 -4.062180e-02 
 4.015000e+04  4.084086e+03 -6.240298e-02  5.626504e-02 -4.064682e-02 
 4.020000e+04  4.095660e+03 -6.243971e-02  5.629752e-02 -4.067182e-02 
 4.025000e+04  4.107234e+03 -6.247619e-02  5.632997e-02 -4.069685e-02 
 4.030000e+04  4.118809e+03 -6.251251e-02  5.636246e-02 -4.072176e-02 
 4.035000e+04  4.130383e+03 -6.254883e-02  5.639496e-02 -4.074657e-02 
 4.040000e+04  4.141957e+03 -6.258521e-02  5.642740e-02 -4.077137e-02 
 4.045000e+04  4.153531e+03 -6.262153e-02  5.645977e-02 -4.079621e-02 
 4.050000e+04  4.165105e+03 -6.265804e-02  5.649205e-02 -4.082108e-02 
 4.055000e+04  4.176679e+03 -6.269460e-02  5.652429e-02 -4.084603e-02 
 4.060000e+04  4.188253e+03 -6.273116e-02  5.655653e-02 -4.087095e-02 
 4.065000e+04  4.199827e+03 -6.276774e-02  5.658879e-02 -4.089570e-02 
 4.070000e+04  4.211401e+03 -6.280419e-02  5.662109e-02 -4.092039e-02 
 4.075000e+04  4.222975e+03 -6.284045e-02  5.665329e-02 -4.094507e-02 
 4.080000e+04  4.234549e+03 -6.287660e-02  5.668531e-02 -4.096970e-02 
 4.085000e+04  4.246123e+03 -6.291284e-02  5.671723e-02 -4.099436e-02 
 4.090000e+04  4.257697e+03 -6.294914e-02  5.674912e-02 -4.101898e-02 
 4.095000e+04  4.269272e+03 -6.298560e-02  5.678093e-02 -4.104335e-02 
 4.100000e+04  4.280846e+03 -6.302207e-02  5.681270e-02 -4.106760e-02 
 4.105000e+04  4.292420e+03 -6.305825e-02  5.684446e-02 -4.109187e-02 
 4.110000e+04  4.303994e+03 -6.309418e-02  5.687622e-02 -4.111631e-02 
 4.115000e+04  4.315568e+03 -6.313013e-02  5.690791e-02 -4.114091e-02 
 4.120000e+04  4.327142e+03 -6.316605e-02  5.693958e-02 -4.116554e-02 
 4.125000e+04  4.338716e+03 -6.320179e-02  5.697125e-02 -4.119013e-02 
 4.130000e+04  4.350290e+03 -6.323753e-02  5.700297e-02 -4.121453e-02 
 4.135000e+04  4.361864e+03 -6.327327e-02  5.703483e-02 -4.123877e-02 
 4.140000e+04  4.373438e+03 -6.330910e-02  5.706678e-02 -4.126290e-02 
 4.145000e+04  4.385012e+03 -6.334506e-02  5.709863e-02 -4.128705e-02 
 4.150000e+04  4.396586e+03 -6.338095e-02  5.713039e-02 -4.131128e-02 
 4.155000e+04  4.408160e+03 -6.341656e-02  5.716199e-02 -4.133548e-02 
 4.160000e+04  4.419734e+03 -6.345195e-02  5.719345e-02 -4.135948e-02 
 4.165000e+04  4.431309e+03 -6.348740e-02  5.722487e-02 -4.138342e-02 
 4.170000e+04  4.442883e+03 -6.352267e-02  5.725618e-02 -4.140730e-02 
 4.175000e+04  4.454457e+03 -6.355795e-02  5.728727e-02 -4.143115e-02 
 4.180000e+04  4.466031e+03 -6.359336e-02  5.731835e-02 -4.145507e-02 
 4.185000e+04  4.477605e+03 -6.362886e-02  5.734959e-02 -4.147918e-02 
 4.190000e+04  4.489179e+03 -6.366441e-02  5.738095e-02 -4.150331e-02 
 4.195000e+04  4.500753e+03 -6.370007e-02  5.741237e-02 -4.152738e-02 
 4.200000e+04  4.512327e+03 -6.373576e-02  5.744376e-02 -4.155137e-02 
 4.205000e+04  4.523901e+03 -6.377142e-02  5.747508e-02 -4.157528e-02 
 4.210000e+04  4.535475e+03 -6.380672e-02  5.750630e-02 -4.159900e-02 
 4.215000e+04  4.547049e+03 -6.384171e-02  5.753745e-02 -4.162253e-02 
 4.220000e+04  4.558623e+03 -6.387649e-02  5.756858e-02 -4.164613e-02 
 4.225000e+04  4.570197e+03 -6.391114e-02  5.759967e-02 -4.166986e-02 
 4.230000e+04  4.581772e+03 -6.394592e-02  5.763046e-02 -4.169369e-02 
 4.235000e+04  4.593346e+03 -6.398083e-02  5.766125e-02 -4.171750e-02 
 4.240000e+04  4.604920e+03 -6.401571e-02  5.769218e-02 -4.174111e-02 
 4.245000e+04  4.616494e+03 -6.405054e-02  5.772330e-02 -4.176467e-02 
 4.250000e+04  4.628068e+03 -6.408553e-02  5.775461e-02 -4.178821e-02 
 4.255000e+04  4.639642e+03 -6.412060e-02  5.778594e-02 -4.181174e-02 
 4.260000e+04  4.651216e+03 -6.415569e-02  5.781718e-02 -4.183529e-02 
 4.265000e+04  4.662790e+03 -6.419075e-02  5.784811e-02 -4.185885e-02 
 4.270000e+04  4.674364e+03 -6.422563e-02  5.787891e-02 -4.188234e-02 
 4.275000e+04  4.685938e+03 -6.426043e-02  5.790961e-02 -4.190591e-02 
 4.280000e+04  4.697512e+03 -6.429513e-02  5.794025e-02 -4.192952e-02 
 4.285000e+04  4.709086e+03 -6.432989e-02  5.797082e-02 -4.195305e-02 
 4.290000e+04  4.720660e+03 -6.436444e-02  5.800136e-02 -4.197633e-02 
 4.295000e+04  4.732234e+03 -6.439877e-02  5.803191e-02 -4.199941e-02 
 4.300000e+04  4.743809e+03 -6.443293e-02  5.806250e-02 -4.202249e-02 
 4.305000e+04  4.755383e+03 -6.446720e-02  5.809308e-02 -4.204562e-02 
 4.310000e+04  4.766957e+03 -6.450170e-02  5.812368e-02 -4.206882e-02 
 4.315000e+04  4.778531e+03 -6.453612e-02  5.815422e-02 -4.209216e-02 
 4.320000e+04  4.790105e+03 -6.457064e-02  5.818463e-02 -4.211559e-02 
 4.325000e+04  4.801679e+03 -6.460513e-02  5.821511e-02 -4.213904e-02 
 4.330000e+04  4.813253e+03 -6.463952e-02  5.824560e-02 -4.216231e-02 
 4.335000e+04  4.824827e+03 -6.467393e-02  5.827618e-02 -4.218538e-02 
 4.340000e+04  4.836401e+03 -6.470824e-02  5.830682e-02 -4.220829e-02 
 4.345000e+04  4.847975e+03 -6.474226e-02  5.833745e-02 -4.223110e-02 
 4.350000e+04  4.859549e+03 -6.477628e-02  5.836783e-02 -4.225401e-02 
 4.355000e+04  4.871123e+03 -6.481034e-02  5.839807e-02 -4.227704e-02 
 4.360000e+04  4.882697e+03 -6.484431e-02  5.842833e-02 -4.230009e-02 
 4.365000e+04  4.894272e+03 -6.487847e-02  5.845862e-02 -4.232319e-02 
 4.370000e+04  4.905846e+03 -6.491272e-02  5.848883e-02 -4.234630e-02 
 4.375000e+04  4.917420e+03 -6.494697e-02  5.851894e-02 -4.236929e-02 
 4.380000e+04  4.928994e+03 -6.498118e-02  5.854893e-02 -4.239211e-02 
 4.385000e+04  4.940568e+03 -6.501521e-02  5.857895e-02 -4.241494e-02 
 4.390000e+04  4.952142e+03 -6.504901e-02  5.860906e-02 -4.243763e-02 
 4.395000e+04  4.963716e+03 -6.508280e-02  5.863917e-02 -4.246031e-02 
 4.400000e+04  4.975290e+03 -6.511651e-02  5.866931e-02 -4.248292e-02 
 4.405000e+04  4.986864e+03 -6.515007e-02  5.869939e-02 -4.250565e-02 
 4.410000e+04  4.998438e+03 -6.518329e-02  5.872946e-02 -4.252849e-02 
 4.415000e+04  5.010012e+03 -6.521663e-02  5.875946e-02 -4.255146e-02 
 4.420000e+04  5.021586e+03 -6.525005e-02  5.878930e-02 -4.257432e-02 
 4.425000e+04  5.033160e+03 -6.528347e-02  5.881914e-02 -4.259695e-02 
 4.430000e+04  5.044734e+03 -6.531692e-02  5.884912e-02 -4.261937e-02 
 4.435000e+04  5.056309e+03 -6.535029e-02  5.887918e-02 -4.264181e-02 
 4.440000e+04  5.067883e+03 -6.538371e-02  5.890909e-02 -4.266435e-02 
 4.445000e+04  5.079457e+03 -6.541709e-02  5.893858e-02 -4.268702e-02 
 4.450000e+04  5.091031e+03 -6.545050e-02  5.896771e-02 -4.270975e-02 
 4.455000e+04  5.102605e+03 -6.548398e-02  5.899675e-02 -4.273241e-02 
 4.460000e+04  5.114179e+03 -6.551739e-02  5.902573e-02 -4.275496e-02 
 4.465000e+04  5.125753e+03 -6.555071e-02  5.905484e-02 -4.277736e-02 
 4.470000e+04  5.137327e+03 -6.558390e-02  5.908407e-02 -4.279978e-02 
 4.475000e+04  5.148901e+03 -6.561707e-02  5.911351e-02 -4.282218e-02 
 4.480000e+04  5.160475e+03 -6.565031e-02  5.914311e-02 -4.284461e-02 
 4.485000e+04  5.172049e+03 -6.568358e-02  5.917270e-02 -4.286707e-02 
 4.490000e+04  5.183623e+03 -6.571677e-02  5.920231e-02 -4.288957e-02 
 4.495000e+04  5.195197e+03 -6.574998e-02  5.923198e-02 -4.291204e-02 
 4.500000e+04  5.206772e+03 -6.578317e-02  5.926159e-02 -4.293451e-02 
 4.505000e+04  5.218346e+03 -6.581621e-02  5.929116e-02 -4.295699e-02 
 4.510000e+04  5.229920e+03 -6.584914e-02  5.932069e-02 -4.297948e-02 
 4.515000e+04  5.241494e+03 -6.588199e-02  5.935006e-02 -4.300193e-02 
 4.520000e+04  5.253068e+03 -6.591477e-02  5.937919e-02 -4.302430e-02 
 4.525000e+04  5.264642e+03 -6.594758e-02  5.940811e-02 -4.304650e-02 
 4.530000e+04  5.276216e+03 -6.598047e-02  5.943695e-02 -4.306872e-02 
 4.535000e+04  5.287790e+03 -6.601337e-02  5.946583e-02 -4.309096e-02 
