         Step [creep.tim... Z Displace... Z Displace... X Displace... 
------------- ------------- ------------- ------------- ------------- 
 5.250000e+03  1.276223e-07 -4.629353e-03  4.524540e-03 -2.433365e-03 
 5.300000e+03  3.886505e-06 -4.629543e-03  4.524634e-03 -2.433557e-03 
 5.350000e+03  3.235102e-05 -4.630290e-03  4.524737e-03 -2.434050e-03 
 5.400000e+03  2.178916e-04 -4.630491e-03  4.524860e-03 -2.434131e-03 
 5.450000e+03  9.345623e-04 -4.631160e-03  4.525688e-03 -2.435263e-03 
 5.500000e+03  2.153503e-03 -4.633561e-03  4.527883e-03 -2.437885e-03 
 5.550000e+03  4.055649e-03 -4.638339e-03  4.532468e-03 -2.442644e-03 
 5.600000e+03  6.069831e-03 -4.644135e-03  4.538744e-03 -2.447785e-03 
 5.650000e+03  8.743561e-03 -4.652541e-03  4.548520e-03 -2.454902e-03 
 5.700000e+03  1.201359e-02 -4.662951e-03  4.560414e-03 -2.462989e-03 
 5.750000e+03  1.543458e-02 -4.672182e-03  4.570331e-03 -2.469979e-03 
 5.800000e+03  1.885557e-02 -4.680057e-03  4.578130e-03 -2.476257e-03 
 5.850000e+03  2.227655e-02 -4.687962e-03  4.585880e-03 -2.483143e-03 
 5.900000e+03  2.569754e-02 -4.696402e-03  4.594496e-03 -2.490728e-03 
 5.950000e+03  2.911853e-02 -4.705218e-03  4.603927e-03 -2.499087e-03 
 6.000000e+03  3.301469e-02 -4.715816e-03  4.614781e-03 -2.509084e-03 
 6.050000e+03  3.768647e-02 -4.728666e-03  4.627210e-03 -2.519916e-03 
 6.100000e+03  4.250014e-02 -4.740935e-03  4.638513e-03 -2.528863e-03 
 6.150000e+03  4.731381e-02 -4.752136e-03  4.648845e-03 -2.536609e-03 
 6.200000e+03  5.212749e-02 -4.762988e-03  4.659498e-03 -2.544575e-03 
 6.250000e+03  5.694116e-02 -4.774227e-03  4.671086e-03 -2.553374e-03 
 6.300000e+03  6.175483e-02 -4.785837e-03  4.683527e-03 -2.563167e-03 
 6.350000e+03  6.681240e-02 -4.797848e-03  4.696274e-03 -2.574242e-03 
 6.400000e+03  7.281697e-02 -4.811162e-03  4.709885e-03 -2.586810e-03 
 6.450000e+03  7.926161e-02 -4.824116e-03  4.723028e-03 -2.598467e-03 
 6.500000e+03  8.571239e-02 -4.836609e-03  4.735571e-03 -2.608575e-03 
 6.550000e+03  9.216318e-02 -4.849408e-03  4.748433e-03 -2.618228e-03 
 6.600000e+03  9.861396e-02 -4.862863e-03  4.762185e-03 -2.628267e-03 
 6.650000e+03  1.050647e-01 -4.876796e-03  4.776918e-03 -2.639027e-03 
 6.700000e+03  1.115155e-01 -4.890540e-03  4.791998e-03 -2.650276e-03 
 6.750000e+03  1.184593e-01 -4.904001e-03  4.806581e-03 -2.662108e-03 
 6.800000e+03  1.261659e-01 -4.917615e-03  4.820679e-03 -2.674483e-03 
 6.850000e+03  1.340069e-01 -4.930978e-03  4.834119e-03 -2.686390e-03 
 6.900000e+03  1.418478e-01 -4.944431e-03  4.847610e-03 -2.697662e-03 
 6.950000e+03  1.496888e-01 -4.958386e-03  4.861802e-03 -2.708769e-03 
 7.000000e+03  1.575298e-01 -4.973164e-03  4.876916e-03 -2.719995e-03 
 7.050000e+03  1.653707e-01 -4.988613e-03  4.892383e-03 -2.731200e-03 
 7.100000e+03  1.736539e-01 -5.004087e-03  4.907624e-03 -2.742608e-03 
 7.150000e+03  1.825320e-01 -5.018826e-03  4.922500e-03 -2.754354e-03 
 7.200000e+03  1.916089e-01 -5.032868e-03  4.937037e-03 -2.766405e-03 
 7.250000e+03  2.006858e-01 -5.046494e-03  4.951341e-03 -2.778439e-03 
 7.300000e+03  2.097627e-01 -5.060359e-03  4.965778e-03 -2.790401e-03 
 7.350000e+03  2.193025e-01 -5.075741e-03  4.981330e-03 -2.802875e-03 
 7.400000e+03  2.295900e-01 -5.092915e-03  4.998349e-03 -2.815904e-03 
 7.450000e+03  2.400976e-01 -5.109841e-03  5.014936e-03 -2.828348e-03 
 7.500000e+03  2.506053e-01 -5.125433e-03  5.030709e-03 -2.840121e-03 
 7.550000e+03  2.611129e-01 -5.140583e-03  5.046230e-03 -2.851882e-03 
 7.600000e+03  2.716206e-01 -5.155506e-03  5.061674e-03 -2.863804e-03 
 7.650000e+03  2.821282e-01 -5.170049e-03  5.076958e-03 -2.875952e-03 
 7.700000e+03  2.937613e-01 -5.186168e-03  5.093836e-03 -2.889607e-03 
 7.750000e+03  3.063631e-01 -5.203555e-03  5.111908e-03 -2.904155e-03 
 7.800000e+03  3.191352e-01 -5.220787e-03  5.129223e-03 -2.917840e-03 
 7.850000e+03  3.319074e-01 -5.237721e-03  5.145870e-03 -2.930566e-03 
 7.900000e+03  3.446795e-01 -5.254760e-03  5.162579e-03 -2.943052e-03 
 7.950000e+03  3.574516e-01 -5.271713e-03  5.179392e-03 -2.955507e-03 
 8.000000e+03  3.702237e-01 -5.288133e-03  5.196152e-03 -2.968054e-03 
 8.050000e+03  3.832014e-01 -5.304326e-03  5.212926e-03 -2.981112e-03 
 8.100000e+03  3.976488e-01 -5.321798e-03  5.231204e-03 -2.995771e-03 
 8.150000e+03  4.124341e-01 -5.338940e-03  5.249122e-03 -3.010152e-03 
 8.200000e+03  4.273525e-01 -5.355965e-03  5.266557e-03 -3.023822e-03 
 8.250000e+03  4.428770e-01 -5.374042e-03  5.284711e-03 -3.037543e-03 
 8.300000e+03  4.584016e-01 -5.392438e-03  5.302926e-03 -3.050981e-03 
 8.350000e+03  4.739262e-01 -5.410839e-03  5.320904e-03 -3.064295e-03 
 8.400000e+03  4.894663e-01 -5.428635e-03  5.338548e-03 -3.077682e-03 
 8.450000e+03  5.057671e-01 -5.446463e-03  5.356728e-03 -3.091783e-03 
 8.500000e+03  5.220679e-01 -5.463457e-03  5.374500e-03 -3.105639e-03 
 8.550000e+03  5.386295e-01 -5.480232e-03  5.391961e-03 -3.119355e-03 
 8.600000e+03  5.564814e-01 -5.498415e-03  5.410645e-03 -3.133861e-03 
 8.650000e+03  5.744530e-01 -5.516908e-03  5.429548e-03 -3.148215e-03 
 8.700000e+03  5.928380e-01 -5.535894e-03  5.448801e-03 -3.162479e-03 
 8.750000e+03  6.123309e-01 -5.555882e-03  5.468750e-03 -3.177160e-03 
 8.800000e+03  6.321447e-01 -5.575968e-03  5.488403e-03 -3.191798e-03 
 8.850000e+03  6.519584e-01 -5.595447e-03  5.507391e-03 -3.206247e-03 
 8.900000e+03  6.717721e-01 -5.613986e-03  5.525932e-03 -3.220630e-03 
 8.950000e+03  6.915858e-01 -5.631877e-03  5.544420e-03 -3.235083e-03 
 9.000000e+03  7.122942e-01 -5.650471e-03  5.563880e-03 -3.250189e-03 
 9.050000e+03  7.341388e-01 -5.670139e-03  5.584381e-03 -3.265778e-03 
 9.100000e+03  7.567502e-01 -5.690557e-03  5.605158e-03 -3.281136e-03 
 9.150000e+03  7.808339e-01 -5.712295e-03  5.626794e-03 -3.296853e-03 
 9.200000e+03  8.049176e-01 -5.733805e-03  5.647824e-03 -3.312222e-03 
 9.250000e+03  8.290013e-01 -5.754668e-03  5.668205e-03 -3.327489e-03 
 9.300000e+03  8.530850e-01 -5.774851e-03  5.688192e-03 -3.342875e-03 
 9.350000e+03  8.771688e-01 -5.794609e-03  5.708029e-03 -3.358393e-03 
 9.400000e+03  9.013006e-01 -5.814015e-03  5.727901e-03 -3.373816e-03 
 9.450000e+03  9.271702e-01 -5.834393e-03  5.749073e-03 -3.389893e-03 
 9.500000e+03  9.546518e-01 -5.855916e-03  5.771326e-03 -3.406336e-03 
 9.550000e+03  9.825317e-01 -5.877827e-03  5.793619e-03 -3.422402e-03 
 9.600000e+03  1.010412e+00 -5.899604e-03  5.815449e-03 -3.438102e-03 
 9.650000e+03  1.038292e+00 -5.921161e-03  5.836780e-03 -3.453673e-03 
 9.700000e+03  1.067175e+00 -5.943152e-03  5.858357e-03 -3.469842e-03 
 9.750000e+03  1.096449e+00 -5.964851e-03  5.879706e-03 -3.486209e-03 
 9.800000e+03  1.125723e+00 -5.985795e-03  5.900574e-03 -3.502499e-03 
 9.850000e+03  1.156285e+00 -6.007078e-03  5.922163e-03 -3.519250e-03 
 9.900000e+03  1.188529e+00 -6.029318e-03  5.944998e-03 -3.536498e-03 
 9.950000e+03  1.220803e+00 -6.051554e-03  5.967962e-03 -3.553217e-03 
 1.000000e+04  1.254659e+00 -6.074982e-03  5.991905e-03 -3.570204e-03 
 1.005000e+04  1.290038e+00 -6.099431e-03  6.016413e-03 -3.587531e-03 
 1.010000e+04  1.325621e+00 -6.123790e-03  6.040228e-03 -3.604818e-03 
 1.015000e+04  1.361204e+00 -6.147367e-03  6.063178e-03 -3.622171e-03 
 1.020000e+04  1.396786e+00 -6.169974e-03  6.085520e-03 -3.639508e-03 
 1.025000e+04  1.432369e+00 -6.192032e-03  6.107734e-03 -3.656774e-03 
 1.030000e+04  1.468948e+00 -6.214631e-03  6.130617e-03 -3.674175e-03 
 1.035000e+04  1.506646e+00 -6.237869e-03  6.154167e-03 -3.691618e-03 
 1.040000e+04  1.546817e+00 -6.262568e-03  6.179236e-03 -3.709589e-03 
 1.045000e+04  1.588008e+00 -6.287653e-03  6.204781e-03 -3.727546e-03 
 1.050000e+04  1.629200e+00 -6.312430e-03  6.229791e-03 -3.745216e-03 
 1.055000e+04  1.670391e+00 -6.336729e-03  6.253865e-03 -3.762763e-03 
 1.060000e+04  1.713436e+00 -6.361715e-03  6.278210e-03 -3.781154e-03 
 1.065000e+04  1.756687e+00 -6.386198e-03  6.302272e-03 -3.799684e-03 
 1.070000e+04  1.799938e+00 -6.410031e-03  6.326117e-03 -3.817992e-03 
 1.075000e+04  1.844400e+00 -6.434210e-03  6.350535e-03 -3.836394e-03 
 1.080000e+04  1.889813e+00 -6.458908e-03  6.375570e-03 -3.854661e-03 
 1.085000e+04  1.935726e+00 -6.483815e-03  6.400863e-03 -3.872558e-03 
 1.090000e+04  1.983696e+00 -6.509638e-03  6.427032e-03 -3.890797e-03 
 1.095000e+04  2.033765e+00 -6.536261e-03  6.453829e-03 -3.909659e-03 
 1.100000e+04  2.083833e+00 -6.562414e-03  6.479734e-03 -3.928565e-03 
 1.105000e+04  2.133901e+00 -6.587917e-03  6.504668e-03 -3.947526e-03 
 1.110000e+04  2.185371e+00 -6.613526e-03  6.529821e-03 -3.966927e-03 
 1.115000e+04  2.237943e+00 -6.639359e-03  6.555347e-03 -3.986431e-03 
 1.120000e+04  2.290515e+00 -6.664979e-03  6.580964e-03 -4.005404e-03 
 1.125000e+04  2.343717e+00 -6.690802e-03  6.606916e-03 -4.024017e-03 
 1.130000e+04  2.398918e+00 -6.717510e-03  6.633832e-03 -4.042881e-03 
 1.135000e+04  2.454118e+00 -6.743946e-03  6.660559e-03 -4.061522e-03 
 1.140000e+04  2.510588e+00 -6.770443e-03  6.687180e-03 -4.080433e-03 
 1.145000e+04  2.569128e+00 -6.797328e-03  6.713913e-03 -4.100053e-03 
 1.150000e+04  2.629986e+00 -6.824806e-03  6.740978e-03 -4.120469e-03 
 1.155000e+04  2.690845e+00 -6.851924e-03  6.767469e-03 -4.140663e-03 
 1.160000e+04  2.751703e+00 -6.878645e-03  6.793782e-03 -4.160473e-03 
 1.165000e+04  2.815178e+00 -6.906328e-03  6.821244e-03 -4.180647e-03 
 1.170000e+04  2.879079e+00 -6.934051e-03  6.848994e-03 -4.200492e-03 
 1.175000e+04  2.942981e+00 -6.961494e-03  6.876670e-03 -4.219860e-03 
 1.180000e+04  3.010422e+00 -6.990114e-03  6.905485e-03 -4.240039e-03 
 1.185000e+04  3.080873e+00 -7.019583e-03  6.935066e-03 -4.261040e-03 
 1.190000e+04  3.151324e+00 -7.048373e-03  6.963771e-03 -4.282050e-03 
 1.195000e+04  3.222551e+00 -7.076851e-03  6.991957e-03 -4.303216e-03 
 1.200000e+04  3.296524e+00 -7.106112e-03  7.020738e-03 -4.324958e-03 
 1.205000e+04  3.370498e+00 -7.135303e-03  7.049396e-03 -4.346219e-03 
 1.210000e+04  3.444472e+00 -7.164366e-03  7.077977e-03 -4.366899e-03 
 1.215000e+04  3.518445e+00 -7.193168e-03  7.106500e-03 -4.387108e-03 
 1.220000e+04  3.595600e+00 -7.222821e-03  7.136159e-03 -4.407949e-03 
 1.225000e+04  3.673272e+00 -7.252192e-03  7.165694e-03 -4.428785e-03 
 1.230000e+04  3.754052e+00 -7.282143e-03  7.195726e-03 -4.450365e-03 
 1.235000e+04  3.838788e+00 -7.313110e-03  7.226416e-03 -4.472910e-03 
 1.240000e+04  3.926734e+00 -7.344912e-03  7.257639e-03 -4.496101e-03 
 1.245000e+04  4.016650e+00 -7.377042e-03  7.289055e-03 -4.519422e-03 
 1.250000e+04  4.106565e+00 -7.408889e-03  7.320108e-03 -4.542208e-03 
 1.255000e+04  4.196481e+00 -7.440545e-03  7.351091e-03 -4.564550e-03 
 1.260000e+04  4.286396e+00 -7.471905e-03  7.382039e-03 -4.586552e-03 
 1.265000e+04  4.376312e+00 -7.502692e-03  7.412723e-03 -4.608266e-03 
 1.270000e+04  4.468565e+00 -7.533739e-03  7.443870e-03 -4.630374e-03 
 1.275000e+04  4.567130e+00 -7.566394e-03  7.476617e-03 -4.653884e-03 
 1.280000e+04  4.666262e+00 -7.598787e-03  7.508866e-03 -4.677408e-03 
 1.285000e+04  4.765790e+00 -7.630799e-03  7.540517e-03 -4.700717e-03 
 1.290000e+04  4.869879e+00 -7.664113e-03  7.573274e-03 -4.724712e-03 
 1.295000e+04  4.973967e+00 -7.697321e-03  7.605815e-03 -4.748249e-03 
 1.300000e+04  5.078056e+00 -7.730263e-03  7.638022e-03 -4.771289e-03 
 1.305000e+04  5.182144e+00 -7.762783e-03  7.669908e-03 -4.794008e-03 
 1.310000e+04  5.288939e+00 -7.795566e-03  7.702487e-03 -4.817179e-03 
 1.315000e+04  5.398232e+00 -7.828564e-03  7.735506e-03 -4.840811e-03 
 1.320000e+04  5.507525e+00 -7.860994e-03  7.767890e-03 -4.864238e-03 
 1.325000e+04  5.624124e+00 -7.895238e-03  7.801920e-03 -4.888929e-03 
 1.330000e+04  5.744619e+00 -7.930517e-03  7.836632e-03 -4.914163e-03 
 1.335000e+04  5.865114e+00 -7.965537e-03  7.870837e-03 -4.938910e-03 
 1.340000e+04  5.985610e+00 -8.000156e-03  7.904530e-03 -4.963165e-03 
 1.345000e+04  6.108877e+00 -8.035324e-03  7.938708e-03 -4.987732e-03 
 1.350000e+04  6.235397e+00 -8.071017e-03  7.973600e-03 -5.012737e-03 
 1.355000e+04  6.361917e+00 -8.105972e-03  8.008106e-03 -5.037457e-03 
 1.360000e+04  6.488690e+00 -8.140397e-03  8.042270e-03 -5.062021e-03 
 1.365000e+04  6.621536e+00 -8.176109e-03  8.077703e-03 -5.087629e-03 
 1.370000e+04  6.754382e+00 -8.211405e-03  8.112681e-03 -5.112906e-03 
 1.375000e+04  6.889487e+00 -8.246934e-03  8.147737e-03 -5.138177e-03 
 1.380000e+04  7.033439e+00 -8.284666e-03  8.184718e-03 -5.164708e-03 
 1.385000e+04  7.179902e+00 -8.322858e-03  8.221895e-03 -5.191348e-03 
 1.390000e+04  7.326365e+00 -8.360507e-03  8.258580e-03 -5.217625e-03 
 1.395000e+04  7.472827e+00 -8.397589e-03  8.294760e-03 -5.243623e-03 
 1.400000e+04  7.619290e+00 -8.434111e-03  8.330637e-03 -5.269444e-03 
 1.405000e+04  7.765753e+00 -8.470059e-03  8.366246e-03 -5.295167e-03 
 1.410000e+04  7.912655e+00 -8.505632e-03  8.401566e-03 -5.320650e-03 
 1.415000e+04  8.070747e+00 -8.543604e-03  8.439198e-03 -5.347687e-03 
 1.420000e+04  8.232223e+00 -8.582359e-03  8.477335e-03 -5.374881e-03 
 1.425000e+04  8.393698e+00 -8.620840e-03  8.514898e-03 -5.401685e-03 
 1.430000e+04  8.556950e+00 -8.659256e-03  8.552192e-03 -5.428435e-03 
 1.435000e+04  8.726499e+00 -8.698736e-03  8.590448e-03 -5.455999e-03 
 1.440000e+04  8.896048e+00 -8.737691e-03  8.628313e-03 -5.483382e-03 
 1.445000e+04  9.065597e+00 -8.776025e-03  8.665772e-03 -5.510511e-03 
 1.450000e+04  9.238028e+00 -8.814518e-03  8.703507e-03 -5.537796e-03 
 1.455000e+04  9.416055e+00 -8.853955e-03  8.742308e-03 -5.565686e-03 
 1.460000e+04  9.594081e+00 -8.893007e-03  8.780841e-03 -5.593231e-03 
 1.465000e+04  9.777449e+00 -8.932806e-03  8.819982e-03 -5.621093e-03 
 1.470000e+04  9.971293e+00 -8.974671e-03  8.860800e-03 -5.650194e-03 
 1.475000e+04  1.016757e+01 -9.016738e-03  8.901597e-03 -5.679451e-03 
 1.480000e+04  1.036384e+01 -9.058198e-03  8.941751e-03 -5.708444e-03 
 1.485000e+04  1.056012e+01 -9.099004e-03  8.981352e-03 -5.737147e-03 
 1.490000e+04  1.075639e+01 -9.139327e-03  9.020693e-03 -5.765652e-03 
 1.495000e+04  1.095266e+01 -9.179167e-03  9.059791e-03 -5.793896e-03 
 1.500000e+04  1.115129e+01 -9.218984e-03  9.099055e-03 -5.822074e-03 
 1.505000e+04  1.136398e+01 -9.261376e-03  9.140868e-03 -5.851810e-03 
 1.510000e+04  1.158037e+01 -9.304394e-03  9.183048e-03 -5.881685e-03 
 1.515000e+04  1.179676e+01 -9.346939e-03  9.224536e-03 -5.911239e-03 
 1.520000e+04  1.201575e+01 -9.389411e-03  9.265756e-03 -5.940853e-03 
 1.525000e+04  1.224296e+01 -9.433095e-03  9.307947e-03 -5.971449e-03 
 1.530000e+04  1.247017e+01 -9.476260e-03  9.349727e-03 -6.001806e-03 
 1.535000e+04  1.269739e+01 -9.518778e-03  9.391059e-03 -6.031794e-03 
 1.540000e+04  1.292460e+01 -9.560937e-03  9.432143e-03 -6.061413e-03 
 1.545000e+04  1.316113e+01 -9.604534e-03  9.474813e-03 -6.091902e-03 
 1.550000e+04  1.339970e+01 -9.648058e-03  9.517536e-03 -6.122261e-03 
 1.555000e+04  1.364161e+01 -9.691710e-03  9.560309e-03 -6.152674e-03 
 1.560000e+04  1.389938e+01 -9.737901e-03  9.605298e-03 -6.184836e-03 
 1.565000e+04  1.416240e+01 -9.784632e-03  9.650534e-03 -6.217398e-03 
 1.570000e+04  1.442543e+01 -9.830787e-03  9.695022e-03 -6.249656e-03 
 1.575000e+04  1.468846e+01 -9.876305e-03  9.738932e-03 -6.281555e-03 
 1.580000e+04  1.495148e+01 -9.921449e-03  9.782696e-03 -6.313204e-03 
 1.585000e+04  1.521451e+01 -9.966108e-03  9.826209e-03 -6.344517e-03 
 1.590000e+04  1.547753e+01 -1.001024e-02  9.869352e-03 -6.375386e-03 
 1.595000e+04  1.575491e+01 -1.005648e-02  9.914603e-03 -6.407581e-03 
 1.600000e+04  1.604489e+01 -1.010453e-02  9.961524e-03 -6.440948e-03 
 1.605000e+04  1.633488e+01 -1.015205e-02  1.000768e-02 -6.473976e-03 
 1.610000e+04  1.662806e+01 -1.019951e-02  1.005349e-02 -6.507040e-03 
 1.615000e+04  1.693254e+01 -1.024845e-02  1.010055e-02 -6.541201e-03 
 1.620000e+04  1.723703e+01 -1.029690e-02  1.014715e-02 -6.575066e-03 
 1.625000e+04  1.754151e+01 -1.034468e-02  1.019326e-02 -6.608503e-03 
 1.630000e+04  1.784600e+01 -1.039207e-02  1.023915e-02 -6.641533e-03 
 1.635000e+04  1.815840e+01 -1.044036e-02  1.028603e-02 -6.675092e-03 
 1.640000e+04  1.847811e+01 -1.048920e-02  1.033369e-02 -6.709068e-03 
 1.645000e+04  1.879782e+01 -1.053743e-02  1.038076e-02 -6.742697e-03 
 1.650000e+04  1.913288e+01 -1.058774e-02  1.042951e-02 -6.777648e-03 
 1.655000e+04  1.948536e+01 -1.064024e-02  1.048015e-02 -6.814166e-03 
 1.660000e+04  1.983784e+01 -1.069208e-02  1.053001e-02 -6.850335e-03 
 1.665000e+04  2.019032e+01 -1.074330e-02  1.057929e-02 -6.886110e-03 
 1.670000e+04  2.054280e+01 -1.079417e-02  1.062822e-02 -6.921518e-03 
 1.675000e+04  2.089528e+01 -1.084454e-02  1.067685e-02 -6.956594e-03 
 1.680000e+04  2.124776e+01 -1.089429e-02  1.072518e-02 -6.991252e-03 
 1.685000e+04  2.161082e+01 -1.094516e-02  1.077459e-02 -7.026576e-03 
 1.690000e+04  2.198092e+01 -1.099667e-02  1.082461e-02 -7.062310e-03 
 1.695000e+04  2.235103e+01 -1.104764e-02  1.087390e-02 -7.097745e-03 
 1.700000e+04  2.272927e+01 -1.109918e-02  1.092350e-02 -7.133650e-03 
 1.705000e+04  2.311788e+01 -1.115176e-02  1.097394e-02 -7.170232e-03 
 1.710000e+04  2.350649e+01 -1.120402e-02  1.102391e-02 -7.206484e-03 
 1.715000e+04  2.389510e+01 -1.125569e-02  1.107339e-02 -7.242346e-03 
 1.720000e+04  2.428721e+01 -1.130729e-02  1.112291e-02 -7.278124e-03 
 1.725000e+04  2.469525e+01 -1.136056e-02  1.117426e-02 -7.315076e-03 
 1.730000e+04  2.510329e+01 -1.141328e-02  1.122529e-02 -7.351704e-03 
 1.735000e+04  2.551459e+01 -1.146585e-02  1.127615e-02 -7.388232e-03 
 1.740000e+04  2.595674e+01 -1.152192e-02  1.133031e-02 -7.427165e-03 
 1.745000e+04  2.640661e+01 -1.157861e-02  1.138484e-02 -7.466510e-03 
 1.750000e+04  2.685647e+01 -1.163463e-02  1.143859e-02 -7.505446e-03 
 1.755000e+04  2.730634e+01 -1.169012e-02  1.149173e-02 -7.543976e-03 
 1.760000e+04  2.776700e+01 -1.174650e-02  1.154579e-02 -7.583140e-03 
 1.765000e+04  2.823936e+01 -1.180374e-02  1.160082e-02 -7.622922e-03 
 1.770000e+04  2.871171e+01 -1.186034e-02  1.165537e-02 -7.662220e-03 
 1.775000e+04  2.919399e+01 -1.191769e-02  1.171066e-02 -7.701972e-03 
 1.780000e+04  2.968996e+01 -1.197622e-02  1.176715e-02 -7.742562e-03 
 1.785000e+04  3.018594e+01 -1.203408e-02  1.182299e-02 -7.782771e-03 
 1.790000e+04  3.068340e+01 -1.209150e-02  1.187827e-02 -7.822712e-03 
 1.795000e+04  3.120418e+01 -1.215143e-02  1.193553e-02 -7.864190e-03 
 1.800000e+04  3.172495e+01 -1.221090e-02  1.199220e-02 -7.905314e-03 
 1.805000e+04  3.224572e+01 -1.226971e-02  1.204825e-02 -7.946014e-03 
 1.810000e+04  3.277275e+01 -1.232865e-02  1.210453e-02 -7.986767e-03 
 1.815000e+04  3.331956e+01 -1.238937e-02  1.216255e-02 -8.028721e-03 
 1.820000e+04  3.386637e+01 -1.244950e-02  1.222008e-02 -8.070364e-03 
 1.825000e+04  3.442084e+01 -1.250971e-02  1.227791e-02 -8.112140e-03 
 1.830000e+04  3.500877e+01 -1.257311e-02  1.233879e-02 -8.156040e-03 
 1.835000e+04  3.561164e+01 -1.263764e-02  1.240064e-02 -8.200668e-03 
 1.840000e+04  3.621450e+01 -1.270147e-02  1.246165e-02 -8.244861e-03 
 1.845000e+04  3.682097e+01 -1.276508e-02  1.252230e-02 -8.288915e-03 
 1.850000e+04  3.745398e+01 -1.283096e-02  1.258517e-02 -8.334509e-03 
 1.855000e+04  3.808698e+01 -1.289621e-02  1.264751e-02 -8.379652e-03 
 1.860000e+04  3.871999e+01 -1.296073e-02  1.270923e-02 -8.424344e-03 
 1.865000e+04  3.936502e+01 -1.302592e-02  1.277161e-02 -8.469466e-03 
 1.870000e+04  4.002967e+01 -1.309256e-02  1.283551e-02 -8.515620e-03 
 1.875000e+04  4.069433e+01 -1.315851e-02  1.289878e-02 -8.561295e-03 
 1.880000e+04  4.137826e+01 -1.322576e-02  1.296311e-02 -8.607810e-03 
 1.885000e+04  4.209848e+01 -1.329620e-02  1.303021e-02 -8.656432e-03 
 1.890000e+04  4.283126e+01 -1.336731e-02  1.309772e-02 -8.705452e-03 
 1.895000e+04  4.356404e+01 -1.343761e-02  1.316440e-02 -8.753927e-03 
 1.900000e+04  4.430561e+01 -1.350812e-02  1.323122e-02 -8.802520e-03 
 1.905000e+04  4.507503e+01 -1.358060e-02  1.330013e-02 -8.852574e-03 
 1.910000e+04  4.584445e+01 -1.365234e-02  1.336845e-02 -8.902131e-03 
 1.915000e+04  4.662157e+01 -1.372408e-02  1.343677e-02 -8.951574e-03 
 1.920000e+04  4.744885e+01 -1.379988e-02  1.350902e-02 -9.003752e-03 
 1.925000e+04  4.829713e+01 -1.387694e-02  1.358237e-02 -9.056871e-03 
 1.930000e+04  4.914542e+01 -1.395304e-02  1.365473e-02 -9.109434e-03 
 1.935000e+04  4.999880e+01 -1.402893e-02  1.372669e-02 -9.161781e-03 
 1.940000e+04  5.088950e+01 -1.410758e-02  1.380113e-02 -9.215934e-03 
 1.945000e+04  5.178020e+01 -1.418539e-02  1.387495e-02 -9.269554e-03 
 1.950000e+04  5.267090e+01 -1.426233e-02  1.394796e-02 -9.322564e-03 
 1.955000e+04  5.358565e+01 -1.434068e-02  1.402244e-02 -9.376520e-03 
 1.960000e+04  5.452088e+01 -1.442012e-02  1.409800e-02 -9.431245e-03 
 1.965000e+04  5.545612e+01 -1.449860e-02  1.417271e-02 -9.485379e-03 
 1.970000e+04  5.640632e+01 -1.457762e-02  1.424784e-02 -9.539832e-03 
 1.975000e+04  5.738831e+01 -1.465880e-02  1.432474e-02 -9.595664e-03 
 1.980000e+04  5.837031e+01 -1.473927e-02  1.440079e-02 -9.650961e-03 
 1.985000e+04  5.935231e+01 -1.481883e-02  1.447593e-02 -9.705669e-03 
 1.990000e+04  6.036966e+01 -1.490063e-02  1.455312e-02 -9.761836e-03 
 1.995000e+04  6.140075e+01 -1.498289e-02  1.463076e-02 -9.818274e-03 
 2.000000e+04  6.243185e+01 -1.506425e-02  1.470763e-02 -9.874139e-03 
 2.005000e+04  6.347326e+01 -1.514561e-02  1.478462e-02 -9.929986e-03 
 2.010000e+04  6.455591e+01 -1.522950e-02  1.486402e-02 -9.987576e-03 
 2.015000e+04  6.563856e+01 -1.531260e-02  1.494260e-02 -1.004467e-02 
 2.020000e+04  6.672554e+01 -1.539521e-02  1.502062e-02 -1.010146e-02 
 2.025000e+04  6.788165e+01 -1.548246e-02  1.510281e-02 -1.016124e-02 
 2.030000e+04  6.907528e+01 -1.557187e-02  1.518692e-02 -1.022239e-02 
 2.035000e+04  7.026890e+01 -1.566037e-02  1.527010e-02 -1.028292e-02 
 2.040000e+04  7.146252e+01 -1.574789e-02  1.535241e-02 -1.034282e-02 
 2.045000e+04  7.269792e+01 -1.583763e-02  1.543695e-02 -1.040431e-02 
 2.050000e+04  7.395123e+01 -1.592777e-02  1.552201e-02 -1.046619e-02 
 2.055000e+04  7.520453e+01 -1.601696e-02  1.560622e-02 -1.052741e-02 
 2.060000e+04  7.650045e+01 -1.610846e-02  1.569246e-02 -1.059006e-02 
 2.065000e+04  7.787959e+01 -1.620515e-02  1.578343e-02 -1.065614e-02 
 2.070000e+04  7.926136e+01 -1.630107e-02  1.587353e-02 -1.072163e-02 
 2.075000e+04  8.064312e+01 -1.639603e-02  1.596255e-02 -1.078644e-02 
 2.080000e+04  8.208569e+01 -1.649430e-02  1.605456e-02 -1.085349e-02 
 2.085000e+04  8.353655e+01 -1.659219e-02  1.614628e-02 -1.092030e-02 
 2.090000e+04  8.498741e+01 -1.668902e-02  1.623704e-02 -1.098642e-02 
 2.095000e+04  8.647598e+01 -1.678739e-02  1.632928e-02 -1.105356e-02 
 2.100000e+04  8.806489e+01 -1.689153e-02  1.642700e-02 -1.112461e-02 
 2.105000e+04  8.966446e+01 -1.699528e-02  1.652436e-02 -1.119541e-02 
 2.110000e+04  9.126403e+01 -1.709797e-02  1.662051e-02 -1.126533e-02 
 2.115000e+04  9.292438e+01 -1.720366e-02  1.671929e-02 -1.133723e-02 
 2.120000e+04  9.460393e+01 -1.730964e-02  1.681822e-02 -1.140932e-02 
 2.125000e+04  9.628348e+01 -1.741437e-02  1.691597e-02 -1.148060e-02 
 2.130000e+04  9.799326e+01 -1.751992e-02  1.701449e-02 -1.155241e-02 
 2.135000e+04  9.975679e+01 -1.762788e-02  1.711527e-02 -1.162585e-02 
 2.140000e+04  1.015203e+02 -1.773470e-02  1.721507e-02 -1.169852e-02 
 2.145000e+04  1.033068e+02 -1.784174e-02  1.731514e-02 -1.177127e-02 
 2.150000e+04  1.051733e+02 -1.795271e-02  1.741874e-02 -1.184652e-02 
 2.155000e+04  1.071176e+02 -1.806727e-02  1.752552e-02 -1.192419e-02 
 2.160000e+04  1.090619e+02 -1.818050e-02  1.763101e-02 -1.200110e-02 
 2.165000e+04  1.110236e+02 -1.829359e-02  1.773619e-02 -1.207783e-02 
 2.170000e+04  1.130651e+02 -1.841030e-02  1.784462e-02 -1.215693e-02 
 2.175000e+04  1.151066e+02 -1.852575e-02  1.795197e-02 -1.223515e-02 
 2.180000e+04  1.171481e+02 -1.863998e-02  1.805819e-02 -1.231248e-02 
 2.185000e+04  1.192693e+02 -1.875762e-02  1.816748e-02 -1.239202e-02 
 2.190000e+04  1.214128e+02 -1.887536e-02  1.827690e-02 -1.247167e-02 
 2.195000e+04  1.235564e+02 -1.899185e-02  1.838512e-02 -1.255045e-02 
 2.200000e+04  1.258120e+02 -1.911326e-02  1.849767e-02 -1.263246e-02 
 2.205000e+04  1.281753e+02 -1.923937e-02  1.861443e-02 -1.271761e-02 
 2.210000e+04  1.305386e+02 -1.936414e-02  1.872993e-02 -1.280183e-02 
 2.215000e+04  1.329019e+02 -1.948753e-02  1.884410e-02 -1.288502e-02 
 2.220000e+04  1.353621e+02 -1.961481e-02  1.896168e-02 -1.297072e-02 
 2.225000e+04  1.378435e+02 -1.974192e-02  1.907916e-02 -1.305634e-02 
 2.230000e+04  1.403250e+02 -1.986760e-02  1.919541e-02 -1.314101e-02 
 2.235000e+04  1.428858e+02 -1.999598e-02  1.931403e-02 -1.322740e-02 
 2.240000e+04  1.456138e+02 -2.013154e-02  1.943916e-02 -1.331856e-02 
 2.245000e+04  1.483496e+02 -2.026604e-02  1.956326e-02 -1.340904e-02 
 2.250000e+04  1.510882e+02 -2.039915e-02  1.968596e-02 -1.349846e-02 
 2.255000e+04  1.539608e+02 -2.053744e-02  1.981326e-02 -1.359123e-02 
 2.260000e+04  1.568334e+02 -2.067431e-02  1.993921e-02 -1.368305e-02 
 2.265000e+04  1.597060e+02 -2.080964e-02  2.006377e-02 -1.377383e-02 
 2.270000e+04  1.627565e+02 -2.095182e-02  2.019464e-02 -1.386916e-02 
 2.275000e+04  1.659236e+02 -2.109803e-02  2.032917e-02 -1.396712e-02 
 2.280000e+04  1.690906e+02 -2.124260e-02  2.046210e-02 -1.406393e-02 
 2.285000e+04  1.723051e+02 -2.138767e-02  2.059536e-02 -1.416100e-02 
 2.290000e+04  1.757769e+02 -2.154280e-02  2.073770e-02 -1.426470e-02 
 2.295000e+04  1.792685e+02 -2.169718e-02  2.087923e-02 -1.436783e-02 
 2.300000e+04  1.827602e+02 -2.184969e-02  2.101894e-02 -1.446963e-02 
 2.305000e+04  1.863601e+02 -2.200516e-02  2.116122e-02 -1.457334e-02 
 2.310000e+04  1.900263e+02 -2.216187e-02  2.130459e-02 -1.467785e-02 
 2.315000e+04  1.936926e+02 -2.231669e-02  2.144629e-02 -1.478108e-02 
 2.320000e+04  1.975493e+02 -2.247777e-02  2.159354e-02 -1.488829e-02 
 2.325000e+04  2.015913e+02 -2.264489e-02  2.174617e-02 -1.499944e-02 
 2.330000e+04  2.056333e+02 -2.281006e-02  2.189695e-02 -1.510929e-02 
 2.335000e+04  2.097077e+02 -2.297448e-02  2.204695e-02 -1.521853e-02 
 2.340000e+04  2.141386e+02 -2.315134e-02  2.220808e-02 -1.533589e-02 
 2.345000e+04  2.185949e+02 -2.332717e-02  2.236823e-02 -1.545254e-02 
 2.350000e+04  2.230513e+02 -2.350076e-02  2.252635e-02 -1.556768e-02 
 2.355000e+04  2.276740e+02 -2.367862e-02  2.268817e-02 -1.568553e-02 
 2.360000e+04  2.325872e+02 -2.386559e-02  2.285814e-02 -1.580933e-02 
 2.365000e+04  2.375003e+02 -2.405019e-02  2.302602e-02 -1.593152e-02 
 2.370000e+04  2.424724e+02 -2.423455e-02  2.319358e-02 -1.605341e-02 
 2.375000e+04  2.478787e+02 -2.443273e-02  2.337345e-02 -1.618432e-02 
 2.380000e+04  2.532955e+02 -2.462890e-02  2.355133e-02 -1.631379e-02 
 2.385000e+04  2.587122e+02 -2.482231e-02  2.372672e-02 -1.644139e-02 
 2.390000e+04  2.643835e+02 -2.502226e-02  2.390776e-02 -1.657315e-02 
 2.395000e+04  2.700710e+02 -2.522032e-02  2.408694e-02 -1.670360e-02 
 2.400000e+04  2.757586e+02 -2.541581e-02  2.426374e-02 -1.683224e-02 
 2.405000e+04  2.818232e+02 -2.562161e-02  2.444973e-02 -1.696753e-02 
 2.410000e+04  2.880937e+02 -2.583189e-02  2.463958e-02 -1.710566e-02 
 2.415000e+04  2.943642e+02 -2.603934e-02  2.482685e-02 -1.724186e-02 
 2.420000e+04  3.006912e+02 -2.624575e-02  2.501306e-02 -1.737724e-02 
 2.425000e+04  3.074925e+02 -2.646481e-02  2.521049e-02 -1.752083e-02 
 2.430000e+04  3.144058e+02 -2.668461e-02  2.540855e-02 -1.766487e-02 
 2.435000e+04  3.213190e+02 -2.690130e-02  2.560379e-02 -1.780675e-02 
 2.440000e+04  3.284950e+02 -2.712316e-02  2.580345e-02 -1.795189e-02 
 2.445000e+04  3.357539e+02 -2.734469e-02  2.600267e-02 -1.809672e-02 
 2.450000e+04  3.430128e+02 -2.756314e-02  2.619911e-02 -1.823943e-02 
 2.455000e+04  3.508578e+02 -2.779599e-02  2.640835e-02 -1.839142e-02 
 2.460000e+04  3.588608e+02 -2.803048e-02  2.661888e-02 -1.854440e-02 
 2.465000e+04  3.668637e+02 -2.826167e-02  2.682638e-02 -1.869516e-02 
 2.470000e+04  3.749627e+02 -2.849225e-02  2.703322e-02 -1.884533e-02 
 2.475000e+04  3.833658e+02 -2.872819e-02  2.724472e-02 -1.899892e-02 
 2.480000e+04  3.917689e+02 -2.896089e-02  2.745321e-02 -1.915031e-02 
 2.485000e+04  4.006766e+02 -2.920413e-02  2.767103e-02 -1.930846e-02 
 2.490000e+04  4.099410e+02 -2.945382e-02  2.789439e-02 -1.947065e-02 
 2.495000e+04  4.192054e+02 -2.969997e-02  2.811438e-02 -1.963042e-02 
 2.500000e+04  4.284699e+02 -2.994247e-02  2.833100e-02 -1.978767e-02 
 2.505000e+04  4.382948e+02 -3.019589e-02  2.855721e-02 -1.995186e-02 
 2.510000e+04  4.485088e+02 -3.045570e-02  2.878904e-02 -2.012017e-02 
 2.515000e+04  4.587228e+02 -3.071169e-02  2.901741e-02 -2.028597e-02 
 2.520000e+04  4.689777e+02 -3.096487e-02  2.924308e-02 -2.044983e-02 
 2.525000e+04  4.797024e+02 -3.122577e-02  2.947555e-02 -2.061858e-02 
 2.530000e+04  4.904486e+02 -3.148336e-02  2.970502e-02 -2.078507e-02 
 2.535000e+04  5.017095e+02 -3.174936e-02  2.994191e-02 -2.095692e-02 
 2.540000e+04  5.129705e+02 -3.201143e-02  3.017522e-02 -2.112620e-02 
 2.545000e+04  5.244068e+02 -3.227356e-02  3.040852e-02 -2.129543e-02 
 2.550000e+04  5.359808e+02 -3.253492e-02  3.064108e-02 -2.146408e-02 
 2.555000e+04  5.475549e+02 -3.279242e-02  3.087013e-02 -2.163020e-02 
 2.560000e+04  5.591290e+02 -3.304617e-02  3.109574e-02 -2.179385e-02 
 2.565000e+04  5.707031e+02 -3.329630e-02  3.131803e-02 -2.195508e-02 
 2.570000e+04  5.822771e+02 -3.354296e-02  3.153714e-02 -2.211401e-02 
 2.575000e+04  5.938512e+02 -3.378629e-02  3.175323e-02 -2.227071e-02 
 2.580000e+04  6.054253e+02 -3.402632e-02  3.196641e-02 -2.242528e-02 
 2.585000e+04  6.169994e+02 -3.426317e-02  3.217672e-02 -2.257774e-02 
 2.590000e+04  6.285734e+02 -3.449693e-02  3.238423e-02 -2.272819e-02 
 2.595000e+04  6.401475e+02 -3.472771e-02  3.258905e-02 -2.287671e-02 
 2.600000e+04  6.517216e+02 -3.495559e-02  3.279127e-02 -2.302336e-02 
 2.605000e+04  6.632957e+02 -3.518067e-02  3.299090e-02 -2.316814e-02 
 2.610000e+04  6.748697e+02 -3.540307e-02  3.318803e-02 -2.331111e-02 
 2.615000e+04  6.864438e+02 -3.562288e-02  3.338274e-02 -2.345235e-02 
 2.620000e+04  6.980179e+02 -3.584008e-02  3.357506e-02 -2.359189e-02 
 2.625000e+04  7.095920e+02 -3.605473e-02  3.376506e-02 -2.372980e-02 
 2.630000e+04  7.211660e+02 -3.626689e-02  3.395288e-02 -2.386614e-02 
 2.635000e+04  7.327401e+02 -3.647665e-02  3.413859e-02 -2.400093e-02 
 2.640000e+04  7.443142e+02 -3.668411e-02  3.432218e-02 -2.413417e-02 
 2.645000e+04  7.558882e+02 -3.688932e-02  3.450371e-02 -2.426593e-02 
 2.650000e+04  7.674623e+02 -3.709234e-02  3.468321e-02 -2.439628e-02 
 2.655000e+04  7.790364e+02 -3.729316e-02  3.486074e-02 -2.452521e-02 
 2.660000e+04  7.906105e+02 -3.749182e-02  3.503636e-02 -2.465276e-02 
 2.665000e+04  8.021845e+02 -3.768841e-02  3.521015e-02 -2.477900e-02 
 2.670000e+04  8.137586e+02 -3.788293e-02  3.538214e-02 -2.490392e-02 
 2.675000e+04  8.253327e+02 -3.807545e-02  3.555237e-02 -2.502758e-02 
 2.680000e+04  8.369068e+02 -3.826605e-02  3.572089e-02 -2.515000e-02 
 2.685000e+04  8.484808e+02 -3.845477e-02  3.588771e-02 -2.527119e-02 
 2.690000e+04  8.600549e+02 -3.864167e-02  3.605284e-02 -2.539121e-02 
 2.695000e+04  8.716290e+02 -3.882675e-02  3.621633e-02 -2.551006e-02 
 2.700000e+04  8.832031e+02 -3.901008e-02  3.637824e-02 -2.562777e-02 
 2.705000e+04  8.947771e+02 -3.919169e-02  3.653859e-02 -2.574436e-02 
 2.710000e+04  9.063512e+02 -3.937157e-02  3.669744e-02 -2.585988e-02 
 2.715000e+04  9.179253e+02 -3.954975e-02  3.685480e-02 -2.597434e-02 
 2.720000e+04  9.294994e+02 -3.972633e-02  3.701069e-02 -2.608776e-02 
 2.725000e+04  9.410734e+02 -3.990132e-02  3.716520e-02 -2.620019e-02 
 2.730000e+04  9.526475e+02 -4.007481e-02  3.731831e-02 -2.631161e-02 
 2.735000e+04  9.642216e+02 -4.024678e-02  3.747003e-02 -2.642203e-02 
 2.740000e+04  9.757957e+02 -4.041726e-02  3.762041e-02 -2.653149e-02 
 2.745000e+04  9.873697e+02 -4.058623e-02  3.776945e-02 -2.664005e-02 
 2.750000e+04  9.989438e+02 -4.075372e-02  3.791718e-02 -2.674770e-02 
 2.755000e+04  1.010518e+03 -4.091977e-02  3.806369e-02 -2.685445e-02 
 2.760000e+04  1.022092e+03 -4.108447e-02  3.820903e-02 -2.696030e-02 
 2.765000e+04  1.033666e+03 -4.124781e-02  3.835317e-02 -2.706526e-02 
 2.770000e+04  1.045240e+03 -4.140982e-02  3.849609e-02 -2.716938e-02 
 2.775000e+04  1.056814e+03 -4.157048e-02  3.863786e-02 -2.727270e-02 
 2.780000e+04  1.068388e+03 -4.172983e-02  3.877847e-02 -2.737521e-02 
 2.785000e+04  1.079962e+03 -4.188794e-02  3.891795e-02 -2.747690e-02 
 2.790000e+04  1.091536e+03 -4.204485e-02  3.905631e-02 -2.757779e-02 
 2.795000e+04  1.103110e+03 -4.220056e-02  3.919358e-02 -2.767795e-02 
 2.800000e+04  1.114685e+03 -4.235505e-02  3.932978e-02 -2.777733e-02 
 2.805000e+04  1.126259e+03 -4.250838e-02  3.946491e-02 -2.787595e-02 
 2.810000e+04  1.137833e+03 -4.266058e-02  3.959905e-02 -2.797385e-02 
 2.815000e+04  1.149407e+03 -4.281164e-02  3.973217e-02 -2.807105e-02 
 2.820000e+04  1.160981e+03 -4.296157e-02  3.986429e-02 -2.816754e-02 
 2.825000e+04  1.172555e+03 -4.311040e-02  3.999544e-02 -2.826334e-02 
 2.830000e+04  1.184129e+03 -4.325819e-02  4.012565e-02 -2.835849e-02 
 2.835000e+04  1.195703e+03 -4.340490e-02  4.025494e-02 -2.845294e-02 
 2.840000e+04  1.207277e+03 -4.355056e-02  4.038328e-02 -2.854671e-02 
 2.845000e+04  1.218851e+03 -4.369517e-02  4.051071e-02 -2.863986e-02 
 2.850000e+04  1.230425e+03 -4.383873e-02  4.063728e-02 -2.873239e-02 
 2.855000e+04  1.241999e+03 -4.398129e-02  4.076298e-02 -2.882429e-02 
 2.860000e+04  1.253573e+03 -4.412288e-02  4.088784e-02 -2.891555e-02 
 2.865000e+04  1.265148e+03 -4.426351e-02  4.101186e-02 -2.900622e-02 
 2.870000e+04  1.276722e+03 -4.440323e-02  4.113504e-02 -2.909629e-02 
 2.875000e+04  1.288296e+03 -4.454201e-02  4.125736e-02 -2.918577e-02 
 2.880000e+04  1.299870e+03 -4.467985e-02  4.137887e-02 -2.927469e-02 
 2.885000e+04  1.311444e+03 -4.481681e-02  4.149955e-02 -2.936305e-02 
 2.890000e+04  1.323018e+03 -4.495288e-02  4.161946e-02 -2.945083e-02 
 2.895000e+04  1.334592e+03 -4.508812e-02  4.173861e-02 -2.953805e-02 
 2.900000e+04  1.346166e+03 -4.522248e-02  4.185701e-02 -2.962474e-02 
 2.905000e+04  1.357740e+03 -4.535598e-02  4.197465e-02 -2.971091e-02 
 2.910000e+04  1.369314e+03 -4.548864e-02  4.209154e-02 -2.979656e-02 
 2.915000e+04  1.380888e+03 -4.562049e-02  4.220770e-02 -2.988170e-02 
 2.920000e+04  1.392462e+03 -4.575154e-02  4.232314e-02 -2.996633e-02 
 2.925000e+04  1.404036e+03 -4.588181e-02  4.243790e-02 -3.005045e-02 
 2.930000e+04  1.415610e+03 -4.601126e-02  4.255197e-02 -3.013407e-02 
 2.935000e+04  1.427185e+03 -4.613993e-02  4.266535e-02 -3.021721e-02 
 2.940000e+04  1.438759e+03 -4.626783e-02  4.277807e-02 -3.029987e-02 
 2.945000e+04  1.450333e+03 -4.639497e-02  4.289014e-02 -3.038207e-02 
 2.950000e+04  1.461907e+03 -4.652137e-02  4.300156e-02 -3.046380e-02 
 2.955000e+04  1.473481e+03 -4.664705e-02  4.311232e-02 -3.054506e-02 
 2.960000e+04  1.485055e+03 -4.677202e-02  4.322244e-02 -3.062590e-02 
 2.965000e+04  1.496629e+03 -4.689627e-02  4.333192e-02 -3.070627e-02 
 2.970000e+04  1.508203e+03 -4.701983e-02  4.344078e-02 -3.078621e-02 
 2.975000e+04  1.519777e+03 -4.714271e-02  4.354904e-02 -3.086572e-02 
 2.980000e+04  1.531351e+03 -4.726490e-02  4.365668e-02 -3.094480e-02 
 2.985000e+04  1.542925e+03 -4.738644e-02  4.376376e-02 -3.102345e-02 
 2.990000e+04  1.554499e+03 -4.750731e-02  4.387027e-02 -3.110169e-02 
 2.995000e+04  1.566073e+03 -4.762753e-02  4.397618e-02 -3.117953e-02 
 3.000000e+04  1.577648e+03 -4.774711e-02  4.408153e-02 -3.125697e-02 
 3.005000e+04  1.589222e+03 -4.786604e-02  4.418632e-02 -3.133402e-02 
 3.010000e+04  1.600796e+03 -4.798434e-02  4.429056e-02 -3.141068e-02 
 3.015000e+04  1.612370e+03 -4.810201e-02  4.439425e-02 -3.148695e-02 
 3.020000e+04  1.623944e+03 -4.821906e-02  4.449741e-02 -3.156282e-02 
 3.025000e+04  1.635518e+03 -4.833551e-02  4.460006e-02 -3.163831e-02 
 3.030000e+04  1.647092e+03 -4.845135e-02  4.470219e-02 -3.171345e-02 
 3.035000e+04  1.658666e+03 -4.856658e-02  4.480382e-02 -3.178822e-02 
 3.040000e+04  1.670240e+03 -4.868125e-02  4.490494e-02 -3.186263e-02 
 3.045000e+04  1.681814e+03 -4.879534e-02  4.500556e-02 -3.193667e-02 
 3.050000e+04  1.693388e+03 -4.890888e-02  4.510568e-02 -3.201035e-02 
 3.055000e+04  1.704962e+03 -4.902186e-02  4.520530e-02 -3.208369e-02 
 3.060000e+04  1.716536e+03 -4.913429e-02  4.530443e-02 -3.215668e-02 
 3.065000e+04  1.728110e+03 -4.924616e-02  4.540309e-02 -3.222933e-02 
 3.070000e+04  1.739685e+03 -4.935750e-02  4.550127e-02 -3.230166e-02 
 3.075000e+04  1.751259e+03 -4.946832e-02  4.559899e-02 -3.237365e-02 
 3.080000e+04  1.762833e+03 -4.957861e-02  4.569624e-02 -3.244531e-02 
 3.085000e+04  1.774407e+03 -4.968840e-02  4.579304e-02 -3.251666e-02 
 3.090000e+04  1.785981e+03 -4.979768e-02  4.588940e-02 -3.258767e-02 
 3.095000e+04  1.797555e+03 -4.990646e-02  4.598530e-02 -3.265837e-02 
 3.100000e+04  1.809129e+03 -5.001475e-02  4.608076e-02 -3.272877e-02 
 3.105000e+04  1.820703e+03 -5.012254e-02  4.617578e-02 -3.279885e-02 
 3.110000e+04  1.832277e+03 -5.022982e-02  4.627039e-02 -3.286864e-02 
 3.115000e+04  1.843851e+03 -5.033663e-02  4.636459e-02 -3.293813e-02 
 3.120000e+04  1.855425e+03 -5.044296e-02  4.645838e-02 -3.300732e-02 
 3.125000e+04  1.866999e+03 -5.054882e-02  4.655177e-02 -3.307623e-02 
 3.130000e+04  1.878573e+03 -5.065422e-02  4.664474e-02 -3.314484e-02 
 3.135000e+04  1.890148e+03 -5.075916e-02  4.673731e-02 -3.321318e-02 
 3.140000e+04  1.901722e+03 -5.086366e-02  4.682948e-02 -3.328123e-02 
 3.145000e+04  1.913296e+03 -5.096772e-02  4.692125e-02 -3.334898e-02 
 3.150000e+04  1.924870e+03 -5.107135e-02  4.701263e-02 -3.341646e-02 
 3.155000e+04  1.936444e+03 -5.117452e-02  4.710362e-02 -3.348367e-02 
 3.160000e+04  1.948018e+03 -5.127723e-02  4.719424e-02 -3.355062e-02 
 3.165000e+04  1.959592e+03 -5.137952e-02  4.728451e-02 -3.361730e-02 
 3.170000e+04  1.971166e+03 -5.148138e-02  4.737440e-02 -3.368372e-02 
 3.175000e+04  1.982740e+03 -5.158283e-02  4.746395e-02 -3.374986e-02 
 3.180000e+04  1.994314e+03 -5.168387e-02  4.755312e-02 -3.381576e-02 
 3.185000e+04  2.005888e+03 -5.178451e-02  4.764191e-02 -3.388141e-02 
 3.190000e+04  2.017462e+03 -5.188477e-02  4.773035e-02 -3.394681e-02 
 3.195000e+04  2.029036e+03 -5.198462e-02  4.781845e-02 -3.401197e-02 
 3.200000e+04  2.040610e+03 -5.208409e-02  4.790619e-02 -3.407687e-02 
 3.205000e+04  2.052185e+03 -5.218314e-02  4.799359e-02 -3.414153e-02 
 3.210000e+04  2.063759e+03 -5.228181e-02  4.808067e-02 -3.420594e-02 
 3.215000e+04  2.075333e+03 -5.238010e-02  4.816743e-02 -3.427011e-02 
 3.220000e+04  2.086907e+03 -5.247798e-02  4.825387e-02 -3.433404e-02 
 3.225000e+04  2.098481e+03 -5.257549e-02  4.833997e-02 -3.439775e-02 
 3.230000e+04  2.110055e+03 -5.267261e-02  4.842576e-02 -3.446123e-02 
 3.235000e+04  2.121629e+03 -5.276936e-02  4.851122e-02 -3.452448e-02 
 3.240000e+04  2.133203e+03 -5.286577e-02  4.859636e-02 -3.458750e-02 
 3.245000e+04  2.144777e+03 -5.296180e-02  4.868120e-02 -3.465030e-02 
 3.250000e+04  2.156351e+03 -5.305749e-02  4.876575e-02 -3.471289e-02 
 3.255000e+04  2.167925e+03 -5.315283e-02  4.884998e-02 -3.477525e-02 
 3.260000e+04  2.179499e+03 -5.324783e-02  4.893391e-02 -3.483739e-02 
 3.265000e+04  2.191073e+03 -5.334249e-02  4.901756e-02 -3.489932e-02 
 3.270000e+04  2.202648e+03 -5.343682e-02  4.910089e-02 -3.496104e-02 
 3.275000e+04  2.214222e+03 -5.353081e-02  4.918392e-02 -3.502256e-02 
 3.280000e+04  2.225796e+03 -5.362447e-02  4.926666e-02 -3.508387e-02 
 3.285000e+04  2.237370e+03 -5.371781e-02  4.934910e-02 -3.514497e-02 
 3.290000e+04  2.248944e+03 -5.381084e-02  4.943126e-02 -3.520588e-02 
 3.295000e+04  2.260518e+03 -5.390357e-02  4.951314e-02 -3.526658e-02 
 3.300000e+04  2.272092e+03 -5.399597e-02  4.959474e-02 -3.532710e-02 
 3.305000e+04  2.283666e+03 -5.408805e-02  4.967606e-02 -3.538742e-02 
 3.310000e+04  2.295240e+03 -5.417983e-02  4.975711e-02 -3.544754e-02 
 3.315000e+04  2.306814e+03 -5.427131e-02  4.983789e-02 -3.550746e-02 
 3.320000e+04  2.318388e+03 -5.436247e-02  4.991841e-02 -3.556720e-02 
 3.325000e+04  2.329962e+03 -5.445329e-02  4.999868e-02 -3.562676e-02 
 3.330000e+04  2.341536e+03 -5.454380e-02  5.007870e-02 -3.568614e-02 
 3.335000e+04  2.353110e+03 -5.463401e-02  5.015850e-02 -3.574532e-02 
 3.340000e+04  2.364685e+03 -5.472393e-02  5.023806e-02 -3.580432e-02 
 3.345000e+04  2.376259e+03 -5.481357e-02  5.031735e-02 -3.586314e-02 
 3.350000e+04  2.387833e+03 -5.490292e-02  5.039638e-02 -3.592179e-02 
 3.355000e+04  2.399407e+03 -5.499199e-02  5.047515e-02 -3.598025e-02 
 3.360000e+04  2.410981e+03 -5.508079e-02  5.055365e-02 -3.603854e-02 
 3.365000e+04  2.422555e+03 -5.516929e-02  5.063191e-02 -3.609666e-02 
 3.370000e+04  2.434129e+03 -5.525753e-02  5.070994e-02 -3.615460e-02 
 3.375000e+04  2.445703e+03 -5.534550e-02  5.078775e-02 -3.621237e-02 
 3.380000e+04  2.457277e+03 -5.543320e-02  5.086531e-02 -3.626997e-02 
 3.385000e+04  2.468851e+03 -5.552065e-02  5.094263e-02 -3.632741e-02 
 3.390000e+04  2.480425e+03 -5.560784e-02  5.101971e-02 -3.638469e-02 
 3.395000e+04  2.491999e+03 -5.569477e-02  5.109657e-02 -3.644180e-02 
 3.400000e+04  2.503573e+03 -5.578145e-02  5.117319e-02 -3.649876e-02 
 3.405000e+04  2.515148e+03 -5.586787e-02  5.124958e-02 -3.655556e-02 
 3.410000e+04  2.526722e+03 -5.595403e-02  5.132576e-02 -3.661220e-02 
 3.415000e+04  2.538296e+03 -5.603995e-02  5.140173e-02 -3.666869e-02 
 3.420000e+04  2.549870e+03 -5.612561e-02  5.147750e-02 -3.672502e-02 
 3.425000e+04  2.561444e+03 -5.621100e-02  5.155305e-02 -3.678119e-02 
 3.430000e+04  2.573018e+03 -5.629614e-02  5.162838e-02 -3.683722e-02 
 3.435000e+04  2.584592e+03 -5.638104e-02  5.170351e-02 -3.689311e-02 
 3.440000e+04  2.596166e+03 -5.646570e-02  5.177844e-02 -3.694884e-02 
 3.445000e+04  2.607740e+03 -5.655012e-02  5.185316e-02 -3.700441e-02 
 3.450000e+04  2.619314e+03 -5.663430e-02  5.192769e-02 -3.705984e-02 
 3.455000e+04  2.630888e+03 -5.671824e-02  5.200201e-02 -3.711513e-02 
 3.460000e+04  2.642462e+03 -5.680194e-02  5.207613e-02 -3.717027e-02 
 3.465000e+04  2.654036e+03 -5.688540e-02  5.215005e-02 -3.722527e-02 
 3.470000e+04  2.665610e+03 -5.696863e-02  5.222380e-02 -3.728015e-02 
 3.475000e+04  2.677185e+03 -5.705167e-02  5.229733e-02 -3.733487e-02 
 3.480000e+04  2.688759e+03 -5.713450e-02  5.237065e-02 -3.738946e-02 
 3.485000e+04  2.700333e+03 -5.721711e-02  5.244378e-02 -3.744391e-02 
 3.490000e+04  2.711907e+03 -5.729951e-02  5.251671e-02 -3.749822e-02 
 3.495000e+04  2.723481e+03 -5.738169e-02  5.258944e-02 -3.755240e-02 
 3.500000e+04  2.735055e+03 -5.746365e-02  5.266197e-02 -3.760645e-02 
 3.505000e+04  2.746629e+03 -5.754540e-02  5.273435e-02 -3.766037e-02 
 3.510000e+04  2.758203e+03 -5.762693e-02  5.280655e-02 -3.771415e-02 
 3.515000e+04  2.769777e+03 -5.770825e-02  5.287858e-02 -3.776782e-02 
 3.520000e+04  2.781351e+03 -5.778935e-02  5.295043e-02 -3.782136e-02 
 3.525000e+04  2.792925e+03 -5.787025e-02  5.302210e-02 -3.787478e-02 
 3.530000e+04  2.804499e+03 -5.795096e-02  5.309360e-02 -3.792807e-02 
 3.535000e+04  2.816073e+03 -5.803146e-02  5.316494e-02 -3.798123e-02 
 3.540000e+04  2.827648e+03 -5.811175e-02  5.323610e-02 -3.803428e-02 
 3.545000e+04  2.839222e+03 -5.819181e-02  5.330709e-02 -3.808720e-02 
 3.550000e+04  2.850796e+03 -5.827168e-02  5.337792e-02 -3.814000e-02 
 3.555000e+04  2.862370e+03 -5.835134e-02  5.344859e-02 -3.819267e-02 
 3.560000e+04  2.873944e+03 -5.843081e-02  5.351910e-02 -3.824523e-02 
 3.565000e+04  2.885518e+03 -5.851010e-02  5.358946e-02 -3.829768e-02 
 3.570000e+04  2.897092e+03 -5.858921e-02  5.365965e-02 -3.835002e-02 
 3.575000e+04  2.908666e+03 -5.866814e-02  5.372966e-02 -3.840223e-02 
 3.580000e+04  2.920240e+03 -5.874689e-02  5.379950e-02 -3.845433e-02 
 3.585000e+04  2.931814e+03 -5.882546e-02  5.386918e-02 -3.850634e-02 
 3.590000e+04  2.943388e+03 -5.890385e-02  5.393870e-02 -3.855822e-02 
 3.595000e+04  2.954962e+03 -5.898208e-02  5.400806e-02 -3.861000e-02 
 3.600000e+04  2.966536e+03 -5.906015e-02  5.407727e-02 -3.866168e-02 
 3.605000e+04  2.978110e+03 -5.913803e-02  5.414634e-02 -3.871326e-02 
 3.610000e+04  2.989685e+03 -5.921574e-02  5.421527e-02 -3.876473e-02 
 3.615000e+04  3.001259e+03 -5.929328e-02  5.428403e-02 -3.881608e-02 
 3.620000e+04  3.012833e+03 -5.937064e-02  5.435267e-02 -3.886735e-02 
 3.625000e+04  3.024407e+03 -5.944783e-02  5.442117e-02 -3.891853e-02 
 3.630000e+04  3.035981e+03 -5.952483e-02  5.448954e-02 -3.896959e-02 
 3.635000e+04  3.047555e+03 -5.960167e-02  5.455777e-02 -3.902056e-02 
 3.640000e+04  3.059129e+03 -5.967835e-02  5.462587e-02 -3.907143e-02 
 3.645000e+04  3.070703e+03 -5.975487e-02  5.469384e-02 -3.912221e-02 
 3.650000e+04  3.082277e+03 -5.983122e-02  5.476166e-02 -3.917288e-02 
 3.655000e+04  3.093851e+03 -5.990743e-02  5.482936e-02 -3.922346e-02 
 3.660000e+04  3.105425e+03 -5.998349e-02  5.489691e-02 -3.927394e-02 
 3.665000e+04  3.116999e+03 -6.005939e-02  5.496432e-02 -3.932434e-02 
 3.670000e+04  3.128573e+03 -6.013515e-02  5.503159e-02 -3.937465e-02 
 3.675000e+04  3.140148e+03 -6.021076e-02  5.509875e-02 -3.942486e-02 
 3.680000e+04  3.151722e+03 -6.028623e-02  5.516577e-02 -3.947498e-02 
 3.685000e+04  3.163296e+03 -6.036156e-02  5.523266e-02 -3.952501e-02 
 3.690000e+04  3.174870e+03 -6.043677e-02  5.529942e-02 -3.957496e-02 
 3.695000e+04  3.186444e+03 -6.051183e-02  5.536606e-02 -3.962483e-02 
 3.700000e+04  3.198018e+03 -6.058675e-02  5.543256e-02 -3.967461e-02 
 3.705000e+04  3.209592e+03 -6.066153e-02  5.549894e-02 -3.972431e-02 
 3.710000e+04  3.221166e+03 -6.073618e-02  5.556520e-02 -3.977393e-02 
 3.715000e+04  3.232740e+03 -6.081069e-02  5.563135e-02 -3.982346e-02 
 3.720000e+04  3.244314e+03 -6.088504e-02  5.569739e-02 -3.987290e-02 
 3.725000e+04  3.255888e+03 -6.095925e-02  5.576332e-02 -3.992227e-02 
 3.730000e+04  3.267462e+03 -6.103332e-02  5.582913e-02 -3.997157e-02 
 3.735000e+04  3.279036e+03 -6.110725e-02  5.589485e-02 -4.002078e-02 
 3.740000e+04  3.290610e+03 -6.118106e-02  5.596046e-02 -4.006992e-02 
 3.745000e+04  3.302185e+03 -6.125474e-02  5.602595e-02 -4.011897e-02 
 3.750000e+04  3.313759e+03 -6.132829e-02  5.609132e-02 -4.016796e-02 
 3.755000e+04  3.325333e+03 -6.140171e-02  5.615658e-02 -4.021687e-02 
 3.760000e+04  3.336907e+03 -6.147499e-02  5.622173e-02 -4.026570e-02 
 3.765000e+04  3.348481e+03 -6.154816e-02  5.628680e-02 -4.031446e-02 
 3.770000e+04  3.360055e+03 -6.162120e-02  5.635174e-02 -4.036315e-02 
 3.775000e+04  3.371629e+03 -6.169413e-02  5.641660e-02 -4.041177e-02 
 3.780000e+04  3.383203e+03 -6.176695e-02  5.648133e-02 -4.046031e-02 
 3.785000e+04  3.394777e+03 -6.183967e-02  5.654596e-02 -4.050878e-02 
 3.790000e+04  3.406351e+03 -6.191227e-02  5.661048e-02 -4.055720e-02 
 3.795000e+04  3.417925e+03 -6.198476e-02  5.667489e-02 -4.060554e-02 
 3.800000e+04  3.429499e+03 -6.205714e-02  5.673918e-02 -4.065382e-02 
 3.805000e+04  3.441073e+03 -6.212941e-02  5.680336e-02 -4.070203e-02 
 3.810000e+04  3.452648e+03 -6.220158e-02  5.686746e-02 -4.075019e-02 
 3.815000e+04  3.464222e+03 -6.227363e-02  5.693147e-02 -4.079827e-02 
 3.820000e+04  3.475796e+03 -6.234557e-02  5.699540e-02 -4.084629e-02 
 3.825000e+04  3.487370e+03 -6.241742e-02  5.705925e-02 -4.089424e-02 
 3.830000e+04  3.498944e+03 -6.248914e-02  5.712300e-02 -4.094213e-02 
 3.835000e+04  3.510518e+03 -6.256074e-02  5.718664e-02 -4.098997e-02 
 3.840000e+04  3.522092e+03 -6.263224e-02  5.725019e-02 -4.103752e-02 
 3.845000e+04  3.533666e+03 -6.270359e-02  5.731366e-02 -4.108478e-02 
 3.850000e+04  3.545240e+03 -6.277451e-02  5.737707e-02 -4.113209e-02 
 3.855000e+04  3.556814e+03 -6.284513e-02  5.744030e-02 -4.117959e-02 
 3.860000e+04  3.568388e+03 -6.291574e-02  5.750342e-02 -4.122695e-02 
 3.865000e+04  3.579962e+03 -6.298658e-02  5.756639e-02 -4.127402e-02 
 3.870000e+04  3.591536e+03 -6.305736e-02  5.762888e-02 -4.132126e-02 
 3.875000e+04  3.603110e+03 -6.312795e-02  5.769116e-02 -4.136851e-02 
 3.880000e+04  3.614685e+03 -6.319838e-02  5.775358e-02 -4.141591e-02 
 3.885000e+04  3.626259e+03 -6.326887e-02  5.781621e-02 -4.146339e-02 
 3.890000e+04  3.637833e+03 -6.333946e-02  5.787901e-02 -4.151074e-02 
 3.895000e+04  3.649407e+03 -6.341006e-02  5.794180e-02 -4.155787e-02 
 3.900000e+04  3.660981e+03 -6.348064e-02  5.800448e-02 -4.160480e-02 
 3.905000e+04  3.672555e+03 -6.355098e-02  5.806710e-02 -4.165154e-02 
 3.910000e+04  3.684129e+03 -6.362102e-02  5.812944e-02 -4.169824e-02 
 3.915000e+04  3.695703e+03 -6.369075e-02  5.819143e-02 -4.174494e-02 
 3.920000e+04  3.707277e+03 -6.376050e-02  5.825332e-02 -4.179175e-02 
 3.925000e+04  3.718851e+03 -6.383013e-02  5.831519e-02 -4.183868e-02 
 3.930000e+04  3.730425e+03 -6.389968e-02  5.837701e-02 -4.188562e-02 
 3.935000e+04  3.741999e+03 -6.396915e-02  5.843883e-02 -4.193248e-02 
 3.940000e+04  3.753573e+03 -6.403846e-02  5.850066e-02 -4.197925e-02 
 3.945000e+04  3.765148e+03 -6.410785e-02  5.856257e-02 -4.202597e-02 
 3.950000e+04  3.776722e+03 -6.417709e-02  5.862452e-02 -4.207267e-02 
 3.955000e+04  3.788296e+03 -6.424626e-02  5.868637e-02 -4.211905e-02 
 3.960000e+04  3.799870e+03 -6.431552e-02  5.874799e-02 -4.216524e-02 
 3.965000e+04  3.811444e+03 -6.438482e-02  5.880939e-02 -4.221141e-02 
 3.970000e+04  3.823018e+03 -6.445379e-02  5.887052e-02 -4.225753e-02 
 3.975000e+04  3.834592e+03 -6.452249e-02  5.893137e-02 -4.230383e-02 
 3.980000e+04  3.846166e+03 -6.459122e-02  5.899219e-02 -4.235035e-02 
 3.985000e+04  3.857740e+03 -6.466007e-02  5.905307e-02 -4.239690e-02 
 3.990000e+04  3.869314e+03 -6.472901e-02  5.911405e-02 -4.244329e-02 
 3.995000e+04  3.880888e+03 -6.479772e-02  5.917510e-02 -4.248950e-02 
 4.000000e+04  3.892462e+03 -6.486629e-02  5.923621e-02 -4.253563e-02 
 4.005000e+04  3.904036e+03 -6.493490e-02  5.929728e-02 -4.258153e-02 
 4.010000e+04  3.915610e+03 -6.500347e-02  5.935823e-02 -4.262731e-02 
 4.015000e+04  3.927185e+03 -6.507168e-02  5.941911e-02 -4.267321e-02 
 4.020000e+04  3.938759e+03 -6.513987e-02  5.947980e-02 -4.271922e-02 
 4.025000e+04  3.950333e+03 -6.520807e-02  5.954039e-02 -4.276525e-02 
 4.030000e+04  3.961907e+03 -6.527620e-02  5.960094e-02 -4.281092e-02 
 4.035000e+04  3.973481e+03 -6.534402e-02  5.966136e-02 -4.285644e-02 
 4.040000e+04  3.985055e+03 -6.541152e-02  5.972184e-02 -4.290199e-02 
 4.045000e+04  3.996629e+03 -6.547908e-02  5.978239e-02 -4.294738e-02 
 4.050000e+04  4.008203e+03 -6.554684e-02  5.984289e-02 -4.299263e-02 
 4.055000e+04  4.019777e+03 -6.561437e-02  5.990339e-02 -4.303777e-02 
 4.060000e+04  4.031351e+03 -6.568152e-02  5.996378e-02 -4.308300e-02 
 4.065000e+04  4.042925e+03 -6.574857e-02  6.002401e-02 -4.312853e-02 
 4.070000e+04  4.054499e+03 -6.581565e-02  6.008410e-02 -4.317433e-02 
 4.075000e+04  4.066073e+03 -6.588301e-02  6.014405e-02 -4.322006e-02 
 4.080000e+04  4.077648e+03 -6.595064e-02  6.020387e-02 -4.326562e-02 
 4.085000e+04  4.089222e+03 -6.601837e-02  6.026374e-02 -4.331095e-02 
 4.090000e+04  4.100796e+03 -6.608602e-02  6.032366e-02 -4.335607e-02 
 4.095000e+04  4.112370e+03 -6.615360e-02  6.038353e-02 -4.340107e-02 
 4.100000e+04  4.123944e+03 -6.622103e-02  6.044318e-02 -4.344606e-02 
 4.105000e+04  4.135518e+03 -6.628834e-02  6.050262e-02 -4.349111e-02 
 4.110000e+04  4.147092e+03 -6.635524e-02  6.056194e-02 -4.353603e-02 
 4.115000e+04  4.158666e+03 -6.642161e-02  6.062121e-02 -4.358108e-02 
 4.120000e+04  4.170240e+03 -6.648781e-02  6.068059e-02 -4.362627e-02 
 4.125000e+04  4.181814e+03 -6.655428e-02  6.074001e-02 -4.367112e-02 
 4.130000e+04  4.193388e+03 -6.662088e-02  6.079943e-02 -4.371583e-02 
 4.135000e+04  4.204962e+03 -6.668754e-02  6.085889e-02 -4.376052e-02 
 4.140000e+04  4.216536e+03 -6.675360e-02  6.091848e-02 -4.380515e-02 
 4.145000e+04  4.228110e+03 -6.681959e-02  6.097823e-02 -4.384985e-02 
 4.150000e+04  4.239685e+03 -6.688557e-02  6.103795e-02 -4.389460e-02 
 4.155000e+04  4.251259e+03 -6.695167e-02  6.109757e-02 -4.393938e-02 
 4.160000e+04  4.262833e+03 -6.701757e-02  6.115701e-02 -4.398403e-02 
 4.165000e+04  4.274407e+03 -6.708339e-02  6.121636e-02 -4.402841e-02 
 4.170000e+04  4.285981e+03 -6.714930e-02  6.127568e-02 -4.407264e-02 
 4.175000e+04  4.297555e+03 -6.721493e-02  6.133456e-02 -4.411699e-02 
 4.180000e+04  4.309129e+03 -6.728038e-02  6.139323e-02 -4.416133e-02 
 4.185000e+04  4.320703e+03 -6.734593e-02  6.145181e-02 -4.420550e-02 
 4.190000e+04  4.332277e+03 -6.741135e-02  6.151048e-02 -4.424958e-02 
 4.195000e+04  4.343851e+03 -6.747663e-02  6.156926e-02 -4.429372e-02 
 4.200000e+04  4.355425e+03 -6.754208e-02  6.162816e-02 -4.433791e-02 
 4.205000e+04  4.366999e+03 -6.760770e-02  6.168705e-02 -4.438209e-02 
 4.210000e+04  4.378573e+03 -6.767340e-02  6.174580e-02 -4.442616e-02 
 4.215000e+04  4.390148e+03 -6.773912e-02  6.180443e-02 -4.447028e-02 
 4.220000e+04  4.401722e+03 -6.780481e-02  6.186298e-02 -4.451454e-02 
 4.225000e+04  4.413296e+03 -6.787058e-02  6.192140e-02 -4.455879e-02 
 4.230000e+04  4.424870e+03 -6.793645e-02  6.197958e-02 -4.460305e-02 
 4.235000e+04  4.436444e+03 -6.800205e-02  6.203769e-02 -4.464719e-02 
 4.240000e+04  4.448018e+03 -6.806746e-02  6.209578e-02 -4.469120e-02 
 4.245000e+04  4.459592e+03 -6.813267e-02  6.215395e-02 -4.473495e-02 
 4.250000e+04  4.471166e+03 -6.819763e-02  6.221209e-02 -4.477847e-02 
 4.255000e+04  4.482740e+03 -6.826309e-02  6.227005e-02 -4.482173e-02 
 4.260000e+04  4.494314e+03 -6.832857e-02  6.232788e-02 -4.486524e-02 
 4.265000e+04  4.505888e+03 -6.839395e-02  6.238576e-02 -4.490896e-02 
 4.270000e+04  4.517462e+03 -6.845913e-02  6.244343e-02 -4.495264e-02 
 4.275000e+04  4.529036e+03 -6.852414e-02  6.250127e-02 -4.499655e-02 
 4.280000e+04  4.540610e+03 -6.858896e-02  6.255930e-02 -4.504033e-02 
 4.285000e+04  4.552185e+03 -6.865328e-02  6.261726e-02 -4.508373e-02 
 4.290000e+04  4.563759e+03 -6.871751e-02  6.267534e-02 -4.512671e-02 
 4.295000e+04  4.575333e+03 -6.878142e-02  6.273360e-02 -4.516955e-02 
 4.300000e+04  4.586907e+03 -6.884505e-02  6.279200e-02 -4.521254e-02 
 4.305000e+04  4.598481e+03 -6.890892e-02  6.285036e-02 -4.525571e-02 
 4.310000e+04  4.610055e+03 -6.897252e-02  6.290841e-02 -4.529890e-02 
 4.315000e+04  4.621629e+03 -6.903654e-02  6.296618e-02 -4.534214e-02 
 4.320000e+04  4.633203e+03 -6.910026e-02  6.302380e-02 -4.538563e-02 
 4.325000e+04  4.644777e+03 -6.916424e-02  6.308140e-02 -4.542906e-02 
 4.330000e+04  4.656351e+03 -6.922844e-02  6.313890e-02 -4.547243e-02 
 4.335000e+04  4.667925e+03 -6.929283e-02  6.319648e-02 -4.551553e-02 
 4.340000e+04  4.679499e+03 -6.935744e-02  6.325413e-02 -4.555854e-02 
 4.345000e+04  4.691073e+03 -6.942136e-02  6.331165e-02 -4.560144e-02 
 4.350000e+04  4.702648e+03 -6.948522e-02  6.336892e-02 -4.564430e-02 
 4.355000e+04  4.714222e+03 -6.954939e-02  6.342590e-02 -4.568739e-02 
 4.360000e+04  4.725796e+03 -6.961385e-02  6.348254e-02 -4.573058e-02 
 4.365000e+04  4.737370e+03 -6.967793e-02  6.353885e-02 -4.577375e-02 
 4.370000e+04  4.748944e+03 -6.974163e-02  6.359519e-02 -4.581687e-02 
 4.375000e+04  4.760518e+03 -6.980558e-02  6.365169e-02 -4.585995e-02 
 4.380000e+04  4.772092e+03 -6.986963e-02  6.370806e-02 -4.590265e-02 
 4.385000e+04  4.783666e+03 -6.993354e-02  6.376423e-02 -4.594517e-02 
 4.390000e+04  4.795240e+03 -6.999745e-02  6.382060e-02 -4.598775e-02 
 4.395000e+04  4.806814e+03 -7.006120e-02  6.387729e-02 -4.603036e-02 
 4.400000e+04  4.818388e+03 -7.012464e-02  6.393423e-02 -4.607291e-02 
 4.405000e+04  4.829962e+03 -7.018775e-02  6.399117e-02 -4.611536e-02 
 4.410000e+04  4.841536e+03 -7.025035e-02  6.404802e-02 -4.615775e-02 
 4.415000e+04  4.853110e+03 -7.031234e-02  6.410505e-02 -4.620019e-02 
 4.420000e+04  4.864685e+03 -7.037390e-02  6.416236e-02 -4.624275e-02 
 4.425000e+04  4.876259e+03 -7.043575e-02  6.421965e-02 -4.628536e-02 
 4.430000e+04  4.887833e+03 -7.049781e-02  6.427709e-02 -4.632802e-02 
 4.435000e+04  4.899407e+03 -7.056028e-02  6.433448e-02 -4.637073e-02 
 4.440000e+04  4.910981e+03 -7.062296e-02  6.439169e-02 -4.641334e-02 
 4.445000e+04  4.922555e+03 -7.068560e-02  6.444876e-02 -4.645578e-02 
 4.450000e+04  4.934129e+03 -7.074831e-02  6.450558e-02 -4.649803e-02 
 4.455000e+04  4.945703e+03 -7.081111e-02  6.456218e-02 -4.654032e-02 
 4.460000e+04  4.957277e+03 -7.087394e-02  6.461856e-02 -4.658247e-02 
 4.465000e+04  4.968851e+03 -7.093611e-02  6.467436e-02 -4.662421e-02 
 4.470000e+04  4.980425e+03 -7.099784e-02  6.472906e-02 -4.666615e-02 
 4.475000e+04  4.991999e+03 -7.105990e-02  6.478314e-02 -4.670835e-02 
 4.480000e+04  5.003573e+03 -7.112267e-02  6.483686e-02 -4.675039e-02 
 4.485000e+04  5.015148e+03 -7.118583e-02  6.489121e-02 -4.679199e-02 
 4.490000e+04  5.026722e+03 -7.124933e-02  6.494618e-02 -4.683364e-02 
 4.495000e+04  5.038296e+03 -7.131277e-02  6.500150e-02 -4.687549e-02 
 4.500000e+04  5.049870e+03 -7.137599e-02  6.505672e-02 -4.691746e-02 
 4.505000e+04  5.061444e+03 -7.143886e-02  6.511208e-02 -4.695949e-02 
 4.510000e+04  5.073018e+03 -7.150127e-02  6.516766e-02 -4.700155e-02 
 4.515000e+04  5.084592e+03 -7.156328e-02  6.522357e-02 -4.704363e-02 
 4.520000e+04  5.096166e+03 -7.162463e-02  6.527966e-02 -4.708582e-02 
 4.525000e+04  5.107740e+03 -7.168581e-02  6.533587e-02 -4.712806e-02 
 4.530000e+04  5.119314e+03 -7.174708e-02  6.539199e-02 -4.717011e-02 
 4.535000e+04  5.130888e+03 -7.180845e-02  6.544811e-02 -4.721167e-02 
 4.540000e+04  5.142462e+03 -7.186987e-02  6.550427e-02 -4.725312e-02 
 4.545000e+04  5.154036e+03 -7.193113e-02  6.556074e-02 -4.729479e-02 
 4.550000e+04  5.165610e+03 -7.199223e-02  6.561734e-02 -4.733643e-02 
 4.555000e+04  5.177185e+03 -7.205308e-02  6.567364e-02 -4.737818e-02 
 4.560000e+04  5.188759e+03 -7.211390e-02  6.572969e-02 -4.742005e-02 
 4.565000e+04  5.200333e+03 -7.217468e-02  6.578538e-02 -4.746195e-02 
 4.570000e+04  5.211907e+03 -7.223550e-02  6.584091e-02 -4.750358e-02 
 4.575000e+04  5.223481e+03 -7.229619e-02  6.589594e-02 -4.754489e-02 
 4.580000e+04  5.235055e+03 -7.235753e-02  6.595001e-02 -4.758625e-02 
 4.585000e+04  5.246629e+03 -7.241905e-02  6.600400e-02 -4.762739e-02 
 4.590000e+04  5.258203e+03 -7.248091e-02  6.605808e-02 -4.766848e-02 
 4.595000e+04  5.269777e+03 -7.254265e-02  6.611238e-02 -4.770974e-02 
 4.600000e+04  5.281351e+03 -7.260462e-02  6.616708e-02 -4.775123e-02 
