         Step [creep.tim... Z Displace... Z Displace... X Displace... 
------------- ------------- ------------- ------------- ------------- 
 5.250000e+03  1.276223e-07 -4.629353e-03  4.524540e-03 -2.433365e-03 
 5.300000e+03  3.886505e-06 -4.629532e-03  4.524623e-03 -2.433543e-03 
 5.350000e+03  3.308826e-05 -4.630211e-03  4.524706e-03 -2.433916e-03 
 5.400000e+03  2.302488e-04 -4.630344e-03  4.524820e-03 -2.433944e-03 
 5.450000e+03  1.034674e-03 -4.630873e-03  4.525587e-03 -2.434553e-03 
 5.500000e+03  2.621512e-03 -4.633407e-03  4.527873e-03 -2.436370e-03 
 5.550000e+03  5.491302e-03 -4.638879e-03  4.533081e-03 -2.440255e-03 
 5.600000e+03  8.594239e-03 -4.645210e-03  4.540057e-03 -2.444642e-03 
 5.650000e+03  1.226810e-02 -4.653509e-03  4.549812e-03 -2.450337e-03 
 5.700000e+03  1.710007e-02 -4.664872e-03  4.563332e-03 -2.457631e-03 
 5.750000e+03  2.215442e-02 -4.675597e-03  4.575367e-03 -2.463963e-03 
 5.800000e+03  2.720878e-02 -4.684738e-03  4.584792e-03 -2.469436e-03 
 5.850000e+03  3.226314e-02 -4.693528e-03  4.594033e-03 -2.475235e-03 
 5.900000e+03  3.731749e-02 -4.702959e-03  4.604054e-03 -2.481861e-03 
 5.950000e+03  4.237185e-02 -4.712932e-03  4.614871e-03 -2.489278e-03 
 6.000000e+03  4.769587e-02 -4.723998e-03  4.626406e-03 -2.497716e-03 
 6.050000e+03  5.443550e-02 -4.738515e-03  4.640604e-03 -2.507803e-03 
 6.100000e+03  6.154748e-02 -4.752796e-03  4.654459e-03 -2.516367e-03 
 6.150000e+03  6.865947e-02 -4.765977e-03  4.667020e-03 -2.523357e-03 
 6.200000e+03  7.577146e-02 -4.778876e-03  4.679718e-03 -2.530443e-03 
 6.250000e+03  8.288345e-02 -4.792268e-03  4.693481e-03 -2.538525e-03 
 6.300000e+03  8.999543e-02 -4.806253e-03  4.708017e-03 -2.547825e-03 
 6.350000e+03  9.732649e-02 -4.820412e-03  4.722916e-03 -2.558327e-03 
 6.400000e+03  1.061646e-01 -4.836454e-03  4.739530e-03 -2.570685e-03 
 6.450000e+03  1.156954e-01 -4.852680e-03  4.755721e-03 -2.582221e-03 
 6.500000e+03  1.252261e-01 -4.868094e-03  4.771171e-03 -2.592108e-03 
 6.550000e+03  1.347569e-01 -4.883960e-03  4.786994e-03 -2.601527e-03 
 6.600000e+03  1.442876e-01 -4.900598e-03  4.803923e-03 -2.611436e-03 
 6.650000e+03  1.538183e-01 -4.917858e-03  4.822155e-03 -2.622332e-03 
 6.700000e+03  1.633491e-01 -4.935001e-03  4.840925e-03 -2.633918e-03 
 6.750000e+03  1.738286e-01 -4.952490e-03  4.859789e-03 -2.646451e-03 
 6.800000e+03  1.856802e-01 -4.970666e-03  4.878782e-03 -2.659548e-03 
 6.850000e+03  1.978442e-01 -4.988698e-03  4.897101e-03 -2.672249e-03 
 6.900000e+03  2.100081e-01 -5.006775e-03  4.915514e-03 -2.684573e-03 
 6.950000e+03  2.221720e-01 -5.025379e-03  4.934793e-03 -2.697002e-03 
 7.000000e+03  2.343359e-01 -5.045077e-03  4.955045e-03 -2.709839e-03 
 7.050000e+03  2.465850e-01 -5.065751e-03  4.975941e-03 -2.722826e-03 
 7.100000e+03  2.597658e-01 -5.087148e-03  4.997062e-03 -2.736091e-03 
 7.150000e+03  2.738470e-01 -5.107887e-03  5.017917e-03 -2.749487e-03 
 7.200000e+03  2.879283e-01 -5.127547e-03  5.038023e-03 -2.762920e-03 
 7.250000e+03  3.020095e-01 -5.146944e-03  5.057891e-03 -2.776505e-03 
 7.300000e+03  3.160908e-01 -5.166580e-03  5.078011e-03 -2.790307e-03 
 7.350000e+03  3.310291e-01 -5.188232e-03  5.099777e-03 -2.805237e-03 
 7.400000e+03  3.479657e-01 -5.213384e-03  5.124633e-03 -2.821766e-03 
 7.450000e+03  3.651671e-01 -5.237998e-03  5.148613e-03 -2.837303e-03 
 7.500000e+03  3.831387e-01 -5.262260e-03  5.172551e-03 -2.852434e-03 
 7.550000e+03  4.011104e-01 -5.286013e-03  5.196288e-03 -2.867601e-03 
 7.600000e+03  4.190820e-01 -5.309474e-03  5.220211e-03 -2.883100e-03 
 7.650000e+03  4.370537e-01 -5.332434e-03  5.244131e-03 -2.899079e-03 
 7.700000e+03  4.558360e-01 -5.356362e-03  5.269142e-03 -2.916162e-03 
 7.750000e+03  4.766404e-01 -5.382554e-03  5.296298e-03 -2.934826e-03 
 7.800000e+03  4.974448e-01 -5.407865e-03  5.321977e-03 -2.952114e-03 
 7.850000e+03  5.186029e-01 -5.433204e-03  5.347192e-03 -2.968578e-03 
 7.900000e+03  5.404476e-01 -5.459609e-03  5.373339e-03 -2.985369e-03 
 7.950000e+03  5.622922e-01 -5.486106e-03  5.399779e-03 -3.002268e-03 
 8.000000e+03  5.841368e-01 -5.512202e-03  5.426121e-03 -3.019327e-03 
 8.050000e+03  6.061781e-01 -5.538065e-03  5.452297e-03 -3.036863e-03 
 8.100000e+03  6.298948e-01 -5.564838e-03  5.479574e-03 -3.055711e-03 
 8.150000e+03  6.539785e-01 -5.590787e-03  5.506144e-03 -3.074038e-03 
 8.200000e+03  6.780622e-01 -5.616370e-03  5.532055e-03 -3.091609e-03 
 8.250000e+03  7.021459e-01 -5.642344e-03  5.558164e-03 -3.108825e-03 
 8.300000e+03  7.262297e-01 -5.668862e-03  5.584381e-03 -3.125938e-03 
 8.350000e+03  7.506024e-01 -5.695901e-03  5.610758e-03 -3.143069e-03 
 8.400000e+03  7.773747e-01 -5.725059e-03  5.639024e-03 -3.161743e-03 
 8.450000e+03  8.052546e-01 -5.754078e-03  5.667582e-03 -3.180949e-03 
 8.500000e+03  8.331345e-01 -5.781594e-03  5.695325e-03 -3.199798e-03 
 8.550000e+03  8.610144e-01 -5.808506e-03  5.722563e-03 -3.218456e-03 
 8.600000e+03  8.888943e-01 -5.835512e-03  5.749821e-03 -3.237029e-03 
 8.650000e+03  9.174433e-01 -5.863351e-03  5.778007e-03 -3.255931e-03 
 8.700000e+03  9.475662e-01 -5.892637e-03  5.807795e-03 -3.275448e-03 
 8.750000e+03  9.794411e-01 -5.923144e-03  5.838550e-03 -3.295384e-03 
 8.800000e+03  1.013329e+00 -5.955127e-03  5.870027e-03 -3.315898e-03 
 8.850000e+03  1.047217e+00 -5.986545e-03  5.900579e-03 -3.336176e-03 
 8.900000e+03  1.081106e+00 -6.017031e-03  5.930590e-03 -3.356467e-03 
 8.950000e+03  1.114994e+00 -6.046663e-03  5.960481e-03 -3.376868e-03 
 9.000000e+03  1.148882e+00 -6.076129e-03  5.990404e-03 -3.397390e-03 
 9.050000e+03  1.182770e+00 -6.105366e-03  6.020108e-03 -3.417639e-03 
 9.100000e+03  1.218643e+00 -6.135898e-03  6.050978e-03 -3.438110e-03 
 9.150000e+03  1.256004e+00 -6.167546e-03  6.082633e-03 -3.458560e-03 
 9.200000e+03  1.293366e+00 -6.199022e-03  6.113840e-03 -3.478652e-03 
 9.250000e+03  1.330728e+00 -6.230165e-03  6.144320e-03 -3.498722e-03 
 9.300000e+03  1.368090e+00 -6.260823e-03  6.174194e-03 -3.518849e-03 
 9.350000e+03  1.406124e+00 -6.291462e-03  6.204094e-03 -3.539512e-03 
 9.400000e+03  1.445354e+00 -6.322221e-03  6.234573e-03 -3.560698e-03 
 9.450000e+03  1.484584e+00 -6.352188e-03  6.264567e-03 -3.581300e-03 
 9.500000e+03  1.525265e+00 -6.383047e-03  6.295527e-03 -3.602008e-03 
 9.550000e+03  1.566456e+00 -6.414397e-03  6.326981e-03 -3.622525e-03 
 9.600000e+03  1.607648e+00 -6.445623e-03  6.358298e-03 -3.642700e-03 
 9.650000e+03  1.649910e+00 -6.477287e-03  6.389983e-03 -3.663162e-03 
 9.700000e+03  1.694934e+00 -6.510602e-03  6.422917e-03 -3.684949e-03 
 9.750000e+03  1.740347e+00 -6.543584e-03  6.455118e-03 -3.706833e-03 
 9.800000e+03  1.785761e+00 -6.575583e-03  6.486359e-03 -3.728410e-03 
 9.850000e+03  1.831174e+00 -6.607026e-03  6.517320e-03 -3.749755e-03 
 9.900000e+03  1.876588e+00 -6.638236e-03  6.548403e-03 -3.770916e-03 
 9.950000e+03  1.922001e+00 -6.669336e-03  6.579633e-03 -3.791687e-03 
 1.000000e+04  1.968968e+00 -6.701381e-03  6.611870e-03 -3.812608e-03 
 1.005000e+04  2.019036e+00 -6.735331e-03  6.645826e-03 -3.834416e-03 
 1.010000e+04  2.069104e+00 -6.768847e-03  6.679062e-03 -3.855954e-03 
 1.015000e+04  2.119173e+00 -6.801651e-03  6.711207e-03 -3.877407e-03 
 1.020000e+04  2.169241e+00 -6.833889e-03  6.742606e-03 -3.898889e-03 
 1.025000e+04  2.219309e+00 -6.865671e-03  6.773624e-03 -3.920354e-03 
 1.030000e+04  2.269378e+00 -6.897151e-03  6.804443e-03 -3.941647e-03 
 1.035000e+04  2.320047e+00 -6.928680e-03  6.835531e-03 -3.962727e-03 
 1.040000e+04  2.373407e+00 -6.961689e-03  6.868259e-03 -3.984320e-03 
 1.045000e+04  2.428607e+00 -6.995555e-03  6.902060e-03 -4.006156e-03 
 1.050000e+04  2.483808e+00 -7.028982e-03  6.935498e-03 -4.027672e-03 
 1.055000e+04  2.539008e+00 -7.061985e-03  6.968258e-03 -4.049095e-03 
 1.060000e+04  2.596361e+00 -7.095870e-03  7.001666e-03 -4.071414e-03 
 1.065000e+04  2.654321e+00 -7.129633e-03  7.034684e-03 -4.093969e-03 
 1.070000e+04  2.712282e+00 -7.162734e-03  7.067036e-03 -4.116282e-03 
 1.075000e+04  2.772329e+00 -7.196609e-03  7.100268e-03 -4.138968e-03 
 1.080000e+04  2.833187e+00 -7.230831e-03  7.133923e-03 -4.161512e-03 
 1.085000e+04  2.894045e+00 -7.264846e-03  7.167532e-03 -4.183614e-03 
 1.090000e+04  2.955086e+00 -7.298655e-03  7.201116e-03 -4.205414e-03 
 1.095000e+04  3.020074e+00 -7.334369e-03  7.236621e-03 -4.228400e-03 
 1.100000e+04  3.087170e+00 -7.370711e-03  7.272667e-03 -4.252020e-03 
 1.105000e+04  3.154267e+00 -7.406362e-03  7.307644e-03 -4.275547e-03 
 1.110000e+04  3.223376e+00 -7.442524e-03  7.342819e-03 -4.299628e-03 
 1.115000e+04  3.293827e+00 -7.479081e-03  7.378296e-03 -4.323968e-03 
 1.120000e+04  3.364278e+00 -7.515301e-03  7.413567e-03 -4.347891e-03 
 1.125000e+04  3.434729e+00 -7.551243e-03  7.448755e-03 -4.371358e-03 
 1.130000e+04  3.505180e+00 -7.586977e-03  7.483805e-03 -4.394405e-03 
 1.135000e+04  3.575631e+00 -7.622290e-03  7.518751e-03 -4.417134e-03 
 1.140000e+04  3.646083e+00 -7.656969e-03  7.553322e-03 -4.439638e-03 
 1.145000e+04  3.719070e+00 -7.692404e-03  7.588585e-03 -4.462834e-03 
 1.150000e+04  3.795263e+00 -7.729004e-03  7.624703e-03 -4.487039e-03 
 1.155000e+04  3.872935e+00 -7.765956e-03  7.660821e-03 -4.511581e-03 
 1.160000e+04  3.950608e+00 -7.802518e-03  7.696384e-03 -4.535782e-03 
 1.165000e+04  4.030688e+00 -7.839888e-03  7.732784e-03 -4.560274e-03 
 1.170000e+04  4.112244e+00 -7.877743e-03  7.769694e-03 -4.584826e-03 
 1.175000e+04  4.193800e+00 -7.915236e-03  7.806446e-03 -4.608998e-03 
 1.180000e+04  4.275356e+00 -7.952206e-03  7.842911e-03 -4.632852e-03 
 1.185000e+04  4.357564e+00 -7.988971e-03  7.879360e-03 -4.656742e-03 
 1.190000e+04  4.443198e+00 -8.026822e-03  7.916921e-03 -4.681601e-03 
 1.195000e+04  4.528832e+00 -8.064191e-03  7.953703e-03 -4.706292e-03 
 1.200000e+04  4.619129e+00 -8.103158e-03  7.991789e-03 -4.732031e-03 
 1.205000e+04  4.713540e+00 -8.143733e-03  8.031151e-03 -4.758580e-03 
 1.210000e+04  4.807951e+00 -8.184114e-03  8.070144e-03 -4.784690e-03 
 1.215000e+04  4.902362e+00 -8.224004e-03  8.108712e-03 -4.810346e-03 
 1.220000e+04  4.996774e+00 -8.263544e-03  8.147046e-03 -4.835786e-03 
 1.225000e+04  5.091185e+00 -8.302582e-03  8.185227e-03 -4.861010e-03 
 1.230000e+04  5.185596e+00 -8.340888e-03  8.223113e-03 -4.885997e-03 
 1.235000e+04  5.281801e+00 -8.379377e-03  8.261178e-03 -4.911302e-03 
 1.240000e+04  5.384403e+00 -8.420136e-03  8.301307e-03 -4.938145e-03 
 1.245000e+04  5.488491e+00 -8.461215e-03  8.341452e-03 -4.965024e-03 
 1.250000e+04  5.592580e+00 -8.501891e-03  8.380940e-03 -4.991438e-03 
 1.255000e+04  5.699478e+00 -8.543419e-03  8.421091e-03 -5.018196e-03 
 1.260000e+04  5.808771e+00 -8.585589e-03  8.461800e-03 -5.045283e-03 
 1.265000e+04  5.918064e+00 -8.627178e-03  8.502098e-03 -5.072121e-03 
 1.270000e+04  6.027357e+00 -8.668118e-03  8.542007e-03 -5.098669e-03 
 1.275000e+04  6.136650e+00 -8.708459e-03  8.581732e-03 -5.125043e-03 
 1.280000e+04  6.246598e+00 -8.748570e-03  8.621452e-03 -5.151389e-03 
 1.285000e+04  6.361356e+00 -8.790017e-03  8.662325e-03 -5.178645e-03 
 1.290000e+04  6.480589e+00 -8.832829e-03  8.704229e-03 -5.206525e-03 
 1.295000e+04  6.605543e+00 -8.877527e-03  8.747556e-03 -5.235341e-03 
 1.300000e+04  6.732063e+00 -8.922467e-03  8.790875e-03 -5.264155e-03 
 1.305000e+04  6.858583e+00 -8.966830e-03  8.833549e-03 -5.292648e-03 
 1.310000e+04  6.985103e+00 -9.010588e-03  8.875776e-03 -5.320901e-03 
 1.315000e+04  7.111623e+00 -9.053859e-03  8.917776e-03 -5.349005e-03 
 1.320000e+04  7.238143e+00 -9.096436e-03  8.959474e-03 -5.376829e-03 
 1.325000e+04  7.366182e+00 -9.139003e-03  9.001301e-03 -5.404663e-03 
 1.330000e+04  7.503677e+00 -9.184433e-03  9.045952e-03 -5.434250e-03 
 1.335000e+04  7.643166e+00 -9.230289e-03  9.090725e-03 -5.463891e-03 
 1.340000e+04  7.782654e+00 -9.275743e-03  9.134651e-03 -5.493066e-03 
 1.345000e+04  7.923677e+00 -9.321355e-03  9.178389e-03 -5.522217e-03 
 1.350000e+04  8.070140e+00 -9.368281e-03  9.223390e-03 -5.552326e-03 
 1.355000e+04  8.216603e+00 -9.414495e-03  9.267879e-03 -5.582206e-03 
 1.360000e+04  8.363066e+00 -9.459949e-03  9.311938e-03 -5.611746e-03 
 1.365000e+04  8.509528e+00 -9.504952e-03  9.355771e-03 -5.641054e-03 
 1.370000e+04  8.655991e+00 -9.549529e-03  9.399382e-03 -5.670113e-03 
 1.375000e+04  8.805383e+00 -9.594448e-03  9.443551e-03 -5.699302e-03 
 1.380000e+04  8.963322e+00 -9.641616e-03  9.489743e-03 -5.729758e-03 
 1.385000e+04  9.130933e+00 -9.691497e-03  9.538123e-03 -5.761719e-03 
 1.390000e+04  9.300482e+00 -9.741501e-03  9.586186e-03 -5.793722e-03 
 1.395000e+04  9.470031e+00 -9.790843e-03  9.633424e-03 -5.825436e-03 
 1.400000e+04  9.639580e+00 -9.839571e-03  9.680209e-03 -5.856888e-03 
 1.405000e+04  9.809129e+00 -9.887719e-03  9.726698e-03 -5.888096e-03 
 1.410000e+04  9.978678e+00 -9.935214e-03  9.772761e-03 -5.918992e-03 
 1.415000e+04  1.014823e+01 -9.982214e-03  9.818573e-03 -5.949466e-03 
 1.420000e+04  1.032680e+01 -1.003141e-02  9.866606e-03 -5.981168e-03 
 1.425000e+04  1.051372e+01 -1.008257e-02  9.916435e-03 -6.013981e-03 
 1.430000e+04  1.070065e+01 -1.013318e-02  9.965363e-03 -6.046371e-03 
 1.435000e+04  1.089337e+01 -1.018494e-02  1.001495e-02 -6.079457e-03 
 1.440000e+04  1.108965e+01 -1.023714e-02  1.006479e-02 -6.112933e-03 
 1.445000e+04  1.128592e+01 -1.028860e-02  1.011394e-02 -6.146106e-03 
 1.450000e+04  1.148220e+01 -1.033930e-02  1.016267e-02 -6.178966e-03 
 1.455000e+04  1.167847e+01 -1.038952e-02  1.021124e-02 -6.211454e-03 
 1.460000e+04  1.187475e+01 -1.043940e-02  1.025963e-02 -6.243500e-03 
 1.465000e+04  1.207455e+01 -1.048954e-02  1.030851e-02 -6.275720e-03 
 1.470000e+04  1.228744e+01 -1.054252e-02  1.036003e-02 -6.309650e-03 
 1.475000e+04  1.250383e+01 -1.059597e-02  1.041169e-02 -6.343818e-03 
 1.480000e+04  1.272023e+01 -1.064892e-02  1.046242e-02 -6.377711e-03 
 1.485000e+04  1.294657e+01 -1.070363e-02  1.051458e-02 -6.412872e-03 
 1.490000e+04  1.317379e+01 -1.075799e-02  1.056640e-02 -6.447809e-03 
 1.495000e+04  1.340100e+01 -1.081172e-02  1.061785e-02 -6.482385e-03 
 1.500000e+04  1.362821e+01 -1.086478e-02  1.066895e-02 -6.516540e-03 
 1.505000e+04  1.385610e+01 -1.091749e-02  1.071987e-02 -6.550301e-03 
 1.510000e+04  1.409468e+01 -1.097221e-02  1.077298e-02 -6.585281e-03 
 1.515000e+04  1.433325e+01 -1.102636e-02  1.082557e-02 -6.619939e-03 
 1.520000e+04  1.458351e+01 -1.108260e-02  1.087981e-02 -6.655873e-03 
 1.525000e+04  1.484629e+01 -1.114110e-02  1.093583e-02 -6.693284e-03 
 1.530000e+04  1.510931e+01 -1.119914e-02  1.099101e-02 -6.730444e-03 
 1.535000e+04  1.537234e+01 -1.125637e-02  1.104550e-02 -6.767200e-03 
 1.540000e+04  1.563537e+01 -1.131299e-02  1.109957e-02 -6.803503e-03 
 1.545000e+04  1.589839e+01 -1.136905e-02  1.115334e-02 -6.839363e-03 
 1.550000e+04  1.616142e+01 -1.142453e-02  1.120680e-02 -6.874749e-03 
 1.555000e+04  1.643733e+01 -1.148209e-02  1.126245e-02 -6.911487e-03 
 1.560000e+04  1.672345e+01 -1.154119e-02  1.131963e-02 -6.949212e-03 
 1.565000e+04  1.701344e+01 -1.160047e-02  1.137672e-02 -6.987109e-03 
 1.570000e+04  1.730488e+01 -1.165951e-02  1.143303e-02 -7.024804e-03 
 1.575000e+04  1.760936e+01 -1.172059e-02  1.149099e-02 -7.063814e-03 
 1.580000e+04  1.791385e+01 -1.178107e-02  1.154834e-02 -7.102353e-03 
 1.585000e+04  1.821833e+01 -1.184086e-02  1.160524e-02 -7.140403e-03 
 1.590000e+04  1.852282e+01 -1.189996e-02  1.166172e-02 -7.178030e-03 
 1.595000e+04  1.882822e+01 -1.195857e-02  1.171796e-02 -7.215321e-03 
 1.600000e+04  1.914793e+01 -1.201927e-02  1.177642e-02 -7.253983e-03 
 1.605000e+04  1.947595e+01 -1.208093e-02  1.183579e-02 -7.293266e-03 
 1.610000e+04  1.981668e+01 -1.214429e-02  1.189657e-02 -7.333629e-03 
 1.615000e+04  2.016916e+01 -1.220915e-02  1.195847e-02 -7.374926e-03 
 1.620000e+04  2.052164e+01 -1.227349e-02  1.201947e-02 -7.415792e-03 
 1.625000e+04  2.087412e+01 -1.233717e-02  1.207964e-02 -7.456128e-03 
 1.630000e+04  2.122660e+01 -1.240002e-02  1.213924e-02 -7.496003e-03 
 1.635000e+04  2.157908e+01 -1.246223e-02  1.219850e-02 -7.535469e-03 
 1.640000e+04  2.193826e+01 -1.252485e-02  1.225840e-02 -7.575203e-03 
 1.645000e+04  2.231540e+01 -1.258985e-02  1.232072e-02 -7.616494e-03 
 1.650000e+04  2.270906e+01 -1.265700e-02  1.238509e-02 -7.659172e-03 
 1.655000e+04  2.311710e+01 -1.272594e-02  1.245097e-02 -7.702874e-03 
 1.660000e+04  2.352881e+01 -1.279473e-02  1.251634e-02 -7.746378e-03 
 1.665000e+04  2.395725e+01 -1.286564e-02  1.258341e-02 -7.791128e-03 
 1.670000e+04  2.438569e+01 -1.293580e-02  1.264960e-02 -7.835407e-03 
 1.675000e+04  2.481414e+01 -1.300500e-02  1.271504e-02 -7.879157e-03 
 1.680000e+04  2.524429e+01 -1.307362e-02  1.278013e-02 -7.922569e-03 
 1.685000e+04  2.569416e+01 -1.314462e-02  1.284770e-02 -7.967443e-03 
 1.690000e+04  2.614402e+01 -1.321476e-02  1.291462e-02 -8.011709e-03 
 1.695000e+04  2.662724e+01 -1.328924e-02  1.298563e-02 -8.058734e-03 
 1.700000e+04  2.712322e+01 -1.336494e-02  1.305750e-02 -8.106441e-03 
 1.705000e+04  2.761919e+01 -1.343974e-02  1.312833e-02 -8.153540e-03 
 1.710000e+04  2.812856e+01 -1.351567e-02  1.319986e-02 -8.201314e-03 
 1.715000e+04  2.864933e+01 -1.359246e-02  1.327209e-02 -8.249581e-03 
 1.720000e+04  2.917011e+01 -1.366833e-02  1.334348e-02 -8.297190e-03 
 1.725000e+04  2.969088e+01 -1.374316e-02  1.341415e-02 -8.344205e-03 
 1.730000e+04  3.022207e+01 -1.381853e-02  1.348550e-02 -8.391603e-03 
 1.735000e+04  3.077435e+01 -1.389598e-02  1.355893e-02 -8.440274e-03 
 1.740000e+04  3.134851e+01 -1.397550e-02  1.363442e-02 -8.490267e-03 
 1.745000e+04  3.193529e+01 -1.405582e-02  1.371045e-02 -8.540696e-03 
 1.750000e+04  3.253815e+01 -1.413748e-02  1.378740e-02 -8.591776e-03 
 1.755000e+04  3.314101e+01 -1.421817e-02  1.386313e-02 -8.642224e-03 
 1.760000e+04  3.374387e+01 -1.429785e-02  1.393782e-02 -8.692011e-03 
 1.765000e+04  3.436482e+01 -1.437879e-02  1.401390e-02 -8.742632e-03 
 1.770000e+04  3.499782e+01 -1.446034e-02  1.409062e-02 -8.793603e-03 
 1.775000e+04  3.563083e+01 -1.454083e-02  1.416650e-02 -8.843957e-03 
 1.780000e+04  3.629295e+01 -1.462392e-02  1.424495e-02 -8.895894e-03 
 1.785000e+04  3.698951e+01 -1.471035e-02  1.432651e-02 -8.949800e-03 
 1.790000e+04  3.768739e+01 -1.479589e-02  1.440703e-02 -9.003098e-03 
 1.795000e+04  3.841390e+01 -1.488388e-02  1.448944e-02 -9.057804e-03 
 1.800000e+04  3.917013e+01 -1.497436e-02  1.457392e-02 -9.114046e-03 
 1.805000e+04  3.993955e+01 -1.506519e-02  1.465868e-02 -9.170488e-03 
 1.810000e+04  4.070897e+01 -1.515473e-02  1.474226e-02 -9.226071e-03 
 1.815000e+04  4.148069e+01 -1.524332e-02  1.482503e-02 -9.281005e-03 
 1.820000e+04  4.228859e+01 -1.533481e-02  1.491072e-02 -9.337759e-03 
 1.825000e+04  4.309648e+01 -1.542505e-02  1.499537e-02 -9.393729e-03 
 1.830000e+04  4.393022e+01 -1.551694e-02  1.508146e-02 -9.450659e-03 
 1.835000e+04  4.481668e+01 -1.561347e-02  1.517168e-02 -9.510366e-03 
 1.840000e+04  4.570738e+01 -1.570917e-02  1.526092e-02 -9.569540e-03 
 1.845000e+04  4.659808e+01 -1.580354e-02  1.534865e-02 -9.627776e-03 
 1.850000e+04  4.752619e+01 -1.590050e-02  1.543869e-02 -9.687541e-03 
 1.855000e+04  4.846143e+01 -1.599692e-02  1.552823e-02 -9.746933e-03 
 1.860000e+04  4.939666e+01 -1.609191e-02  1.561659e-02 -9.805456e-03 
 1.865000e+04  5.035532e+01 -1.618786e-02  1.570595e-02 -9.864563e-03 
 1.870000e+04  5.138642e+01 -1.628969e-02  1.580085e-02 -9.927262e-03 
 1.875000e+04  5.241752e+01 -1.639012e-02  1.589436e-02 -9.989034e-03 
 1.880000e+04  5.346511e+01 -1.649062e-02  1.598776e-02 -1.005076e-02 
 1.885000e+04  5.457916e+01 -1.659614e-02  1.608548e-02 -1.011541e-02 
 1.890000e+04  5.571595e+01 -1.670236e-02  1.618359e-02 -1.018041e-02 
 1.895000e+04  5.685273e+01 -1.680690e-02  1.628010e-02 -1.024436e-02 
 1.900000e+04  5.801339e+01 -1.691201e-02  1.637707e-02 -1.030858e-02 
 1.905000e+04  5.926669e+01 -1.702386e-02  1.648034e-02 -1.037691e-02 
 1.910000e+04  6.052000e+01 -1.713394e-02  1.658205e-02 -1.044412e-02 
 1.915000e+04  6.177957e+01 -1.724283e-02  1.668263e-02 -1.051052e-02 
 1.920000e+04  6.313238e+01 -1.735811e-02  1.678890e-02 -1.058069e-02 
 1.925000e+04  6.451415e+01 -1.747414e-02  1.689563e-02 -1.065119e-02 
 1.930000e+04  6.589592e+01 -1.758825e-02  1.700032e-02 -1.072044e-02 
 1.935000e+04  6.733883e+01 -1.770549e-02  1.710772e-02 -1.079155e-02 
 1.940000e+04  6.886223e+01 -1.782743e-02  1.721927e-02 -1.086545e-02 
 1.945000e+04  7.038563e+01 -1.794721e-02  1.732889e-02 -1.093800e-02 
 1.950000e+04  7.191970e+01 -1.806564e-02  1.743738e-02 -1.100966e-02 
 1.955000e+04  7.357525e+01 -1.819149e-02  1.755263e-02 -1.108572e-02 
 1.960000e+04  7.525480e+01 -1.831706e-02  1.766761e-02 -1.116156e-02 
 1.965000e+04  7.693435e+01 -1.844030e-02  1.778034e-02 -1.123593e-02 
 1.970000e+04  7.871601e+01 -1.856892e-02  1.789758e-02 -1.131338e-02 
 1.975000e+04  8.056771e+01 -1.870046e-02  1.801731e-02 -1.139254e-02 
 1.980000e+04  8.241942e+01 -1.882953e-02  1.813470e-02 -1.147015e-02 
 1.985000e+04  8.428964e+01 -1.895750e-02  1.825087e-02 -1.154689e-02 
 1.990000e+04  8.625725e+01 -1.908992e-02  1.837099e-02 -1.162629e-02 
 1.995000e+04  8.829875e+01 -1.922482e-02  1.849346e-02 -1.170722e-02 
 2.000000e+04  9.034026e+01 -1.935718e-02  1.861352e-02 -1.178643e-02 
 2.005000e+04  9.248547e+01 -1.949386e-02  1.873720e-02 -1.186806e-02 
 2.010000e+04  9.473622e+01 -1.963484e-02  1.886460e-02 -1.195225e-02 
 2.015000e+04  9.698698e+01 -1.977303e-02  1.898929e-02 -1.203465e-02 
 2.020000e+04  9.925799e+01 -1.990974e-02  1.911235e-02 -1.211600e-02 
 2.025000e+04  1.016213e+02 -2.004959e-02  1.923794e-02 -1.219917e-02 
 2.030000e+04  1.039846e+02 -2.018677e-02  1.936120e-02 -1.228078e-02 
 2.035000e+04  1.063502e+02 -2.032136e-02  1.948209e-02 -1.236069e-02 
 2.040000e+04  1.089573e+02 -2.046711e-02  1.961285e-02 -1.244710e-02 
 2.045000e+04  1.116931e+02 -2.061738e-02  1.974766e-02 -1.253620e-02 
 2.050000e+04  1.144289e+02 -2.076446e-02  1.987954e-02 -1.262331e-02 
 2.055000e+04  1.171647e+02 -2.090855e-02  2.000832e-02 -1.270843e-02 
 2.060000e+04  1.200345e+02 -2.105680e-02  2.014055e-02 -1.279600e-02 
 2.065000e+04  1.229071e+02 -2.120223e-02  2.027026e-02 -1.288190e-02 
 2.070000e+04  1.257912e+02 -2.134531e-02  2.039767e-02 -1.296626e-02 
 2.075000e+04  1.289311e+02 -2.149829e-02  2.053369e-02 -1.305638e-02 
 2.080000e+04  1.320981e+02 -2.164967e-02  2.066830e-02 -1.314555e-02 
 2.085000e+04  1.352652e+02 -2.179778e-02  2.079991e-02 -1.323263e-02 
 2.090000e+04  1.385383e+02 -2.194777e-02  2.093293e-02 -1.332058e-02 
 2.095000e+04  1.420300e+02 -2.210482e-02  2.107202e-02 -1.341270e-02 
 2.100000e+04  1.455216e+02 -2.225858e-02  2.120806e-02 -1.350297e-02 
 2.105000e+04  1.490447e+02 -2.241044e-02  2.134209e-02 -1.359198e-02 
 2.110000e+04  1.528430e+02 -2.257106e-02  2.148355e-02 -1.368596e-02 
 2.115000e+04  1.566925e+02 -2.273065e-02  2.162401e-02 -1.377924e-02 
 2.120000e+04  1.605421e+02 -2.288672e-02  2.176117e-02 -1.387027e-02 
 2.125000e+04  1.645991e+02 -2.304774e-02  2.190240e-02 -1.396405e-02 
 2.130000e+04  1.688432e+02 -2.321286e-02  2.204716e-02 -1.406036e-02 
 2.135000e+04  1.730874e+02 -2.337426e-02  2.218864e-02 -1.415454e-02 
 2.140000e+04  1.774037e+02 -2.353473e-02  2.232909e-02 -1.424802e-02 
 2.145000e+04  1.820828e+02 -2.370530e-02  2.247811e-02 -1.434727e-02 
 2.150000e+04  1.867620e+02 -2.387222e-02  2.262382e-02 -1.444437e-02 
 2.155000e+04  1.914411e+02 -2.403530e-02  2.276595e-02 -1.453909e-02 
 2.160000e+04  1.964406e+02 -2.420570e-02  2.291434e-02 -1.463802e-02 
 2.165000e+04  2.015994e+02 -2.437784e-02  2.306425e-02 -1.473807e-02 
 2.170000e+04  2.067581e+02 -2.454601e-02  2.321059e-02 -1.483574e-02 
 2.175000e+04  2.120691e+02 -2.471521e-02  2.335759e-02 -1.493385e-02 
 2.180000e+04  2.177566e+02 -2.489269e-02  2.351164e-02 -1.503682e-02 
 2.185000e+04  2.234442e+02 -2.506619e-02  2.366206e-02 -1.513747e-02 
 2.190000e+04  2.291431e+02 -2.523601e-02  2.380893e-02 -1.523579e-02 
 2.195000e+04  2.353479e+02 -2.541695e-02  2.396512e-02 -1.534048e-02 
 2.200000e+04  2.416185e+02 -2.559592e-02  2.411936e-02 -1.544404e-02 
 2.205000e+04  2.478890e+02 -2.577054e-02  2.426976e-02 -1.554505e-02 
 2.210000e+04  2.544595e+02 -2.594924e-02  2.442348e-02 -1.564838e-02 
 2.215000e+04  2.613728e+02 -2.613333e-02  2.458173e-02 -1.575489e-02 
 2.220000e+04  2.682860e+02 -2.631312e-02  2.473625e-02 -1.585892e-02 
 2.225000e+04  2.751993e+02 -2.648863e-02  2.488686e-02 -1.596034e-02 
 2.230000e+04  2.826977e+02 -2.667472e-02  2.504637e-02 -1.606793e-02 
 2.235000e+04  2.903196e+02 -2.685967e-02  2.520489e-02 -1.617501e-02 
 2.240000e+04  2.979414e+02 -2.704015e-02  2.535952e-02 -1.627949e-02 
 2.245000e+04  3.058148e+02 -2.722224e-02  2.551534e-02 -1.638485e-02 
 2.250000e+04  3.138178e+02 -2.740324e-02  2.567018e-02 -1.648967e-02 
 2.255000e+04  3.218207e+02 -2.757996e-02  2.582134e-02 -1.659205e-02 
 2.260000e+04  3.305598e+02 -2.776855e-02  2.598254e-02 -1.670127e-02 
 2.265000e+04  3.398242e+02 -2.796449e-02  2.614990e-02 -1.681487e-02 
 2.270000e+04  3.490887e+02 -2.815591e-02  2.631327e-02 -1.692600e-02 
 2.275000e+04  3.583531e+02 -2.834253e-02  2.647229e-02 -1.703426e-02 
 2.280000e+04  3.677287e+02 -2.852682e-02  2.662905e-02 -1.714114e-02 
 2.285000e+04  3.779329e+02 -2.872300e-02  2.679580e-02 -1.725498e-02 
 2.290000e+04  3.881470e+02 -2.891500e-02  2.695885e-02 -1.736646e-02 
 2.295000e+04  3.984120e+02 -2.910356e-02  2.711879e-02 -1.747602e-02 
 2.300000e+04  4.091368e+02 -2.929624e-02  2.728209e-02 -1.758806e-02 
 2.305000e+04  4.198615e+02 -2.948448e-02  2.744167e-02 -1.769761e-02 
 2.310000e+04  4.306720e+02 -2.966963e-02  2.759874e-02 -1.780545e-02 
 2.315000e+04  4.422398e+02 -2.986342e-02  2.776316e-02 -1.791848e-02 
 2.320000e+04  4.538139e+02 -3.005317e-02  2.792422e-02 -1.802937e-02 
 2.325000e+04  4.653880e+02 -3.023861e-02  2.808159e-02 -1.813784e-02 
 2.330000e+04  4.769620e+02 -3.041989e-02  2.823538e-02 -1.824393e-02 
 2.335000e+04  4.885361e+02 -3.059729e-02  2.838594e-02 -1.834787e-02 
 2.340000e+04  5.001102e+02 -3.077097e-02  2.853342e-02 -1.844966e-02 
 2.345000e+04  5.116842e+02 -3.094119e-02  2.867794e-02 -1.854944e-02 
 2.350000e+04  5.232583e+02 -3.110829e-02  2.881982e-02 -1.864755e-02 
 2.355000e+04  5.348324e+02 -3.127238e-02  2.895929e-02 -1.874410e-02 
 2.360000e+04  5.464065e+02 -3.143352e-02  2.909632e-02 -1.883897e-02 
 2.365000e+04  5.579805e+02 -3.159189e-02  2.923096e-02 -1.893226e-02 
 2.370000e+04  5.695546e+02 -3.174773e-02  2.936324e-02 -1.902418e-02 
 2.375000e+04  5.811287e+02 -3.190110e-02  2.949322e-02 -1.911478e-02 
 2.380000e+04  5.927028e+02 -3.205206e-02  2.962095e-02 -1.920404e-02 
 2.385000e+04  6.042768e+02 -3.220083e-02  2.974660e-02 -1.929211e-02 
 2.390000e+04  6.158509e+02 -3.234756e-02  2.987037e-02 -1.937912e-02 
 2.395000e+04  6.274250e+02 -3.249219e-02  2.999223e-02 -1.946503e-02 
 2.400000e+04  6.389991e+02 -3.263484e-02  3.011222e-02 -1.954984e-02 
 2.405000e+04  6.505731e+02 -3.277568e-02  3.023052e-02 -1.963378e-02 
 2.410000e+04  6.621472e+02 -3.291481e-02  3.034730e-02 -1.971691e-02 
 2.415000e+04  6.737213e+02 -3.305224e-02  3.046249e-02 -1.979917e-02 
 2.420000e+04  6.852954e+02 -3.318816e-02  3.057620e-02 -1.988062e-02 
 2.425000e+04  6.968694e+02 -3.332270e-02  3.068855e-02 -1.996142e-02 
 2.430000e+04  7.084435e+02 -3.345587e-02  3.079956e-02 -2.004152e-02 
 2.435000e+04  7.200176e+02 -3.358771e-02  3.090924e-02 -2.012086e-02 
 2.440000e+04  7.315917e+02 -3.371831e-02  3.101778e-02 -2.019958e-02 
 2.445000e+04  7.431657e+02 -3.384762e-02  3.112529e-02 -2.027769e-02 
 2.450000e+04  7.547398e+02 -3.397558e-02  3.123169e-02 -2.035511e-02 
 2.455000e+04  7.663139e+02 -3.410228e-02  3.133709e-02 -2.043188e-02 
 2.460000e+04  7.778880e+02 -3.422781e-02  3.144172e-02 -2.050809e-02 
 2.465000e+04  7.894620e+02 -3.435217e-02  3.154565e-02 -2.058367e-02 
 2.470000e+04  8.010361e+02 -3.447535e-02  3.164887e-02 -2.065857e-02 
 2.475000e+04  8.126102e+02 -3.459754e-02  3.175148e-02 -2.073290e-02 
 2.480000e+04  8.241842e+02 -3.471879e-02  3.185361e-02 -2.080672e-02 
 2.485000e+04  8.357583e+02 -3.483903e-02  3.195518e-02 -2.087996e-02 
 2.490000e+04  8.473324e+02 -3.495826e-02  3.205607e-02 -2.095258e-02 
 2.495000e+04  8.589065e+02 -3.507653e-02  3.215630e-02 -2.102467e-02 
 2.500000e+04  8.704805e+02 -3.519385e-02  3.225589e-02 -2.109622e-02 
 2.505000e+04  8.820546e+02 -3.531024e-02  3.235481e-02 -2.116715e-02 
 2.510000e+04  8.936287e+02 -3.542575e-02  3.245301e-02 -2.123758e-02 
 2.515000e+04  9.052028e+02 -3.554042e-02  3.255056e-02 -2.130709e-02 
 2.520000e+04  9.167768e+02 -3.565431e-02  3.264716e-02 -2.137600e-02 
 2.525000e+04  9.283509e+02 -3.576726e-02  3.274274e-02 -2.144470e-02 
 2.530000e+04  9.399250e+02 -3.587869e-02  3.283810e-02 -2.151334e-02 
 2.535000e+04  9.514991e+02 -3.598976e-02  3.293312e-02 -2.158168e-02 
 2.540000e+04  9.630731e+02 -3.610068e-02  3.302768e-02 -2.164943e-02 
 2.545000e+04  9.746472e+02 -3.621111e-02  3.312176e-02 -2.171648e-02 
 2.550000e+04  9.862213e+02 -3.632054e-02  3.321499e-02 -2.178317e-02 
 2.555000e+04  9.977954e+02 -3.642905e-02  3.330783e-02 -2.184969e-02 
 2.560000e+04  1.009369e+03 -3.653693e-02  3.340025e-02 -2.191596e-02 
 2.565000e+04  1.020944e+03 -3.664469e-02  3.349241e-02 -2.198187e-02 
 2.570000e+04  1.032518e+03 -3.675192e-02  3.358423e-02 -2.204717e-02 
 2.575000e+04  1.044092e+03 -3.685876e-02  3.367589e-02 -2.211196e-02 
 2.580000e+04  1.055666e+03 -3.696484e-02  3.376710e-02 -2.217629e-02 
 2.585000e+04  1.067240e+03 -3.707044e-02  3.385778e-02 -2.224060e-02 
 2.590000e+04  1.078814e+03 -3.717527e-02  3.394793e-02 -2.230445e-02 
 2.595000e+04  1.090388e+03 -3.727916e-02  3.403777e-02 -2.236805e-02 
 2.600000e+04  1.101962e+03 -3.738299e-02  3.412737e-02 -2.243180e-02 
 2.605000e+04  1.113536e+03 -3.748638e-02  3.421669e-02 -2.249477e-02 
 2.610000e+04  1.125110e+03 -3.758974e-02  3.430581e-02 -2.255735e-02 
 2.615000e+04  1.136684e+03 -3.769190e-02  3.439453e-02 -2.261999e-02 
 2.620000e+04  1.148258e+03 -3.779343e-02  3.448247e-02 -2.268196e-02 
 2.625000e+04  1.159832e+03 -3.789428e-02  3.457000e-02 -2.274362e-02 
 2.630000e+04  1.171406e+03 -3.799474e-02  3.465696e-02 -2.280495e-02 
 2.635000e+04  1.182981e+03 -3.809395e-02  3.474327e-02 -2.286582e-02 
 2.640000e+04  1.194555e+03 -3.819224e-02  3.482884e-02 -2.292681e-02 
 2.645000e+04  1.206129e+03 -3.829040e-02  3.491423e-02 -2.298808e-02 
 2.650000e+04  1.217703e+03 -3.838851e-02  3.499931e-02 -2.304857e-02 
 2.655000e+04  1.229277e+03 -3.848636e-02  3.508390e-02 -2.310808e-02 
 2.660000e+04  1.240851e+03 -3.858435e-02  3.516797e-02 -2.316776e-02 
 2.665000e+04  1.252425e+03 -3.868146e-02  3.525098e-02 -2.322753e-02 
 2.670000e+04  1.263999e+03 -3.877803e-02  3.533356e-02 -2.328717e-02 
 2.675000e+04  1.275573e+03 -3.887374e-02  3.541614e-02 -2.334664e-02 
 2.680000e+04  1.287147e+03 -3.896974e-02  3.549843e-02 -2.340565e-02 
 2.685000e+04  1.298721e+03 -3.906599e-02  3.558006e-02 -2.346433e-02 
 2.690000e+04  1.310295e+03 -3.916201e-02  3.566090e-02 -2.352253e-02 
 2.695000e+04  1.321869e+03 -3.925772e-02  3.574099e-02 -2.358057e-02 
 2.700000e+04  1.333444e+03 -3.935220e-02  3.582050e-02 -2.363855e-02 
 2.705000e+04  1.345018e+03 -3.944632e-02  3.589993e-02 -2.369652e-02 
 2.710000e+04  1.356592e+03 -3.954020e-02  3.597848e-02 -2.375445e-02 
 2.715000e+04  1.368166e+03 -3.963389e-02  3.605633e-02 -2.381190e-02 
 2.720000e+04  1.379740e+03 -3.972701e-02  3.613387e-02 -2.386874e-02 
 2.725000e+04  1.391314e+03 -3.981958e-02  3.621100e-02 -2.392460e-02 
 2.730000e+04  1.402888e+03 -3.991148e-02  3.628842e-02 -2.398051e-02 
 2.735000e+04  1.414462e+03 -4.000269e-02  3.636633e-02 -2.403669e-02 
 2.740000e+04  1.426036e+03 -4.009309e-02  3.644502e-02 -2.409323e-02 
 2.745000e+04  1.437610e+03 -4.018305e-02  3.652403e-02 -2.414986e-02 
 2.750000e+04  1.449184e+03 -4.027264e-02  3.660243e-02 -2.420652e-02 
 2.755000e+04  1.460758e+03 -4.036198e-02  3.668015e-02 -2.426261e-02 
 2.760000e+04  1.472332e+03 -4.045059e-02  3.675750e-02 -2.431800e-02 
 2.765000e+04  1.483906e+03 -4.053762e-02  3.683424e-02 -2.437304e-02 
 2.770000e+04  1.495481e+03 -4.062460e-02  3.691076e-02 -2.442770e-02 
 2.775000e+04  1.507055e+03 -4.071184e-02  3.698694e-02 -2.448265e-02 
 2.780000e+04  1.518629e+03 -4.079886e-02  3.706273e-02 -2.453745e-02 
 2.785000e+04  1.530203e+03 -4.088581e-02  3.713770e-02 -2.459233e-02 
 2.790000e+04  1.541777e+03 -4.097327e-02  3.721166e-02 -2.464751e-02 
 2.795000e+04  1.553351e+03 -4.106006e-02  3.728608e-02 -2.470263e-02 
 2.800000e+04  1.564925e+03 -4.114672e-02  3.735985e-02 -2.475660e-02 
 2.805000e+04  1.576499e+03 -4.123338e-02  3.743297e-02 -2.481009e-02 
 2.810000e+04  1.588073e+03 -4.131955e-02  3.750601e-02 -2.486327e-02 
 2.815000e+04  1.599647e+03 -4.140552e-02  3.757865e-02 -2.491660e-02 
 2.820000e+04  1.611221e+03 -4.149110e-02  3.765109e-02 -2.497016e-02 
 2.825000e+04  1.622795e+03 -4.157661e-02  3.772336e-02 -2.502371e-02 
 2.830000e+04  1.634369e+03 -4.166210e-02  3.779543e-02 -2.507740e-02 
 2.835000e+04  1.645944e+03 -4.174685e-02  3.786727e-02 -2.513103e-02 
 2.840000e+04  1.657518e+03 -4.183131e-02  3.793856e-02 -2.518408e-02 
 2.845000e+04  1.669092e+03 -4.191475e-02  3.800993e-02 -2.523642e-02 
 2.850000e+04  1.680666e+03 -4.199743e-02  3.808119e-02 -2.528829e-02 
 2.855000e+04  1.692240e+03 -4.207989e-02  3.815278e-02 -2.534013e-02 
 2.860000e+04  1.703814e+03 -4.216213e-02  3.822449e-02 -2.539214e-02 
 2.865000e+04  1.715388e+03 -4.224393e-02  3.829568e-02 -2.544443e-02 
 2.870000e+04  1.726962e+03 -4.232580e-02  3.836668e-02 -2.549690e-02 
 2.875000e+04  1.738536e+03 -4.240752e-02  3.843780e-02 -2.554954e-02 
 2.880000e+04  1.750110e+03 -4.248900e-02  3.850887e-02 -2.560145e-02 
 2.885000e+04  1.761684e+03 -4.256999e-02  3.857903e-02 -2.565295e-02 
 2.890000e+04  1.773258e+03 -4.265043e-02  3.864898e-02 -2.570420e-02 
 2.895000e+04  1.784832e+03 -4.273036e-02  3.871837e-02 -2.575543e-02 
 2.900000e+04  1.796406e+03 -4.281024e-02  3.878745e-02 -2.580648e-02 
 2.905000e+04  1.807981e+03 -4.289004e-02  3.885644e-02 -2.585734e-02 
 2.910000e+04  1.819555e+03 -4.297025e-02  3.892573e-02 -2.590837e-02 
 2.915000e+04  1.831129e+03 -4.305040e-02  3.899500e-02 -2.595958e-02 
 2.920000e+04  1.842703e+03 -4.313032e-02  3.906387e-02 -2.601063e-02 
 2.925000e+04  1.854277e+03 -4.320998e-02  3.913148e-02 -2.606179e-02 
 2.930000e+04  1.865851e+03 -4.328975e-02  3.919854e-02 -2.611269e-02 
 2.935000e+04  1.877425e+03 -4.336918e-02  3.926524e-02 -2.616313e-02 
 2.940000e+04  1.888999e+03 -4.344810e-02  3.933231e-02 -2.621315e-02 
 2.945000e+04  1.900573e+03 -4.352678e-02  3.939980e-02 -2.626308e-02 
 2.950000e+04  1.912147e+03 -4.360532e-02  3.946754e-02 -2.631329e-02 
 2.955000e+04  1.923721e+03 -4.368353e-02  3.953489e-02 -2.636365e-02 
 2.960000e+04  1.935295e+03 -4.376162e-02  3.960126e-02 -2.641388e-02 
 2.965000e+04  1.946869e+03 -4.383973e-02  3.966669e-02 -2.646420e-02 
 2.970000e+04  1.958444e+03 -4.391737e-02  3.973271e-02 -2.651427e-02 
 2.975000e+04  1.970018e+03 -4.399443e-02  3.979908e-02 -2.656374e-02 
 2.980000e+04  1.981592e+03 -4.407118e-02  3.986557e-02 -2.661293e-02 
 2.985000e+04  1.993166e+03 -4.414782e-02  3.993212e-02 -2.666225e-02 
 2.990000e+04  2.004740e+03 -4.422461e-02  3.999829e-02 -2.671185e-02 
 2.995000e+04  2.016314e+03 -4.430106e-02  4.006432e-02 -2.676165e-02 
 3.000000e+04  2.027888e+03 -4.437718e-02  4.013052e-02 -2.681119e-02 
 3.005000e+04  2.039462e+03 -4.445285e-02  4.019657e-02 -2.686039e-02 
 3.010000e+04  2.051036e+03 -4.452848e-02  4.026211e-02 -2.690924e-02 
 3.015000e+04  2.062610e+03 -4.460420e-02  4.032716e-02 -2.695798e-02 
 3.020000e+04  2.074184e+03 -4.467976e-02  4.039204e-02 -2.700675e-02 
 3.025000e+04  2.085758e+03 -4.475485e-02  4.045693e-02 -2.705543e-02 
 3.030000e+04  2.097332e+03 -4.482969e-02  4.052196e-02 -2.710406e-02 
 3.035000e+04  2.108906e+03 -4.490464e-02  4.058673e-02 -2.715270e-02 
 3.040000e+04  2.120481e+03 -4.497977e-02  4.065119e-02 -2.720139e-02 
 3.045000e+04  2.132055e+03 -4.505499e-02  4.071558e-02 -2.725009e-02 
 3.050000e+04  2.143629e+03 -4.513007e-02  4.077975e-02 -2.729867e-02 
 3.055000e+04  2.155203e+03 -4.520499e-02  4.084345e-02 -2.734696e-02 
 3.060000e+04  2.166777e+03 -4.527971e-02  4.090664e-02 -2.739498e-02 
 3.065000e+04  2.178351e+03 -4.535412e-02  4.097013e-02 -2.744294e-02 
 3.070000e+04  2.189925e+03 -4.542851e-02  4.103390e-02 -2.749087e-02 
 3.075000e+04  2.201499e+03 -4.550281e-02  4.109779e-02 -2.753881e-02 
 3.080000e+04  2.213073e+03 -4.557720e-02  4.116169e-02 -2.758694e-02 
 3.085000e+04  2.224647e+03 -4.565154e-02  4.122551e-02 -2.763515e-02 
 3.090000e+04  2.236221e+03 -4.572566e-02  4.128901e-02 -2.768308e-02 
 3.095000e+04  2.247795e+03 -4.579907e-02  4.135226e-02 -2.773056e-02 
 3.100000e+04  2.259369e+03 -4.587224e-02  4.141530e-02 -2.777789e-02 
 3.105000e+04  2.270944e+03 -4.594534e-02  4.147796e-02 -2.782511e-02 
 3.110000e+04  2.282518e+03 -4.601824e-02  4.154060e-02 -2.787234e-02 
 3.115000e+04  2.294092e+03 -4.609121e-02  4.160343e-02 -2.791975e-02 
 3.120000e+04  2.305666e+03 -4.616415e-02  4.166649e-02 -2.796742e-02 
 3.125000e+04  2.317240e+03 -4.623706e-02  4.172974e-02 -2.801513e-02 
 3.130000e+04  2.328814e+03 -4.630995e-02  4.179294e-02 -2.806255e-02 
 3.135000e+04  2.340388e+03 -4.638271e-02  4.185581e-02 -2.810962e-02 
 3.140000e+04  2.351962e+03 -4.645485e-02  4.191846e-02 -2.815667e-02 
 3.145000e+04  2.363536e+03 -4.652660e-02  4.198098e-02 -2.820368e-02 
 3.150000e+04  2.375110e+03 -4.659849e-02  4.204320e-02 -2.825063e-02 
 3.155000e+04  2.386684e+03 -4.667051e-02  4.210541e-02 -2.829761e-02 
 3.160000e+04  2.398258e+03 -4.674269e-02  4.216760e-02 -2.834461e-02 
 3.165000e+04  2.409832e+03 -4.681486e-02  4.222968e-02 -2.839157e-02 
 3.170000e+04  2.421406e+03 -4.688637e-02  4.229153e-02 -2.843857e-02 
 3.175000e+04  2.432981e+03 -4.695764e-02  4.235320e-02 -2.848548e-02 
 3.180000e+04  2.444555e+03 -4.702900e-02  4.241466e-02 -2.853220e-02 
 3.185000e+04  2.456129e+03 -4.710047e-02  4.247588e-02 -2.857859e-02 
 3.190000e+04  2.467703e+03 -4.717183e-02  4.253726e-02 -2.862480e-02 
 3.195000e+04  2.479277e+03 -4.724326e-02  4.259881e-02 -2.867111e-02 
 3.200000e+04  2.490851e+03 -4.731466e-02  4.266027e-02 -2.871751e-02 
 3.205000e+04  2.502425e+03 -4.738591e-02  4.272164e-02 -2.876397e-02 
 3.210000e+04  2.513999e+03 -4.745680e-02  4.278280e-02 -2.881054e-02 
 3.215000e+04  2.525573e+03 -4.752729e-02  4.284388e-02 -2.885688e-02 
 3.220000e+04  2.537147e+03 -4.759740e-02  4.290483e-02 -2.890306e-02 
 3.225000e+04  2.548721e+03 -4.766764e-02  4.296586e-02 -2.894910e-02 
 3.230000e+04  2.560295e+03 -4.773796e-02  4.302701e-02 -2.899495e-02 
 3.235000e+04  2.571869e+03 -4.780818e-02  4.308817e-02 -2.904062e-02 
 3.240000e+04  2.583444e+03 -4.787803e-02  4.314948e-02 -2.908638e-02 
 3.245000e+04  2.595018e+03 -4.794753e-02  4.321068e-02 -2.913232e-02 
 3.250000e+04  2.606592e+03 -4.801708e-02  4.327163e-02 -2.917831e-02 
 3.255000e+04  2.618166e+03 -4.808668e-02  4.333234e-02 -2.922428e-02 
 3.260000e+04  2.629740e+03 -4.815607e-02  4.339281e-02 -2.926993e-02 
 3.265000e+04  2.641314e+03 -4.822506e-02  4.345332e-02 -2.931561e-02 
 3.270000e+04  2.652888e+03 -4.829377e-02  4.351409e-02 -2.936124e-02 
 3.275000e+04  2.664462e+03 -4.836241e-02  4.357485e-02 -2.940672e-02 
 3.280000e+04  2.676036e+03 -4.843101e-02  4.363554e-02 -2.945211e-02 
 3.285000e+04  2.687610e+03 -4.849984e-02  4.369611e-02 -2.949761e-02 
 3.290000e+04  2.699184e+03 -4.856881e-02  4.375666e-02 -2.954316e-02 
 3.295000e+04  2.710758e+03 -4.863750e-02  4.381717e-02 -2.958858e-02 
 3.300000e+04  2.722332e+03 -4.870591e-02  4.387756e-02 -2.963384e-02 
 3.305000e+04  2.733906e+03 -4.877438e-02  4.393770e-02 -2.967920e-02 
 3.310000e+04  2.745481e+03 -4.884300e-02  4.399777e-02 -2.972456e-02 
 3.315000e+04  2.757055e+03 -4.891160e-02  4.405773e-02 -2.976985e-02 
 3.320000e+04  2.768629e+03 -4.897985e-02  4.411780e-02 -2.981490e-02 
 3.325000e+04  2.780203e+03 -4.904783e-02  4.417798e-02 -2.985987e-02 
 3.330000e+04  2.791777e+03 -4.911580e-02  4.423803e-02 -2.990471e-02 
 3.335000e+04  2.803351e+03 -4.918384e-02  4.429781e-02 -2.994956e-02 
 3.340000e+04  2.814925e+03 -4.925180e-02  4.435743e-02 -2.999442e-02 
 3.345000e+04  2.826499e+03 -4.931918e-02  4.441656e-02 -3.003911e-02 
 3.350000e+04  2.838073e+03 -4.938616e-02  4.447564e-02 -3.008382e-02 
 3.355000e+04  2.849647e+03 -4.945317e-02  4.453464e-02 -3.012861e-02 
 3.360000e+04  2.861221e+03 -4.952038e-02  4.459375e-02 -3.017328e-02 
 3.365000e+04  2.872795e+03 -4.958785e-02  4.465294e-02 -3.021784e-02 
 3.370000e+04  2.884369e+03 -4.965532e-02  4.471238e-02 -3.026245e-02 
 3.375000e+04  2.895944e+03 -4.972250e-02  4.477193e-02 -3.030675e-02 
 3.380000e+04  2.907518e+03 -4.978954e-02  4.483120e-02 -3.035098e-02 
 3.385000e+04  2.919092e+03 -4.985654e-02  4.489033e-02 -3.039527e-02 
 3.390000e+04  2.930666e+03 -4.992326e-02  4.494916e-02 -3.043960e-02 
 3.395000e+04  2.942240e+03 -4.998987e-02  4.500781e-02 -3.048387e-02 
 3.400000e+04  2.953814e+03 -5.005651e-02  4.506635e-02 -3.052824e-02 
 3.405000e+04  2.965388e+03 -5.012323e-02  4.512468e-02 -3.057262e-02 
 3.410000e+04  2.976962e+03 -5.018986e-02  4.518292e-02 -3.061689e-02 
 3.415000e+04  2.988536e+03 -5.025647e-02  4.524110e-02 -3.066108e-02 
 3.420000e+04  3.000110e+03 -5.032280e-02  4.529941e-02 -3.070524e-02 
 3.425000e+04  3.011684e+03 -5.038901e-02  4.535761e-02 -3.074936e-02 
 3.430000e+04  3.023258e+03 -5.045525e-02  4.541520e-02 -3.079340e-02 
 3.435000e+04  3.034832e+03 -5.052147e-02  4.547281e-02 -3.083730e-02 
 3.440000e+04  3.046406e+03 -5.058754e-02  4.553054e-02 -3.088120e-02 
 3.445000e+04  3.057981e+03 -5.065363e-02  4.558842e-02 -3.092509e-02 
 3.450000e+04  3.069555e+03 -5.071976e-02  4.564626e-02 -3.096890e-02 
 3.455000e+04  3.081129e+03 -5.078594e-02  4.570394e-02 -3.101261e-02 
 3.460000e+04  3.092703e+03 -5.085166e-02  4.576153e-02 -3.105632e-02 
 3.465000e+04  3.104277e+03 -5.091713e-02  4.581916e-02 -3.110008e-02 
 3.470000e+04  3.115851e+03 -5.098247e-02  4.587646e-02 -3.114384e-02 
 3.475000e+04  3.127425e+03 -5.104771e-02  4.593340e-02 -3.118760e-02 
 3.480000e+04  3.138999e+03 -5.111282e-02  4.599041e-02 -3.123115e-02 
 3.485000e+04  3.150573e+03 -5.117774e-02  4.604748e-02 -3.127460e-02 
 3.490000e+04  3.162147e+03 -5.124278e-02  4.610478e-02 -3.131794e-02 
 3.495000e+04  3.173721e+03 -5.130794e-02  4.616205e-02 -3.136130e-02 
 3.500000e+04  3.185295e+03 -5.137321e-02  4.621920e-02 -3.140464e-02 
 3.505000e+04  3.196869e+03 -5.143849e-02  4.627613e-02 -3.144795e-02 
 3.510000e+04  3.208444e+03 -5.150371e-02  4.633296e-02 -3.149116e-02 
 3.515000e+04  3.220018e+03 -5.156870e-02  4.638965e-02 -3.153450e-02 
 3.520000e+04  3.231592e+03 -5.163348e-02  4.644631e-02 -3.157790e-02 
 3.525000e+04  3.243166e+03 -5.169819e-02  4.650280e-02 -3.162130e-02 
 3.530000e+04  3.254740e+03 -5.176307e-02  4.655919e-02 -3.166457e-02 
 3.535000e+04  3.266314e+03 -5.182764e-02  4.661524e-02 -3.170778e-02 
 3.540000e+04  3.277888e+03 -5.189238e-02  4.667143e-02 -3.175081e-02 
 3.545000e+04  3.289462e+03 -5.195703e-02  4.672785e-02 -3.179381e-02 
 3.550000e+04  3.301036e+03 -5.202178e-02  4.678423e-02 -3.183682e-02 
 3.555000e+04  3.312610e+03 -5.208657e-02  4.684035e-02 -3.187993e-02 
 3.560000e+04  3.324184e+03 -5.215133e-02  4.689636e-02 -3.192309e-02 
 3.565000e+04  3.335758e+03 -5.221578e-02  4.695150e-02 -3.196624e-02 
 3.570000e+04  3.347332e+03 -5.228001e-02  4.700628e-02 -3.200923e-02 
 3.575000e+04  3.358906e+03 -5.234423e-02  4.706115e-02 -3.205205e-02 
 3.580000e+04  3.370481e+03 -5.240857e-02  4.711620e-02 -3.209477e-02 
 3.585000e+04  3.382055e+03 -5.247292e-02  4.717152e-02 -3.213751e-02 
 3.590000e+04  3.393629e+03 -5.253735e-02  4.722710e-02 -3.218027e-02 
 3.595000e+04  3.405203e+03 -5.260173e-02  4.728288e-02 -3.222301e-02 
 3.600000e+04  3.416777e+03 -5.266590e-02  4.733865e-02 -3.226578e-02 
 3.605000e+04  3.428351e+03 -5.272986e-02  4.739436e-02 -3.230856e-02 
 3.610000e+04  3.439925e+03 -5.279362e-02  4.745001e-02 -3.235125e-02 
 3.615000e+04  3.451499e+03 -5.285718e-02  4.750566e-02 -3.239380e-02 
 3.620000e+04  3.463073e+03 -5.292076e-02  4.756105e-02 -3.243628e-02 
 3.625000e+04  3.474647e+03 -5.298435e-02  4.761658e-02 -3.247874e-02 
 3.630000e+04  3.486221e+03 -5.304788e-02  4.767224e-02 -3.252123e-02 
 3.635000e+04  3.497795e+03 -5.311148e-02  4.772801e-02 -3.256371e-02 
 3.640000e+04  3.509369e+03 -5.317510e-02  4.778370e-02 -3.260621e-02 
 3.645000e+04  3.520944e+03 -5.323872e-02  4.783927e-02 -3.264859e-02 
 3.650000e+04  3.532518e+03 -5.330234e-02  4.789472e-02 -3.269091e-02 
 3.655000e+04  3.544092e+03 -5.336570e-02  4.795020e-02 -3.273329e-02 
 3.660000e+04  3.555666e+03 -5.342898e-02  4.800559e-02 -3.277565e-02 
 3.665000e+04  3.567240e+03 -5.349238e-02  4.806076e-02 -3.281803e-02 
 3.670000e+04  3.578814e+03 -5.355598e-02  4.811580e-02 -3.286041e-02 
 3.675000e+04  3.590388e+03 -5.361956e-02  4.817071e-02 -3.290268e-02 
 3.680000e+04  3.601962e+03 -5.368260e-02  4.822555e-02 -3.294490e-02 
 3.685000e+04  3.613536e+03 -5.374545e-02  4.828042e-02 -3.298710e-02 
 3.690000e+04  3.625110e+03 -5.380818e-02  4.833528e-02 -3.302927e-02 
 3.695000e+04  3.636684e+03 -5.387103e-02  4.839017e-02 -3.307140e-02 
 3.700000e+04  3.648258e+03 -5.393370e-02  4.844515e-02 -3.311353e-02 
 3.705000e+04  3.659832e+03 -5.399620e-02  4.850018e-02 -3.315557e-02 
 3.710000e+04  3.671406e+03 -5.405858e-02  4.855521e-02 -3.319762e-02 
 3.715000e+04  3.682981e+03 -5.412106e-02  4.861012e-02 -3.323974e-02 
 3.720000e+04  3.694555e+03 -5.418373e-02  4.866478e-02 -3.328176e-02 
 3.725000e+04  3.706129e+03 -5.424644e-02  4.871938e-02 -3.332369e-02 
 3.730000e+04  3.717703e+03 -5.430908e-02  4.877405e-02 -3.336570e-02 
 3.735000e+04  3.729277e+03 -5.437147e-02  4.882874e-02 -3.340771e-02 
 3.740000e+04  3.740851e+03 -5.443366e-02  4.888334e-02 -3.344965e-02 
 3.745000e+04  3.752425e+03 -5.449601e-02  4.893792e-02 -3.349161e-02 
 3.750000e+04  3.763999e+03 -5.455850e-02  4.899242e-02 -3.353358e-02 
 3.755000e+04  3.775573e+03 -5.462103e-02  4.904679e-02 -3.357540e-02 
 3.760000e+04  3.787147e+03 -5.468350e-02  4.910108e-02 -3.361715e-02 
 3.765000e+04  3.798721e+03 -5.474592e-02  4.915530e-02 -3.365894e-02 
 3.770000e+04  3.810295e+03 -5.480823e-02  4.920939e-02 -3.370070e-02 
 3.775000e+04  3.821869e+03 -5.487052e-02  4.926335e-02 -3.374248e-02 
 3.780000e+04  3.833444e+03 -5.493276e-02  4.931720e-02 -3.378420e-02 
 3.785000e+04  3.845018e+03 -5.499483e-02  4.937100e-02 -3.382588e-02 
 3.790000e+04  3.856592e+03 -5.505683e-02  4.942492e-02 -3.386764e-02 
 3.795000e+04  3.868166e+03 -5.511874e-02  4.947901e-02 -3.390943e-02 
 3.800000e+04  3.879740e+03 -5.518064e-02  4.953310e-02 -3.395109e-02 
 3.805000e+04  3.891314e+03 -5.524247e-02  4.958723e-02 -3.399265e-02 
 3.810000e+04  3.902888e+03 -5.530425e-02  4.964137e-02 -3.403404e-02 
 3.815000e+04  3.914462e+03 -5.536585e-02  4.969533e-02 -3.407534e-02 
 3.820000e+04  3.926036e+03 -5.542723e-02  4.974930e-02 -3.411662e-02 
 3.825000e+04  3.937610e+03 -5.548860e-02  4.980322e-02 -3.415802e-02 
 3.830000e+04  3.949184e+03 -5.554988e-02  4.985707e-02 -3.419953e-02 
 3.835000e+04  3.960758e+03 -5.561099e-02  4.991078e-02 -3.424098e-02 
 3.840000e+04  3.972332e+03 -5.567206e-02  4.996413e-02 -3.428235e-02 
 3.845000e+04  3.983906e+03 -5.573311e-02  5.001755e-02 -3.432361e-02 
 3.850000e+04  3.995481e+03 -5.579419e-02  5.007111e-02 -3.436478e-02 
 3.855000e+04  4.007055e+03 -5.585545e-02  5.012466e-02 -3.440588e-02 
 3.860000e+04  4.018629e+03 -5.591690e-02  5.017825e-02 -3.444705e-02 
 3.865000e+04  4.030203e+03 -5.597842e-02  5.023180e-02 -3.448823e-02 
 3.870000e+04  4.041777e+03 -5.603983e-02  5.028517e-02 -3.452933e-02 
 3.875000e+04  4.053351e+03 -5.610111e-02  5.033839e-02 -3.457044e-02 
 3.880000e+04  4.064925e+03 -5.616226e-02  5.039154e-02 -3.461158e-02 
 3.885000e+04  4.076499e+03 -5.622335e-02  5.044464e-02 -3.465273e-02 
 3.890000e+04  4.088073e+03 -5.628439e-02  5.049766e-02 -3.469385e-02 
 3.895000e+04  4.099647e+03 -5.634544e-02  5.055040e-02 -3.473486e-02 
 3.900000e+04  4.111221e+03 -5.640645e-02  5.060316e-02 -3.477576e-02 
 3.905000e+04  4.122795e+03 -5.646743e-02  5.065602e-02 -3.481664e-02 
 3.910000e+04  4.134369e+03 -5.652835e-02  5.070902e-02 -3.485748e-02 
 3.915000e+04  4.145944e+03 -5.658919e-02  5.076211e-02 -3.489839e-02 
 3.920000e+04  4.157518e+03 -5.664995e-02  5.081528e-02 -3.493934e-02 
 3.925000e+04  4.169092e+03 -5.671050e-02  5.086841e-02 -3.498033e-02 
 3.930000e+04  4.180666e+03 -5.677086e-02  5.092151e-02 -3.502124e-02 
 3.935000e+04  4.192240e+03 -5.683122e-02  5.097457e-02 -3.506198e-02 
 3.940000e+04  4.203814e+03 -5.689155e-02  5.102759e-02 -3.510266e-02 
 3.945000e+04  4.215388e+03 -5.695185e-02  5.108059e-02 -3.514341e-02 
 3.950000e+04  4.226962e+03 -5.701209e-02  5.113352e-02 -3.518413e-02 
 3.955000e+04  4.238536e+03 -5.707243e-02  5.118635e-02 -3.522479e-02 
 3.960000e+04  4.250110e+03 -5.713280e-02  5.123913e-02 -3.526546e-02 
 3.965000e+04  4.261684e+03 -5.719321e-02  5.129180e-02 -3.530616e-02 
 3.970000e+04  4.273258e+03 -5.725355e-02  5.134436e-02 -3.534685e-02 
 3.975000e+04  4.284832e+03 -5.731392e-02  5.139687e-02 -3.538753e-02 
 3.980000e+04  4.296406e+03 -5.737428e-02  5.144938e-02 -3.542820e-02 
 3.985000e+04  4.307981e+03 -5.743468e-02  5.150184e-02 -3.546877e-02 
 3.990000e+04  4.319555e+03 -5.749481e-02  5.155416e-02 -3.550929e-02 
 3.995000e+04  4.331129e+03 -5.755491e-02  5.160634e-02 -3.554966e-02 
 4.000000e+04  4.342703e+03 -5.761516e-02  5.165847e-02 -3.559008e-02 
 4.005000e+04  4.354277e+03 -5.767521e-02  5.171054e-02 -3.563054e-02 
 4.010000e+04  4.365851e+03 -5.773501e-02  5.176249e-02 -3.567104e-02 
 4.015000e+04  4.377425e+03 -5.779482e-02  5.181446e-02 -3.571152e-02 
 4.020000e+04  4.388999e+03 -5.785461e-02  5.186651e-02 -3.575210e-02 
 4.025000e+04  4.400573e+03 -5.791434e-02  5.191865e-02 -3.579260e-02 
 4.030000e+04  4.412147e+03 -5.797381e-02  5.197090e-02 -3.583306e-02 
 4.035000e+04  4.423721e+03 -5.803312e-02  5.202326e-02 -3.587348e-02 
 4.040000e+04  4.435295e+03 -5.809240e-02  5.207560e-02 -3.591378e-02 
 4.045000e+04  4.446869e+03 -5.815136e-02  5.212788e-02 -3.595407e-02 
 4.050000e+04  4.458444e+03 -5.821031e-02  5.218014e-02 -3.599429e-02 
 4.055000e+04  4.470018e+03 -5.826931e-02  5.223227e-02 -3.603456e-02 
 4.060000e+04  4.481592e+03 -5.832833e-02  5.228420e-02 -3.607488e-02 
 4.065000e+04  4.493166e+03 -5.838735e-02  5.233590e-02 -3.611521e-02 
 4.070000e+04  4.504740e+03 -5.844630e-02  5.238761e-02 -3.615543e-02 
 4.075000e+04  4.516314e+03 -5.850523e-02  5.243939e-02 -3.619549e-02 
 4.080000e+04  4.527888e+03 -5.856413e-02  5.249122e-02 -3.623542e-02 
 4.085000e+04  4.539462e+03 -5.862310e-02  5.254290e-02 -3.627532e-02 
 4.090000e+04  4.551036e+03 -5.868225e-02  5.259420e-02 -3.631530e-02 
 4.095000e+04  4.562610e+03 -5.874138e-02  5.264554e-02 -3.635529e-02 
 4.100000e+04  4.574184e+03 -5.880046e-02  5.269694e-02 -3.639537e-02 
 4.105000e+04  4.585758e+03 -5.885954e-02  5.274842e-02 -3.643546e-02 
 4.110000e+04  4.597332e+03 -5.891849e-02  5.279994e-02 -3.647555e-02 
 4.115000e+04  4.608906e+03 -5.897745e-02  5.285142e-02 -3.651559e-02 
 4.120000e+04  4.620481e+03 -5.903630e-02  5.290285e-02 -3.655555e-02 
 4.125000e+04  4.632055e+03 -5.909503e-02  5.295437e-02 -3.659544e-02 
 4.130000e+04  4.643629e+03 -5.915358e-02  5.300598e-02 -3.663534e-02 
 4.135000e+04  4.655203e+03 -5.921202e-02  5.305770e-02 -3.667528e-02 
 4.140000e+04  4.666777e+03 -5.927040e-02  5.310939e-02 -3.671527e-02 
 4.145000e+04  4.678351e+03 -5.932873e-02  5.316096e-02 -3.675520e-02 
 4.150000e+04  4.689925e+03 -5.938696e-02  5.321248e-02 -3.679513e-02 
 4.155000e+04  4.701499e+03 -5.944512e-02  5.326405e-02 -3.683503e-02 
 4.160000e+04  4.713073e+03 -5.950314e-02  5.331566e-02 -3.687490e-02 
 4.165000e+04  4.724647e+03 -5.956112e-02  5.336729e-02 -3.691470e-02 
 4.170000e+04  4.736221e+03 -5.961889e-02  5.341859e-02 -3.695449e-02 
 4.175000e+04  4.747795e+03 -5.967674e-02  5.346928e-02 -3.699424e-02 
 4.180000e+04  4.759369e+03 -5.973471e-02  5.351979e-02 -3.703385e-02 
 4.185000e+04  4.770944e+03 -5.979275e-02  5.357021e-02 -3.707334e-02 
 4.190000e+04  4.782518e+03 -5.985094e-02  5.362074e-02 -3.711291e-02 
 4.195000e+04  4.794092e+03 -5.990909e-02  5.367146e-02 -3.715257e-02 
 4.200000e+04  4.805666e+03 -5.996727e-02  5.372228e-02 -3.719227e-02 
 4.205000e+04  4.817240e+03 -6.002545e-02  5.377309e-02 -3.723191e-02 
 4.210000e+04  4.828814e+03 -6.008360e-02  5.382397e-02 -3.727150e-02 
 4.215000e+04  4.840388e+03 -6.014171e-02  5.387497e-02 -3.731106e-02 
 4.220000e+04  4.851962e+03 -6.019973e-02  5.392604e-02 -3.735061e-02 
 4.225000e+04  4.863536e+03 -6.025774e-02  5.397717e-02 -3.739018e-02 
 4.230000e+04  4.875110e+03 -6.031585e-02  5.402825e-02 -3.742985e-02 
 4.235000e+04  4.886684e+03 -6.037399e-02  5.407928e-02 -3.746951e-02 
 4.240000e+04  4.898258e+03 -6.043197e-02  5.413029e-02 -3.750900e-02 
 4.245000e+04  4.909832e+03 -6.048983e-02  5.418140e-02 -3.754845e-02 
 4.250000e+04  4.921406e+03 -6.054753e-02  5.423268e-02 -3.758798e-02 
 4.255000e+04  4.932981e+03 -6.060518e-02  5.428411e-02 -3.762752e-02 
 4.260000e+04  4.944555e+03 -6.066293e-02  5.433551e-02 -3.766717e-02 
 4.265000e+04  4.956129e+03 -6.072087e-02  5.438692e-02 -3.770686e-02 
 4.270000e+04  4.967703e+03 -6.077886e-02  5.443817e-02 -3.774649e-02 
 4.275000e+04  4.979277e+03 -6.083690e-02  5.448928e-02 -3.778606e-02 
 4.280000e+04  4.990851e+03 -6.089500e-02  5.454029e-02 -3.782558e-02 
 4.285000e+04  5.002425e+03 -6.095315e-02  5.459087e-02 -3.786486e-02 
 4.290000e+04  5.013999e+03 -6.101140e-02  5.464117e-02 -3.790403e-02 
 4.295000e+04  5.025573e+03 -6.106982e-02  5.469155e-02 -3.794356e-02 
 4.300000e+04  5.037147e+03 -6.112852e-02  5.474221e-02 -3.798338e-02 
 4.305000e+04  5.048721e+03 -6.118703e-02  5.479297e-02 -3.802317e-02 
 4.310000e+04  5.060295e+03 -6.124534e-02  5.484385e-02 -3.806280e-02 
 4.315000e+04  5.071869e+03 -6.130373e-02  5.489477e-02 -3.810248e-02 
 4.320000e+04  5.083444e+03 -6.136207e-02  5.494563e-02 -3.814202e-02 
 4.325000e+04  5.095018e+03 -6.142023e-02  5.499636e-02 -3.818140e-02 
 4.330000e+04  5.106592e+03 -6.147818e-02  5.504712e-02 -3.822085e-02 
 4.335000e+04  5.118166e+03 -6.153596e-02  5.509801e-02 -3.826038e-02 
 4.340000e+04  5.129740e+03 -6.159355e-02  5.514886e-02 -3.829987e-02 
 4.345000e+04  5.141314e+03 -6.165100e-02  5.519972e-02 -3.833932e-02 
 4.350000e+04  5.152888e+03 -6.170825e-02  5.525064e-02 -3.837876e-02 
 4.355000e+04  5.164462e+03 -6.176525e-02  5.530170e-02 -3.841811e-02 
 4.360000e+04  5.176036e+03 -6.182209e-02  5.535290e-02 -3.845740e-02 
 4.365000e+04  5.187610e+03 -6.187901e-02  5.540410e-02 -3.849661e-02 
 4.370000e+04  5.199184e+03 -6.193608e-02  5.545514e-02 -3.853572e-02 
 4.375000e+04  5.210758e+03 -6.199317e-02  5.550597e-02 -3.857480e-02 
 4.380000e+04  5.222332e+03 -6.205031e-02  5.555655e-02 -3.861392e-02 
 4.385000e+04  5.233906e+03 -6.210741e-02  5.560697e-02 -3.865308e-02 
 4.390000e+04  5.245481e+03 -6.216447e-02  5.565726e-02 -3.869222e-02 
 4.395000e+04  5.257055e+03 -6.222156e-02  5.570749e-02 -3.873133e-02 
 4.400000e+04  5.268629e+03 -6.227873e-02  5.575771e-02 -3.877033e-02 
 4.405000e+04  5.280203e+03 -6.233592e-02  5.580790e-02 -3.880928e-02 
 4.410000e+04  5.291777e+03 -6.239312e-02  5.585806e-02 -3.884817e-02 
