         Step [creep.tim... Z Displace... Z Displace... X Displace... 
------------- ------------- ------------- ------------- ------------- 
 5.250000e+03  1.276223e-07 -4.629353e-03  4.524540e-03 -2.433365e-03 
 5.300000e+03  3.886505e-06 -4.629538e-03  4.524626e-03 -2.433549e-03 
 5.350000e+03  3.313605e-05 -4.630246e-03  4.524720e-03 -2.433959e-03 
 5.400000e+03  2.266294e-04 -4.630414e-03  4.524842e-03 -2.434012e-03 
 5.450000e+03  9.968141e-04 -4.631000e-03  4.525614e-03 -2.434841e-03 
 5.500000e+03  2.491276e-03 -4.633344e-03  4.527792e-03 -2.437075e-03 
 5.550000e+03  5.057033e-03 -4.638237e-03  4.532580e-03 -2.441472e-03 
 5.600000e+03  7.737467e-03 -4.643980e-03  4.538915e-03 -2.446180e-03 
 5.650000e+03  1.105940e-02 -4.652067e-03  4.548300e-03 -2.452580e-03 
 5.700000e+03  1.531963e-02 -4.662797e-03  4.561004e-03 -2.460442e-03 
 5.750000e+03  1.990408e-02 -4.672933e-03  4.572473e-03 -2.467500e-03 
 5.800000e+03  2.448853e-02 -4.681489e-03  4.581395e-03 -2.473620e-03 
 5.850000e+03  2.907298e-02 -4.689870e-03  4.590058e-03 -2.480141e-03 
 5.900000e+03  3.365744e-02 -4.698799e-03  4.599496e-03 -2.487412e-03 
 5.950000e+03  3.824189e-02 -4.708290e-03  4.609689e-03 -2.495440e-03 
 6.000000e+03  4.310608e-02 -4.718880e-03  4.620714e-03 -2.504723e-03 
 6.050000e+03  4.904155e-02 -4.732418e-03  4.633903e-03 -2.515316e-03 
 6.100000e+03  5.518516e-02 -4.745375e-03  4.646108e-03 -2.524245e-03 
 6.150000e+03  6.132876e-02 -4.757315e-03  4.657314e-03 -2.531645e-03 
 6.200000e+03  6.747236e-02 -4.768845e-03  4.668620e-03 -2.539164e-03 
 6.250000e+03  7.361596e-02 -4.780862e-03  4.680794e-03 -2.547520e-03 
 6.300000e+03  7.975957e-02 -4.793403e-03  4.693744e-03 -2.556858e-03 
 6.350000e+03  8.632103e-02 -4.806619e-03  4.707582e-03 -2.567792e-03 
 6.400000e+03  9.432143e-02 -4.821881e-03  4.723217e-03 -2.580801e-03 
 6.450000e+03  1.029249e-01 -4.836823e-03  4.738190e-03 -2.592971e-03 
 6.500000e+03  1.115696e-01 -4.851175e-03  4.752438e-03 -2.603580e-03 
 6.550000e+03  1.202143e-01 -4.865830e-03  4.767036e-03 -2.613694e-03 
 6.600000e+03  1.288589e-01 -4.881053e-03  4.782657e-03 -2.624170e-03 
 6.650000e+03  1.375036e-01 -4.896846e-03  4.799398e-03 -2.635460e-03 
 6.700000e+03  1.461483e-01 -4.912533e-03  4.816784e-03 -2.647329e-03 
 6.750000e+03  1.557153e-01 -4.928704e-03  4.834586e-03 -2.660246e-03 
 6.800000e+03  1.663610e-01 -4.945159e-03  4.851864e-03 -2.673585e-03 
 6.850000e+03  1.773941e-01 -4.961433e-03  4.868614e-03 -2.686683e-03 
 6.900000e+03  1.884271e-01 -4.977719e-03  4.885342e-03 -2.699322e-03 
 6.950000e+03  1.994601e-01 -4.994495e-03  4.902769e-03 -2.711924e-03 
 7.000000e+03  2.104931e-01 -5.012114e-03  4.921049e-03 -2.724747e-03 
 7.050000e+03  2.215262e-01 -5.030716e-03  4.939704e-03 -2.737572e-03 
 7.100000e+03  2.331489e-01 -5.049671e-03  4.958263e-03 -2.750548e-03 
 7.150000e+03  2.455074e-01 -5.067773e-03  4.976377e-03 -2.763622e-03 
 7.200000e+03  2.582795e-01 -5.085294e-03  4.994345e-03 -2.777063e-03 
 7.250000e+03  2.710517e-01 -5.102478e-03  5.012096e-03 -2.790602e-03 
 7.300000e+03  2.838238e-01 -5.119915e-03  5.029909e-03 -2.804164e-03 
 7.350000e+03  2.973472e-01 -5.139141e-03  5.049028e-03 -2.818605e-03 
 7.400000e+03  3.122507e-01 -5.160882e-03  5.070346e-03 -2.834181e-03 
 7.450000e+03  3.277753e-01 -5.182746e-03  5.091656e-03 -2.849321e-03 
 7.500000e+03  3.437035e-01 -5.203563e-03  5.112439e-03 -2.863893e-03 
 7.550000e+03  3.600043e-01 -5.224335e-03  5.133355e-03 -2.878732e-03 
 7.600000e+03  3.763052e-01 -5.244790e-03  5.154301e-03 -2.893734e-03 
 7.650000e+03  3.926060e-01 -5.264718e-03  5.175210e-03 -2.908977e-03 
 7.700000e+03  4.095548e-01 -5.285342e-03  5.197010e-03 -2.925121e-03 
 7.750000e+03  4.284250e-01 -5.308070e-03  5.220982e-03 -2.942874e-03 
 7.800000e+03  4.472952e-01 -5.330142e-03  5.243627e-03 -2.959440e-03 
 7.850000e+03  4.667504e-01 -5.352449e-03  5.265948e-03 -2.975377e-03 
 7.900000e+03  4.865641e-01 -5.375227e-03  5.288648e-03 -2.991338e-03 
 7.950000e+03  5.063779e-01 -5.397993e-03  5.311486e-03 -3.007234e-03 
 8.000000e+03  5.261916e-01 -5.420315e-03  5.334141e-03 -3.023240e-03 
 8.050000e+03  5.460846e-01 -5.442348e-03  5.356553e-03 -3.039551e-03 
 8.100000e+03  5.674299e-01 -5.465205e-03  5.379953e-03 -3.057125e-03 
 8.150000e+03  5.892745e-01 -5.487522e-03  5.402908e-03 -3.074414e-03 
 8.200000e+03  6.111192e-01 -5.509507e-03  5.425143e-03 -3.090792e-03 
 8.250000e+03  6.338158e-01 -5.532632e-03  5.448306e-03 -3.107324e-03 
 8.300000e+03  6.567526e-01 -5.556486e-03  5.471765e-03 -3.123810e-03 
 8.350000e+03  6.796895e-01 -5.580347e-03  5.494925e-03 -3.140132e-03 
 8.400000e+03  7.034131e-01 -5.604407e-03  5.518341e-03 -3.157020e-03 
 8.450000e+03  7.287010e-01 -5.628984e-03  5.542733e-03 -3.174854e-03 
 8.500000e+03  7.539889e-01 -5.652335e-03  5.566437e-03 -3.192342e-03 
 8.550000e+03  7.792768e-01 -5.675074e-03  5.589536e-03 -3.209460e-03 
 8.600000e+03  8.051463e-01 -5.698306e-03  5.613111e-03 -3.226726e-03 
 8.650000e+03  8.328669e-01 -5.723372e-03  5.638616e-03 -3.244989e-03 
 8.700000e+03  8.607468e-01 -5.748428e-03  5.664257e-03 -3.262960e-03 
 8.750000e+03  8.899510e-01 -5.774291e-03  5.690505e-03 -3.281229e-03 
 8.800000e+03  9.206886e-01 -5.801178e-03  5.717140e-03 -3.299983e-03 
 8.850000e+03  9.514262e-01 -5.827511e-03  5.742959e-03 -3.318427e-03 
 8.900000e+03  9.821638e-01 -5.852812e-03  5.768123e-03 -3.336759e-03 
 8.950000e+03  1.012901e+00 -5.877408e-03  5.793014e-03 -3.355105e-03 
 9.000000e+03  1.044438e+00 -5.902414e-03  5.818691e-03 -3.373999e-03 
 9.050000e+03  1.076713e+00 -5.927875e-03  5.844900e-03 -3.393064e-03 
 9.100000e+03  1.110623e+00 -5.954454e-03  5.871945e-03 -3.412175e-03 
 9.150000e+03  1.147558e+00 -5.983223e-03  5.900865e-03 -3.432120e-03 
 9.200000e+03  1.184920e+00 -6.012221e-03  5.929498e-03 -3.451910e-03 
 9.250000e+03  1.222282e+00 -6.040534e-03  5.957270e-03 -3.471582e-03 
 9.300000e+03  1.259643e+00 -6.068109e-03  5.984302e-03 -3.491247e-03 
 9.350000e+03  1.297005e+00 -6.095217e-03  6.010946e-03 -3.511061e-03 
 9.400000e+03  1.334367e+00 -6.121767e-03  6.037395e-03 -3.530735e-03 
 9.450000e+03  1.372214e+00 -6.148052e-03  6.063808e-03 -3.550054e-03 
 9.500000e+03  1.412660e+00 -6.175900e-03  6.091824e-03 -3.569989e-03 
 9.550000e+03  1.455582e+00 -6.205436e-03  6.121577e-03 -3.590628e-03 
 9.600000e+03  1.498833e+00 -6.234894e-03  6.151173e-03 -3.611007e-03 
 9.650000e+03  1.542084e+00 -6.263877e-03  6.180132e-03 -3.631104e-03 
 9.700000e+03  1.585853e+00 -6.292800e-03  6.208742e-03 -3.651440e-03 
 9.750000e+03  1.631267e+00 -6.322294e-03  6.237673e-03 -3.672444e-03 
 9.800000e+03  1.676680e+00 -6.350820e-03  6.265766e-03 -3.693166e-03 
 9.850000e+03  1.722094e+00 -6.378609e-03  6.293544e-03 -3.713591e-03 
 9.900000e+03  1.769278e+00 -6.407286e-03  6.322496e-03 -3.734508e-03 
 9.950000e+03  1.816962e+00 -6.436162e-03  6.351884e-03 -3.755117e-03 
 1.000000e+04  1.865219e+00 -6.465269e-03  6.381441e-03 -3.775358e-03 
 1.005000e+04  1.917140e+00 -6.496485e-03  6.412757e-03 -3.796668e-03 
 1.010000e+04  1.969711e+00 -6.527712e-03  6.443644e-03 -3.818037e-03 
 1.015000e+04  2.022283e+00 -6.558077e-03  6.473333e-03 -3.839347e-03 
 1.020000e+04  2.074855e+00 -6.587536e-03  6.502231e-03 -3.860659e-03 
 1.025000e+04  2.128898e+00 -6.617460e-03  6.531661e-03 -3.882407e-03 
 1.030000e+04  2.184099e+00 -6.647817e-03  6.561695e-03 -3.904282e-03 
 1.035000e+04  2.239299e+00 -6.677953e-03  6.591583e-03 -3.925553e-03 
 1.040000e+04  2.296495e+00 -6.708960e-03  6.622399e-03 -3.946927e-03 
 1.045000e+04  2.357353e+00 -6.741554e-03  6.655053e-03 -3.969245e-03 
 1.050000e+04  2.418212e+00 -6.773555e-03  6.687149e-03 -3.991280e-03 
 1.055000e+04  2.479070e+00 -6.804938e-03  6.718429e-03 -4.013178e-03 
 1.060000e+04  2.541693e+00 -6.836848e-03  6.749805e-03 -4.035704e-03 
 1.065000e+04  2.605594e+00 -6.869051e-03  6.781148e-03 -4.058548e-03 
 1.070000e+04  2.669496e+00 -6.900494e-03  6.811995e-03 -4.081140e-03 
 1.075000e+04  2.733397e+00 -6.931399e-03  6.842556e-03 -4.103210e-03 
 1.080000e+04  2.800238e+00 -6.963612e-03  6.874530e-03 -4.125783e-03 
 1.085000e+04  2.867334e+00 -6.995798e-03  6.906723e-03 -4.147974e-03 
 1.090000e+04  2.934430e+00 -7.027644e-03  6.938611e-03 -4.169668e-03 
 1.095000e+04  3.005885e+00 -7.061136e-03  6.972045e-03 -4.192538e-03 
 1.100000e+04  3.079858e+00 -7.095281e-03  7.005946e-03 -4.216254e-03 
 1.105000e+04  3.153832e+00 -7.128620e-03  7.038787e-03 -4.239923e-03 
 1.110000e+04  3.228397e+00 -7.161501e-03  7.071012e-03 -4.263483e-03 
 1.115000e+04  3.306070e+00 -7.195557e-03  7.104333e-03 -4.287705e-03 
 1.120000e+04  3.383742e+00 -7.229572e-03  7.137629e-03 -4.311441e-03 
 1.125000e+04  3.461415e+00 -7.263293e-03  7.170726e-03 -4.334514e-03 
 1.130000e+04  3.540174e+00 -7.297203e-03  7.204043e-03 -4.357433e-03 
 1.135000e+04  3.621730e+00 -7.331813e-03  7.238349e-03 -4.381044e-03 
 1.140000e+04  3.703286e+00 -7.365663e-03  7.272200e-03 -4.404483e-03 
 1.145000e+04  3.785821e+00 -7.399179e-03  7.305588e-03 -4.428031e-03 
 1.150000e+04  3.874709e+00 -7.434985e-03  7.340856e-03 -4.453264e-03 
 1.155000e+04  3.964624e+00 -7.471025e-03  7.375958e-03 -4.478526e-03 
 1.160000e+04  4.054540e+00 -7.506503e-03  7.410544e-03 -4.503306e-03 
 1.165000e+04  4.144455e+00 -7.541573e-03  7.444852e-03 -4.527592e-03 
 1.170000e+04  4.234371e+00 -7.576318e-03  7.479138e-03 -4.551452e-03 
 1.175000e+04  4.324286e+00 -7.610827e-03  7.513291e-03 -4.575020e-03 
 1.180000e+04  4.414382e+00 -7.644805e-03  7.547099e-03 -4.598296e-03 
 1.185000e+04  4.510870e+00 -7.680652e-03  7.582819e-03 -4.623031e-03 
 1.190000e+04  4.610002e+00 -7.717019e-03  7.619033e-03 -4.648415e-03 
 1.195000e+04  4.709134e+00 -7.752790e-03  7.654373e-03 -4.673652e-03 
 1.200000e+04  4.810942e+00 -7.789068e-03  7.689962e-03 -4.699154e-03 
 1.205000e+04  4.915031e+00 -7.826117e-03  7.726017e-03 -4.724745e-03 
 1.210000e+04  5.019119e+00 -7.863110e-03  7.761836e-03 -4.749895e-03 
 1.215000e+04  5.123207e+00 -7.899594e-03  7.797339e-03 -4.774598e-03 
 1.220000e+04  5.227608e+00 -7.935588e-03  7.832649e-03 -4.799098e-03 
 1.225000e+04  5.336901e+00 -7.972777e-03  7.869371e-03 -4.824673e-03 
 1.230000e+04  5.446194e+00 -8.009364e-03  7.905651e-03 -4.850081e-03 
 1.235000e+04  5.557782e+00 -8.046149e-03  7.941999e-03 -4.875713e-03 
 1.240000e+04  5.677244e+00 -8.085232e-03  7.980439e-03 -4.902870e-03 
 1.245000e+04  5.797740e+00 -8.124489e-03  8.018714e-03 -4.929901e-03 
 1.250000e+04  5.918235e+00 -8.163282e-03  8.056415e-03 -4.956475e-03 
 1.255000e+04  6.041863e+00 -8.202653e-03  8.094581e-03 -4.983301e-03 
 1.260000e+04  6.168383e+00 -8.242607e-03  8.133438e-03 -5.010468e-03 
 1.265000e+04  6.294904e+00 -8.281973e-03  8.172048e-03 -5.037370e-03 
 1.270000e+04  6.421424e+00 -8.320619e-03  8.210206e-03 -5.063995e-03 
 1.275000e+04  6.551360e+00 -8.359807e-03  8.248971e-03 -5.091067e-03 
 1.280000e+04  6.687129e+00 -8.400351e-03  8.289102e-03 -5.119215e-03 
 1.285000e+04  6.826617e+00 -8.441526e-03  8.329704e-03 -5.147792e-03 
 1.290000e+04  6.966524e+00 -8.482374e-03  8.369760e-03 -5.175944e-03 
 1.295000e+04  7.112987e+00 -8.525046e-03  8.411267e-03 -5.204946e-03 
 1.300000e+04  7.259450e+00 -8.567485e-03  8.452255e-03 -5.233631e-03 
 1.305000e+04  7.405913e+00 -8.609302e-03  8.492629e-03 -5.261958e-03 
 1.310000e+04  7.552375e+00 -8.650398e-03  8.532595e-03 -5.290041e-03 
 1.315000e+04  7.698838e+00 -8.690951e-03  8.572384e-03 -5.317991e-03 
 1.320000e+04  7.845301e+00 -8.730957e-03  8.611805e-03 -5.345681e-03 
 1.325000e+04  7.994107e+00 -8.771136e-03  8.651369e-03 -5.373400e-03 
 1.330000e+04  8.155936e+00 -8.814652e-03  8.693971e-03 -5.403182e-03 
 1.335000e+04  8.325485e+00 -8.860134e-03  8.738142e-03 -5.433992e-03 
 1.340000e+04  8.495035e+00 -8.905008e-03  8.781552e-03 -5.464335e-03 
 1.345000e+04  8.664584e+00 -8.949278e-03  8.824210e-03 -5.494338e-03 
 1.350000e+04  8.834133e+00 -8.993129e-03  8.866435e-03 -5.524150e-03 
 1.355000e+04  9.003682e+00 -9.036443e-03  8.908307e-03 -5.553718e-03 
 1.360000e+04  9.173231e+00 -9.078955e-03  8.949775e-03 -5.582965e-03 
 1.365000e+04  9.346171e+00 -9.121804e-03  8.991866e-03 -5.612454e-03 
 1.370000e+04  9.524197e+00 -9.165674e-03  9.035030e-03 -5.642508e-03 
 1.375000e+04  9.702224e+00 -9.209118e-03  9.077705e-03 -5.672204e-03 
 1.380000e+04  9.885413e+00 -9.253386e-03  9.120934e-03 -5.702283e-03 
 1.385000e+04  1.008131e+01 -9.300425e-03  9.166562e-03 -5.734085e-03 
 1.390000e+04  1.027759e+01 -9.347211e-03  9.211669e-03 -5.765666e-03 
 1.395000e+04  1.047386e+01 -9.393254e-03  9.256037e-03 -5.797023e-03 
 1.400000e+04  1.067014e+01 -9.438686e-03  9.299912e-03 -5.828107e-03 
 1.405000e+04  1.086641e+01 -9.483570e-03  9.343584e-03 -5.858978e-03 
 1.410000e+04  1.106268e+01 -9.527967e-03  9.387049e-03 -5.889489e-03 
 1.415000e+04  1.125935e+01 -9.572055e-03  9.430215e-03 -5.919522e-03 
 1.420000e+04  1.147059e+01 -9.619198e-03  9.476222e-03 -5.951360e-03 
 1.425000e+04  1.168698e+01 -9.667234e-03  9.522855e-03 -5.983721e-03 
 1.430000e+04  1.190338e+01 -9.714694e-03  9.568610e-03 -6.015749e-03 
 1.435000e+04  1.211977e+01 -9.761553e-03  9.613550e-03 -6.047501e-03 
 1.440000e+04  1.233616e+01 -9.807963e-03  9.658051e-03 -6.079120e-03 
 1.445000e+04  1.255255e+01 -9.853915e-03  9.702206e-03 -6.110472e-03 
 1.450000e+04  1.276895e+01 -9.899219e-03  9.745913e-03 -6.141376e-03 
 1.455000e+04  1.299628e+01 -9.946374e-03  9.791685e-03 -6.173461e-03 
 1.460000e+04  1.323485e+01 -9.995549e-03  9.839639e-03 -6.206815e-03 
 1.465000e+04  1.347342e+01 -1.004420e-02  9.887125e-03 -6.239702e-03 
 1.470000e+04  1.371629e+01 -1.009321e-02  9.934778e-03 -6.272826e-03 
 1.475000e+04  1.396679e+01 -1.014342e-02  9.983240e-03 -6.306727e-03 
 1.480000e+04  1.421729e+01 -1.019318e-02  1.003102e-02 -6.340382e-03 
 1.485000e+04  1.446779e+01 -1.024216e-02  1.007806e-02 -6.373791e-03 
 1.490000e+04  1.471829e+01 -1.029061e-02  1.012467e-02 -6.406867e-03 
 1.495000e+04  1.497706e+01 -1.034030e-02  1.017261e-02 -6.440717e-03 
 1.500000e+04  1.524009e+01 -1.039037e-02  1.022108e-02 -6.474696e-03 
 1.505000e+04  1.550390e+01 -1.044005e-02  1.026935e-02 -6.508275e-03 
 1.510000e+04  1.578008e+01 -1.049176e-02  1.031957e-02 -6.543021e-03 
 1.515000e+04  1.605626e+01 -1.054304e-02  1.036918e-02 -6.577540e-03 
 1.520000e+04  1.633244e+01 -1.059361e-02  1.041795e-02 -6.611827e-03 
 1.525000e+04  1.661998e+01 -1.064567e-02  1.046793e-02 -6.647230e-03 
 1.530000e+04  1.692446e+01 -1.070047e-02  1.052040e-02 -6.684426e-03 
 1.535000e+04  1.722895e+01 -1.075478e-02  1.057240e-02 -6.721255e-03 
 1.540000e+04  1.753344e+01 -1.080847e-02  1.062388e-02 -6.757513e-03 
 1.545000e+04  1.783853e+01 -1.086176e-02  1.067516e-02 -6.793400e-03 
 1.550000e+04  1.815824e+01 -1.091712e-02  1.072865e-02 -6.830721e-03 
 1.555000e+04  1.847795e+01 -1.097182e-02  1.078163e-02 -6.867673e-03 
 1.560000e+04  1.880437e+01 -1.102705e-02  1.083500e-02 -6.904998e-03 
 1.565000e+04  1.915115e+01 -1.108530e-02  1.089108e-02 -6.944359e-03 
 1.570000e+04  1.950363e+01 -1.114400e-02  1.094733e-02 -6.984065e-03 
 1.575000e+04  1.985611e+01 -1.120194e-02  1.100274e-02 -7.023262e-03 
 1.580000e+04  2.021000e+01 -1.125955e-02  1.105783e-02 -7.062232e-03 
 1.585000e+04  2.058010e+01 -1.131932e-02  1.111513e-02 -7.102588e-03 
 1.590000e+04  2.095021e+01 -1.137844e-02  1.117200e-02 -7.142406e-03 
 1.595000e+04  2.132031e+01 -1.143695e-02  1.122834e-02 -7.181786e-03 
 1.600000e+04  2.170041e+01 -1.149650e-02  1.128566e-02 -7.221870e-03 
 1.605000e+04  2.208902e+01 -1.155677e-02  1.134371e-02 -7.262561e-03 
 1.610000e+04  2.247763e+01 -1.161629e-02  1.140095e-02 -7.302863e-03 
 1.615000e+04  2.288308e+01 -1.167782e-02  1.145986e-02 -7.344507e-03 
 1.620000e+04  2.331153e+01 -1.174252e-02  1.152148e-02 -7.388087e-03 
 1.625000e+04  2.373997e+01 -1.180665e-02  1.158243e-02 -7.431125e-03 
 1.630000e+04  2.416841e+01 -1.186997e-02  1.164277e-02 -7.473600e-03 
 1.635000e+04  2.460328e+01 -1.193359e-02  1.170352e-02 -7.516228e-03 
 1.640000e+04  2.505314e+01 -1.199875e-02  1.176593e-02 -7.560043e-03 
 1.645000e+04  2.550301e+01 -1.206303e-02  1.182771e-02 -7.603510e-03 
 1.650000e+04  2.596378e+01 -1.212813e-02  1.189023e-02 -7.647491e-03 
 1.655000e+04  2.645976e+01 -1.219771e-02  1.195690e-02 -7.694376e-03 
 1.660000e+04  2.695573e+01 -1.226674e-02  1.202276e-02 -7.740777e-03 
 1.665000e+04  2.745171e+01 -1.233490e-02  1.208770e-02 -7.786584e-03 
 1.670000e+04  2.796157e+01 -1.240430e-02  1.215378e-02 -7.833144e-03 
 1.675000e+04  2.848234e+01 -1.247465e-02  1.222073e-02 -7.880252e-03 
 1.680000e+04  2.900312e+01 -1.254415e-02  1.228693e-02 -7.926870e-03 
 1.685000e+04  2.952597e+01 -1.261302e-02  1.235275e-02 -7.973180e-03 
 1.690000e+04  3.009028e+01 -1.268667e-02  1.242322e-02 -8.022734e-03 
 1.695000e+04  3.066444e+01 -1.276081e-02  1.249425e-02 -8.072666e-03 
 1.700000e+04  3.123859e+01 -1.283408e-02  1.256419e-02 -8.121952e-03 
 1.705000e+04  3.182767e+01 -1.290861e-02  1.263514e-02 -8.171930e-03 
 1.710000e+04  3.243053e+01 -1.298440e-02  1.270701e-02 -8.222597e-03 
 1.715000e+04  3.303339e+01 -1.305935e-02  1.277804e-02 -8.272671e-03 
 1.720000e+04  3.363626e+01 -1.313341e-02  1.284816e-02 -8.322164e-03 
 1.725000e+04  3.426685e+01 -1.321012e-02  1.292088e-02 -8.373487e-03 
 1.730000e+04  3.489985e+01 -1.328628e-02  1.299320e-02 -8.424544e-03 
 1.735000e+04  3.553286e+01 -1.336148e-02  1.306467e-02 -8.475029e-03 
 1.740000e+04  3.620451e+01 -1.344054e-02  1.313988e-02 -8.527913e-03 
 1.745000e+04  3.690239e+01 -1.352204e-02  1.321733e-02 -8.582319e-03 
 1.750000e+04  3.760028e+01 -1.360266e-02  1.329376e-02 -8.636163e-03 
 1.755000e+04  3.830235e+01 -1.368271e-02  1.336959e-02 -8.689668e-03 
 1.760000e+04  3.903514e+01 -1.376552e-02  1.344794e-02 -8.744930e-03 
 1.765000e+04  3.976792e+01 -1.384753e-02  1.352552e-02 -8.799666e-03 
 1.770000e+04  4.050070e+01 -1.392844e-02  1.360220e-02 -8.853782e-03 
 1.775000e+04  4.125253e+01 -1.401056e-02  1.368003e-02 -8.908685e-03 
 1.780000e+04  4.205350e+01 -1.409730e-02  1.376234e-02 -8.966605e-03 
 1.785000e+04  4.286139e+01 -1.418378e-02  1.384446e-02 -9.024362e-03 
 1.790000e+04  4.367251e+01 -1.426958e-02  1.392585e-02 -9.081605e-03 
 1.795000e+04  4.452080e+01 -1.435854e-02  1.401005e-02 -9.140790e-03 
 1.800000e+04  4.536908e+01 -1.444670e-02  1.409317e-02 -9.199425e-03 
 1.805000e+04  4.621737e+01 -1.453372e-02  1.417525e-02 -9.257392e-03 
 1.810000e+04  4.709280e+01 -1.462255e-02  1.425896e-02 -9.316519e-03 
 1.815000e+04  4.802804e+01 -1.471663e-02  1.434767e-02 -9.379101e-03 
 1.820000e+04  4.896327e+01 -1.480960e-02  1.443536e-02 -9.440922e-03 
 1.825000e+04  4.989851e+01 -1.490146e-02  1.452199e-02 -9.501916e-03 
 1.830000e+04  5.089037e+01 -1.499796e-02  1.461288e-02 -9.565868e-03 
 1.835000e+04  5.192147e+01 -1.509728e-02  1.470631e-02 -9.631706e-03 
 1.840000e+04  5.295257e+01 -1.519531e-02  1.479849e-02 -9.696753e-03 
 1.845000e+04  5.400635e+01 -1.529431e-02  1.489150e-02 -9.762395e-03 
 1.850000e+04  5.508900e+01 -1.539510e-02  1.498596e-02 -9.829117e-03 
 1.855000e+04  5.617165e+01 -1.549471e-02  1.507932e-02 -9.895046e-03 
 1.860000e+04  5.725863e+01 -1.559338e-02  1.517192e-02 -9.960356e-03 
 1.865000e+04  5.843179e+01 -1.569876e-02  1.527089e-02 -1.003003e-02 
 1.870000e+04  5.962542e+01 -1.580485e-02  1.537062e-02 -1.010022e-02 
 1.875000e+04  6.081904e+01 -1.590949e-02  1.546900e-02 -1.016952e-02 
 1.880000e+04  6.204847e+01 -1.601602e-02  1.556895e-02 -1.023993e-02 
 1.885000e+04  6.336194e+01 -1.612873e-02  1.567457e-02 -1.031430e-02 
 1.890000e+04  6.467791e+01 -1.624029e-02  1.577907e-02 -1.038793e-02 
 1.895000e+04  6.599388e+01 -1.635034e-02  1.588208e-02 -1.046054e-02 
 1.900000e+04  6.736643e+01 -1.646392e-02  1.598820e-02 -1.053540e-02 
 1.905000e+04  6.874820e+01 -1.657702e-02  1.609382e-02 -1.060988e-02 
 1.910000e+04  7.012997e+01 -1.668862e-02  1.619815e-02 -1.068333e-02 
 1.915000e+04  7.159043e+01 -1.680520e-02  1.630699e-02 -1.075995e-02 
 1.920000e+04  7.317324e+01 -1.693031e-02  1.642365e-02 -1.084212e-02 
 1.925000e+04  7.477281e+01 -1.705506e-02  1.653995e-02 -1.092410e-02 
 1.930000e+04  7.637238e+01 -1.717807e-02  1.665449e-02 -1.100484e-02 
 1.935000e+04  7.804553e+01 -1.730535e-02  1.677270e-02 -1.108815e-02 
 1.940000e+04  7.972508e+01 -1.743157e-02  1.688989e-02 -1.117074e-02 
 1.945000e+04  8.140463e+01 -1.755594e-02  1.700546e-02 -1.125219e-02 
 1.950000e+04  8.315421e+01 -1.768384e-02  1.712427e-02 -1.133591e-02 
 1.955000e+04  8.500592e+01 -1.781773e-02  1.724859e-02 -1.142351e-02 
 1.960000e+04  8.685762e+01 -1.794974e-02  1.737135e-02 -1.150991e-02 
 1.965000e+04  8.871117e+01 -1.808003e-02  1.749246e-02 -1.159499e-02 
 1.970000e+04  9.072351e+01 -1.821985e-02  1.762218e-02 -1.168612e-02 
 1.975000e+04  9.276501e+01 -1.835991e-02  1.775208e-02 -1.177748e-02 
 1.980000e+04  9.480651e+01 -1.849790e-02  1.787999e-02 -1.186754e-02 
 1.985000e+04  9.692008e+01 -1.863887e-02  1.801044e-02 -1.195939e-02 
 1.990000e+04  9.917083e+01 -1.878730e-02  1.814761e-02 -1.205592e-02 
 1.995000e+04  1.014216e+02 -1.893366e-02  1.828285e-02 -1.215097e-02 
 2.000000e+04  1.036723e+02 -1.907786e-02  1.841603e-02 -1.224451e-02 
 2.005000e+04  1.061231e+02 -1.923302e-02  1.855899e-02 -1.234502e-02 
 2.010000e+04  1.086045e+02 -1.938787e-02  1.870175e-02 -1.244550e-02 
 2.015000e+04  1.110860e+02 -1.954036e-02  1.884227e-02 -1.254431e-02 
 2.020000e+04  1.136394e+02 -1.969525e-02  1.898462e-02 -1.264437e-02 
 2.025000e+04  1.162449e+02 -1.985128e-02  1.912785e-02 -1.274509e-02 
 2.030000e+04  1.188505e+02 -2.000487e-02  1.926900e-02 -1.284431e-02 
 2.035000e+04  1.215537e+02 -2.016195e-02  1.941328e-02 -1.294564e-02 
 2.040000e+04  1.244263e+02 -2.032681e-02  1.956459e-02 -1.305185e-02 
 2.045000e+04  1.272989e+02 -2.048924e-02  1.971370e-02 -1.315651e-02 
 2.050000e+04  1.301744e+02 -2.064925e-02  1.986058e-02 -1.325954e-02 
 2.055000e+04  1.333052e+02 -2.082108e-02  2.001804e-02 -1.337002e-02 
 2.060000e+04  1.364723e+02 -2.099254e-02  2.017508e-02 -1.348020e-02 
 2.065000e+04  1.396393e+02 -2.116130e-02  2.032963e-02 -1.358858e-02 
 2.070000e+04  1.429183e+02 -2.133343e-02  2.048701e-02 -1.369888e-02 
 2.075000e+04  1.464100e+02 -2.151430e-02  2.065214e-02 -1.381465e-02 
 2.080000e+04  1.499016e+02 -2.169236e-02  2.081473e-02 -1.392860e-02 
 2.085000e+04  1.533933e+02 -2.186750e-02  2.097458e-02 -1.404056e-02 
 2.090000e+04  1.571554e+02 -2.205347e-02  2.114406e-02 -1.415936e-02 
 2.095000e+04  1.610049e+02 -2.224104e-02  2.131492e-02 -1.427908e-02 
 2.100000e+04  1.648545e+02 -2.242560e-02  2.148293e-02 -1.439665e-02 
 2.105000e+04  1.688890e+02 -2.261608e-02  2.165592e-02 -1.451773e-02 
 2.110000e+04  1.731331e+02 -2.281356e-02  2.183511e-02 -1.464319e-02 
 2.115000e+04  1.773773e+02 -2.300774e-02  2.201125e-02 -1.476650e-02 
 2.120000e+04  1.816214e+02 -2.319866e-02  2.218422e-02 -1.488756e-02 
 2.125000e+04  1.860777e+02 -2.339602e-02  2.236283e-02 -1.501263e-02 
 2.130000e+04  1.905341e+02 -2.359019e-02  2.253865e-02 -1.513568e-02 
 2.135000e+04  1.950216e+02 -2.378249e-02  2.271284e-02 -1.525736e-02 
 2.140000e+04  1.999113e+02 -2.398891e-02  2.289965e-02 -1.538779e-02 
 2.145000e+04  2.048245e+02 -2.419308e-02  2.308429e-02 -1.551674e-02 
 2.150000e+04  2.097376e+02 -2.439368e-02  2.326565e-02 -1.564333e-02 
 2.155000e+04  2.149085e+02 -2.460123e-02  2.345304e-02 -1.577414e-02 
 2.160000e+04  2.205960e+02 -2.482608e-02  2.365588e-02 -1.591580e-02 
 2.165000e+04  2.262836e+02 -2.504708e-02  2.385522e-02 -1.605492e-02 
 2.170000e+04  2.319711e+02 -2.526408e-02  2.405062e-02 -1.619124e-02 
 2.175000e+04  2.376587e+02 -2.547728e-02  2.424225e-02 -1.632498e-02 
 2.180000e+04  2.435794e+02 -2.569546e-02  2.443827e-02 -1.646179e-02 
 2.185000e+04  2.495513e+02 -2.591180e-02  2.463257e-02 -1.659730e-02 
 2.190000e+04  2.559117e+02 -2.613842e-02  2.483581e-02 -1.673911e-02 
 2.195000e+04  2.624958e+02 -2.636929e-02  2.504267e-02 -1.688348e-02 
 2.200000e+04  2.690798e+02 -2.659595e-02  2.524563e-02 -1.702499e-02 
 2.205000e+04  2.757100e+02 -2.681984e-02  2.544600e-02 -1.716461e-02 
 2.210000e+04  2.828997e+02 -2.705840e-02  2.565939e-02 -1.731338e-02 
 2.215000e+04  2.901586e+02 -2.729502e-02  2.587104e-02 -1.746096e-02 
 2.220000e+04  2.974176e+02 -2.752725e-02  2.607857e-02 -1.760561e-02 
 2.225000e+04  3.049160e+02 -2.776280e-02  2.628884e-02 -1.775215e-02 
 2.230000e+04  3.125379e+02 -2.799797e-02  2.649876e-02 -1.789838e-02 
 2.235000e+04  3.201597e+02 -2.822872e-02  2.670471e-02 -1.804176e-02 
 2.240000e+04  3.285403e+02 -2.847791e-02  2.692691e-02 -1.819646e-02 
 2.245000e+04  3.373636e+02 -2.873588e-02  2.715683e-02 -1.835659e-02 
 2.250000e+04  3.461868e+02 -2.898887e-02  2.738221e-02 -1.851357e-02 
 2.255000e+04  3.550101e+02 -2.923673e-02  2.760269e-02 -1.866712e-02 
 2.260000e+04  3.638333e+02 -2.947973e-02  2.781854e-02 -1.881753e-02 
 2.265000e+04  3.730713e+02 -2.972947e-02  2.804019e-02 -1.897206e-02 
 2.270000e+04  3.823357e+02 -2.997545e-02  2.825823e-02 -1.912410e-02 
 2.275000e+04  3.920355e+02 -3.022832e-02  2.848221e-02 -1.928032e-02 
 2.280000e+04  4.017631e+02 -3.047730e-02  2.870263e-02 -1.943411e-02 
 2.285000e+04  4.114908e+02 -3.072139e-02  2.891878e-02 -1.958481e-02 
 2.290000e+04  4.220559e+02 -3.098132e-02  2.914902e-02 -1.974523e-02 
 2.295000e+04  4.333168e+02 -3.125359e-02  2.939017e-02 -1.991332e-02 
 2.300000e+04  4.445778e+02 -3.152050e-02  2.962646e-02 -2.007815e-02 
 2.305000e+04  4.558387e+02 -3.178191e-02  2.985755e-02 -2.023946e-02 
 2.310000e+04  4.670997e+02 -3.203802e-02  3.008361e-02 -2.039739e-02 
 2.315000e+04  4.783606e+02 -3.228904e-02  3.030504e-02 -2.055213e-02 
 2.320000e+04  4.898658e+02 -3.254068e-02  3.052690e-02 -2.070714e-02 
 2.325000e+04  5.014399e+02 -3.278925e-02  3.074600e-02 -2.086029e-02 
 2.330000e+04  5.130140e+02 -3.303324e-02  3.096115e-02 -2.101074e-02 
 2.335000e+04  5.245880e+02 -3.327266e-02  3.117247e-02 -2.115842e-02 
 2.340000e+04  5.361621e+02 -3.350764e-02  3.137999e-02 -2.130339e-02 
 2.345000e+04  5.477362e+02 -3.373846e-02  3.158388e-02 -2.144583e-02 
 2.350000e+04  5.593103e+02 -3.396537e-02  3.178422e-02 -2.158589e-02 
 2.355000e+04  5.708843e+02 -3.418853e-02  3.198108e-02 -2.172365e-02 
 2.360000e+04  5.824584e+02 -3.440808e-02  3.217458e-02 -2.185918e-02 
 2.365000e+04  5.940325e+02 -3.462419e-02  3.236488e-02 -2.199255e-02 
 2.370000e+04  6.056066e+02 -3.483697e-02  3.255212e-02 -2.212381e-02 
 2.375000e+04  6.171806e+02 -3.504657e-02  3.273639e-02 -2.225304e-02 
 2.380000e+04  6.287547e+02 -3.525307e-02  3.291777e-02 -2.238036e-02 
 2.385000e+04  6.403288e+02 -3.545649e-02  3.309636e-02 -2.250589e-02 
 2.390000e+04  6.519029e+02 -3.565692e-02  3.327222e-02 -2.262962e-02 
 2.395000e+04  6.634769e+02 -3.585451e-02  3.344548e-02 -2.275160e-02 
 2.400000e+04  6.750510e+02 -3.604937e-02  3.361629e-02 -2.287190e-02 
 2.405000e+04  6.866251e+02 -3.624154e-02  3.378476e-02 -2.299054e-02 
 2.410000e+04  6.981992e+02 -3.643099e-02  3.395092e-02 -2.310756e-02 
 2.415000e+04  7.097732e+02 -3.661783e-02  3.411483e-02 -2.322306e-02 
 2.420000e+04  7.213473e+02 -3.680213e-02  3.427658e-02 -2.333712e-02 
 2.425000e+04  7.329214e+02 -3.698397e-02  3.443623e-02 -2.344974e-02 
 2.430000e+04  7.444955e+02 -3.716345e-02  3.459385e-02 -2.356092e-02 
 2.435000e+04  7.560695e+02 -3.734067e-02  3.474947e-02 -2.367073e-02 
 2.440000e+04  7.676436e+02 -3.751567e-02  3.490311e-02 -2.377922e-02 
 2.445000e+04  7.792177e+02 -3.768854e-02  3.505481e-02 -2.388641e-02 
 2.450000e+04  7.907917e+02 -3.785936e-02  3.520466e-02 -2.399235e-02 
 2.455000e+04  8.023658e+02 -3.802819e-02  3.535270e-02 -2.409708e-02 
 2.460000e+04  8.139399e+02 -3.819504e-02  3.549894e-02 -2.420061e-02 
 2.465000e+04  8.255140e+02 -3.835996e-02  3.564344e-02 -2.430301e-02 
 2.470000e+04  8.370880e+02 -3.852305e-02  3.578628e-02 -2.440432e-02 
 2.475000e+04  8.486621e+02 -3.868439e-02  3.592756e-02 -2.450453e-02 
 2.480000e+04  8.602362e+02 -3.884401e-02  3.606726e-02 -2.460367e-02 
 2.485000e+04  8.718103e+02 -3.900192e-02  3.620535e-02 -2.470177e-02 
 2.490000e+04  8.833843e+02 -3.915811e-02  3.634189e-02 -2.479890e-02 
 2.495000e+04  8.949584e+02 -3.931265e-02  3.647698e-02 -2.489507e-02 
 2.500000e+04  9.065325e+02 -3.946555e-02  3.661072e-02 -2.499027e-02 
 2.505000e+04  9.181066e+02 -3.961689e-02  3.674314e-02 -2.508452e-02 
 2.510000e+04  9.296806e+02 -3.976670e-02  3.687424e-02 -2.517784e-02 
 2.515000e+04  9.412547e+02 -3.991498e-02  3.700401e-02 -2.527029e-02 
 2.520000e+04  9.528288e+02 -4.006175e-02  3.713250e-02 -2.536191e-02 
 2.525000e+04  9.644029e+02 -4.020705e-02  3.725976e-02 -2.545270e-02 
 2.530000e+04  9.759769e+02 -4.035093e-02  3.738581e-02 -2.554265e-02 
 2.535000e+04  9.875510e+02 -4.049349e-02  3.751068e-02 -2.563177e-02 
 2.540000e+04  9.991251e+02 -4.063479e-02  3.763441e-02 -2.572011e-02 
 2.545000e+04  1.010699e+03 -4.077481e-02  3.775698e-02 -2.580768e-02 
 2.550000e+04  1.022273e+03 -4.091355e-02  3.787835e-02 -2.589451e-02 
 2.555000e+04  1.033847e+03 -4.105104e-02  3.799859e-02 -2.598062e-02 
 2.560000e+04  1.045421e+03 -4.118736e-02  3.811778e-02 -2.606603e-02 
 2.565000e+04  1.056995e+03 -4.132256e-02  3.823595e-02 -2.615072e-02 
 2.570000e+04  1.068570e+03 -4.145661e-02  3.835308e-02 -2.623471e-02 
 2.575000e+04  1.080144e+03 -4.158952e-02  3.846919e-02 -2.631805e-02 
 2.580000e+04  1.091718e+03 -4.172127e-02  3.858431e-02 -2.640077e-02 
 2.585000e+04  1.103292e+03 -4.185195e-02  3.869851e-02 -2.648287e-02 
 2.590000e+04  1.114866e+03 -4.198154e-02  3.881184e-02 -2.656430e-02 
 2.595000e+04  1.126440e+03 -4.211007e-02  3.892426e-02 -2.664509e-02 
 2.600000e+04  1.138014e+03 -4.223754e-02  3.903580e-02 -2.672530e-02 
 2.605000e+04  1.149588e+03 -4.236394e-02  3.914646e-02 -2.680495e-02 
 2.610000e+04  1.161162e+03 -4.248933e-02  3.925631e-02 -2.688404e-02 
 2.615000e+04  1.172736e+03 -4.261374e-02  3.936534e-02 -2.696254e-02 
 2.620000e+04  1.184310e+03 -4.273721e-02  3.947355e-02 -2.704049e-02 
 2.625000e+04  1.195884e+03 -4.285980e-02  3.958093e-02 -2.711791e-02 
 2.630000e+04  1.207458e+03 -4.298151e-02  3.968750e-02 -2.719479e-02 
 2.635000e+04  1.219032e+03 -4.310236e-02  3.979327e-02 -2.727115e-02 
 2.640000e+04  1.230607e+03 -4.322232e-02  3.989826e-02 -2.734701e-02 
 2.645000e+04  1.242181e+03 -4.334145e-02  4.000249e-02 -2.742238e-02 
 2.650000e+04  1.253755e+03 -4.345975e-02  4.010600e-02 -2.749725e-02 
 2.655000e+04  1.265329e+03 -4.357727e-02  4.020880e-02 -2.757166e-02 
 2.660000e+04  1.276903e+03 -4.369400e-02  4.031090e-02 -2.764561e-02 
 2.665000e+04  1.288477e+03 -4.380994e-02  4.041230e-02 -2.771910e-02 
 2.670000e+04  1.300051e+03 -4.392510e-02  4.051302e-02 -2.779215e-02 
 2.675000e+04  1.311625e+03 -4.403949e-02  4.061306e-02 -2.786477e-02 
 2.680000e+04  1.323199e+03 -4.415313e-02  4.071246e-02 -2.793697e-02 
 2.685000e+04  1.334773e+03 -4.426602e-02  4.081128e-02 -2.800875e-02 
 2.690000e+04  1.346347e+03 -4.437818e-02  4.090952e-02 -2.808011e-02 
 2.695000e+04  1.357921e+03 -4.448965e-02  4.100716e-02 -2.815105e-02 
 2.700000e+04  1.369495e+03 -4.460039e-02  4.110423e-02 -2.822161e-02 
 2.705000e+04  1.381070e+03 -4.471044e-02  4.120071e-02 -2.829181e-02 
 2.710000e+04  1.392644e+03 -4.481982e-02  4.129661e-02 -2.836162e-02 
 2.715000e+04  1.404218e+03 -4.492857e-02  4.139195e-02 -2.843108e-02 
 2.720000e+04  1.415792e+03 -4.503674e-02  4.148675e-02 -2.850017e-02 
 2.725000e+04  1.427366e+03 -4.514434e-02  4.158103e-02 -2.856890e-02 
 2.730000e+04  1.438940e+03 -4.525137e-02  4.167474e-02 -2.863727e-02 
 2.735000e+04  1.450514e+03 -4.535779e-02  4.176791e-02 -2.870532e-02 
 2.740000e+04  1.462088e+03 -4.546364e-02  4.186058e-02 -2.877304e-02 
 2.745000e+04  1.473662e+03 -4.556892e-02  4.195274e-02 -2.884043e-02 
 2.750000e+04  1.485236e+03 -4.567370e-02  4.204442e-02 -2.890752e-02 
 2.755000e+04  1.496810e+03 -4.577796e-02  4.213562e-02 -2.897430e-02 
 2.760000e+04  1.508384e+03 -4.588168e-02  4.222633e-02 -2.904077e-02 
 2.765000e+04  1.519958e+03 -4.598490e-02  4.231658e-02 -2.910697e-02 
 2.770000e+04  1.531532e+03 -4.608760e-02  4.240642e-02 -2.917285e-02 
 2.775000e+04  1.543107e+03 -4.618978e-02  4.249580e-02 -2.923843e-02 
 2.780000e+04  1.554681e+03 -4.629146e-02  4.258478e-02 -2.930374e-02 
 2.785000e+04  1.566255e+03 -4.639259e-02  4.267335e-02 -2.936877e-02 
 2.790000e+04  1.577829e+03 -4.649323e-02  4.276149e-02 -2.943354e-02 
 2.795000e+04  1.589403e+03 -4.659338e-02  4.284925e-02 -2.949807e-02 
 2.800000e+04  1.600977e+03 -4.669304e-02  4.293663e-02 -2.956225e-02 
 2.805000e+04  1.612551e+03 -4.679226e-02  4.302363e-02 -2.962560e-02 
 2.810000e+04  1.624125e+03 -4.689106e-02  4.310964e-02 -2.968875e-02 
 2.815000e+04  1.635699e+03 -4.698935e-02  4.319505e-02 -2.975198e-02 
 2.820000e+04  1.647273e+03 -4.708692e-02  4.328050e-02 -2.981518e-02 
 2.825000e+04  1.658847e+03 -4.718429e-02  4.336601e-02 -2.987793e-02 
 2.830000e+04  1.670421e+03 -4.728135e-02  4.345115e-02 -2.994031e-02 
 2.835000e+04  1.681995e+03 -4.737757e-02  4.353576e-02 -3.000253e-02 
 2.840000e+04  1.693570e+03 -4.747337e-02  4.361998e-02 -3.006464e-02 
 2.845000e+04  1.705144e+03 -4.756886e-02  4.370414e-02 -3.012678e-02 
 2.850000e+04  1.716718e+03 -4.766382e-02  4.378791e-02 -3.018859e-02 
 2.855000e+04  1.728292e+03 -4.775859e-02  4.387123e-02 -3.025025e-02 
 2.860000e+04  1.739866e+03 -4.785310e-02  4.395424e-02 -3.031177e-02 
 2.865000e+04  1.751440e+03 -4.794723e-02  4.403688e-02 -3.037285e-02 
 2.870000e+04  1.763014e+03 -4.804098e-02  4.411923e-02 -3.043377e-02 
 2.875000e+04  1.774588e+03 -4.813415e-02  4.420102e-02 -3.049448e-02 
 2.880000e+04  1.786162e+03 -4.822705e-02  4.428261e-02 -3.055499e-02 
 2.885000e+04  1.797736e+03 -4.831974e-02  4.436395e-02 -3.061527e-02 
 2.890000e+04  1.809310e+03 -4.841206e-02  4.444487e-02 -3.067548e-02 
 2.895000e+04  1.820884e+03 -4.850418e-02  4.452537e-02 -3.073553e-02 
 2.900000e+04  1.832458e+03 -4.859632e-02  4.460532e-02 -3.079551e-02 
 2.905000e+04  1.844032e+03 -4.868812e-02  4.468510e-02 -3.085496e-02 
 2.910000e+04  1.855607e+03 -4.877945e-02  4.476464e-02 -3.091437e-02 
 2.915000e+04  1.867181e+03 -4.887050e-02  4.484404e-02 -3.097375e-02 
 2.920000e+04  1.878755e+03 -4.896121e-02  4.492297e-02 -3.103271e-02 
 2.925000e+04  1.890329e+03 -4.905128e-02  4.500171e-02 -3.109149e-02 
 2.930000e+04  1.901903e+03 -4.914090e-02  4.508046e-02 -3.115037e-02 
 2.935000e+04  1.913477e+03 -4.923038e-02  4.515903e-02 -3.120890e-02 
 2.940000e+04  1.925051e+03 -4.931976e-02  4.523733e-02 -3.126733e-02 
 2.945000e+04  1.936625e+03 -4.940855e-02  4.531531e-02 -3.132569e-02 
 2.950000e+04  1.948199e+03 -4.949672e-02  4.539298e-02 -3.138400e-02 
 2.955000e+04  1.959773e+03 -4.958492e-02  4.547058e-02 -3.144230e-02 
 2.960000e+04  1.971347e+03 -4.967316e-02  4.554802e-02 -3.149991e-02 
 2.965000e+04  1.982921e+03 -4.976110e-02  4.562526e-02 -3.155684e-02 
 2.970000e+04  1.994495e+03 -4.984804e-02  4.570221e-02 -3.161394e-02 
 2.975000e+04  2.006070e+03 -4.993478e-02  4.577867e-02 -3.167118e-02 
 2.980000e+04  2.017644e+03 -5.002127e-02  4.585469e-02 -3.172852e-02 
 2.985000e+04  2.029218e+03 -5.010794e-02  4.593060e-02 -3.178603e-02 
 2.990000e+04  2.040792e+03 -5.019459e-02  4.600629e-02 -3.184335e-02 
 2.995000e+04  2.052366e+03 -5.028091e-02  4.608180e-02 -3.189986e-02 
 3.000000e+04  2.063940e+03 -5.036731e-02  4.615685e-02 -3.195632e-02 
 3.005000e+04  2.075514e+03 -5.045358e-02  4.623182e-02 -3.201260e-02 
 3.010000e+04  2.087088e+03 -5.053928e-02  4.630669e-02 -3.206859e-02 
 3.015000e+04  2.098662e+03 -5.062503e-02  4.638137e-02 -3.212451e-02 
 3.020000e+04  2.110236e+03 -5.071049e-02  4.645593e-02 -3.218046e-02 
 3.025000e+04  2.121810e+03 -5.079531e-02  4.652993e-02 -3.223622e-02 
 3.030000e+04  2.133384e+03 -5.087974e-02  4.660320e-02 -3.229203e-02 
 3.035000e+04  2.144958e+03 -5.096416e-02  4.667658e-02 -3.234788e-02 
 3.040000e+04  2.156532e+03 -5.104850e-02  4.675006e-02 -3.240325e-02 
 3.045000e+04  2.168107e+03 -5.113210e-02  4.682359e-02 -3.245838e-02 
 3.050000e+04  2.179681e+03 -5.121559e-02  4.689723e-02 -3.251358e-02 
 3.055000e+04  2.191255e+03 -5.129881e-02  4.697076e-02 -3.256860e-02 
 3.060000e+04  2.202829e+03 -5.138177e-02  4.704417e-02 -3.262337e-02 
 3.065000e+04  2.214403e+03 -5.146444e-02  4.711734e-02 -3.267819e-02 
 3.070000e+04  2.225977e+03 -5.154673e-02  4.719021e-02 -3.273287e-02 
 3.075000e+04  2.237551e+03 -5.162832e-02  4.726270e-02 -3.278738e-02 
 3.080000e+04  2.249125e+03 -5.170986e-02  4.733506e-02 -3.284180e-02 
 3.085000e+04  2.260699e+03 -5.179112e-02  4.740709e-02 -3.289614e-02 
 3.090000e+04  2.272273e+03 -5.187260e-02  4.747907e-02 -3.295017e-02 
 3.095000e+04  2.283847e+03 -5.195411e-02  4.755102e-02 -3.300413e-02 
 3.100000e+04  2.295421e+03 -5.203555e-02  4.762289e-02 -3.305803e-02 
 3.105000e+04  2.306995e+03 -5.211641e-02  4.769453e-02 -3.311159e-02 
 3.110000e+04  2.318570e+03 -5.219727e-02  4.776573e-02 -3.316491e-02 
 3.115000e+04  2.330144e+03 -5.227821e-02  4.783647e-02 -3.321846e-02 
 3.120000e+04  2.341718e+03 -5.235856e-02  4.790714e-02 -3.327200e-02 
 3.125000e+04  2.353292e+03 -5.243910e-02  4.797772e-02 -3.332538e-02 
 3.130000e+04  2.364866e+03 -5.251923e-02  4.804805e-02 -3.337852e-02 
 3.135000e+04  2.376440e+03 -5.259959e-02  4.811820e-02 -3.343163e-02 
 3.140000e+04  2.388014e+03 -5.268034e-02  4.818820e-02 -3.348459e-02 
 3.145000e+04  2.399588e+03 -5.276074e-02  4.825837e-02 -3.353744e-02 
 3.150000e+04  2.411162e+03 -5.284000e-02  4.832866e-02 -3.359003e-02 
 3.155000e+04  2.422736e+03 -5.291898e-02  4.839889e-02 -3.364277e-02 
 3.160000e+04  2.434310e+03 -5.299790e-02  4.846884e-02 -3.369563e-02 
 3.165000e+04  2.445884e+03 -5.307693e-02  4.853838e-02 -3.374812e-02 
 3.170000e+04  2.457458e+03 -5.315576e-02  4.860787e-02 -3.379983e-02 
 3.175000e+04  2.469032e+03 -5.323436e-02  4.867705e-02 -3.385132e-02 
 3.180000e+04  2.480607e+03 -5.331282e-02  4.874591e-02 -3.390279e-02 
 3.185000e+04  2.492181e+03 -5.339090e-02  4.881459e-02 -3.395474e-02 
 3.190000e+04  2.503755e+03 -5.346864e-02  4.888300e-02 -3.400667e-02 
 3.195000e+04  2.515329e+03 -5.354628e-02  4.895124e-02 -3.405854e-02 
 3.200000e+04  2.526903e+03 -5.362412e-02  4.901955e-02 -3.411035e-02 
 3.205000e+04  2.538477e+03 -5.370217e-02  4.908802e-02 -3.416201e-02 
 3.210000e+04  2.550051e+03 -5.378016e-02  4.915654e-02 -3.421356e-02 
 3.215000e+04  2.561625e+03 -5.385742e-02  4.922524e-02 -3.426496e-02 
 3.220000e+04  2.573199e+03 -5.393488e-02  4.929364e-02 -3.431603e-02 
 3.225000e+04  2.584773e+03 -5.401235e-02  4.936166e-02 -3.436697e-02 
 3.230000e+04  2.596347e+03 -5.408953e-02  4.942919e-02 -3.441805e-02 
 3.235000e+04  2.607921e+03 -5.416629e-02  4.949622e-02 -3.446890e-02 
 3.240000e+04  2.619495e+03 -5.424256e-02  4.956261e-02 -3.451965e-02 
 3.245000e+04  2.631070e+03 -5.431888e-02  4.962925e-02 -3.457059e-02 
 3.250000e+04  2.642644e+03 -5.439542e-02  4.969606e-02 -3.462140e-02 
 3.255000e+04  2.654218e+03 -5.447188e-02  4.976300e-02 -3.467184e-02 
 3.260000e+04  2.665792e+03 -5.454824e-02  4.983017e-02 -3.472211e-02 
 3.265000e+04  2.677366e+03 -5.462441e-02  4.989703e-02 -3.477253e-02 
 3.270000e+04  2.688940e+03 -5.470000e-02  4.996364e-02 -3.482288e-02 
 3.275000e+04  2.700514e+03 -5.477519e-02  5.003004e-02 -3.487286e-02 
 3.280000e+04  2.712088e+03 -5.485052e-02  5.009641e-02 -3.492311e-02 
 3.285000e+04  2.723662e+03 -5.492586e-02  5.016266e-02 -3.497340e-02 
 3.290000e+04  2.735236e+03 -5.500099e-02  5.022878e-02 -3.502346e-02 
 3.295000e+04  2.746810e+03 -5.507623e-02  5.029525e-02 -3.507345e-02 
 3.300000e+04  2.758384e+03 -5.515152e-02  5.036177e-02 -3.512328e-02 
 3.305000e+04  2.769958e+03 -5.522628e-02  5.042822e-02 -3.517260e-02 
 3.310000e+04  2.781532e+03 -5.530044e-02  5.049421e-02 -3.522204e-02 
 3.315000e+04  2.793107e+03 -5.537482e-02  5.055969e-02 -3.527148e-02 
 3.320000e+04  2.804681e+03 -5.544924e-02  5.062497e-02 -3.532091e-02 
 3.325000e+04  2.816255e+03 -5.552390e-02  5.069019e-02 -3.537050e-02 
 3.330000e+04  2.827829e+03 -5.559862e-02  5.075567e-02 -3.542017e-02 
 3.335000e+04  2.839403e+03 -5.567312e-02  5.082120e-02 -3.546980e-02 
 3.340000e+04  2.850977e+03 -5.574755e-02  5.088660e-02 -3.551913e-02 
 3.345000e+04  2.862551e+03 -5.582156e-02  5.095143e-02 -3.556775e-02 
 3.350000e+04  2.874125e+03 -5.589456e-02  5.101593e-02 -3.561615e-02 
 3.355000e+04  2.885699e+03 -5.596794e-02  5.108029e-02 -3.566490e-02 
 3.360000e+04  2.897273e+03 -5.604083e-02  5.114448e-02 -3.571400e-02 
 3.365000e+04  2.908847e+03 -5.611367e-02  5.120845e-02 -3.576302e-02 
 3.370000e+04  2.920421e+03 -5.618690e-02  5.127258e-02 -3.581182e-02 
 3.375000e+04  2.931995e+03 -5.625985e-02  5.133705e-02 -3.586053e-02 
 3.380000e+04  2.943570e+03 -5.633263e-02  5.140188e-02 -3.590890e-02 
 3.385000e+04  2.955144e+03 -5.640463e-02  5.146669e-02 -3.595734e-02 
 3.390000e+04  2.966718e+03 -5.647647e-02  5.153168e-02 -3.600593e-02 
 3.395000e+04  2.978292e+03 -5.654841e-02  5.159618e-02 -3.605454e-02 
 3.400000e+04  2.989866e+03 -5.662023e-02  5.166033e-02 -3.610285e-02 
 3.405000e+04  3.001440e+03 -5.669213e-02  5.172419e-02 -3.615092e-02 
 3.410000e+04  3.013014e+03 -5.676398e-02  5.178775e-02 -3.619873e-02 
 3.415000e+04  3.024588e+03 -5.683588e-02  5.185122e-02 -3.624653e-02 
 3.420000e+04  3.036162e+03 -5.690771e-02  5.191467e-02 -3.629425e-02 
 3.425000e+04  3.047736e+03 -5.697948e-02  5.197818e-02 -3.634215e-02 
 3.430000e+04  3.059310e+03 -5.705083e-02  5.204183e-02 -3.639020e-02 
 3.435000e+04  3.070884e+03 -5.712229e-02  5.210529e-02 -3.643828e-02 
 3.440000e+04  3.082458e+03 -5.719381e-02  5.216826e-02 -3.648625e-02 
 3.445000e+04  3.094032e+03 -5.726547e-02  5.223116e-02 -3.653406e-02 
 3.450000e+04  3.105607e+03 -5.733704e-02  5.229398e-02 -3.658175e-02 
 3.455000e+04  3.117181e+03 -5.740838e-02  5.235684e-02 -3.662940e-02 
 3.460000e+04  3.128755e+03 -5.747973e-02  5.241977e-02 -3.667685e-02 
 3.465000e+04  3.140329e+03 -5.755105e-02  5.248247e-02 -3.672431e-02 
 3.470000e+04  3.151903e+03 -5.762224e-02  5.254491e-02 -3.677182e-02 
 3.475000e+04  3.163477e+03 -5.769289e-02  5.260714e-02 -3.681914e-02 
 3.480000e+04  3.175051e+03 -5.776292e-02  5.266920e-02 -3.686631e-02 
 3.485000e+04  3.186625e+03 -5.783287e-02  5.273153e-02 -3.691360e-02 
 3.490000e+04  3.198199e+03 -5.790299e-02  5.279402e-02 -3.696086e-02 
 3.495000e+04  3.209773e+03 -5.797315e-02  5.285671e-02 -3.700789e-02 
 3.500000e+04  3.221347e+03 -5.804350e-02  5.291923e-02 -3.705469e-02 
 3.505000e+04  3.232921e+03 -5.811377e-02  5.298190e-02 -3.710162e-02 
 3.510000e+04  3.244495e+03 -5.818368e-02  5.304438e-02 -3.714846e-02 
 3.515000e+04  3.256070e+03 -5.825308e-02  5.310613e-02 -3.719532e-02 
 3.520000e+04  3.267644e+03 -5.832258e-02  5.316783e-02 -3.724244e-02 
 3.525000e+04  3.279218e+03 -5.839162e-02  5.322910e-02 -3.728962e-02 
 3.530000e+04  3.290792e+03 -5.846073e-02  5.329007e-02 -3.733621e-02 
 3.535000e+04  3.302366e+03 -5.853012e-02  5.335132e-02 -3.738260e-02 
 3.540000e+04  3.313940e+03 -5.859990e-02  5.341293e-02 -3.742888e-02 
 3.545000e+04  3.325514e+03 -5.866960e-02  5.347460e-02 -3.747524e-02 
 3.550000e+04  3.337088e+03 -5.873903e-02  5.353633e-02 -3.752147e-02 
 3.555000e+04  3.348662e+03 -5.880848e-02  5.359803e-02 -3.756771e-02 
 3.560000e+04  3.360236e+03 -5.887770e-02  5.365889e-02 -3.761392e-02 
 3.565000e+04  3.371810e+03 -5.894671e-02  5.371945e-02 -3.766020e-02 
 3.570000e+04  3.383384e+03 -5.901503e-02  5.377982e-02 -3.770666e-02 
 3.575000e+04  3.394958e+03 -5.908305e-02  5.384049e-02 -3.775314e-02 
 3.580000e+04  3.406532e+03 -5.915137e-02  5.390132e-02 -3.779933e-02 
 3.585000e+04  3.418107e+03 -5.921965e-02  5.396227e-02 -3.784522e-02 
 3.590000e+04  3.429681e+03 -5.928809e-02  5.402335e-02 -3.789092e-02 
 3.595000e+04  3.441255e+03 -5.935653e-02  5.408405e-02 -3.793657e-02 
 3.600000e+04  3.452829e+03 -5.942481e-02  5.414465e-02 -3.798221e-02 
 3.605000e+04  3.464403e+03 -5.949299e-02  5.420514e-02 -3.802814e-02 
 3.610000e+04  3.475977e+03 -5.956083e-02  5.426560e-02 -3.807420e-02 
 3.615000e+04  3.487551e+03 -5.962856e-02  5.432575e-02 -3.811999e-02 
 3.620000e+04  3.499125e+03 -5.969641e-02  5.438536e-02 -3.816569e-02 
 3.625000e+04  3.510699e+03 -5.976438e-02  5.444520e-02 -3.821148e-02 
 3.630000e+04  3.522273e+03 -5.983196e-02  5.450525e-02 -3.825713e-02 
 3.635000e+04  3.533847e+03 -5.989927e-02  5.456554e-02 -3.830257e-02 
 3.640000e+04  3.545421e+03 -5.996654e-02  5.462602e-02 -3.834808e-02 
 3.645000e+04  3.556995e+03 -6.003409e-02  5.468619e-02 -3.839356e-02 
 3.650000e+04  3.568570e+03 -6.010171e-02  5.474595e-02 -3.843900e-02 
 3.655000e+04  3.580144e+03 -6.016926e-02  5.480546e-02 -3.848431e-02 
 3.660000e+04  3.591718e+03 -6.023646e-02  5.486467e-02 -3.852975e-02 
 3.665000e+04  3.603292e+03 -6.030300e-02  5.492353e-02 -3.857513e-02 
 3.670000e+04  3.614866e+03 -6.036977e-02  5.498247e-02 -3.862036e-02 
 3.675000e+04  3.626440e+03 -6.043686e-02  5.504149e-02 -3.866547e-02 
 3.680000e+04  3.638014e+03 -6.050409e-02  5.510087e-02 -3.871061e-02 
 3.685000e+04  3.649588e+03 -6.057122e-02  5.516034e-02 -3.875566e-02 
 3.690000e+04  3.661162e+03 -6.063804e-02  5.521989e-02 -3.880060e-02 
 3.695000e+04  3.672736e+03 -6.070470e-02  5.527930e-02 -3.884564e-02 
 3.700000e+04  3.684310e+03 -6.077062e-02  5.533854e-02 -3.889069e-02 
 3.705000e+04  3.695884e+03 -6.083646e-02  5.539740e-02 -3.893569e-02 
 3.710000e+04  3.707458e+03 -6.090253e-02  5.545577e-02 -3.898081e-02 
 3.715000e+04  3.719032e+03 -6.096891e-02  5.551435e-02 -3.902559e-02 
 3.720000e+04  3.730607e+03 -6.103496e-02  5.557306e-02 -3.907011e-02 
 3.725000e+04  3.742181e+03 -6.110105e-02  5.563209e-02 -3.911473e-02 
 3.730000e+04  3.753755e+03 -6.116714e-02  5.569094e-02 -3.915952e-02 
 3.735000e+04  3.765329e+03 -6.123321e-02  5.574950e-02 -3.920418e-02 
 3.740000e+04  3.776903e+03 -6.129922e-02  5.580809e-02 -3.924874e-02 
 3.745000e+04  3.788477e+03 -6.136520e-02  5.586652e-02 -3.929338e-02 
 3.750000e+04  3.800051e+03 -6.143114e-02  5.592495e-02 -3.933781e-02 
 3.755000e+04  3.811625e+03 -6.149707e-02  5.598332e-02 -3.938229e-02 
 3.760000e+04  3.823199e+03 -6.156264e-02  5.604180e-02 -3.942677e-02 
 3.765000e+04  3.834773e+03 -6.162732e-02  5.609969e-02 -3.947115e-02 
 3.770000e+04  3.846347e+03 -6.169234e-02  5.615770e-02 -3.951552e-02 
 3.775000e+04  3.857921e+03 -6.175777e-02  5.621593e-02 -3.955988e-02 
 3.780000e+04  3.869495e+03 -6.182322e-02  5.627368e-02 -3.960393e-02 
 3.785000e+04  3.881070e+03 -6.188835e-02  5.633114e-02 -3.964789e-02 
 3.790000e+04  3.892644e+03 -6.195347e-02  5.638821e-02 -3.969202e-02 
 3.795000e+04  3.904218e+03 -6.201846e-02  5.644504e-02 -3.973611e-02 
 3.800000e+04  3.915792e+03 -6.208305e-02  5.650183e-02 -3.978004e-02 
 3.805000e+04  3.927366e+03 -6.214771e-02  5.655873e-02 -3.982384e-02 
 3.810000e+04  3.938940e+03 -6.221255e-02  5.661609e-02 -3.986774e-02 
 3.815000e+04  3.950514e+03 -6.227744e-02  5.667372e-02 -3.991172e-02 
 3.820000e+04  3.962088e+03 -6.234186e-02  5.673122e-02 -3.995559e-02 
 3.825000e+04  3.973662e+03 -6.240608e-02  5.678851e-02 -3.999951e-02 
 3.830000e+04  3.985236e+03 -6.247049e-02  5.684578e-02 -4.004350e-02 
 3.835000e+04  3.996810e+03 -6.253501e-02  5.690289e-02 -4.008729e-02 
 3.840000e+04  4.008384e+03 -6.259953e-02  5.695977e-02 -4.013088e-02 
 3.845000e+04  4.019958e+03 -6.266404e-02  5.701648e-02 -4.017457e-02 
 3.850000e+04  4.031532e+03 -6.272855e-02  5.707331e-02 -4.021831e-02 
 3.855000e+04  4.043107e+03 -6.279281e-02  5.713018e-02 -4.026202e-02 
 3.860000e+04  4.054681e+03 -6.285708e-02  5.718717e-02 -4.030572e-02 
 3.865000e+04  4.066255e+03 -6.292143e-02  5.724422e-02 -4.034941e-02 
 3.870000e+04  4.077829e+03 -6.298585e-02  5.730123e-02 -4.039302e-02 
 3.875000e+04  4.089403e+03 -6.305020e-02  5.735811e-02 -4.043662e-02 
 3.880000e+04  4.100977e+03 -6.311439e-02  5.741502e-02 -4.048021e-02 
 3.885000e+04  4.112551e+03 -6.317847e-02  5.747171e-02 -4.052370e-02 
 3.890000e+04  4.124125e+03 -6.324192e-02  5.752811e-02 -4.056720e-02 
 3.895000e+04  4.135699e+03 -6.330494e-02  5.758402e-02 -4.061058e-02 
 3.900000e+04  4.147273e+03 -6.336812e-02  5.764010e-02 -4.065393e-02 
 3.905000e+04  4.158847e+03 -6.343155e-02  5.769646e-02 -4.069720e-02 
 3.910000e+04  4.170421e+03 -6.349507e-02  5.775310e-02 -4.074025e-02 
 3.915000e+04  4.181995e+03 -6.355852e-02  5.780998e-02 -4.078337e-02 
 3.920000e+04  4.193570e+03 -6.362180e-02  5.786702e-02 -4.082643e-02 
 3.925000e+04  4.205144e+03 -6.368511e-02  5.792354e-02 -4.086949e-02 
 3.930000e+04  4.216718e+03 -6.374825e-02  5.797970e-02 -4.091232e-02 
 3.935000e+04  4.228292e+03 -6.381118e-02  5.803555e-02 -4.095526e-02 
 3.940000e+04  4.239866e+03 -6.387376e-02  5.809133e-02 -4.099842e-02 
 3.945000e+04  4.251440e+03 -6.393631e-02  5.814722e-02 -4.104163e-02 
 3.950000e+04  4.263014e+03 -6.399924e-02  5.820322e-02 -4.108477e-02 
 3.955000e+04  4.274588e+03 -6.406248e-02  5.825936e-02 -4.112779e-02 
 3.960000e+04  4.286162e+03 -6.412591e-02  5.831558e-02 -4.117066e-02 
 3.965000e+04  4.297736e+03 -6.418930e-02  5.837183e-02 -4.121342e-02 
 3.970000e+04  4.309310e+03 -6.425219e-02  5.842803e-02 -4.125601e-02 
 3.975000e+04  4.320884e+03 -6.431513e-02  5.848401e-02 -4.129856e-02 
 3.980000e+04  4.332458e+03 -6.437794e-02  5.853984e-02 -4.134123e-02 
 3.985000e+04  4.344032e+03 -6.444073e-02  5.859534e-02 -4.138403e-02 
 3.990000e+04  4.355607e+03 -6.450311e-02  5.865048e-02 -4.142684e-02 
 3.995000e+04  4.367181e+03 -6.456524e-02  5.870575e-02 -4.146962e-02 
 4.000000e+04  4.378755e+03 -6.462710e-02  5.876105e-02 -4.151222e-02 
 4.005000e+04  4.390329e+03 -6.468913e-02  5.881655e-02 -4.155474e-02 
 4.010000e+04  4.401903e+03 -6.475148e-02  5.887207e-02 -4.159711e-02 
 4.015000e+04  4.413477e+03 -6.481368e-02  5.892779e-02 -4.163940e-02 
 4.020000e+04  4.425051e+03 -6.487586e-02  5.898365e-02 -4.168178e-02 
 4.025000e+04  4.436625e+03 -6.493793e-02  5.903940e-02 -4.172422e-02 
 4.030000e+04  4.448199e+03 -6.499990e-02  5.909459e-02 -4.176656e-02 
 4.035000e+04  4.459773e+03 -6.506191e-02  5.914955e-02 -4.180893e-02 
 4.040000e+04  4.471347e+03 -6.512403e-02  5.920454e-02 -4.185145e-02 
 4.045000e+04  4.482921e+03 -6.518615e-02  5.925950e-02 -4.189396e-02 
 4.050000e+04  4.494495e+03 -6.524827e-02  5.931459e-02 -4.193636e-02 
 4.055000e+04  4.506070e+03 -6.531042e-02  5.936982e-02 -4.197873e-02 
 4.060000e+04  4.517644e+03 -6.537270e-02  5.942510e-02 -4.202097e-02 
 4.065000e+04  4.529218e+03 -6.543479e-02  5.948034e-02 -4.206315e-02 
 4.070000e+04  4.540792e+03 -6.549655e-02  5.953554e-02 -4.210532e-02 
 4.075000e+04  4.552366e+03 -6.555829e-02  5.959061e-02 -4.214758e-02 
 4.080000e+04  4.563940e+03 -6.562007e-02  5.964533e-02 -4.218984e-02 
 4.085000e+04  4.575514e+03 -6.568196e-02  5.969902e-02 -4.223206e-02 
 4.090000e+04  4.587088e+03 -6.574387e-02  5.975215e-02 -4.227425e-02 
 4.095000e+04  4.598662e+03 -6.580566e-02  5.980562e-02 -4.231603e-02 
 4.100000e+04  4.610236e+03 -6.586731e-02  5.985957e-02 -4.235746e-02 
 4.105000e+04  4.621810e+03 -6.592904e-02  5.991392e-02 -4.239893e-02 
 4.110000e+04  4.633384e+03 -6.599007e-02  5.996854e-02 -4.244053e-02 
 4.115000e+04  4.644958e+03 -6.605084e-02  6.002333e-02 -4.248219e-02 
 4.120000e+04  4.656532e+03 -6.611148e-02  6.007831e-02 -4.252402e-02 
 4.125000e+04  4.668107e+03 -6.617218e-02  6.013330e-02 -4.256590e-02 
 4.130000e+04  4.679681e+03 -6.623298e-02  6.018814e-02 -4.260776e-02 
 4.135000e+04  4.691255e+03 -6.629380e-02  6.024290e-02 -4.264966e-02 
 4.140000e+04  4.702829e+03 -6.635465e-02  6.029753e-02 -4.269148e-02 
 4.145000e+04  4.714403e+03 -6.641540e-02  6.035171e-02 -4.273308e-02 
 4.150000e+04  4.725977e+03 -6.647610e-02  6.040601e-02 -4.277460e-02 
 4.155000e+04  4.737551e+03 -6.653689e-02  6.046044e-02 -4.281622e-02 
 4.160000e+04  4.749125e+03 -6.659770e-02  6.051489e-02 -4.285781e-02 
 4.165000e+04  4.760699e+03 -6.665845e-02  6.056936e-02 -4.289919e-02 
 4.170000e+04  4.772273e+03 -6.671931e-02  6.062363e-02 -4.294060e-02 
 4.175000e+04  4.783847e+03 -6.678030e-02  6.067757e-02 -4.298206e-02 
 4.180000e+04  4.795421e+03 -6.684113e-02  6.073130e-02 -4.302347e-02 
 4.185000e+04  4.806995e+03 -6.690174e-02  6.078480e-02 -4.306490e-02 
 4.190000e+04  4.818570e+03 -6.696239e-02  6.083839e-02 -4.310643e-02 
 4.195000e+04  4.830144e+03 -6.702319e-02  6.089198e-02 -4.314802e-02 
 4.200000e+04  4.841718e+03 -6.708403e-02  6.094554e-02 -4.318940e-02 
 4.205000e+04  4.853292e+03 -6.714468e-02  6.099924e-02 -4.323066e-02 
 4.210000e+04  4.864866e+03 -6.720521e-02  6.105312e-02 -4.327193e-02 
 4.215000e+04  4.876440e+03 -6.726562e-02  6.110651e-02 -4.331321e-02 
 4.220000e+04  4.888014e+03 -6.732586e-02  6.115995e-02 -4.335443e-02 
 4.225000e+04  4.899588e+03 -6.738576e-02  6.121349e-02 -4.339560e-02 
 4.230000e+04  4.911162e+03 -6.744557e-02  6.126702e-02 -4.343656e-02 
 4.235000e+04  4.922736e+03 -6.750556e-02  6.132056e-02 -4.347736e-02 
 4.240000e+04  4.934310e+03 -6.756555e-02  6.137419e-02 -4.351822e-02 
 4.245000e+04  4.945884e+03 -6.762503e-02  6.142811e-02 -4.355913e-02 
 4.250000e+04  4.957458e+03 -6.768439e-02  6.148211e-02 -4.360007e-02 
 4.255000e+04  4.969032e+03 -6.774389e-02  6.153611e-02 -4.364117e-02 
 4.260000e+04  4.980607e+03 -6.780347e-02  6.159007e-02 -4.368219e-02 
 4.265000e+04  4.992181e+03 -6.786302e-02  6.164375e-02 -4.372308e-02 
 4.270000e+04  5.003755e+03 -6.792259e-02  6.169745e-02 -4.376395e-02 
 4.275000e+04  5.015329e+03 -6.798221e-02  6.175084e-02 -4.380481e-02 
 4.280000e+04  5.026903e+03 -6.804202e-02  6.180412e-02 -4.384556e-02 
 4.285000e+04  5.038477e+03 -6.810171e-02  6.185734e-02 -4.388631e-02 
 4.290000e+04  5.050051e+03 -6.816146e-02  6.191053e-02 -4.392708e-02 
 4.295000e+04  5.061625e+03 -6.822122e-02  6.196368e-02 -4.396795e-02 
 4.300000e+04  5.073199e+03 -6.828104e-02  6.201680e-02 -4.400880e-02 
 4.305000e+04  5.084773e+03 -6.834098e-02  6.206965e-02 -4.404956e-02 
 4.310000e+04  5.096347e+03 -6.840086e-02  6.212227e-02 -4.409013e-02 
 4.315000e+04  5.107921e+03 -6.846074e-02  6.217476e-02 -4.413077e-02 
 4.320000e+04  5.119495e+03 -6.852063e-02  6.222744e-02 -4.417150e-02 
 4.325000e+04  5.131070e+03 -6.858031e-02  6.228028e-02 -4.421221e-02 
 4.330000e+04  5.142644e+03 -6.864000e-02  6.233319e-02 -4.425291e-02 
 4.335000e+04  5.154218e+03 -6.869964e-02  6.238619e-02 -4.429364e-02 
 4.340000e+04  5.165792e+03 -6.875911e-02  6.243920e-02 -4.433425e-02 
 4.345000e+04  5.177366e+03 -6.881821e-02  6.249223e-02 -4.437475e-02 
 4.350000e+04  5.188940e+03 -6.887709e-02  6.254535e-02 -4.441525e-02 
 4.355000e+04  5.200514e+03 -6.893602e-02  6.259834e-02 -4.445585e-02 
 4.360000e+04  5.212088e+03 -6.899501e-02  6.265063e-02 -4.449649e-02 
 4.365000e+04  5.223662e+03 -6.905404e-02  6.270294e-02 -4.453694e-02 
 4.370000e+04  5.235236e+03 -6.911302e-02  6.275534e-02 -4.457739e-02 
 4.375000e+04  5.246810e+03 -6.917197e-02  6.280801e-02 -4.461780e-02 
 4.380000e+04  5.258384e+03 -6.923089e-02  6.286075e-02 -4.465821e-02 
 4.385000e+04  5.269958e+03 -6.928998e-02  6.291355e-02 -4.469858e-02 
 4.390000e+04  5.281532e+03 -6.934900e-02  6.296634e-02 -4.473883e-02 
