         Step [creep.tim... Z Displace... Z Displace... X Displace... 
------------- ------------- ------------- ------------- ------------- 
 5.250000e+03  1.276223e-07 -4.629353e-03  4.524540e-03 -2.433365e-03 
 5.300000e+03  3.886505e-06 -4.629537e-03  4.524623e-03 -2.433549e-03 
 5.350000e+03  3.247325e-05 -4.630274e-03  4.524720e-03 -2.433981e-03 
 5.400000e+03  2.169985e-04 -4.630475e-03  4.524852e-03 -2.434040e-03 
 5.450000e+03  9.129409e-04 -4.631225e-03  4.525849e-03 -2.435013e-03 
 5.500000e+03  2.025313e-03 -4.634070e-03  4.528524e-03 -2.437419e-03 
 5.550000e+03  3.754845e-03 -4.639786e-03  4.534191e-03 -2.441976e-03 
 5.600000e+03  5.695707e-03 -4.646770e-03  4.541960e-03 -2.447130e-03 
 5.650000e+03  8.461832e-03 -4.657212e-03  4.554158e-03 -2.454498e-03 
 5.700000e+03  1.169587e-02 -4.669239e-03  4.568074e-03 -2.462239e-03 
 5.750000e+03  1.511686e-02 -4.680131e-03  4.579822e-03 -2.468934e-03 
 5.800000e+03  1.853784e-02 -4.689726e-03  4.589674e-03 -2.475209e-03 
 5.850000e+03  2.195883e-02 -4.699767e-03  4.600048e-03 -2.482457e-03 
 5.900000e+03  2.537982e-02 -4.710591e-03  4.611619e-03 -2.490731e-03 
 5.950000e+03  2.880081e-02 -4.721784e-03  4.623806e-03 -2.499762e-03 
 6.000000e+03  3.272529e-02 -4.734777e-03  4.637321e-03 -2.510305e-03 
 6.050000e+03  3.726608e-02 -4.750005e-03  4.652008e-03 -2.521019e-03 
 6.100000e+03  4.185053e-02 -4.764484e-03  4.665504e-03 -2.529589e-03 
 6.150000e+03  4.643498e-02 -4.778153e-03  4.678321e-03 -2.537141e-03 
 6.200000e+03  5.101943e-02 -4.791724e-03  4.691790e-03 -2.545299e-03 
 6.250000e+03  5.560388e-02 -4.805849e-03  4.706508e-03 -2.554698e-03 
 6.300000e+03  6.018833e-02 -4.820365e-03  4.721801e-03 -2.565274e-03 
 6.350000e+03  6.535162e-02 -4.835930e-03  4.737868e-03 -2.577703e-03 
 6.400000e+03  7.146158e-02 -4.852869e-03  4.755012e-03 -2.591295e-03 
 6.450000e+03  7.791236e-02 -4.869577e-03  4.772081e-03 -2.603657e-03 
 6.500000e+03  8.436314e-02 -4.886135e-03  4.788908e-03 -2.614676e-03 
 6.550000e+03  9.081393e-02 -4.903372e-03  4.806347e-03 -2.625470e-03 
 6.600000e+03  9.726471e-02 -4.921518e-03  4.824916e-03 -2.636995e-03 
 6.650000e+03  1.037155e-01 -4.940115e-03  4.844565e-03 -2.649445e-03 
 6.700000e+03  1.101792e-01 -4.957720e-03  4.863884e-03 -2.662224e-03 
 6.750000e+03  1.173044e-01 -4.975165e-03  4.882642e-03 -2.675740e-03 
 6.800000e+03  1.253414e-01 -4.993800e-03  4.901995e-03 -2.690096e-03 
 6.850000e+03  1.335744e-01 -5.012904e-03  4.921265e-03 -2.704180e-03 
 6.900000e+03  1.418074e-01 -5.032140e-03  4.940901e-03 -2.717868e-03 
 6.950000e+03  1.500404e-01 -5.052061e-03  4.961483e-03 -2.731615e-03 
 7.000000e+03  1.582734e-01 -5.073088e-03  4.983014e-03 -2.745495e-03 
 7.050000e+03  1.666217e-01 -5.094689e-03  5.004368e-03 -2.759212e-03 
 7.100000e+03  1.754306e-01 -5.115892e-03  5.024838e-03 -2.772880e-03 
 7.150000e+03  1.848615e-01 -5.136667e-03  5.045491e-03 -2.787281e-03 
 7.200000e+03  1.943922e-01 -5.156795e-03  5.066131e-03 -2.802116e-03 
 7.250000e+03  2.039230e-01 -5.176644e-03  5.086664e-03 -2.817080e-03 
 7.300000e+03  2.135991e-01 -5.197263e-03  5.107669e-03 -2.832334e-03 
 7.350000e+03  2.247713e-01 -5.222086e-03  5.132292e-03 -2.849693e-03 
 7.400000e+03  2.363560e-01 -5.247868e-03  5.157416e-03 -2.866681e-03 
 7.450000e+03  2.479407e-01 -5.272199e-03  5.181231e-03 -2.882262e-03 
 7.500000e+03  2.595254e-01 -5.295356e-03  5.204391e-03 -2.897460e-03 
 7.550000e+03  2.711100e-01 -5.318222e-03  5.227544e-03 -2.913006e-03 
 7.600000e+03  2.826947e-01 -5.340600e-03  5.250597e-03 -2.928941e-03 
 7.650000e+03  2.945285e-01 -5.362995e-03  5.273875e-03 -2.945511e-03 
 7.700000e+03  3.083258e-01 -5.388845e-03  5.300815e-03 -2.964936e-03 
 7.750000e+03  3.231111e-01 -5.415944e-03  5.328767e-03 -2.984742e-03 
 7.800000e+03  3.378965e-01 -5.442256e-03  5.355447e-03 -3.002890e-03 
 7.850000e+03  3.526818e-01 -5.468560e-03  5.381720e-03 -3.020309e-03 
 7.900000e+03  3.674671e-01 -5.495165e-03  5.408120e-03 -3.037708e-03 
 7.950000e+03  3.822524e-01 -5.521503e-03  5.434531e-03 -3.055212e-03 
 8.000000e+03  3.970377e-01 -5.547004e-03  5.460455e-03 -3.072905e-03 
 8.050000e+03  4.121342e-01 -5.572269e-03  5.486071e-03 -3.091186e-03 
 8.100000e+03  4.284350e-01 -5.598436e-03  5.512796e-03 -3.110599e-03 
 8.150000e+03  4.447358e-01 -5.623792e-03  5.538619e-03 -3.129086e-03 
 8.200000e+03  4.610367e-01 -5.649274e-03  5.564256e-03 -3.146826e-03 
 8.250000e+03  4.773375e-01 -5.675293e-03  5.590197e-03 -3.164188e-03 
 8.300000e+03  4.936383e-01 -5.701704e-03  5.616078e-03 -3.181292e-03 
 8.350000e+03  5.104281e-01 -5.728672e-03  5.642174e-03 -3.198729e-03 
 8.400000e+03  5.283544e-01 -5.756391e-03  5.669092e-03 -3.217278e-03 
 8.450000e+03  5.472246e-01 -5.784031e-03  5.696505e-03 -3.236659e-03 
 8.500000e+03  5.660948e-01 -5.810539e-03  5.723314e-03 -3.255869e-03 
 8.550000e+03  5.849650e-01 -5.836813e-03  5.749808e-03 -3.274778e-03 
 8.600000e+03  6.043825e-01 -5.864019e-03  5.777190e-03 -3.293908e-03 
 8.650000e+03  6.249491e-01 -5.892967e-03  5.806418e-03 -3.313727e-03 
 8.700000e+03  6.457536e-01 -5.921908e-03  5.835671e-03 -3.333122e-03 
 8.750000e+03  6.676148e-01 -5.951695e-03  5.865474e-03 -3.352837e-03 
 8.800000e+03  6.905517e-01 -5.982446e-03  5.895744e-03 -3.373187e-03 
 8.850000e+03  7.134886e-01 -6.012491e-03  5.925261e-03 -3.393476e-03 
 8.900000e+03  7.364255e-01 -6.041419e-03  5.954256e-03 -3.413834e-03 
 8.950000e+03  7.593623e-01 -6.069656e-03  5.982983e-03 -3.434240e-03 
 9.000000e+03  7.830561e-01 -6.098649e-03  6.012653e-03 -3.455179e-03 
 9.050000e+03  8.071398e-01 -6.127891e-03  6.042497e-03 -3.475787e-03 
 9.100000e+03  8.317052e-01 -6.157551e-03  6.072331e-03 -3.495675e-03 
 9.150000e+03  8.582069e-01 -6.189427e-03  6.104117e-03 -3.516511e-03 
 9.200000e+03  8.847592e-01 -6.221246e-03  6.135455e-03 -3.537267e-03 
 9.250000e+03  9.113115e-01 -6.252328e-03  6.165855e-03 -3.558033e-03 
 9.300000e+03  9.378638e-01 -6.282599e-03  6.195381e-03 -3.578857e-03 
 9.350000e+03  9.649737e-01 -6.312897e-03  6.225102e-03 -3.600213e-03 
 9.400000e+03  9.928536e-01 -6.343324e-03  6.255340e-03 -3.621801e-03 
 9.450000e+03  1.020734e+00 -6.373177e-03  6.285208e-03 -3.642569e-03 
 9.500000e+03  1.050137e+00 -6.404692e-03  6.316683e-03 -3.663753e-03 
 9.550000e+03  1.080875e+00 -6.437813e-03  6.349614e-03 -3.685506e-03 
 9.600000e+03  1.111612e+00 -6.470451e-03  6.382140e-03 -3.706899e-03 
 9.650000e+03  1.142381e+00 -6.502420e-03  6.413780e-03 -3.728117e-03 
 9.700000e+03  1.174655e+00 -6.535357e-03  6.446118e-03 -3.750425e-03 
 9.750000e+03  1.206930e+00 -6.567522e-03  6.477629e-03 -3.772600e-03 
 9.800000e+03  1.239204e+00 -6.598618e-03  6.508409e-03 -3.794469e-03 
 9.850000e+03  1.272027e+00 -6.629884e-03  6.539537e-03 -3.816308e-03 
 9.900000e+03  1.306966e+00 -6.663160e-03  6.572986e-03 -3.839178e-03 
 9.950000e+03  1.342549e+00 -6.696877e-03  6.607131e-03 -3.861847e-03 
 1.000000e+04  1.378238e+00 -6.730314e-03  6.640831e-03 -3.883879e-03 
 1.005000e+04  1.416721e+00 -6.766103e-03  6.676513e-03 -3.907212e-03 
 1.010000e+04  1.455950e+00 -6.802084e-03  6.711914e-03 -3.930991e-03 
 1.015000e+04  1.495180e+00 -6.836897e-03  6.746086e-03 -3.954758e-03 
 1.020000e+04  1.534410e+00 -6.870785e-03  6.779443e-03 -3.978406e-03 
 1.025000e+04  1.574542e+00 -6.905284e-03  6.813400e-03 -4.002429e-03 
 1.030000e+04  1.615733e+00 -6.940592e-03  6.848168e-03 -4.026580e-03 
 1.035000e+04  1.656925e+00 -6.975483e-03  6.882622e-03 -4.049883e-03 
 1.040000e+04  1.699475e+00 -7.011189e-03  6.918005e-03 -4.073229e-03 
 1.045000e+04  1.742726e+00 -7.047272e-03  6.953849e-03 -4.096700e-03 
 1.050000e+04  1.785977e+00 -7.082663e-03  6.988922e-03 -4.119985e-03 
 1.055000e+04  1.829358e+00 -7.117346e-03  7.023047e-03 -4.143300e-03 
 1.060000e+04  1.874771e+00 -7.153150e-03  7.058055e-03 -4.167731e-03 
 1.065000e+04  1.922092e+00 -7.189972e-03  7.093975e-03 -4.192997e-03 
 1.070000e+04  1.969776e+00 -7.226309e-03  7.129629e-03 -4.217893e-03 
 1.075000e+04  2.017460e+00 -7.262222e-03  7.165042e-03 -4.242088e-03 
 1.080000e+04  2.065144e+00 -7.298132e-03  7.200586e-03 -4.265784e-03 
 1.085000e+04  2.112828e+00 -7.333719e-03  7.236114e-03 -4.289113e-03 
 1.090000e+04  2.160513e+00 -7.368723e-03  7.271080e-03 -4.312096e-03 
 1.095000e+04  2.212391e+00 -7.406182e-03  7.308465e-03 -4.336960e-03 
 1.100000e+04  2.267591e+00 -7.445506e-03  7.347376e-03 -4.363451e-03 
 1.105000e+04  2.322791e+00 -7.483919e-03  7.385063e-03 -4.389767e-03 
 1.110000e+04  2.377992e+00 -7.521589e-03  7.422060e-03 -4.415631e-03 
 1.115000e+04  2.433192e+00 -7.559236e-03  7.458936e-03 -4.441026e-03 
 1.120000e+04  2.488392e+00 -7.596901e-03  7.495763e-03 -4.465911e-03 
 1.125000e+04  2.543593e+00 -7.634120e-03  7.532370e-03 -4.490214e-03 
 1.130000e+04  2.600118e+00 -7.671663e-03  7.569434e-03 -4.514713e-03 
 1.135000e+04  2.660686e+00 -7.711358e-03  7.608796e-03 -4.540865e-03 
 1.140000e+04  2.721545e+00 -7.750490e-03  7.647527e-03 -4.567047e-03 
 1.145000e+04  2.782403e+00 -7.788841e-03  7.685189e-03 -4.592975e-03 
 1.150000e+04  2.845757e+00 -7.828444e-03  7.723751e-03 -4.619721e-03 
 1.155000e+04  2.909658e+00 -7.868272e-03  7.762362e-03 -4.646348e-03 
 1.160000e+04  2.973559e+00 -7.907561e-03  7.800514e-03 -4.672431e-03 
 1.165000e+04  3.037460e+00 -7.946367e-03  7.838313e-03 -4.697918e-03 
 1.170000e+04  3.104365e+00 -7.986682e-03  7.877811e-03 -4.724290e-03 
 1.175000e+04  3.171461e+00 -8.026583e-03  7.917155e-03 -4.750450e-03 
 1.180000e+04  3.238558e+00 -8.065613e-03  7.955849e-03 -4.776323e-03 
 1.185000e+04  3.309213e+00 -8.106130e-03  7.995921e-03 -4.803412e-03 
 1.190000e+04  3.383187e+00 -8.148103e-03  8.037325e-03 -4.831717e-03 
 1.195000e+04  3.457161e+00 -8.189422e-03  8.077937e-03 -4.859649e-03 
 1.200000e+04  3.531134e+00 -8.230214e-03  8.117890e-03 -4.886993e-03 
 1.205000e+04  3.608733e+00 -8.272989e-03  8.159551e-03 -4.915121e-03 
 1.210000e+04  3.686405e+00 -8.315596e-03  8.201044e-03 -4.942847e-03 
 1.215000e+04  3.764078e+00 -8.357408e-03  8.242019e-03 -4.970234e-03 
 1.220000e+04  3.841750e+00 -8.398491e-03  8.282413e-03 -4.997377e-03 
 1.225000e+04  3.921520e+00 -8.440116e-03  8.323527e-03 -5.025176e-03 
 1.230000e+04  4.003076e+00 -8.482091e-03  8.365014e-03 -5.053361e-03 
 1.235000e+04  4.084632e+00 -8.523455e-03  8.405672e-03 -5.081104e-03 
 1.240000e+04  4.171476e+00 -8.567364e-03  8.448496e-03 -5.110161e-03 
 1.245000e+04  4.261392e+00 -8.612765e-03  8.492399e-03 -5.139877e-03 
 1.250000e+04  4.351307e+00 -8.657556e-03  8.535645e-03 -5.169063e-03 
 1.255000e+04  4.441223e+00 -8.701589e-03  8.578215e-03 -5.197834e-03 
 1.260000e+04  4.531138e+00 -8.745138e-03  8.620489e-03 -5.226447e-03 
 1.265000e+04  4.621054e+00 -8.788069e-03  8.662486e-03 -5.254854e-03 
 1.270000e+04  4.710969e+00 -8.830212e-03  8.703853e-03 -5.282887e-03 
 1.275000e+04  4.803313e+00 -8.873002e-03  8.745889e-03 -5.311348e-03 
 1.280000e+04  4.902445e+00 -8.918681e-03  8.790677e-03 -5.341676e-03 
 1.285000e+04  5.001576e+00 -8.963866e-03  8.834857e-03 -5.371546e-03 
 1.290000e+04  5.100708e+00 -9.008466e-03  8.878289e-03 -5.400837e-03 
 1.295000e+04  5.199840e+00 -9.052883e-03  8.921195e-03 -5.429740e-03 
 1.300000e+04  5.298972e+00 -9.096924e-03  8.963726e-03 -5.458433e-03 
 1.305000e+04  5.398104e+00 -9.140125e-03  9.005649e-03 -5.486882e-03 
 1.310000e+04  5.498326e+00 -9.182995e-03  9.047556e-03 -5.515383e-03 
 1.315000e+04  5.602414e+00 -9.227112e-03  9.090954e-03 -5.544781e-03 
 1.320000e+04  5.706503e+00 -9.270792e-03  9.134016e-03 -5.573860e-03 
 1.325000e+04  5.811216e+00 -9.314279e-03  9.176679e-03 -5.602584e-03 
 1.330000e+04  5.924225e+00 -9.361011e-03  9.222231e-03 -5.633081e-03 
 1.335000e+04  6.038982e+00 -9.408264e-03  9.267949e-03 -5.663754e-03 
 1.340000e+04  6.153740e+00 -9.454813e-03  9.312872e-03 -5.694108e-03 
 1.345000e+04  6.268497e+00 -9.500615e-03  9.357044e-03 -5.724204e-03 
 1.350000e+04  6.383254e+00 -9.545964e-03  9.400811e-03 -5.754116e-03 
 1.355000e+04  6.498012e+00 -9.590818e-03  9.444280e-03 -5.783778e-03 
 1.360000e+04  6.612769e+00 -9.635052e-03  9.487335e-03 -5.812982e-03 
 1.365000e+04  6.734171e+00 -9.681393e-03  9.532461e-03 -5.843426e-03 
 1.370000e+04  6.865499e+00 -9.731298e-03  9.581076e-03 -5.876023e-03 
 1.375000e+04  6.998345e+00 -9.781290e-03  9.629614e-03 -5.908578e-03 
 1.380000e+04  7.131192e+00 -9.830596e-03  9.677210e-03 -5.940640e-03 
 1.385000e+04  7.266695e+00 -9.880354e-03  9.725064e-03 -5.973064e-03 
 1.390000e+04  7.406183e+00 -9.931079e-03  9.773817e-03 -6.006279e-03 
 1.395000e+04  7.545672e+00 -9.980864e-03  9.821870e-03 -6.039126e-03 
 1.400000e+04  7.685160e+00 -1.002987e-02  9.869428e-03 -6.071495e-03 
 1.405000e+04  7.828415e+00 -1.007985e-02  9.918140e-03 -6.104449e-03 
 1.410000e+04  7.974877e+00 -1.013049e-02  9.967705e-03 -6.137716e-03 
 1.415000e+04  8.121340e+00 -1.018044e-02  1.001661e-02 -6.170371e-03 
 1.420000e+04  8.273662e+00 -1.023207e-02  1.006678e-02 -6.203898e-03 
 1.425000e+04  8.427448e+00 -1.028388e-02  1.011678e-02 -6.237547e-03 
 1.430000e+04  8.581234e+00 -1.033483e-02  1.016584e-02 -6.270887e-03 
 1.435000e+04  8.735020e+00 -1.038496e-02  1.021412e-02 -6.303895e-03 
 1.440000e+04  8.894650e+00 -1.043666e-02  1.026388e-02 -6.337849e-03 
 1.445000e+04  9.056125e+00 -1.048855e-02  1.031388e-02 -6.371844e-03 
 1.450000e+04  9.217600e+00 -1.053971e-02  1.036335e-02 -6.405290e-03 
 1.455000e+04  9.383920e+00 -1.059185e-02  1.041392e-02 -6.439173e-03 
 1.460000e+04  9.561268e+00 -1.064712e-02  1.046745e-02 -6.474961e-03 
 1.465000e+04  9.739295e+00 -1.070191e-02  1.052040e-02 -6.510555e-03 
 1.470000e+04  9.917321e+00 -1.075594e-02  1.057236e-02 -6.545728e-03 
 1.475000e+04  1.010282e+01 -1.081169e-02  1.062572e-02 -6.582088e-03 
 1.480000e+04  1.028975e+01 -1.086734e-02  1.067890e-02 -6.618440e-03 
 1.485000e+04  1.047668e+01 -1.092215e-02  1.073143e-02 -6.654271e-03 
 1.490000e+04  1.066417e+01 -1.097643e-02  1.078364e-02 -6.689675e-03 
 1.495000e+04  1.086044e+01 -1.103279e-02  1.083805e-02 -6.726338e-03 
 1.500000e+04  1.105672e+01 -1.108854e-02  1.089209e-02 -6.762571e-03 
 1.505000e+04  1.125299e+01 -1.114353e-02  1.094542e-02 -6.798287e-03 
 1.510000e+04  1.146797e+01 -1.120317e-02  1.100309e-02 -6.836976e-03 
 1.515000e+04  1.168436e+01 -1.126268e-02  1.106033e-02 -6.875667e-03 
 1.520000e+04  1.190076e+01 -1.132130e-02  1.111658e-02 -6.913958e-03 
 1.525000e+04  1.212018e+01 -1.137990e-02  1.117273e-02 -6.952255e-03 
 1.530000e+04  1.234739e+01 -1.144016e-02  1.123044e-02 -6.991465e-03 
 1.535000e+04  1.257460e+01 -1.149986e-02  1.128770e-02 -7.030175e-03 
 1.540000e+04  1.280181e+01 -1.155870e-02  1.134431e-02 -7.068313e-03 
 1.545000e+04  1.304010e+01 -1.161970e-02  1.140306e-02 -7.107719e-03 
 1.550000e+04  1.329060e+01 -1.168322e-02  1.146437e-02 -7.148847e-03 
 1.555000e+04  1.354110e+01 -1.174592e-02  1.152468e-02 -7.189546e-03 
 1.560000e+04  1.379311e+01 -1.180809e-02  1.158426e-02 -7.229938e-03 
 1.565000e+04  1.405614e+01 -1.187243e-02  1.164571e-02 -7.271683e-03 
 1.570000e+04  1.431916e+01 -1.193617e-02  1.170643e-02 -7.312941e-03 
 1.575000e+04  1.458219e+01 -1.199898e-02  1.176630e-02 -7.353562e-03 
 1.580000e+04  1.485126e+01 -1.206248e-02  1.182693e-02 -7.394563e-03 
 1.585000e+04  1.512744e+01 -1.212707e-02  1.188879e-02 -7.436196e-03 
 1.590000e+04  1.540362e+01 -1.219081e-02  1.194996e-02 -7.477303e-03 
 1.595000e+04  1.568532e+01 -1.225482e-02  1.201148e-02 -7.518725e-03 
 1.600000e+04  1.598894e+01 -1.232312e-02  1.207706e-02 -7.562922e-03 
 1.605000e+04  1.629342e+01 -1.239089e-02  1.214195e-02 -7.606773e-03 
 1.610000e+04  1.659791e+01 -1.245772e-02  1.220574e-02 -7.650032e-03 
 1.615000e+04  1.690970e+01 -1.252536e-02  1.227016e-02 -7.693663e-03 
 1.620000e+04  1.722941e+01 -1.259413e-02  1.233562e-02 -7.737879e-03 
 1.625000e+04  1.754912e+01 -1.266204e-02  1.240042e-02 -7.781540e-03 
 1.630000e+04  1.786883e+01 -1.272896e-02  1.246431e-02 -7.824572e-03 
 1.635000e+04  1.820526e+01 -1.279856e-02  1.253090e-02 -7.869343e-03 
 1.640000e+04  1.855774e+01 -1.287065e-02  1.259991e-02 -7.915852e-03 
 1.645000e+04  1.891022e+01 -1.294174e-02  1.266782e-02 -7.961693e-03 
 1.650000e+04  1.927086e+01 -1.301357e-02  1.273629e-02 -8.007900e-03 
 1.655000e+04  1.965947e+01 -1.309037e-02  1.280918e-02 -8.057111e-03 
 1.660000e+04  2.004808e+01 -1.316620e-02  1.288104e-02 -8.105683e-03 
 1.665000e+04  2.043669e+01 -1.324086e-02  1.295178e-02 -8.153484e-03 
 1.670000e+04  2.082530e+01 -1.331455e-02  1.302170e-02 -8.200653e-03 
 1.675000e+04  2.121391e+01 -1.338742e-02  1.309093e-02 -8.247319e-03 
 1.680000e+04  2.160252e+01 -1.345916e-02  1.315931e-02 -8.293391e-03 
 1.685000e+04  2.200016e+01 -1.353166e-02  1.322838e-02 -8.339842e-03 
 1.690000e+04  2.242861e+01 -1.360911e-02  1.330195e-02 -8.389341e-03 
 1.695000e+04  2.285705e+01 -1.368557e-02  1.337455e-02 -8.438275e-03 
 1.700000e+04  2.328549e+01 -1.376088e-02  1.344595e-02 -8.486416e-03 
 1.705000e+04  2.372679e+01 -1.383759e-02  1.351848e-02 -8.535309e-03 
 1.710000e+04  2.417665e+01 -1.391495e-02  1.359158e-02 -8.584578e-03 
 1.715000e+04  2.462651e+01 -1.399114e-02  1.366367e-02 -8.633253e-03 
 1.720000e+04  2.507683e+01 -1.406634e-02  1.373494e-02 -8.681263e-03 
 1.725000e+04  2.554919e+01 -1.414436e-02  1.380896e-02 -8.731028e-03 
 1.730000e+04  2.602154e+01 -1.422150e-02  1.388207e-02 -8.780168e-03 
 1.735000e+04  2.649390e+01 -1.429758e-02  1.395408e-02 -8.828547e-03 
 1.740000e+04  2.699694e+01 -1.437770e-02  1.402963e-02 -8.879364e-03 
 1.745000e+04  2.751771e+01 -1.445986e-02  1.410693e-02 -8.931428e-03 
 1.750000e+04  2.803849e+01 -1.454076e-02  1.418304e-02 -8.982789e-03 
 1.755000e+04  2.855926e+01 -1.462046e-02  1.425797e-02 -9.033377e-03 
 1.760000e+04  2.910451e+01 -1.470297e-02  1.433553e-02 -9.085632e-03 
 1.765000e+04  2.965132e+01 -1.478467e-02  1.441247e-02 -9.137381e-03 
 1.770000e+04  3.019814e+01 -1.486513e-02  1.448836e-02 -9.188348e-03 
 1.775000e+04  3.077275e+01 -1.494864e-02  1.456708e-02 -9.241155e-03 
 1.780000e+04  3.137561e+01 -1.503536e-02  1.464872e-02 -9.295934e-03 
 1.785000e+04  3.197848e+01 -1.512075e-02  1.472902e-02 -9.349959e-03 
 1.790000e+04  3.258676e+01 -1.520567e-02  1.480865e-02 -9.403534e-03 
 1.795000e+04  3.323749e+01 -1.529552e-02  1.489277e-02 -9.460101e-03 
 1.800000e+04  3.390215e+01 -1.538605e-02  1.497758e-02 -9.517145e-03 
 1.805000e+04  3.456680e+01 -1.547501e-02  1.506104e-02 -9.573253e-03 
 1.810000e+04  3.524009e+01 -1.556389e-02  1.514446e-02 -9.629205e-03 
 1.815000e+04  3.593798e+01 -1.565488e-02  1.522990e-02 -9.686498e-03 
 1.820000e+04  3.663587e+01 -1.574446e-02  1.531413e-02 -9.742899e-03 
 1.825000e+04  3.733375e+01 -1.583278e-02  1.539701e-02 -9.798355e-03 
 1.830000e+04  3.806873e+01 -1.592474e-02  1.548307e-02 -9.856019e-03 
 1.835000e+04  3.883816e+01 -1.601983e-02  1.557178e-02 -9.915609e-03 
 1.840000e+04  3.960758e+01 -1.611339e-02  1.565896e-02 -9.974204e-03 
 1.845000e+04  4.037700e+01 -1.620567e-02  1.574479e-02 -1.003184e-02 
 1.850000e+04  4.118335e+01 -1.630115e-02  1.583355e-02 -1.009145e-02 
 1.855000e+04  4.199124e+01 -1.639533e-02  1.592118e-02 -1.015026e-02 
 1.860000e+04  4.279913e+01 -1.648805e-02  1.600749e-02 -1.020805e-02 
 1.865000e+04  4.364257e+01 -1.658368e-02  1.609635e-02 -1.026758e-02 
 1.870000e+04  4.453327e+01 -1.668330e-02  1.618892e-02 -1.032962e-02 
 1.875000e+04  4.542397e+01 -1.678127e-02  1.627992e-02 -1.039058e-02 
 1.880000e+04  4.632625e+01 -1.687913e-02  1.637049e-02 -1.045125e-02 
 1.885000e+04  4.726149e+01 -1.697923e-02  1.646299e-02 -1.051330e-02 
 1.890000e+04  4.819672e+01 -1.707759e-02  1.655407e-02 -1.057447e-02 
 1.895000e+04  4.913196e+01 -1.717433e-02  1.664373e-02 -1.063449e-02 
 1.900000e+04  5.011115e+01 -1.727429e-02  1.673636e-02 -1.069642e-02 
 1.905000e+04  5.109314e+01 -1.737313e-02  1.682799e-02 -1.075765e-02 
 1.910000e+04  5.207514e+01 -1.747033e-02  1.691814e-02 -1.081786e-02 
 1.915000e+04  5.312416e+01 -1.757274e-02  1.701288e-02 -1.088110e-02 
 1.920000e+04  5.420681e+01 -1.767707e-02  1.710920e-02 -1.094543e-02 
 1.925000e+04  5.528946e+01 -1.777970e-02  1.720384e-02 -1.100878e-02 
 1.930000e+04  5.637536e+01 -1.788098e-02  1.729697e-02 -1.107120e-02 
 1.935000e+04  5.754170e+01 -1.798829e-02  1.739548e-02 -1.113715e-02 
 1.940000e+04  5.873533e+01 -1.809654e-02  1.749487e-02 -1.120363e-02 
 1.945000e+04  5.992895e+01 -1.820291e-02  1.759251e-02 -1.126889e-02 
 1.950000e+04  6.117354e+01 -1.831204e-02  1.769257e-02 -1.133576e-02 
 1.955000e+04  6.248951e+01 -1.842586e-02  1.779671e-02 -1.140542e-02 
 1.960000e+04  6.380548e+01 -1.853769e-02  1.789898e-02 -1.147386e-02 
 1.965000e+04  6.512145e+01 -1.864759e-02  1.799927e-02 -1.154094e-02 
 1.970000e+04  6.650322e+01 -1.876131e-02  1.810277e-02 -1.161025e-02 
 1.975000e+04  6.788499e+01 -1.887312e-02  1.820456e-02 -1.167846e-02 
 1.980000e+04  6.926676e+01 -1.898288e-02  1.830452e-02 -1.174533e-02 
 1.985000e+04  7.075147e+01 -1.909900e-02  1.841018e-02 -1.181595e-02 
 1.990000e+04  7.227487e+01 -1.921627e-02  1.851692e-02 -1.188727e-02 
 1.995000e+04  7.379827e+01 -1.933130e-02  1.862169e-02 -1.195728e-02 
 2.000000e+04  7.534604e+01 -1.944609e-02  1.872610e-02 -1.202700e-02 
 2.005000e+04  7.702239e+01 -1.956853e-02  1.883724e-02 -1.210125e-02 
 2.010000e+04  7.870194e+01 -1.968909e-02  1.894661e-02 -1.217436e-02 
 2.015000e+04  8.038149e+01 -1.980736e-02  1.905375e-02 -1.224596e-02 
 2.020000e+04  8.212990e+01 -1.992847e-02  1.916309e-02 -1.231908e-02 
 2.025000e+04  8.397631e+01 -2.005424e-02  1.927658e-02 -1.239502e-02 
 2.030000e+04  8.582801e+01 -2.017799e-02  1.938821e-02 -1.246968e-02 
 2.035000e+04  8.771499e+01 -2.030173e-02  1.949967e-02 -1.254415e-02 
 2.040000e+04  8.975649e+01 -2.043339e-02  1.961806e-02 -1.262336e-02 
 2.045000e+04  9.179799e+01 -2.056258e-02  1.973410e-02 -1.270107e-02 
 2.050000e+04  9.383949e+01 -2.068920e-02  1.984762e-02 -1.277708e-02 
 2.055000e+04  9.600307e+01 -2.082097e-02  1.996547e-02 -1.285599e-02 
 2.060000e+04  9.825383e+01 -2.095563e-02  2.008579e-02 -1.293663e-02 
 2.065000e+04  1.005046e+02 -2.108752e-02  2.020355e-02 -1.301554e-02 
 2.070000e+04  1.027846e+02 -2.121842e-02  2.032024e-02 -1.309372e-02 
 2.075000e+04  1.052306e+02 -2.135625e-02  2.044309e-02 -1.317607e-02 
 2.080000e+04  1.077121e+02 -2.149325e-02  2.056532e-02 -1.325795e-02 
 2.085000e+04  1.101935e+02 -2.162733e-02  2.068483e-02 -1.333789e-02 
 2.090000e+04  1.128853e+02 -2.177007e-02  2.081176e-02 -1.342284e-02 
 2.095000e+04  1.156211e+02 -2.191229e-02  2.093813e-02 -1.350755e-02 
 2.100000e+04  1.183569e+02 -2.205128e-02  2.106150e-02 -1.359026e-02 
 2.105000e+04  1.211984e+02 -2.219261e-02  2.118668e-02 -1.367418e-02 
 2.110000e+04  1.242147e+02 -2.233989e-02  2.131693e-02 -1.376155e-02 
 2.115000e+04  1.272309e+02 -2.248400e-02  2.144426e-02 -1.384700e-02 
 2.120000e+04  1.302471e+02 -2.262491e-02  2.156855e-02 -1.393034e-02 
 2.125000e+04  1.335440e+02 -2.277580e-02  2.170143e-02 -1.401952e-02 
 2.130000e+04  1.368694e+02 -2.292485e-02  2.183261e-02 -1.410764e-02 
 2.135000e+04  1.401948e+02 -2.307050e-02  2.196060e-02 -1.419361e-02 
 2.140000e+04  1.436615e+02 -2.321907e-02  2.209079e-02 -1.428112e-02 
 2.145000e+04  1.473278e+02 -2.337302e-02  2.222553e-02 -1.437181e-02 
 2.150000e+04  1.509940e+02 -2.352349e-02  2.235709e-02 -1.446037e-02 
 2.155000e+04  1.547042e+02 -2.367223e-02  2.248689e-02 -1.454771e-02 
 2.160000e+04  1.587270e+02 -2.383009e-02  2.262446e-02 -1.464038e-02 
 2.165000e+04  1.627691e+02 -2.398519e-02  2.275955e-02 -1.473149e-02 
 2.170000e+04  1.668111e+02 -2.413653e-02  2.289126e-02 -1.482022e-02 
 2.175000e+04  1.711045e+02 -2.429358e-02  2.302773e-02 -1.491216e-02 
 2.180000e+04  1.755609e+02 -2.445306e-02  2.316623e-02 -1.500562e-02 
 2.185000e+04  1.800172e+02 -2.460865e-02  2.330133e-02 -1.509682e-02 
 2.190000e+04  1.845863e+02 -2.476431e-02  2.343625e-02 -1.518784e-02 
 2.195000e+04  1.894994e+02 -2.492807e-02  2.357800e-02 -1.528354e-02 
 2.200000e+04  1.944125e+02 -2.508797e-02  2.371631e-02 -1.537701e-02 
 2.205000e+04  1.993600e+02 -2.524493e-02  2.385187e-02 -1.546863e-02 
 2.210000e+04  2.048064e+02 -2.541372e-02  2.399739e-02 -1.556703e-02 
 2.215000e+04  2.104940e+02 -2.558605e-02  2.414580e-02 -1.566757e-02 
 2.220000e+04  2.161815e+02 -2.575402e-02  2.429016e-02 -1.576544e-02 
 2.225000e+04  2.218691e+02 -2.591763e-02  2.443038e-02 -1.586053e-02 
 2.230000e+04  2.278182e+02 -2.608456e-02  2.457310e-02 -1.595751e-02 
 2.235000e+04  2.337902e+02 -2.624790e-02  2.471266e-02 -1.605244e-02 
 2.240000e+04  2.400968e+02 -2.641600e-02  2.485618e-02 -1.615007e-02 
 2.245000e+04  2.466809e+02 -2.658758e-02  2.500255e-02 -1.624970e-02 
 2.250000e+04  2.532649e+02 -2.675490e-02  2.514527e-02 -1.634692e-02 
 2.255000e+04  2.598489e+02 -2.691764e-02  2.528407e-02 -1.644141e-02 
 2.260000e+04  2.671576e+02 -2.709359e-02  2.543409e-02 -1.654351e-02 
 2.265000e+04  2.747794e+02 -2.727270e-02  2.558684e-02 -1.664759e-02 
 2.270000e+04  2.824013e+02 -2.744701e-02  2.573532e-02 -1.674895e-02 
 2.275000e+04  2.900232e+02 -2.761657e-02  2.587935e-02 -1.684740e-02 
 2.280000e+04  2.976831e+02 -2.778242e-02  2.602001e-02 -1.694359e-02 
 2.285000e+04  3.056861e+02 -2.795122e-02  2.616305e-02 -1.704144e-02 
 2.290000e+04  3.140900e+02 -2.812395e-02  2.630935e-02 -1.714152e-02 
 2.295000e+04  3.229132e+02 -2.830112e-02  2.645934e-02 -1.724425e-02 
 2.300000e+04  3.317365e+02 -2.847385e-02  2.660538e-02 -1.734448e-02 
 2.305000e+04  3.405597e+02 -2.864179e-02  2.674716e-02 -1.744183e-02 
 2.310000e+04  3.493830e+02 -2.880508e-02  2.688476e-02 -1.753637e-02 
 2.315000e+04  3.585327e+02 -2.897004e-02  2.702358e-02 -1.763193e-02 
 2.320000e+04  3.677971e+02 -2.913306e-02  2.716057e-02 -1.772622e-02 
 2.325000e+04  3.770615e+02 -2.929218e-02  2.729383e-02 -1.781828e-02 
 2.330000e+04  3.865761e+02 -2.945171e-02  2.742756e-02 -1.791069e-02 
 2.335000e+04  3.963037e+02 -2.961095e-02  2.756138e-02 -1.800286e-02 
 2.340000e+04  4.060313e+02 -2.976618e-02  2.769167e-02 -1.809264e-02 
 2.345000e+04  4.157784e+02 -2.991783e-02  2.781901e-02 -1.818040e-02 
 2.350000e+04  4.259924e+02 -3.007305e-02  2.794951e-02 -1.827029e-02 
 2.355000e+04  4.362065e+02 -3.022476e-02  2.807699e-02 -1.835801e-02 
 2.360000e+04  4.464205e+02 -3.037300e-02  2.820138e-02 -1.844368e-02 
 2.365000e+04  4.569205e+02 -3.052207e-02  2.832638e-02 -1.852993e-02 
 2.370000e+04  4.676452e+02 -3.067108e-02  2.845128e-02 -1.861627e-02 
 2.375000e+04  4.783699e+02 -3.081678e-02  2.857310e-02 -1.870082e-02 
 2.380000e+04  4.890946e+02 -3.095927e-02  2.869210e-02 -1.878376e-02 
 2.385000e+04  4.998193e+02 -3.109880e-02  2.880863e-02 -1.886521e-02 
 2.390000e+04  5.105441e+02 -3.123559e-02  2.892257e-02 -1.894519e-02 
 2.395000e+04  5.215476e+02 -3.137318e-02  2.903682e-02 -1.902581e-02 
 2.400000e+04  5.328086e+02 -3.151138e-02  2.915147e-02 -1.910705e-02 
 2.405000e+04  5.440695e+02 -3.164698e-02  2.926358e-02 -1.918686e-02 
 2.410000e+04  5.553305e+02 -3.177990e-02  2.937320e-02 -1.926529e-02 
 2.415000e+04  5.665914e+02 -3.191028e-02  2.948057e-02 -1.934245e-02 
 2.420000e+04  5.778524e+02 -3.203844e-02  2.958602e-02 -1.941832e-02 
 2.425000e+04  5.891509e+02 -3.216494e-02  2.968991e-02 -1.949309e-02 
 2.430000e+04  6.007250e+02 -3.229262e-02  2.979435e-02 -1.956841e-02 
 2.435000e+04  6.122991e+02 -3.241863e-02  2.989707e-02 -1.964258e-02 
 2.440000e+04  6.238731e+02 -3.254310e-02  2.999824e-02 -1.971556e-02 
 2.445000e+04  6.354472e+02 -3.266589e-02  3.009794e-02 -1.978751e-02 
 2.450000e+04  6.470213e+02 -3.278687e-02  3.019631e-02 -1.985850e-02 
 2.455000e+04  6.585954e+02 -3.290613e-02  3.029359e-02 -1.992854e-02 
 2.460000e+04  6.701694e+02 -3.302378e-02  3.038997e-02 -1.999779e-02 
 2.465000e+04  6.817435e+02 -3.313986e-02  3.048567e-02 -2.006630e-02 
 2.470000e+04  6.933176e+02 -3.325450e-02  3.058070e-02 -2.013404e-02 
 2.475000e+04  7.048917e+02 -3.336803e-02  3.067469e-02 -2.020108e-02 
 2.480000e+04  7.164657e+02 -3.348038e-02  3.076779e-02 -2.026739e-02 
 2.485000e+04  7.280398e+02 -3.359148e-02  3.086004e-02 -2.033293e-02 
 2.490000e+04  7.396139e+02 -3.370146e-02  3.095122e-02 -2.039756e-02 
 2.495000e+04  7.511880e+02 -3.381030e-02  3.104132e-02 -2.046119e-02 
 2.500000e+04  7.627620e+02 -3.391791e-02  3.113035e-02 -2.052388e-02 
 2.505000e+04  7.743361e+02 -3.402424e-02  3.121857e-02 -2.058590e-02 
 2.510000e+04  7.859102e+02 -3.412936e-02  3.130639e-02 -2.064709e-02 
 2.515000e+04  7.974842e+02 -3.423334e-02  3.139361e-02 -2.070758e-02 
 2.520000e+04  8.090583e+02 -3.433604e-02  3.148015e-02 -2.076731e-02 
 2.525000e+04  8.206324e+02 -3.443737e-02  3.156582e-02 -2.082642e-02 
 2.530000e+04  8.322065e+02 -3.453744e-02  3.165070e-02 -2.088493e-02 
 2.535000e+04  8.437805e+02 -3.463632e-02  3.173485e-02 -2.094276e-02 
 2.540000e+04  8.553546e+02 -3.473405e-02  3.181819e-02 -2.099994e-02 
 2.545000e+04  8.669287e+02 -3.483066e-02  3.190052e-02 -2.105633e-02 
 2.550000e+04  8.785028e+02 -3.492620e-02  3.198175e-02 -2.111200e-02 
 2.555000e+04  8.900768e+02 -3.502063e-02  3.206176e-02 -2.116691e-02 
 2.560000e+04  9.016509e+02 -3.511401e-02  3.214055e-02 -2.122107e-02 
 2.565000e+04  9.132250e+02 -3.520636e-02  3.221822e-02 -2.127455e-02 
 2.570000e+04  9.247991e+02 -3.529776e-02  3.229497e-02 -2.132748e-02 
 2.575000e+04  9.363731e+02 -3.538827e-02  3.237101e-02 -2.138000e-02 
 2.580000e+04  9.479472e+02 -3.547797e-02  3.244628e-02 -2.143197e-02 
 2.585000e+04  9.595213e+02 -3.556680e-02  3.252056e-02 -2.148328e-02 
 2.590000e+04  9.710954e+02 -3.565468e-02  3.259389e-02 -2.153402e-02 
 2.595000e+04  9.826694e+02 -3.574156e-02  3.266632e-02 -2.158429e-02 
 2.600000e+04  9.942435e+02 -3.582749e-02  3.273783e-02 -2.163397e-02 
 2.605000e+04  1.005818e+03 -3.591259e-02  3.280847e-02 -2.168303e-02 
 2.610000e+04  1.017392e+03 -3.599677e-02  3.287831e-02 -2.173156e-02 
 2.615000e+04  1.028966e+03 -3.607999e-02  3.294752e-02 -2.177958e-02 
 2.620000e+04  1.040540e+03 -3.616238e-02  3.301602e-02 -2.182715e-02 
 2.625000e+04  1.052114e+03 -3.624385e-02  3.308376e-02 -2.187423e-02 
 2.630000e+04  1.063688e+03 -3.632451e-02  3.315083e-02 -2.192087e-02 
 2.635000e+04  1.075262e+03 -3.640439e-02  3.321730e-02 -2.196712e-02 
 2.640000e+04  1.086836e+03 -3.648350e-02  3.328321e-02 -2.201299e-02 
 2.645000e+04  1.098410e+03 -3.656184e-02  3.334837e-02 -2.205842e-02 
 2.650000e+04  1.109984e+03 -3.663942e-02  3.341273e-02 -2.210341e-02 
 2.655000e+04  1.121558e+03 -3.671626e-02  3.347630e-02 -2.214802e-02 
 2.660000e+04  1.133132e+03 -3.679233e-02  3.353927e-02 -2.219222e-02 
 2.665000e+04  1.144706e+03 -3.686771e-02  3.360158e-02 -2.223596e-02 
 2.670000e+04  1.156281e+03 -3.694243e-02  3.366324e-02 -2.227929e-02 
 2.675000e+04  1.167855e+03 -3.701646e-02  3.372431e-02 -2.232222e-02 
 2.680000e+04  1.179429e+03 -3.708986e-02  3.378485e-02 -2.236479e-02 
 2.685000e+04  1.191003e+03 -3.716265e-02  3.384492e-02 -2.240707e-02 
 2.690000e+04  1.202577e+03 -3.723482e-02  3.390451e-02 -2.244893e-02 
 2.695000e+04  1.214151e+03 -3.730631e-02  3.396355e-02 -2.249048e-02 
 2.700000e+04  1.225725e+03 -3.737711e-02  3.402205e-02 -2.253169e-02 
 2.705000e+04  1.237299e+03 -3.744722e-02  3.408011e-02 -2.257254e-02 
 2.710000e+04  1.248873e+03 -3.751667e-02  3.413776e-02 -2.261295e-02 
 2.715000e+04  1.260447e+03 -3.758549e-02  3.419490e-02 -2.265294e-02 
 2.720000e+04  1.272021e+03 -3.765362e-02  3.425153e-02 -2.269257e-02 
 2.725000e+04  1.283595e+03 -3.772105e-02  3.430775e-02 -2.273193e-02 
 2.730000e+04  1.295169e+03 -3.778778e-02  3.436372e-02 -2.277102e-02 
 2.735000e+04  1.306744e+03 -3.785389e-02  3.441943e-02 -2.280980e-02 
 2.740000e+04  1.318318e+03 -3.791944e-02  3.447480e-02 -2.284828e-02 
 2.745000e+04  1.329892e+03 -3.798435e-02  3.452973e-02 -2.288648e-02 
 2.750000e+04  1.341466e+03 -3.804862e-02  3.458405e-02 -2.292433e-02 
 2.755000e+04  1.353040e+03 -3.811234e-02  3.463785e-02 -2.296189e-02 
 2.760000e+04  1.364614e+03 -3.817545e-02  3.469122e-02 -2.299915e-02 
 2.765000e+04  1.376188e+03 -3.823807e-02  3.474423e-02 -2.303610e-02 
 2.770000e+04  1.387762e+03 -3.830026e-02  3.479683e-02 -2.307278e-02 
 2.775000e+04  1.399336e+03 -3.836196e-02  3.484902e-02 -2.310921e-02 
 2.780000e+04  1.410910e+03 -3.842314e-02  3.490080e-02 -2.314537e-02 
 2.785000e+04  1.422484e+03 -3.848385e-02  3.495216e-02 -2.318125e-02 
 2.790000e+04  1.434058e+03 -3.854410e-02  3.500319e-02 -2.321689e-02 
 2.795000e+04  1.445632e+03 -3.860387e-02  3.505389e-02 -2.325230e-02 
 2.800000e+04  1.457206e+03 -3.866319e-02  3.510426e-02 -2.328752e-02 
 2.805000e+04  1.468781e+03 -3.872208e-02  3.515435e-02 -2.332251e-02 
 2.810000e+04  1.480355e+03 -3.878053e-02  3.520412e-02 -2.335726e-02 
 2.815000e+04  1.491929e+03 -3.883859e-02  3.525363e-02 -2.339179e-02 
 2.820000e+04  1.503503e+03 -3.889620e-02  3.530293e-02 -2.342614e-02 
 2.825000e+04  1.515077e+03 -3.895339e-02  3.535194e-02 -2.346029e-02 
 2.830000e+04  1.526651e+03 -3.901019e-02  3.540067e-02 -2.349426e-02 
 2.835000e+04  1.538225e+03 -3.906660e-02  3.544904e-02 -2.352801e-02 
 2.840000e+04  1.549799e+03 -3.912262e-02  3.549715e-02 -2.356157e-02 
 2.845000e+04  1.561373e+03 -3.917829e-02  3.554496e-02 -2.359502e-02 
 2.850000e+04  1.572947e+03 -3.923364e-02  3.559255e-02 -2.362831e-02 
 2.855000e+04  1.584521e+03 -3.928867e-02  3.563988e-02 -2.366143e-02 
 2.860000e+04  1.596095e+03 -3.934341e-02  3.568692e-02 -2.369439e-02 
 2.865000e+04  1.607669e+03 -3.939787e-02  3.573368e-02 -2.372714e-02 
 2.870000e+04  1.619244e+03 -3.945202e-02  3.578021e-02 -2.375969e-02 
 2.875000e+04  1.630818e+03 -3.950591e-02  3.582654e-02 -2.379208e-02 
 2.880000e+04  1.642392e+03 -3.955955e-02  3.587262e-02 -2.382434e-02 
 2.885000e+04  1.653966e+03 -3.961285e-02  3.591844e-02 -2.385646e-02 
 2.890000e+04  1.665540e+03 -3.966585e-02  3.596394e-02 -2.388847e-02 
 2.895000e+04  1.677114e+03 -3.971859e-02  3.600919e-02 -2.392039e-02 
 2.900000e+04  1.688688e+03 -3.977103e-02  3.605421e-02 -2.395214e-02 
 2.905000e+04  1.700262e+03 -3.982314e-02  3.609893e-02 -2.398365e-02 
 2.910000e+04  1.711836e+03 -3.987491e-02  3.614330e-02 -2.401497e-02 
 2.915000e+04  1.723410e+03 -3.992633e-02  3.618740e-02 -2.404613e-02 
 2.920000e+04  1.734984e+03 -3.997740e-02  3.623124e-02 -2.407716e-02 
 2.925000e+04  1.746558e+03 -4.002820e-02  3.627483e-02 -2.410802e-02 
 2.930000e+04  1.758132e+03 -4.007869e-02  3.631813e-02 -2.413868e-02 
 2.935000e+04  1.769706e+03 -4.012887e-02  3.636117e-02 -2.416920e-02 
 2.940000e+04  1.781281e+03 -4.017877e-02  3.640393e-02 -2.419957e-02 
 2.945000e+04  1.792855e+03 -4.022836e-02  3.644644e-02 -2.422977e-02 
 2.950000e+04  1.804429e+03 -4.027768e-02  3.648864e-02 -2.425979e-02 
 2.955000e+04  1.816003e+03 -4.032674e-02  3.653049e-02 -2.428964e-02 
 2.960000e+04  1.827577e+03 -4.037552e-02  3.657203e-02 -2.431935e-02 
 2.965000e+04  1.839151e+03 -4.042406e-02  3.661336e-02 -2.434893e-02 
 2.970000e+04  1.850725e+03 -4.047239e-02  3.665446e-02 -2.437837e-02 
 2.975000e+04  1.862299e+03 -4.052049e-02  3.669528e-02 -2.440767e-02 
 2.980000e+04  1.873873e+03 -4.056837e-02  3.673590e-02 -2.443685e-02 
 2.985000e+04  1.885447e+03 -4.061601e-02  3.677635e-02 -2.446593e-02 
 2.990000e+04  1.897021e+03 -4.066340e-02  3.681660e-02 -2.449487e-02 
 2.995000e+04  1.908595e+03 -4.071056e-02  3.685663e-02 -2.452368e-02 
 3.000000e+04  1.920169e+03 -4.075750e-02  3.689646e-02 -2.455239e-02 
 3.005000e+04  1.931744e+03 -4.080420e-02  3.693609e-02 -2.458097e-02 
 3.010000e+04  1.943318e+03 -4.085065e-02  3.697552e-02 -2.460944e-02 
 3.015000e+04  1.954892e+03 -4.089688e-02  3.701475e-02 -2.463776e-02 
 3.020000e+04  1.966466e+03 -4.094289e-02  3.705377e-02 -2.466593e-02 
 3.025000e+04  1.978040e+03 -4.098866e-02  3.709260e-02 -2.469397e-02 
 3.030000e+04  1.989614e+03 -4.103419e-02  3.713123e-02 -2.472185e-02 
 3.035000e+04  2.001188e+03 -4.107951e-02  3.716966e-02 -2.474962e-02 
 3.040000e+04  2.012762e+03 -4.112461e-02  3.720792e-02 -2.477727e-02 
 3.045000e+04  2.024336e+03 -4.116954e-02  3.724601e-02 -2.480480e-02 
 3.050000e+04  2.035910e+03 -4.121428e-02  3.728392e-02 -2.483220e-02 
 3.055000e+04  2.047484e+03 -4.125886e-02  3.732165e-02 -2.485947e-02 
 3.060000e+04  2.059058e+03 -4.130327e-02  3.735918e-02 -2.488661e-02 
 3.065000e+04  2.070632e+03 -4.134748e-02  3.739649e-02 -2.491361e-02 
 3.070000e+04  2.082206e+03 -4.139146e-02  3.743359e-02 -2.494047e-02 
 3.075000e+04  2.093781e+03 -4.143524e-02  3.747051e-02 -2.496720e-02 
 3.080000e+04  2.105355e+03 -4.147886e-02  3.750728e-02 -2.499382e-02 
 3.085000e+04  2.116929e+03 -4.152228e-02  3.754388e-02 -2.502035e-02 
 3.090000e+04  2.128503e+03 -4.156551e-02  3.758031e-02 -2.504676e-02 
 3.095000e+04  2.140077e+03 -4.160853e-02  3.761659e-02 -2.507306e-02 
 3.100000e+04  2.151651e+03 -4.165139e-02  3.765271e-02 -2.509927e-02 
 3.105000e+04  2.163225e+03 -4.169405e-02  3.768869e-02 -2.512538e-02 
 3.110000e+04  2.174799e+03 -4.173651e-02  3.772448e-02 -2.515136e-02 
 3.115000e+04  2.186373e+03 -4.177877e-02  3.776014e-02 -2.517722e-02 
 3.120000e+04  2.197947e+03 -4.182084e-02  3.779567e-02 -2.520298e-02 
 3.125000e+04  2.209521e+03 -4.186275e-02  3.783107e-02 -2.522865e-02 
 3.130000e+04  2.221095e+03 -4.190448e-02  3.786634e-02 -2.525421e-02 
 3.135000e+04  2.232669e+03 -4.194604e-02  3.790148e-02 -2.527967e-02 
 3.140000e+04  2.244244e+03 -4.198744e-02  3.793648e-02 -2.530504e-02 
 3.145000e+04  2.255818e+03 -4.202864e-02  3.797131e-02 -2.533031e-02 
 3.150000e+04  2.267392e+03 -4.206965e-02  3.800596e-02 -2.535547e-02 
 3.155000e+04  2.278966e+03 -4.211044e-02  3.804046e-02 -2.538053e-02 
 3.160000e+04  2.290540e+03 -4.215104e-02  3.807483e-02 -2.540549e-02 
 3.165000e+04  2.302114e+03 -4.219148e-02  3.810905e-02 -2.543034e-02 
 3.170000e+04  2.313688e+03 -4.223178e-02  3.814312e-02 -2.545509e-02 
 3.175000e+04  2.325262e+03 -4.227196e-02  3.817703e-02 -2.547978e-02 
 3.180000e+04  2.336836e+03 -4.231198e-02  3.821084e-02 -2.550440e-02 
 3.185000e+04  2.348410e+03 -4.235183e-02  3.824453e-02 -2.552893e-02 
 3.190000e+04  2.359984e+03 -4.239152e-02  3.827811e-02 -2.555334e-02 
 3.195000e+04  2.371558e+03 -4.243106e-02  3.831159e-02 -2.557768e-02 
 3.200000e+04  2.383132e+03 -4.247046e-02  3.834494e-02 -2.560194e-02 
 3.205000e+04  2.394706e+03 -4.250973e-02  3.837811e-02 -2.562609e-02 
 3.210000e+04  2.406281e+03 -4.254890e-02  3.841114e-02 -2.565015e-02 
 3.215000e+04  2.417855e+03 -4.258798e-02  3.844405e-02 -2.567412e-02 
 3.220000e+04  2.429429e+03 -4.262698e-02  3.847687e-02 -2.569800e-02 
 3.225000e+04  2.441003e+03 -4.266589e-02  3.850959e-02 -2.572179e-02 
 3.230000e+04  2.452577e+03 -4.270475e-02  3.854221e-02 -2.574550e-02 
 3.235000e+04  2.464151e+03 -4.274354e-02  3.857472e-02 -2.576915e-02 
 3.240000e+04  2.475725e+03 -4.278230e-02  3.860714e-02 -2.579273e-02 
 3.245000e+04  2.487299e+03 -4.282100e-02  3.863945e-02 -2.581622e-02 
 3.250000e+04  2.498873e+03 -4.285966e-02  3.867164e-02 -2.583963e-02 
 3.255000e+04  2.510447e+03 -4.289830e-02  3.870372e-02 -2.586295e-02 
 3.260000e+04  2.522021e+03 -4.293696e-02  3.873568e-02 -2.588621e-02 
 3.265000e+04  2.533595e+03 -4.297566e-02  3.876755e-02 -2.590941e-02 
 3.270000e+04  2.545169e+03 -4.301441e-02  3.879934e-02 -2.593254e-02 
 3.275000e+04  2.556744e+03 -4.305319e-02  3.883104e-02 -2.595561e-02 
 3.280000e+04  2.568318e+03 -4.309200e-02  3.886267e-02 -2.597862e-02 
 3.285000e+04  2.579892e+03 -4.313083e-02  3.889424e-02 -2.600158e-02 
 3.290000e+04  2.591466e+03 -4.316968e-02  3.892572e-02 -2.602450e-02 
 3.295000e+04  2.603040e+03 -4.320855e-02  3.895712e-02 -2.604736e-02 
 3.300000e+04  2.614614e+03 -4.324745e-02  3.898843e-02 -2.607017e-02 
 3.305000e+04  2.626188e+03 -4.328642e-02  3.901967e-02 -2.609293e-02 
 3.310000e+04  2.637762e+03 -4.332546e-02  3.905085e-02 -2.611564e-02 
 3.315000e+04  2.649336e+03 -4.336455e-02  3.908194e-02 -2.613830e-02 
 3.320000e+04  2.660910e+03 -4.340366e-02  3.911293e-02 -2.616092e-02 
 3.325000e+04  2.672484e+03 -4.344271e-02  3.914380e-02 -2.618351e-02 
 3.330000e+04  2.684058e+03 -4.348163e-02  3.917458e-02 -2.620605e-02 
 3.335000e+04  2.695632e+03 -4.352040e-02  3.920527e-02 -2.622854e-02 
 3.340000e+04  2.707206e+03 -4.355907e-02  3.923587e-02 -2.625093e-02 
 3.345000e+04  2.718781e+03 -4.359761e-02  3.926638e-02 -2.627325e-02 
 3.350000e+04  2.730355e+03 -4.363601e-02  3.929681e-02 -2.629552e-02 
 3.355000e+04  2.741929e+03 -4.367422e-02  3.932715e-02 -2.631775e-02 
 3.360000e+04  2.753503e+03 -4.371224e-02  3.935743e-02 -2.633993e-02 
 3.365000e+04  2.765077e+03 -4.375004e-02  3.938762e-02 -2.636205e-02 
 3.370000e+04  2.776651e+03 -4.378762e-02  3.941776e-02 -2.638410e-02 
 3.375000e+04  2.788225e+03 -4.382496e-02  3.944782e-02 -2.640605e-02 
 3.380000e+04  2.799799e+03 -4.386207e-02  3.947781e-02 -2.642794e-02 
 3.385000e+04  2.811373e+03 -4.389884e-02  3.950772e-02 -2.644977e-02 
 3.390000e+04  2.822947e+03 -4.393535e-02  3.953757e-02 -2.647148e-02 
 3.395000e+04  2.834521e+03 -4.397163e-02  3.956735e-02 -2.649309e-02 
 3.400000e+04  2.846095e+03 -4.400772e-02  3.959707e-02 -2.651460e-02 
 3.405000e+04  2.857669e+03 -4.404382e-02  3.962673e-02 -2.653599e-02 
 3.410000e+04  2.869244e+03 -4.407991e-02  3.965636e-02 -2.655720e-02 
 3.415000e+04  2.880818e+03 -4.411591e-02  3.968574e-02 -2.657854e-02 
 3.420000e+04  2.892392e+03 -4.415167e-02  3.971499e-02 -2.659998e-02 
 3.425000e+04  2.903966e+03 -4.418707e-02  3.974427e-02 -2.662141e-02 
 3.430000e+04  2.915540e+03 -4.422245e-02  3.977359e-02 -2.664273e-02 
 3.435000e+04  2.927114e+03 -4.425777e-02  3.980295e-02 -2.666393e-02 
 3.440000e+04  2.938688e+03 -4.429309e-02  3.983220e-02 -2.668499e-02 
 3.445000e+04  2.950262e+03 -4.432821e-02  3.986128e-02 -2.670603e-02 
 3.450000e+04  2.961836e+03 -4.436291e-02  3.989025e-02 -2.672697e-02 
 3.455000e+04  2.973410e+03 -4.439731e-02  3.991912e-02 -2.674775e-02 
 3.460000e+04  2.984984e+03 -4.443168e-02  3.994781e-02 -2.676850e-02 
 3.465000e+04  2.996558e+03 -4.446614e-02  3.997648e-02 -2.678933e-02 
 3.470000e+04  3.008132e+03 -4.450069e-02  4.000513e-02 -2.681029e-02 
 3.475000e+04  3.019706e+03 -4.453517e-02  4.003381e-02 -2.683120e-02 
 3.480000e+04  3.031281e+03 -4.456938e-02  4.006251e-02 -2.685191e-02 
 3.485000e+04  3.042855e+03 -4.460331e-02  4.009126e-02 -2.687256e-02 
 3.490000e+04  3.054429e+03 -4.463694e-02  4.012011e-02 -2.689326e-02 
 3.495000e+04  3.066003e+03 -4.467040e-02  4.014881e-02 -2.691389e-02 
 3.500000e+04  3.077577e+03 -4.470383e-02  4.017736e-02 -2.693455e-02 
 3.505000e+04  3.089151e+03 -4.473717e-02  4.020593e-02 -2.695523e-02 
 3.510000e+04  3.100725e+03 -4.477049e-02  4.023450e-02 -2.697588e-02 
 3.515000e+04  3.112299e+03 -4.480366e-02  4.026310e-02 -2.699638e-02 
 3.520000e+04  3.123873e+03 -4.483669e-02  4.029176e-02 -2.701686e-02 
 3.525000e+04  3.135447e+03 -4.486954e-02  4.032038e-02 -2.703738e-02 
 3.530000e+04  3.147021e+03 -4.490232e-02  4.034895e-02 -2.705773e-02 
 3.535000e+04  3.158595e+03 -4.493511e-02  4.037755e-02 -2.707800e-02 
 3.540000e+04  3.170169e+03 -4.496779e-02  4.040625e-02 -2.709819e-02 
 3.545000e+04  3.181744e+03 -4.500036e-02  4.043487e-02 -2.711826e-02 
 3.550000e+04  3.193318e+03 -4.503311e-02  4.046363e-02 -2.713850e-02 
 3.555000e+04  3.204892e+03 -4.506592e-02  4.049257e-02 -2.715890e-02 
 3.560000e+04  3.216466e+03 -4.509858e-02  4.052167e-02 -2.717934e-02 
 3.565000e+04  3.228040e+03 -4.513112e-02  4.055091e-02 -2.719972e-02 
 3.570000e+04  3.239614e+03 -4.516367e-02  4.058017e-02 -2.721998e-02 
 3.575000e+04  3.251188e+03 -4.519634e-02  4.060942e-02 -2.724009e-02 
 3.580000e+04  3.262762e+03 -4.522903e-02  4.063792e-02 -2.725978e-02 
 3.585000e+04  3.274336e+03 -4.526157e-02  4.066571e-02 -2.727906e-02 
 3.590000e+04  3.285910e+03 -4.529405e-02  4.069391e-02 -2.729856e-02 
 3.595000e+04  3.297484e+03 -4.532636e-02  4.072276e-02 -2.731853e-02 
 3.600000e+04  3.309058e+03 -4.535821e-02  4.075246e-02 -2.733888e-02 
 3.605000e+04  3.320632e+03 -4.539000e-02  4.078276e-02 -2.735943e-02 
 3.610000e+04  3.332206e+03 -4.542202e-02  4.081345e-02 -2.738002e-02 
 3.615000e+04  3.343781e+03 -4.545415e-02  4.084420e-02 -2.740024e-02 
 3.620000e+04  3.355355e+03 -4.548604e-02  4.087476e-02 -2.742012e-02 
 3.625000e+04  3.366929e+03 -4.551765e-02  4.090491e-02 -2.743989e-02 
 3.630000e+04  3.378503e+03 -4.554904e-02  4.093457e-02 -2.745964e-02 
 3.635000e+04  3.390077e+03 -4.558042e-02  4.096374e-02 -2.747910e-02 
 3.640000e+04  3.401651e+03 -4.561189e-02  4.099269e-02 -2.749859e-02 
 3.645000e+04  3.413225e+03 -4.564325e-02  4.102166e-02 -2.751826e-02 
 3.650000e+04  3.424799e+03 -4.567418e-02  4.105072e-02 -2.753815e-02 
 3.655000e+04  3.436373e+03 -4.570502e-02  4.107995e-02 -2.755828e-02 
 3.660000e+04  3.447947e+03 -4.573622e-02  4.110934e-02 -2.757849e-02 
 3.665000e+04  3.459521e+03 -4.576790e-02  4.113874e-02 -2.759849e-02 
 3.670000e+04  3.471095e+03 -4.579995e-02  4.116775e-02 -2.761815e-02 
 3.675000e+04  3.482669e+03 -4.583217e-02  4.119620e-02 -2.763762e-02 
 3.680000e+04  3.494244e+03 -4.586417e-02  4.122411e-02 -2.765709e-02 
 3.685000e+04  3.505818e+03 -4.589577e-02  4.125147e-02 -2.767648e-02 
 3.690000e+04  3.517392e+03 -4.592736e-02  4.127849e-02 -2.769587e-02 
 3.695000e+04  3.528966e+03 -4.595883e-02  4.130550e-02 -2.771535e-02 
 3.700000e+04  3.540540e+03 -4.599017e-02  4.133282e-02 -2.773497e-02 
 3.705000e+04  3.552114e+03 -4.602158e-02  4.136052e-02 -2.775475e-02 
 3.710000e+04  3.563688e+03 -4.605307e-02  4.138857e-02 -2.777457e-02 
 3.715000e+04  3.575262e+03 -4.608439e-02  4.141684e-02 -2.779432e-02 
 3.720000e+04  3.586836e+03 -4.611553e-02  4.144518e-02 -2.781388e-02 
 3.725000e+04  3.598410e+03 -4.614654e-02  4.147332e-02 -2.783318e-02 
 3.730000e+04  3.609984e+03 -4.617729e-02  4.150105e-02 -2.785248e-02 
 3.735000e+04  3.621558e+03 -4.620767e-02  4.152830e-02 -2.787183e-02 
 3.740000e+04  3.633132e+03 -4.623778e-02  4.155553e-02 -2.789131e-02 
 3.745000e+04  3.644706e+03 -4.626782e-02  4.158286e-02 -2.791083e-02 
 3.750000e+04  3.656281e+03 -4.629772e-02  4.161034e-02 -2.793035e-02 
 3.755000e+04  3.667855e+03 -4.632769e-02  4.163782e-02 -2.794981e-02 
 3.760000e+04  3.679429e+03 -4.635775e-02  4.166528e-02 -2.796902e-02 
 3.765000e+04  3.691003e+03 -4.638782e-02  4.169262e-02 -2.798813e-02 
 3.770000e+04  3.702577e+03 -4.641817e-02  4.171972e-02 -2.800727e-02 
 3.775000e+04  3.714151e+03 -4.644875e-02  4.174641e-02 -2.802659e-02 
 3.780000e+04  3.725725e+03 -4.647936e-02  4.177279e-02 -2.804604e-02 
 3.785000e+04  3.737299e+03 -4.650998e-02  4.179891e-02 -2.806554e-02 
 3.790000e+04  3.748873e+03 -4.654061e-02  4.182494e-02 -2.808494e-02 
 3.795000e+04  3.760447e+03 -4.657140e-02  4.185082e-02 -2.810434e-02 
 3.800000e+04  3.772021e+03 -4.660233e-02  4.187675e-02 -2.812362e-02 
 3.805000e+04  3.783595e+03 -4.663339e-02  4.190274e-02 -2.814283e-02 
 3.810000e+04  3.795169e+03 -4.666453e-02  4.192879e-02 -2.816205e-02 
 3.815000e+04  3.806744e+03 -4.669567e-02  4.195502e-02 -2.818126e-02 
 3.820000e+04  3.818318e+03 -4.672636e-02  4.198117e-02 -2.820034e-02 
 3.825000e+04  3.829892e+03 -4.675675e-02  4.200698e-02 -2.821945e-02 
 3.830000e+04  3.841466e+03 -4.678712e-02  4.203265e-02 -2.823865e-02 
 3.835000e+04  3.853040e+03 -4.681735e-02  4.205835e-02 -2.825794e-02 
 3.840000e+04  3.864614e+03 -4.684763e-02  4.208427e-02 -2.827727e-02 
 3.845000e+04  3.876188e+03 -4.687801e-02  4.211034e-02 -2.829663e-02 
 3.850000e+04  3.887762e+03 -4.690844e-02  4.213655e-02 -2.831578e-02 
 3.855000e+04  3.899336e+03 -4.693887e-02  4.216279e-02 -2.833468e-02 
 3.860000e+04  3.910910e+03 -4.696915e-02  4.218892e-02 -2.835351e-02 
 3.865000e+04  3.922484e+03 -4.699922e-02  4.221492e-02 -2.837236e-02 
 3.870000e+04  3.934058e+03 -4.702861e-02  4.224056e-02 -2.839132e-02 
 3.875000e+04  3.945632e+03 -4.705818e-02  4.226586e-02 -2.841012e-02 
 3.880000e+04  3.957206e+03 -4.708791e-02  4.229102e-02 -2.842898e-02 
 3.885000e+04  3.968781e+03 -4.711807e-02  4.231641e-02 -2.844785e-02 
 3.890000e+04  3.980355e+03 -4.714858e-02  4.234177e-02 -2.846682e-02 
 3.895000e+04  3.991929e+03 -4.717925e-02  4.236725e-02 -2.848570e-02 
 3.900000e+04  4.003503e+03 -4.720996e-02  4.239274e-02 -2.850446e-02 
 3.905000e+04  4.015077e+03 -4.724051e-02  4.241809e-02 -2.852307e-02 
 3.910000e+04  4.026651e+03 -4.727075e-02  4.244320e-02 -2.854168e-02 
 3.915000e+04  4.038225e+03 -4.730095e-02  4.246782e-02 -2.856034e-02 
 3.920000e+04  4.049799e+03 -4.733119e-02  4.249230e-02 -2.857898e-02 
 3.925000e+04  4.061373e+03 -4.736145e-02  4.251680e-02 -2.859773e-02 
 3.930000e+04  4.072947e+03 -4.739174e-02  4.254139e-02 -2.861650e-02 
 3.935000e+04  4.084521e+03 -4.742198e-02  4.256609e-02 -2.863528e-02 
 3.940000e+04  4.096095e+03 -4.745222e-02  4.259086e-02 -2.865392e-02 
 3.945000e+04  4.107669e+03 -4.748237e-02  4.261552e-02 -2.867242e-02 
 3.950000e+04  4.119244e+03 -4.751215e-02  4.264030e-02 -2.869086e-02 
 3.955000e+04  4.130818e+03 -4.754159e-02  4.266534e-02 -2.870924e-02 
 3.960000e+04  4.142392e+03 -4.757078e-02  4.269054e-02 -2.872771e-02 
 3.965000e+04  4.153966e+03 -4.759979e-02  4.271572e-02 -2.874629e-02 
 3.970000e+04  4.165540e+03 -4.762876e-02  4.274077e-02 -2.876490e-02 
 3.975000e+04  4.177114e+03 -4.765769e-02  4.276582e-02 -2.878341e-02 
 3.980000e+04  4.188688e+03 -4.768661e-02  4.279066e-02 -2.880188e-02 
 3.985000e+04  4.200262e+03 -4.771565e-02  4.281543e-02 -2.882030e-02 
 3.990000e+04  4.211836e+03 -4.774464e-02  4.284022e-02 -2.883866e-02 
 3.995000e+04  4.223410e+03 -4.777359e-02  4.286510e-02 -2.885704e-02 
 4.000000e+04  4.234984e+03 -4.780243e-02  4.289002e-02 -2.887547e-02 
 4.005000e+04  4.246558e+03 -4.783125e-02  4.291484e-02 -2.889400e-02 
 4.010000e+04  4.258132e+03 -4.786024e-02  4.293950e-02 -2.891260e-02 
 4.015000e+04  4.269706e+03 -4.788934e-02  4.296393e-02 -2.893119e-02 
 4.020000e+04  4.281281e+03 -4.791852e-02  4.298794e-02 -2.894964e-02 
 4.025000e+04  4.292855e+03 -4.794774e-02  4.301171e-02 -2.896802e-02 
 4.030000e+04  4.304429e+03 -4.797699e-02  4.303547e-02 -2.898641e-02 
 4.035000e+04  4.316003e+03 -4.800620e-02  4.305935e-02 -2.900478e-02 
 4.040000e+04  4.327577e+03 -4.803533e-02  4.308335e-02 -2.902311e-02 
 4.045000e+04  4.339151e+03 -4.806428e-02  4.310752e-02 -2.904146e-02 
 4.050000e+04  4.350725e+03 -4.809305e-02  4.313183e-02 -2.905981e-02 
 4.055000e+04  4.362299e+03 -4.812162e-02  4.315624e-02 -2.907821e-02 
 4.060000e+04  4.373873e+03 -4.814994e-02  4.318062e-02 -2.909658e-02 
 4.065000e+04  4.385447e+03 -4.817806e-02  4.320504e-02 -2.911494e-02 
 4.070000e+04  4.397021e+03 -4.820613e-02  4.322951e-02 -2.913329e-02 
 4.075000e+04  4.408595e+03 -4.823413e-02  4.325406e-02 -2.915154e-02 
 4.080000e+04  4.420169e+03 -4.826205e-02  4.327865e-02 -2.916972e-02 
 4.085000e+04  4.431744e+03 -4.828993e-02  4.330303e-02 -2.918784e-02 
 4.090000e+04  4.443318e+03 -4.831765e-02  4.332731e-02 -2.920595e-02 
 4.095000e+04  4.454892e+03 -4.834520e-02  4.335164e-02 -2.922408e-02 
 4.100000e+04  4.466466e+03 -4.837262e-02  4.337603e-02 -2.924227e-02 
 4.105000e+04  4.478040e+03 -4.840011e-02  4.340039e-02 -2.926048e-02 
 4.110000e+04  4.489614e+03 -4.842778e-02  4.342471e-02 -2.927865e-02 
 4.115000e+04  4.501188e+03 -4.845569e-02  4.344893e-02 -2.929677e-02 
 4.120000e+04  4.512762e+03 -4.848380e-02  4.347301e-02 -2.931475e-02 
 4.125000e+04  4.524336e+03 -4.851196e-02  4.349683e-02 -2.933246e-02 
 4.130000e+04  4.535910e+03 -4.854018e-02  4.352038e-02 -2.935021e-02 
 4.135000e+04  4.547484e+03 -4.856832e-02  4.354410e-02 -2.936803e-02 
 4.140000e+04  4.559058e+03 -4.859625e-02  4.356793e-02 -2.938597e-02 
 4.145000e+04  4.570632e+03 -4.862408e-02  4.359180e-02 -2.940394e-02 
 4.150000e+04  4.582206e+03 -4.865190e-02  4.361580e-02 -2.942196e-02 
 4.155000e+04  4.593781e+03 -4.867973e-02  4.363984e-02 -2.943988e-02 
 4.160000e+04  4.605355e+03 -4.870749e-02  4.366385e-02 -2.945768e-02 
 4.165000e+04  4.616929e+03 -4.873505e-02  4.368799e-02 -2.947536e-02 
 4.170000e+04  4.628503e+03 -4.876260e-02  4.371210e-02 -2.949306e-02 
 4.175000e+04  4.640077e+03 -4.878995e-02  4.373599e-02 -2.951070e-02 
 4.180000e+04  4.651651e+03 -4.881713e-02  4.375986e-02 -2.952824e-02 
 4.185000e+04  4.663225e+03 -4.884430e-02  4.378390e-02 -2.954583e-02 
 4.190000e+04  4.674799e+03 -4.887139e-02  4.380806e-02 -2.956345e-02 
 4.195000e+04  4.686373e+03 -4.889829e-02  4.383231e-02 -2.958099e-02 
 4.200000e+04  4.697947e+03 -4.892521e-02  4.385661e-02 -2.959858e-02 
 4.205000e+04  4.709521e+03 -4.895239e-02  4.388097e-02 -2.961625e-02 
 4.210000e+04  4.721095e+03 -4.897965e-02  4.390512e-02 -2.963382e-02 
 4.215000e+04  4.732669e+03 -4.900696e-02  4.392907e-02 -2.965124e-02 
 4.220000e+04  4.744244e+03 -4.903431e-02  4.395298e-02 -2.966868e-02 
 4.225000e+04  4.755818e+03 -4.906165e-02  4.397686e-02 -2.968611e-02 
 4.230000e+04  4.767392e+03 -4.908901e-02  4.400054e-02 -2.970346e-02 
 4.235000e+04  4.778966e+03 -4.911648e-02  4.402404e-02 -2.972077e-02 
 4.240000e+04  4.790540e+03 -4.914391e-02  4.404763e-02 -2.973816e-02 
 4.245000e+04  4.802114e+03 -4.917124e-02  4.407128e-02 -2.975558e-02 
 4.250000e+04  4.813688e+03 -4.919860e-02  4.409490e-02 -2.977298e-02 
 4.255000e+04  4.825262e+03 -4.922597e-02  4.411857e-02 -2.979039e-02 
 4.260000e+04  4.836836e+03 -4.925334e-02  4.414224e-02 -2.980777e-02 
 4.265000e+04  4.848410e+03 -4.928064e-02  4.416587e-02 -2.982506e-02 
 4.270000e+04  4.859984e+03 -4.930780e-02  4.418949e-02 -2.984234e-02 
 4.275000e+04  4.871558e+03 -4.933484e-02  4.421315e-02 -2.985961e-02 
 4.280000e+04  4.883132e+03 -4.936170e-02  4.423684e-02 -2.987685e-02 
 4.285000e+04  4.894706e+03 -4.938842e-02  4.426043e-02 -2.989413e-02 
 4.290000e+04  4.906281e+03 -4.941505e-02  4.428404e-02 -2.991147e-02 
 4.295000e+04  4.917855e+03 -4.944151e-02  4.430773e-02 -2.992879e-02 
 4.300000e+04  4.929429e+03 -4.946803e-02  4.433150e-02 -2.994597e-02 
 4.305000e+04  4.941003e+03 -4.949460e-02  4.435534e-02 -2.996281e-02 
 4.310000e+04  4.952577e+03 -4.952085e-02  4.437922e-02 -2.997972e-02 
 4.315000e+04  4.964151e+03 -4.954687e-02  4.440312e-02 -2.999678e-02 
 4.320000e+04  4.975725e+03 -4.957305e-02  4.442693e-02 -3.001408e-02 
 4.325000e+04  4.987299e+03 -4.959940e-02  4.445066e-02 -3.003170e-02 
 4.330000e+04  4.998873e+03 -4.962600e-02  4.447409e-02 -3.004943e-02 
 4.335000e+04  5.010447e+03 -4.965248e-02  4.449737e-02 -3.006705e-02 
 4.340000e+04  5.022021e+03 -4.967895e-02  4.452068e-02 -3.008446e-02 
 4.345000e+04  5.033595e+03 -4.970562e-02  4.454400e-02 -3.010166e-02 
 4.350000e+04  5.045169e+03 -4.973246e-02  4.456732e-02 -3.011876e-02 
 4.355000e+04  5.056744e+03 -4.975956e-02  4.459056e-02 -3.013586e-02 
 4.360000e+04  5.068318e+03 -4.978676e-02  4.461357e-02 -3.015304e-02 
 4.365000e+04  5.079892e+03 -4.981385e-02  4.463622e-02 -3.017035e-02 
 4.370000e+04  5.091466e+03 -4.984073e-02  4.465880e-02 -3.018771e-02 
 4.375000e+04  5.103040e+03 -4.986746e-02  4.468123e-02 -3.020509e-02 
 4.380000e+04  5.114614e+03 -4.989421e-02  4.470349e-02 -3.022246e-02 
 4.385000e+04  5.126188e+03 -4.992094e-02  4.472588e-02 -3.023974e-02 
 4.390000e+04  5.137762e+03 -4.994761e-02  4.474857e-02 -3.025686e-02 
 4.395000e+04  5.149336e+03 -4.997416e-02  4.477165e-02 -3.027391e-02 
 4.400000e+04  5.160910e+03 -5.000062e-02  4.479497e-02 -3.029092e-02 
 4.405000e+04  5.172484e+03 -5.002697e-02  4.481843e-02 -3.030793e-02 
 4.410000e+04  5.184058e+03 -5.005316e-02  4.484189e-02 -3.032501e-02 
 4.415000e+04  5.195632e+03 -5.007909e-02  4.486531e-02 -3.034200e-02 
 4.420000e+04  5.207206e+03 -5.010486e-02  4.488842e-02 -3.035865e-02 
 4.425000e+04  5.218781e+03 -5.013014e-02  4.491152e-02 -3.037535e-02 
 4.430000e+04  5.230355e+03 -5.015521e-02  4.493484e-02 -3.039218e-02 
 4.435000e+04  5.241929e+03 -5.018067e-02  4.495833e-02 -3.040926e-02 
 4.440000e+04  5.253503e+03 -5.020649e-02  4.498177e-02 -3.042663e-02 
 4.445000e+04  5.265077e+03 -5.023268e-02  4.500506e-02 -3.044397e-02 
 4.450000e+04  5.276651e+03 -5.025905e-02  4.502811e-02 -3.046113e-02 
 4.455000e+04  5.288225e+03 -5.028537e-02  4.505121e-02 -3.047801e-02 
