         Step [creep.tim... Z Displace... Z Displace... X Displace... 
------------- ------------- ------------- ------------- ------------- 
 5.250000e+03  1.276223e-07 -4.629353e-03  4.524540e-03 -2.433365e-03 
 5.300000e+03  3.886505e-06 -4.629617e-03  4.524700e-03 -2.433637e-03 
 5.350000e+03  2.723127e-05 -4.631090e-03  4.525174e-03 -2.434889e-03 
 5.400000e+03  8.231160e-05 -4.632521e-03  4.525827e-03 -2.435786e-03 
 5.450000e+03  1.869509e-04 -4.633154e-03  4.527387e-03 -2.436797e-03 
 5.500000e+03  3.050074e-04 -4.635517e-03  4.530188e-03 -2.439278e-03 
 5.550000e+03  4.230639e-04 -4.639566e-03  4.534490e-03 -2.443121e-03 
 5.600000e+03  5.579728e-04 -4.644947e-03  4.540408e-03 -2.447901e-03 
 5.650000e+03  7.476372e-04 -4.652083e-03  4.548352e-03 -2.453740e-03 
 5.700000e+03  9.573382e-04 -4.658006e-03  4.555495e-03 -2.458723e-03 
 5.750000e+03  1.200899e-03 -4.662707e-03  4.560333e-03 -2.462508e-03 
 5.800000e+03  1.446330e-03 -4.666931e-03  4.563618e-03 -2.465807e-03 
 5.850000e+03  1.691761e-03 -4.672148e-03  4.567842e-03 -2.470244e-03 
 5.900000e+03  1.937192e-03 -4.678969e-03  4.573969e-03 -2.475992e-03 
 5.950000e+03  2.189783e-03 -4.686611e-03  4.582095e-03 -2.482788e-03 
 6.000000e+03  2.533106e-03 -4.696381e-03  4.593467e-03 -2.491845e-03 
 6.050000e+03  2.913850e-03 -4.706286e-03  4.603929e-03 -2.500123e-03 
 6.100000e+03  3.315421e-03 -4.714898e-03  4.612029e-03 -2.506616e-03 
 6.150000e+03  3.735191e-03 -4.722644e-03  4.619043e-03 -2.512181e-03 
 6.200000e+03  4.154961e-03 -4.730224e-03  4.626549e-03 -2.518154e-03 
 6.250000e+03  4.574731e-03 -4.738591e-03  4.635674e-03 -2.525353e-03 
 6.300000e+03  4.994502e-03 -4.748142e-03  4.646420e-03 -2.533858e-03 
 6.350000e+03  5.495689e-03 -4.760156e-03  4.659500e-03 -2.544696e-03 
 6.400000e+03  6.077348e-03 -4.772663e-03  4.672653e-03 -2.555986e-03 
 6.450000e+03  6.680410e-03 -4.783432e-03  4.684014e-03 -2.565585e-03 
 6.500000e+03  7.330992e-03 -4.793671e-03  4.695305e-03 -2.574286e-03 
 6.550000e+03  7.982193e-03 -4.803864e-03  4.706462e-03 -2.582376e-03 
 6.600000e+03  8.633394e-03 -4.814910e-03  4.718490e-03 -2.591060e-03 
 6.650000e+03  9.284596e-03 -4.827026e-03  4.731669e-03 -2.600785e-03 
 6.700000e+03  9.973650e-03 -4.840664e-03  4.746142e-03 -2.612012e-03 
 6.750000e+03  1.076391e-02 -4.855128e-03  4.761198e-03 -2.624438e-03 
 6.800000e+03  1.161580e-02 -4.868548e-03  4.774595e-03 -2.636368e-03 
 6.850000e+03  1.253036e-02 -4.881929e-03  4.787795e-03 -2.647813e-03 
 6.900000e+03  1.344667e-02 -4.894945e-03  4.800852e-03 -2.658294e-03 
 6.950000e+03  1.436297e-02 -4.908119e-03  4.814327e-03 -2.668631e-03 
 7.000000e+03  1.527928e-02 -4.921927e-03  4.828661e-03 -2.679498e-03 
 7.050000e+03  1.622344e-02 -4.937019e-03  4.844523e-03 -2.691115e-03 
 7.100000e+03  1.727913e-02 -4.953602e-03  4.861543e-03 -2.703832e-03 
 7.150000e+03  1.841635e-02 -4.969296e-03  4.877302e-03 -2.716587e-03 
 7.200000e+03  1.964078e-02 -4.984523e-03  4.892727e-03 -2.729640e-03 
 7.250000e+03  2.086871e-02 -4.999148e-03  4.907718e-03 -2.742100e-03 
 7.300000e+03  2.209665e-02 -5.013583e-03  4.922700e-03 -2.754119e-03 
 7.350000e+03  2.332459e-02 -5.028505e-03  4.938166e-03 -2.766158e-03 
 7.400000e+03  2.458206e-02 -5.044441e-03  4.954744e-03 -2.778580e-03 
 7.450000e+03  2.593586e-02 -5.061395e-03  4.972592e-03 -2.791578e-03 
 7.500000e+03  2.730320e-02 -5.077009e-03  4.989211e-03 -2.803850e-03 
 7.550000e+03  2.879008e-02 -5.092756e-03  5.005887e-03 -2.816690e-03 
 7.600000e+03  3.028264e-02 -5.108118e-03  5.022047e-03 -2.829380e-03 
 7.650000e+03  3.177521e-02 -5.123140e-03  5.037775e-03 -2.841797e-03 
 7.700000e+03  3.326777e-02 -5.138142e-03  5.053337e-03 -2.854167e-03 
 7.750000e+03  3.487900e-02 -5.154730e-03  5.070338e-03 -2.867596e-03 
 7.800000e+03  3.660683e-02 -5.172536e-03  5.088279e-03 -2.881501e-03 
 7.850000e+03  3.833466e-02 -5.189559e-03  5.105245e-03 -2.894442e-03 
 7.900000e+03  4.014059e-02 -5.206496e-03  5.122248e-03 -2.907295e-03 
 7.950000e+03  4.204553e-02 -5.223891e-03  5.139902e-03 -2.920626e-03 
 8.000000e+03  4.395046e-02 -5.240904e-03  5.157293e-03 -2.933805e-03 
 8.050000e+03  4.585539e-02 -5.257542e-03  5.174289e-03 -2.947014e-03 
 8.100000e+03  4.792554e-02 -5.275488e-03  5.192423e-03 -2.961399e-03 
 8.150000e+03  5.020131e-02 -5.294865e-03  5.211878e-03 -2.976856e-03 
 8.200000e+03  5.251677e-02 -5.313702e-03  5.230794e-03 -2.991737e-03 
 8.250000e+03  5.483223e-02 -5.331908e-03  5.248976e-03 -3.005815e-03 
 8.300000e+03  5.714769e-02 -5.349902e-03  5.266995e-03 -3.019366e-03 
 8.350000e+03  5.946314e-02 -5.367775e-03  5.285034e-03 -3.032680e-03 
 8.400000e+03  6.177860e-02 -5.385189e-03  5.302864e-03 -3.045970e-03 
 8.450000e+03  6.425257e-02 -5.403184e-03  5.321572e-03 -3.060175e-03 
 8.500000e+03  6.702682e-02 -5.422771e-03  5.342051e-03 -3.075949e-03 
 8.550000e+03  6.984128e-02 -5.441997e-03  5.361947e-03 -3.091364e-03 
 8.600000e+03  7.265573e-02 -5.460648e-03  5.380866e-03 -3.106049e-03 
 8.650000e+03  7.557995e-02 -5.479888e-03  5.400203e-03 -3.120803e-03 
 8.700000e+03  7.853513e-02 -5.499275e-03  5.419721e-03 -3.135464e-03 
 8.750000e+03  8.149031e-02 -5.518336e-03  5.439049e-03 -3.149809e-03 
 8.800000e+03  8.449277e-02 -5.537216e-03  5.458251e-03 -3.164124e-03 
 8.850000e+03  8.764535e-02 -5.556626e-03  5.477995e-03 -3.178988e-03 
 8.900000e+03  9.090343e-02 -5.575990e-03  5.497851e-03 -3.194042e-03 
 8.950000e+03  9.416152e-02 -5.594556e-03  5.516940e-03 -3.208650e-03 
 9.000000e+03  9.758707e-02 -5.613791e-03  5.536509e-03 -3.223665e-03 
 9.050000e+03  1.011791e-01 -5.633977e-03  5.556874e-03 -3.239157e-03 
 9.100000e+03  1.047711e-01 -5.654059e-03  5.576898e-03 -3.254278e-03 
 9.150000e+03  1.084027e-01 -5.673960e-03  5.596607e-03 -3.269106e-03 
 9.200000e+03  1.122988e-01 -5.694946e-03  5.617389e-03 -3.284627e-03 
 9.250000e+03  1.162590e-01 -5.715722e-03  5.638143e-03 -3.300089e-03 
 9.300000e+03  1.202192e-01 -5.735588e-03  5.658255e-03 -3.315219e-03 
 9.350000e+03  1.242389e-01 -5.755164e-03  5.678160e-03 -3.330395e-03 
 9.400000e+03  1.284844e-01 -5.775635e-03  5.699074e-03 -3.346314e-03 
 9.450000e+03  1.328506e-01 -5.796486e-03  5.720426e-03 -3.362369e-03 
 9.500000e+03  1.372342e-01 -5.816974e-03  5.741247e-03 -3.377908e-03 
 9.550000e+03  1.419286e-01 -5.838689e-03  5.762962e-03 -3.394038e-03 
 9.600000e+03  1.467423e-01 -5.860760e-03  5.784815e-03 -3.410230e-03 
 9.650000e+03  1.515560e-01 -5.882212e-03  5.806082e-03 -3.426042e-03 
 9.700000e+03  1.563697e-01 -5.902857e-03  5.826792e-03 -3.441594e-03 
 9.750000e+03  1.613085e-01 -5.923649e-03  5.847882e-03 -3.457537e-03 
 9.800000e+03  1.663628e-01 -5.944655e-03  5.869382e-03 -3.473742e-03 
 9.850000e+03  1.714728e-01 -5.965410e-03  5.890617e-03 -3.489604e-03 
 9.900000e+03  1.771413e-01 -5.988082e-03  5.913577e-03 -3.506669e-03 
 9.950000e+03  1.829923e-01 -6.011420e-03  5.936975e-03 -3.523872e-03 
 1.000000e+04  1.888434e-01 -6.034322e-03  5.959719e-03 -3.540587e-03 
 1.005000e+04  1.946944e-01 -6.056704e-03  5.981740e-03 -3.556982e-03 
 1.010000e+04  2.007561e-01 -6.079507e-03  6.004133e-03 -3.573834e-03 
 1.015000e+04  2.068997e-01 -6.102175e-03  6.026615e-03 -3.590768e-03 
 1.020000e+04  2.130433e-01 -6.124065e-03  6.048717e-03 -3.607418e-03 
 1.025000e+04  2.194425e-01 -6.146281e-03  6.071311e-03 -3.624389e-03 
 1.030000e+04  2.262768e-01 -6.169855e-03  6.095243e-03 -3.642120e-03 
 1.035000e+04  2.333888e-01 -6.194147e-03  6.119888e-03 -3.660035e-03 
 1.040000e+04  2.405008e-01 -6.217993e-03  6.143892e-03 -3.677438e-03 
 1.045000e+04  2.478830e-01 -6.242396e-03  6.168189e-03 -3.695166e-03 
 1.050000e+04  2.553506e-01 -6.266776e-03  6.192322e-03 -3.712973e-03 
 1.055000e+04  2.628182e-01 -6.290538e-03  6.215734e-03 -3.730548e-03 
 1.060000e+04  2.702858e-01 -6.313480e-03  6.238509e-03 -3.747856e-03 
 1.065000e+04  2.781193e-01 -6.337160e-03  6.262208e-03 -3.765746e-03 
 1.070000e+04  2.859602e-01 -6.360675e-03  6.285920e-03 -3.783316e-03 
 1.075000e+04  2.938012e-01 -6.383768e-03  6.309341e-03 -3.800377e-03 
 1.080000e+04  3.023096e-01 -6.408536e-03  6.334335e-03 -3.818378e-03 
 1.085000e+04  3.113865e-01 -6.434810e-03  6.360674e-03 -3.837306e-03 
 1.090000e+04  3.204634e-01 -6.460614e-03  6.386320e-03 -3.855948e-03 
 1.095000e+04  3.295403e-01 -6.485587e-03  6.410961e-03 -3.874255e-03 
 1.100000e+04  3.387896e-01 -6.510535e-03  6.435569e-03 -3.892788e-03 
 1.105000e+04  3.483204e-01 -6.535937e-03  6.460664e-03 -3.911706e-03 
 1.110000e+04  3.578511e-01 -6.560723e-03  6.485461e-03 -3.930185e-03 
 1.115000e+04  3.674581e-01 -6.585215e-03  6.510134e-03 -3.948345e-03 
 1.120000e+04  3.777856e-01 -6.611478e-03  6.536628e-03 -3.967465e-03 
 1.125000e+04  3.882933e-01 -6.637889e-03  6.563378e-03 -3.986505e-03 
 1.130000e+04  3.988009e-01 -6.663674e-03  6.589329e-03 -4.005125e-03 
 1.135000e+04  4.097499e-01 -6.690142e-03  6.615642e-03 -4.024278e-03 
 1.140000e+04  4.213015e-01 -6.717736e-03  6.642862e-03 -4.044387e-03 
 1.145000e+04  4.328861e-01 -6.744797e-03  6.669424e-03 -4.064346e-03 
 1.150000e+04  4.444708e-01 -6.771082e-03  6.695374e-03 -4.083902e-03 
 1.155000e+04  4.564146e-01 -6.797970e-03  6.721994e-03 -4.103682e-03 
 1.160000e+04  4.685785e-01 -6.825196e-03  6.749117e-03 -4.123411e-03 
 1.165000e+04  4.807424e-01 -6.851892e-03  6.775888e-03 -4.142597e-03 
 1.170000e+04  4.932743e-01 -6.878929e-03  6.802987e-03 -4.161943e-03 
 1.175000e+04  5.066850e-01 -6.907572e-03  6.831652e-03 -4.182486e-03 
 1.180000e+04  5.200957e-01 -6.935728e-03  6.859648e-03 -4.202850e-03 
 1.185000e+04  5.335065e-01 -6.963115e-03  6.886617e-03 -4.222910e-03 
 1.190000e+04  5.477459e-01 -6.991776e-03  6.914686e-03 -4.243952e-03 
 1.195000e+04  5.625313e-01 -7.021318e-03  6.943653e-03 -4.265476e-03 
 1.200000e+04  5.773166e-01 -7.050281e-03  6.972285e-03 -4.286460e-03 
 1.205000e+04  5.921019e-01 -7.078667e-03  7.000499e-03 -4.306929e-03 
 1.210000e+04  6.074638e-01 -7.107847e-03  7.029745e-03 -4.327879e-03 
 1.215000e+04  6.229884e-01 -7.136946e-03  7.059129e-03 -4.348766e-03 
 1.220000e+04  6.385130e-01 -7.165373e-03  7.087838e-03 -4.369308e-03 
 1.225000e+04  6.550971e-01 -7.195245e-03  7.117694e-03 -4.390948e-03 
 1.230000e+04  6.722129e-01 -7.225815e-03  7.147913e-03 -4.413107e-03 
 1.235000e+04  6.893288e-01 -7.255856e-03  7.177414e-03 -4.434984e-03 
 1.240000e+04  7.064446e-01 -7.285299e-03  7.206303e-03 -4.456407e-03 
 1.245000e+04  7.243307e-01 -7.315772e-03  7.236258e-03 -4.478357e-03 
 1.250000e+04  7.423023e-01 -7.346244e-03  7.266307e-03 -4.500036e-03 
 1.255000e+04  7.602740e-01 -7.376160e-03  7.295962e-03 -4.521250e-03 
 1.260000e+04  7.788629e-01 -7.406427e-03  7.326105e-03 -4.542840e-03 
 1.265000e+04  7.992315e-01 -7.439200e-03  7.358813e-03 -4.566362e-03 
 1.270000e+04  8.200359e-01 -7.472173e-03  7.391552e-03 -4.590111e-03 
 1.275000e+04  8.408403e-01 -7.504439e-03  7.423304e-03 -4.613440e-03 
 1.280000e+04  8.621856e-01 -7.537132e-03  7.455220e-03 -4.636994e-03 
 1.285000e+04  8.840303e-01 -7.570419e-03  7.487589e-03 -4.660752e-03 
 1.290000e+04  9.058749e-01 -7.603115e-03  7.519544e-03 -4.684027e-03 
 1.295000e+04  9.277195e-01 -7.635082e-03  7.550997e-03 -4.706817e-03 
 1.300000e+04  9.503724e-01 -7.667859e-03  7.583503e-03 -4.730145e-03 
 1.305000e+04  9.733093e-01 -7.700602e-03  7.616218e-03 -4.753541e-03 
 1.310000e+04  9.962462e-01 -7.732651e-03  7.648317e-03 -4.776554e-03 
 1.315000e+04  1.020581e+00 -7.766057e-03  7.681624e-03 -4.800623e-03 
 1.320000e+04  1.046628e+00 -7.801579e-03  7.716775e-03 -4.826145e-03 
 1.325000e+04  1.073180e+00 -7.837253e-03  7.751797e-03 -4.851751e-03 
 1.330000e+04  1.099732e+00 -7.872256e-03  7.786095e-03 -4.876830e-03 
 1.335000e+04  1.126284e+00 -7.906964e-03  7.820020e-03 -4.901481e-03 
 1.340000e+04  1.152837e+00 -7.941381e-03  7.853764e-03 -4.925765e-03 
 1.345000e+04  1.179389e+00 -7.975113e-03  7.887081e-03 -4.949659e-03 
 1.350000e+04  1.206313e+00 -8.008655e-03  7.920339e-03 -4.973566e-03 
 1.355000e+04  1.235475e+00 -8.044505e-03  7.956025e-03 -4.999262e-03 
 1.360000e+04  1.264749e+00 -8.080057e-03  7.991307e-03 -5.024784e-03 
 1.365000e+04  1.294023e+00 -8.115050e-03  8.025778e-03 -5.049794e-03 
 1.370000e+04  1.325136e+00 -8.151874e-03  8.061692e-03 -5.075928e-03 
 1.375000e+04  1.357410e+00 -8.189934e-03  8.098529e-03 -5.102687e-03 
 1.380000e+04  1.389685e+00 -8.227305e-03  8.134815e-03 -5.129027e-03 
 1.385000e+04  1.421959e+00 -8.263930e-03  8.170514e-03 -5.154882e-03 
 1.390000e+04  1.454233e+00 -8.299961e-03  8.205947e-03 -5.180508e-03 
 1.395000e+04  1.486508e+00 -8.335542e-03  8.241155e-03 -5.205878e-03 
 1.400000e+04  1.518782e+00 -8.370529e-03  8.275873e-03 -5.230851e-03 
 1.405000e+04  1.553467e+00 -8.407582e-03  8.312620e-03 -5.257228e-03 
 1.410000e+04  1.590828e+00 -8.447225e-03  8.351733e-03 -5.285390e-03 
 1.415000e+04  1.628190e+00 -8.486420e-03  8.390119e-03 -5.313159e-03 
 1.420000e+04  1.665552e+00 -8.524862e-03  8.427586e-03 -5.340400e-03 
 1.425000e+04  1.703138e+00 -8.563177e-03  8.464817e-03 -5.367405e-03 
 1.430000e+04  1.742368e+00 -8.602801e-03  8.503402e-03 -5.395289e-03 
 1.435000e+04  1.781597e+00 -8.641692e-03  8.541511e-03 -5.422774e-03 
 1.440000e+04  1.820827e+00 -8.679787e-03  8.579053e-03 -5.449867e-03 
 1.445000e+04  1.861705e+00 -8.719094e-03  8.617875e-03 -5.477886e-03 
 1.450000e+04  1.902896e+00 -8.758278e-03  8.656577e-03 -5.505724e-03 
 1.455000e+04  1.944087e+00 -8.796824e-03  8.694549e-03 -5.533048e-03 
 1.460000e+04  1.987583e+00 -8.837262e-03  8.733969e-03 -5.561456e-03 
 1.465000e+04  2.032997e+00 -8.879247e-03  8.774563e-03 -5.590823e-03 
 1.470000e+04  2.078410e+00 -8.920526e-03  8.814467e-03 -5.619846e-03 
 1.475000e+04  2.123824e+00 -8.960952e-03  8.853710e-03 -5.648473e-03 
 1.480000e+04  2.169237e+00 -9.000879e-03  8.892677e-03 -5.676757e-03 
 1.485000e+04  2.214651e+00 -9.040417e-03  8.931430e-03 -5.704704e-03 
 1.490000e+04  2.260064e+00 -9.079292e-03  8.969716e-03 -5.732210e-03 
 1.495000e+04  2.308307e+00 -9.120091e-03  9.009938e-03 -5.761020e-03 
 1.500000e+04  2.359827e+00 -9.163351e-03  9.052471e-03 -5.791449e-03 
 1.505000e+04  2.412399e+00 -9.206942e-03  9.095095e-03 -5.822175e-03 
 1.510000e+04  2.464970e+00 -9.249861e-03  9.136768e-03 -5.852438e-03 
 1.515000e+04  2.517542e+00 -9.292289e-03  9.177770e-03 -5.882262e-03 
 1.520000e+04  2.570114e+00 -9.334358e-03  9.218421e-03 -5.911799e-03 
 1.525000e+04  2.622686e+00 -9.375726e-03  9.258586e-03 -5.941006e-03 
 1.530000e+04  2.675730e+00 -9.416775e-03  9.298721e-03 -5.970060e-03 
 1.535000e+04  2.730931e+00 -9.459066e-03  9.340278e-03 -5.999974e-03 
 1.540000e+04  2.786131e+00 -9.501014e-03  9.381520e-03 -6.029507e-03 
 1.545000e+04  2.841497e+00 -9.542534e-03  9.422208e-03 -6.058661e-03 
 1.550000e+04  2.901080e+00 -9.586785e-03  9.465271e-03 -6.089643e-03 
 1.555000e+04  2.961939e+00 -9.631672e-03  9.508613e-03 -6.121008e-03 
 1.560000e+04  3.022797e+00 -9.675873e-03  9.551202e-03 -6.152090e-03 
 1.565000e+04  3.083655e+00 -9.719349e-03  9.593119e-03 -6.182792e-03 
 1.570000e+04  3.145183e+00 -9.762859e-03  9.635187e-03 -6.213450e-03 
 1.575000e+04  3.209084e+00 -9.807619e-03  9.678729e-03 -6.244903e-03 
 1.580000e+04  3.272986e+00 -9.851688e-03  9.721831e-03 -6.275871e-03 
 1.585000e+04  3.338420e+00 -9.896232e-03  9.765477e-03 -6.307149e-03 
 1.590000e+04  3.408670e+00 -9.943667e-03  9.811910e-03 -6.340440e-03 
 1.595000e+04  3.479121e+00 -9.990715e-03  9.857779e-03 -6.373475e-03 
 1.600000e+04  3.549573e+00 -1.003705e-02  9.902703e-03 -6.406098e-03 
 1.605000e+04  3.621151e+00 -1.008365e-02  9.947705e-03 -6.438862e-03 
 1.610000e+04  3.695125e+00 -1.013145e-02  9.993732e-03 -6.472353e-03 
 1.615000e+04  3.769098e+00 -1.017857e-02  1.003919e-02 -6.505415e-03 
 1.620000e+04  3.843072e+00 -1.022497e-02  1.008416e-02 -6.538056e-03 
 1.625000e+04  3.919487e+00 -1.027243e-02  1.013040e-02 -6.571431e-03 
 1.630000e+04  3.997159e+00 -1.032023e-02  1.017707e-02 -6.604942e-03 
 1.635000e+04  4.074832e+00 -1.036736e-02  1.022309e-02 -6.637968e-03 
 1.640000e+04  4.155704e+00 -1.041597e-02  1.027025e-02 -6.671962e-03 
 1.645000e+04  4.241338e+00 -1.046702e-02  1.031952e-02 -6.707702e-03 
 1.650000e+04  4.326972e+00 -1.051738e-02  1.036804e-02 -6.743065e-03 
 1.655000e+04  4.412606e+00 -1.056697e-02  1.041580e-02 -6.777960e-03 
 1.660000e+04  4.498239e+00 -1.061623e-02  1.046318e-02 -6.812424e-03 
 1.665000e+04  4.583873e+00 -1.066497e-02  1.051022e-02 -6.846515e-03 
 1.670000e+04  4.669507e+00 -1.071302e-02  1.055678e-02 -6.880157e-03 
 1.675000e+04  4.757723e+00 -1.076191e-02  1.060429e-02 -6.914417e-03 
 1.680000e+04  4.852134e+00 -1.081376e-02  1.065473e-02 -6.950784e-03 
 1.685000e+04  4.946545e+00 -1.086509e-02  1.070449e-02 -6.986804e-03 
 1.690000e+04  5.041617e+00 -1.091616e-02  1.075375e-02 -7.022579e-03 
 1.695000e+04  5.141740e+00 -1.096950e-02  1.080489e-02 -7.059806e-03 
 1.700000e+04  5.245829e+00 -1.102443e-02  1.085751e-02 -7.098165e-03 
 1.705000e+04  5.349917e+00 -1.107856e-02  1.090948e-02 -7.136038e-03 
 1.710000e+04  5.454006e+00 -1.113194e-02  1.096086e-02 -7.173422e-03 
 1.715000e+04  5.558094e+00 -1.118478e-02  1.101196e-02 -7.210428e-03 
 1.720000e+04  5.662183e+00 -1.123711e-02  1.106262e-02 -7.247068e-03 
 1.725000e+04  5.768561e+00 -1.128988e-02  1.111380e-02 -7.284017e-03 
 1.730000e+04  5.882034e+00 -1.134558e-02  1.116775e-02 -7.323018e-03 
 1.735000e+04  6.002530e+00 -1.140434e-02  1.122434e-02 -7.364077e-03 
 1.740000e+04  6.123025e+00 -1.146233e-02  1.127999e-02 -7.404659e-03 
 1.745000e+04  6.243520e+00 -1.151959e-02  1.133479e-02 -7.444691e-03 
 1.750000e+04  6.364016e+00 -1.157632e-02  1.138909e-02 -7.484272e-03 
 1.755000e+04  6.484511e+00 -1.163242e-02  1.144299e-02 -7.523420e-03 
 1.760000e+04  6.605006e+00 -1.168769e-02  1.149636e-02 -7.562137e-03 
 1.765000e+04  6.729237e+00 -1.174402e-02  1.155094e-02 -7.601641e-03 
 1.770000e+04  6.861451e+00 -1.180348e-02  1.160850e-02 -7.643293e-03 
 1.775000e+04  6.994297e+00 -1.186255e-02  1.166563e-02 -7.684661e-03 
 1.780000e+04  7.127143e+00 -1.192099e-02  1.172187e-02 -7.725498e-03 
 1.785000e+04  7.265569e+00 -1.198142e-02  1.177967e-02 -7.767582e-03 
 1.790000e+04  7.405057e+00 -1.204172e-02  1.183721e-02 -7.809605e-03 
 1.795000e+04  7.544546e+00 -1.210126e-02  1.189407e-02 -7.851183e-03 
 1.800000e+04  7.684034e+00 -1.216010e-02  1.195034e-02 -7.892243e-03 
 1.805000e+04  7.830218e+00 -1.222117e-02  1.200885e-02 -7.934877e-03 
 1.810000e+04  7.976681e+00 -1.228168e-02  1.206708e-02 -7.977150e-03 
 1.815000e+04  8.124022e+00 -1.234181e-02  1.212502e-02 -8.019101e-03 
 1.820000e+04  8.280423e+00 -1.240507e-02  1.218574e-02 -8.063153e-03 
 1.825000e+04  8.441898e+00 -1.246983e-02  1.224775e-02 -8.108311e-03 
 1.830000e+04  8.603373e+00 -1.253382e-02  1.230879e-02 -8.152957e-03 
 1.835000e+04  8.764849e+00 -1.259704e-02  1.236901e-02 -8.197047e-03 
 1.840000e+04  8.931976e+00 -1.266190e-02  1.243076e-02 -8.242213e-03 
 1.845000e+04  9.101525e+00 -1.272702e-02  1.249288e-02 -8.287527e-03 
 1.850000e+04  9.271074e+00 -1.279120e-02  1.255438e-02 -8.332316e-03 
 1.855000e+04  9.441471e+00 -1.285497e-02  1.261564e-02 -8.376843e-03 
 1.860000e+04  9.619497e+00 -1.292101e-02  1.267919e-02 -8.422947e-03 
 1.865000e+04  9.797524e+00 -1.298629e-02  1.274202e-02 -8.468577e-03 
 1.870000e+04  9.978399e+00 -1.305198e-02  1.280488e-02 -8.514373e-03 
 1.875000e+04  1.017206e+01 -1.312172e-02  1.287143e-02 -8.562927e-03 
 1.880000e+04  1.036833e+01 -1.319181e-02  1.293808e-02 -8.611663e-03 
 1.885000e+04  1.056460e+01 -1.326099e-02  1.300376e-02 -8.659804e-03 
 1.890000e+04  1.076363e+01 -1.333033e-02  1.306972e-02 -8.708070e-03 
 1.895000e+04  1.096971e+01 -1.340154e-02  1.313754e-02 -8.757586e-03 
 1.900000e+04  1.117580e+01 -1.347191e-02  1.320467e-02 -8.806502e-03 
 1.905000e+04  1.138375e+01 -1.354201e-02  1.327165e-02 -8.855277e-03 
 1.910000e+04  1.160490e+01 -1.361594e-02  1.334220e-02 -8.906655e-03 
 1.915000e+04  1.183211e+01 -1.369121e-02  1.341382e-02 -8.958977e-03 
 1.920000e+04  1.205932e+01 -1.376554e-02  1.348439e-02 -9.010706e-03 
 1.925000e+04  1.228653e+01 -1.383907e-02  1.355412e-02 -9.061768e-03 
 1.930000e+04  1.252511e+01 -1.391564e-02  1.362659e-02 -9.114818e-03 
 1.935000e+04  1.276368e+01 -1.399132e-02  1.369835e-02 -9.167319e-03 
 1.940000e+04  1.300225e+01 -1.406595e-02  1.376931e-02 -9.219216e-03 
 1.945000e+04  1.324822e+01 -1.414211e-02  1.384189e-02 -9.272175e-03 
 1.950000e+04  1.349872e+01 -1.421890e-02  1.391520e-02 -9.325606e-03 
 1.955000e+04  1.374922e+01 -1.429479e-02  1.398760e-02 -9.378429e-03 
 1.960000e+04  1.401394e+01 -1.437419e-02  1.406321e-02 -9.433603e-03 
 1.965000e+04  1.429012e+01 -1.445633e-02  1.414122e-02 -9.490556e-03 
 1.970000e+04  1.456629e+01 -1.453764e-02  1.421819e-02 -9.546916e-03 
 1.975000e+04  1.484247e+01 -1.461797e-02  1.429416e-02 -9.602607e-03 
 1.980000e+04  1.513108e+01 -1.470107e-02  1.437275e-02 -9.660195e-03 
 1.985000e+04  1.542106e+01 -1.478370e-02  1.445098e-02 -9.717470e-03 
 1.990000e+04  1.571105e+01 -1.486531e-02  1.452839e-02 -9.774087e-03 
 1.995000e+04  1.602142e+01 -1.495170e-02  1.461038e-02 -9.833986e-03 
 2.000000e+04  1.635136e+01 -1.504276e-02  1.469669e-02 -9.897013e-03 
 2.005000e+04  1.668706e+01 -1.513442e-02  1.478342e-02 -9.960435e-03 
 2.010000e+04  1.702376e+01 -1.522522e-02  1.486912e-02 -1.002319e-02 
 2.015000e+04  1.737624e+01 -1.531932e-02  1.495763e-02 -1.008813e-02 
 2.020000e+04  1.772872e+01 -1.541243e-02  1.504513e-02 -1.015242e-02 
 2.025000e+04  1.808120e+01 -1.550427e-02  1.513166e-02 -1.021594e-02 
 2.030000e+04  1.844109e+01 -1.559692e-02  1.521903e-02 -1.027998e-02 
 2.035000e+04  1.882599e+01 -1.569500e-02  1.531167e-02 -1.034782e-02 
 2.040000e+04  1.921460e+01 -1.579289e-02  1.540421e-02 -1.041549e-02 
 2.045000e+04  1.960438e+01 -1.588982e-02  1.549582e-02 -1.048245e-02 
 2.050000e+04  2.001242e+01 -1.599023e-02  1.559056e-02 -1.055175e-02 
 2.055000e+04  2.042046e+01 -1.608961e-02  1.568414e-02 -1.062030e-02 
 2.060000e+04  2.082850e+01 -1.618774e-02  1.577642e-02 -1.068801e-02 
 2.065000e+04  2.124715e+01 -1.628728e-02  1.586994e-02 -1.075668e-02 
 2.070000e+04  2.169059e+01 -1.639167e-02  1.596809e-02 -1.082868e-02 
 2.075000e+04  2.214045e+01 -1.649633e-02  1.606659e-02 -1.090084e-02 
 2.080000e+04  2.259031e+01 -1.659963e-02  1.616384e-02 -1.097198e-02 
 2.085000e+04  2.305817e+01 -1.670592e-02  1.626386e-02 -1.104512e-02 
 2.090000e+04  2.353053e+01 -1.681214e-02  1.636368e-02 -1.111821e-02 
 2.095000e+04  2.400289e+01 -1.691699e-02  1.646219e-02 -1.119044e-02 
 2.100000e+04  2.449827e+01 -1.702577e-02  1.656412e-02 -1.126526e-02 
 2.105000e+04  2.501905e+01 -1.713917e-02  1.667007e-02 -1.134306e-02 
 2.110000e+04  2.553982e+01 -1.725120e-02  1.677468e-02 -1.141993e-02 
 2.115000e+04  2.606059e+01 -1.736177e-02  1.687789e-02 -1.149573e-02 
 2.120000e+04  2.662230e+01 -1.747972e-02  1.698803e-02 -1.157652e-02 
 2.125000e+04  2.719645e+01 -1.759889e-02  1.709945e-02 -1.165824e-02 
 2.130000e+04  2.777061e+01 -1.771641e-02  1.720940e-02 -1.173889e-02 
 2.135000e+04  2.835630e+01 -1.783492e-02  1.732014e-02 -1.182010e-02 
 2.140000e+04  2.898931e+01 -1.796165e-02  1.743847e-02 -1.190689e-02 
 2.145000e+04  2.962231e+01 -1.808674e-02  1.755530e-02 -1.199256e-02 
 2.150000e+04  3.025531e+01 -1.821018e-02  1.767043e-02 -1.207701e-02 
 2.155000e+04  3.091490e+01 -1.833741e-02  1.778885e-02 -1.216395e-02 
 2.160000e+04  3.157956e+01 -1.846406e-02  1.790687e-02 -1.225059e-02 
 2.165000e+04  3.224421e+01 -1.858898e-02  1.802339e-02 -1.233602e-02 
 2.170000e+04  3.292415e+01 -1.871532e-02  1.814111e-02 -1.242226e-02 
 2.175000e+04  3.365345e+01 -1.884939e-02  1.826596e-02 -1.251378e-02 
 2.180000e+04  3.438623e+01 -1.898234e-02  1.838984e-02 -1.260460e-02 
 2.185000e+04  3.511901e+01 -1.911362e-02  1.851192e-02 -1.269412e-02 
 2.190000e+04  3.589173e+01 -1.925058e-02  1.863897e-02 -1.278733e-02 
 2.195000e+04  3.669962e+01 -1.939217e-02  1.877021e-02 -1.288368e-02 
 2.200000e+04  3.750751e+01 -1.953179e-02  1.889955e-02 -1.297865e-02 
 2.205000e+04  3.832671e+01 -1.967166e-02  1.902889e-02 -1.307362e-02 
 2.210000e+04  3.917500e+01 -1.981485e-02  1.916130e-02 -1.317086e-02 
 2.215000e+04  4.002328e+01 -1.995606e-02  1.929203e-02 -1.326683e-02 
 2.220000e+04  4.087666e+01 -2.009626e-02  1.942180e-02 -1.336196e-02 
 2.225000e+04  4.179408e+01 -2.024546e-02  1.955954e-02 -1.346300e-02 
 2.230000e+04  4.272932e+01 -2.039572e-02  1.969826e-02 -1.356479e-02 
 2.235000e+04  4.366455e+01 -2.054381e-02  1.983501e-02 -1.366516e-02 
 2.240000e+04  4.462036e+01 -2.069319e-02  1.997278e-02 -1.376631e-02 
 2.245000e+04  4.560236e+01 -2.084490e-02  2.011267e-02 -1.386899e-02 
 2.250000e+04  4.658436e+01 -2.099460e-02  2.025080e-02 -1.397029e-02 
 2.255000e+04  4.758123e+01 -2.114464e-02  2.038912e-02 -1.407162e-02 
 2.260000e+04  4.866388e+01 -2.130570e-02  2.053761e-02 -1.418041e-02 
 2.265000e+04  4.974653e+01 -2.146467e-02  2.068420e-02 -1.428783e-02 
 2.270000e+04  5.082919e+01 -2.162149e-02  2.082865e-02 -1.439368e-02 
 2.275000e+04  5.196056e+01 -2.178346e-02  2.097746e-02 -1.450276e-02 
 2.280000e+04  5.315418e+01 -2.195230e-02  2.113243e-02 -1.461642e-02 
 2.285000e+04  5.434780e+01 -2.211888e-02  2.128528e-02 -1.472851e-02 
 2.290000e+04  5.555575e+01 -2.228515e-02  2.143769e-02 -1.484027e-02 
 2.295000e+04  5.684540e+01 -2.246057e-02  2.159827e-02 -1.495809e-02 
 2.300000e+04  5.816137e+01 -2.263722e-02  2.176004e-02 -1.507666e-02 
 2.305000e+04  5.947734e+01 -2.281135e-02  2.191943e-02 -1.519336e-02 
 2.310000e+04  6.088326e+01 -2.299499e-02  2.208727e-02 -1.531631e-02 
 2.315000e+04  6.233411e+01 -2.318207e-02  2.225813e-02 -1.544160e-02 
 2.320000e+04  6.378497e+01 -2.336633e-02  2.242640e-02 -1.556500e-02 
 2.325000e+04  6.525469e+01 -2.355037e-02  2.259425e-02 -1.568803e-02 
 2.330000e+04  6.683141e+01 -2.374531e-02  2.277187e-02 -1.581817e-02 
 2.335000e+04  6.843098e+01 -2.394030e-02  2.294961e-02 -1.594831e-02 
 2.340000e+04  7.003055e+01 -2.413238e-02  2.312458e-02 -1.607638e-02 
 2.345000e+04  7.168290e+01 -2.432795e-02  2.330265e-02 -1.620676e-02 
 2.350000e+04  7.336245e+01 -2.452394e-02  2.348115e-02 -1.633745e-02 
 2.355000e+04  7.504200e+01 -2.471705e-02  2.365704e-02 -1.646605e-02 
 2.360000e+04  7.685662e+01 -2.492289e-02  2.384424e-02 -1.660289e-02 
 2.365000e+04  7.880091e+01 -2.514063e-02  2.404214e-02 -1.674757e-02 
 2.370000e+04  8.074520e+01 -2.535503e-02  2.423691e-02 -1.688995e-02 
 2.375000e+04  8.268948e+01 -2.556603e-02  2.442830e-02 -1.702987e-02 
 2.380000e+04  8.467460e+01 -2.577826e-02  2.462054e-02 -1.717047e-02 
 2.385000e+04  8.671610e+01 -2.599345e-02  2.481537e-02 -1.731294e-02 
 2.390000e+04  8.875760e+01 -2.620547e-02  2.500717e-02 -1.745311e-02 
 2.395000e+04  9.090883e+01 -2.642568e-02  2.520611e-02 -1.759854e-02 
 2.400000e+04  9.315959e+01 -2.665295e-02  2.541130e-02 -1.774855e-02 
 2.405000e+04  9.541034e+01 -2.687662e-02  2.561330e-02 -1.789607e-02 
 2.410000e+04  9.767010e+01 -2.709756e-02  2.581271e-02 -1.804163e-02 
 2.415000e+04  1.001208e+02 -2.733368e-02  2.602572e-02 -1.819712e-02 
 2.420000e+04  1.026023e+02 -2.756915e-02  2.623823e-02 -1.835213e-02 
 2.425000e+04  1.050838e+02 -2.780078e-02  2.644715e-02 -1.850446e-02 
 2.430000e+04  1.076074e+02 -2.803269e-02  2.665605e-02 -1.865685e-02 
 2.435000e+04  1.102129e+02 -2.826851e-02  2.686845e-02 -1.881174e-02 
 2.440000e+04  1.128185e+02 -2.850057e-02  2.707746e-02 -1.896400e-02 
 2.445000e+04  1.155540e+02 -2.874047e-02  2.729333e-02 -1.912120e-02 
 2.450000e+04  1.184266e+02 -2.898878e-02  2.751668e-02 -1.928385e-02 
 2.455000e+04  1.212992e+02 -2.923308e-02  2.773643e-02 -1.944380e-02 
 2.460000e+04  1.241718e+02 -2.947336e-02  2.795236e-02 -1.960088e-02 
 2.465000e+04  1.271449e+02 -2.971811e-02  2.817206e-02 -1.976077e-02 
 2.470000e+04  1.301612e+02 -2.996266e-02  2.839146e-02 -1.992047e-02 
 2.475000e+04  1.331804e+02 -3.020361e-02  2.860745e-02 -2.007763e-02 
 2.480000e+04  1.364678e+02 -3.046204e-02  2.883881e-02 -2.024594e-02 
 2.485000e+04  1.397932e+02 -3.071959e-02  2.906920e-02 -2.041353e-02 
 2.490000e+04  1.431186e+02 -3.097281e-02  2.929566e-02 -2.057820e-02 
 2.495000e+04  1.464539e+02 -3.122246e-02  2.951878e-02 -2.074041e-02 
 2.500000e+04  1.499456e+02 -3.147965e-02  2.974855e-02 -2.090748e-02 
 2.505000e+04  1.534373e+02 -3.173276e-02  2.997466e-02 -2.107183e-02 
 2.510000e+04  1.570022e+02 -3.198698e-02  3.020166e-02 -2.123672e-02 
 2.515000e+04  1.608188e+02 -3.225495e-02  3.044079e-02 -2.141041e-02 
 2.520000e+04  1.646684e+02 -3.252088e-02  3.067809e-02 -2.158272e-02 
 2.525000e+04  1.685179e+02 -3.278221e-02  3.091126e-02 -2.175193e-02 
 2.530000e+04  1.723983e+02 -3.304109e-02  3.114216e-02 -2.191944e-02 
 2.535000e+04  1.764403e+02 -3.330634e-02  3.137873e-02 -2.209104e-02 
 2.540000e+04  1.804823e+02 -3.356723e-02  3.161136e-02 -2.225975e-02 
 2.545000e+04  1.846780e+02 -3.383360e-02  3.184873e-02 -2.243186e-02 
 2.550000e+04  1.889221e+02 -3.409880e-02  3.208485e-02 -2.260308e-02 
 2.555000e+04  1.931662e+02 -3.435964e-02  3.231694e-02 -2.277135e-02 
 2.560000e+04  1.975759e+02 -3.462611e-02  3.255391e-02 -2.294309e-02 
 2.565000e+04  2.020322e+02 -3.489105e-02  3.278937e-02 -2.311375e-02 
 2.570000e+04  2.067114e+02 -3.516470e-02  3.303252e-02 -2.329002e-02 
 2.575000e+04  2.113905e+02 -3.543379e-02  3.327152e-02 -2.346328e-02 
 2.580000e+04  2.161586e+02 -3.570330e-02  3.351077e-02 -2.363669e-02 
 2.585000e+04  2.210717e+02 -3.597646e-02  3.375315e-02 -2.381235e-02 
 2.590000e+04  2.259848e+02 -3.624502e-02  3.399128e-02 -2.398490e-02 
 2.595000e+04  2.310208e+02 -3.651560e-02  3.423103e-02 -2.415865e-02 
 2.600000e+04  2.361796e+02 -3.678822e-02  3.447248e-02 -2.433369e-02 
 2.605000e+04  2.413383e+02 -3.705614e-02  3.470982e-02 -2.450573e-02 
 2.610000e+04  2.466106e+02 -3.732517e-02  3.494819e-02 -2.467842e-02 
 2.615000e+04  2.520273e+02 -3.759701e-02  3.518903e-02 -2.485286e-02 
 2.620000e+04  2.576499e+02 -3.787438e-02  3.543484e-02 -2.503088e-02 
 2.625000e+04  2.633374e+02 -3.815025e-02  3.567929e-02 -2.520786e-02 
 2.630000e+04  2.690249e+02 -3.842129e-02  3.591933e-02 -2.538168e-02 
 2.635000e+04  2.747125e+02 -3.868760e-02  3.615501e-02 -2.555240e-02 
 2.640000e+04  2.806560e+02 -3.896113e-02  3.639699e-02 -2.572771e-02 
 2.645000e+04  2.866279e+02 -3.923136e-02  3.663596e-02 -2.590086e-02 
 2.650000e+04  2.926954e+02 -3.950122e-02  3.687455e-02 -2.607375e-02 
 2.655000e+04  2.989659e+02 -3.977551e-02  3.711703e-02 -2.624944e-02 
 2.660000e+04  3.052364e+02 -4.004509e-02  3.735530e-02 -2.642207e-02 
 2.665000e+04  3.115069e+02 -4.030998e-02  3.758935e-02 -2.659164e-02 
 2.670000e+04  3.180220e+02 -4.058048e-02  3.782825e-02 -2.676482e-02 
 2.675000e+04  3.246061e+02 -4.084932e-02  3.806559e-02 -2.693692e-02 
 2.680000e+04  3.311901e+02 -4.111355e-02  3.829879e-02 -2.710604e-02 
 2.685000e+04  3.377741e+02 -4.137324e-02  3.852790e-02 -2.727223e-02 
 2.690000e+04  3.443582e+02 -4.162847e-02  3.875308e-02 -2.743560e-02 
 2.695000e+04  3.509422e+02 -4.187938e-02  3.897453e-02 -2.759623e-02 
 2.700000e+04  3.581531e+02 -4.214981e-02  3.921326e-02 -2.776935e-02 
 2.705000e+04  3.654120e+02 -4.241783e-02  3.944984e-02 -2.794091e-02 
 2.710000e+04  3.726709e+02 -4.268132e-02  3.968233e-02 -2.810960e-02 
 2.715000e+04  3.799298e+02 -4.294022e-02  3.991062e-02 -2.827534e-02 
 2.720000e+04  3.871887e+02 -4.319462e-02  4.013481e-02 -2.843818e-02 
 2.725000e+04  3.944476e+02 -4.344464e-02  4.035508e-02 -2.859823e-02 
 2.730000e+04  4.017065e+02 -4.369054e-02  4.057163e-02 -2.875563e-02 
 2.735000e+04  4.090380e+02 -4.393493e-02  4.078679e-02 -2.891207e-02 
 2.740000e+04  4.166599e+02 -4.418513e-02  4.100708e-02 -2.907223e-02 
 2.745000e+04  4.242818e+02 -4.443139e-02  4.122395e-02 -2.922991e-02 
 2.750000e+04  4.319036e+02 -4.467364e-02  4.143735e-02 -2.938508e-02 
 2.755000e+04  4.395255e+02 -4.491187e-02  4.164726e-02 -2.953776e-02 
 2.760000e+04  4.471473e+02 -4.514622e-02  4.185379e-02 -2.968800e-02 
 2.765000e+04  4.548454e+02 -4.537913e-02  4.205908e-02 -2.983735e-02 
 2.770000e+04  4.628484e+02 -4.561770e-02  4.226931e-02 -2.999034e-02 
 2.775000e+04  4.708513e+02 -4.585271e-02  4.247629e-02 -3.014104e-02 
 2.780000e+04  4.788542e+02 -4.608410e-02  4.267995e-02 -3.028942e-02 
 2.785000e+04  4.868572e+02 -4.631192e-02  4.288036e-02 -3.043551e-02 
 2.790000e+04  4.948601e+02 -4.653627e-02  4.307766e-02 -3.057940e-02 
 2.795000e+04  5.028631e+02 -4.675720e-02  4.327192e-02 -3.072109e-02 
 2.800000e+04  5.110581e+02 -4.698008e-02  4.346779e-02 -3.086403e-02 
 2.805000e+04  5.194612e+02 -4.720542e-02  4.366575e-02 -3.100864e-02 
 2.810000e+04  5.278643e+02 -4.742745e-02  4.386084e-02 -3.115122e-02 
 2.815000e+04  5.362674e+02 -4.764615e-02  4.405306e-02 -3.129167e-02 
 2.820000e+04  5.447125e+02 -4.786270e-02  4.424334e-02 -3.143072e-02 
 2.825000e+04  5.535358e+02 -4.808562e-02  4.443926e-02 -3.157391e-02 
 2.830000e+04  5.623590e+02 -4.830527e-02  4.463231e-02 -3.171508e-02 
 2.835000e+04  5.711823e+02 -4.852160e-02  4.482242e-02 -3.185420e-02 
 2.840000e+04  5.800055e+02 -4.873466e-02  4.500969e-02 -3.199130e-02 
 2.845000e+04  5.888288e+02 -4.894461e-02  4.519422e-02 -3.212642e-02 
 2.850000e+04  5.976520e+02 -4.915155e-02  4.537612e-02 -3.225959e-02 
 2.855000e+04  6.066782e+02 -4.936026e-02  4.555949e-02 -3.239386e-02 
 2.860000e+04  6.159426e+02 -4.957160e-02  4.574509e-02 -3.252990e-02 
 2.865000e+04  6.252070e+02 -4.977996e-02  4.592810e-02 -3.266415e-02 
 2.870000e+04  6.344715e+02 -4.998527e-02  4.610848e-02 -3.279651e-02 
 2.875000e+04  6.438285e+02 -5.018970e-02  4.628810e-02 -3.292831e-02 
 2.880000e+04  6.535561e+02 -5.039935e-02  4.647230e-02 -3.306349e-02 
 2.885000e+04  6.632838e+02 -5.060615e-02  4.665387e-02 -3.319678e-02 
 2.890000e+04  6.730114e+02 -5.081007e-02  4.683270e-02 -3.332823e-02 
 2.895000e+04  6.827390e+02 -5.101113e-02  4.700885e-02 -3.345790e-02 
 2.900000e+04  6.924667e+02 -5.120932e-02  4.718249e-02 -3.358579e-02 
 2.905000e+04  7.021943e+02 -5.140475e-02  4.735371e-02 -3.371191e-02 
 2.910000e+04  7.119220e+02 -5.159752e-02  4.752261e-02 -3.383630e-02 
 2.915000e+04  7.218928e+02 -5.179246e-02  4.769345e-02 -3.396211e-02 
 2.920000e+04  7.321068e+02 -5.198959e-02  4.786619e-02 -3.408940e-02 
 2.925000e+04  7.423208e+02 -5.218401e-02  4.803661e-02 -3.421509e-02 
 2.930000e+04  7.525348e+02 -5.237572e-02  4.820480e-02 -3.433917e-02 
 2.935000e+04  7.627488e+02 -5.256482e-02  4.837081e-02 -3.446166e-02 
 2.940000e+04  7.729629e+02 -5.275138e-02  4.853463e-02 -3.458252e-02 
 2.945000e+04  7.831769e+02 -5.293552e-02  4.869632e-02 -3.470180e-02 
 2.950000e+04  7.934624e+02 -5.311864e-02  4.885700e-02 -3.482043e-02 
 2.955000e+04  8.041871e+02 -5.330722e-02  4.902241e-02 -3.494260e-02 
 2.960000e+04  8.149118e+02 -5.349344e-02  4.918557e-02 -3.506326e-02 
 2.965000e+04  8.256365e+02 -5.367728e-02  4.934647e-02 -3.518243e-02 
 2.970000e+04  8.363613e+02 -5.385874e-02  4.950535e-02 -3.530014e-02 
 2.975000e+04  8.470860e+02 -5.403783e-02  4.966229e-02 -3.541637e-02 
 2.980000e+04  8.578107e+02 -5.421467e-02  4.981727e-02 -3.553114e-02 
 2.985000e+04  8.687928e+02 -5.439352e-02  4.997402e-02 -3.564724e-02 
 2.990000e+04  8.800538e+02 -5.457482e-02  5.013290e-02 -3.576494e-02 
 2.995000e+04  8.913147e+02 -5.475391e-02  5.028961e-02 -3.588123e-02 
 3.000000e+04  9.025757e+02 -5.493076e-02  5.044429e-02 -3.599614e-02 
 3.005000e+04  9.138366e+02 -5.510542e-02  5.059708e-02 -3.610973e-02 
 3.010000e+04  9.250976e+02 -5.527794e-02  5.074804e-02 -3.622198e-02 
 3.015000e+04  9.363585e+02 -5.544832e-02  5.089713e-02 -3.633283e-02 
 3.020000e+04  9.476195e+02 -5.561659e-02  5.104449e-02 -3.644237e-02 
 3.025000e+04  9.588804e+02 -5.578280e-02  5.119023e-02 -3.655070e-02 
 3.030000e+04  9.701414e+02 -5.594700e-02  5.133439e-02 -3.665781e-02 
 3.035000e+04  9.814023e+02 -5.610925e-02  5.147693e-02 -3.676370e-02 
 3.040000e+04  9.928950e+02 -5.627295e-02  5.162081e-02 -3.687061e-02 
 3.045000e+04  1.004469e+03 -5.643596e-02  5.176412e-02 -3.697712e-02 
 3.050000e+04  1.016043e+03 -5.659718e-02  5.190570e-02 -3.708247e-02 
 3.055000e+04  1.027617e+03 -5.675656e-02  5.204563e-02 -3.718667e-02 
 3.060000e+04  1.039191e+03 -5.691422e-02  5.218398e-02 -3.728975e-02 
 3.065000e+04  1.050765e+03 -5.707016e-02  5.232076e-02 -3.739172e-02 
 3.070000e+04  1.062339e+03 -5.722444e-02  5.245602e-02 -3.749259e-02 
 3.075000e+04  1.073914e+03 -5.737714e-02  5.258989e-02 -3.759246e-02 
 3.080000e+04  1.085488e+03 -5.752831e-02  5.272235e-02 -3.769132e-02 
 3.085000e+04  1.097062e+03 -5.767799e-02  5.285331e-02 -3.778919e-02 
 3.090000e+04  1.108636e+03 -5.782613e-02  5.298289e-02 -3.788611e-02 
 3.095000e+04  1.120210e+03 -5.797273e-02  5.311114e-02 -3.798207e-02 
 3.100000e+04  1.131784e+03 -5.811783e-02  5.323811e-02 -3.807710e-02 
 3.105000e+04  1.143358e+03 -5.826141e-02  5.336387e-02 -3.817122e-02 
 3.110000e+04  1.154932e+03 -5.840352e-02  5.348850e-02 -3.826445e-02 
 3.115000e+04  1.166506e+03 -5.854426e-02  5.361198e-02 -3.835681e-02 
 3.120000e+04  1.178080e+03 -5.868361e-02  5.373427e-02 -3.844831e-02 
 3.125000e+04  1.189654e+03 -5.882164e-02  5.385534e-02 -3.853897e-02 
 3.130000e+04  1.201228e+03 -5.895834e-02  5.397529e-02 -3.862880e-02 
 3.135000e+04  1.212802e+03 -5.909376e-02  5.409411e-02 -3.871783e-02 
 3.140000e+04  1.224376e+03 -5.922787e-02  5.421182e-02 -3.880605e-02 
 3.145000e+04  1.235951e+03 -5.936068e-02  5.432848e-02 -3.889343e-02 
 3.150000e+04  1.247525e+03 -5.949233e-02  5.444409e-02 -3.898004e-02 
 3.155000e+04  1.259099e+03 -5.962280e-02  5.455870e-02 -3.906590e-02 
 3.160000e+04  1.270673e+03 -5.975207e-02  5.467231e-02 -3.915103e-02 
 3.165000e+04  1.282247e+03 -5.988020e-02  5.478489e-02 -3.923546e-02 
 3.170000e+04  1.293821e+03 -6.000724e-02  5.489646e-02 -3.931920e-02 
 3.175000e+04  1.305395e+03 -6.013323e-02  5.500706e-02 -3.940227e-02 
 3.180000e+04  1.316969e+03 -6.025822e-02  5.511668e-02 -3.948464e-02 
 3.185000e+04  1.328543e+03 -6.038224e-02  5.522534e-02 -3.956634e-02 
 3.190000e+04  1.340117e+03 -6.050526e-02  5.533305e-02 -3.964738e-02 
 3.195000e+04  1.351691e+03 -6.062725e-02  5.543985e-02 -3.972777e-02 
 3.200000e+04  1.363265e+03 -6.074823e-02  5.554577e-02 -3.980753e-02 
 3.205000e+04  1.374839e+03 -6.086820e-02  5.565091e-02 -3.988670e-02 
 3.210000e+04  1.386414e+03 -6.098715e-02  5.575526e-02 -3.996524e-02 
 3.215000e+04  1.397988e+03 -6.110512e-02  5.585882e-02 -4.004317e-02 
 3.220000e+04  1.409562e+03 -6.122213e-02  5.596159e-02 -4.012051e-02 
 3.225000e+04  1.421136e+03 -6.133823e-02  5.606358e-02 -4.019729e-02 
 3.230000e+04  1.432710e+03 -6.145342e-02  5.616479e-02 -4.027350e-02 
 3.235000e+04  1.444284e+03 -6.156769e-02  5.626524e-02 -4.034913e-02 
 3.240000e+04  1.455858e+03 -6.168106e-02  5.636491e-02 -4.042419e-02 
 3.245000e+04  1.467432e+03 -6.179353e-02  5.646384e-02 -4.049870e-02 
 3.250000e+04  1.479006e+03 -6.190511e-02  5.656206e-02 -4.057267e-02 
 3.255000e+04  1.490580e+03 -6.201584e-02  5.665956e-02 -4.064608e-02 
 3.260000e+04  1.502154e+03 -6.212576e-02  5.675638e-02 -4.071899e-02 
 3.265000e+04  1.513728e+03 -6.223491e-02  5.685250e-02 -4.079140e-02 
 3.270000e+04  1.525302e+03 -6.234332e-02  5.694792e-02 -4.086331e-02 
 3.275000e+04  1.536876e+03 -6.245105e-02  5.704261e-02 -4.093476e-02 
 3.280000e+04  1.548451e+03 -6.255808e-02  5.713661e-02 -4.100577e-02 
 3.285000e+04  1.560025e+03 -6.266442e-02  5.722989e-02 -4.107630e-02 
 3.290000e+04  1.571599e+03 -6.277006e-02  5.732247e-02 -4.114635e-02 
 3.295000e+04  1.583173e+03 -6.287499e-02  5.741442e-02 -4.121593e-02 
 3.300000e+04  1.594747e+03 -6.297921e-02  5.750576e-02 -4.128506e-02 
 3.305000e+04  1.606321e+03 -6.308270e-02  5.759652e-02 -4.135375e-02 
 3.310000e+04  1.617895e+03 -6.318543e-02  5.768675e-02 -4.142200e-02 
 3.315000e+04  1.629469e+03 -6.328745e-02  5.777643e-02 -4.148983e-02 
 3.320000e+04  1.641043e+03 -6.338878e-02  5.786559e-02 -4.155725e-02 
 3.325000e+04  1.652617e+03 -6.348949e-02  5.795416e-02 -4.162429e-02 
 3.330000e+04  1.664191e+03 -6.358948e-02  5.804216e-02 -4.169087e-02 
 3.335000e+04  1.675765e+03 -6.368884e-02  5.812959e-02 -4.175703e-02 
 3.340000e+04  1.687339e+03 -6.378759e-02  5.821647e-02 -4.182281e-02 
 3.345000e+04  1.698914e+03 -6.388569e-02  5.830283e-02 -4.188815e-02 
 3.350000e+04  1.710488e+03 -6.398313e-02  5.838864e-02 -4.195307e-02 
 3.355000e+04  1.722062e+03 -6.407995e-02  5.847396e-02 -4.201763e-02 
 3.360000e+04  1.733636e+03 -6.417614e-02  5.855878e-02 -4.208181e-02 
 3.365000e+04  1.745210e+03 -6.427177e-02  5.864308e-02 -4.214563e-02 
 3.370000e+04  1.756784e+03 -6.436687e-02  5.872688e-02 -4.220912e-02 
 3.375000e+04  1.768358e+03 -6.446146e-02  5.881017e-02 -4.227226e-02 
 3.380000e+04  1.779932e+03 -6.455553e-02  5.889293e-02 -4.233503e-02 
 3.385000e+04  1.791506e+03 -6.464909e-02  5.897515e-02 -4.239747e-02 
 3.390000e+04  1.803080e+03 -6.474214e-02  5.905690e-02 -4.245957e-02 
 3.395000e+04  1.814654e+03 -6.483465e-02  5.913819e-02 -4.252133e-02 
 3.400000e+04  1.826228e+03 -6.492663e-02  5.921904e-02 -4.258275e-02 
 3.405000e+04  1.837802e+03 -6.501809e-02  5.929944e-02 -4.264386e-02 
 3.410000e+04  1.849376e+03 -6.510906e-02  5.937942e-02 -4.270467e-02 
 3.415000e+04  1.860951e+03 -6.519953e-02  5.945899e-02 -4.276518e-02 
 3.420000e+04  1.872525e+03 -6.528950e-02  5.953813e-02 -4.282538e-02 
 3.425000e+04  1.884099e+03 -6.537894e-02  5.961688e-02 -4.288525e-02 
 3.430000e+04  1.895673e+03 -6.546788e-02  5.969524e-02 -4.294483e-02 
 3.435000e+04  1.907247e+03 -6.555636e-02  5.977321e-02 -4.300411e-02 
 3.440000e+04  1.918821e+03 -6.564435e-02  5.985080e-02 -4.306308e-02 
 3.445000e+04  1.930395e+03 -6.573187e-02  5.992801e-02 -4.312178e-02 
 3.450000e+04  1.941969e+03 -6.581892e-02  6.000485e-02 -4.318019e-02 
 3.455000e+04  1.953543e+03 -6.590549e-02  6.008132e-02 -4.323832e-02 
 3.460000e+04  1.965117e+03 -6.599160e-02  6.015740e-02 -4.329616e-02 
 3.465000e+04  1.976691e+03 -6.607731e-02  6.023310e-02 -4.335374e-02 
 3.470000e+04  1.988265e+03 -6.616261e-02  6.030841e-02 -4.341105e-02 
 3.475000e+04  1.999839e+03 -6.624747e-02  6.038334e-02 -4.346809e-02 
 3.480000e+04  2.011414e+03 -6.633194e-02  6.045791e-02 -4.352489e-02 
 3.485000e+04  2.022988e+03 -6.641600e-02  6.053214e-02 -4.358141e-02 
 3.490000e+04  2.034562e+03 -6.649970e-02  6.060602e-02 -4.363769e-02 
 3.495000e+04  2.046136e+03 -6.658299e-02  6.067959e-02 -4.369373e-02 
 3.500000e+04  2.057710e+03 -6.666589e-02  6.075281e-02 -4.374952e-02 
 3.505000e+04  2.069284e+03 -6.674842e-02  6.082571e-02 -4.380509e-02 
 3.510000e+04  2.080858e+03 -6.683057e-02  6.089826e-02 -4.386043e-02 
 3.515000e+04  2.092432e+03 -6.691235e-02  6.097048e-02 -4.391554e-02 
 3.520000e+04  2.104006e+03 -6.699373e-02  6.104237e-02 -4.397042e-02 
 3.525000e+04  2.115580e+03 -6.707472e-02  6.111396e-02 -4.402506e-02 
 3.530000e+04  2.127154e+03 -6.715533e-02  6.118525e-02 -4.407947e-02 
 3.535000e+04  2.138728e+03 -6.723557e-02  6.125626e-02 -4.413366e-02 
 3.540000e+04  2.150302e+03 -6.731544e-02  6.132698e-02 -4.418761e-02 
 3.545000e+04  2.161876e+03 -6.739497e-02  6.139739e-02 -4.424137e-02 
 3.550000e+04  2.173451e+03 -6.747413e-02  6.146751e-02 -4.429491e-02 
 3.555000e+04  2.185025e+03 -6.755296e-02  6.153734e-02 -4.434826e-02 
 3.560000e+04  2.196599e+03 -6.763151e-02  6.160688e-02 -4.440142e-02 
 3.565000e+04  2.208173e+03 -6.770975e-02  6.167612e-02 -4.445438e-02 
 3.570000e+04  2.219747e+03 -6.778768e-02  6.174505e-02 -4.450713e-02 
 3.575000e+04  2.231321e+03 -6.786528e-02  6.181368e-02 -4.455969e-02 
 3.580000e+04  2.242895e+03 -6.794260e-02  6.188201e-02 -4.461206e-02 
 3.585000e+04  2.254469e+03 -6.801961e-02  6.195008e-02 -4.466424e-02 
 3.590000e+04  2.266043e+03 -6.809629e-02  6.201790e-02 -4.471624e-02 
 3.595000e+04  2.277617e+03 -6.817269e-02  6.208547e-02 -4.476806e-02 
 3.600000e+04  2.289191e+03 -6.824877e-02  6.215284e-02 -4.481970e-02 
 3.605000e+04  2.300765e+03 -6.832456e-02  6.221995e-02 -4.487116e-02 
 3.610000e+04  2.312339e+03 -6.840007e-02  6.228683e-02 -4.492244e-02 
 3.615000e+04  2.323914e+03 -6.847528e-02  6.235345e-02 -4.497355e-02 
 3.620000e+04  2.335488e+03 -6.855020e-02  6.241985e-02 -4.502448e-02 
 3.625000e+04  2.347062e+03 -6.862483e-02  6.248599e-02 -4.507525e-02 
 3.630000e+04  2.358636e+03 -6.869919e-02  6.255189e-02 -4.512585e-02 
 3.635000e+04  2.370210e+03 -6.877328e-02  6.261756e-02 -4.517627e-02 
 3.640000e+04  2.381784e+03 -6.884713e-02  6.268298e-02 -4.522654e-02 
 3.645000e+04  2.393358e+03 -6.892070e-02  6.274819e-02 -4.527664e-02 
 3.650000e+04  2.404932e+03 -6.899401e-02  6.281315e-02 -4.532657e-02 
 3.655000e+04  2.416506e+03 -6.906707e-02  6.287790e-02 -4.537635e-02 
 3.660000e+04  2.428080e+03 -6.913990e-02  6.294243e-02 -4.542597e-02 
 3.665000e+04  2.439654e+03 -6.921248e-02  6.300675e-02 -4.547545e-02 
 3.670000e+04  2.451228e+03 -6.928482e-02  6.307086e-02 -4.552479e-02 
 3.675000e+04  2.462802e+03 -6.935692e-02  6.313475e-02 -4.557397e-02 
 3.680000e+04  2.474376e+03 -6.942882e-02  6.319842e-02 -4.562301e-02 
 3.685000e+04  2.485951e+03 -6.950048e-02  6.326188e-02 -4.567191e-02 
 3.690000e+04  2.497525e+03 -6.957188e-02  6.332513e-02 -4.572065e-02 
 3.695000e+04  2.509099e+03 -6.964305e-02  6.338818e-02 -4.576925e-02 
 3.700000e+04  2.520673e+03 -6.971398e-02  6.345105e-02 -4.581773e-02 
 3.705000e+04  2.532247e+03 -6.978470e-02  6.351374e-02 -4.586582e-02 
 3.710000e+04  2.543821e+03 -6.985521e-02  6.357615e-02 -4.591350e-02 
 3.715000e+04  2.555395e+03 -6.992546e-02  6.363803e-02 -4.596122e-02 
 3.720000e+04  2.566969e+03 -6.999530e-02  6.369974e-02 -4.600902e-02 
 3.725000e+04  2.578543e+03 -7.006488e-02  6.376145e-02 -4.605687e-02 
 3.730000e+04  2.590117e+03 -7.013445e-02  6.382320e-02 -4.610464e-02 
 3.735000e+04  2.601691e+03 -7.020393e-02  6.388493e-02 -4.615220e-02 
 3.740000e+04  2.613265e+03 -7.027323e-02  6.394653e-02 -4.619956e-02 
 3.745000e+04  2.624839e+03 -7.034224e-02  6.400797e-02 -4.624681e-02 
 3.750000e+04  2.636414e+03 -7.041096e-02  6.406922e-02 -4.629375e-02 
 3.755000e+04  2.647988e+03 -7.047939e-02  6.413016e-02 -4.634031e-02 
 3.760000e+04  2.659562e+03 -7.054745e-02  6.419067e-02 -4.638673e-02 
 3.765000e+04  2.671136e+03 -7.061513e-02  6.425088e-02 -4.643310e-02 
 3.770000e+04  2.682710e+03 -7.068273e-02  6.431092e-02 -4.647965e-02 
 3.775000e+04  2.694284e+03 -7.075035e-02  6.437077e-02 -4.652631e-02 
 3.780000e+04  2.705858e+03 -7.081799e-02  6.443061e-02 -4.657296e-02 
 3.785000e+04  2.717432e+03 -7.088564e-02  6.449044e-02 -4.661934e-02 
 3.790000e+04  2.729006e+03 -7.095314e-02  6.455025e-02 -4.666548e-02 
 3.795000e+04  2.740580e+03 -7.102021e-02  6.460991e-02 -4.671146e-02 
 3.800000e+04  2.752154e+03 -7.108694e-02  6.466929e-02 -4.675735e-02 
 3.805000e+04  2.763728e+03 -7.115361e-02  6.472837e-02 -4.680325e-02 
 3.810000e+04  2.775302e+03 -7.122021e-02  6.478727e-02 -4.684884e-02 
 3.815000e+04  2.786876e+03 -7.128666e-02  6.484603e-02 -4.689432e-02 
 3.820000e+04  2.798451e+03 -7.135274e-02  6.490460e-02 -4.693977e-02 
 3.825000e+04  2.810025e+03 -7.141862e-02  6.496301e-02 -4.698517e-02 
 3.830000e+04  2.821599e+03 -7.148447e-02  6.502134e-02 -4.703045e-02 
 3.835000e+04  2.833173e+03 -7.155003e-02  6.507955e-02 -4.707568e-02 
 3.840000e+04  2.844747e+03 -7.161540e-02  6.513765e-02 -4.712075e-02 
 3.845000e+04  2.856321e+03 -7.168059e-02  6.519550e-02 -4.716529e-02 
 3.850000e+04  2.867895e+03 -7.174549e-02  6.525324e-02 -4.720987e-02 
 3.855000e+04  2.879469e+03 -7.181011e-02  6.531089e-02 -4.725454e-02 
 3.860000e+04  2.891043e+03 -7.187453e-02  6.536833e-02 -4.729905e-02 
 3.865000e+04  2.902617e+03 -7.193906e-02  6.542571e-02 -4.734343e-02 
 3.870000e+04  2.914191e+03 -7.200347e-02  6.548291e-02 -4.738774e-02 
 3.875000e+04  2.925765e+03 -7.206759e-02  6.553988e-02 -4.743203e-02 
 3.880000e+04  2.937339e+03 -7.213168e-02  6.559665e-02 -4.747626e-02 
 3.885000e+04  2.948914e+03 -7.219573e-02  6.565343e-02 -4.752032e-02 
 3.890000e+04  2.960488e+03 -7.225966e-02  6.571009e-02 -4.756434e-02 
 3.895000e+04  2.972062e+03 -7.232339e-02  6.576658e-02 -4.760812e-02 
 3.900000e+04  2.983636e+03 -7.238679e-02  6.582300e-02 -4.765173e-02 
 3.905000e+04  2.995210e+03 -7.244978e-02  6.587941e-02 -4.769535e-02 
 3.910000e+04  3.006784e+03 -7.251279e-02  6.593564e-02 -4.773906e-02 
 3.915000e+04  3.018358e+03 -7.257577e-02  6.599157e-02 -4.778272e-02 
 3.920000e+04  3.029932e+03 -7.263881e-02  6.604733e-02 -4.782635e-02 
 3.925000e+04  3.041506e+03 -7.270184e-02  6.610312e-02 -4.786989e-02 
 3.930000e+04  3.053080e+03 -7.276462e-02  6.615890e-02 -4.791330e-02 
 3.935000e+04  3.064654e+03 -7.282713e-02  6.621456e-02 -4.795654e-02 
 3.940000e+04  3.076228e+03 -7.288944e-02  6.627003e-02 -4.799952e-02 
 3.945000e+04  3.087802e+03 -7.295153e-02  6.632543e-02 -4.804241e-02 
 3.950000e+04  3.099376e+03 -7.301360e-02  6.638064e-02 -4.808518e-02 
 3.955000e+04  3.110951e+03 -7.307544e-02  6.643558e-02 -4.812767e-02 
 3.960000e+04  3.122525e+03 -7.313692e-02  6.649042e-02 -4.817017e-02 
 3.965000e+04  3.134099e+03 -7.319845e-02  6.654519e-02 -4.821288e-02 
 3.970000e+04  3.145673e+03 -7.325992e-02  6.659979e-02 -4.825569e-02 
 3.975000e+04  3.157247e+03 -7.332129e-02  6.665425e-02 -4.829821e-02 
 3.980000e+04  3.168821e+03 -7.338274e-02  6.670869e-02 -4.834072e-02 
 3.985000e+04  3.180395e+03 -7.344380e-02  6.676319e-02 -4.838302e-02 
 3.990000e+04  3.191969e+03 -7.350449e-02  6.681768e-02 -4.842512e-02 
 3.995000e+04  3.203543e+03 -7.356505e-02  6.687201e-02 -4.846730e-02 
 4.000000e+04  3.215117e+03 -7.362567e-02  6.692615e-02 -4.850958e-02 
 4.005000e+04  3.226691e+03 -7.368647e-02  6.698009e-02 -4.855188e-02 
 4.010000e+04  3.238265e+03 -7.374726e-02  6.703386e-02 -4.859408e-02 
 4.015000e+04  3.249839e+03 -7.380797e-02  6.708758e-02 -4.863598e-02 
 4.020000e+04  3.261414e+03 -7.386856e-02  6.714125e-02 -4.867763e-02 
 4.025000e+04  3.272988e+03 -7.392875e-02  6.719468e-02 -4.871921e-02 
 4.030000e+04  3.284562e+03 -7.398850e-02  6.724780e-02 -4.876053e-02 
 4.035000e+04  3.296136e+03 -7.404821e-02  6.730081e-02 -4.880183e-02 
 4.040000e+04  3.307710e+03 -7.410781e-02  6.735366e-02 -4.884324e-02 
 4.045000e+04  3.319284e+03 -7.416741e-02  6.740658e-02 -4.888482e-02 
 4.050000e+04  3.330858e+03 -7.422707e-02  6.745956e-02 -4.892647e-02 
 4.055000e+04  3.342432e+03 -7.428672e-02  6.751257e-02 -4.896808e-02 
 4.060000e+04  3.354006e+03 -7.434635e-02  6.756559e-02 -4.900941e-02 
 4.065000e+04  3.365580e+03 -7.440575e-02  6.761851e-02 -4.905048e-02 
 4.070000e+04  3.377154e+03 -7.446470e-02  6.767134e-02 -4.909138e-02 
 4.075000e+04  3.388728e+03 -7.452319e-02  6.772398e-02 -4.913228e-02 
 4.080000e+04  3.400302e+03 -7.458147e-02  6.777649e-02 -4.917286e-02 
 4.085000e+04  3.411876e+03 -7.463965e-02  6.782881e-02 -4.921334e-02 
 4.090000e+04  3.423451e+03 -7.469786e-02  6.788100e-02 -4.925389e-02 
 4.095000e+04  3.435025e+03 -7.475602e-02  6.793307e-02 -4.929450e-02 
 4.100000e+04  3.446599e+03 -7.481435e-02  6.798502e-02 -4.933505e-02 
 4.105000e+04  3.458173e+03 -7.487274e-02  6.803682e-02 -4.937556e-02 
 4.110000e+04  3.469747e+03 -7.493082e-02  6.808849e-02 -4.941612e-02 
 4.115000e+04  3.481321e+03 -7.498857e-02  6.814009e-02 -4.945661e-02 
 4.120000e+04  3.492895e+03 -7.504632e-02  6.819172e-02 -4.949698e-02 
 4.125000e+04  3.504469e+03 -7.510392e-02  6.824336e-02 -4.953729e-02 
 4.130000e+04  3.516043e+03 -7.516143e-02  6.829497e-02 -4.957736e-02 
 4.135000e+04  3.527617e+03 -7.521885e-02  6.834646e-02 -4.961733e-02 
 4.140000e+04  3.539191e+03 -7.527615e-02  6.839779e-02 -4.965739e-02 
 4.145000e+04  3.550765e+03 -7.533365e-02  6.844886e-02 -4.969744e-02 
 4.150000e+04  3.562339e+03 -7.539103e-02  6.849977e-02 -4.973716e-02 
 4.155000e+04  3.573914e+03 -7.544795e-02  6.855061e-02 -4.977685e-02 
 4.160000e+04  3.585488e+03 -7.550471e-02  6.860152e-02 -4.981659e-02 
 4.165000e+04  3.597062e+03 -7.556164e-02  6.865242e-02 -4.985633e-02 
 4.170000e+04  3.608636e+03 -7.561853e-02  6.870321e-02 -4.989593e-02 
 4.175000e+04  3.620210e+03 -7.567540e-02  6.875402e-02 -4.993533e-02 
 4.180000e+04  3.631784e+03 -7.573213e-02  6.880461e-02 -4.997467e-02 
 4.185000e+04  3.643358e+03 -7.578872e-02  6.885525e-02 -5.001416e-02 
 4.190000e+04  3.654932e+03 -7.584521e-02  6.890582e-02 -5.005367e-02 
 4.195000e+04  3.666506e+03 -7.590139e-02  6.895625e-02 -5.009301e-02 
 4.200000e+04  3.678080e+03 -7.595732e-02  6.900660e-02 -5.013231e-02 
 4.205000e+04  3.689654e+03 -7.601327e-02  6.905695e-02 -5.017130e-02 
 4.210000e+04  3.701228e+03 -7.606921e-02  6.910717e-02 -5.021018e-02 
 4.215000e+04  3.712802e+03 -7.612523e-02  6.915738e-02 -5.024924e-02 
 4.220000e+04  3.724376e+03 -7.618119e-02  6.920755e-02 -5.028820e-02 
 4.225000e+04  3.735951e+03 -7.623734e-02  6.925760e-02 -5.032685e-02 
 4.230000e+04  3.747525e+03 -7.629354e-02  6.930744e-02 -5.036555e-02 
 4.235000e+04  3.759099e+03 -7.634897e-02  6.935721e-02 -5.040433e-02 
 4.240000e+04  3.770673e+03 -7.640424e-02  6.940700e-02 -5.044325e-02 
 4.245000e+04  3.782247e+03 -7.645970e-02  6.945668e-02 -5.048211e-02 
 4.250000e+04  3.793821e+03 -7.651538e-02  6.950630e-02 -5.052085e-02 
 4.255000e+04  3.805395e+03 -7.657117e-02  6.955591e-02 -5.055950e-02 
 4.260000e+04  3.816969e+03 -7.662686e-02  6.960554e-02 -5.059813e-02 
 4.265000e+04  3.828543e+03 -7.668244e-02  6.965520e-02 -5.063664e-02 
 4.270000e+04  3.840117e+03 -7.673793e-02  6.970468e-02 -5.067498e-02 
 4.275000e+04  3.851691e+03 -7.679317e-02  6.975404e-02 -5.071326e-02 
 4.280000e+04  3.863265e+03 -7.684837e-02  6.980311e-02 -5.075104e-02 
 4.285000e+04  3.874839e+03 -7.690339e-02  6.985210e-02 -5.078887e-02 
 4.290000e+04  3.886414e+03 -7.695841e-02  6.990078e-02 -5.082686e-02 
 4.295000e+04  3.897988e+03 -7.701327e-02  6.994951e-02 -5.086473e-02 
 4.300000e+04  3.909562e+03 -7.706786e-02  6.999815e-02 -5.090259e-02 
 4.305000e+04  3.921136e+03 -7.712232e-02  7.004674e-02 -5.094038e-02 
 4.310000e+04  3.932710e+03 -7.717649e-02  7.009537e-02 -5.097808e-02 
 4.315000e+04  3.944284e+03 -7.723059e-02  7.014423e-02 -5.101588e-02 
 4.320000e+04  3.955858e+03 -7.728477e-02  7.019324e-02 -5.105365e-02 
 4.325000e+04  3.967432e+03 -7.733909e-02  7.024233e-02 -5.109137e-02 
 4.330000e+04  3.979006e+03 -7.739329e-02  7.029140e-02 -5.112904e-02 
 4.335000e+04  3.990580e+03 -7.744748e-02  7.034039e-02 -5.116664e-02 
 4.340000e+04  4.002154e+03 -7.750161e-02  7.038915e-02 -5.120418e-02 
 4.345000e+04  4.013728e+03 -7.755567e-02  7.043774e-02 -5.124173e-02 
 4.350000e+04  4.025302e+03 -7.760946e-02  7.048614e-02 -5.127906e-02 
 4.355000e+04  4.036876e+03 -7.766279e-02  7.053442e-02 -5.131632e-02 
 4.360000e+04  4.048451e+03 -7.771612e-02  7.058248e-02 -5.135365e-02 
 4.365000e+04  4.060025e+03 -7.776969e-02  7.063005e-02 -5.139082e-02 
 4.370000e+04  4.071599e+03 -7.782316e-02  7.067744e-02 -5.142785e-02 
 4.375000e+04  4.083173e+03 -7.787677e-02  7.072474e-02 -5.146490e-02 
 4.380000e+04  4.094747e+03 -7.793062e-02  7.077235e-02 -5.150206e-02 
 4.385000e+04  4.106321e+03 -7.798459e-02  7.082010e-02 -5.153913e-02 
 4.390000e+04  4.117895e+03 -7.803865e-02  7.086797e-02 -5.157618e-02 
 4.395000e+04  4.129469e+03 -7.809268e-02  7.091600e-02 -5.161327e-02 
 4.400000e+04  4.141043e+03 -7.814631e-02  7.096402e-02 -5.165019e-02 
 4.405000e+04  4.152617e+03 -7.819966e-02  7.101154e-02 -5.168700e-02 
 4.410000e+04  4.164191e+03 -7.825295e-02  7.105845e-02 -5.172391e-02 
 4.415000e+04  4.175765e+03 -7.830616e-02  7.110528e-02 -5.176083e-02 
 4.420000e+04  4.187339e+03 -7.835917e-02  7.115206e-02 -5.179761e-02 
 4.425000e+04  4.198914e+03 -7.841173e-02  7.119893e-02 -5.183418e-02 
 4.430000e+04  4.210488e+03 -7.846404e-02  7.124609e-02 -5.187058e-02 
 4.435000e+04  4.222062e+03 -7.851599e-02  7.129363e-02 -5.190703e-02 
 4.440000e+04  4.233636e+03 -7.856804e-02  7.134135e-02 -5.194346e-02 
 4.445000e+04  4.245210e+03 -7.862021e-02  7.138914e-02 -5.198004e-02 
 4.450000e+04  4.256784e+03 -7.867261e-02  7.143691e-02 -5.201667e-02 
 4.455000e+04  4.268358e+03 -7.872499e-02  7.148443e-02 -5.205337e-02 
 4.460000e+04  4.279932e+03 -7.877725e-02  7.153157e-02 -5.208995e-02 
 4.465000e+04  4.291506e+03 -7.882958e-02  7.157856e-02 -5.212640e-02 
 4.470000e+04  4.303080e+03 -7.888195e-02  7.162545e-02 -5.216270e-02 
 4.475000e+04  4.314654e+03 -7.893441e-02  7.167216e-02 -5.219886e-02 
 4.480000e+04  4.326228e+03 -7.898691e-02  7.171864e-02 -5.223508e-02 
 4.485000e+04  4.337802e+03 -7.903948e-02  7.176517e-02 -5.227120e-02 
 4.490000e+04  4.349376e+03 -7.909171e-02  7.181157e-02 -5.230731e-02 
 4.495000e+04  4.360951e+03 -7.914358e-02  7.185787e-02 -5.234336e-02 
 4.500000e+04  4.372525e+03 -7.919536e-02  7.190399e-02 -5.237919e-02 
 4.505000e+04  4.384099e+03 -7.924716e-02  7.194986e-02 -5.241502e-02 
 4.510000e+04  4.395673e+03 -7.929898e-02  7.199589e-02 -5.245081e-02 
 4.515000e+04  4.407247e+03 -7.935045e-02  7.204213e-02 -5.248668e-02 
 4.520000e+04  4.418821e+03 -7.940195e-02  7.208836e-02 -5.252265e-02 
 4.525000e+04  4.430395e+03 -7.945361e-02  7.213451e-02 -5.255868e-02 
 4.530000e+04  4.441969e+03 -7.950540e-02  7.218083e-02 -5.259464e-02 
 4.535000e+04  4.453543e+03 -7.955720e-02  7.222729e-02 -5.263056e-02 
 4.540000e+04  4.465117e+03 -7.960874e-02  7.227397e-02 -5.266646e-02 
 4.545000e+04  4.476691e+03 -7.965973e-02  7.232082e-02 -5.270211e-02 
 4.550000e+04  4.488265e+03 -7.971058e-02  7.236760e-02 -5.273749e-02 
 4.555000e+04  4.499839e+03 -7.976147e-02  7.241404e-02 -5.277300e-02 
 4.560000e+04  4.511414e+03 -7.981245e-02  7.245983e-02 -5.280858e-02 
 4.565000e+04  4.522988e+03 -7.986330e-02  7.250504e-02 -5.284416e-02 
 4.570000e+04  4.534562e+03 -7.991418e-02  7.255013e-02 -5.287955e-02 
 4.575000e+04  4.546136e+03 -7.996494e-02  7.259480e-02 -5.291481e-02 
 4.580000e+04  4.557710e+03 -8.001578e-02  7.263935e-02 -5.294978e-02 
 4.585000e+04  4.569284e+03 -8.006703e-02  7.268389e-02 -5.298484e-02 
 4.590000e+04  4.580858e+03 -8.011863e-02  7.272844e-02 -5.302004e-02 
 4.595000e+04  4.592432e+03 -8.017030e-02  7.277301e-02 -5.305534e-02 
 4.600000e+04  4.604006e+03 -8.022186e-02  7.281800e-02 -5.309073e-02 
 4.605000e+04  4.615580e+03 -8.027327e-02  7.286329e-02 -5.312616e-02 
 4.610000e+04  4.627154e+03 -8.032440e-02  7.290876e-02 -5.316141e-02 
 4.615000e+04  4.638728e+03 -8.037512e-02  7.295419e-02 -5.319649e-02 
 4.620000e+04  4.650302e+03 -8.042577e-02  7.299959e-02 -5.323161e-02 
 4.625000e+04  4.661876e+03 -8.047651e-02  7.304489e-02 -5.326675e-02 
 4.630000e+04  4.673451e+03 -8.052723e-02  7.309000e-02 -5.330184e-02 
 4.635000e+04  4.685025e+03 -8.057785e-02  7.313512e-02 -5.333696e-02 
 4.640000e+04  4.696599e+03 -8.062828e-02  7.318033e-02 -5.337209e-02 
 4.645000e+04  4.708173e+03 -8.067861e-02  7.322566e-02 -5.340718e-02 
 4.650000e+04  4.719747e+03 -8.072875e-02  7.327098e-02 -5.344212e-02 
 4.655000e+04  4.731321e+03 -8.077869e-02  7.331621e-02 -5.347688e-02 
 4.660000e+04  4.742895e+03 -8.082862e-02  7.336146e-02 -5.351170e-02 
 4.665000e+04  4.754469e+03 -8.087860e-02  7.340648e-02 -5.354655e-02 
 4.670000e+04  4.766043e+03 -8.092868e-02  7.345127e-02 -5.358142e-02 
 4.675000e+04  4.777617e+03 -8.097849e-02  7.349588e-02 -5.361626e-02 
 4.680000e+04  4.789191e+03 -8.102787e-02  7.354029e-02 -5.365095e-02 
 4.685000e+04  4.800765e+03 -8.107740e-02  7.358464e-02 -5.368566e-02 
 4.690000e+04  4.812339e+03 -8.112733e-02  7.362911e-02 -5.372040e-02 
 4.695000e+04  4.823914e+03 -8.117756e-02  7.367350e-02 -5.375500e-02 
 4.700000e+04  4.835488e+03 -8.122798e-02  7.371794e-02 -5.378959e-02 
 4.705000e+04  4.847062e+03 -8.127838e-02  7.376241e-02 -5.382418e-02 
 4.710000e+04  4.858636e+03 -8.132861e-02  7.380695e-02 -5.385881e-02 
 4.715000e+04  4.870210e+03 -8.137841e-02  7.385145e-02 -5.389328e-02 
 4.720000e+04  4.881784e+03 -8.142799e-02  7.389593e-02 -5.392769e-02 
 4.725000e+04  4.893358e+03 -8.147704e-02  7.394039e-02 -5.396203e-02 
 4.730000e+04  4.904932e+03 -8.152602e-02  7.398475e-02 -5.399638e-02 
 4.735000e+04  4.916506e+03 -8.157504e-02  7.402913e-02 -5.403084e-02 
 4.740000e+04  4.928080e+03 -8.162408e-02  7.407340e-02 -5.406526e-02 
 4.745000e+04  4.939654e+03 -8.167321e-02  7.411768e-02 -5.409961e-02 
 4.750000e+04  4.951228e+03 -8.172249e-02  7.416186e-02 -5.413396e-02 
 4.755000e+04  4.962802e+03 -8.177185e-02  7.420606e-02 -5.416832e-02 
 4.760000e+04  4.974376e+03 -8.182108e-02  7.425027e-02 -5.420262e-02 
 4.765000e+04  4.985951e+03 -8.186970e-02  7.429451e-02 -5.423695e-02 
 4.770000e+04  4.997525e+03 -8.191826e-02  7.433876e-02 -5.427116e-02 
 4.775000e+04  5.009099e+03 -8.196686e-02  7.438277e-02 -5.430523e-02 
 4.780000e+04  5.020673e+03 -8.201568e-02  7.442679e-02 -5.433925e-02 
 4.785000e+04  5.032247e+03 -8.206448e-02  7.447078e-02 -5.437332e-02 
 4.790000e+04  5.043821e+03 -8.211341e-02  7.451464e-02 -5.440740e-02 
 4.795000e+04  5.055395e+03 -8.216251e-02  7.455852e-02 -5.444143e-02 
 4.800000e+04  5.066969e+03 -8.221169e-02  7.460235e-02 -5.447547e-02 
 4.805000e+04  5.078543e+03 -8.226071e-02  7.464611e-02 -5.450944e-02 
 4.810000e+04  5.090117e+03 -8.230961e-02  7.468980e-02 -5.454347e-02 
 4.815000e+04  5.101691e+03 -8.235848e-02  7.473350e-02 -5.457753e-02 
 4.820000e+04  5.113265e+03 -8.240715e-02  7.477719e-02 -5.461156e-02 
 4.825000e+04  5.124839e+03 -8.245574e-02  7.482066e-02 -5.464550e-02 
 4.830000e+04  5.136414e+03 -8.250424e-02  7.486422e-02 -5.467936e-02 
 4.835000e+04  5.147988e+03 -8.255270e-02  7.490764e-02 -5.471322e-02 
 4.840000e+04  5.159562e+03 -8.260122e-02  7.495102e-02 -5.474700e-02 
 4.845000e+04  5.171136e+03 -8.264981e-02  7.499451e-02 -5.478067e-02 
 4.850000e+04  5.182710e+03 -8.269838e-02  7.503789e-02 -5.481413e-02 
 4.855000e+04  5.194284e+03 -8.274685e-02  7.508104e-02 -5.484771e-02 
 4.860000e+04  5.205858e+03 -8.279519e-02  7.512439e-02 -5.488142e-02 
 4.865000e+04  5.217432e+03 -8.284343e-02  7.516775e-02 -5.491523e-02 
 4.870000e+04  5.229006e+03 -8.289165e-02  7.521131e-02 -5.494904e-02 
 4.875000e+04  5.240580e+03 -8.293987e-02  7.525494e-02 -5.498283e-02 
 4.880000e+04  5.252154e+03 -8.298815e-02  7.529853e-02 -5.501654e-02 
 4.885000e+04  5.263728e+03 -8.303646e-02  7.534205e-02 -5.505017e-02 
 4.890000e+04  5.275302e+03 -8.308479e-02  7.538551e-02 -5.508374e-02 
 4.895000e+04  5.286876e+03 -8.313309e-02  7.542886e-02 -5.511725e-02 
