         Step [creep.tim... Z Displace... Z Displace... X Displace... 
------------- ------------- ------------- ------------- ------------- 
 5.250000e+03  1.276223e-07 -4.629353e-03  4.524540e-03 -2.433365e-03 
 5.300000e+03  3.886505e-06 -4.629567e-03  4.524657e-03 -2.433581e-03 
 5.350000e+03  2.874834e-05 -4.630606e-03  4.524928e-03 -2.434339e-03 
 5.400000e+03  1.478057e-04 -4.631261e-03  4.525160e-03 -2.434555e-03 
 5.450000e+03  5.454569e-04 -4.632257e-03  4.526706e-03 -2.436023e-03 
 5.500000e+03  9.862156e-04 -4.635727e-03  4.530247e-03 -2.439443e-03 
 5.550000e+03  1.426974e-03 -4.641415e-03  4.535939e-03 -2.444333e-03 
 5.600000e+03  1.883212e-03 -4.648265e-03  4.543728e-03 -2.449845e-03 
 5.650000e+03  2.628904e-03 -4.659279e-03  4.556866e-03 -2.458142e-03 
 5.700000e+03  3.422027e-03 -4.668833e-03  4.568028e-03 -2.464664e-03 
 5.750000e+03  4.313274e-03 -4.676006e-03  4.574601e-03 -2.468680e-03 
 5.800000e+03  5.229580e-03 -4.682455e-03  4.579760e-03 -2.472745e-03 
 5.850000e+03  6.145886e-03 -4.690347e-03  4.586606e-03 -2.478732e-03 
 5.900000e+03  7.062192e-03 -4.699891e-03  4.596157e-03 -2.486814e-03 
 5.950000e+03  7.978497e-03 -4.710534e-03  4.607930e-03 -2.496346e-03 
 6.000000e+03  9.281634e-03 -4.725744e-03  4.625404e-03 -2.509745e-03 
 6.050000e+03  1.070313e-02 -4.740869e-03  4.641279e-03 -2.521171e-03 
 6.100000e+03  1.218858e-02 -4.753936e-03  4.653132e-03 -2.528804e-03 
 6.150000e+03  1.375578e-02 -4.766050e-03  4.664323e-03 -2.535417e-03 
 6.200000e+03  1.532297e-02 -4.778419e-03  4.676932e-03 -2.543348e-03 
 6.250000e+03  1.689016e-02 -4.792242e-03  4.691977e-03 -2.553658e-03 
 6.300000e+03  1.845736e-02 -4.807493e-03  4.708959e-03 -2.566352e-03 
 6.350000e+03  2.043959e-02 -4.827231e-03  4.730046e-03 -2.583845e-03 
 6.400000e+03  2.264479e-02 -4.846375e-03  4.749367e-03 -2.600208e-03 
 6.450000e+03  2.491978e-02 -4.862769e-03  4.765900e-03 -2.612692e-03 
 6.500000e+03  2.735102e-02 -4.879238e-03  4.782890e-03 -2.623756e-03 
 6.550000e+03  2.978225e-02 -4.896214e-03  4.800684e-03 -2.634869e-03 
 6.600000e+03  3.221348e-02 -4.914825e-03  4.820367e-03 -2.647567e-03 
 6.650000e+03  3.464471e-02 -4.935272e-03  4.842194e-03 -2.662446e-03 
 6.700000e+03  3.752825e-02 -4.959934e-03  4.868648e-03 -2.681635e-03 
 6.750000e+03  4.063119e-02 -4.982479e-03  4.891663e-03 -2.700235e-03 
 6.800000e+03  4.403475e-02 -5.003480e-03  4.912173e-03 -2.717461e-03 
 6.850000e+03  4.799497e-02 -5.027390e-03  4.935756e-03 -2.735719e-03 
 6.900000e+03  5.195519e-02 -5.051556e-03  4.960046e-03 -2.753225e-03 
 6.950000e+03  5.591541e-02 -5.076635e-03  4.985738e-03 -2.771235e-03 
 7.000000e+03  5.987959e-02 -5.103593e-03  5.013554e-03 -2.790279e-03 
 7.050000e+03  6.455001e-02 -5.136497e-03  5.047482e-03 -2.813004e-03 
 7.100000e+03  6.936368e-02 -5.166109e-03  5.077190e-03 -2.833781e-03 
 7.150000e+03  7.448803e-02 -5.193003e-03  5.104408e-03 -2.854158e-03 
 7.200000e+03  8.033908e-02 -5.222647e-03  5.134841e-03 -2.877315e-03 
 7.250000e+03  8.619013e-02 -5.252114e-03  5.165236e-03 -2.900125e-03 
 7.300000e+03  9.204118e-02 -5.281955e-03  5.196183e-03 -2.922997e-03 
 7.350000e+03  9.840426e-02 -5.315744e-03  5.230773e-03 -2.948120e-03 
 7.400000e+03  1.055162e-01 -5.354010e-03  5.268862e-03 -2.974682e-03 
 7.450000e+03  1.126282e-01 -5.388164e-03  5.302790e-03 -2.997895e-03 
 7.500000e+03  1.197402e-01 -5.419276e-03  5.334566e-03 -3.020023e-03 
 7.550000e+03  1.268522e-01 -5.449724e-03  5.365966e-03 -3.042360e-03 
 7.600000e+03  1.339642e-01 -5.479849e-03  5.397257e-03 -3.065029e-03 
 7.650000e+03  1.412224e-01 -5.510521e-03  5.428869e-03 -3.088613e-03 
 7.700000e+03  1.504691e-01 -5.549839e-03  5.468711e-03 -3.118513e-03 
 7.750000e+03  1.599998e-01 -5.589105e-03  5.507187e-03 -3.146972e-03 
 7.800000e+03  1.695306e-01 -5.625772e-03  5.542810e-03 -3.172434e-03 
 7.850000e+03  1.790613e-01 -5.661225e-03  5.577511e-03 -3.196718e-03 
 7.900000e+03  1.885921e-01 -5.696480e-03  5.612133e-03 -3.220745e-03 
 7.950000e+03  1.981228e-01 -5.731279e-03  5.646703e-03 -3.245164e-03 
 8.000000e+03  2.077107e-01 -5.765312e-03  5.681190e-03 -3.270247e-03 
 8.050000e+03  2.189487e-01 -5.803418e-03  5.719995e-03 -3.299444e-03 
 8.100000e+03  2.309504e-01 -5.841785e-03  5.758979e-03 -3.328700e-03 
 8.150000e+03  2.431143e-01 -5.879579e-03  5.796938e-03 -3.356327e-03 
 8.200000e+03  2.552782e-01 -5.917058e-03  5.834494e-03 -3.382391e-03 
 8.250000e+03  2.674421e-01 -5.954488e-03  5.871741e-03 -3.407887e-03 
 8.300000e+03  2.796060e-01 -5.991748e-03  5.908635e-03 -3.433431e-03 
 8.350000e+03  2.917700e-01 -6.027726e-03  5.944613e-03 -3.458966e-03 
 8.400000e+03  3.045913e-01 -6.063136e-03  5.980595e-03 -3.485370e-03 
 8.450000e+03  3.185653e-01 -6.099873e-03  6.018521e-03 -3.513534e-03 
 8.500000e+03  3.326465e-01 -6.136262e-03  6.056169e-03 -3.540865e-03 
 8.550000e+03  3.467278e-01 -6.172592e-03  6.093097e-03 -3.566931e-03 
 8.600000e+03  3.618567e-01 -6.211825e-03  6.132510e-03 -3.594135e-03 
 8.650000e+03  3.780954e-01 -6.253854e-03  6.174161e-03 -3.622795e-03 
 8.700000e+03  3.943962e-01 -6.294759e-03  6.214074e-03 -3.650799e-03 
 8.750000e+03  4.106970e-01 -6.333916e-03  6.251820e-03 -3.678192e-03 
 8.800000e+03  4.269978e-01 -6.371751e-03  6.288572e-03 -3.705317e-03 
 8.850000e+03  4.432986e-01 -6.408552e-03  6.324859e-03 -3.732094e-03 
 8.900000e+03  4.596157e-01 -6.444549e-03  6.360587e-03 -3.758323e-03 
 8.950000e+03  4.777945e-01 -6.484455e-03  6.400246e-03 -3.786854e-03 
 9.000000e+03  4.974006e-01 -6.527295e-03  6.442924e-03 -3.816525e-03 
 9.050000e+03  5.172143e-01 -6.569607e-03  6.484909e-03 -3.845214e-03 
 9.100000e+03  5.370281e-01 -6.610734e-03  6.525004e-03 -3.873031e-03 
 9.150000e+03  5.568418e-01 -6.650895e-03  6.563845e-03 -3.900659e-03 
 9.200000e+03  5.766555e-01 -6.689948e-03  6.601806e-03 -3.928286e-03 
 9.250000e+03  5.964693e-01 -6.727314e-03  6.638945e-03 -3.955786e-03 
 9.300000e+03  6.166396e-01 -6.764494e-03  6.676466e-03 -3.983298e-03 
 9.350000e+03  6.384219e-01 -6.804496e-03  6.716943e-03 -4.012058e-03 
 9.400000e+03  6.602665e-01 -6.844089e-03  6.757219e-03 -4.039590e-03 
 9.450000e+03  6.822204e-01 -6.883137e-03  6.796996e-03 -4.066149e-03 
 9.500000e+03  7.051572e-01 -6.923500e-03  6.837586e-03 -4.093533e-03 
 9.550000e+03  7.280941e-01 -6.963188e-03  6.876909e-03 -4.120987e-03 
 9.600000e+03  7.510310e-01 -7.001728e-03  6.914542e-03 -4.148441e-03 
 9.650000e+03  7.743119e-01 -7.039796e-03  6.951711e-03 -4.176029e-03 
 9.700000e+03  7.991181e-01 -7.079888e-03  6.990888e-03 -4.204835e-03 
 9.750000e+03  8.244060e-01 -7.120312e-03  7.030469e-03 -4.233282e-03 
 9.800000e+03  8.496939e-01 -7.160117e-03  7.069691e-03 -4.260649e-03 
 9.850000e+03  8.755382e-01 -7.200482e-03  7.109602e-03 -4.287809e-03 
 9.900000e+03  9.028339e-01 -7.242630e-03  7.151473e-03 -4.316217e-03 
 9.950000e+03  9.307138e-01 -7.284665e-03  7.193077e-03 -4.344953e-03 
 1.000000e+04  9.585937e-01 -7.325628e-03  7.232788e-03 -4.373451e-03 
 1.005000e+04  9.876725e-01 -7.367534e-03  7.272968e-03 -4.403013e-03 
 1.010000e+04  1.016946e+00 -7.408890e-03  7.312829e-03 -4.432392e-03 
 1.015000e+04  1.046220e+00 -7.449250e-03  7.352248e-03 -4.460959e-03 
 1.020000e+04  1.075494e+00 -7.489292e-03  7.391538e-03 -4.488623e-03 
 1.025000e+04  1.104768e+00 -7.529254e-03  7.430994e-03 -4.515665e-03 
 1.030000e+04  1.134042e+00 -7.568557e-03  7.470312e-03 -4.542131e-03 
 1.035000e+04  1.163814e+00 -7.607446e-03  7.509498e-03 -4.568678e-03 
 1.040000e+04  1.196701e+00 -7.649429e-03  7.551664e-03 -4.597974e-03 
 1.045000e+04  1.230589e+00 -7.692056e-03  7.593842e-03 -4.628150e-03 
 1.050000e+04  1.264478e+00 -7.733770e-03  7.634699e-03 -4.657935e-03 
 1.055000e+04  1.298366e+00 -7.774897e-03  7.674881e-03 -4.686986e-03 
 1.060000e+04  1.333000e+00 -7.816895e-03  7.715837e-03 -4.715950e-03 
 1.065000e+04  1.368582e+00 -7.859898e-03  7.757688e-03 -4.744965e-03 
 1.070000e+04  1.404165e+00 -7.902045e-03  7.798944e-03 -4.773367e-03 
 1.075000e+04  1.439854e+00 -7.943479e-03  7.839771e-03 -4.801505e-03 
 1.080000e+04  1.477216e+00 -7.986094e-03  7.882099e-03 -4.830877e-03 
 1.085000e+04  1.514578e+00 -8.027869e-03  7.923435e-03 -4.860049e-03 
 1.090000e+04  1.552463e+00 -8.069581e-03  7.964014e-03 -4.889212e-03 
 1.095000e+04  1.594807e+00 -8.115912e-03  8.008627e-03 -4.921349e-03 
 1.100000e+04  1.638058e+00 -8.162939e-03  8.053709e-03 -4.953540e-03 
 1.105000e+04  1.681309e+00 -8.209093e-03  8.098095e-03 -4.984854e-03 
 1.110000e+04  1.724560e+00 -8.254639e-03  8.142032e-03 -5.015470e-03 
 1.115000e+04  1.767811e+00 -8.299587e-03  8.185730e-03 -5.045763e-03 
 1.120000e+04  1.811062e+00 -8.343515e-03  8.228958e-03 -5.075774e-03 
 1.125000e+04  1.854442e+00 -8.386348e-03  8.271535e-03 -5.105608e-03 
 1.130000e+04  1.901445e+00 -8.432049e-03  8.317007e-03 -5.137719e-03 
 1.135000e+04  1.949129e+00 -8.478098e-03  8.362492e-03 -5.169915e-03 
 1.140000e+04  1.996813e+00 -8.523618e-03  8.406983e-03 -5.201396e-03 
 1.145000e+04  2.045404e+00 -8.569550e-03  8.451576e-03 -5.232647e-03 
 1.150000e+04  2.095472e+00 -8.616656e-03  8.497068e-03 -5.264297e-03 
 1.155000e+04  2.145540e+00 -8.663159e-03  8.541989e-03 -5.295605e-03 
 1.160000e+04  2.195608e+00 -8.708518e-03  8.586142e-03 -5.326604e-03 
 1.165000e+04  2.245777e+00 -8.753065e-03  8.629875e-03 -5.357479e-03 
 1.170000e+04  2.298349e+00 -8.799063e-03  8.675424e-03 -5.389616e-03 
 1.175000e+04  2.350920e+00 -8.844465e-03  8.720309e-03 -5.421222e-03 
 1.180000e+04  2.404977e+00 -8.890755e-03  8.765668e-03 -5.452996e-03 
 1.185000e+04  2.464618e+00 -8.941736e-03  8.815045e-03 -5.487454e-03 
 1.190000e+04  2.525477e+00 -8.993393e-03  8.864573e-03 -5.522157e-03 
 1.195000e+04  2.586335e+00 -9.044074e-03  8.913053e-03 -5.556294e-03 
 1.200000e+04  2.647193e+00 -9.093847e-03  8.960722e-03 -5.590058e-03 
 1.205000e+04  2.708052e+00 -9.142955e-03  9.007927e-03 -5.623599e-03 
 1.210000e+04  2.768910e+00 -9.191096e-03  9.054695e-03 -5.656736e-03 
 1.215000e+04  2.829768e+00 -9.238286e-03  9.100973e-03 -5.689410e-03 
 1.220000e+04  2.895791e+00 -9.289043e-03  9.150880e-03 -5.724315e-03 
 1.225000e+04  2.962887e+00 -9.340365e-03  9.201185e-03 -5.759242e-03 
 1.230000e+04  3.029983e+00 -9.391042e-03  9.250512e-03 -5.793556e-03 
 1.235000e+04  3.098019e+00 -9.441802e-03  9.299477e-03 -5.827785e-03 
 1.240000e+04  3.168470e+00 -9.493904e-03  9.349368e-03 -5.862908e-03 
 1.245000e+04  3.238921e+00 -9.545168e-03  9.398569e-03 -5.897781e-03 
 1.250000e+04  3.309372e+00 -9.595234e-03  9.446989e-03 -5.932356e-03 
 1.255000e+04  3.379824e+00 -9.644600e-03  9.495038e-03 -5.966479e-03 
 1.260000e+04  3.453093e+00 -9.695528e-03  9.544904e-03 -6.001507e-03 
 1.265000e+04  3.527066e+00 -9.746394e-03  9.594922e-03 -6.036244e-03 
 1.270000e+04  3.602520e+00 -9.797751e-03  9.645153e-03 -6.070929e-03 
 1.275000e+04  3.683920e+00 -9.852812e-03  9.698578e-03 -6.107949e-03 
 1.280000e+04  3.765476e+00 -9.907500e-03  9.750988e-03 -6.144817e-03 
 1.285000e+04  3.847032e+00 -9.961169e-03  9.802124e-03 -6.181292e-03 
 1.290000e+04  3.928588e+00 -1.001397e-02  9.852526e-03 -6.217433e-03 
 1.295000e+04  4.010144e+00 -1.006630e-02  9.902596e-03 -6.253213e-03 
 1.300000e+04  4.091700e+00 -1.011801e-02  9.952292e-03 -6.288403e-03 
 1.305000e+04  4.173909e+00 -1.016940e-02  1.000202e-02 -6.323245e-03 
 1.310000e+04  4.262197e+00 -1.022407e-02  1.005516e-02 -6.360196e-03 
 1.315000e+04  4.352113e+00 -1.027926e-02  1.010886e-02 -6.397409e-03 
 1.320000e+04  4.442028e+00 -1.033365e-02  1.016152e-02 -6.434239e-03 
 1.325000e+04  4.534839e+00 -1.038908e-02  1.021470e-02 -6.471867e-03 
 1.330000e+04  4.633971e+00 -1.044773e-02  1.027064e-02 -6.511701e-03 
 1.335000e+04  4.733103e+00 -1.050558e-02  1.032587e-02 -6.551087e-03 
 1.340000e+04  4.832234e+00 -1.056241e-02  1.038046e-02 -6.589888e-03 
 1.345000e+04  4.931366e+00 -1.061867e-02  1.043473e-02 -6.628088e-03 
 1.350000e+04  5.030498e+00 -1.067446e-02  1.048879e-02 -6.665842e-03 
 1.355000e+04  5.129630e+00 -1.072945e-02  1.054238e-02 -6.703100e-03 
 1.360000e+04  5.234725e+00 -1.078699e-02  1.059843e-02 -6.742108e-03 
 1.365000e+04  5.349482e+00 -1.084933e-02  1.065876e-02 -6.784347e-03 
 1.370000e+04  5.464240e+00 -1.091102e-02  1.071786e-02 -6.826248e-03 
 1.375000e+04  5.578997e+00 -1.097180e-02  1.077577e-02 -6.867601e-03 
 1.380000e+04  5.696394e+00 -1.103331e-02  1.083424e-02 -6.909299e-03 
 1.385000e+04  5.816889e+00 -1.109602e-02  1.089381e-02 -6.951555e-03 
 1.390000e+04  5.937385e+00 -1.115785e-02  1.095289e-02 -6.993198e-03 
 1.395000e+04  6.057880e+00 -1.121875e-02  1.101139e-02 -7.034248e-03 
 1.400000e+04  6.183557e+00 -1.128150e-02  1.107197e-02 -7.076672e-03 
 1.405000e+04  6.310077e+00 -1.134395e-02  1.113233e-02 -7.119006e-03 
 1.410000e+04  6.436597e+00 -1.140557e-02  1.119159e-02 -7.160793e-03 
 1.415000e+04  6.572524e+00 -1.147113e-02  1.125417e-02 -7.205158e-03 
 1.420000e+04  6.712012e+00 -1.153796e-02  1.131755e-02 -7.250215e-03 
 1.425000e+04  6.851501e+00 -1.160390e-02  1.138009e-02 -7.294681e-03 
 1.430000e+04  6.990989e+00 -1.166884e-02  1.144186e-02 -7.338504e-03 
 1.435000e+04  7.132988e+00 -1.173420e-02  1.150430e-02 -7.382546e-03 
 1.440000e+04  7.279451e+00 -1.180080e-02  1.156828e-02 -7.427499e-03 
 1.445000e+04  7.425914e+00 -1.186644e-02  1.163156e-02 -7.471899e-03 
 1.450000e+04  7.579671e+00 -1.193439e-02  1.169719e-02 -7.518015e-03 
 1.455000e+04  7.741146e+00 -1.200512e-02  1.176526e-02 -7.565993e-03 
 1.460000e+04  7.902621e+00 -1.207510e-02  1.183224e-02 -7.613383e-03 
 1.465000e+04  8.064097e+00 -1.214424e-02  1.189805e-02 -7.660031e-03 
 1.470000e+04  8.233323e+00 -1.221610e-02  1.196614e-02 -7.708271e-03 
 1.475000e+04  8.402872e+00 -1.228739e-02  1.203372e-02 -7.756084e-03 
 1.480000e+04  8.572421e+00 -1.235761e-02  1.210046e-02 -7.803350e-03 
 1.485000e+04  8.745039e+00 -1.242805e-02  1.216769e-02 -7.850879e-03 
 1.490000e+04  8.931967e+00 -1.250353e-02  1.223988e-02 -7.901872e-03 
 1.495000e+04  9.118895e+00 -1.257813e-02  1.231132e-02 -7.952274e-03 
 1.500000e+04  9.308253e+00 -1.265275e-02  1.238251e-02 -8.002500e-03 
 1.505000e+04  9.513801e+00 -1.273309e-02  1.245868e-02 -8.056345e-03 
 1.510000e+04  9.730193e+00 -1.281684e-02  1.253786e-02 -8.112423e-03 
 1.515000e+04  9.946585e+00 -1.289928e-02  1.261571e-02 -8.167731e-03 
 1.520000e+04  1.016298e+01 -1.298056e-02  1.269247e-02 -8.222278e-03 
 1.525000e+04  1.037937e+01 -1.306082e-02  1.276844e-02 -8.276202e-03 
 1.530000e+04  1.059576e+01 -1.313996e-02  1.284362e-02 -8.329452e-03 
 1.535000e+04  1.081367e+01 -1.321851e-02  1.291857e-02 -8.382351e-03 
 1.540000e+04  1.105639e+01 -1.330508e-02  1.300121e-02 -8.440567e-03 
 1.545000e+04  1.130689e+01 -1.339352e-02  1.308551e-02 -8.499977e-03 
 1.550000e+04  1.155739e+01 -1.348073e-02  1.316833e-02 -8.558543e-03 
 1.555000e+04  1.181394e+01 -1.356887e-02  1.325163e-02 -8.617570e-03 
 1.560000e+04  1.209012e+01 -1.366280e-02  1.334017e-02 -8.680378e-03 
 1.565000e+04  1.236630e+01 -1.375543e-02  1.342757e-02 -8.742405e-03 
 1.570000e+04  1.264247e+01 -1.384658e-02  1.351377e-02 -8.803504e-03 
 1.575000e+04  1.292390e+01 -1.393819e-02  1.360059e-02 -8.864955e-03 
 1.580000e+04  1.321389e+01 -1.403151e-02  1.368911e-02 -8.927511e-03 
 1.585000e+04  1.350387e+01 -1.412353e-02  1.377649e-02 -8.989182e-03 
 1.590000e+04  1.380952e+01 -1.421930e-02  1.386726e-02 -9.053195e-03 
 1.595000e+04  1.414457e+01 -1.432334e-02  1.396534e-02 -9.122527e-03 
 1.600000e+04  1.448027e+01 -1.442623e-02  1.406193e-02 -9.191112e-03 
 1.605000e+04  1.481597e+01 -1.452744e-02  1.415683e-02 -9.258609e-03 
 1.610000e+04  1.515770e+01 -1.462904e-02  1.425209e-02 -9.326347e-03 
 1.615000e+04  1.551018e+01 -1.473254e-02  1.434930e-02 -9.395294e-03 
 1.620000e+04  1.586266e+01 -1.483443e-02  1.444527e-02 -9.463209e-03 
 1.625000e+04  1.622152e+01 -1.493668e-02  1.454177e-02 -9.531356e-03 
 1.630000e+04  1.661013e+01 -1.504614e-02  1.464511e-02 -9.604274e-03 
 1.635000e+04  1.699874e+01 -1.515410e-02  1.474687e-02 -9.676194e-03 
 1.640000e+04  1.738735e+01 -1.526039e-02  1.484684e-02 -9.746935e-03 
 1.645000e+04  1.779590e+01 -1.537085e-02  1.495021e-02 -9.820233e-03 
 1.650000e+04  1.822434e+01 -1.548529e-02  1.505719e-02 -9.896196e-03 
 1.655000e+04  1.865278e+01 -1.559794e-02  1.516265e-02 -9.971024e-03 
 1.660000e+04  1.908251e+01 -1.570922e-02  1.526686e-02 -1.004483e-02 
 1.665000e+04  1.953237e+01 -1.582419e-02  1.537468e-02 -1.012107e-02 
 1.670000e+04  1.998224e+01 -1.593748e-02  1.548115e-02 -1.019623e-02 
 1.675000e+04  2.043705e+01 -1.605033e-02  1.558716e-02 -1.027106e-02 
 1.680000e+04  2.094450e+01 -1.617479e-02  1.570364e-02 -1.035345e-02 
 1.685000e+04  2.146528e+01 -1.630093e-02  1.582146e-02 -1.043688e-02 
 1.690000e+04  2.198605e+01 -1.642501e-02  1.593716e-02 -1.051887e-02 
 1.695000e+04  2.250943e+01 -1.654788e-02  1.605137e-02 -1.059985e-02 
 1.700000e+04  2.305624e+01 -1.667464e-02  1.616910e-02 -1.068332e-02 
 1.705000e+04  2.360306e+01 -1.679944e-02  1.628525e-02 -1.076561e-02 
 1.710000e+04  2.414987e+01 -1.692221e-02  1.639973e-02 -1.084654e-02 
 1.715000e+04  2.474414e+01 -1.705389e-02  1.652242e-02 -1.093325e-02 
 1.720000e+04  2.534701e+01 -1.718567e-02  1.664520e-02 -1.102008e-02 
 1.725000e+04  2.594987e+01 -1.731534e-02  1.676589e-02 -1.110541e-02 
 1.730000e+04  2.658468e+01 -1.744996e-02  1.689074e-02 -1.119373e-02 
 1.735000e+04  2.724933e+01 -1.758920e-02  1.701955e-02 -1.128492e-02 
 1.740000e+04  2.791399e+01 -1.772620e-02  1.714636e-02 -1.137472e-02 
 1.745000e+04  2.857864e+01 -1.786090e-02  1.727109e-02 -1.146301e-02 
 1.750000e+04  2.928640e+01 -1.800223e-02  1.740195e-02 -1.155557e-02 
 1.755000e+04  3.001918e+01 -1.814638e-02  1.753567e-02 -1.165007e-02 
 1.760000e+04  3.075196e+01 -1.828814e-02  1.766726e-02 -1.174285e-02 
 1.765000e+04  3.152431e+01 -1.843537e-02  1.780369e-02 -1.183903e-02 
 1.770000e+04  3.233220e+01 -1.858734e-02  1.794417e-02 -1.193820e-02 
 1.775000e+04  3.314010e+01 -1.873680e-02  1.808214e-02 -1.203567e-02 
 1.780000e+04  3.395122e+01 -1.888435e-02  1.821808e-02 -1.213175e-02 
 1.785000e+04  3.483768e+01 -1.904338e-02  1.836424e-02 -1.223515e-02 
 1.790000e+04  3.572838e+01 -1.920066e-02  1.850897e-02 -1.233745e-02 
 1.795000e+04  3.661908e+01 -1.935514e-02  1.865125e-02 -1.243784e-02 
 1.800000e+04  3.753668e+01 -1.951181e-02  1.879532e-02 -1.253940e-02 
 1.805000e+04  3.851868e+01 -1.967706e-02  1.894715e-02 -1.264650e-02 
 1.810000e+04  3.950067e+01 -1.983946e-02  1.909639e-02 -1.275173e-02 
 1.815000e+04  4.049151e+01 -2.000060e-02  1.924416e-02 -1.285596e-02 
 1.820000e+04  4.155457e+01 -2.017097e-02  1.939988e-02 -1.296597e-02 
 1.825000e+04  4.263722e+01 -2.034164e-02  1.955587e-02 -1.307613e-02 
 1.830000e+04  4.371987e+01 -2.050922e-02  1.970906e-02 -1.318410e-02 
 1.835000e+04  4.484756e+01 -2.068084e-02  1.986582e-02 -1.329454e-02 
 1.840000e+04  4.604119e+01 -2.085959e-02  2.002921e-02 -1.340966e-02 
 1.845000e+04  4.723481e+01 -2.103499e-02  2.018974e-02 -1.352262e-02 
 1.850000e+04  4.843918e+01 -2.120887e-02  2.034863e-02 -1.363437e-02 
 1.855000e+04  4.975013e+01 -2.139518e-02  2.051866e-02 -1.375397e-02 
 1.860000e+04  5.106610e+01 -2.157902e-02  2.068625e-02 -1.387186e-02 
 1.865000e+04  5.238207e+01 -2.175946e-02  2.085049e-02 -1.398736e-02 
 1.870000e+04  5.373621e+01 -2.194201e-02  2.101627e-02 -1.410400e-02 
 1.875000e+04  5.511797e+01 -2.212512e-02  2.118259e-02 -1.422103e-02 
 1.880000e+04  5.649974e+01 -2.230490e-02  2.134592e-02 -1.433579e-02 
 1.885000e+04  5.795177e+01 -2.249055e-02  2.151444e-02 -1.445412e-02 
 1.890000e+04  5.947517e+01 -2.268227e-02  2.168836e-02 -1.457626e-02 
 1.895000e+04  6.099857e+01 -2.287056e-02  2.185909e-02 -1.469608e-02 
 1.900000e+04  6.253111e+01 -2.305653e-02  2.202738e-02 -1.481411e-02 
 1.905000e+04  6.419147e+01 -2.325465e-02  2.220632e-02 -1.493969e-02 
 1.910000e+04  6.587101e+01 -2.345156e-02  2.238412e-02 -1.506453e-02 
 1.915000e+04  6.755056e+01 -2.364470e-02  2.255840e-02 -1.518683e-02 
 1.920000e+04  6.927042e+01 -2.383882e-02  2.273334e-02 -1.530955e-02 
 1.925000e+04  7.110978e+01 -2.404286e-02  2.291723e-02 -1.543852e-02 
 1.930000e+04  7.296148e+01 -2.424448e-02  2.309902e-02 -1.556581e-02 
 1.935000e+04  7.481318e+01 -2.444225e-02  2.327714e-02 -1.569039e-02 
 1.940000e+04  7.673525e+01 -2.464379e-02  2.345840e-02 -1.581730e-02 
 1.945000e+04  7.867953e+01 -2.484389e-02  2.363832e-02 -1.594332e-02 
 1.950000e+04  8.062382e+01 -2.504018e-02  2.381476e-02 -1.606676e-02 
 1.955000e+04  8.274105e+01 -2.525016e-02  2.400332e-02 -1.619861e-02 
 1.960000e+04  8.488463e+01 -2.545904e-02  2.419078e-02 -1.632966e-02 
 1.965000e+04  8.702821e+01 -2.566378e-02  2.437443e-02 -1.645796e-02 
 1.970000e+04  8.920404e+01 -2.586754e-02  2.455700e-02 -1.658547e-02 
 1.975000e+04  9.156734e+01 -2.608488e-02  2.475159e-02 -1.672144e-02 
 1.980000e+04  9.393063e+01 -2.629815e-02  2.494236e-02 -1.685474e-02 
 1.985000e+04  9.629392e+01 -2.650730e-02  2.512908e-02 -1.698519e-02 
 1.990000e+04  9.878554e+01 -2.672365e-02  2.532178e-02 -1.711988e-02 
 1.995000e+04  1.013911e+02 -2.694575e-02  2.551947e-02 -1.725807e-02 
 2.000000e+04  1.039966e+02 -2.716330e-02  2.571309e-02 -1.739330e-02 
 2.005000e+04  1.066021e+02 -2.737637e-02  2.590253e-02 -1.752560e-02 
 2.010000e+04  1.092077e+02 -2.758518e-02  2.608811e-02 -1.765526e-02 
 2.015000e+04  1.118132e+02 -2.778985e-02  2.627007e-02 -1.778228e-02 
 2.020000e+04  1.147251e+02 -2.801427e-02  2.646962e-02 -1.792141e-02 
 2.025000e+04  1.177413e+02 -2.824261e-02  2.667259e-02 -1.806292e-02 
 2.030000e+04  1.207575e+02 -2.846629e-02  2.687128e-02 -1.820143e-02 
 2.035000e+04  1.237737e+02 -2.868510e-02  2.706544e-02 -1.833673e-02 
 2.040000e+04  1.267900e+02 -2.889920e-02  2.725526e-02 -1.846906e-02 
 2.045000e+04  1.298062e+02 -2.910890e-02  2.744118e-02 -1.859870e-02 
 2.050000e+04  1.329340e+02 -2.932221e-02  2.763013e-02 -1.873042e-02 
 2.055000e+04  1.361897e+02 -2.954028e-02  2.782300e-02 -1.886490e-02 
 2.060000e+04  1.395151e+02 -2.975896e-02  2.801620e-02 -1.899966e-02 
 2.065000e+04  1.428405e+02 -2.997321e-02  2.820540e-02 -1.913157e-02 
 2.070000e+04  1.461659e+02 -3.018296e-02  2.839049e-02 -1.926057e-02 
 2.075000e+04  1.496177e+02 -3.039634e-02  2.857862e-02 -1.939175e-02 
 2.080000e+04  1.531093e+02 -3.060806e-02  2.876518e-02 -1.952194e-02 
 2.085000e+04  1.566010e+02 -3.081564e-02  2.894799e-02 -1.964958e-02 
 2.090000e+04  1.602044e+02 -3.102575e-02  2.913288e-02 -1.977866e-02 
 2.095000e+04  1.638706e+02 -3.123554e-02  2.931735e-02 -1.990739e-02 
 2.100000e+04  1.675369e+02 -3.144125e-02  2.949808e-02 -2.003351e-02 
 2.105000e+04  1.714387e+02 -3.165592e-02  2.968655e-02 -2.016508e-02 
 2.110000e+04  1.754807e+02 -3.187411e-02  2.987804e-02 -2.029886e-02 
 2.115000e+04  1.795227e+02 -3.208777e-02  3.006553e-02 -2.042992e-02 
 2.120000e+04  1.835648e+02 -3.229699e-02  3.024899e-02 -2.055819e-02 
 2.125000e+04  1.876068e+02 -3.250195e-02  3.042862e-02 -2.068378e-02 
 2.130000e+04  1.916488e+02 -3.270289e-02  3.060462e-02 -2.080681e-02 
 2.135000e+04  1.958242e+02 -3.290651e-02  3.078282e-02 -2.093140e-02 
 2.140000e+04  2.000684e+02 -3.310969e-02  3.096055e-02 -2.105573e-02 
 2.145000e+04  2.043125e+02 -3.330899e-02  3.113487e-02 -2.117775e-02 
 2.150000e+04  2.085566e+02 -3.350435e-02  3.130577e-02 -2.129738e-02 
 2.155000e+04  2.129790e+02 -3.370397e-02  3.148044e-02 -2.141963e-02 
 2.160000e+04  2.174354e+02 -3.390139e-02  3.165319e-02 -2.154053e-02 
 2.165000e+04  2.221101e+02 -3.410467e-02  3.183092e-02 -2.166500e-02 
 2.170000e+04  2.267892e+02 -3.430438e-02  3.200525e-02 -2.178723e-02 
 2.175000e+04  2.314684e+02 -3.450030e-02  3.217598e-02 -2.190709e-02 
 2.180000e+04  2.361476e+02 -3.469244e-02  3.234324e-02 -2.202456e-02 
 2.185000e+04  2.408267e+02 -3.488093e-02  3.250713e-02 -2.213971e-02 
 2.190000e+04  2.455059e+02 -3.506593e-02  3.266792e-02 -2.225278e-02 
 2.195000e+04  2.503348e+02 -3.525339e-02  3.283088e-02 -2.236744e-02 
 2.200000e+04  2.552479e+02 -3.544078e-02  3.299384e-02 -2.248212e-02 
 2.205000e+04  2.601610e+02 -3.562477e-02  3.315392e-02 -2.259474e-02 
 2.210000e+04  2.650741e+02 -3.580541e-02  3.331107e-02 -2.270530e-02 
 2.215000e+04  2.699872e+02 -3.598274e-02  3.346530e-02 -2.281384e-02 
 2.220000e+04  2.749003e+02 -3.615686e-02  3.361666e-02 -2.292045e-02 
 2.225000e+04  2.798233e+02 -3.632822e-02  3.376560e-02 -2.302545e-02 
 2.230000e+04  2.849821e+02 -3.650482e-02  3.391907e-02 -2.313372e-02 
 2.235000e+04  2.901408e+02 -3.667854e-02  3.407000e-02 -2.324020e-02 
 2.240000e+04  2.952996e+02 -3.684934e-02  3.421831e-02 -2.334482e-02 
 2.245000e+04  3.004584e+02 -3.701724e-02  3.436396e-02 -2.344767e-02 
 2.250000e+04  3.056171e+02 -3.718227e-02  3.450702e-02 -2.354879e-02 
 2.255000e+04  3.108739e+02 -3.734758e-02  3.465025e-02 -2.365012e-02 
 2.260000e+04  3.162906e+02 -3.751526e-02  3.479542e-02 -2.375291e-02 
 2.265000e+04  3.217074e+02 -3.768029e-02  3.493815e-02 -2.385411e-02 
 2.270000e+04  3.271241e+02 -3.784262e-02  3.507849e-02 -2.395367e-02 
 2.275000e+04  3.325408e+02 -3.800226e-02  3.521647e-02 -2.405156e-02 
 2.280000e+04  3.379575e+02 -3.815930e-02  3.535216e-02 -2.414786e-02 
 2.285000e+04  3.433742e+02 -3.831379e-02  3.548564e-02 -2.424266e-02 
 2.290000e+04  3.488884e+02 -3.846854e-02  3.561939e-02 -2.433769e-02 
 2.295000e+04  3.545760e+02 -3.862582e-02  3.575524e-02 -2.443429e-02 
 2.300000e+04  3.602635e+02 -3.878065e-02  3.588899e-02 -2.452947e-02 
 2.305000e+04  3.659511e+02 -3.893298e-02  3.602061e-02 -2.462318e-02 
 2.310000e+04  3.716386e+02 -3.908284e-02  3.615013e-02 -2.471541e-02 
 2.315000e+04  3.773261e+02 -3.923030e-02  3.627760e-02 -2.480622e-02 
 2.320000e+04  3.830137e+02 -3.937551e-02  3.640313e-02 -2.489565e-02 
 2.325000e+04  3.887012e+02 -3.951867e-02  3.652680e-02 -2.498381e-02 
 2.330000e+04  3.943888e+02 -3.965977e-02  3.664862e-02 -2.507072e-02 
 2.335000e+04  4.000763e+02 -3.979886e-02  3.676859e-02 -2.515643e-02 
 2.340000e+04  4.060255e+02 -3.994229e-02  3.689226e-02 -2.524489e-02 
 2.345000e+04  4.119974e+02 -4.008429e-02  3.701464e-02 -2.533252e-02 
 2.350000e+04  4.179694e+02 -4.022424e-02  3.713528e-02 -2.541890e-02 
 2.355000e+04  4.239413e+02 -4.036220e-02  3.725412e-02 -2.550399e-02 
 2.360000e+04  4.299132e+02 -4.049824e-02  3.737116e-02 -2.558789e-02 
 2.365000e+04  4.361598e+02 -4.063852e-02  3.749183e-02 -2.567450e-02 
 2.370000e+04  4.424304e+02 -4.077742e-02  3.761121e-02 -2.576030e-02 
 2.375000e+04  4.487009e+02 -4.091435e-02  3.772889e-02 -2.584494e-02 
 2.380000e+04  4.549714e+02 -4.104935e-02  3.784489e-02 -2.592841e-02 
 2.385000e+04  4.612419e+02 -4.118249e-02  3.795924e-02 -2.601073e-02 
 2.390000e+04  4.675124e+02 -4.131374e-02  3.807195e-02 -2.609192e-02 
 2.395000e+04  4.737830e+02 -4.144317e-02  3.818314e-02 -2.617204e-02 
 2.400000e+04  4.802541e+02 -4.157492e-02  3.829636e-02 -2.625367e-02 
 2.405000e+04  4.868382e+02 -4.170721e-02  3.841008e-02 -2.633568e-02 
 2.410000e+04  4.934222e+02 -4.183767e-02  3.852232e-02 -2.641666e-02 
 2.415000e+04  5.001840e+02 -4.196985e-02  3.863600e-02 -2.649873e-02 
 2.420000e+04  5.070973e+02 -4.210320e-02  3.875067e-02 -2.658155e-02 
 2.425000e+04  5.140105e+02 -4.223468e-02  3.886377e-02 -2.666330e-02 
 2.430000e+04  5.209238e+02 -4.236429e-02  3.897523e-02 -2.674392e-02 
 2.435000e+04  5.281274e+02 -4.249757e-02  3.908978e-02 -2.682681e-02 
 2.440000e+04  5.353863e+02 -4.263014e-02  3.920366e-02 -2.690931e-02 
 2.445000e+04  5.426452e+02 -4.276089e-02  3.931587e-02 -2.699068e-02 
 2.450000e+04  5.501146e+02 -4.289365e-02  3.942971e-02 -2.707332e-02 
 2.455000e+04  5.577365e+02 -4.302742e-02  3.954437e-02 -2.715667e-02 
 2.460000e+04  5.653583e+02 -4.315934e-02  3.965741e-02 -2.723892e-02 
 2.465000e+04  5.732165e+02 -4.329344e-02  3.977228e-02 -2.732252e-02 
 2.470000e+04  5.815796e+02 -4.343435e-02  3.989293e-02 -2.741041e-02 
 2.475000e+04  5.899827e+02 -4.357402e-02  4.001245e-02 -2.749758e-02 
 2.480000e+04  5.983857e+02 -4.371159e-02  4.013021e-02 -2.758351e-02 
 2.485000e+04  6.068141e+02 -4.384752e-02  4.024662e-02 -2.766850e-02 
 2.490000e+04  6.156373e+02 -4.398776e-02  4.036680e-02 -2.775631e-02 
 2.495000e+04  6.244606e+02 -4.412597e-02  4.048526e-02 -2.784288e-02 
 2.500000e+04  6.332838e+02 -4.426222e-02  4.060202e-02 -2.792828e-02 
 2.505000e+04  6.425129e+02 -4.440270e-02  4.072253e-02 -2.801643e-02 
 2.510000e+04  6.517773e+02 -4.454167e-02  4.084186e-02 -2.810376e-02 
 2.515000e+04  6.610418e+02 -4.467858e-02  4.095948e-02 -2.818981e-02 
 2.520000e+04  6.708347e+02 -4.482117e-02  4.108199e-02 -2.827949e-02 
 2.525000e+04  6.810487e+02 -4.496791e-02  4.120812e-02 -2.837187e-02 
 2.530000e+04  6.912627e+02 -4.511248e-02  4.133247e-02 -2.846299e-02 
 2.535000e+04  7.014768e+02 -4.525486e-02  4.145490e-02 -2.855275e-02 
 2.540000e+04  7.116908e+02 -4.539515e-02  4.157545e-02 -2.864125e-02 
 2.545000e+04  7.219048e+02 -4.553340e-02  4.169421e-02 -2.872854e-02 
 2.550000e+04  7.322618e+02 -4.567158e-02  4.181286e-02 -2.881580e-02 
 2.555000e+04  7.429865e+02 -4.581281e-02  4.193404e-02 -2.890498e-02 
 2.560000e+04  7.542260e+02 -4.595897e-02  4.205942e-02 -2.899731e-02 
 2.565000e+04  7.654870e+02 -4.610346e-02  4.218329e-02 -2.908861e-02 
 2.570000e+04  7.767479e+02 -4.624585e-02  4.230529e-02 -2.917865e-02 
 2.575000e+04  7.880089e+02 -4.638617e-02  4.242548e-02 -2.926753e-02 
 2.580000e+04  7.993951e+02 -4.652601e-02  4.254524e-02 -2.935623e-02 
 2.585000e+04  8.109692e+02 -4.666620e-02  4.266528e-02 -2.944520e-02 
 2.590000e+04  8.225432e+02 -4.680452e-02  4.278366e-02 -2.953302e-02 
 2.595000e+04  8.341173e+02 -4.694111e-02  4.290053e-02 -2.961987e-02 
 2.600000e+04  8.456914e+02 -4.707605e-02  4.301596e-02 -2.970579e-02 
 2.605000e+04  8.572654e+02 -4.720931e-02  4.312997e-02 -2.979070e-02 
 2.610000e+04  8.688395e+02 -4.734088e-02  4.324266e-02 -2.987468e-02 
 2.615000e+04  8.804136e+02 -4.747079e-02  4.335406e-02 -2.995777e-02 
 2.620000e+04  8.919877e+02 -4.759909e-02  4.346415e-02 -3.004004e-02 
 2.625000e+04  9.035617e+02 -4.772573e-02  4.357302e-02 -3.012142e-02 
 2.630000e+04  9.151358e+02 -4.785084e-02  4.368077e-02 -3.020193e-02 
 2.635000e+04  9.267099e+02 -4.797463e-02  4.378739e-02 -3.028165e-02 
 2.640000e+04  9.382840e+02 -4.809710e-02  4.389276e-02 -3.036061e-02 
 2.645000e+04  9.498580e+02 -4.821823e-02  4.399697e-02 -3.043887e-02 
 2.650000e+04  9.614321e+02 -4.833810e-02  4.410008e-02 -3.051646e-02 
 2.655000e+04  9.730062e+02 -4.845674e-02  4.420213e-02 -3.059335e-02 
 2.660000e+04  9.845803e+02 -4.857420e-02  4.430316e-02 -3.066958e-02 
 2.665000e+04  9.961543e+02 -4.869047e-02  4.440315e-02 -3.074512e-02 
 2.670000e+04  1.007728e+03 -4.880565e-02  4.450213e-02 -3.082004e-02 
 2.675000e+04  1.019302e+03 -4.891977e-02  4.460014e-02 -3.089435e-02 
 2.680000e+04  1.030877e+03 -4.903278e-02  4.469727e-02 -3.096803e-02 
 2.685000e+04  1.042451e+03 -4.914475e-02  4.479354e-02 -3.104114e-02 
 2.690000e+04  1.054025e+03 -4.925572e-02  4.488896e-02 -3.111366e-02 
 2.695000e+04  1.065599e+03 -4.936568e-02  4.498357e-02 -3.118563e-02 
 2.700000e+04  1.077173e+03 -4.947467e-02  4.507734e-02 -3.125705e-02 
 2.705000e+04  1.088747e+03 -4.958276e-02  4.517035e-02 -3.132744e-02 
 2.710000e+04  1.100321e+03 -4.968996e-02  4.526215e-02 -3.139753e-02 
 2.715000e+04  1.111895e+03 -4.979614e-02  4.535317e-02 -3.146730e-02 
 2.720000e+04  1.123469e+03 -4.990140e-02  4.544375e-02 -3.153674e-02 
 2.725000e+04  1.135043e+03 -5.000610e-02  4.553404e-02 -3.160569e-02 
 2.730000e+04  1.146617e+03 -5.011012e-02  4.562385e-02 -3.167409e-02 
 2.735000e+04  1.158191e+03 -5.021320e-02  4.571295e-02 -3.174186e-02 
 2.740000e+04  1.169765e+03 -5.031532e-02  4.580135e-02 -3.180895e-02 
 2.745000e+04  1.181340e+03 -5.041659e-02  4.588866e-02 -3.187559e-02 
 2.750000e+04  1.192914e+03 -5.051707e-02  4.597523e-02 -3.194159e-02 
 2.755000e+04  1.204488e+03 -5.061689e-02  4.606111e-02 -3.200727e-02 
 2.760000e+04  1.216062e+03 -5.071575e-02  4.614671e-02 -3.207275e-02 
 2.765000e+04  1.227636e+03 -5.081422e-02  4.623204e-02 -3.213820e-02 
 2.770000e+04  1.239210e+03 -5.091258e-02  4.631694e-02 -3.220327e-02 
 2.775000e+04  1.250784e+03 -5.101065e-02  4.640135e-02 -3.226772e-02 
 2.780000e+04  1.262358e+03 -5.110790e-02  4.648532e-02 -3.233171e-02 
 2.785000e+04  1.273932e+03 -5.120430e-02  4.656873e-02 -3.239537e-02 
 2.790000e+04  1.285506e+03 -5.130008e-02  4.665148e-02 -3.245845e-02 
 2.795000e+04  1.297080e+03 -5.139554e-02  4.673363e-02 -3.252119e-02 
 2.800000e+04  1.308654e+03 -5.149047e-02  4.681514e-02 -3.258361e-02 
 2.805000e+04  1.320228e+03 -5.158481e-02  4.689608e-02 -3.264588e-02 
 2.810000e+04  1.331802e+03 -5.167894e-02  4.697665e-02 -3.270793e-02 
 2.815000e+04  1.343377e+03 -5.177287e-02  4.705691e-02 -3.276920e-02 
 2.820000e+04  1.354951e+03 -5.186627e-02  4.713664e-02 -3.282999e-02 
 2.825000e+04  1.366525e+03 -5.195858e-02  4.721587e-02 -3.289034e-02 
 2.830000e+04  1.378099e+03 -5.205022e-02  4.729473e-02 -3.295068e-02 
 2.835000e+04  1.389673e+03 -5.214162e-02  4.737306e-02 -3.301098e-02 
 2.840000e+04  1.401247e+03 -5.223262e-02  4.745107e-02 -3.307091e-02 
 2.845000e+04  1.412821e+03 -5.232319e-02  4.752888e-02 -3.313050e-02 
 2.850000e+04  1.424395e+03 -5.241339e-02  4.760653e-02 -3.318972e-02 
 2.855000e+04  1.435969e+03 -5.250306e-02  4.768381e-02 -3.324849e-02 
 2.860000e+04  1.447543e+03 -5.259209e-02  4.776047e-02 -3.330699e-02 
 2.865000e+04  1.459117e+03 -5.268044e-02  4.783650e-02 -3.336506e-02 
 2.870000e+04  1.470691e+03 -5.276817e-02  4.791179e-02 -3.342292e-02 
 2.875000e+04  1.482265e+03 -5.285561e-02  4.798668e-02 -3.348080e-02 
 2.880000e+04  1.493840e+03 -5.294290e-02  4.806126e-02 -3.353846e-02 
 2.885000e+04  1.505414e+03 -5.302991e-02  4.813564e-02 -3.359532e-02 
 2.890000e+04  1.516988e+03 -5.311634e-02  4.820943e-02 -3.365159e-02 
 2.895000e+04  1.528562e+03 -5.320223e-02  4.828266e-02 -3.370777e-02 
 2.900000e+04  1.540136e+03 -5.328714e-02  4.835551e-02 -3.376379e-02 
 2.905000e+04  1.551710e+03 -5.337178e-02  4.842823e-02 -3.381988e-02 
 2.910000e+04  1.563284e+03 -5.345625e-02  4.850079e-02 -3.387589e-02 
 2.915000e+04  1.574858e+03 -5.354042e-02  4.857309e-02 -3.393159e-02 
 2.920000e+04  1.586432e+03 -5.362399e-02  4.864510e-02 -3.398692e-02 
 2.925000e+04  1.598006e+03 -5.370724e-02  4.871676e-02 -3.404201e-02 
 2.930000e+04  1.609580e+03 -5.379004e-02  4.878823e-02 -3.409679e-02 
 2.935000e+04  1.621154e+03 -5.387212e-02  4.885921e-02 -3.415108e-02 
 2.940000e+04  1.632728e+03 -5.395368e-02  4.892989e-02 -3.420527e-02 
 2.945000e+04  1.644302e+03 -5.403463e-02  4.900022e-02 -3.425901e-02 
 2.950000e+04  1.655877e+03 -5.411516e-02  4.907013e-02 -3.431274e-02 
 2.955000e+04  1.667451e+03 -5.419502e-02  4.913986e-02 -3.436631e-02 
 2.960000e+04  1.679025e+03 -5.427466e-02  4.920944e-02 -3.441966e-02 
 2.965000e+04  1.690599e+03 -5.435420e-02  4.927879e-02 -3.447286e-02 
 2.970000e+04  1.702173e+03 -5.443358e-02  4.934767e-02 -3.452554e-02 
 2.975000e+04  1.713747e+03 -5.451281e-02  4.941608e-02 -3.457807e-02 
 2.980000e+04  1.725321e+03 -5.459101e-02  4.948406e-02 -3.463025e-02 
 2.985000e+04  1.736895e+03 -5.466870e-02  4.955164e-02 -3.468235e-02 
 2.990000e+04  1.748469e+03 -5.474623e-02  4.961891e-02 -3.473435e-02 
 2.995000e+04  1.760043e+03 -5.482386e-02  4.968578e-02 -3.478593e-02 
 3.000000e+04  1.771617e+03 -5.490152e-02  4.975236e-02 -3.483748e-02 
 3.005000e+04  1.783191e+03 -5.497896e-02  4.981882e-02 -3.488904e-02 
 3.010000e+04  1.794765e+03 -5.505591e-02  4.988507e-02 -3.494036e-02 
 3.015000e+04  1.806340e+03 -5.513227e-02  4.995109e-02 -3.499127e-02 
 3.020000e+04  1.817914e+03 -5.520827e-02  5.001648e-02 -3.504193e-02 
 3.025000e+04  1.829488e+03 -5.528410e-02  5.008127e-02 -3.509219e-02 
 3.030000e+04  1.841062e+03 -5.535916e-02  5.014569e-02 -3.514233e-02 
 3.035000e+04  1.852636e+03 -5.543379e-02  5.021008e-02 -3.519241e-02 
 3.040000e+04  1.864210e+03 -5.550839e-02  5.027453e-02 -3.524253e-02 
 3.045000e+04  1.875784e+03 -5.558280e-02  5.033900e-02 -3.529250e-02 
 3.050000e+04  1.887358e+03 -5.565633e-02  5.040331e-02 -3.534216e-02 
 3.055000e+04  1.898932e+03 -5.572981e-02  5.046731e-02 -3.539184e-02 
 3.060000e+04  1.910506e+03 -5.580336e-02  5.053094e-02 -3.544141e-02 
 3.065000e+04  1.922080e+03 -5.587642e-02  5.059394e-02 -3.549063e-02 
 3.070000e+04  1.933654e+03 -5.594937e-02  5.065642e-02 -3.553945e-02 
 3.075000e+04  1.945228e+03 -5.602155e-02  5.071897e-02 -3.558825e-02 
 3.080000e+04  1.956802e+03 -5.609353e-02  5.078147e-02 -3.563659e-02 
 3.085000e+04  1.968377e+03 -5.616521e-02  5.084366e-02 -3.568485e-02 
 3.090000e+04  1.979951e+03 -5.623653e-02  5.090580e-02 -3.573328e-02 
 3.095000e+04  1.991525e+03 -5.630749e-02  5.096791e-02 -3.578164e-02 
 3.100000e+04  2.003099e+03 -5.637864e-02  5.102974e-02 -3.582995e-02 
 3.105000e+04  2.014673e+03 -5.644999e-02  5.109122e-02 -3.587815e-02 
 3.110000e+04  2.026247e+03 -5.652139e-02  5.115238e-02 -3.592624e-02 
 3.115000e+04  2.037821e+03 -5.659279e-02  5.121308e-02 -3.597415e-02 
 3.120000e+04  2.049395e+03 -5.666392e-02  5.127359e-02 -3.602168e-02 
 3.125000e+04  2.060969e+03 -5.673407e-02  5.133411e-02 -3.606888e-02 
 3.130000e+04  2.072543e+03 -5.680336e-02  5.139455e-02 -3.611600e-02 
 3.135000e+04  2.084117e+03 -5.687174e-02  5.145447e-02 -3.616309e-02 
 3.140000e+04  2.095691e+03 -5.694003e-02  5.151400e-02 -3.620966e-02 
 3.145000e+04  2.107265e+03 -5.700873e-02  5.157338e-02 -3.625597e-02 
 3.150000e+04  2.118840e+03 -5.707765e-02  5.163270e-02 -3.630218e-02 
 3.155000e+04  2.130414e+03 -5.714601e-02  5.169198e-02 -3.634853e-02 
 3.160000e+04  2.141988e+03 -5.721446e-02  5.175134e-02 -3.639512e-02 
 3.165000e+04  2.153562e+03 -5.728290e-02  5.181056e-02 -3.644177e-02 
 3.170000e+04  2.165136e+03 -5.735096e-02  5.186939e-02 -3.648812e-02 
 3.175000e+04  2.176710e+03 -5.741890e-02  5.192795e-02 -3.653401e-02 
 3.180000e+04  2.188284e+03 -5.748646e-02  5.198656e-02 -3.657979e-02 
 3.185000e+04  2.199858e+03 -5.755328e-02  5.204501e-02 -3.662552e-02 
 3.190000e+04  2.211432e+03 -5.761980e-02  5.210322e-02 -3.667107e-02 
 3.195000e+04  2.223006e+03 -5.768637e-02  5.216132e-02 -3.671659e-02 
 3.200000e+04  2.234580e+03 -5.775306e-02  5.221913e-02 -3.676188e-02 
 3.205000e+04  2.246154e+03 -5.781971e-02  5.227664e-02 -3.680677e-02 
 3.210000e+04  2.257728e+03 -5.788588e-02  5.233386e-02 -3.685158e-02 
 3.215000e+04  2.269302e+03 -5.795205e-02  5.239110e-02 -3.689666e-02 
 3.220000e+04  2.280877e+03 -5.801801e-02  5.244815e-02 -3.694165e-02 
 3.225000e+04  2.292451e+03 -5.808380e-02  5.250498e-02 -3.698648e-02 
 3.230000e+04  2.304025e+03 -5.814951e-02  5.256161e-02 -3.703116e-02 
 3.235000e+04  2.315599e+03 -5.821469e-02  5.261816e-02 -3.707575e-02 
 3.240000e+04  2.327173e+03 -5.827917e-02  5.267461e-02 -3.712007e-02 
 3.245000e+04  2.338747e+03 -5.834343e-02  5.273085e-02 -3.716428e-02 
 3.250000e+04  2.350321e+03 -5.840789e-02  5.278708e-02 -3.720841e-02 
 3.255000e+04  2.361895e+03 -5.847231e-02  5.284325e-02 -3.725233e-02 
 3.260000e+04  2.373469e+03 -5.853686e-02  5.289933e-02 -3.729598e-02 
 3.265000e+04  2.385043e+03 -5.860137e-02  5.295534e-02 -3.733952e-02 
 3.270000e+04  2.396617e+03 -5.866542e-02  5.301112e-02 -3.738317e-02 
 3.275000e+04  2.408191e+03 -5.872886e-02  5.306682e-02 -3.742693e-02 
 3.280000e+04  2.419765e+03 -5.879197e-02  5.312227e-02 -3.747077e-02 
 3.285000e+04  2.431340e+03 -5.885482e-02  5.317727e-02 -3.751442e-02 
 3.290000e+04  2.442914e+03 -5.891764e-02  5.323222e-02 -3.755754e-02 
 3.295000e+04  2.454488e+03 -5.898048e-02  5.328704e-02 -3.760036e-02 
 3.300000e+04  2.466062e+03 -5.904272e-02  5.334192e-02 -3.764311e-02 
 3.305000e+04  2.477636e+03 -5.910513e-02  5.339693e-02 -3.768560e-02 
 3.310000e+04  2.489210e+03 -5.916769e-02  5.345199e-02 -3.772810e-02 
 3.315000e+04  2.500784e+03 -5.923037e-02  5.350702e-02 -3.777080e-02 
 3.320000e+04  2.512358e+03 -5.929276e-02  5.356166e-02 -3.781368e-02 
 3.325000e+04  2.523932e+03 -5.935463e-02  5.361569e-02 -3.785638e-02 
 3.330000e+04  2.535506e+03 -5.941620e-02  5.366941e-02 -3.789895e-02 
 3.335000e+04  2.547080e+03 -5.947763e-02  5.372301e-02 -3.794140e-02 
 3.340000e+04  2.558654e+03 -5.953861e-02  5.377645e-02 -3.798353e-02 
 3.345000e+04  2.570228e+03 -5.959949e-02  5.383011e-02 -3.802541e-02 
 3.350000e+04  2.581802e+03 -5.966066e-02  5.388397e-02 -3.806716e-02 
 3.355000e+04  2.593377e+03 -5.972204e-02  5.393772e-02 -3.810875e-02 
 3.360000e+04  2.604951e+03 -5.978337e-02  5.399107e-02 -3.815025e-02 
 3.365000e+04  2.616525e+03 -5.984442e-02  5.404377e-02 -3.819195e-02 
 3.370000e+04  2.628099e+03 -5.990515e-02  5.409630e-02 -3.823379e-02 
 3.375000e+04  2.639673e+03 -5.996563e-02  5.414852e-02 -3.827553e-02 
 3.380000e+04  2.651247e+03 -6.002601e-02  5.420081e-02 -3.831703e-02 
 3.385000e+04  2.662821e+03 -6.008644e-02  5.425328e-02 -3.835843e-02 
 3.390000e+04  2.674395e+03 -6.014643e-02  5.430582e-02 -3.839964e-02 
 3.395000e+04  2.685969e+03 -6.020606e-02  5.435825e-02 -3.844060e-02 
 3.400000e+04  2.697543e+03 -6.026544e-02  5.441025e-02 -3.848152e-02 
 3.405000e+04  2.709117e+03 -6.032485e-02  5.446225e-02 -3.852235e-02 
 3.410000e+04  2.720691e+03 -6.038425e-02  5.451403e-02 -3.856328e-02 
 3.415000e+04  2.732265e+03 -6.044356e-02  5.456555e-02 -3.860425e-02 
 3.420000e+04  2.743840e+03 -6.050289e-02  5.461649e-02 -3.864500e-02 
 3.425000e+04  2.755414e+03 -6.056202e-02  5.466702e-02 -3.868571e-02 
 3.430000e+04  2.766988e+03 -6.062098e-02  5.471749e-02 -3.872634e-02 
 3.435000e+04  2.778562e+03 -6.067970e-02  5.476814e-02 -3.876669e-02 
 3.440000e+04  2.790136e+03 -6.073846e-02  5.481905e-02 -3.880700e-02 
 3.445000e+04  2.801710e+03 -6.079743e-02  5.487046e-02 -3.884733e-02 
 3.450000e+04  2.813284e+03 -6.085624e-02  5.492206e-02 -3.888756e-02 
 3.455000e+04  2.824858e+03 -6.091461e-02  5.497355e-02 -3.892768e-02 
 3.460000e+04  2.836432e+03 -6.097257e-02  5.502492e-02 -3.896769e-02 
 3.465000e+04  2.848006e+03 -6.103036e-02  5.507613e-02 -3.900785e-02 
 3.470000e+04  2.859580e+03 -6.108807e-02  5.512699e-02 -3.904788e-02 
 3.475000e+04  2.871154e+03 -6.114558e-02  5.517744e-02 -3.908784e-02 
 3.480000e+04  2.882728e+03 -6.120321e-02  5.522781e-02 -3.912785e-02 
 3.485000e+04  2.894302e+03 -6.126099e-02  5.527733e-02 -3.916772e-02 
 3.490000e+04  2.905877e+03 -6.131865e-02  5.532659e-02 -3.920735e-02 
 3.495000e+04  2.917451e+03 -6.137605e-02  5.537590e-02 -3.924678e-02 
 3.500000e+04  2.929025e+03 -6.143294e-02  5.542508e-02 -3.928595e-02 
 3.505000e+04  2.940599e+03 -6.148981e-02  5.547453e-02 -3.932511e-02 
 3.510000e+04  2.952173e+03 -6.154686e-02  5.552421e-02 -3.936441e-02 
 3.515000e+04  2.963747e+03 -6.160399e-02  5.557405e-02 -3.940390e-02 
 3.520000e+04  2.975321e+03 -6.166101e-02  5.562400e-02 -3.944352e-02 
 3.525000e+04  2.986895e+03 -6.171790e-02  5.567398e-02 -3.948296e-02 
 3.530000e+04  2.998469e+03 -6.177476e-02  5.572380e-02 -3.952217e-02 
 3.535000e+04  3.010043e+03 -6.183161e-02  5.577329e-02 -3.956126e-02 
 3.540000e+04  3.021617e+03 -6.188840e-02  5.582208e-02 -3.960019e-02 
 3.545000e+04  3.033191e+03 -6.194489e-02  5.587071e-02 -3.963917e-02 
 3.550000e+04  3.044765e+03 -6.200126e-02  5.591948e-02 -3.967806e-02 
 3.555000e+04  3.056340e+03 -6.205750e-02  5.596832e-02 -3.971693e-02 
 3.560000e+04  3.067914e+03 -6.211382e-02  5.601721e-02 -3.975580e-02 
 3.565000e+04  3.079488e+03 -6.217018e-02  5.606608e-02 -3.979441e-02 
 3.570000e+04  3.091062e+03 -6.222633e-02  5.611461e-02 -3.983297e-02 
 3.575000e+04  3.102636e+03 -6.228215e-02  5.616324e-02 -3.987145e-02 
 3.580000e+04  3.114210e+03 -6.233762e-02  5.621178e-02 -3.991003e-02 
 3.585000e+04  3.125784e+03 -6.239312e-02  5.626021e-02 -3.994857e-02 
 3.590000e+04  3.137358e+03 -6.244870e-02  5.630856e-02 -3.998700e-02 
 3.595000e+04  3.148932e+03 -6.250430e-02  5.635694e-02 -4.002531e-02 
 3.600000e+04  3.160506e+03 -6.256001e-02  5.640527e-02 -4.006344e-02 
 3.605000e+04  3.172080e+03 -6.261559e-02  5.645341e-02 -4.010133e-02 
 3.610000e+04  3.183654e+03 -6.267113e-02  5.650133e-02 -4.013927e-02 
 3.615000e+04  3.195228e+03 -6.272634e-02  5.654919e-02 -4.017717e-02 
 3.620000e+04  3.206802e+03 -6.278144e-02  5.659712e-02 -4.021506e-02 
 3.625000e+04  3.218377e+03 -6.283645e-02  5.664510e-02 -4.025299e-02 
 3.630000e+04  3.229951e+03 -6.289161e-02  5.669308e-02 -4.029095e-02 
 3.635000e+04  3.241525e+03 -6.294666e-02  5.674099e-02 -4.032878e-02 
 3.640000e+04  3.253099e+03 -6.300162e-02  5.678870e-02 -4.036631e-02 
 3.645000e+04  3.264673e+03 -6.305648e-02  5.683628e-02 -4.040368e-02 
 3.650000e+04  3.276247e+03 -6.311126e-02  5.688383e-02 -4.044100e-02 
 3.655000e+04  3.287821e+03 -6.316558e-02  5.693125e-02 -4.047836e-02 
 3.660000e+04  3.299395e+03 -6.321978e-02  5.697863e-02 -4.051571e-02 
 3.665000e+04  3.310969e+03 -6.327420e-02  5.702600e-02 -4.055313e-02 
 3.670000e+04  3.322543e+03 -6.332857e-02  5.707322e-02 -4.059040e-02 
 3.675000e+04  3.334117e+03 -6.338307e-02  5.712034e-02 -4.062761e-02 
 3.680000e+04  3.345691e+03 -6.343764e-02  5.716752e-02 -4.066475e-02 
 3.685000e+04  3.357265e+03 -6.349223e-02  5.721447e-02 -4.070190e-02 
 3.690000e+04  3.368840e+03 -6.354646e-02  5.726041e-02 -4.073897e-02 
 3.695000e+04  3.380414e+03 -6.360044e-02  5.730626e-02 -4.077585e-02 
 3.700000e+04  3.391988e+03 -6.365449e-02  5.735208e-02 -4.081265e-02 
 3.705000e+04  3.403562e+03 -6.370851e-02  5.739811e-02 -4.084940e-02 
 3.710000e+04  3.415136e+03 -6.376262e-02  5.744454e-02 -4.088586e-02 
 3.715000e+04  3.426710e+03 -6.381692e-02  5.749121e-02 -4.092237e-02 
 3.720000e+04  3.438284e+03 -6.387120e-02  5.753814e-02 -4.095897e-02 
 3.725000e+04  3.449858e+03 -6.392504e-02  5.758486e-02 -4.099543e-02 
 3.730000e+04  3.461432e+03 -6.397820e-02  5.763133e-02 -4.103195e-02 
 3.735000e+04  3.473006e+03 -6.403093e-02  5.767785e-02 -4.106857e-02 
 3.740000e+04  3.484580e+03 -6.408362e-02  5.772432e-02 -4.110517e-02 
 3.745000e+04  3.496154e+03 -6.413644e-02  5.777068e-02 -4.114163e-02 
 3.750000e+04  3.507728e+03 -6.418948e-02  5.781684e-02 -4.117798e-02 
 3.755000e+04  3.519302e+03 -6.424267e-02  5.786299e-02 -4.121422e-02 
 3.760000e+04  3.530877e+03 -6.429553e-02  5.790880e-02 -4.125034e-02 
 3.765000e+04  3.542451e+03 -6.434824e-02  5.795456e-02 -4.128635e-02 
 3.770000e+04  3.554025e+03 -6.440086e-02  5.800036e-02 -4.132236e-02 
 3.775000e+04  3.565599e+03 -6.445332e-02  5.804600e-02 -4.135838e-02 
 3.780000e+04  3.577173e+03 -6.450545e-02  5.809170e-02 -4.139446e-02 
 3.785000e+04  3.588747e+03 -6.455776e-02  5.813747e-02 -4.143060e-02 
 3.790000e+04  3.600321e+03 -6.461032e-02  5.818334e-02 -4.146663e-02 
 3.795000e+04  3.611895e+03 -6.466303e-02  5.822903e-02 -4.150245e-02 
 3.800000e+04  3.623469e+03 -6.471594e-02  5.827456e-02 -4.153822e-02 
 3.805000e+04  3.635043e+03 -6.476892e-02  5.832002e-02 -4.157396e-02 
 3.810000e+04  3.646617e+03 -6.482172e-02  5.836544e-02 -4.160977e-02 
 3.815000e+04  3.658191e+03 -6.487432e-02  5.841087e-02 -4.164547e-02 
 3.820000e+04  3.669765e+03 -6.492678e-02  5.845613e-02 -4.168124e-02 
 3.825000e+04  3.681340e+03 -6.497907e-02  5.850132e-02 -4.171678e-02 
 3.830000e+04  3.692914e+03 -6.503124e-02  5.854642e-02 -4.175210e-02 
 3.835000e+04  3.704488e+03 -6.508336e-02  5.859160e-02 -4.178745e-02 
 3.840000e+04  3.716062e+03 -6.513535e-02  5.863690e-02 -4.182287e-02 
 3.845000e+04  3.727636e+03 -6.518710e-02  5.868231e-02 -4.185829e-02 
 3.850000e+04  3.739210e+03 -6.523878e-02  5.872782e-02 -4.189374e-02 
 3.855000e+04  3.750784e+03 -6.529046e-02  5.877334e-02 -4.192916e-02 
 3.860000e+04  3.762358e+03 -6.534209e-02  5.881880e-02 -4.196451e-02 
 3.865000e+04  3.773932e+03 -6.539371e-02  5.886420e-02 -4.199969e-02 
 3.870000e+04  3.785506e+03 -6.544497e-02  5.890955e-02 -4.203462e-02 
 3.875000e+04  3.797080e+03 -6.549611e-02  5.895473e-02 -4.206959e-02 
 3.880000e+04  3.808654e+03 -6.554717e-02  5.899930e-02 -4.210467e-02 
 3.885000e+04  3.820228e+03 -6.559819e-02  5.904374e-02 -4.213965e-02 
 3.890000e+04  3.831802e+03 -6.564914e-02  5.908822e-02 -4.217454e-02 
 3.895000e+04  3.843377e+03 -6.570026e-02  5.913293e-02 -4.220945e-02 
 3.900000e+04  3.854951e+03 -6.575130e-02  5.917772e-02 -4.224437e-02 
 3.905000e+04  3.866525e+03 -6.580206e-02  5.922242e-02 -4.227931e-02 
 3.910000e+04  3.878099e+03 -6.585289e-02  5.926716e-02 -4.231427e-02 
 3.915000e+04  3.889673e+03 -6.590375e-02  5.931189e-02 -4.234919e-02 
 3.920000e+04  3.901247e+03 -6.595461e-02  5.935655e-02 -4.238391e-02 
 3.925000e+04  3.912821e+03 -6.600544e-02  5.940120e-02 -4.241850e-02 
 3.930000e+04  3.924395e+03 -6.605626e-02  5.944583e-02 -4.245315e-02 
 3.935000e+04  3.935969e+03 -6.610657e-02  5.949022e-02 -4.248783e-02 
 3.940000e+04  3.947543e+03 -6.615641e-02  5.953442e-02 -4.252250e-02 
 3.945000e+04  3.959117e+03 -6.620607e-02  5.957867e-02 -4.255712e-02 
 3.950000e+04  3.970691e+03 -6.625579e-02  5.962291e-02 -4.259175e-02 
 3.955000e+04  3.982265e+03 -6.630565e-02  5.966727e-02 -4.262632e-02 
 3.960000e+04  3.993840e+03 -6.635568e-02  5.971175e-02 -4.266094e-02 
 3.965000e+04  4.005414e+03 -6.640586e-02  5.975629e-02 -4.269556e-02 
 3.970000e+04  4.016988e+03 -6.645596e-02  5.980085e-02 -4.273014e-02 
 3.975000e+04  4.028562e+03 -6.650591e-02  5.984525e-02 -4.276463e-02 
 3.980000e+04  4.040136e+03 -6.655576e-02  5.988945e-02 -4.279912e-02 
 3.985000e+04  4.051710e+03 -6.660560e-02  5.993349e-02 -4.283356e-02 
 3.990000e+04  4.063284e+03 -6.665542e-02  5.997739e-02 -4.286795e-02 
 3.995000e+04  4.074858e+03 -6.670509e-02  6.002088e-02 -4.290231e-02 
 4.000000e+04  4.086432e+03 -6.675475e-02  6.006401e-02 -4.293674e-02 
 4.005000e+04  4.098006e+03 -6.680446e-02  6.010713e-02 -4.297117e-02 
 4.010000e+04  4.109580e+03 -6.685396e-02  6.015038e-02 -4.300567e-02 
 4.015000e+04  4.121154e+03 -6.690354e-02  6.019380e-02 -4.304009e-02 
 4.020000e+04  4.132728e+03 -6.695321e-02  6.023738e-02 -4.307444e-02 
 4.025000e+04  4.144302e+03 -6.700290e-02  6.028104e-02 -4.310873e-02 
 4.030000e+04  4.155877e+03 -6.705238e-02  6.032460e-02 -4.314294e-02 
 4.035000e+04  4.167451e+03 -6.710172e-02  6.036813e-02 -4.317722e-02 
 4.040000e+04  4.179025e+03 -6.715098e-02  6.041169e-02 -4.321163e-02 
 4.045000e+04  4.190599e+03 -6.720007e-02  6.045517e-02 -4.324609e-02 
 4.050000e+04  4.202173e+03 -6.724905e-02  6.049853e-02 -4.328039e-02 
 4.055000e+04  4.213747e+03 -6.729796e-02  6.054181e-02 -4.331456e-02 
 4.060000e+04  4.225321e+03 -6.734674e-02  6.058510e-02 -4.334866e-02 
 4.065000e+04  4.236895e+03 -6.739539e-02  6.062840e-02 -4.338266e-02 
 4.070000e+04  4.248469e+03 -6.744408e-02  6.067166e-02 -4.341670e-02 
 4.075000e+04  4.260043e+03 -6.749282e-02  6.071484e-02 -4.345081e-02 
 4.080000e+04  4.271617e+03 -6.754132e-02  6.075802e-02 -4.348489e-02 
 4.085000e+04  4.283191e+03 -6.758959e-02  6.080117e-02 -4.351899e-02 
 4.090000e+04  4.294765e+03 -6.763785e-02  6.084415e-02 -4.355310e-02 
 4.095000e+04  4.306340e+03 -6.768620e-02  6.088694e-02 -4.358717e-02 
 4.100000e+04  4.317914e+03 -6.773469e-02  6.092962e-02 -4.362121e-02 
 4.105000e+04  4.329488e+03 -6.778336e-02  6.097234e-02 -4.365525e-02 
 4.110000e+04  4.341062e+03 -6.783195e-02  6.101512e-02 -4.368919e-02 
 4.115000e+04  4.352636e+03 -6.788049e-02  6.105787e-02 -4.372308e-02 
 4.120000e+04  4.364210e+03 -6.792906e-02  6.110057e-02 -4.375702e-02 
 4.125000e+04  4.375784e+03 -6.797767e-02  6.114311e-02 -4.379098e-02 
 4.130000e+04  4.387358e+03 -6.802622e-02  6.118552e-02 -4.382488e-02 
 4.135000e+04  4.398932e+03 -6.807468e-02  6.122780e-02 -4.385872e-02 
 4.140000e+04  4.410506e+03 -6.812295e-02  6.127001e-02 -4.389247e-02 
 4.145000e+04  4.422080e+03 -6.817116e-02  6.131210e-02 -4.392620e-02 
 4.150000e+04  4.433654e+03 -6.821922e-02  6.135425e-02 -4.396000e-02 
 4.155000e+04  4.445228e+03 -6.826723e-02  6.139656e-02 -4.399376e-02 
 4.160000e+04  4.456802e+03 -6.831517e-02  6.143899e-02 -4.402748e-02 
 4.165000e+04  4.468377e+03 -6.836306e-02  6.148152e-02 -4.406118e-02 
 4.170000e+04  4.479951e+03 -6.841088e-02  6.152411e-02 -4.409479e-02 
 4.175000e+04  4.491525e+03 -6.845857e-02  6.156661e-02 -4.412835e-02 
 4.180000e+04  4.503099e+03 -6.850612e-02  6.160907e-02 -4.416189e-02 
 4.185000e+04  4.514673e+03 -6.855360e-02  6.165144e-02 -4.419542e-02 
 4.190000e+04  4.526247e+03 -6.860103e-02  6.169342e-02 -4.422895e-02 
 4.195000e+04  4.537821e+03 -6.864846e-02  6.173495e-02 -4.426245e-02 
 4.200000e+04  4.549395e+03 -6.869583e-02  6.177643e-02 -4.429582e-02 
 4.205000e+04  4.560969e+03 -6.874321e-02  6.181800e-02 -4.432906e-02 
 4.210000e+04  4.572543e+03 -6.879064e-02  6.185944e-02 -4.436230e-02 
 4.215000e+04  4.584117e+03 -6.883818e-02  6.190088e-02 -4.439549e-02 
 4.220000e+04  4.595691e+03 -6.888584e-02  6.194229e-02 -4.442863e-02 
 4.225000e+04  4.607265e+03 -6.893356e-02  6.198377e-02 -4.446167e-02 
 4.230000e+04  4.618840e+03 -6.898111e-02  6.202502e-02 -4.449467e-02 
 4.235000e+04  4.630414e+03 -6.902837e-02  6.206614e-02 -4.452771e-02 
 4.240000e+04  4.641988e+03 -6.907550e-02  6.210724e-02 -4.456077e-02 
 4.245000e+04  4.653562e+03 -6.912259e-02  6.214833e-02 -4.459394e-02 
 4.250000e+04  4.665136e+03 -6.916970e-02  6.218951e-02 -4.462707e-02 
 4.255000e+04  4.676710e+03 -6.921672e-02  6.223078e-02 -4.466019e-02 
 4.260000e+04  4.688284e+03 -6.926380e-02  6.227222e-02 -4.469307e-02 
 4.265000e+04  4.699858e+03 -6.931077e-02  6.231380e-02 -4.472585e-02 
 4.270000e+04  4.711432e+03 -6.935764e-02  6.235539e-02 -4.475860e-02 
 4.275000e+04  4.723006e+03 -6.940440e-02  6.239686e-02 -4.479136e-02 
 4.280000e+04  4.734580e+03 -6.945103e-02  6.243823e-02 -4.482423e-02 
 4.285000e+04  4.746154e+03 -6.949754e-02  6.247933e-02 -4.485722e-02 
 4.290000e+04  4.757728e+03 -6.954402e-02  6.252000e-02 -4.489016e-02 
 4.295000e+04  4.769302e+03 -6.959059e-02  6.256057e-02 -4.492300e-02 
 4.300000e+04  4.780877e+03 -6.963729e-02  6.260125e-02 -4.495572e-02 
 4.305000e+04  4.792451e+03 -6.968407e-02  6.264205e-02 -4.498835e-02 
 4.310000e+04  4.804025e+03 -6.973087e-02  6.268299e-02 -4.502088e-02 
 4.315000e+04  4.815599e+03 -6.977774e-02  6.272400e-02 -4.505333e-02 
 4.320000e+04  4.827173e+03 -6.982455e-02  6.276499e-02 -4.508588e-02 
 4.325000e+04  4.838747e+03 -6.987110e-02  6.280573e-02 -4.511839e-02 
 4.330000e+04  4.850321e+03 -6.991746e-02  6.284622e-02 -4.515094e-02 
 4.335000e+04  4.861895e+03 -6.996384e-02  6.288671e-02 -4.518360e-02 
 4.340000e+04  4.873469e+03 -7.001019e-02  6.292720e-02 -4.521630e-02 
 4.345000e+04  4.885043e+03 -7.005656e-02  6.296748e-02 -4.524896e-02 
 4.350000e+04  4.896617e+03 -7.010299e-02  6.300763e-02 -4.528137e-02 
 4.355000e+04  4.908191e+03 -7.014936e-02  6.304799e-02 -4.531355e-02 
 4.360000e+04  4.919765e+03 -7.019561e-02  6.308851e-02 -4.534567e-02 
 4.365000e+04  4.931340e+03 -7.024172e-02  6.312909e-02 -4.537776e-02 
 4.370000e+04  4.942914e+03 -7.028772e-02  6.316975e-02 -4.541000e-02 
 4.375000e+04  4.954488e+03 -7.033379e-02  6.321041e-02 -4.544239e-02 
 4.380000e+04  4.966062e+03 -7.037960e-02  6.325102e-02 -4.547488e-02 
 4.385000e+04  4.977636e+03 -7.042494e-02  6.329142e-02 -4.550730e-02 
 4.390000e+04  4.989210e+03 -7.047024e-02  6.333170e-02 -4.553966e-02 
 4.395000e+04  5.000784e+03 -7.051573e-02  6.337205e-02 -4.557194e-02 
 4.400000e+04  5.012358e+03 -7.056143e-02  6.341242e-02 -4.560407e-02 
 4.405000e+04  5.023932e+03 -7.060726e-02  6.345272e-02 -4.563608e-02 
 4.410000e+04  5.035506e+03 -7.065310e-02  6.349308e-02 -4.566808e-02 
 4.415000e+04  5.047080e+03 -7.069895e-02  6.353338e-02 -4.570015e-02 
 4.420000e+04  5.058654e+03 -7.074461e-02  6.357367e-02 -4.573230e-02 
 4.425000e+04  5.070228e+03 -7.079019e-02  6.361391e-02 -4.576459e-02 
 4.430000e+04  5.081802e+03 -7.083570e-02  6.365405e-02 -4.579691e-02 
 4.435000e+04  5.093377e+03 -7.088094e-02  6.369411e-02 -4.582919e-02 
 4.440000e+04  5.104951e+03 -7.092634e-02  6.373418e-02 -4.586134e-02 
 4.445000e+04  5.116525e+03 -7.097190e-02  6.377427e-02 -4.589334e-02 
 4.450000e+04  5.128099e+03 -7.101757e-02  6.381432e-02 -4.592528e-02 
 4.455000e+04  5.139673e+03 -7.106325e-02  6.385442e-02 -4.595724e-02 
 4.460000e+04  5.151247e+03 -7.110893e-02  6.389458e-02 -4.598930e-02 
 4.465000e+04  5.162821e+03 -7.115449e-02  6.393470e-02 -4.602142e-02 
 4.470000e+04  5.174395e+03 -7.119985e-02  6.397474e-02 -4.605350e-02 
 4.475000e+04  5.185969e+03 -7.124511e-02  6.401475e-02 -4.608561e-02 
 4.480000e+04  5.197543e+03 -7.129038e-02  6.405462e-02 -4.611765e-02 
 4.485000e+04  5.209117e+03 -7.133567e-02  6.409440e-02 -4.614964e-02 
 4.490000e+04  5.220691e+03 -7.138105e-02  6.413424e-02 -4.618161e-02 
 4.495000e+04  5.232265e+03 -7.142635e-02  6.417414e-02 -4.621352e-02 
 4.500000e+04  5.243840e+03 -7.147163e-02  6.421404e-02 -4.624537e-02 
 4.505000e+04  5.255414e+03 -7.151688e-02  6.425391e-02 -4.627723e-02 
 4.510000e+04  5.266988e+03 -7.156215e-02  6.429370e-02 -4.630914e-02 
 4.515000e+04  5.278562e+03 -7.160736e-02  6.433337e-02 -4.634102e-02 
 4.520000e+04  5.290136e+03 -7.165246e-02  6.437306e-02 -4.637292e-02 
