         Step [creep.tim... Z Displace... Z Displace... X Displace... 
------------- ------------- ------------- ------------- ------------- 
 5.250000e+03  1.276223e-07 -4.629353e-03  4.524540e-03 -2.433365e-03 
 5.300000e+03  3.886505e-06 -4.629531e-03  4.524619e-03 -2.433542e-03 
 5.350000e+03  3.436441e-05 -4.630178e-03  4.524696e-03 -2.433907e-03 
 5.400000e+03  2.373298e-04 -4.630265e-03  4.524773e-03 -2.433924e-03 
 5.450000e+03  1.068547e-03 -4.630657e-03  4.525295e-03 -2.434501e-03 
 5.500000e+03  2.959646e-03 -4.632668e-03  4.527018e-03 -2.436305e-03 
 5.550000e+03  6.889906e-03 -4.637479e-03  4.531406e-03 -2.440554e-03 
 5.600000e+03  1.125605e-02 -4.643187e-03  4.537520e-03 -2.445308e-03 
 5.650000e+03  1.584776e-02 -4.649973e-03  4.545619e-03 -2.450927e-03 
 5.700000e+03  2.200496e-02 -4.660212e-03  4.557933e-03 -2.458698e-03 
 5.750000e+03  2.905599e-02 -4.671289e-03  4.570717e-03 -2.466455e-03 
 5.800000e+03  3.616798e-02 -4.680650e-03  4.580480e-03 -2.472981e-03 
 5.850000e+03  4.327997e-02 -4.689265e-03  4.589323e-03 -2.479461e-03 
 5.900000e+03  5.039195e-02 -4.698087e-03  4.598723e-03 -2.486608e-03 
 5.950000e+03  5.750394e-02 -4.707503e-03  4.608890e-03 -2.494443e-03 
 6.000000e+03  6.463015e-02 -4.717582e-03  4.619230e-03 -2.503224e-03 
 6.050000e+03  7.316928e-02 -4.730766e-03  4.631744e-03 -2.513764e-03 
 6.100000e+03  8.224618e-02 -4.744081e-03  4.644237e-03 -2.523284e-03 
 6.150000e+03  9.132308e-02 -4.755918e-03  4.655366e-03 -2.530924e-03 
 6.200000e+03  1.004000e-01 -4.767183e-03  4.666414e-03 -2.538227e-03 
 6.250000e+03  1.094769e-01 -4.778953e-03  4.678237e-03 -2.546089e-03 
 6.300000e+03  1.185538e-01 -4.791527e-03  4.690812e-03 -2.554965e-03 
 6.350000e+03  1.278249e-01 -4.804270e-03  4.703920e-03 -2.565042e-03 
 6.400000e+03  1.393481e-01 -4.819211e-03  4.719344e-03 -2.577817e-03 
 6.450000e+03  1.519986e-01 -4.834345e-03  4.734432e-03 -2.590407e-03 
 6.500000e+03  1.647707e-01 -4.848639e-03  4.748417e-03 -2.601271e-03 
 6.550000e+03  1.775428e-01 -4.863152e-03  4.762430e-03 -2.611336e-03 
 6.600000e+03  1.903149e-01 -4.878266e-03  4.777540e-03 -2.621660e-03 
 6.650000e+03  2.030870e-01 -4.893881e-03  4.794041e-03 -2.632773e-03 
 6.700000e+03  2.158591e-01 -4.909634e-03  4.811622e-03 -2.644538e-03 
 6.750000e+03  2.289397e-01 -4.924917e-03  4.828602e-03 -2.656586e-03 
 6.800000e+03  2.435166e-01 -4.940594e-03  4.844914e-03 -2.669030e-03 
 6.850000e+03  2.590412e-01 -4.956340e-03  4.860945e-03 -2.681642e-03 
 6.900000e+03  2.745658e-01 -4.971819e-03  4.876789e-03 -2.693881e-03 
 6.950000e+03  2.900903e-01 -4.987686e-03  4.893244e-03 -2.706066e-03 
 7.000000e+03  3.056149e-01 -5.004463e-03  4.910595e-03 -2.718459e-03 
 7.050000e+03  3.211395e-01 -5.022370e-03  4.928551e-03 -2.730945e-03 
 7.100000e+03  3.370366e-01 -5.040528e-03  4.946218e-03 -2.743194e-03 
 7.150000e+03  3.538754e-01 -5.057599e-03  4.963424e-03 -2.755329e-03 
 7.200000e+03  3.709912e-01 -5.073906e-03  4.980200e-03 -2.767570e-03 
 7.250000e+03  3.881071e-01 -5.089919e-03  4.996740e-03 -2.780061e-03 
 7.300000e+03  4.052229e-01 -5.106086e-03  5.013232e-03 -2.792669e-03 
 7.350000e+03  4.232008e-01 -5.123698e-03  5.030752e-03 -2.806088e-03 
 7.400000e+03  4.436486e-01 -5.144303e-03  5.051034e-03 -2.821217e-03 
 7.450000e+03  4.644530e-01 -5.164838e-03  5.070802e-03 -2.835602e-03 
 7.500000e+03  4.852574e-01 -5.183895e-03  5.089497e-03 -2.848834e-03 
 7.550000e+03  5.060618e-01 -5.202523e-03  5.108071e-03 -2.861952e-03 
 7.600000e+03  5.268662e-01 -5.221197e-03  5.126901e-03 -2.875332e-03 
 7.650000e+03  5.476707e-01 -5.239359e-03  5.145929e-03 -2.888976e-03 
 7.700000e+03  5.695645e-01 -5.258287e-03  5.166015e-03 -2.903652e-03 
 7.750000e+03  5.949186e-01 -5.280054e-03  5.188838e-03 -2.920610e-03 
 7.800000e+03  6.214709e-01 -5.302139e-03  5.211269e-03 -2.937364e-03 
 7.850000e+03  6.480232e-01 -5.323672e-03  5.232544e-03 -2.952874e-03 
 7.900000e+03  6.745755e-01 -5.345186e-03  5.253841e-03 -2.968086e-03 
 7.950000e+03  7.011278e-01 -5.366959e-03  5.275672e-03 -2.983290e-03 
 8.000000e+03  7.276801e-01 -5.388499e-03  5.297619e-03 -2.998551e-03 
 8.050000e+03  7.542323e-01 -5.409668e-03  5.319248e-03 -3.014027e-03 
 8.100000e+03  7.820485e-01 -5.431037e-03  5.341274e-03 -3.030314e-03 
 8.150000e+03  8.113224e-01 -5.452410e-03  5.363642e-03 -3.046889e-03 
 8.200000e+03  8.405963e-01 -5.473292e-03  5.385250e-03 -3.062714e-03 
 8.250000e+03  8.698702e-01 -5.494495e-03  5.406682e-03 -3.078110e-03 
 8.300000e+03  8.991442e-01 -5.516265e-03  5.428158e-03 -3.093399e-03 
 8.350000e+03  9.284181e-01 -5.538383e-03  5.449548e-03 -3.108585e-03 
 8.400000e+03  9.590488e-01 -5.561094e-03  5.471464e-03 -3.124335e-03 
 8.450000e+03  9.913233e-01 -5.583950e-03  5.494024e-03 -3.140679e-03 
 8.500000e+03  1.023598e+00 -5.605755e-03  5.516076e-03 -3.156714e-03 
 8.550000e+03  1.055872e+00 -5.627012e-03  5.537648e-03 -3.172492e-03 
 8.600000e+03  1.088147e+00 -5.648161e-03  5.559169e-03 -3.188195e-03 
 8.650000e+03  1.121744e+00 -5.670283e-03  5.581767e-03 -3.204495e-03 
 8.700000e+03  1.157158e+00 -5.693577e-03  5.605676e-03 -3.221434e-03 
 8.750000e+03  1.193843e+00 -5.717409e-03  5.629845e-03 -3.238397e-03 
 8.800000e+03  1.232700e+00 -5.742383e-03  5.654455e-03 -3.255763e-03 
 8.850000e+03  1.271929e+00 -5.767294e-03  5.678558e-03 -3.272922e-03 
 8.900000e+03  1.311159e+00 -5.791497e-03  5.702340e-03 -3.290024e-03 
 8.950000e+03  1.350389e+00 -5.814851e-03  5.726070e-03 -3.307212e-03 
 9.000000e+03  1.389619e+00 -5.837874e-03  5.749864e-03 -3.324547e-03 
 9.050000e+03  1.429908e+00 -5.861364e-03  5.774282e-03 -3.342262e-03 
 9.100000e+03  1.471140e+00 -5.885181e-03  5.798812e-03 -3.359700e-03 
 9.150000e+03  1.515213e+00 -5.910480e-03  5.824461e-03 -3.377465e-03 
 9.200000e+03  1.560626e+00 -5.936500e-03  5.850476e-03 -3.395324e-03 
 9.250000e+03  1.606040e+00 -5.962298e-03  5.875851e-03 -3.413127e-03 
 9.300000e+03  1.651453e+00 -5.987687e-03  5.900681e-03 -3.430960e-03 
 9.350000e+03  1.696867e+00 -6.012699e-03  5.925059e-03 -3.448855e-03 
 9.400000e+03  1.742280e+00 -6.037055e-03  5.949260e-03 -3.466720e-03 
 9.450000e+03  1.787694e+00 -6.060768e-03  5.973242e-03 -3.484237e-03 
 9.500000e+03  1.834152e+00 -6.084696e-03  5.997491e-03 -3.501578e-03 
 9.550000e+03  1.883695e+00 -6.110209e-03  6.023355e-03 -3.519659e-03 
 9.600000e+03  1.933764e+00 -6.136122e-03  6.049413e-03 -3.537627e-03 
 9.650000e+03  1.983832e+00 -6.161824e-03  6.075073e-03 -3.555288e-03 
 9.700000e+03  2.035452e+00 -6.188030e-03  6.100900e-03 -3.573389e-03 
 9.750000e+03  2.088024e+00 -6.214397e-03  6.126398e-03 -3.591756e-03 
 9.800000e+03  2.140596e+00 -6.239983e-03  6.151271e-03 -3.609981e-03 
 9.850000e+03  2.193168e+00 -6.264708e-03  6.175750e-03 -3.628024e-03 
 9.900000e+03  2.245739e+00 -6.289110e-03  6.200342e-03 -3.645883e-03 
 9.950000e+03  2.300624e+00 -6.314542e-03  6.226356e-03 -3.664284e-03 
 1.000000e+04  2.356045e+00 -6.340260e-03  6.252737e-03 -3.682399e-03 
 1.005000e+04  2.415571e+00 -6.367730e-03  6.280695e-03 -3.701270e-03 
 1.010000e+04  2.478742e+00 -6.396726e-03  6.309651e-03 -3.720936e-03 
 1.015000e+04  2.542643e+00 -6.425579e-03  6.337935e-03 -3.740769e-03 
 1.020000e+04  2.606544e+00 -6.453598e-03  6.365300e-03 -3.760608e-03 
 1.025000e+04  2.670445e+00 -6.481007e-03  6.392285e-03 -3.780423e-03 
 1.030000e+04  2.734347e+00 -6.508193e-03  6.419264e-03 -3.800179e-03 
 1.035000e+04  2.798248e+00 -6.535197e-03  6.446275e-03 -3.819579e-03 
 1.040000e+04  2.862405e+00 -6.561986e-03  6.473248e-03 -3.838448e-03 
 1.045000e+04  2.929635e+00 -6.589910e-03  6.501504e-03 -3.857661e-03 
 1.050000e+04  3.000086e+00 -6.618966e-03  6.530930e-03 -3.877511e-03 
 1.055000e+04  3.070538e+00 -6.647664e-03  6.559637e-03 -3.897141e-03 
 1.060000e+04  3.140989e+00 -6.676087e-03  6.587505e-03 -3.916720e-03 
 1.065000e+04  3.211440e+00 -6.704215e-03  6.614738e-03 -3.936403e-03 
 1.070000e+04  3.281891e+00 -6.731786e-03  6.641410e-03 -3.956066e-03 
 1.075000e+04  3.352342e+00 -6.758596e-03  6.667769e-03 -3.975413e-03 
 1.080000e+04  3.423427e+00 -6.785404e-03  6.694417e-03 -3.994515e-03 
 1.085000e+04  3.497401e+00 -6.813374e-03  6.722463e-03 -4.013957e-03 
 1.090000e+04  3.571375e+00 -6.841252e-03  6.750581e-03 -4.032959e-03 
 1.095000e+04  3.647198e+00 -6.869498e-03  6.779202e-03 -4.052092e-03 
 1.100000e+04  3.728598e+00 -6.899586e-03  6.809401e-03 -4.072541e-03 
 1.105000e+04  3.810154e+00 -6.929332e-03  6.838631e-03 -4.093073e-03 
 1.110000e+04  3.891710e+00 -6.958296e-03  6.866845e-03 -4.113574e-03 
 1.115000e+04  3.974490e+00 -6.987163e-03  6.895002e-03 -4.134225e-03 
 1.120000e+04  4.060124e+00 -7.016891e-03  6.924193e-03 -4.155371e-03 
 1.125000e+04  4.145757e+00 -7.046491e-03  6.953490e-03 -4.176069e-03 
 1.130000e+04  4.231391e+00 -7.075865e-03  6.982778e-03 -4.196214e-03 
 1.135000e+04  4.319765e+00 -7.105989e-03  7.012987e-03 -4.216612e-03 
 1.140000e+04  4.413907e+00 -7.137783e-03  7.044992e-03 -4.238128e-03 
 1.145000e+04  4.508318e+00 -7.169106e-03  7.076416e-03 -4.259555e-03 
 1.150000e+04  4.602729e+00 -7.199908e-03  7.106840e-03 -4.280886e-03 
 1.155000e+04  4.700634e+00 -7.231552e-03  7.137652e-03 -4.303069e-03 
 1.160000e+04  4.799766e+00 -7.263268e-03  7.168409e-03 -4.325424e-03 
 1.165000e+04  4.898897e+00 -7.294522e-03  7.198817e-03 -4.347393e-03 
 1.170000e+04  4.998029e+00 -7.325444e-03  7.229198e-03 -4.368873e-03 
 1.175000e+04  5.097161e+00 -7.356364e-03  7.259808e-03 -4.389883e-03 
 1.180000e+04  5.196293e+00 -7.387083e-03  7.290485e-03 -4.410528e-03 
 1.185000e+04  5.296714e+00 -7.417763e-03  7.321233e-03 -4.431187e-03 
 1.190000e+04  5.405486e+00 -7.450529e-03  7.353956e-03 -4.453541e-03 
 1.195000e+04  5.514779e+00 -7.483054e-03  7.386123e-03 -4.476080e-03 
 1.200000e+04  5.624072e+00 -7.514984e-03  7.417343e-03 -4.498541e-03 
 1.205000e+04  5.738173e+00 -7.547915e-03  7.449323e-03 -4.521670e-03 
 1.210000e+04  5.852931e+00 -7.580989e-03  7.481427e-03 -4.544541e-03 
 1.215000e+04  5.967688e+00 -7.613973e-03  7.513529e-03 -4.566994e-03 
 1.220000e+04  6.082446e+00 -7.646504e-03  7.545562e-03 -4.589010e-03 
 1.225000e+04  6.197203e+00 -7.678681e-03  7.577546e-03 -4.610666e-03 
 1.230000e+04  6.317240e+00 -7.711931e-03  7.610926e-03 -4.633307e-03 
 1.235000e+04  6.437735e+00 -7.744816e-03  7.643942e-03 -4.655922e-03 
 1.240000e+04  6.561484e+00 -7.778039e-03  7.676931e-03 -4.678957e-03 
 1.245000e+04  6.693571e+00 -7.813293e-03  7.711479e-03 -4.703406e-03 
 1.250000e+04  6.826417e+00 -7.848634e-03  7.745709e-03 -4.727796e-03 
 1.255000e+04  6.959263e+00 -7.883566e-03  7.779524e-03 -4.751726e-03 
 1.260000e+04  7.092109e+00 -7.918156e-03  7.813126e-03 -4.775276e-03 
 1.265000e+04  7.224955e+00 -7.952608e-03  7.846832e-03 -4.798521e-03 
 1.270000e+04  7.357801e+00 -7.986639e-03  7.880493e-03 -4.821465e-03 
 1.275000e+04  7.492507e+00 -8.020596e-03  7.914225e-03 -4.844464e-03 
 1.280000e+04  7.638273e+00 -8.056800e-03  7.950308e-03 -4.869280e-03 
 1.285000e+04  7.784736e+00 -8.092846e-03  7.986080e-03 -4.894180e-03 
 1.290000e+04  7.932956e+00 -8.128864e-03  8.021463e-03 -4.919143e-03 
 1.295000e+04  8.086742e+00 -8.165976e-03  8.057601e-03 -4.944653e-03 
 1.300000e+04  8.240528e+00 -8.203052e-03  8.093434e-03 -4.969796e-03 
 1.305000e+04  8.394314e+00 -8.239937e-03  8.129033e-03 -4.994544e-03 
 1.310000e+04  8.548100e+00 -8.276226e-03  8.164397e-03 -5.018963e-03 
 1.315000e+04  8.705269e+00 -8.312763e-03  8.200352e-03 -5.043744e-03 
 1.320000e+04  8.866745e+00 -8.349828e-03  8.237200e-03 -5.069095e-03 
 1.325000e+04  9.029027e+00 -8.386556e-03  8.273806e-03 -5.094373e-03 
 1.330000e+04  9.200950e+00 -8.425089e-03  8.311980e-03 -5.120868e-03 
 1.335000e+04  9.383783e+00 -8.465918e-03  8.352032e-03 -5.148734e-03 
 1.340000e+04  9.570711e+00 -8.507363e-03  8.392312e-03 -5.176824e-03 
 1.345000e+04  9.757639e+00 -8.548364e-03  8.431964e-03 -5.204530e-03 
 1.350000e+04  9.944567e+00 -8.588969e-03  8.471284e-03 -5.231943e-03 
 1.355000e+04  1.013149e+01 -8.629217e-03  8.510425e-03 -5.259078e-03 
 1.360000e+04  1.031842e+01 -8.668921e-03  8.549311e-03 -5.285972e-03 
 1.365000e+04  1.050535e+01 -8.707902e-03  8.587832e-03 -5.312584e-03 
 1.370000e+04  1.069920e+01 -8.747923e-03  8.627519e-03 -5.339966e-03 
 1.375000e+04  1.090529e+01 -8.790127e-03  8.669306e-03 -5.368868e-03 
 1.380000e+04  1.111138e+01 -8.831996e-03  8.710439e-03 -5.397393e-03 
 1.385000e+04  1.131953e+01 -8.873991e-03  8.751341e-03 -5.425752e-03 
 1.390000e+04  1.153592e+01 -8.917511e-03  8.793279e-03 -5.454917e-03 
 1.395000e+04  1.175231e+01 -8.960694e-03  8.834744e-03 -5.483790e-03 
 1.400000e+04  1.196871e+01 -9.003125e-03  8.875722e-03 -5.512380e-03 
 1.405000e+04  1.218510e+01 -9.044916e-03  8.916383e-03 -5.540765e-03 
 1.410000e+04  1.240149e+01 -9.086192e-03  8.956949e-03 -5.568991e-03 
 1.415000e+04  1.261788e+01 -9.127050e-03  8.997297e-03 -5.596916e-03 
 1.420000e+04  1.283795e+01 -9.168294e-03  9.037949e-03 -5.624866e-03 
 1.425000e+04  1.307312e+01 -9.212208e-03  9.080941e-03 -5.654366e-03 
 1.430000e+04  1.331169e+01 -9.256517e-03  9.123901e-03 -5.684037e-03 
 1.435000e+04  1.355026e+01 -9.300298e-03  9.166147e-03 -5.713426e-03 
 1.440000e+04  1.378884e+01 -9.343538e-03  9.207737e-03 -5.742533e-03 
 1.445000e+04  1.402741e+01 -9.386438e-03  9.248997e-03 -5.771476e-03 
 1.450000e+04  1.426598e+01 -9.428824e-03  9.290059e-03 -5.800207e-03 
 1.455000e+04  1.450455e+01 -9.470588e-03  9.330860e-03 -5.828567e-03 
 1.460000e+04  1.475076e+01 -9.513243e-03  9.372768e-03 -5.857519e-03 
 1.465000e+04  1.501253e+01 -9.558323e-03  9.417174e-03 -5.888043e-03 
 1.470000e+04  1.527556e+01 -9.603265e-03  9.461291e-03 -5.918323e-03 
 1.475000e+04  1.553859e+01 -9.647861e-03  9.504674e-03 -5.948167e-03 
 1.480000e+04  1.581450e+01 -9.694354e-03  9.549578e-03 -5.979281e-03 
 1.485000e+04  1.609068e+01 -9.740574e-03  9.593917e-03 -6.010218e-03 
 1.490000e+04  1.636686e+01 -9.786021e-03  9.637609e-03 -6.040896e-03 
 1.495000e+04  1.664303e+01 -9.830877e-03  9.680940e-03 -6.071330e-03 
 1.500000e+04  1.691921e+01 -9.875372e-03  9.724221e-03 -6.101508e-03 
 1.505000e+04  1.719539e+01 -9.919509e-03  9.767365e-03 -6.131316e-03 
 1.510000e+04  1.747488e+01 -9.963775e-03  9.810700e-03 -6.161048e-03 
 1.515000e+04  1.777212e+01 -1.001057e-02  9.856393e-03 -6.192336e-03 
 1.520000e+04  1.807660e+01 -1.005824e-02  9.902645e-03 -6.224167e-03 
 1.525000e+04  1.838109e+01 -1.010537e-02  9.948030e-03 -6.255736e-03 
 1.530000e+04  1.868557e+01 -1.015191e-02  9.992691e-03 -6.287054e-03 
 1.535000e+04  1.899006e+01 -1.019811e-02  1.003703e-02 -6.318186e-03 
 1.540000e+04  1.929455e+01 -1.024384e-02  1.008111e-02 -6.349044e-03 
 1.545000e+04  1.959903e+01 -1.028906e-02  1.012487e-02 -6.379498e-03 
 1.550000e+04  1.991705e+01 -1.033588e-02  1.017042e-02 -6.410974e-03 
 1.555000e+04  2.025275e+01 -1.038497e-02  1.021836e-02 -6.443931e-03 
 1.560000e+04  2.058844e+01 -1.043357e-02  1.026584e-02 -6.476516e-03 
 1.565000e+04  2.092850e+01 -1.048236e-02  1.031319e-02 -6.509143e-03 
 1.570000e+04  2.129262e+01 -1.053432e-02  1.036320e-02 -6.543845e-03 
 1.575000e+04  2.166272e+01 -1.058671e-02  1.041333e-02 -6.578929e-03 
 1.580000e+04  2.203282e+01 -1.063832e-02  1.046279e-02 -6.613663e-03 
 1.585000e+04  2.240293e+01 -1.068939e-02  1.051185e-02 -6.648033e-03 
 1.590000e+04  2.277303e+01 -1.074013e-02  1.056072e-02 -6.682075e-03 
 1.595000e+04  2.314314e+01 -1.079043e-02  1.060937e-02 -6.715704e-03 
 1.600000e+04  2.351472e+01 -1.084035e-02  1.065788e-02 -6.749058e-03 
 1.605000e+04  2.391421e+01 -1.089358e-02  1.070963e-02 -6.784628e-03 
 1.610000e+04  2.432225e+01 -1.094756e-02  1.076184e-02 -6.820691e-03 
 1.615000e+04  2.473029e+01 -1.100094e-02  1.081322e-02 -6.856487e-03 
 1.620000e+04  2.514853e+01 -1.105514e-02  1.086512e-02 -6.892808e-03 
 1.625000e+04  2.557698e+01 -1.111028e-02  1.091778e-02 -6.929675e-03 
 1.630000e+04  2.600542e+01 -1.116495e-02  1.097003e-02 -6.966155e-03 
 1.635000e+04  2.643386e+01 -1.121889e-02  1.102186e-02 -7.002214e-03 
 1.640000e+04  2.686701e+01 -1.127289e-02  1.107395e-02 -7.038315e-03 
 1.645000e+04  2.731688e+01 -1.132847e-02  1.112781e-02 -7.075536e-03 
 1.650000e+04  2.776674e+01 -1.138351e-02  1.118124e-02 -7.112377e-03 
 1.655000e+04  2.822920e+01 -1.143953e-02  1.123544e-02 -7.149809e-03 
 1.660000e+04  2.871998e+01 -1.149863e-02  1.129226e-02 -7.189211e-03 
 1.665000e+04  2.921596e+01 -1.155783e-02  1.134897e-02 -7.228757e-03 
 1.670000e+04  2.971193e+01 -1.161631e-02  1.140480e-02 -7.267876e-03 
 1.675000e+04  3.020791e+01 -1.167424e-02  1.146014e-02 -7.306541e-03 
 1.680000e+04  3.070388e+01 -1.173177e-02  1.151523e-02 -7.344854e-03 
 1.685000e+04  3.119986e+01 -1.178872e-02  1.156993e-02 -7.382789e-03 
 1.690000e+04  3.169583e+01 -1.184500e-02  1.162417e-02 -7.420308e-03 
 1.695000e+04  3.222286e+01 -1.190423e-02  1.168138e-02 -7.459852e-03 
 1.700000e+04  3.276967e+01 -1.196527e-02  1.174025e-02 -7.500579e-03 
 1.705000e+04  3.331648e+01 -1.202565e-02  1.179822e-02 -7.540890e-03 
 1.710000e+04  3.387533e+01 -1.208686e-02  1.185667e-02 -7.581620e-03 
 1.715000e+04  3.444948e+01 -1.214937e-02  1.191621e-02 -7.623120e-03 
 1.720000e+04  3.502363e+01 -1.221130e-02  1.197505e-02 -7.664192e-03 
 1.725000e+04  3.559779e+01 -1.227240e-02  1.203327e-02 -7.704834e-03 
 1.730000e+04  3.617194e+01 -1.233285e-02  1.209118e-02 -7.745132e-03 
 1.735000e+04  3.677423e+01 -1.239579e-02  1.215161e-02 -7.787012e-03 
 1.740000e+04  3.737709e+01 -1.245810e-02  1.221157e-02 -7.828530e-03 
 1.745000e+04  3.799200e+01 -1.252106e-02  1.227205e-02 -7.870380e-03 
 1.750000e+04  3.865223e+01 -1.258825e-02  1.233631e-02 -7.914941e-03 
 1.755000e+04  3.931688e+01 -1.265526e-02  1.240016e-02 -7.959393e-03 
 1.760000e+04  3.998154e+01 -1.272146e-02  1.246313e-02 -8.003373e-03 
 1.765000e+04  4.064619e+01 -1.278703e-02  1.252549e-02 -8.046881e-03 
 1.770000e+04  4.131085e+01 -1.285211e-02  1.258745e-02 -8.090005e-03 
 1.775000e+04  4.197550e+01 -1.291648e-02  1.264885e-02 -8.132719e-03 
 1.780000e+04  4.264015e+01 -1.298012e-02  1.270977e-02 -8.174986e-03 
 1.785000e+04  4.336665e+01 -1.304901e-02  1.277591e-02 -8.220780e-03 
 1.790000e+04  4.409944e+01 -1.311797e-02  1.284200e-02 -8.266557e-03 
 1.795000e+04  4.483222e+01 -1.318625e-02  1.290722e-02 -8.311829e-03 
 1.800000e+04  4.559211e+01 -1.325650e-02  1.297400e-02 -8.358220e-03 
 1.805000e+04  4.639462e+01 -1.333018e-02  1.304380e-02 -8.406811e-03 
 1.810000e+04  4.720251e+01 -1.340348e-02  1.311327e-02 -8.455231e-03 
 1.815000e+04  4.801040e+01 -1.347586e-02  1.318188e-02 -8.503157e-03 
 1.820000e+04  4.881829e+01 -1.354756e-02  1.325002e-02 -8.550612e-03 
 1.825000e+04  4.962618e+01 -1.361861e-02  1.331764e-02 -8.597600e-03 
 1.830000e+04  5.043407e+01 -1.368889e-02  1.338464e-02 -8.644042e-03 
 1.835000e+04  5.128931e+01 -1.376261e-02  1.345491e-02 -8.692692e-03 
 1.840000e+04  5.218001e+01 -1.383881e-02  1.352737e-02 -8.742892e-03 
 1.845000e+04  5.307071e+01 -1.391425e-02  1.359889e-02 -8.792663e-03 
 1.850000e+04  5.396497e+01 -1.398915e-02  1.366970e-02 -8.842084e-03 
 1.855000e+04  5.490021e+01 -1.406681e-02  1.374301e-02 -8.893177e-03 
 1.860000e+04  5.583544e+01 -1.414375e-02  1.381569e-02 -8.943797e-03 
 1.865000e+04  5.677068e+01 -1.421978e-02  1.388765e-02 -8.993871e-03 
 1.870000e+04  5.772275e+01 -1.429625e-02  1.396031e-02 -9.044326e-03 
 1.875000e+04  5.874108e+01 -1.437731e-02  1.403741e-02 -9.097779e-03 
 1.880000e+04  5.977217e+01 -1.445858e-02  1.411476e-02 -9.151352e-03 
 1.885000e+04  6.080327e+01 -1.453901e-02  1.419108e-02 -9.204256e-03 
 1.890000e+04  6.188592e+01 -1.462275e-02  1.427022e-02 -9.259197e-03 
 1.895000e+04  6.296857e+01 -1.470577e-02  1.434838e-02 -9.313645e-03 
 1.900000e+04  6.405123e+01 -1.478784e-02  1.442560e-02 -9.367501e-03 
 1.905000e+04  6.515228e+01 -1.487030e-02  1.450331e-02 -9.421651e-03 
 1.910000e+04  6.628907e+01 -1.495475e-02  1.458288e-02 -9.477055e-03 
 1.915000e+04  6.742585e+01 -1.503831e-02  1.466175e-02 -9.531859e-03 
 1.920000e+04  6.857514e+01 -1.512181e-02  1.474065e-02 -9.586546e-03 
 1.925000e+04  6.981532e+01 -1.521111e-02  1.482493e-02 -9.644960e-03 
 1.930000e+04  7.106862e+01 -1.530053e-02  1.490921e-02 -9.703424e-03 
 1.935000e+04  7.232193e+01 -1.538891e-02  1.499226e-02 -9.761255e-03 
 1.940000e+04  7.360280e+01 -1.547826e-02  1.507607e-02 -9.819677e-03 
 1.945000e+04  7.491877e+01 -1.556930e-02  1.516125e-02 -9.879025e-03 
 1.950000e+04  7.623474e+01 -1.565928e-02  1.524559e-02 -9.937728e-03 
 1.955000e+04  7.755071e+01 -1.574811e-02  1.532905e-02 -9.995764e-03 
 1.960000e+04  7.891801e+01 -1.583938e-02  1.541501e-02 -1.005540e-02 
 1.965000e+04  8.035228e+01 -1.593417e-02  1.550440e-02 -1.011736e-02 
 1.970000e+04  8.180314e+01 -1.602903e-02  1.559378e-02 -1.017927e-02 
 1.975000e+04  8.328736e+01 -1.612504e-02  1.568409e-02 -1.024181e-02 
 1.980000e+04  8.488236e+01 -1.622723e-02  1.577994e-02 -1.030830e-02 
 1.985000e+04  8.648193e+01 -1.632859e-02  1.587472e-02 -1.037425e-02 
 1.990000e+04  8.808150e+01 -1.642862e-02  1.596821e-02 -1.043936e-02 
 1.995000e+04  8.968107e+01 -1.652758e-02  1.606070e-02 -1.050370e-02 
 2.000000e+04  9.128064e+01 -1.662554e-02  1.615227e-02 -1.056731e-02 
 2.005000e+04  9.288021e+01 -1.672237e-02  1.624289e-02 -1.063019e-02 
 2.010000e+04  9.458088e+01 -1.682422e-02  1.633820e-02 -1.069620e-02 
 2.015000e+04  9.637791e+01 -1.693080e-02  1.643784e-02 -1.076529e-02 
 2.020000e+04  9.822961e+01 -1.703947e-02  1.653918e-02 -1.083565e-02 
 2.025000e+04  1.000813e+02 -1.714676e-02  1.663905e-02 -1.090505e-02 
 2.030000e+04  1.019830e+02 -1.725575e-02  1.674020e-02 -1.097542e-02 
 2.035000e+04  1.039273e+02 -1.736595e-02  1.684243e-02 -1.104658e-02 
 2.040000e+04  1.058716e+02 -1.747467e-02  1.694347e-02 -1.111683e-02 
 2.045000e+04  1.078373e+02 -1.758321e-02  1.704449e-02 -1.118697e-02 
 2.050000e+04  1.098788e+02 -1.769476e-02  1.714836e-02 -1.125895e-02 
 2.055000e+04  1.119203e+02 -1.780499e-02  1.725107e-02 -1.133008e-02 
 2.060000e+04  1.140006e+02 -1.791589e-02  1.735440e-02 -1.140160e-02 
 2.065000e+04  1.162449e+02 -1.803435e-02  1.746448e-02 -1.147783e-02 
 2.070000e+04  1.184956e+02 -1.815181e-02  1.757339e-02 -1.155343e-02 
 2.075000e+04  1.207464e+02 -1.826771e-02  1.768072e-02 -1.162804e-02 
 2.080000e+04  1.230974e+02 -1.838730e-02  1.779136e-02 -1.170492e-02 
 2.085000e+04  1.255789e+02 -1.851218e-02  1.790693e-02 -1.178508e-02 
 2.090000e+04  1.280603e+02 -1.863538e-02  1.802105e-02 -1.186416e-02 
 2.095000e+04  1.305492e+02 -1.875731e-02  1.813397e-02 -1.194236e-02 
 2.100000e+04  1.331548e+02 -1.888347e-02  1.825075e-02 -1.202322e-02 
 2.105000e+04  1.357603e+02 -1.900813e-02  1.836603e-02 -1.210309e-02 
 2.110000e+04  1.383658e+02 -1.913119e-02  1.847962e-02 -1.218187e-02 
 2.115000e+04  1.411483e+02 -1.926117e-02  1.859923e-02 -1.226487e-02 
 2.120000e+04  1.440209e+02 -1.939384e-02  1.872116e-02 -1.234957e-02 
 2.125000e+04  1.468935e+02 -1.952472e-02  1.884140e-02 -1.243305e-02 
 2.130000e+04  1.497862e+02 -1.965475e-02  1.896075e-02 -1.251585e-02 
 2.135000e+04  1.528778e+02 -1.979196e-02  1.908681e-02 -1.260324e-02 
 2.140000e+04  1.560448e+02 -1.993071e-02  1.921439e-02 -1.269163e-02 
 2.145000e+04  1.592119e+02 -2.006750e-02  1.934015e-02 -1.277871e-02 
 2.150000e+04  1.625490e+02 -2.020980e-02  1.947069e-02 -1.286920e-02 
 2.155000e+04  1.660406e+02 -2.035697e-02  1.960544e-02 -1.296270e-02 
 2.160000e+04  1.695323e+02 -2.050194e-02  1.973815e-02 -1.305475e-02 
 2.165000e+04  1.730763e+02 -2.064707e-02  1.987071e-02 -1.314667e-02 
 2.170000e+04  1.769186e+02 -2.080248e-02  2.001251e-02 -1.324504e-02 
 2.175000e+04  1.807681e+02 -2.095591e-02  2.015256e-02 -1.334223e-02 
 2.180000e+04  1.846177e+02 -2.110692e-02  2.029048e-02 -1.343782e-02 
 2.185000e+04  1.885904e+02 -2.126065e-02  2.043078e-02 -1.353502e-02 
 2.190000e+04  1.926324e+02 -2.141497e-02  2.057159e-02 -1.363259e-02 
 2.195000e+04  1.966745e+02 -2.156703e-02  2.071020e-02 -1.372865e-02 
 2.200000e+04  2.009307e+02 -2.172498e-02  2.085388e-02 -1.382823e-02 
 2.205000e+04  2.053871e+02 -2.188830e-02  2.100227e-02 -1.393117e-02 
 2.210000e+04  2.098434e+02 -2.204923e-02  2.114835e-02 -1.403252e-02 
 2.215000e+04  2.143042e+02 -2.220781e-02  2.129219e-02 -1.413227e-02 
 2.220000e+04  2.191612e+02 -2.237809e-02  2.144649e-02 -1.423928e-02 
 2.225000e+04  2.240743e+02 -2.254796e-02  2.160042e-02 -1.434607e-02 
 2.230000e+04  2.289874e+02 -2.271518e-02  2.175187e-02 -1.445111e-02 
 2.235000e+04  2.341403e+02 -2.288794e-02  2.190810e-02 -1.455948e-02 
 2.240000e+04  2.395570e+02 -2.306715e-02  2.206993e-02 -1.467183e-02 
 2.245000e+04  2.449737e+02 -2.324360e-02  2.222912e-02 -1.478231e-02 
 2.250000e+04  2.503958e+02 -2.341746e-02  2.238573e-02 -1.489098e-02 
 2.255000e+04  2.562995e+02 -2.360399e-02  2.255354e-02 -1.500760e-02 
 2.260000e+04  2.622714e+02 -2.378976e-02  2.272074e-02 -1.512387e-02 
 2.265000e+04  2.682434e+02 -2.397243e-02  2.288516e-02 -1.523808e-02 
 2.270000e+04  2.745249e+02 -2.416164e-02  2.305526e-02 -1.535614e-02 
 2.275000e+04  2.811090e+02 -2.435708e-02  2.323088e-02 -1.547810e-02 
 2.280000e+04  2.876930e+02 -2.454925e-02  2.340350e-02 -1.559802e-02 
 2.285000e+04  2.943166e+02 -2.473938e-02  2.357405e-02 -1.571651e-02 
 2.290000e+04  3.012298e+02 -2.493483e-02  2.374911e-02 -1.583828e-02 
 2.295000e+04  3.081431e+02 -2.512719e-02  2.392131e-02 -1.595815e-02 
 2.300000e+04  3.151116e+02 -2.531794e-02  2.409196e-02 -1.607687e-02 
 2.305000e+04  3.229113e+02 -2.552838e-02  2.428002e-02 -1.620770e-02 
 2.310000e+04  3.309143e+02 -2.574105e-02  2.446998e-02 -1.633995e-02 
 2.315000e+04  3.389172e+02 -2.594997e-02  2.465645e-02 -1.646983e-02 
 2.320000e+04  3.469202e+02 -2.615529e-02  2.483941e-02 -1.659732e-02 
 2.325000e+04  3.552512e+02 -2.636555e-02  2.502657e-02 -1.672785e-02 
 2.330000e+04  3.636543e+02 -2.657422e-02  2.521224e-02 -1.685739e-02 
 2.335000e+04  3.722011e+02 -2.678299e-02  2.539780e-02 -1.698689e-02 
 2.340000e+04  3.818269e+02 -2.701463e-02  2.560348e-02 -1.713055e-02 
 2.345000e+04  3.915545e+02 -2.724500e-02  2.580795e-02 -1.727348e-02 
 2.350000e+04  4.012821e+02 -2.747111e-02  2.600857e-02 -1.741364e-02 
 2.355000e+04  4.110098e+02 -2.769314e-02  2.620528e-02 -1.755114e-02 
 2.360000e+04  4.211070e+02 -2.791961e-02  2.640587e-02 -1.769157e-02 
 2.365000e+04  4.313211e+02 -2.814491e-02  2.660542e-02 -1.783133e-02 
 2.370000e+04  4.417414e+02 -2.837096e-02  2.680542e-02 -1.797150e-02 
 2.375000e+04  4.530024e+02 -2.861160e-02  2.701811e-02 -1.812065e-02 
 2.380000e+04  4.642633e+02 -2.884830e-02  2.722721e-02 -1.826735e-02 
 2.385000e+04  4.755243e+02 -2.908071e-02  2.743245e-02 -1.841132e-02 
 2.390000e+04  4.869606e+02 -2.931260e-02  2.763708e-02 -1.855503e-02 
 2.395000e+04  4.985346e+02 -2.954339e-02  2.784073e-02 -1.869827e-02 
 2.400000e+04  5.101087e+02 -2.977036e-02  2.804102e-02 -1.883920e-02 
 2.405000e+04  5.216828e+02 -2.999377e-02  2.823800e-02 -1.897786e-02 
 2.410000e+04  5.332569e+02 -3.021391e-02  2.843192e-02 -1.911447e-02 
 2.415000e+04  5.448309e+02 -3.043077e-02  2.862289e-02 -1.924906e-02 
 2.420000e+04  5.564050e+02 -3.064428e-02  2.881090e-02 -1.938160e-02 
 2.425000e+04  5.679791e+02 -3.085466e-02  2.899614e-02 -1.951231e-02 
 2.430000e+04  5.795532e+02 -3.106210e-02  2.917887e-02 -1.964139e-02 
 2.435000e+04  5.911272e+02 -3.126668e-02  2.935908e-02 -1.976873e-02 
 2.440000e+04  6.027013e+02 -3.146853e-02  2.953680e-02 -1.989435e-02 
 2.445000e+04  6.142754e+02 -3.166780e-02  2.971215e-02 -2.001843e-02 
 2.450000e+04  6.258495e+02 -3.186460e-02  2.988522e-02 -2.014104e-02 
 2.455000e+04  6.374235e+02 -3.205896e-02  3.005601e-02 -2.026211e-02 
 2.460000e+04  6.489976e+02 -3.225104e-02  3.022460e-02 -2.038176e-02 
 2.465000e+04  6.605717e+02 -3.244089e-02  3.039119e-02 -2.050008e-02 
 2.470000e+04  6.721457e+02 -3.262846e-02  3.055575e-02 -2.061709e-02 
 2.475000e+04  6.837198e+02 -3.281385e-02  3.071834e-02 -2.073283e-02 
 2.480000e+04  6.952939e+02 -3.299720e-02  3.087916e-02 -2.084740e-02 
 2.485000e+04  7.068680e+02 -3.317859e-02  3.103825e-02 -2.096078e-02 
 2.490000e+04  7.184420e+02 -3.335805e-02  3.119559e-02 -2.107292e-02 
 2.495000e+04  7.300161e+02 -3.353565e-02  3.135122e-02 -2.118396e-02 
 2.500000e+04  7.415902e+02 -3.371142e-02  3.150522e-02 -2.129402e-02 
 2.505000e+04  7.531643e+02 -3.388530e-02  3.165764e-02 -2.140305e-02 
 2.510000e+04  7.647383e+02 -3.405742e-02  3.180854e-02 -2.151102e-02 
 2.515000e+04  7.763124e+02 -3.422786e-02  3.195805e-02 -2.161800e-02 
 2.520000e+04  7.878865e+02 -3.439672e-02  3.210619e-02 -2.172407e-02 
 2.525000e+04  7.994606e+02 -3.456395e-02  3.225296e-02 -2.182923e-02 
 2.530000e+04  8.110346e+02 -3.472958e-02  3.239837e-02 -2.193349e-02 
 2.535000e+04  8.226087e+02 -3.489372e-02  3.254247e-02 -2.203693e-02 
 2.540000e+04  8.341828e+02 -3.505647e-02  3.268529e-02 -2.213957e-02 
 2.545000e+04  8.457569e+02 -3.521786e-02  3.282686e-02 -2.224138e-02 
 2.550000e+04  8.573309e+02 -3.537794e-02  3.296722e-02 -2.234241e-02 
 2.555000e+04  8.689050e+02 -3.553673e-02  3.310638e-02 -2.244270e-02 
 2.560000e+04  8.804791e+02 -3.569427e-02  3.324441e-02 -2.254229e-02 
 2.565000e+04  8.920532e+02 -3.585060e-02  3.338137e-02 -2.264118e-02 
 2.570000e+04  9.036272e+02 -3.600579e-02  3.351729e-02 -2.273939e-02 
 2.575000e+04  9.152013e+02 -3.615983e-02  3.365220e-02 -2.283693e-02 
 2.580000e+04  9.267754e+02 -3.631271e-02  3.378612e-02 -2.293385e-02 
 2.585000e+04  9.383495e+02 -3.646453e-02  3.391908e-02 -2.303016e-02 
 2.590000e+04  9.499235e+02 -3.661528e-02  3.405113e-02 -2.312588e-02 
 2.595000e+04  9.614976e+02 -3.676501e-02  3.418230e-02 -2.322106e-02 
 2.600000e+04  9.730717e+02 -3.691371e-02  3.431259e-02 -2.331567e-02 
 2.605000e+04  9.846457e+02 -3.706145e-02  3.444207e-02 -2.340973e-02 
 2.610000e+04  9.962198e+02 -3.720825e-02  3.457074e-02 -2.350329e-02 
 2.615000e+04  1.007794e+03 -3.735414e-02  3.469859e-02 -2.359632e-02 
 2.620000e+04  1.019368e+03 -3.749914e-02  3.482566e-02 -2.368803e-02 
 2.625000e+04  1.030942e+03 -3.764332e-02  3.495116e-02 -2.377867e-02 
 2.630000e+04  1.042516e+03 -3.778655e-02  3.507547e-02 -2.386927e-02 
 2.635000e+04  1.054090e+03 -3.792810e-02  3.519943e-02 -2.395987e-02 
 2.640000e+04  1.065664e+03 -3.806885e-02  3.532324e-02 -2.405065e-02 
 2.645000e+04  1.077238e+03 -3.820920e-02  3.544661e-02 -2.414115e-02 
 2.650000e+04  1.088812e+03 -3.834916e-02  3.556952e-02 -2.423118e-02 
 2.655000e+04  1.100386e+03 -3.848812e-02  3.569176e-02 -2.432054e-02 
 2.660000e+04  1.111961e+03 -3.862613e-02  3.581327e-02 -2.440961e-02 
 2.665000e+04  1.123535e+03 -3.876361e-02  3.593399e-02 -2.449799e-02 
 2.670000e+04  1.135109e+03 -3.890010e-02  3.605422e-02 -2.458585e-02 
 2.675000e+04  1.146683e+03 -3.903567e-02  3.617362e-02 -2.467347e-02 
 2.680000e+04  1.158257e+03 -3.917058e-02  3.629221e-02 -2.476094e-02 
 2.685000e+04  1.169831e+03 -3.930488e-02  3.641040e-02 -2.484841e-02 
 2.690000e+04  1.181405e+03 -3.943878e-02  3.652813e-02 -2.493562e-02 
 2.695000e+04  1.192979e+03 -3.957226e-02  3.664532e-02 -2.502243e-02 
 2.700000e+04  1.204553e+03 -3.970556e-02  3.676206e-02 -2.510836e-02 
 2.705000e+04  1.216127e+03 -3.983864e-02  3.687833e-02 -2.519380e-02 
 2.710000e+04  1.227701e+03 -3.997042e-02  3.699361e-02 -2.527903e-02 
 2.715000e+04  1.239275e+03 -4.010101e-02  3.710813e-02 -2.536366e-02 
 2.720000e+04  1.250849e+03 -4.023114e-02  3.722227e-02 -2.544737e-02 
 2.725000e+04  1.262424e+03 -4.036088e-02  3.733585e-02 -2.553171e-02 
 2.730000e+04  1.273998e+03 -4.049078e-02  3.744828e-02 -2.561621e-02 
 2.735000e+04  1.285572e+03 -4.061910e-02  3.756053e-02 -2.570045e-02 
 2.740000e+04  1.297146e+03 -4.074699e-02  3.767307e-02 -2.578406e-02 
 2.745000e+04  1.308720e+03 -4.087464e-02  3.778565e-02 -2.586747e-02 
 2.750000e+04  1.320294e+03 -4.100090e-02  3.789777e-02 -2.595031e-02 
 2.755000e+04  1.331868e+03 -4.112668e-02  3.800907e-02 -2.603244e-02 
 2.760000e+04  1.343442e+03 -4.125153e-02  3.812039e-02 -2.611439e-02 
 2.765000e+04  1.355016e+03 -4.137600e-02  3.823151e-02 -2.619619e-02 
 2.770000e+04  1.366590e+03 -4.149978e-02  3.834207e-02 -2.627748e-02 
 2.775000e+04  1.378164e+03 -4.162405e-02  3.845218e-02 -2.635896e-02 
 2.780000e+04  1.389738e+03 -4.174805e-02  3.856149e-02 -2.643994e-02 
 2.785000e+04  1.401312e+03 -4.187131e-02  3.867033e-02 -2.652072e-02 
 2.790000e+04  1.412886e+03 -4.199350e-02  3.877928e-02 -2.660181e-02 
 2.795000e+04  1.424461e+03 -4.211624e-02  3.888749e-02 -2.668259e-02 
 2.800000e+04  1.436035e+03 -4.223951e-02  3.899510e-02 -2.676281e-02 
 2.805000e+04  1.447609e+03 -4.236268e-02  3.910242e-02 -2.684257e-02 
 2.810000e+04  1.459183e+03 -4.248525e-02  3.920908e-02 -2.692117e-02 
 2.815000e+04  1.470757e+03 -4.260677e-02  3.931470e-02 -2.699974e-02 
 2.820000e+04  1.482331e+03 -4.272822e-02  3.941974e-02 -2.707904e-02 
 2.825000e+04  1.493905e+03 -4.284960e-02  3.952405e-02 -2.715868e-02 
 2.830000e+04  1.505479e+03 -4.297078e-02  3.962745e-02 -2.723758e-02 
 2.835000e+04  1.517053e+03 -4.309203e-02  3.973078e-02 -2.731574e-02 
 2.840000e+04  1.528627e+03 -4.321344e-02  3.983505e-02 -2.739429e-02 
 2.845000e+04  1.540201e+03 -4.333378e-02  3.993997e-02 -2.747245e-02 
 2.850000e+04  1.551775e+03 -4.345242e-02  4.004422e-02 -2.755013e-02 
 2.855000e+04  1.563349e+03 -4.357074e-02  4.014786e-02 -2.762802e-02 
 2.860000e+04  1.574924e+03 -4.368871e-02  4.025120e-02 -2.770577e-02 
 2.865000e+04  1.586498e+03 -4.380487e-02  4.035437e-02 -2.778241e-02 
 2.870000e+04  1.598072e+03 -4.392057e-02  4.045717e-02 -2.785913e-02 
 2.875000e+04  1.609646e+03 -4.403663e-02  4.055999e-02 -2.793607e-02 
 2.880000e+04  1.621220e+03 -4.415262e-02  4.066271e-02 -2.801297e-02 
 2.885000e+04  1.632794e+03 -4.426743e-02  4.076472e-02 -2.808950e-02 
 2.890000e+04  1.644368e+03 -4.438270e-02  4.086718e-02 -2.816536e-02 
 2.895000e+04  1.655942e+03 -4.449719e-02  4.096917e-02 -2.824095e-02 
 2.900000e+04  1.667516e+03 -4.461110e-02  4.107158e-02 -2.831652e-02 
 2.905000e+04  1.679090e+03 -4.472500e-02  4.117277e-02 -2.839226e-02 
 2.910000e+04  1.690664e+03 -4.483964e-02  4.127349e-02 -2.846793e-02 
 2.915000e+04  1.702238e+03 -4.495418e-02  4.137419e-02 -2.854357e-02 
 2.920000e+04  1.713812e+03 -4.506831e-02  4.147438e-02 -2.861889e-02 
 2.925000e+04  1.725386e+03 -4.518201e-02  4.157407e-02 -2.869403e-02 
 2.930000e+04  1.736961e+03 -4.529632e-02  4.167383e-02 -2.876908e-02 
 2.935000e+04  1.748535e+03 -4.541092e-02  4.177233e-02 -2.884407e-02 
 2.940000e+04  1.760109e+03 -4.552507e-02  4.187053e-02 -2.891830e-02 
 2.945000e+04  1.771683e+03 -4.563828e-02  4.196782e-02 -2.899215e-02 
 2.950000e+04  1.783257e+03 -4.575129e-02  4.206602e-02 -2.906625e-02 
 2.955000e+04  1.794831e+03 -4.586334e-02  4.216426e-02 -2.914052e-02 
 2.960000e+04  1.806405e+03 -4.597524e-02  4.226253e-02 -2.921462e-02 
 2.965000e+04  1.817979e+03 -4.608719e-02  4.236085e-02 -2.928866e-02 
 2.970000e+04  1.829553e+03 -4.619917e-02  4.245867e-02 -2.936269e-02 
 2.975000e+04  1.841127e+03 -4.631085e-02  4.255600e-02 -2.943653e-02 
 2.980000e+04  1.852701e+03 -4.642107e-02  4.265350e-02 -2.950985e-02 
 2.985000e+04  1.864275e+03 -4.653088e-02  4.275133e-02 -2.958295e-02 
 2.990000e+04  1.875849e+03 -4.663991e-02  4.284966e-02 -2.965604e-02 
 2.995000e+04  1.887424e+03 -4.674838e-02  4.294802e-02 -2.972888e-02 
 3.000000e+04  1.898998e+03 -4.685654e-02  4.304587e-02 -2.980186e-02 
 3.005000e+04  1.910572e+03 -4.696531e-02  4.314244e-02 -2.987484e-02 
 3.010000e+04  1.922146e+03 -4.707410e-02  4.323835e-02 -2.994764e-02 
 3.015000e+04  1.933720e+03 -4.718231e-02  4.333377e-02 -3.002014e-02 
 3.020000e+04  1.945294e+03 -4.729002e-02  4.342879e-02 -3.009235e-02 
 3.025000e+04  1.956868e+03 -4.739767e-02  4.352355e-02 -3.016425e-02 
 3.030000e+04  1.968442e+03 -4.750651e-02  4.361797e-02 -3.023602e-02 
 3.035000e+04  1.980016e+03 -4.761613e-02  4.371268e-02 -3.030767e-02 
 3.040000e+04  1.991590e+03 -4.772516e-02  4.380720e-02 -3.037942e-02 
 3.045000e+04  2.003164e+03 -4.783382e-02  4.390155e-02 -3.045127e-02 
 3.050000e+04  2.014738e+03 -4.794148e-02  4.399633e-02 -3.052292e-02 
 3.055000e+04  2.026312e+03 -4.804889e-02  4.409010e-02 -3.059445e-02 
 3.060000e+04  2.037886e+03 -4.815674e-02  4.418247e-02 -3.066598e-02 
 3.065000e+04  2.049461e+03 -4.826438e-02  4.427460e-02 -3.073742e-02 
 3.070000e+04  2.061035e+03 -4.837120e-02  4.436714e-02 -3.080835e-02 
 3.075000e+04  2.072609e+03 -4.847745e-02  4.446073e-02 -3.087893e-02 
 3.080000e+04  2.084183e+03 -4.858378e-02  4.455405e-02 -3.094934e-02 
 3.085000e+04  2.095757e+03 -4.869016e-02  4.464711e-02 -3.101999e-02 
 3.090000e+04  2.107331e+03 -4.879495e-02  4.474051e-02 -3.109091e-02 
 3.095000e+04  2.118905e+03 -4.889862e-02  4.483432e-02 -3.116195e-02 
 3.100000e+04  2.130479e+03 -4.900224e-02  4.492780e-02 -3.123270e-02 
 3.105000e+04  2.142053e+03 -4.910580e-02  4.502139e-02 -3.130276e-02 
 3.110000e+04  2.153627e+03 -4.920986e-02  4.511486e-02 -3.137270e-02 
 3.115000e+04  2.165201e+03 -4.931414e-02  4.520794e-02 -3.144228e-02 
 3.120000e+04  2.176775e+03 -4.941860e-02  4.529952e-02 -3.151194e-02 
 3.125000e+04  2.188349e+03 -4.952329e-02  4.539138e-02 -3.158179e-02 
 3.130000e+04  2.199924e+03 -4.962752e-02  4.548330e-02 -3.165192e-02 
 3.135000e+04  2.211498e+03 -4.973120e-02  4.557480e-02 -3.172169e-02 
 3.140000e+04  2.223072e+03 -4.983467e-02  4.566567e-02 -3.179135e-02 
 3.145000e+04  2.234646e+03 -4.993854e-02  4.575598e-02 -3.186080e-02 
 3.150000e+04  2.246220e+03 -5.004273e-02  4.584665e-02 -3.193024e-02 
 3.155000e+04  2.257794e+03 -5.014644e-02  4.593763e-02 -3.199934e-02 
 3.160000e+04  2.269368e+03 -5.024992e-02  4.602839e-02 -3.206813e-02 
 3.165000e+04  2.280942e+03 -5.035329e-02  4.611923e-02 -3.213720e-02 
 3.170000e+04  2.292516e+03 -5.045684e-02  4.620977e-02 -3.220623e-02 
 3.175000e+04  2.304090e+03 -5.056019e-02  4.629983e-02 -3.227506e-02 
 3.180000e+04  2.315664e+03 -5.066287e-02  4.639002e-02 -3.234394e-02 
 3.185000e+04  2.327238e+03 -5.076432e-02  4.648041e-02 -3.241307e-02 
 3.190000e+04  2.338812e+03 -5.086480e-02  4.657105e-02 -3.248199e-02 
 3.195000e+04  2.350386e+03 -5.096537e-02  4.666187e-02 -3.255033e-02 
 3.200000e+04  2.361961e+03 -5.106659e-02  4.675209e-02 -3.261860e-02 
 3.205000e+04  2.373535e+03 -5.116798e-02  4.684084e-02 -3.268689e-02 
 3.210000e+04  2.385109e+03 -5.126925e-02  4.693000e-02 -3.275504e-02 
 3.215000e+04  2.396683e+03 -5.137038e-02  4.701934e-02 -3.282304e-02 
 3.220000e+04  2.408257e+03 -5.147087e-02  4.710864e-02 -3.289098e-02 
 3.225000e+04  2.419831e+03 -5.157115e-02  4.719791e-02 -3.295901e-02 
 3.230000e+04  2.431405e+03 -5.167211e-02  4.728691e-02 -3.302718e-02 
 3.235000e+04  2.442979e+03 -5.177300e-02  4.737595e-02 -3.309518e-02 
 3.240000e+04  2.454553e+03 -5.187384e-02  4.746502e-02 -3.316268e-02 
 3.245000e+04  2.466127e+03 -5.197460e-02  4.755420e-02 -3.323014e-02 
 3.250000e+04  2.477701e+03 -5.207488e-02  4.764291e-02 -3.329734e-02 
 3.255000e+04  2.489275e+03 -5.217454e-02  4.773049e-02 -3.336459e-02 
 3.260000e+04  2.500849e+03 -5.227462e-02  4.781807e-02 -3.343202e-02 
 3.265000e+04  2.512424e+03 -5.237485e-02  4.790561e-02 -3.349956e-02 
 3.270000e+04  2.523998e+03 -5.247499e-02  4.799250e-02 -3.356680e-02 
 3.275000e+04  2.535572e+03 -5.257461e-02  4.807972e-02 -3.363390e-02 
 3.280000e+04  2.547146e+03 -5.267396e-02  4.816751e-02 -3.370092e-02 
 3.285000e+04  2.558720e+03 -5.277312e-02  4.825551e-02 -3.376778e-02 
 3.290000e+04  2.570294e+03 -5.287216e-02  4.834356e-02 -3.383429e-02 
 3.295000e+04  2.581868e+03 -5.297095e-02  4.843146e-02 -3.390084e-02 
 3.300000e+04  2.593442e+03 -5.306978e-02  4.851908e-02 -3.396765e-02 
 3.305000e+04  2.605016e+03 -5.316836e-02  4.860655e-02 -3.403467e-02 
 3.310000e+04  2.616590e+03 -5.326656e-02  4.869377e-02 -3.410151e-02 
 3.315000e+04  2.628164e+03 -5.336484e-02  4.878074e-02 -3.416808e-02 
 3.320000e+04  2.639738e+03 -5.346305e-02  4.886778e-02 -3.423445e-02 
 3.325000e+04  2.651312e+03 -5.356067e-02  4.895509e-02 -3.430051e-02 
 3.330000e+04  2.662886e+03 -5.365768e-02  4.904234e-02 -3.436641e-02 
 3.335000e+04  2.674461e+03 -5.375477e-02  4.912963e-02 -3.443244e-02 
 3.340000e+04  2.686035e+03 -5.385247e-02  4.921678e-02 -3.449847e-02 
 3.345000e+04  2.697609e+03 -5.395048e-02  4.930352e-02 -3.456468e-02 
 3.350000e+04  2.709183e+03 -5.404832e-02  4.938908e-02 -3.463090e-02 
 3.355000e+04  2.720757e+03 -5.414600e-02  4.947451e-02 -3.469695e-02 
 3.360000e+04  2.732331e+03 -5.424348e-02  4.956001e-02 -3.476266e-02 
 3.365000e+04  2.743905e+03 -5.434069e-02  4.964578e-02 -3.482814e-02 
 3.370000e+04  2.755479e+03 -5.443815e-02  4.973162e-02 -3.489379e-02 
 3.375000e+04  2.767053e+03 -5.453562e-02  4.981724e-02 -3.495943e-02 
 3.380000e+04  2.778627e+03 -5.463246e-02  4.990290e-02 -3.502496e-02 
 3.385000e+04  2.790201e+03 -5.472939e-02  4.998876e-02 -3.509069e-02 
 3.390000e+04  2.801775e+03 -5.482649e-02  5.007449e-02 -3.515631e-02 
 3.395000e+04  2.813349e+03 -5.492340e-02  5.015951e-02 -3.522171e-02 
 3.400000e+04  2.824924e+03 -5.501994e-02  5.024416e-02 -3.528700e-02 
 3.405000e+04  2.836498e+03 -5.511617e-02  5.032881e-02 -3.535208e-02 
 3.410000e+04  2.848072e+03 -5.521152e-02  5.041378e-02 -3.541702e-02 
 3.415000e+04  2.859646e+03 -5.530664e-02  5.049909e-02 -3.548196e-02 
 3.420000e+04  2.871220e+03 -5.540210e-02  5.058479e-02 -3.554694e-02 
 3.425000e+04  2.882794e+03 -5.549762e-02  5.067054e-02 -3.561212e-02 
 3.430000e+04  2.894368e+03 -5.559295e-02  5.075620e-02 -3.567719e-02 
 3.435000e+04  2.905942e+03 -5.568804e-02  5.084161e-02 -3.574214e-02 
 3.440000e+04  2.917516e+03 -5.578310e-02  5.092689e-02 -3.580696e-02 
 3.445000e+04  2.929090e+03 -5.587820e-02  5.101181e-02 -3.587175e-02 
 3.450000e+04  2.940664e+03 -5.597313e-02  5.109627e-02 -3.593638e-02 
 3.455000e+04  2.952238e+03 -5.606809e-02  5.118054e-02 -3.600095e-02 
 3.460000e+04  2.963812e+03 -5.616327e-02  5.126492e-02 -3.606561e-02 
 3.465000e+04  2.975386e+03 -5.625847e-02  5.134919e-02 -3.613009e-02 
 3.470000e+04  2.986961e+03 -5.635369e-02  5.143298e-02 -3.619450e-02 
 3.475000e+04  2.998535e+03 -5.644897e-02  5.151604e-02 -3.625900e-02 
 3.480000e+04  3.010109e+03 -5.654429e-02  5.159913e-02 -3.632330e-02 
 3.485000e+04  3.021683e+03 -5.663961e-02  5.168235e-02 -3.638750e-02 
 3.490000e+04  3.033257e+03 -5.673467e-02  5.176575e-02 -3.645174e-02 
 3.495000e+04  3.044831e+03 -5.682959e-02  5.184916e-02 -3.651596e-02 
 3.500000e+04  3.056405e+03 -5.692460e-02  5.193252e-02 -3.658010e-02 
 3.505000e+04  3.067979e+03 -5.701936e-02  5.201575e-02 -3.664405e-02 
 3.510000e+04  3.079553e+03 -5.711339e-02  5.209875e-02 -3.670770e-02 
 3.515000e+04  3.091127e+03 -5.720726e-02  5.218195e-02 -3.677139e-02 
 3.520000e+04  3.102701e+03 -5.730102e-02  5.226547e-02 -3.683533e-02 
 3.525000e+04  3.114275e+03 -5.739457e-02  5.234914e-02 -3.689921e-02 
 3.530000e+04  3.125849e+03 -5.748790e-02  5.243280e-02 -3.696305e-02 
 3.535000e+04  3.137424e+03 -5.758099e-02  5.251603e-02 -3.702682e-02 
 3.540000e+04  3.148998e+03 -5.767388e-02  5.259860e-02 -3.709040e-02 
 3.545000e+04  3.160572e+03 -5.776645e-02  5.268129e-02 -3.715375e-02 
 3.550000e+04  3.172146e+03 -5.785892e-02  5.276422e-02 -3.721706e-02 
 3.555000e+04  3.183720e+03 -5.795165e-02  5.284727e-02 -3.728044e-02 
 3.560000e+04  3.195294e+03 -5.804475e-02  5.293030e-02 -3.734368e-02 
 3.565000e+04  3.206868e+03 -5.813782e-02  5.301257e-02 -3.740688e-02 
 3.570000e+04  3.218442e+03 -5.823082e-02  5.309430e-02 -3.746998e-02 
 3.575000e+04  3.230016e+03 -5.832340e-02  5.317588e-02 -3.753295e-02 
 3.580000e+04  3.241590e+03 -5.841587e-02  5.325774e-02 -3.759586e-02 
 3.585000e+04  3.253164e+03 -5.850874e-02  5.333976e-02 -3.765886e-02 
 3.590000e+04  3.264738e+03 -5.860189e-02  5.342180e-02 -3.772184e-02 
 3.595000e+04  3.276312e+03 -5.869514e-02  5.350363e-02 -3.778490e-02 
 3.600000e+04  3.287886e+03 -5.878818e-02  5.358546e-02 -3.784788e-02 
 3.605000e+04  3.299461e+03 -5.888094e-02  5.366727e-02 -3.791073e-02 
 3.610000e+04  3.311035e+03 -5.897356e-02  5.374907e-02 -3.797356e-02 
 3.615000e+04  3.322609e+03 -5.906588e-02  5.383071e-02 -3.803639e-02 
 3.620000e+04  3.334183e+03 -5.915805e-02  5.391230e-02 -3.809908e-02 
 3.625000e+04  3.345757e+03 -5.924986e-02  5.399362e-02 -3.816153e-02 
 3.630000e+04  3.357331e+03 -5.934147e-02  5.407413e-02 -3.822388e-02 
 3.635000e+04  3.368905e+03 -5.943288e-02  5.415487e-02 -3.828616e-02 
 3.640000e+04  3.380479e+03 -5.952451e-02  5.423599e-02 -3.834853e-02 
 3.645000e+04  3.392053e+03 -5.961617e-02  5.431744e-02 -3.841094e-02 
 3.650000e+04  3.403627e+03 -5.970761e-02  5.439876e-02 -3.847315e-02 
 3.655000e+04  3.415201e+03 -5.979909e-02  5.448007e-02 -3.853542e-02 
 3.660000e+04  3.426775e+03 -5.989053e-02  5.456127e-02 -3.859775e-02 
 3.665000e+04  3.438349e+03 -5.998180e-02  5.464225e-02 -3.865998e-02 
 3.670000e+04  3.449924e+03 -6.007283e-02  5.472292e-02 -3.872221e-02 
 3.675000e+04  3.461498e+03 -6.016368e-02  5.480308e-02 -3.878451e-02 
 3.680000e+04  3.473072e+03 -6.025467e-02  5.488326e-02 -3.884641e-02 
 3.685000e+04  3.484646e+03 -6.034568e-02  5.496357e-02 -3.890821e-02 
 3.690000e+04  3.496220e+03 -6.043588e-02  5.504409e-02 -3.896992e-02 
 3.695000e+04  3.507794e+03 -6.052618e-02  5.512477e-02 -3.903180e-02 
 3.700000e+04  3.519368e+03 -6.061679e-02  5.520548e-02 -3.909375e-02 
 3.705000e+04  3.530942e+03 -6.070746e-02  5.528609e-02 -3.915566e-02 
 3.710000e+04  3.542516e+03 -6.079792e-02  5.536637e-02 -3.921745e-02 
 3.715000e+04  3.554090e+03 -6.088807e-02  5.544664e-02 -3.927903e-02 
 3.720000e+04  3.565664e+03 -6.097795e-02  5.552670e-02 -3.934059e-02 
 3.725000e+04  3.577238e+03 -6.106790e-02  5.560668e-02 -3.940214e-02 
 3.730000e+04  3.588812e+03 -6.115707e-02  5.568677e-02 -3.946374e-02 
 3.735000e+04  3.600386e+03 -6.124638e-02  5.576702e-02 -3.952538e-02 
 3.740000e+04  3.611961e+03 -6.133607e-02  5.584718e-02 -3.958687e-02 
 3.745000e+04  3.623535e+03 -6.142593e-02  5.592712e-02 -3.964810e-02 
 3.750000e+04  3.635109e+03 -6.151587e-02  5.600693e-02 -3.970937e-02 
 3.755000e+04  3.646683e+03 -6.160569e-02  5.608699e-02 -3.977075e-02 
 3.760000e+04  3.658257e+03 -6.169523e-02  5.616704e-02 -3.983214e-02 
 3.765000e+04  3.669831e+03 -6.178460e-02  5.624686e-02 -3.989342e-02 
 3.770000e+04  3.681405e+03 -6.187417e-02  5.632648e-02 -3.995473e-02 
 3.775000e+04  3.692979e+03 -6.196379e-02  5.640601e-02 -4.001600e-02 
 3.780000e+04  3.704553e+03 -6.205333e-02  5.648545e-02 -4.007720e-02 
 3.785000e+04  3.716127e+03 -6.214276e-02  5.656492e-02 -4.013839e-02 
 3.790000e+04  3.727701e+03 -6.223214e-02  5.664435e-02 -4.019941e-02 
 3.795000e+04  3.739275e+03 -6.232157e-02  5.672370e-02 -4.026034e-02 
 3.800000e+04  3.750849e+03 -6.241097e-02  5.680299e-02 -4.032126e-02 
 3.805000e+04  3.762424e+03 -6.250019e-02  5.688209e-02 -4.038204e-02 
 3.810000e+04  3.773998e+03 -6.258930e-02  5.696034e-02 -4.044279e-02 
 3.815000e+04  3.785572e+03 -6.267822e-02  5.703856e-02 -4.050356e-02 
 3.820000e+04  3.797146e+03 -6.276698e-02  5.711694e-02 -4.056413e-02 
 3.825000e+04  3.808720e+03 -6.285556e-02  5.719560e-02 -4.062456e-02 
 3.830000e+04  3.820294e+03 -6.294418e-02  5.727448e-02 -4.068498e-02 
 3.835000e+04  3.831868e+03 -6.303221e-02  5.735333e-02 -4.074547e-02 
 3.840000e+04  3.843442e+03 -6.312017e-02  5.743230e-02 -4.080597e-02 
 3.845000e+04  3.855016e+03 -6.320812e-02  5.751130e-02 -4.086640e-02 
 3.850000e+04  3.866590e+03 -6.329623e-02  5.759032e-02 -4.092674e-02 
 3.855000e+04  3.878164e+03 -6.338415e-02  5.766925e-02 -4.098711e-02 
 3.860000e+04  3.889738e+03 -6.347194e-02  5.774812e-02 -4.104750e-02 
 3.865000e+04  3.901312e+03 -6.355981e-02  5.782679e-02 -4.110785e-02 
 3.870000e+04  3.912886e+03 -6.364767e-02  5.790533e-02 -4.116812e-02 
 3.875000e+04  3.924461e+03 -6.373550e-02  5.798386e-02 -4.122835e-02 
 3.880000e+04  3.936035e+03 -6.382336e-02  5.806226e-02 -4.128853e-02 
 3.885000e+04  3.947609e+03 -6.391123e-02  5.814062e-02 -4.134866e-02 
 3.890000e+04  3.959183e+03 -6.399921e-02  5.821879e-02 -4.140882e-02 
 3.895000e+04  3.970757e+03 -6.408728e-02  5.829677e-02 -4.146889e-02 
 3.900000e+04  3.982331e+03 -6.417523e-02  5.837459e-02 -4.152884e-02 
 3.905000e+04  3.993905e+03 -6.426315e-02  5.845236e-02 -4.158884e-02 
 3.910000e+04  4.005479e+03 -6.435102e-02  5.853016e-02 -4.164887e-02 
 3.915000e+04  4.017053e+03 -6.443865e-02  5.860782e-02 -4.170874e-02 
 3.920000e+04  4.028627e+03 -6.452631e-02  5.868535e-02 -4.176859e-02 
 3.925000e+04  4.040201e+03 -6.461374e-02  5.876302e-02 -4.182835e-02 
 3.930000e+04  4.051775e+03 -6.470109e-02  5.884084e-02 -4.188814e-02 
 3.935000e+04  4.063349e+03 -6.478833e-02  5.891838e-02 -4.194801e-02 
 3.940000e+04  4.074924e+03 -6.487548e-02  5.899489e-02 -4.200787e-02 
 3.945000e+04  4.086498e+03 -6.496263e-02  5.907145e-02 -4.206747e-02 
 3.950000e+04  4.098072e+03 -6.504965e-02  5.914840e-02 -4.212701e-02 
 3.955000e+04  4.109646e+03 -6.513654e-02  5.922567e-02 -4.218640e-02 
 3.960000e+04  4.121220e+03 -6.522345e-02  5.930306e-02 -4.224585e-02 
 3.965000e+04  4.132794e+03 -6.531038e-02  5.938072e-02 -4.230532e-02 
 3.970000e+04  4.144368e+03 -6.539727e-02  5.945832e-02 -4.236480e-02 
 3.975000e+04  4.155942e+03 -6.548405e-02  5.953589e-02 -4.242430e-02 
 3.980000e+04  4.167516e+03 -6.557069e-02  5.961324e-02 -4.248386e-02 
 3.985000e+04  4.179090e+03 -6.565725e-02  5.969048e-02 -4.254340e-02 
 3.990000e+04  4.190664e+03 -6.574375e-02  5.976752e-02 -4.260290e-02 
 3.995000e+04  4.202238e+03 -6.583027e-02  5.984443e-02 -4.266223e-02 
 4.000000e+04  4.213812e+03 -6.591673e-02  5.992131e-02 -4.272137e-02 
 4.005000e+04  4.225386e+03 -6.600310e-02  5.999827e-02 -4.278051e-02 
 4.010000e+04  4.236961e+03 -6.608936e-02  6.007533e-02 -4.283960e-02 
 4.015000e+04  4.248535e+03 -6.617553e-02  6.015242e-02 -4.289871e-02 
 4.020000e+04  4.260109e+03 -6.626177e-02  6.022948e-02 -4.295793e-02 
 4.025000e+04  4.271683e+03 -6.634808e-02  6.030639e-02 -4.301722e-02 
 4.030000e+04  4.283257e+03 -6.643421e-02  6.038314e-02 -4.307641e-02 
 4.035000e+04  4.294831e+03 -6.651956e-02  6.045973e-02 -4.313537e-02 
 4.040000e+04  4.306405e+03 -6.660510e-02  6.053625e-02 -4.319429e-02 
 4.045000e+04  4.317979e+03 -6.669088e-02  6.061268e-02 -4.325310e-02 
 4.050000e+04  4.329553e+03 -6.677676e-02  6.068908e-02 -4.331188e-02 
 4.055000e+04  4.341127e+03 -6.686275e-02  6.076566e-02 -4.337074e-02 
 4.060000e+04  4.352701e+03 -6.694868e-02  6.084184e-02 -4.342967e-02 
 4.065000e+04  4.364275e+03 -6.703443e-02  6.091760e-02 -4.348853e-02 
 4.070000e+04  4.375849e+03 -6.712005e-02  6.099318e-02 -4.354720e-02 
 4.075000e+04  4.387424e+03 -6.720563e-02  6.106881e-02 -4.360583e-02 
 4.080000e+04  4.398998e+03 -6.729135e-02  6.114466e-02 -4.366443e-02 
 4.085000e+04  4.410572e+03 -6.737717e-02  6.122058e-02 -4.372304e-02 
 4.090000e+04  4.422146e+03 -6.746306e-02  6.129658e-02 -4.378169e-02 
 4.095000e+04  4.433720e+03 -6.754876e-02  6.137249e-02 -4.384019e-02 
 4.100000e+04  4.445294e+03 -6.763425e-02  6.144834e-02 -4.389870e-02 
 4.105000e+04  4.456868e+03 -6.771965e-02  6.152431e-02 -4.395726e-02 
 4.110000e+04  4.468442e+03 -6.780480e-02  6.160031e-02 -4.401586e-02 
 4.115000e+04  4.480016e+03 -6.788984e-02  6.167630e-02 -4.407442e-02 
 4.120000e+04  4.491590e+03 -6.797484e-02  6.175228e-02 -4.413299e-02 
 4.125000e+04  4.503164e+03 -6.805981e-02  6.182830e-02 -4.419146e-02 
 4.130000e+04  4.514738e+03 -6.814459e-02  6.190429e-02 -4.424972e-02 
 4.135000e+04  4.526312e+03 -6.822912e-02  6.198036e-02 -4.430784e-02 
 4.140000e+04  4.537886e+03 -6.831349e-02  6.205646e-02 -4.436592e-02 
 4.145000e+04  4.549461e+03 -6.839774e-02  6.213248e-02 -4.442389e-02 
 4.150000e+04  4.561035e+03 -6.848171e-02  6.220810e-02 -4.448182e-02 
 4.155000e+04  4.572609e+03 -6.856592e-02  6.228372e-02 -4.453995e-02 
 4.160000e+04  4.584183e+03 -6.865039e-02  6.235946e-02 -4.459840e-02 
 4.165000e+04  4.595757e+03 -6.873497e-02  6.243513e-02 -4.465683e-02 
 4.170000e+04  4.607331e+03 -6.881955e-02  6.251063e-02 -4.471503e-02 
 4.175000e+04  4.618905e+03 -6.890413e-02  6.258606e-02 -4.477311e-02 
 4.180000e+04  4.630479e+03 -6.898883e-02  6.266145e-02 -4.483106e-02 
 4.185000e+04  4.642053e+03 -6.907337e-02  6.273668e-02 -4.488888e-02 
 4.190000e+04  4.653627e+03 -6.915800e-02  6.281185e-02 -4.494671e-02 
 4.195000e+04  4.665201e+03 -6.924248e-02  6.288698e-02 -4.500461e-02 
 4.200000e+04  4.676775e+03 -6.932702e-02  6.296199e-02 -4.506260e-02 
 4.205000e+04  4.688349e+03 -6.941160e-02  6.303691e-02 -4.512066e-02 
 4.210000e+04  4.699924e+03 -6.949619e-02  6.311173e-02 -4.517866e-02 
 4.215000e+04  4.711498e+03 -6.958042e-02  6.318653e-02 -4.523656e-02 
 4.220000e+04  4.723072e+03 -6.966397e-02  6.326137e-02 -4.529438e-02 
 4.225000e+04  4.734646e+03 -6.974757e-02  6.333630e-02 -4.535202e-02 
 4.230000e+04  4.746220e+03 -6.983126e-02  6.341131e-02 -4.540959e-02 
 4.235000e+04  4.757794e+03 -6.991505e-02  6.348645e-02 -4.546704e-02 
 4.240000e+04  4.769368e+03 -6.999880e-02  6.356176e-02 -4.552459e-02 
 4.245000e+04  4.780942e+03 -7.008231e-02  6.363712e-02 -4.558222e-02 
 4.250000e+04  4.792516e+03 -7.016575e-02  6.371220e-02 -4.563991e-02 
 4.255000e+04  4.804090e+03 -7.024911e-02  6.378689e-02 -4.569755e-02 
 4.260000e+04  4.815664e+03 -7.033245e-02  6.386144e-02 -4.575496e-02 
 4.265000e+04  4.827238e+03 -7.041585e-02  6.393606e-02 -4.581239e-02 
 4.270000e+04  4.838812e+03 -7.049918e-02  6.401083e-02 -4.586982e-02 
 4.275000e+04  4.850386e+03 -7.058256e-02  6.408562e-02 -4.592721e-02 
 4.280000e+04  4.861961e+03 -7.066608e-02  6.416004e-02 -4.598460e-02 
 4.285000e+04  4.873535e+03 -7.074971e-02  6.423379e-02 -4.604198e-02 
 4.290000e+04  4.885109e+03 -7.083320e-02  6.430713e-02 -4.609905e-02 
 4.295000e+04  4.896683e+03 -7.091667e-02  6.438022e-02 -4.615611e-02 
 4.300000e+04  4.908257e+03 -7.100028e-02  6.445363e-02 -4.621318e-02 
 4.305000e+04  4.919831e+03 -7.108396e-02  6.452730e-02 -4.627039e-02 
 4.310000e+04  4.931405e+03 -7.116779e-02  6.460117e-02 -4.632752e-02 
 4.315000e+04  4.942979e+03 -7.125143e-02  6.467517e-02 -4.638470e-02 
 4.320000e+04  4.954553e+03 -7.133469e-02  6.474937e-02 -4.644184e-02 
 4.325000e+04  4.966127e+03 -7.141765e-02  6.482361e-02 -4.649889e-02 
 4.330000e+04  4.977701e+03 -7.150048e-02  6.489770e-02 -4.655593e-02 
 4.335000e+04  4.989275e+03 -7.158325e-02  6.497175e-02 -4.661299e-02 
 4.340000e+04  5.000849e+03 -7.166576e-02  6.504583e-02 -4.666998e-02 
 4.345000e+04  5.012424e+03 -7.174821e-02  6.512001e-02 -4.672689e-02 
 4.350000e+04  5.023998e+03 -7.183058e-02  6.519418e-02 -4.678382e-02 
 4.355000e+04  5.035572e+03 -7.191293e-02  6.526844e-02 -4.684061e-02 
 4.360000e+04  5.047146e+03 -7.199531e-02  6.534267e-02 -4.689739e-02 
 4.365000e+04  5.058720e+03 -7.207767e-02  6.541682e-02 -4.695423e-02 
 4.370000e+04  5.070294e+03 -7.215990e-02  6.549094e-02 -4.701109e-02 
 4.375000e+04  5.081868e+03 -7.224213e-02  6.556493e-02 -4.706790e-02 
 4.380000e+04  5.093442e+03 -7.232440e-02  6.563873e-02 -4.712466e-02 
 4.385000e+04  5.105016e+03 -7.240671e-02  6.571231e-02 -4.718130e-02 
 4.390000e+04  5.116590e+03 -7.248921e-02  6.578575e-02 -4.723787e-02 
 4.395000e+04  5.128164e+03 -7.257177e-02  6.585917e-02 -4.729449e-02 
 4.400000e+04  5.139738e+03 -7.265434e-02  6.593259e-02 -4.735100e-02 
 4.405000e+04  5.151312e+03 -7.273697e-02  6.600584e-02 -4.740756e-02 
 4.410000e+04  5.162886e+03 -7.281968e-02  6.607909e-02 -4.746412e-02 
 4.415000e+04  5.174461e+03 -7.290230e-02  6.615236e-02 -4.752066e-02 
 4.420000e+04  5.186035e+03 -7.298453e-02  6.622551e-02 -4.757711e-02 
 4.425000e+04  5.197609e+03 -7.306599e-02  6.629868e-02 -4.763356e-02 
 4.430000e+04  5.209183e+03 -7.314751e-02  6.637166e-02 -4.769011e-02 
 4.435000e+04  5.220757e+03 -7.322935e-02  6.644408e-02 -4.774652e-02 
 4.440000e+04  5.232331e+03 -7.331133e-02  6.651665e-02 -4.780278e-02 
 4.445000e+04  5.243905e+03 -7.339331e-02  6.658962e-02 -4.785890e-02 
 4.450000e+04  5.255479e+03 -7.347513e-02  6.666291e-02 -4.791506e-02 
 4.455000e+04  5.267053e+03 -7.355682e-02  6.673636e-02 -4.797128e-02 
 4.460000e+04  5.278627e+03 -7.363848e-02  6.680981e-02 -4.802752e-02 
 4.465000e+04  5.290201e+03 -7.371982e-02  6.688313e-02 -4.808369e-02 
