         Step [creep.tim... Z Displace... Z Displace... X Displace... 
------------- ------------- ------------- ------------- ------------- 
 5.250000e+03  1.276223e-07 -4.629353e-03  4.524540e-03 -2.433365e-03 
 5.300000e+03  3.886505e-06 -4.629534e-03  4.524620e-03 -2.433544e-03 
 5.350000e+03  3.396559e-05 -4.630207e-03  4.524707e-03 -2.433926e-03 
 5.400000e+03  2.315316e-04 -4.630336e-03  4.524807e-03 -2.433960e-03 
 5.450000e+03  1.014324e-03 -4.630808e-03  4.525466e-03 -2.434664e-03 
 5.500000e+03  2.601191e-03 -4.632983e-03  4.527472e-03 -2.436644e-03 
 5.550000e+03  5.621869e-03 -4.637945e-03  4.532176e-03 -2.440983e-03 
 5.600000e+03  8.879952e-03 -4.643761e-03  4.538510e-03 -2.445686e-03 
 5.650000e+03  1.264034e-02 -4.651278e-03  4.547356e-03 -2.451611e-03 
 5.700000e+03  1.760747e-02 -4.661928e-03  4.560009e-03 -2.459363e-03 
 5.750000e+03  2.291455e-02 -4.672370e-03  4.571861e-03 -2.466511e-03 
 5.800000e+03  2.822162e-02 -4.681187e-03  4.581020e-03 -2.472629e-03 
 5.850000e+03  3.352870e-02 -4.689592e-03  4.589739e-03 -2.479039e-03 
 5.900000e+03  3.883577e-02 -4.698501e-03  4.599118e-03 -2.486121e-03 
 5.950000e+03  4.414285e-02 -4.707856e-03  4.609207e-03 -2.493967e-03 
 6.000000e+03  4.974947e-02 -4.718329e-03  4.619921e-03 -2.502911e-03 
 6.050000e+03  5.674518e-02 -4.732104e-03  4.633136e-03 -2.513526e-03 
 6.100000e+03  6.421277e-02 -4.745966e-03  4.646211e-03 -2.523029e-03 
 6.150000e+03  7.168035e-02 -4.758538e-03  4.658115e-03 -2.530887e-03 
 6.200000e+03  7.914794e-02 -4.770761e-03  4.670059e-03 -2.538734e-03 
 6.250000e+03  8.661553e-02 -4.783438e-03  4.682960e-03 -2.547346e-03 
 6.300000e+03  9.408311e-02 -4.796746e-03  4.696647e-03 -2.556995e-03 
 6.350000e+03  1.019243e-01 -4.810375e-03  4.710911e-03 -2.568042e-03 
 6.400000e+03  1.115186e-01 -4.826015e-03  4.727070e-03 -2.581342e-03 
 6.450000e+03  1.215259e-01 -4.841243e-03  4.742361e-03 -2.593609e-03 
 6.500000e+03  1.315332e-01 -4.855808e-03  4.756712e-03 -2.604218e-03 
 6.550000e+03  1.415404e-01 -4.870686e-03  4.771356e-03 -2.614229e-03 
 6.600000e+03  1.515477e-01 -4.886223e-03  4.787046e-03 -2.624633e-03 
 6.650000e+03  1.615550e-01 -4.902244e-03  4.803999e-03 -2.635933e-03 
 6.700000e+03  1.715623e-01 -4.918042e-03  4.821548e-03 -2.647778e-03 
 6.750000e+03  1.824596e-01 -4.933995e-03  4.839086e-03 -2.660460e-03 
 6.800000e+03  1.946658e-01 -4.950667e-03  4.856418e-03 -2.673705e-03 
 6.850000e+03  2.074379e-01 -4.967443e-03  4.873523e-03 -2.686812e-03 
 6.900000e+03  2.202100e-01 -4.984094e-03  4.890526e-03 -2.699507e-03 
 6.950000e+03  2.329821e-01 -5.001195e-03  4.908225e-03 -2.712225e-03 
 7.000000e+03  2.457542e-01 -5.019300e-03  4.926801e-03 -2.725164e-03 
 7.050000e+03  2.585263e-01 -5.038205e-03  4.945704e-03 -2.738091e-03 
 7.100000e+03  2.718291e-01 -5.057117e-03  4.964232e-03 -2.750905e-03 
 7.150000e+03  2.862483e-01 -5.075661e-03  4.982892e-03 -2.764147e-03 
 7.200000e+03  3.010336e-01 -5.093692e-03  5.001444e-03 -2.777738e-03 
 7.250000e+03  3.158189e-01 -5.111370e-03  5.019665e-03 -2.791415e-03 
 7.300000e+03  3.306042e-01 -5.129250e-03  5.037935e-03 -2.805147e-03 
 7.350000e+03  3.460076e-01 -5.148587e-03  5.057290e-03 -2.819571e-03 
 7.400000e+03  3.630256e-01 -5.170487e-03  5.078848e-03 -2.835107e-03 
 7.450000e+03  3.801415e-01 -5.191741e-03  5.099399e-03 -2.849655e-03 
 7.500000e+03  3.980104e-01 -5.212480e-03  5.119894e-03 -2.863947e-03 
 7.550000e+03  4.159821e-01 -5.232891e-03  5.140366e-03 -2.878425e-03 
 7.600000e+03  4.339537e-01 -5.253014e-03  5.161017e-03 -2.893054e-03 
 7.650000e+03  4.519253e-01 -5.272638e-03  5.181703e-03 -2.907891e-03 
 7.700000e+03  4.707219e-01 -5.293176e-03  5.203363e-03 -2.923667e-03 
 7.750000e+03  4.914668e-01 -5.315638e-03  5.226842e-03 -2.940819e-03 
 7.800000e+03  5.122713e-01 -5.337462e-03  5.248991e-03 -2.956859e-03 
 7.850000e+03  5.330757e-01 -5.358822e-03  5.270232e-03 -2.971984e-03 
 7.900000e+03  5.538801e-01 -5.380313e-03  5.291559e-03 -2.986929e-03 
 7.950000e+03  5.746845e-01 -5.401921e-03  5.313125e-03 -3.001865e-03 
 8.000000e+03  5.954889e-01 -5.423194e-03  5.334565e-03 -3.016900e-03 
 8.050000e+03  6.172670e-01 -5.445043e-03  5.356701e-03 -3.032868e-03 
 8.100000e+03  6.413048e-01 -5.468362e-03  5.380509e-03 -3.050397e-03 
 8.150000e+03  6.653885e-01 -5.490683e-03  5.403445e-03 -3.067194e-03 
 8.200000e+03  6.898576e-01 -5.512985e-03  5.426063e-03 -3.083582e-03 
 8.250000e+03  7.151455e-01 -5.536330e-03  5.449429e-03 -3.100166e-03 
 8.300000e+03  7.404334e-01 -5.560087e-03  5.472913e-03 -3.116548e-03 
 8.350000e+03  7.657213e-01 -5.583912e-03  5.496144e-03 -3.132851e-03 
 8.400000e+03  7.926023e-01 -5.608564e-03  5.520220e-03 -3.150048e-03 
 8.450000e+03  8.204822e-01 -5.633038e-03  5.544543e-03 -3.167628e-03 
 8.500000e+03  8.483622e-01 -5.656393e-03  5.568253e-03 -3.184857e-03 
 8.550000e+03  8.762421e-01 -5.679260e-03  5.591560e-03 -3.201757e-03 
 8.600000e+03  9.046796e-01 -5.702617e-03  5.615348e-03 -3.218818e-03 
 8.650000e+03  9.340998e-01 -5.726889e-03  5.640181e-03 -3.236379e-03 
 8.700000e+03  9.648374e-01 -5.752141e-03  5.665970e-03 -3.254359e-03 
 8.750000e+03  9.971242e-01 -5.778244e-03  5.692255e-03 -3.272594e-03 
 8.800000e+03  1.031012e+00 -5.805289e-03  5.718875e-03 -3.291261e-03 
 8.850000e+03  1.064901e+00 -5.831777e-03  5.744758e-03 -3.309676e-03 
 8.900000e+03  1.098789e+00 -5.857396e-03  5.770187e-03 -3.327971e-03 
 8.950000e+03  1.132677e+00 -5.882391e-03  5.795489e-03 -3.346240e-03 
 9.000000e+03  1.166565e+00 -5.907168e-03  5.820911e-03 -3.364615e-03 
 9.050000e+03  1.201640e+00 -5.932625e-03  5.847113e-03 -3.383367e-03 
 9.100000e+03  1.237827e+00 -5.958581e-03  5.873566e-03 -3.401847e-03 
 9.150000e+03  1.276646e+00 -5.986331e-03  5.901404e-03 -3.420916e-03 
 9.200000e+03  1.315876e+00 -6.014245e-03  5.928928e-03 -3.439874e-03 
 9.250000e+03  1.355106e+00 -6.041688e-03  5.955693e-03 -3.458691e-03 
 9.300000e+03  1.394335e+00 -6.068565e-03  5.981916e-03 -3.477596e-03 
 9.350000e+03  1.433565e+00 -6.094976e-03  6.007833e-03 -3.496596e-03 
 9.400000e+03  1.472795e+00 -6.120776e-03  6.033552e-03 -3.515392e-03 
 9.450000e+03  1.512300e+00 -6.146058e-03  6.059178e-03 -3.533786e-03 
 9.500000e+03  1.554685e+00 -6.172990e-03  6.086477e-03 -3.552965e-03 
 9.550000e+03  1.597936e+00 -6.200493e-03  6.114263e-03 -3.572094e-03 
 9.600000e+03  1.641187e+00 -6.227916e-03  6.141801e-03 -3.590857e-03 
 9.650000e+03  1.685000e+00 -6.255374e-03  6.169151e-03 -3.609644e-03 
 9.700000e+03  1.731549e+00 -6.284158e-03  6.197489e-03 -3.629537e-03 
 9.750000e+03  1.779233e+00 -6.313065e-03  6.225760e-03 -3.649826e-03 
 9.800000e+03  1.826917e+00 -6.341068e-03  6.253257e-03 -3.669842e-03 
 9.850000e+03  1.874601e+00 -6.368360e-03  6.280520e-03 -3.689624e-03 
 9.900000e+03  1.922286e+00 -6.395482e-03  6.307907e-03 -3.709154e-03 
 9.950000e+03  1.969970e+00 -6.422518e-03  6.335487e-03 -3.728298e-03 
 1.000000e+04  2.019709e+00 -6.450626e-03  6.364163e-03 -3.747743e-03 
 1.005000e+04  2.073437e+00 -6.480811e-03  6.394622e-03 -3.768239e-03 
 1.010000e+04  2.128638e+00 -6.511589e-03  6.425055e-03 -3.789023e-03 
 1.015000e+04  2.183838e+00 -6.541656e-03  6.454353e-03 -3.809742e-03 
 1.020000e+04  2.239038e+00 -6.570969e-03  6.482880e-03 -3.830420e-03 
 1.025000e+04  2.294238e+00 -6.599816e-03  6.511194e-03 -3.851096e-03 
 1.030000e+04  2.349439e+00 -6.628386e-03  6.539476e-03 -3.871538e-03 
 1.035000e+04  2.404639e+00 -6.656709e-03  6.567616e-03 -3.891482e-03 
 1.040000e+04  2.463306e+00 -6.686565e-03  6.597481e-03 -3.912033e-03 
 1.045000e+04  2.524164e+00 -6.717311e-03  6.628435e-03 -3.932903e-03 
 1.050000e+04  2.585023e+00 -6.747633e-03  6.658968e-03 -3.953436e-03 
 1.055000e+04  2.645881e+00 -6.777532e-03  6.688595e-03 -3.973868e-03 
 1.060000e+04  2.709782e+00 -6.808572e-03  6.718941e-03 -3.995341e-03 
 1.065000e+04  2.773684e+00 -6.839150e-03  6.748697e-03 -4.016787e-03 
 1.070000e+04  2.837585e+00 -6.869037e-03  6.777933e-03 -4.038009e-03 
 1.075000e+04  2.901933e+00 -6.898675e-03  6.807125e-03 -4.058957e-03 
 1.080000e+04  2.969030e+00 -6.929374e-03  6.837689e-03 -4.080378e-03 
 1.085000e+04  3.036126e+00 -6.959949e-03  6.868297e-03 -4.101291e-03 
 1.090000e+04  3.103960e+00 -6.990509e-03  6.899132e-03 -4.121977e-03 
 1.095000e+04  3.176525e+00 -7.022877e-03  6.931773e-03 -4.143904e-03 
 1.100000e+04  3.250499e+00 -7.055482e-03  6.964278e-03 -4.166195e-03 
 1.105000e+04  3.324472e+00 -7.087529e-03  6.995701e-03 -4.188386e-03 
 1.110000e+04  3.398446e+00 -7.118951e-03  7.026254e-03 -4.210454e-03 
 1.115000e+04  3.475453e+00 -7.151298e-03  7.057817e-03 -4.233223e-03 
 1.120000e+04  3.553125e+00 -7.183667e-03  7.089570e-03 -4.255794e-03 
 1.125000e+04  3.630798e+00 -7.215811e-03  7.121212e-03 -4.277792e-03 
 1.130000e+04  3.709402e+00 -7.248182e-03  7.153170e-03 -4.299590e-03 
 1.135000e+04  3.790958e+00 -7.281373e-03  7.186276e-03 -4.321943e-03 
 1.140000e+04  3.872514e+00 -7.313951e-03  7.218985e-03 -4.344104e-03 
 1.145000e+04  3.955212e+00 -7.346313e-03  7.251408e-03 -4.366441e-03 
 1.150000e+04  4.042130e+00 -7.380094e-03  7.284602e-03 -4.389832e-03 
 1.155000e+04  4.132046e+00 -7.414791e-03  7.318282e-03 -4.413872e-03 
 1.160000e+04  4.221961e+00 -7.448934e-03  7.351432e-03 -4.437555e-03 
 1.165000e+04  4.311877e+00 -7.482685e-03  7.384422e-03 -4.460757e-03 
 1.170000e+04  4.401792e+00 -7.516231e-03  7.417445e-03 -4.483600e-03 
 1.175000e+04  4.491708e+00 -7.549529e-03  7.450403e-03 -4.506051e-03 
 1.180000e+04  4.581713e+00 -7.582368e-03  7.483070e-03 -4.528189e-03 
 1.185000e+04  4.677352e+00 -7.616802e-03  7.517462e-03 -4.551524e-03 
 1.190000e+04  4.776483e+00 -7.652005e-03  7.552570e-03 -4.575734e-03 
 1.195000e+04  4.875615e+00 -7.686609e-03  7.586783e-03 -4.599771e-03 
 1.200000e+04  4.977027e+00 -7.721617e-03  7.621003e-03 -4.624080e-03 
 1.205000e+04  5.081116e+00 -7.757515e-03  7.655793e-03 -4.648663e-03 
 1.210000e+04  5.185204e+00 -7.793193e-03  7.690376e-03 -4.672811e-03 
 1.215000e+04  5.289292e+00 -7.828444e-03  7.724736e-03 -4.696487e-03 
 1.220000e+04  5.393381e+00 -7.863218e-03  7.758945e-03 -4.719868e-03 
 1.225000e+04  5.497469e+00 -7.897576e-03  7.793010e-03 -4.743111e-03 
 1.230000e+04  5.601558e+00 -7.931406e-03  7.826778e-03 -4.766232e-03 
 1.235000e+04  5.710705e+00 -7.966336e-03  7.861513e-03 -4.790284e-03 
 1.240000e+04  5.830626e+00 -8.004455e-03  7.899108e-03 -4.816475e-03 
 1.245000e+04  5.951122e+00 -8.042580e-03  7.936211e-03 -4.842458e-03 
 1.250000e+04  6.071617e+00 -8.080345e-03  7.972622e-03 -4.868008e-03 
 1.255000e+04  6.192112e+00 -8.117740e-03  8.008714e-03 -4.893194e-03 
 1.260000e+04  6.312608e+00 -8.154788e-03  8.044705e-03 -4.918108e-03 
 1.265000e+04  6.433103e+00 -8.191348e-03  8.080483e-03 -4.942707e-03 
 1.270000e+04  6.553840e+00 -8.227415e-03  8.116042e-03 -4.967109e-03 
 1.275000e+04  6.682004e+00 -8.265178e-03  8.153528e-03 -4.992884e-03 
 1.280000e+04  6.814851e+00 -8.303887e-03  8.191983e-03 -5.019388e-03 
 1.285000e+04  6.947697e+00 -8.342112e-03  8.229765e-03 -5.045568e-03 
 1.290000e+04  7.086388e+00 -8.381676e-03  8.268451e-03 -5.072552e-03 
 1.295000e+04  7.230898e+00 -8.422840e-03  8.308385e-03 -5.100252e-03 
 1.300000e+04  7.377361e+00 -8.464263e-03  8.348399e-03 -5.127949e-03 
 1.305000e+04  7.523824e+00 -8.505102e-03  8.387896e-03 -5.155262e-03 
 1.310000e+04  7.670287e+00 -8.545307e-03  8.427067e-03 -5.182341e-03 
 1.315000e+04  7.816750e+00 -8.584925e-03  8.466091e-03 -5.209272e-03 
 1.320000e+04  7.963212e+00 -8.623924e-03  8.504714e-03 -5.236037e-03 
 1.325000e+04  8.116654e+00 -8.664384e-03  8.544754e-03 -5.263678e-03 
 1.330000e+04  8.278130e+00 -8.706810e-03  8.586478e-03 -5.292363e-03 
 1.335000e+04  8.439605e+00 -8.749060e-03  8.627541e-03 -5.320657e-03 
 1.340000e+04  8.601080e+00 -8.790829e-03  8.667836e-03 -5.348579e-03 
 1.345000e+04  8.768207e+00 -8.833624e-03  8.709010e-03 -5.377199e-03 
 1.350000e+04  8.937756e+00 -8.876543e-03  8.750434e-03 -5.406041e-03 
 1.355000e+04  9.107305e+00 -8.918792e-03  8.791521e-03 -5.434586e-03 
 1.360000e+04  9.276854e+00 -8.960415e-03  8.832233e-03 -5.462753e-03 
 1.365000e+04  9.451151e+00 -9.002783e-03  8.873914e-03 -5.491496e-03 
 1.370000e+04  9.629177e+00 -9.045690e-03  8.916210e-03 -5.520562e-03 
 1.375000e+04  9.808450e+00 -9.088389e-03  8.958270e-03 -5.549391e-03 
 1.380000e+04  9.995378e+00 -9.132513e-03  9.001456e-03 -5.579077e-03 
 1.385000e+04  1.019165e+01 -9.178707e-03  9.046165e-03 -5.609958e-03 
 1.390000e+04  1.038793e+01 -9.224454e-03  9.090160e-03 -5.640490e-03 
 1.395000e+04  1.058420e+01 -9.269525e-03  9.133550e-03 -5.670681e-03 
 1.400000e+04  1.078047e+01 -9.314009e-03  9.176580e-03 -5.700652e-03 
 1.405000e+04  1.097675e+01 -9.357896e-03  9.219427e-03 -5.730382e-03 
 1.410000e+04  1.117302e+01 -9.401172e-03  9.261995e-03 -5.759811e-03 
 1.415000e+04  1.137342e+01 -9.445082e-03  9.305136e-03 -5.789393e-03 
 1.420000e+04  1.158858e+01 -9.492072e-03  9.351101e-03 -5.820763e-03 
 1.425000e+04  1.180497e+01 -9.538927e-03  9.396594e-03 -5.851997e-03 
 1.430000e+04  1.202136e+01 -9.585174e-03  9.441203e-03 -5.882878e-03 
 1.435000e+04  1.223775e+01 -9.630995e-03  9.485193e-03 -5.913503e-03 
 1.440000e+04  1.245414e+01 -9.676388e-03  9.528719e-03 -5.943957e-03 
 1.445000e+04  1.267054e+01 -9.721182e-03  9.571831e-03 -5.974127e-03 
 1.450000e+04  1.288693e+01 -9.765458e-03  9.614676e-03 -6.003887e-03 
 1.455000e+04  1.311710e+01 -9.812136e-03  9.660176e-03 -6.035200e-03 
 1.460000e+04  1.335567e+01 -9.860065e-03  9.707099e-03 -6.067305e-03 
 1.465000e+04  1.359424e+01 -9.907463e-03  9.753454e-03 -6.099016e-03 
 1.470000e+04  1.384188e+01 -9.956237e-03  9.800826e-03 -6.131591e-03 
 1.475000e+04  1.409238e+01 -1.000526e-02  9.848099e-03 -6.164275e-03 
 1.480000e+04  1.434288e+01 -1.005376e-02  9.894636e-03 -6.196641e-03 
 1.485000e+04  1.459338e+01 -1.010165e-02  9.940545e-03 -6.228687e-03 
 1.490000e+04  1.484664e+01 -1.014948e-02  9.986618e-03 -6.260849e-03 
 1.495000e+04  1.510967e+01 -1.019863e-02  1.003430e-02 -6.293947e-03 
 1.500000e+04  1.537269e+01 -1.024729e-02  1.008163e-02 -6.326552e-03 
 1.505000e+04  1.563887e+01 -1.029611e-02  1.012921e-02 -6.359099e-03 
 1.510000e+04  1.592334e+01 -1.034796e-02  1.017965e-02 -6.393570e-03 
 1.515000e+04  1.621332e+01 -1.040025e-02  1.023037e-02 -6.428417e-03 
 1.520000e+04  1.650331e+01 -1.045186e-02  1.028012e-02 -6.462903e-03 
 1.525000e+04  1.679765e+01 -1.050381e-02  1.032987e-02 -6.497640e-03 
 1.530000e+04  1.710213e+01 -1.055720e-02  1.038083e-02 -6.533295e-03 
 1.535000e+04  1.740662e+01 -1.060997e-02  1.043132e-02 -6.568466e-03 
 1.540000e+04  1.771110e+01 -1.066206e-02  1.048142e-02 -6.603136e-03 
 1.545000e+04  1.801559e+01 -1.071372e-02  1.053126e-02 -6.637469e-03 
 1.550000e+04  1.832007e+01 -1.076480e-02  1.058081e-02 -6.671520e-03 
 1.555000e+04  1.862700e+01 -1.081559e-02  1.063029e-02 -6.705492e-03 
 1.560000e+04  1.895758e+01 -1.086992e-02  1.068294e-02 -6.741728e-03 
 1.565000e+04  1.929327e+01 -1.092478e-02  1.073574e-02 -6.778153e-03 
 1.570000e+04  1.962897e+01 -1.097906e-02  1.078765e-02 -6.814243e-03 
 1.575000e+04  1.996466e+01 -1.103263e-02  1.083882e-02 -6.850022e-03 
 1.580000e+04  2.030036e+01 -1.108576e-02  1.088959e-02 -6.885388e-03 
 1.585000e+04  2.063605e+01 -1.113833e-02  1.094010e-02 -6.920421e-03 
 1.590000e+04  2.097175e+01 -1.119036e-02  1.099033e-02 -6.955076e-03 
 1.595000e+04  2.132833e+01 -1.124504e-02  1.104332e-02 -6.991446e-03 
 1.600000e+04  2.170509e+01 -1.130243e-02  1.109890e-02 -7.029510e-03 
 1.605000e+04  2.209370e+01 -1.136097e-02  1.115540e-02 -7.068460e-03 
 1.610000e+04  2.248231e+01 -1.141883e-02  1.121102e-02 -7.106988e-03 
 1.615000e+04  2.287714e+01 -1.147711e-02  1.126672e-02 -7.145737e-03 
 1.620000e+04  2.328518e+01 -1.153693e-02  1.132371e-02 -7.185448e-03 
 1.625000e+04  2.369322e+01 -1.159613e-02  1.138002e-02 -7.224670e-03 
 1.630000e+04  2.410126e+01 -1.165462e-02  1.143581e-02 -7.263344e-03 
 1.635000e+04  2.450930e+01 -1.171252e-02  1.149136e-02 -7.301708e-03 
 1.640000e+04  2.491734e+01 -1.176977e-02  1.154656e-02 -7.339777e-03 
 1.645000e+04  2.533191e+01 -1.182725e-02  1.160199e-02 -7.377988e-03 
 1.650000e+04  2.577794e+01 -1.188861e-02  1.166105e-02 -7.418670e-03 
 1.655000e+04  2.625029e+01 -1.195322e-02  1.172290e-02 -7.461371e-03 
 1.660000e+04  2.672265e+01 -1.201711e-02  1.178371e-02 -7.503589e-03 
 1.665000e+04  2.719501e+01 -1.208023e-02  1.184359e-02 -7.545314e-03 
 1.670000e+04  2.766737e+01 -1.214276e-02  1.190298e-02 -7.586692e-03 
 1.675000e+04  2.813972e+01 -1.220465e-02  1.196193e-02 -7.627595e-03 
 1.680000e+04  2.861208e+01 -1.226573e-02  1.202037e-02 -7.667994e-03 
 1.685000e+04  2.910340e+01 -1.232861e-02  1.208075e-02 -7.709639e-03 
 1.690000e+04  2.962418e+01 -1.239462e-02  1.214434e-02 -7.753376e-03 
 1.695000e+04  3.014495e+01 -1.245996e-02  1.220711e-02 -7.796647e-03 
 1.700000e+04  3.067354e+01 -1.252552e-02  1.226989e-02 -7.840032e-03 
 1.705000e+04  3.124386e+01 -1.259581e-02  1.233675e-02 -7.886377e-03 
 1.710000e+04  3.181802e+01 -1.266597e-02  1.240327e-02 -7.932522e-03 
 1.715000e+04  3.239217e+01 -1.273523e-02  1.246888e-02 -7.978106e-03 
 1.720000e+04  3.296632e+01 -1.280364e-02  1.253382e-02 -8.023181e-03 
 1.725000e+04  3.354048e+01 -1.287130e-02  1.259834e-02 -8.067873e-03 
 1.730000e+04  3.411463e+01 -1.293816e-02  1.266232e-02 -8.112101e-03 
 1.735000e+04  3.470030e+01 -1.300558e-02  1.272697e-02 -8.156660e-03 
 1.740000e+04  3.534596e+01 -1.307936e-02  1.279754e-02 -8.205233e-03 
 1.745000e+04  3.601061e+01 -1.315471e-02  1.286932e-02 -8.254723e-03 
 1.750000e+04  3.667527e+01 -1.322915e-02  1.293991e-02 -8.303612e-03 
 1.755000e+04  3.733992e+01 -1.330275e-02  1.300946e-02 -8.351911e-03 
 1.760000e+04  3.800458e+01 -1.337563e-02  1.307827e-02 -8.399734e-03 
 1.765000e+04  3.866923e+01 -1.344771e-02  1.314641e-02 -8.447066e-03 
 1.770000e+04  3.933389e+01 -1.351883e-02  1.321393e-02 -8.493830e-03 
 1.775000e+04  4.005410e+01 -1.359509e-02  1.328657e-02 -8.543954e-03 
 1.780000e+04  4.078689e+01 -1.367198e-02  1.335988e-02 -8.594460e-03 
 1.785000e+04  4.151967e+01 -1.374796e-02  1.343222e-02 -8.644338e-03 
 1.790000e+04  4.229378e+01 -1.382738e-02  1.350757e-02 -8.696364e-03 
 1.795000e+04  4.310167e+01 -1.390956e-02  1.358521e-02 -8.750060e-03 
 1.800000e+04  4.390956e+01 -1.399088e-02  1.366174e-02 -8.803145e-03 
 1.805000e+04  4.471745e+01 -1.407111e-02  1.373727e-02 -8.855601e-03 
 1.810000e+04  4.554150e+01 -1.415195e-02  1.381353e-02 -8.908515e-03 
 1.815000e+04  4.638979e+01 -1.423428e-02  1.389140e-02 -8.962428e-03 
 1.820000e+04  4.723807e+01 -1.431557e-02  1.396847e-02 -9.015593e-03 
 1.825000e+04  4.812839e+01 -1.439990e-02  1.404845e-02 -9.070664e-03 
 1.830000e+04  4.906363e+01 -1.448768e-02  1.413161e-02 -9.127899e-03 
 1.835000e+04  4.999886e+01 -1.457445e-02  1.421355e-02 -9.184484e-03 
 1.840000e+04  5.093971e+01 -1.466060e-02  1.429470e-02 -9.240702e-03 
 1.845000e+04  5.195215e+01 -1.475234e-02  1.438085e-02 -9.300446e-03 
 1.850000e+04  5.298324e+01 -1.484481e-02  1.446764e-02 -9.360585e-03 
 1.855000e+04  5.401434e+01 -1.493596e-02  1.455331e-02 -9.419863e-03 
 1.860000e+04  5.504544e+01 -1.502594e-02  1.463804e-02 -9.478329e-03 
 1.865000e+04  5.611984e+01 -1.511856e-02  1.472545e-02 -9.538587e-03 
 1.870000e+04  5.720249e+01 -1.521073e-02  1.481249e-02 -9.598620e-03 
 1.875000e+04  5.829164e+01 -1.530230e-02  1.489888e-02 -9.658162e-03 
 1.880000e+04  5.946935e+01 -1.540037e-02  1.499108e-02 -9.721747e-03 
 1.885000e+04  6.066297e+01 -1.549882e-02  1.508319e-02 -9.785460e-03 
 1.890000e+04  6.185660e+01 -1.559584e-02  1.517386e-02 -9.848235e-03 
 1.895000e+04  6.305858e+01 -1.569228e-02  1.526387e-02 -9.910578e-03 
 1.900000e+04  6.431188e+01 -1.579176e-02  1.535675e-02 -9.974815e-03 
 1.905000e+04  6.556518e+01 -1.588987e-02  1.544863e-02 -1.003824e-02 
 1.910000e+04  6.682100e+01 -1.598678e-02  1.553954e-02 -1.010091e-02 
 1.915000e+04  6.818039e+01 -1.609055e-02  1.563684e-02 -1.016792e-02 
 1.920000e+04  6.956216e+01 -1.619478e-02  1.573453e-02 -1.023522e-02 
 1.925000e+04  7.094393e+01 -1.629754e-02  1.583070e-02 -1.030154e-02 
 1.930000e+04  7.237406e+01 -1.640261e-02  1.592867e-02 -1.036917e-02 
 1.935000e+04  7.389311e+01 -1.651303e-02  1.603140e-02 -1.044011e-02 
 1.940000e+04  7.541651e+01 -1.662223e-02  1.613296e-02 -1.051029e-02 
 1.945000e+04  7.693991e+01 -1.672982e-02  1.623312e-02 -1.057938e-02 
 1.950000e+04  7.852577e+01 -1.684028e-02  1.633616e-02 -1.065036e-02 
 1.955000e+04  8.012534e+01 -1.695023e-02  1.643884e-02 -1.072108e-02 
 1.960000e+04  8.172491e+01 -1.705862e-02  1.654005e-02 -1.079073e-02 
 1.965000e+04  8.346036e+01 -1.717487e-02  1.664832e-02 -1.086517e-02 
 1.970000e+04  8.531030e+01 -1.729739e-02  1.676219e-02 -1.094355e-02 
 1.975000e+04  8.716200e+01 -1.741827e-02  1.687422e-02 -1.102078e-02 
 1.980000e+04  8.901370e+01 -1.753730e-02  1.698427e-02 -1.109672e-02 
 1.985000e+04  9.093577e+01 -1.765921e-02  1.709683e-02 -1.117442e-02 
 1.990000e+04  9.288005e+01 -1.778084e-02  1.720920e-02 -1.125193e-02 
 1.995000e+04  9.482434e+01 -1.790052e-02  1.731998e-02 -1.132819e-02 
 2.000000e+04  9.687945e+01 -1.802530e-02  1.743549e-02 -1.140759e-02 
 2.005000e+04  9.902303e+01 -1.815376e-02  1.755441e-02 -1.148937e-02 
 2.010000e+04  1.011666e+02 -1.828018e-02  1.767140e-02 -1.156982e-02 
 2.015000e+04  1.033423e+02 -1.840662e-02  1.778814e-02 -1.165003e-02 
 2.020000e+04  1.056876e+02 -1.854123e-02  1.791201e-02 -1.173526e-02 
 2.025000e+04  1.080509e+02 -1.867487e-02  1.803490e-02 -1.181991e-02 
 2.030000e+04  1.104142e+02 -1.880624e-02  1.815571e-02 -1.190310e-02 
 2.035000e+04  1.128295e+02 -1.893850e-02  1.827730e-02 -1.198673e-02 
 2.040000e+04  1.153110e+02 -1.907244e-02  1.840050e-02 -1.207143e-02 
 2.045000e+04  1.177924e+02 -1.920424e-02  1.852189e-02 -1.215471e-02 
 2.050000e+04  1.203850e+02 -1.933992e-02  1.864668e-02 -1.224027e-02 
 2.055000e+04  1.232576e+02 -1.948836e-02  1.878290e-02 -1.233378e-02 
 2.060000e+04  1.261302e+02 -1.963447e-02  1.891675e-02 -1.242577e-02 
 2.065000e+04  1.290028e+02 -1.977806e-02  1.904795e-02 -1.251600e-02 
 2.070000e+04  1.319271e+02 -1.992195e-02  1.917911e-02 -1.260620e-02 
 2.075000e+04  1.349434e+02 -2.006816e-02  1.931232e-02 -1.269785e-02 
 2.080000e+04  1.379596e+02 -2.021187e-02  1.944342e-02 -1.278791e-02 
 2.085000e+04  1.410640e+02 -2.035744e-02  1.957612e-02 -1.287900e-02 
 2.090000e+04  1.443894e+02 -2.051108e-02  1.971622e-02 -1.297518e-02 
 2.095000e+04  1.477148e+02 -2.066214e-02  1.985398e-02 -1.306969e-02 
 2.100000e+04  1.510469e+02 -2.081095e-02  1.998939e-02 -1.316249e-02 
 2.105000e+04  1.546747e+02 -2.097059e-02  2.013419e-02 -1.326186e-02 
 2.110000e+04  1.583409e+02 -2.112932e-02  2.027803e-02 -1.336074e-02 
 2.115000e+04  1.620072e+02 -2.128516e-02  2.041916e-02 -1.345773e-02 
 2.120000e+04  1.657394e+02 -2.144110e-02  2.056020e-02 -1.355458e-02 
 2.125000e+04  1.695890e+02 -2.159939e-02  2.070335e-02 -1.365291e-02 
 2.130000e+04  1.734385e+02 -2.175487e-02  2.084412e-02 -1.374948e-02 
 2.135000e+04  1.774211e+02 -2.191300e-02  2.098714e-02 -1.384747e-02 
 2.140000e+04  1.818307e+02 -2.208553e-02  2.114296e-02 -1.395428e-02 
 2.145000e+04  1.862871e+02 -2.225700e-02  2.129756e-02 -1.406040e-02 
 2.150000e+04  1.907434e+02 -2.242516e-02  2.144890e-02 -1.416430e-02 
 2.155000e+04  1.952577e+02 -2.259237e-02  2.159903e-02 -1.426742e-02 
 2.160000e+04  1.999369e+02 -2.276277e-02  2.175188e-02 -1.437247e-02 
 2.165000e+04  2.046160e+02 -2.293006e-02  2.190198e-02 -1.447561e-02 
 2.170000e+04  2.094524e+02 -2.309987e-02  2.205426e-02 -1.458019e-02 
 2.175000e+04  2.146112e+02 -2.327815e-02  2.221405e-02 -1.468989e-02 
 2.180000e+04  2.197699e+02 -2.345323e-02  2.237083e-02 -1.479749e-02 
 2.185000e+04  2.249287e+02 -2.362493e-02  2.252440e-02 -1.490283e-02 
 2.190000e+04  2.305358e+02 -2.380824e-02  2.268802e-02 -1.501524e-02 
 2.195000e+04  2.362233e+02 -2.399089e-02  2.285095e-02 -1.512733e-02 
 2.200000e+04  2.419109e+02 -2.416999e-02  2.301059e-02 -1.523713e-02 
 2.205000e+04  2.477184e+02 -2.434946e-02  2.317024e-02 -1.534690e-02 
 2.210000e+04  2.539889e+02 -2.453983e-02  2.333956e-02 -1.546333e-02 
 2.215000e+04  2.602595e+02 -2.472654e-02  2.350568e-02 -1.557754e-02 
 2.220000e+04  2.665300e+02 -2.490955e-02  2.366832e-02 -1.568932e-02 
 2.225000e+04  2.733319e+02 -2.510442e-02  2.384118e-02 -1.580823e-02 
 2.230000e+04  2.802452e+02 -2.529889e-02  2.401351e-02 -1.592692e-02 
 2.235000e+04  2.871584e+02 -2.548941e-02  2.418215e-02 -1.604306e-02 
 2.240000e+04  2.943022e+02 -2.568236e-02  2.435260e-02 -1.616052e-02 
 2.245000e+04  3.019241e+02 -2.588449e-02  2.453096e-02 -1.628360e-02 
 2.250000e+04  3.095459e+02 -2.608259e-02  2.470568e-02 -1.640419e-02 
 2.255000e+04  3.171754e+02 -2.627681e-02  2.487678e-02 -1.652223e-02 
 2.260000e+04  3.251784e+02 -2.647661e-02  2.505260e-02 -1.664363e-02 
 2.265000e+04  3.331813e+02 -2.667249e-02  2.522482e-02 -1.676267e-02 
 2.270000e+04  3.413443e+02 -2.686817e-02  2.539680e-02 -1.688152e-02 
 2.275000e+04  3.501592e+02 -2.707561e-02  2.557885e-02 -1.700745e-02 
 2.280000e+04  3.589824e+02 -2.727924e-02  2.575742e-02 -1.713114e-02 
 2.285000e+04  3.678057e+02 -2.747854e-02  2.593217e-02 -1.725215e-02 
 2.290000e+04  3.770864e+02 -2.768383e-02  2.611195e-02 -1.737668e-02 
 2.295000e+04  3.868141e+02 -2.789486e-02  2.629671e-02 -1.750479e-02 
 2.300000e+04  3.965417e+02 -2.810159e-02  2.647763e-02 -1.763038e-02 
 2.305000e+04  4.064250e+02 -2.830723e-02  2.665738e-02 -1.775518e-02 
 2.310000e+04  4.170373e+02 -2.852376e-02  2.684629e-02 -1.788650e-02 
 2.315000e+04  4.277620e+02 -2.873824e-02  2.703326e-02 -1.801666e-02 
 2.320000e+04  4.384868e+02 -2.894810e-02  2.721605e-02 -1.814404e-02 
 2.325000e+04  4.497980e+02 -2.916476e-02  2.740450e-02 -1.827551e-02 
 2.330000e+04  4.613720e+02 -2.938215e-02  2.759340e-02 -1.840747e-02 
 2.335000e+04  4.729461e+02 -2.959497e-02  2.777828e-02 -1.853670e-02 
 2.340000e+04  4.845202e+02 -2.980327e-02  2.795913e-02 -1.866319e-02 
 2.345000e+04  4.960943e+02 -3.000726e-02  2.813616e-02 -1.878717e-02 
 2.350000e+04  5.076683e+02 -3.020712e-02  2.830962e-02 -1.890878e-02 
 2.355000e+04  5.192424e+02 -3.040312e-02  2.847969e-02 -1.902809e-02 
 2.360000e+04  5.308165e+02 -3.059548e-02  2.864661e-02 -1.914528e-02 
 2.365000e+04  5.423906e+02 -3.078432e-02  2.881052e-02 -1.926042e-02 
 2.370000e+04  5.539646e+02 -3.096970e-02  2.897146e-02 -1.937354e-02 
 2.375000e+04  5.655387e+02 -3.115179e-02  2.912957e-02 -1.948477e-02 
 2.380000e+04  5.771128e+02 -3.133074e-02  2.928499e-02 -1.959419e-02 
 2.385000e+04  5.886869e+02 -3.150674e-02  2.943775e-02 -1.970184e-02 
 2.390000e+04  6.002609e+02 -3.167992e-02  2.958784e-02 -1.980778e-02 
 2.395000e+04  6.118350e+02 -3.185045e-02  2.973543e-02 -1.991214e-02 
 2.400000e+04  6.234091e+02 -3.201840e-02  2.988062e-02 -2.001499e-02 
 2.405000e+04  6.349832e+02 -3.218383e-02  3.002341e-02 -2.011627e-02 
 2.410000e+04  6.465572e+02 -3.234684e-02  3.016395e-02 -2.021610e-02 
 2.415000e+04  6.581313e+02 -3.250751e-02  3.030241e-02 -2.031459e-02 
 2.420000e+04  6.697054e+02 -3.266587e-02  3.043885e-02 -2.041175e-02 
 2.425000e+04  6.812794e+02 -3.282195e-02  3.057326e-02 -2.050758e-02 
 2.430000e+04  6.928535e+02 -3.297586e-02  3.070578e-02 -2.060217e-02 
 2.435000e+04  7.044276e+02 -3.312769e-02  3.083647e-02 -2.069558e-02 
 2.440000e+04  7.160017e+02 -3.327741e-02  3.096541e-02 -2.078778e-02 
 2.445000e+04  7.275757e+02 -3.342509e-02  3.109265e-02 -2.087883e-02 
 2.450000e+04  7.391498e+02 -3.357079e-02  3.121827e-02 -2.096878e-02 
 2.455000e+04  7.507239e+02 -3.371455e-02  3.134233e-02 -2.105765e-02 
 2.460000e+04  7.622980e+02 -3.385644e-02  3.146483e-02 -2.114549e-02 
 2.465000e+04  7.738720e+02 -3.399652e-02  3.158583e-02 -2.123234e-02 
 2.470000e+04  7.854461e+02 -3.413487e-02  3.170536e-02 -2.131823e-02 
 2.475000e+04  7.970202e+02 -3.427161e-02  3.182346e-02 -2.140317e-02 
 2.480000e+04  8.085943e+02 -3.440683e-02  3.194013e-02 -2.148716e-02 
 2.485000e+04  8.201683e+02 -3.454056e-02  3.205539e-02 -2.157028e-02 
 2.490000e+04  8.317424e+02 -3.467284e-02  3.216927e-02 -2.165257e-02 
 2.495000e+04  8.433165e+02 -3.480370e-02  3.228183e-02 -2.173402e-02 
 2.500000e+04  8.548906e+02 -3.493317e-02  3.239313e-02 -2.181469e-02 
 2.505000e+04  8.664646e+02 -3.506132e-02  3.250321e-02 -2.189460e-02 
 2.510000e+04  8.780387e+02 -3.518817e-02  3.261212e-02 -2.197377e-02 
 2.515000e+04  8.896128e+02 -3.531375e-02  3.271992e-02 -2.205221e-02 
 2.520000e+04  9.011869e+02 -3.543808e-02  3.282661e-02 -2.212991e-02 
 2.525000e+04  9.127609e+02 -3.556112e-02  3.293223e-02 -2.220692e-02 
 2.530000e+04  9.243350e+02 -3.568290e-02  3.303682e-02 -2.228327e-02 
 2.535000e+04  9.359091e+02 -3.580346e-02  3.314045e-02 -2.235896e-02 
 2.540000e+04  9.474832e+02 -3.592285e-02  3.324313e-02 -2.243400e-02 
 2.545000e+04  9.590572e+02 -3.604113e-02  3.334492e-02 -2.250840e-02 
 2.550000e+04  9.706313e+02 -3.615831e-02  3.344582e-02 -2.258220e-02 
 2.555000e+04  9.822054e+02 -3.627438e-02  3.354580e-02 -2.265538e-02 
 2.560000e+04  9.937794e+02 -3.638939e-02  3.364487e-02 -2.272771e-02 
 2.565000e+04  1.005354e+03 -3.650336e-02  3.374292e-02 -2.279939e-02 
 2.570000e+04  1.016928e+03 -3.661633e-02  3.383969e-02 -2.287076e-02 
 2.575000e+04  1.028502e+03 -3.672821e-02  3.393604e-02 -2.294175e-02 
 2.580000e+04  1.040076e+03 -3.683945e-02  3.403189e-02 -2.301220e-02 
 2.585000e+04  1.051650e+03 -3.694988e-02  3.412701e-02 -2.308213e-02 
 2.590000e+04  1.063224e+03 -3.705944e-02  3.422123e-02 -2.315115e-02 
 2.595000e+04  1.074798e+03 -3.716798e-02  3.431445e-02 -2.321952e-02 
 2.600000e+04  1.086372e+03 -3.727563e-02  3.440650e-02 -2.328775e-02 
 2.605000e+04  1.097946e+03 -3.738220e-02  3.449796e-02 -2.335569e-02 
 2.610000e+04  1.109520e+03 -3.748823e-02  3.458903e-02 -2.342305e-02 
 2.615000e+04  1.121094e+03 -3.759340e-02  3.467967e-02 -2.348995e-02 
 2.620000e+04  1.132668e+03 -3.769772e-02  3.476958e-02 -2.355656e-02 
 2.625000e+04  1.144242e+03 -3.780137e-02  3.485874e-02 -2.362296e-02 
 2.630000e+04  1.155816e+03 -3.790428e-02  3.494709e-02 -2.368849e-02 
 2.635000e+04  1.167391e+03 -3.800643e-02  3.503489e-02 -2.375348e-02 
 2.640000e+04  1.178965e+03 -3.810759e-02  3.512213e-02 -2.381827e-02 
 2.645000e+04  1.190539e+03 -3.820778e-02  3.520857e-02 -2.388246e-02 
 2.650000e+04  1.202113e+03 -3.830763e-02  3.529441e-02 -2.394653e-02 
 2.655000e+04  1.213687e+03 -3.840699e-02  3.537947e-02 -2.401032e-02 
 2.660000e+04  1.225261e+03 -3.850566e-02  3.546421e-02 -2.407383e-02 
 2.665000e+04  1.236835e+03 -3.860392e-02  3.554842e-02 -2.413718e-02 
 2.670000e+04  1.248409e+03 -3.870143e-02  3.563224e-02 -2.419994e-02 
 2.675000e+04  1.259983e+03 -3.879837e-02  3.571566e-02 -2.426208e-02 
 2.680000e+04  1.271557e+03 -3.889476e-02  3.579840e-02 -2.432394e-02 
 2.685000e+04  1.283131e+03 -3.899026e-02  3.588035e-02 -2.438560e-02 
 2.690000e+04  1.294705e+03 -3.908518e-02  3.596162e-02 -2.444679e-02 
 2.695000e+04  1.306279e+03 -3.917960e-02  3.604271e-02 -2.450775e-02 
 2.700000e+04  1.317854e+03 -3.927341e-02  3.612333e-02 -2.456863e-02 
 2.705000e+04  1.329428e+03 -3.936670e-02  3.620333e-02 -2.462901e-02 
 2.710000e+04  1.341002e+03 -3.945963e-02  3.628303e-02 -2.468909e-02 
 2.715000e+04  1.352576e+03 -3.955184e-02  3.636236e-02 -2.474865e-02 
 2.720000e+04  1.364150e+03 -3.964304e-02  3.644088e-02 -2.480779e-02 
 2.725000e+04  1.375724e+03 -3.973414e-02  3.651922e-02 -2.486689e-02 
 2.730000e+04  1.387298e+03 -3.982509e-02  3.659686e-02 -2.492579e-02 
 2.735000e+04  1.398872e+03 -3.991521e-02  3.667409e-02 -2.498418e-02 
 2.740000e+04  1.410446e+03 -4.000477e-02  3.675080e-02 -2.504207e-02 
 2.745000e+04  1.422020e+03 -4.009402e-02  3.682722e-02 -2.510003e-02 
 2.750000e+04  1.433594e+03 -4.018252e-02  3.690335e-02 -2.515796e-02 
 2.755000e+04  1.445168e+03 -4.027091e-02  3.697893e-02 -2.521547e-02 
 2.760000e+04  1.456742e+03 -4.035918e-02  3.705436e-02 -2.527273e-02 
 2.765000e+04  1.468316e+03 -4.044692e-02  3.712933e-02 -2.532983e-02 
 2.770000e+04  1.479891e+03 -4.053382e-02  3.720389e-02 -2.538611e-02 
 2.775000e+04  1.491465e+03 -4.062050e-02  3.727821e-02 -2.544226e-02 
 2.780000e+04  1.503039e+03 -4.070651e-02  3.735197e-02 -2.549839e-02 
 2.785000e+04  1.514613e+03 -4.079175e-02  3.742507e-02 -2.555435e-02 
 2.790000e+04  1.526187e+03 -4.087700e-02  3.749798e-02 -2.561008e-02 
 2.795000e+04  1.537761e+03 -4.096184e-02  3.757075e-02 -2.566570e-02 
 2.800000e+04  1.549335e+03 -4.104649e-02  3.764305e-02 -2.572106e-02 
 2.805000e+04  1.560909e+03 -4.113090e-02  3.771502e-02 -2.577634e-02 
 2.810000e+04  1.572483e+03 -4.121463e-02  3.778684e-02 -2.583123e-02 
 2.815000e+04  1.584057e+03 -4.129777e-02  3.785849e-02 -2.588573e-02 
 2.820000e+04  1.595631e+03 -4.138060e-02  3.792970e-02 -2.594007e-02 
 2.825000e+04  1.607205e+03 -4.146324e-02  3.800046e-02 -2.599396e-02 
 2.830000e+04  1.618779e+03 -4.154549e-02  3.807055e-02 -2.604772e-02 
 2.835000e+04  1.630354e+03 -4.162782e-02  3.814044e-02 -2.610145e-02 
 2.840000e+04  1.641928e+03 -4.170955e-02  3.820996e-02 -2.615512e-02 
 2.845000e+04  1.653502e+03 -4.179083e-02  3.827894e-02 -2.620823e-02 
 2.850000e+04  1.665076e+03 -4.187153e-02  3.834749e-02 -2.626134e-02 
 2.855000e+04  1.676650e+03 -4.195224e-02  3.841579e-02 -2.631445e-02 
 2.860000e+04  1.688224e+03 -4.203198e-02  3.848426e-02 -2.636748e-02 
 2.865000e+04  1.699798e+03 -4.211134e-02  3.855296e-02 -2.642026e-02 
 2.870000e+04  1.711372e+03 -4.219089e-02  3.862173e-02 -2.647290e-02 
 2.875000e+04  1.722946e+03 -4.227057e-02  3.869025e-02 -2.652533e-02 
 2.880000e+04  1.734520e+03 -4.234995e-02  3.875817e-02 -2.657761e-02 
 2.885000e+04  1.746094e+03 -4.242890e-02  3.882581e-02 -2.662973e-02 
 2.890000e+04  1.757668e+03 -4.250683e-02  3.889303e-02 -2.668151e-02 
 2.895000e+04  1.769242e+03 -4.258426e-02  3.895981e-02 -2.673303e-02 
 2.900000e+04  1.780816e+03 -4.266129e-02  3.902567e-02 -2.678415e-02 
 2.905000e+04  1.792391e+03 -4.273838e-02  3.909134e-02 -2.683546e-02 
 2.910000e+04  1.803965e+03 -4.281526e-02  3.915729e-02 -2.688680e-02 
 2.915000e+04  1.815539e+03 -4.289196e-02  3.922342e-02 -2.693805e-02 
 2.920000e+04  1.827113e+03 -4.296857e-02  3.928900e-02 -2.698862e-02 
 2.925000e+04  1.838687e+03 -4.304517e-02  3.935426e-02 -2.703894e-02 
 2.930000e+04  1.850261e+03 -4.312129e-02  3.941956e-02 -2.708940e-02 
 2.935000e+04  1.861835e+03 -4.319712e-02  3.948462e-02 -2.713984e-02 
 2.940000e+04  1.873409e+03 -4.327291e-02  3.954907e-02 -2.719023e-02 
 2.945000e+04  1.884983e+03 -4.334874e-02  3.961343e-02 -2.724064e-02 
 2.950000e+04  1.896557e+03 -4.342430e-02  3.967769e-02 -2.729100e-02 
 2.955000e+04  1.908131e+03 -4.349925e-02  3.974187e-02 -2.734120e-02 
 2.960000e+04  1.919705e+03 -4.357368e-02  3.980569e-02 -2.739106e-02 
 2.965000e+04  1.931279e+03 -4.364837e-02  3.986857e-02 -2.744039e-02 
 2.970000e+04  1.942854e+03 -4.372296e-02  3.993102e-02 -2.748960e-02 
 2.975000e+04  1.954428e+03 -4.379749e-02  3.999371e-02 -2.753882e-02 
 2.980000e+04  1.966002e+03 -4.387120e-02  4.005674e-02 -2.758808e-02 
 2.985000e+04  1.977576e+03 -4.394455e-02  4.011989e-02 -2.763713e-02 
 2.990000e+04  1.989150e+03 -4.401744e-02  4.018299e-02 -2.768594e-02 
 2.995000e+04  2.000724e+03 -4.409042e-02  4.024559e-02 -2.773484e-02 
 3.000000e+04  2.012298e+03 -4.416298e-02  4.030807e-02 -2.778374e-02 
 3.005000e+04  2.023872e+03 -4.423492e-02  4.037054e-02 -2.783256e-02 
 3.010000e+04  2.035446e+03 -4.430648e-02  4.043292e-02 -2.788131e-02 
 3.015000e+04  2.047020e+03 -4.437831e-02  4.049511e-02 -2.792972e-02 
 3.020000e+04  2.058594e+03 -4.445040e-02  4.055670e-02 -2.797736e-02 
 3.025000e+04  2.070168e+03 -4.452236e-02  4.061785e-02 -2.802497e-02 
 3.030000e+04  2.081742e+03 -4.459342e-02  4.067884e-02 -2.807279e-02 
 3.035000e+04  2.093316e+03 -4.466404e-02  4.073986e-02 -2.812067e-02 
 3.040000e+04  2.104891e+03 -4.473449e-02  4.080086e-02 -2.816843e-02 
 3.045000e+04  2.116465e+03 -4.480541e-02  4.086164e-02 -2.821584e-02 
 3.050000e+04  2.128039e+03 -4.487654e-02  4.092218e-02 -2.826339e-02 
 3.055000e+04  2.139613e+03 -4.494752e-02  4.098257e-02 -2.831079e-02 
 3.060000e+04  2.151187e+03 -4.501735e-02  4.104263e-02 -2.835808e-02 
 3.065000e+04  2.162761e+03 -4.508731e-02  4.110247e-02 -2.840519e-02 
 3.070000e+04  2.174335e+03 -4.515728e-02  4.116205e-02 -2.845231e-02 
 3.075000e+04  2.185909e+03 -4.522636e-02  4.122155e-02 -2.849893e-02 
 3.080000e+04  2.197483e+03 -4.529569e-02  4.128117e-02 -2.854552e-02 
 3.085000e+04  2.209057e+03 -4.536526e-02  4.134062e-02 -2.859211e-02 
 3.090000e+04  2.220631e+03 -4.543472e-02  4.139991e-02 -2.863877e-02 
 3.095000e+04  2.232205e+03 -4.550395e-02  4.145924e-02 -2.868558e-02 
 3.100000e+04  2.243779e+03 -4.557271e-02  4.151844e-02 -2.873233e-02 
 3.105000e+04  2.255354e+03 -4.564104e-02  4.157732e-02 -2.877862e-02 
 3.110000e+04  2.266928e+03 -4.570887e-02  4.163593e-02 -2.882452e-02 
 3.115000e+04  2.278502e+03 -4.577693e-02  4.169446e-02 -2.887019e-02 
 3.120000e+04  2.290076e+03 -4.584487e-02  4.175304e-02 -2.891580e-02 
 3.125000e+04  2.301650e+03 -4.591218e-02  4.181156e-02 -2.896136e-02 
 3.130000e+04  2.313224e+03 -4.597969e-02  4.187018e-02 -2.900728e-02 
 3.135000e+04  2.324798e+03 -4.604707e-02  4.192871e-02 -2.905338e-02 
 3.140000e+04  2.336372e+03 -4.611429e-02  4.198692e-02 -2.909904e-02 
 3.145000e+04  2.347946e+03 -4.618108e-02  4.204492e-02 -2.914418e-02 
 3.150000e+04  2.359520e+03 -4.624777e-02  4.210268e-02 -2.918933e-02 
 3.155000e+04  2.371094e+03 -4.631462e-02  4.216012e-02 -2.923467e-02 
 3.160000e+04  2.382668e+03 -4.638144e-02  4.221719e-02 -2.927998e-02 
 3.165000e+04  2.394242e+03 -4.644811e-02  4.227419e-02 -2.932522e-02 
 3.170000e+04  2.405816e+03 -4.651469e-02  4.233141e-02 -2.937045e-02 
 3.175000e+04  2.417391e+03 -4.658113e-02  4.238863e-02 -2.941560e-02 
 3.180000e+04  2.428965e+03 -4.664733e-02  4.244565e-02 -2.946063e-02 
 3.185000e+04  2.440539e+03 -4.671342e-02  4.250247e-02 -2.950540e-02 
 3.190000e+04  2.452113e+03 -4.677928e-02  4.255890e-02 -2.954968e-02 
 3.195000e+04  2.463687e+03 -4.684489e-02  4.261523e-02 -2.959371e-02 
 3.200000e+04  2.475261e+03 -4.691049e-02  4.267140e-02 -2.963781e-02 
 3.205000e+04  2.486835e+03 -4.697592e-02  4.272740e-02 -2.968196e-02 
 3.210000e+04  2.498409e+03 -4.704133e-02  4.278312e-02 -2.972631e-02 
 3.215000e+04  2.509983e+03 -4.710653e-02  4.283895e-02 -2.977075e-02 
 3.220000e+04  2.521557e+03 -4.717129e-02  4.289481e-02 -2.981500e-02 
 3.225000e+04  2.533131e+03 -4.723579e-02  4.295083e-02 -2.985885e-02 
 3.230000e+04  2.544705e+03 -4.730000e-02  4.300693e-02 -2.990267e-02 
 3.235000e+04  2.556279e+03 -4.736421e-02  4.306302e-02 -2.994632e-02 
 3.240000e+04  2.567854e+03 -4.742851e-02  4.311884e-02 -2.998991e-02 
 3.245000e+04  2.579428e+03 -4.749265e-02  4.317456e-02 -3.003341e-02 
 3.250000e+04  2.591002e+03 -4.755666e-02  4.323002e-02 -3.007693e-02 
 3.255000e+04  2.602576e+03 -4.762068e-02  4.328531e-02 -3.012044e-02 
 3.260000e+04  2.614150e+03 -4.768440e-02  4.334059e-02 -3.016373e-02 
 3.265000e+04  2.625724e+03 -4.774821e-02  4.339572e-02 -3.020700e-02 
 3.270000e+04  2.637298e+03 -4.781159e-02  4.345087e-02 -3.025020e-02 
 3.275000e+04  2.648872e+03 -4.787480e-02  4.350585e-02 -3.029326e-02 
 3.280000e+04  2.660446e+03 -4.793811e-02  4.356086e-02 -3.033640e-02 
 3.285000e+04  2.672020e+03 -4.800156e-02  4.361569e-02 -3.037954e-02 
 3.290000e+04  2.683594e+03 -4.806489e-02  4.366976e-02 -3.042241e-02 
 3.295000e+04  2.695168e+03 -4.812811e-02  4.372338e-02 -3.046519e-02 
 3.300000e+04  2.706742e+03 -4.819138e-02  4.377712e-02 -3.050771e-02 
 3.305000e+04  2.718316e+03 -4.825447e-02  4.383092e-02 -3.055020e-02 
 3.310000e+04  2.729891e+03 -4.831736e-02  4.388508e-02 -3.059266e-02 
 3.315000e+04  2.741465e+03 -4.838007e-02  4.393941e-02 -3.063519e-02 
 3.320000e+04  2.753039e+03 -4.844217e-02  4.399384e-02 -3.067761e-02 
 3.325000e+04  2.764613e+03 -4.850400e-02  4.404763e-02 -3.071995e-02 
 3.330000e+04  2.776187e+03 -4.856589e-02  4.410122e-02 -3.076218e-02 
 3.335000e+04  2.787761e+03 -4.862788e-02  4.415487e-02 -3.080429e-02 
 3.340000e+04  2.799335e+03 -4.868999e-02  4.420826e-02 -3.084630e-02 
 3.345000e+04  2.810909e+03 -4.875215e-02  4.426143e-02 -3.088840e-02 
 3.350000e+04  2.822483e+03 -4.881422e-02  4.431470e-02 -3.093047e-02 
 3.355000e+04  2.834057e+03 -4.887568e-02  4.436789e-02 -3.097231e-02 
 3.360000e+04  2.845631e+03 -4.893659e-02  4.442107e-02 -3.101400e-02 
 3.365000e+04  2.857205e+03 -4.899749e-02  4.447408e-02 -3.105562e-02 
 3.370000e+04  2.868779e+03 -4.905850e-02  4.452718e-02 -3.109701e-02 
 3.375000e+04  2.880354e+03 -4.911940e-02  4.458051e-02 -3.113842e-02 
 3.380000e+04  2.891928e+03 -4.918047e-02  4.463390e-02 -3.117995e-02 
 3.385000e+04  2.903502e+03 -4.924157e-02  4.468724e-02 -3.122134e-02 
 3.390000e+04  2.915076e+03 -4.930284e-02  4.474025e-02 -3.126267e-02 
 3.395000e+04  2.926650e+03 -4.936412e-02  4.479298e-02 -3.130407e-02 
 3.400000e+04  2.938224e+03 -4.942508e-02  4.484534e-02 -3.134554e-02 
 3.405000e+04  2.949798e+03 -4.948586e-02  4.489757e-02 -3.138698e-02 
 3.410000e+04  2.961372e+03 -4.954642e-02  4.494968e-02 -3.142841e-02 
 3.415000e+04  2.972946e+03 -4.960658e-02  4.500111e-02 -3.146962e-02 
 3.420000e+04  2.984520e+03 -4.966682e-02  4.505261e-02 -3.151066e-02 
 3.425000e+04  2.996094e+03 -4.972730e-02  4.510436e-02 -3.155146e-02 
 3.430000e+04  3.007668e+03 -4.978782e-02  4.515621e-02 -3.159201e-02 
 3.435000e+04  3.019242e+03 -4.984829e-02  4.520823e-02 -3.163258e-02 
 3.440000e+04  3.030816e+03 -4.990884e-02  4.526007e-02 -3.167338e-02 
 3.445000e+04  3.042391e+03 -4.996931e-02  4.531144e-02 -3.171445e-02 
 3.450000e+04  3.053965e+03 -5.002940e-02  4.536291e-02 -3.175550e-02 
 3.455000e+04  3.065539e+03 -5.008912e-02  4.541440e-02 -3.179633e-02 
 3.460000e+04  3.077113e+03 -5.014867e-02  4.546613e-02 -3.183701e-02 
 3.465000e+04  3.088687e+03 -5.020810e-02  4.551807e-02 -3.187741e-02 
 3.470000e+04  3.100261e+03 -5.026747e-02  4.557004e-02 -3.191784e-02 
 3.475000e+04  3.111835e+03 -5.032689e-02  4.562209e-02 -3.195825e-02 
 3.480000e+04  3.123409e+03 -5.038607e-02  4.567406e-02 -3.199872e-02 
 3.485000e+04  3.134983e+03 -5.044470e-02  4.572581e-02 -3.203909e-02 
 3.490000e+04  3.146557e+03 -5.050330e-02  4.577697e-02 -3.207924e-02 
 3.495000e+04  3.158131e+03 -5.056198e-02  4.582778e-02 -3.211913e-02 
 3.500000e+04  3.169705e+03 -5.062082e-02  4.587841e-02 -3.215916e-02 
 3.505000e+04  3.181279e+03 -5.067944e-02  4.592871e-02 -3.219924e-02 
 3.510000e+04  3.192854e+03 -5.073813e-02  4.597913e-02 -3.223922e-02 
 3.515000e+04  3.204428e+03 -5.079708e-02  4.602966e-02 -3.227936e-02 
 3.520000e+04  3.216002e+03 -5.085609e-02  4.608025e-02 -3.231940e-02 
 3.525000e+04  3.227576e+03 -5.091506e-02  4.613082e-02 -3.235916e-02 
 3.530000e+04  3.239150e+03 -5.097406e-02  4.618127e-02 -3.239878e-02 
 3.535000e+04  3.250724e+03 -5.103287e-02  4.623191e-02 -3.243851e-02 
 3.540000e+04  3.262298e+03 -5.109157e-02  4.628246e-02 -3.247831e-02 
 3.545000e+04  3.273872e+03 -5.115017e-02  4.633288e-02 -3.251809e-02 
 3.550000e+04  3.285446e+03 -5.120852e-02  4.638325e-02 -3.255780e-02 
 3.555000e+04  3.297020e+03 -5.126636e-02  4.643359e-02 -3.259752e-02 
 3.560000e+04  3.308594e+03 -5.132398e-02  4.648390e-02 -3.263706e-02 
 3.565000e+04  3.320168e+03 -5.138165e-02  4.653425e-02 -3.267644e-02 
 3.570000e+04  3.331742e+03 -5.143934e-02  4.658471e-02 -3.271573e-02 
 3.575000e+04  3.343316e+03 -5.149690e-02  4.663500e-02 -3.275500e-02 
 3.580000e+04  3.354891e+03 -5.155437e-02  4.668518e-02 -3.279427e-02 
 3.585000e+04  3.366465e+03 -5.161160e-02  4.673531e-02 -3.283363e-02 
 3.590000e+04  3.378039e+03 -5.166816e-02  4.678546e-02 -3.287297e-02 
 3.595000e+04  3.389613e+03 -5.172427e-02  4.683550e-02 -3.291226e-02 
 3.600000e+04  3.401187e+03 -5.178049e-02  4.688546e-02 -3.295135e-02 
 3.605000e+04  3.412761e+03 -5.183715e-02  4.693504e-02 -3.299031e-02 
 3.610000e+04  3.424335e+03 -5.189412e-02  4.698477e-02 -3.302917e-02 
 3.615000e+04  3.435909e+03 -5.195128e-02  4.703461e-02 -3.306799e-02 
 3.620000e+04  3.447483e+03 -5.200843e-02  4.708439e-02 -3.310679e-02 
 3.625000e+04  3.459057e+03 -5.206563e-02  4.713384e-02 -3.314566e-02 
 3.630000e+04  3.470631e+03 -5.212279e-02  4.718285e-02 -3.318450e-02 
 3.635000e+04  3.482205e+03 -5.217963e-02  4.723178e-02 -3.322344e-02 
 3.640000e+04  3.493779e+03 -5.223627e-02  4.728072e-02 -3.326229e-02 
 3.645000e+04  3.505354e+03 -5.229284e-02  4.732961e-02 -3.330105e-02 
 3.650000e+04  3.516928e+03 -5.234937e-02  4.737868e-02 -3.333970e-02 
 3.655000e+04  3.528502e+03 -5.240588e-02  4.742784e-02 -3.337828e-02 
 3.660000e+04  3.540076e+03 -5.246229e-02  4.747699e-02 -3.341667e-02 
 3.665000e+04  3.551650e+03 -5.251852e-02  4.752613e-02 -3.345500e-02 
 3.670000e+04  3.563224e+03 -5.257458e-02  4.757535e-02 -3.349338e-02 
 3.675000e+04  3.574798e+03 -5.263032e-02  4.762442e-02 -3.353167e-02 
 3.680000e+04  3.586372e+03 -5.268545e-02  4.767312e-02 -3.357001e-02 
 3.685000e+04  3.597946e+03 -5.274048e-02  4.772138e-02 -3.360856e-02 
 3.690000e+04  3.609520e+03 -5.279558e-02  4.776977e-02 -3.364713e-02 
 3.695000e+04  3.621094e+03 -5.285082e-02  4.781830e-02 -3.368533e-02 
 3.700000e+04  3.632668e+03 -5.290620e-02  4.786657e-02 -3.372339e-02 
 3.705000e+04  3.644242e+03 -5.296172e-02  4.791501e-02 -3.376141e-02 
 3.710000e+04  3.655816e+03 -5.301709e-02  4.796357e-02 -3.379942e-02 
 3.715000e+04  3.667391e+03 -5.307237e-02  4.801200e-02 -3.383737e-02 
 3.720000e+04  3.678965e+03 -5.312757e-02  4.805997e-02 -3.387527e-02 
 3.725000e+04  3.690539e+03 -5.318292e-02  4.810736e-02 -3.391327e-02 
 3.730000e+04  3.702113e+03 -5.323827e-02  4.815481e-02 -3.395137e-02 
 3.735000e+04  3.713687e+03 -5.329324e-02  4.820245e-02 -3.398917e-02 
 3.740000e+04  3.725261e+03 -5.334785e-02  4.825021e-02 -3.402682e-02 
 3.745000e+04  3.736835e+03 -5.340252e-02  4.829816e-02 -3.406461e-02 
 3.750000e+04  3.748409e+03 -5.345744e-02  4.834617e-02 -3.410242e-02 
 3.755000e+04  3.759983e+03 -5.351228e-02  4.839412e-02 -3.414012e-02 
 3.760000e+04  3.771557e+03 -5.356699e-02  4.844210e-02 -3.417770e-02 
 3.765000e+04  3.783131e+03 -5.362144e-02  4.849019e-02 -3.421517e-02 
 3.770000e+04  3.794705e+03 -5.367580e-02  4.853824e-02 -3.425272e-02 
 3.775000e+04  3.806279e+03 -5.372985e-02  4.858611e-02 -3.429038e-02 
 3.780000e+04  3.817854e+03 -5.378385e-02  4.863365e-02 -3.432809e-02 
 3.785000e+04  3.829428e+03 -5.383792e-02  4.868113e-02 -3.436568e-02 
 3.790000e+04  3.841002e+03 -5.389206e-02  4.872817e-02 -3.440317e-02 
 3.795000e+04  3.852576e+03 -5.394625e-02  4.877529e-02 -3.444053e-02 
 3.800000e+04  3.864150e+03 -5.400031e-02  4.882243e-02 -3.447775e-02 
 3.805000e+04  3.875724e+03 -5.405435e-02  4.886960e-02 -3.451497e-02 
 3.810000e+04  3.887298e+03 -5.410848e-02  4.891678e-02 -3.455221e-02 
 3.815000e+04  3.898872e+03 -5.416256e-02  4.896394e-02 -3.458942e-02 
 3.820000e+04  3.910446e+03 -5.421669e-02  4.901091e-02 -3.462644e-02 
 3.825000e+04  3.922020e+03 -5.427063e-02  4.905781e-02 -3.466340e-02 
 3.830000e+04  3.933594e+03 -5.432442e-02  4.910463e-02 -3.470040e-02 
 3.835000e+04  3.945168e+03 -5.437797e-02  4.915133e-02 -3.473744e-02 
 3.840000e+04  3.956742e+03 -5.443158e-02  4.919801e-02 -3.477446e-02 
 3.845000e+04  3.968316e+03 -5.448498e-02  4.924467e-02 -3.481155e-02 
 3.850000e+04  3.979891e+03 -5.453824e-02  4.929135e-02 -3.484858e-02 
 3.855000e+04  3.991465e+03 -5.459148e-02  4.933805e-02 -3.488540e-02 
 3.860000e+04  4.003039e+03 -5.464457e-02  4.938482e-02 -3.492218e-02 
 3.865000e+04  4.014613e+03 -5.469772e-02  4.943176e-02 -3.495901e-02 
 3.870000e+04  4.026187e+03 -5.475070e-02  4.947867e-02 -3.499588e-02 
 3.875000e+04  4.037761e+03 -5.480372e-02  4.952531e-02 -3.503266e-02 
 3.880000e+04  4.049335e+03 -5.485678e-02  4.957179e-02 -3.506941e-02 
 3.885000e+04  4.060909e+03 -5.490987e-02  4.961815e-02 -3.510611e-02 
 3.890000e+04  4.072483e+03 -5.496289e-02  4.966435e-02 -3.514260e-02 
 3.895000e+04  4.084057e+03 -5.501588e-02  4.971048e-02 -3.517907e-02 
 3.900000e+04  4.095631e+03 -5.506890e-02  4.975660e-02 -3.521569e-02 
 3.905000e+04  4.107205e+03 -5.512190e-02  4.980263e-02 -3.525227e-02 
 3.910000e+04  4.118779e+03 -5.517480e-02  4.984861e-02 -3.528867e-02 
 3.915000e+04  4.130354e+03 -5.522770e-02  4.989458e-02 -3.532516e-02 
 3.920000e+04  4.141928e+03 -5.528060e-02  4.994066e-02 -3.536157e-02 
 3.925000e+04  4.153502e+03 -5.533340e-02  4.998668e-02 -3.539792e-02 
 3.930000e+04  4.165076e+03 -5.538607e-02  5.003255e-02 -3.543430e-02 
 3.935000e+04  4.176650e+03 -5.543874e-02  5.007795e-02 -3.547078e-02 
 3.940000e+04  4.188224e+03 -5.549137e-02  5.012336e-02 -3.550717e-02 
 3.945000e+04  4.199798e+03 -5.554388e-02  5.016885e-02 -3.554347e-02 
 3.950000e+04  4.211372e+03 -5.559630e-02  5.021454e-02 -3.557968e-02 
 3.955000e+04  4.222946e+03 -5.564847e-02  5.026035e-02 -3.561582e-02 
 3.960000e+04  4.234520e+03 -5.570050e-02  5.030622e-02 -3.565179e-02 
 3.965000e+04  4.246094e+03 -5.575246e-02  5.035219e-02 -3.568774e-02 
 3.970000e+04  4.257668e+03 -5.580449e-02  5.039802e-02 -3.572377e-02 
 3.975000e+04  4.269242e+03 -5.585653e-02  5.044376e-02 -3.575988e-02 
 3.980000e+04  4.280816e+03 -5.590849e-02  5.048930e-02 -3.579599e-02 
 3.985000e+04  4.292391e+03 -5.596046e-02  5.053470e-02 -3.583201e-02 
 3.990000e+04  4.303965e+03 -5.601241e-02  5.058002e-02 -3.586796e-02 
 3.995000e+04  4.315539e+03 -5.606433e-02  5.062511e-02 -3.590383e-02 
 4.000000e+04  4.327113e+03 -5.611625e-02  5.066977e-02 -3.593971e-02 
 4.005000e+04  4.338687e+03 -5.616824e-02  5.071451e-02 -3.597554e-02 
 4.010000e+04  4.350261e+03 -5.622022e-02  5.075946e-02 -3.601134e-02 
 4.015000e+04  4.361835e+03 -5.627224e-02  5.080457e-02 -3.604712e-02 
 4.020000e+04  4.373409e+03 -5.632434e-02  5.084967e-02 -3.608290e-02 
 4.025000e+04  4.384983e+03 -5.637647e-02  5.089467e-02 -3.611871e-02 
 4.030000e+04  4.396557e+03 -5.642851e-02  5.093940e-02 -3.615446e-02 
 4.035000e+04  4.408131e+03 -5.648032e-02  5.098373e-02 -3.619011e-02 
 4.040000e+04  4.419705e+03 -5.653189e-02  5.102815e-02 -3.622572e-02 
 4.045000e+04  4.431279e+03 -5.658324e-02  5.107275e-02 -3.626134e-02 
 4.050000e+04  4.442854e+03 -5.663457e-02  5.111752e-02 -3.629697e-02 
 4.055000e+04  4.454428e+03 -5.668591e-02  5.116243e-02 -3.633260e-02 
 4.060000e+04  4.466002e+03 -5.673721e-02  5.120748e-02 -3.636816e-02 
 4.065000e+04  4.477576e+03 -5.678840e-02  5.125258e-02 -3.640366e-02 
 4.070000e+04  4.489150e+03 -5.683932e-02  5.129769e-02 -3.643916e-02 
 4.075000e+04  4.500724e+03 -5.689005e-02  5.134269e-02 -3.647453e-02 
 4.080000e+04  4.512298e+03 -5.694083e-02  5.138756e-02 -3.650984e-02 
 4.085000e+04  4.523872e+03 -5.699148e-02  5.143237e-02 -3.654520e-02 
 4.090000e+04  4.535446e+03 -5.704220e-02  5.147698e-02 -3.658047e-02 
 4.095000e+04  4.547020e+03 -5.709292e-02  5.152151e-02 -3.661580e-02 
 4.100000e+04  4.558594e+03 -5.714369e-02  5.156606e-02 -3.665119e-02 
 4.105000e+04  4.570168e+03 -5.719459e-02  5.161004e-02 -3.668659e-02 
 4.110000e+04  4.581742e+03 -5.724556e-02  5.165388e-02 -3.672192e-02 
 4.115000e+04  4.593316e+03 -5.729658e-02  5.169772e-02 -3.675717e-02 
 4.120000e+04  4.604891e+03 -5.734757e-02  5.174164e-02 -3.679228e-02 
 4.125000e+04  4.616465e+03 -5.739845e-02  5.178567e-02 -3.682730e-02 
 4.130000e+04  4.628039e+03 -5.744936e-02  5.182971e-02 -3.686231e-02 
 4.135000e+04  4.639613e+03 -5.750039e-02  5.187374e-02 -3.689742e-02 
 4.140000e+04  4.651187e+03 -5.755138e-02  5.191765e-02 -3.693266e-02 
 4.145000e+04  4.662761e+03 -5.760221e-02  5.196143e-02 -3.696787e-02 
 4.150000e+04  4.674335e+03 -5.765281e-02  5.200523e-02 -3.700304e-02 
 4.155000e+04  4.685909e+03 -5.770322e-02  5.204900e-02 -3.703814e-02 
 4.160000e+04  4.697483e+03 -5.775357e-02  5.209277e-02 -3.707316e-02 
 4.165000e+04  4.709057e+03 -5.780388e-02  5.213657e-02 -3.710804e-02 
 4.170000e+04  4.720631e+03 -5.785411e-02  5.218051e-02 -3.714291e-02 
 4.175000e+04  4.732205e+03 -5.790418e-02  5.222465e-02 -3.717783e-02 
 4.180000e+04  4.743779e+03 -5.795406e-02  5.226873e-02 -3.721269e-02 
 4.185000e+04  4.755354e+03 -5.800380e-02  5.231277e-02 -3.724755e-02 
 4.190000e+04  4.766928e+03 -5.805360e-02  5.235652e-02 -3.728235e-02 
 4.195000e+04  4.778502e+03 -5.810332e-02  5.239998e-02 -3.731717e-02 
 4.200000e+04  4.790076e+03 -5.815310e-02  5.244305e-02 -3.735193e-02 
 4.205000e+04  4.801650e+03 -5.820292e-02  5.248610e-02 -3.738659e-02 
 4.210000e+04  4.813224e+03 -5.825270e-02  5.252939e-02 -3.742130e-02 
 4.215000e+04  4.824798e+03 -5.830251e-02  5.257282e-02 -3.745593e-02 
 4.220000e+04  4.836372e+03 -5.835202e-02  5.261627e-02 -3.749057e-02 
 4.225000e+04  4.847946e+03 -5.840151e-02  5.265978e-02 -3.752527e-02 
 4.230000e+04  4.859520e+03 -5.845114e-02  5.270321e-02 -3.755996e-02 
 4.235000e+04  4.871094e+03 -5.850081e-02  5.274650e-02 -3.759449e-02 
 4.240000e+04  4.882668e+03 -5.855047e-02  5.278972e-02 -3.762901e-02 
 4.245000e+04  4.894242e+03 -5.859994e-02  5.283300e-02 -3.766352e-02 
 4.250000e+04  4.905816e+03 -5.864943e-02  5.287613e-02 -3.769802e-02 
 4.255000e+04  4.917391e+03 -5.869896e-02  5.291913e-02 -3.773254e-02 
 4.260000e+04  4.928965e+03 -5.874851e-02  5.296207e-02 -3.776709e-02 
 4.265000e+04  4.940539e+03 -5.879795e-02  5.300508e-02 -3.780161e-02 
 4.270000e+04  4.952113e+03 -5.884720e-02  5.304820e-02 -3.783605e-02 
 4.275000e+04  4.963687e+03 -5.889617e-02  5.309146e-02 -3.787043e-02 
 4.280000e+04  4.975261e+03 -5.894484e-02  5.313472e-02 -3.790473e-02 
 4.285000e+04  4.986835e+03 -5.899367e-02  5.317792e-02 -3.793901e-02 
 4.290000e+04  4.998409e+03 -5.904269e-02  5.322093e-02 -3.797320e-02 
 4.295000e+04  5.009983e+03 -5.909179e-02  5.326391e-02 -3.800742e-02 
 4.300000e+04  5.021557e+03 -5.914067e-02  5.330685e-02 -3.804170e-02 
 4.305000e+04  5.033131e+03 -5.918941e-02  5.334979e-02 -3.807597e-02 
 4.310000e+04  5.044705e+03 -5.923812e-02  5.339263e-02 -3.811025e-02 
 4.315000e+04  5.056279e+03 -5.928688e-02  5.343511e-02 -3.814447e-02 
 4.320000e+04  5.067854e+03 -5.933557e-02  5.347747e-02 -3.817863e-02 
 4.325000e+04  5.079428e+03 -5.938430e-02  5.352002e-02 -3.821266e-02 
 4.330000e+04  5.091002e+03 -5.943313e-02  5.356267e-02 -3.824665e-02 
 4.335000e+04  5.102576e+03 -5.948199e-02  5.360539e-02 -3.828060e-02 
 4.340000e+04  5.114150e+03 -5.953093e-02  5.364798e-02 -3.831457e-02 
 4.345000e+04  5.125724e+03 -5.957997e-02  5.369039e-02 -3.834865e-02 
 4.350000e+04  5.137298e+03 -5.962885e-02  5.373268e-02 -3.838276e-02 
 4.355000e+04  5.148872e+03 -5.967757e-02  5.377495e-02 -3.841684e-02 
 4.360000e+04  5.160446e+03 -5.972620e-02  5.381734e-02 -3.845087e-02 
 4.365000e+04  5.172020e+03 -5.977467e-02  5.385983e-02 -3.848483e-02 
 4.370000e+04  5.183594e+03 -5.982304e-02  5.390236e-02 -3.851870e-02 
 4.375000e+04  5.195168e+03 -5.987138e-02  5.394497e-02 -3.855251e-02 
 4.380000e+04  5.206742e+03 -5.991977e-02  5.398760e-02 -3.858629e-02 
 4.385000e+04  5.218316e+03 -5.996811e-02  5.403017e-02 -3.862003e-02 
 4.390000e+04  5.229891e+03 -6.001608e-02  5.407256e-02 -3.865379e-02 
 4.395000e+04  5.241465e+03 -6.006383e-02  5.411496e-02 -3.868765e-02 
 4.400000e+04  5.253039e+03 -6.011156e-02  5.415734e-02 -3.872148e-02 
 4.405000e+04  5.264613e+03 -6.015933e-02  5.419960e-02 -3.875515e-02 
 4.410000e+04  5.276187e+03 -6.020716e-02  5.424193e-02 -3.878872e-02 
 4.415000e+04  5.287761e+03 -6.025511e-02  5.428438e-02 -3.882220e-02 
