         Step [creep.tim... Z Displace... Z Displace... X Displace... 
------------- ------------- ------------- ------------- ------------- 
 5.250000e+03  1.276223e-07 -4.629353e-03  4.524540e-03 -2.433365e-03 
 5.300000e+03  3.886505e-06 -4.629532e-03  4.524622e-03 -2.433543e-03 
 5.350000e+03  3.393548e-05 -4.630208e-03  4.524700e-03 -2.433911e-03 
 5.400000e+03  2.324465e-04 -4.630323e-03  4.524785e-03 -2.433931e-03 
 5.450000e+03  1.034887e-03 -4.630731e-03  4.525398e-03 -2.434465e-03 
 5.500000e+03  2.715202e-03 -4.632853e-03  4.527274e-03 -2.436124e-03 
 5.550000e+03  5.989445e-03 -4.637642e-03  4.531808e-03 -2.439831e-03 
 5.600000e+03  9.581482e-03 -4.643216e-03  4.538009e-03 -2.443975e-03 
 5.650000e+03  1.362772e-02 -4.650444e-03  4.546453e-03 -2.449275e-03 
 5.700000e+03  1.897647e-02 -4.660749e-03  4.558737e-03 -2.456212e-03 
 5.750000e+03  2.480523e-02 -4.671109e-03  4.570599e-03 -2.462645e-03 
 5.800000e+03  3.065628e-02 -4.680067e-03  4.579866e-03 -2.468145e-03 
 5.850000e+03  3.650733e-02 -4.688439e-03  4.588595e-03 -2.473823e-03 
 5.900000e+03  4.235838e-02 -4.697201e-03  4.597897e-03 -2.480195e-03 
 5.950000e+03  4.820943e-02 -4.706390e-03  4.607830e-03 -2.487350e-03 
 6.000000e+03  5.418627e-02 -4.716353e-03  4.618148e-03 -2.495304e-03 
 6.050000e+03  6.146626e-02 -4.729327e-03  4.630649e-03 -2.504722e-03 
 6.100000e+03  6.930722e-02 -4.742556e-03  4.643244e-03 -2.513227e-03 
 6.150000e+03  7.714819e-02 -4.754582e-03  4.654643e-03 -2.520100e-03 
 6.200000e+03  8.498916e-02 -4.766275e-03  4.666035e-03 -2.526799e-03 
 6.250000e+03  9.283012e-02 -4.778483e-03  4.678337e-03 -2.534195e-03 
 6.300000e+03  1.006711e-01 -4.791254e-03  4.691360e-03 -2.542632e-03 
 6.350000e+03  1.086959e-01 -4.804152e-03  4.704780e-03 -2.552192e-03 
 6.400000e+03  1.184083e-01 -4.818892e-03  4.719991e-03 -2.563843e-03 
 6.450000e+03  1.289160e-01 -4.833726e-03  4.734963e-03 -2.575032e-03 
 6.500000e+03  1.394236e-01 -4.847763e-03  4.748865e-03 -2.584655e-03 
 6.550000e+03  1.499313e-01 -4.862016e-03  4.762945e-03 -2.593659e-03 
 6.600000e+03  1.604389e-01 -4.877053e-03  4.778117e-03 -2.602965e-03 
 6.650000e+03  1.709465e-01 -4.892630e-03  4.794554e-03 -2.613096e-03 
 6.700000e+03  1.814542e-01 -4.908260e-03  4.811806e-03 -2.623856e-03 
 6.750000e+03  1.928836e-01 -4.924195e-03  4.829300e-03 -2.635553e-03 
 6.800000e+03  2.056503e-01 -4.940708e-03  4.846501e-03 -2.647685e-03 
 6.850000e+03  2.190610e-01 -4.957309e-03  4.863270e-03 -2.659699e-03 
 6.900000e+03  2.324717e-01 -4.973622e-03  4.880002e-03 -2.671356e-03 
 6.950000e+03  2.458824e-01 -4.990377e-03  4.897430e-03 -2.683132e-03 
 7.000000e+03  2.592931e-01 -5.008174e-03  4.915824e-03 -2.695259e-03 
 7.050000e+03  2.727038e-01 -5.026990e-03  4.934777e-03 -2.707470e-03 
 7.100000e+03  2.870674e-01 -5.046763e-03  4.954027e-03 -2.719978e-03 
 7.150000e+03  3.024441e-01 -5.065904e-03  4.973099e-03 -2.732513e-03 
 7.200000e+03  3.179687e-01 -5.084057e-03  4.991648e-03 -2.745068e-03 
 7.250000e+03  3.334933e-01 -5.101869e-03  5.009945e-03 -2.757834e-03 
 7.300000e+03  3.490178e-01 -5.119802e-03  5.028289e-03 -2.770792e-03 
 7.350000e+03  3.652769e-01 -5.139329e-03  5.047837e-03 -2.784680e-03 
 7.400000e+03  3.840752e-01 -5.162563e-03  5.070766e-03 -2.800593e-03 
 7.450000e+03  4.029643e-01 -5.185206e-03  5.092865e-03 -2.815477e-03 
 7.500000e+03  4.227780e-01 -5.207533e-03  5.114828e-03 -2.829893e-03 
 7.550000e+03  4.425918e-01 -5.229424e-03  5.136644e-03 -2.844220e-03 
 7.600000e+03  4.624055e-01 -5.251253e-03  5.158576e-03 -2.858772e-03 
 7.650000e+03  4.822192e-01 -5.272532e-03  5.180577e-03 -2.873639e-03 
 7.700000e+03  5.029455e-01 -5.294567e-03  5.203669e-03 -2.889646e-03 
 7.750000e+03  5.265705e-01 -5.319507e-03  5.229722e-03 -2.907902e-03 
 7.800000e+03  5.506542e-01 -5.344061e-03  5.254743e-03 -2.925331e-03 
 7.850000e+03  5.747379e-01 -5.368025e-03  5.278625e-03 -2.941478e-03 
 7.900000e+03  5.988216e-01 -5.392191e-03  5.302583e-03 -2.957403e-03 
 7.950000e+03  6.229053e-01 -5.416579e-03  5.326972e-03 -2.973376e-03 
 8.000000e+03  6.469890e-01 -5.440624e-03  5.351273e-03 -2.989417e-03 
 8.050000e+03  6.713136e-01 -5.464538e-03  5.375465e-03 -3.005876e-03 
 8.100000e+03  6.981074e-01 -5.490157e-03  5.401501e-03 -3.024125e-03 
 8.150000e+03  7.259873e-01 -5.515505e-03  5.427494e-03 -3.042364e-03 
 8.200000e+03  7.538672e-01 -5.540168e-03  5.452622e-03 -3.059790e-03 
 8.250000e+03  7.817471e-01 -5.565193e-03  5.477780e-03 -3.076862e-03 
 8.300000e+03  8.096270e-01 -5.590785e-03  5.503091e-03 -3.093828e-03 
 8.350000e+03  8.375069e-01 -5.616528e-03  5.528275e-03 -3.110630e-03 
 8.400000e+03  8.670638e-01 -5.643328e-03  5.554418e-03 -3.128305e-03 
 8.450000e+03  8.993383e-01 -5.671637e-03  5.582224e-03 -3.147367e-03 
 8.500000e+03  9.316128e-01 -5.698585e-03  5.609237e-03 -3.166005e-03 
 8.550000e+03  9.638872e-01 -5.724745e-03  5.635568e-03 -3.184359e-03 
 8.600000e+03  9.961617e-01 -5.750843e-03  5.661820e-03 -3.202606e-03 
 8.650000e+03  1.028824e+00 -5.777299e-03  5.688640e-03 -3.221068e-03 
 8.700000e+03  1.062712e+00 -5.804743e-03  5.716555e-03 -3.239957e-03 
 8.750000e+03  1.098188e+00 -5.833150e-03  5.745125e-03 -3.259046e-03 
 8.800000e+03  1.136932e+00 -5.863825e-03  5.775285e-03 -3.279205e-03 
 8.850000e+03  1.176162e+00 -5.894382e-03  5.804939e-03 -3.299264e-03 
 8.900000e+03  1.215391e+00 -5.923976e-03  5.834006e-03 -3.319189e-03 
 8.950000e+03  1.254621e+00 -5.952729e-03  5.862844e-03 -3.339142e-03 
 9.000000e+03  1.293851e+00 -5.981199e-03  5.891659e-03 -3.359262e-03 
 9.050000e+03  1.333081e+00 -6.009468e-03  5.920471e-03 -3.379294e-03 
 9.100000e+03  1.372938e+00 -6.037818e-03  5.949216e-03 -3.398819e-03 
 9.150000e+03  1.417063e+00 -6.068899e-03  5.980455e-03 -3.419530e-03 
 9.200000e+03  1.462476e+00 -6.100817e-03  6.012099e-03 -3.440461e-03 
 9.250000e+03  1.507889e+00 -6.132321e-03  6.043041e-03 -3.461236e-03 
 9.300000e+03  1.553303e+00 -6.163173e-03  6.073251e-03 -3.481949e-03 
 9.350000e+03  1.598716e+00 -6.193660e-03  6.102999e-03 -3.502767e-03 
 9.400000e+03  1.644130e+00 -6.223644e-03  6.132422e-03 -3.523518e-03 
 9.450000e+03  1.689543e+00 -6.252753e-03  6.161434e-03 -3.543760e-03 
 9.500000e+03  1.737164e+00 -6.282820e-03  6.191491e-03 -3.564349e-03 
 9.550000e+03  1.787232e+00 -6.314419e-03  6.223114e-03 -3.585591e-03 
 9.600000e+03  1.837300e+00 -6.345878e-03  6.254684e-03 -3.606490e-03 
 9.650000e+03  1.887569e+00 -6.377077e-03  6.285846e-03 -3.627170e-03 
 9.700000e+03  1.941928e+00 -6.410478e-03  6.318844e-03 -3.649380e-03 
 9.750000e+03  1.997128e+00 -6.443983e-03  6.351537e-03 -3.671785e-03 
 9.800000e+03  2.052329e+00 -6.476482e-03  6.383243e-03 -3.693893e-03 
 9.850000e+03  2.107529e+00 -6.508080e-03  6.414388e-03 -3.715714e-03 
 9.900000e+03  2.162729e+00 -6.539376e-03  6.445686e-03 -3.737374e-03 
 9.950000e+03  2.217930e+00 -6.570562e-03  6.477177e-03 -3.758748e-03 
 1.000000e+04  2.273461e+00 -6.601710e-03  6.508705e-03 -3.779730e-03 
 1.005000e+04  2.335250e+00 -6.636220e-03  6.543371e-03 -3.802444e-03 
 1.010000e+04  2.399151e+00 -6.671631e-03  6.578547e-03 -3.825624e-03 
 1.015000e+04  2.463052e+00 -6.706400e-03  6.612531e-03 -3.848656e-03 
 1.020000e+04  2.526954e+00 -6.740230e-03  6.645450e-03 -3.871554e-03 
 1.025000e+04  2.590855e+00 -6.773674e-03  6.678075e-03 -3.894410e-03 
 1.030000e+04  2.654756e+00 -6.806925e-03  6.710584e-03 -3.917143e-03 
 1.035000e+04  2.718657e+00 -6.839779e-03  6.742841e-03 -3.939403e-03 
 1.040000e+04  2.785734e+00 -6.873837e-03  6.776472e-03 -3.962102e-03 
 1.045000e+04  2.856186e+00 -6.909293e-03  6.811826e-03 -3.985544e-03 
 1.050000e+04  2.926637e+00 -6.944299e-03  6.846805e-03 -4.008621e-03 
 1.055000e+04  2.997088e+00 -6.978738e-03  6.880986e-03 -4.031341e-03 
 1.060000e+04  3.070287e+00 -7.014246e-03  6.915839e-03 -4.054939e-03 
 1.065000e+04  3.144260e+00 -7.049879e-03  6.950372e-03 -4.078808e-03 
 1.070000e+04  3.218234e+00 -7.084637e-03  6.984148e-03 -4.102429e-03 
 1.075000e+04  3.292578e+00 -7.118801e-03  7.017634e-03 -4.125784e-03 
 1.080000e+04  3.370250e+00 -7.154369e-03  7.052632e-03 -4.149750e-03 
 1.085000e+04  3.447922e+00 -7.189737e-03  7.087740e-03 -4.173279e-03 
 1.090000e+04  3.525595e+00 -7.224739e-03  7.122601e-03 -4.196307e-03 
 1.095000e+04  3.606712e+00 -7.260944e-03  7.158712e-03 -4.220007e-03 
 1.100000e+04  3.692346e+00 -7.298840e-03  7.196359e-03 -4.244888e-03 
 1.105000e+04  3.777979e+00 -7.336015e-03  7.232857e-03 -4.269689e-03 
 1.110000e+04  3.863613e+00 -7.372294e-03  7.268351e-03 -4.294358e-03 
 1.115000e+04  3.952073e+00 -7.409473e-03  7.304551e-03 -4.319648e-03 
 1.120000e+04  4.041989e+00 -7.447117e-03  7.341252e-03 -4.344924e-03 
 1.125000e+04  4.131904e+00 -7.484398e-03  7.377749e-03 -4.369689e-03 
 1.130000e+04  4.221819e+00 -7.521367e-03  7.413983e-03 -4.393930e-03 
 1.135000e+04  4.313084e+00 -7.558451e-03  7.450765e-03 -4.418225e-03 
 1.140000e+04  4.407495e+00 -7.596352e-03  7.488456e-03 -4.443140e-03 
 1.145000e+04  4.501906e+00 -7.633535e-03  7.525354e-03 -4.467846e-03 
 1.150000e+04  4.598772e+00 -7.671266e-03  7.562397e-03 -4.493036e-03 
 1.155000e+04  4.697904e+00 -7.709719e-03  7.599661e-03 -4.518753e-03 
 1.160000e+04  4.797036e+00 -7.747604e-03  7.636371e-03 -4.544209e-03 
 1.165000e+04  4.896168e+00 -7.784988e-03  7.672600e-03 -4.569131e-03 
 1.170000e+04  4.999463e+00 -7.823727e-03  7.710292e-03 -4.594705e-03 
 1.175000e+04  5.103552e+00 -7.862587e-03  7.748244e-03 -4.620104e-03 
 1.180000e+04  5.207640e+00 -7.900948e-03  7.785866e-03 -4.645076e-03 
 1.185000e+04  5.313498e+00 -7.939327e-03  7.823749e-03 -4.670219e-03 
 1.190000e+04  5.423556e+00 -7.978741e-03  7.862681e-03 -4.696338e-03 
 1.195000e+04  5.538313e+00 -8.019244e-03  7.902547e-03 -4.723507e-03 
 1.200000e+04  5.653071e+00 -8.059086e-03  7.941522e-03 -4.750318e-03 
 1.205000e+04  5.771271e+00 -8.099973e-03  7.981119e-03 -4.777523e-03 
 1.210000e+04  5.891766e+00 -8.141538e-03  8.021313e-03 -4.804891e-03 
 1.215000e+04  6.012262e+00 -8.182600e-03  8.061162e-03 -4.831771e-03 
 1.220000e+04  6.132757e+00 -8.223016e-03  8.100672e-03 -4.858238e-03 
 1.225000e+04  6.253252e+00 -8.263036e-03  8.140064e-03 -4.884518e-03 
 1.230000e+04  6.373748e+00 -8.302593e-03  8.179131e-03 -4.910647e-03 
 1.235000e+04  6.494484e+00 -8.341530e-03  8.217699e-03 -4.936611e-03 
 1.240000e+04  6.623788e+00 -8.382794e-03  8.258349e-03 -4.964164e-03 
 1.245000e+04  6.761283e+00 -8.426568e-03  8.300977e-03 -4.993174e-03 
 1.250000e+04  6.900772e+00 -8.470697e-03  8.343535e-03 -5.022251e-03 
 1.255000e+04  7.040260e+00 -8.514219e-03  8.385463e-03 -5.050815e-03 
 1.260000e+04  7.179749e+00 -8.557393e-03  8.427071e-03 -5.078981e-03 
 1.265000e+04  7.319237e+00 -8.600203e-03  8.468563e-03 -5.106874e-03 
 1.270000e+04  7.458726e+00 -8.642405e-03  8.509662e-03 -5.134478e-03 
 1.275000e+04  7.598214e+00 -8.683940e-03  8.550232e-03 -5.161845e-03 
 1.280000e+04  7.747606e+00 -8.727869e-03  8.593432e-03 -5.191001e-03 
 1.285000e+04  7.901392e+00 -8.772639e-03  8.637399e-03 -5.220821e-03 
 1.290000e+04  8.055178e+00 -8.816913e-03  8.680596e-03 -5.250211e-03 
 1.295000e+04  8.213116e+00 -8.862141e-03  8.724311e-03 -5.279881e-03 
 1.300000e+04  8.374592e+00 -8.908311e-03  8.768605e-03 -5.309826e-03 
 1.305000e+04  8.536067e+00 -8.953975e-03  8.812388e-03 -5.339446e-03 
 1.310000e+04  8.697542e+00 -8.998813e-03  8.855684e-03 -5.368670e-03 
 1.315000e+04  8.859018e+00 -9.043039e-03  8.898708e-03 -5.397805e-03 
 1.320000e+04  9.020493e+00 -9.086779e-03  8.941520e-03 -5.426805e-03 
 1.325000e+04  9.182291e+00 -9.129927e-03  8.983953e-03 -5.455524e-03 
 1.330000e+04  9.357096e+00 -9.176180e-03  9.029310e-03 -5.486104e-03 
 1.335000e+04  9.543846e+00 -9.225469e-03  9.077261e-03 -5.518384e-03 
 1.340000e+04  9.730774e+00 -9.274432e-03  9.124544e-03 -5.550312e-03 
 1.345000e+04  9.917702e+00 -9.322722e-03  9.170968e-03 -5.581791e-03 
 1.350000e+04  1.010463e+01 -9.370594e-03  9.216906e-03 -5.612979e-03 
 1.355000e+04  1.029156e+01 -9.418000e-03  9.262495e-03 -5.643924e-03 
 1.360000e+04  1.047849e+01 -9.464659e-03  9.307739e-03 -5.674629e-03 
 1.365000e+04  1.066616e+01 -9.510807e-03  9.352703e-03 -5.705114e-03 
 1.370000e+04  1.086872e+01 -9.560200e-03  9.400978e-03 -5.737754e-03 
 1.375000e+04  1.107480e+01 -9.610021e-03  9.449687e-03 -5.770596e-03 
 1.380000e+04  1.128089e+01 -9.659434e-03  9.497647e-03 -5.802891e-03 
 1.385000e+04  1.149584e+01 -9.710674e-03  9.546970e-03 -5.836103e-03 
 1.390000e+04  1.171223e+01 -9.762006e-03  9.595991e-03 -5.869253e-03 
 1.395000e+04  1.192863e+01 -9.812696e-03  9.644257e-03 -5.902136e-03 
 1.400000e+04  1.214502e+01 -9.862492e-03  9.691891e-03 -5.934709e-03 
 1.405000e+04  1.236141e+01 -9.911656e-03  9.739239e-03 -5.967098e-03 
 1.410000e+04  1.258624e+01 -9.962153e-03  9.788284e-03 -6.000495e-03 
 1.415000e+04  1.281345e+01 -1.001268e-02  9.837453e-03 -6.033699e-03 
 1.420000e+04  1.305252e+01 -1.006540e-02  9.888698e-03 -6.068065e-03 
 1.425000e+04  1.330302e+01 -1.012040e-02  9.942007e-03 -6.103697e-03 
 1.430000e+04  1.355352e+01 -1.017480e-02  9.994448e-03 -6.138983e-03 
 1.435000e+04  1.380402e+01 -1.022842e-02  1.004588e-02 -6.173881e-03 
 1.440000e+04  1.405452e+01 -1.028149e-02  1.009661e-02 -6.208546e-03 
 1.445000e+04  1.430502e+01 -1.033405e-02  1.014695e-02 -6.243006e-03 
 1.450000e+04  1.455552e+01 -1.038585e-02  1.019685e-02 -6.277111e-03 
 1.455000e+04  1.480778e+01 -1.043740e-02  1.024673e-02 -6.310935e-03 
 1.460000e+04  1.507948e+01 -1.049257e-02  1.030024e-02 -6.346946e-03 
 1.465000e+04  1.535566e+01 -1.054818e-02  1.035428e-02 -6.383171e-03 
 1.470000e+04  1.563184e+01 -1.060318e-02  1.040753e-02 -6.418865e-03 
 1.475000e+04  1.591824e+01 -1.065974e-02  1.046191e-02 -6.455494e-03 
 1.480000e+04  1.620822e+01 -1.071660e-02  1.051621e-02 -6.492350e-03 
 1.485000e+04  1.649821e+01 -1.077270e-02  1.056964e-02 -6.528937e-03 
 1.490000e+04  1.678819e+01 -1.082799e-02  1.062241e-02 -6.565148e-03 
 1.495000e+04  1.708485e+01 -1.088410e-02  1.067605e-02 -6.601820e-03 
 1.500000e+04  1.738934e+01 -1.094123e-02  1.073082e-02 -6.639027e-03 
 1.505000e+04  1.769382e+01 -1.099773e-02  1.078519e-02 -6.675634e-03 
 1.510000e+04  1.800562e+01 -1.105502e-02  1.084033e-02 -6.712610e-03 
 1.515000e+04  1.834003e+01 -1.111610e-02  1.089890e-02 -6.752005e-03 
 1.520000e+04  1.867573e+01 -1.117662e-02  1.095678e-02 -6.791211e-03 
 1.525000e+04  1.901142e+01 -1.123617e-02  1.101368e-02 -6.830027e-03 
 1.530000e+04  1.935753e+01 -1.129701e-02  1.107165e-02 -6.869740e-03 
 1.535000e+04  1.971001e+01 -1.135850e-02  1.113018e-02 -6.909770e-03 
 1.540000e+04  2.006249e+01 -1.141917e-02  1.118814e-02 -6.949250e-03 
 1.545000e+04  2.041497e+01 -1.147913e-02  1.124569e-02 -6.988126e-03 
 1.550000e+04  2.078296e+01 -1.154127e-02  1.130547e-02 -7.028263e-03 
 1.555000e+04  2.115306e+01 -1.160306e-02  1.136504e-02 -7.068280e-03 
 1.560000e+04  2.152316e+01 -1.166407e-02  1.142375e-02 -7.107878e-03 
 1.565000e+04  2.191305e+01 -1.172772e-02  1.148469e-02 -7.149148e-03 
 1.570000e+04  2.232109e+01 -1.179380e-02  1.154768e-02 -7.192036e-03 
 1.575000e+04  2.272913e+01 -1.185902e-02  1.160978e-02 -7.234496e-03 
 1.580000e+04  2.313717e+01 -1.192347e-02  1.167109e-02 -7.276329e-03 
 1.585000e+04  2.355582e+01 -1.198913e-02  1.173354e-02 -7.318739e-03 
 1.590000e+04  2.398426e+01 -1.205571e-02  1.179704e-02 -7.361646e-03 
 1.595000e+04  2.441270e+01 -1.212148e-02  1.185984e-02 -7.403997e-03 
 1.600000e+04  2.484972e+01 -1.218779e-02  1.192313e-02 -7.446688e-03 
 1.605000e+04  2.529958e+01 -1.225544e-02  1.198758e-02 -7.490331e-03 
 1.610000e+04  2.574944e+01 -1.232234e-02  1.205108e-02 -7.533568e-03 
 1.615000e+04  2.620606e+01 -1.238933e-02  1.211453e-02 -7.576940e-03 
 1.620000e+04  2.669636e+01 -1.246075e-02  1.218202e-02 -7.622978e-03 
 1.625000e+04  2.719234e+01 -1.253238e-02  1.224971e-02 -7.669017e-03 
 1.630000e+04  2.768831e+01 -1.260303e-02  1.231659e-02 -7.714340e-03 
 1.635000e+04  2.818429e+01 -1.267274e-02  1.238281e-02 -7.759083e-03 
 1.640000e+04  2.870357e+01 -1.274494e-02  1.245159e-02 -7.805549e-03 
 1.645000e+04  2.922435e+01 -1.281642e-02  1.251983e-02 -7.851730e-03 
 1.650000e+04  2.974773e+01 -1.288726e-02  1.258749e-02 -7.897558e-03 
 1.655000e+04  3.031258e+01 -1.296308e-02  1.265966e-02 -7.946479e-03 
 1.660000e+04  3.088674e+01 -1.303952e-02  1.273214e-02 -7.995653e-03 
 1.665000e+04  3.146089e+01 -1.311493e-02  1.280358e-02 -8.044150e-03 
 1.670000e+04  3.203504e+01 -1.318943e-02  1.287413e-02 -8.091952e-03 
 1.675000e+04  3.260920e+01 -1.326326e-02  1.294401e-02 -8.139221e-03 
 1.680000e+04  3.318335e+01 -1.333629e-02  1.301313e-02 -8.186054e-03 
 1.685000e+04  3.376095e+01 -1.340876e-02  1.308186e-02 -8.232629e-03 
 1.690000e+04  3.438129e+01 -1.348579e-02  1.315493e-02 -8.282155e-03 
 1.695000e+04  3.501430e+01 -1.356371e-02  1.322865e-02 -8.332121e-03 
 1.700000e+04  3.564730e+01 -1.364072e-02  1.330131e-02 -8.381429e-03 
 1.705000e+04  3.629233e+01 -1.371836e-02  1.337432e-02 -8.430938e-03 
 1.710000e+04  3.697294e+01 -1.379962e-02  1.345049e-02 -8.482588e-03 
 1.715000e+04  3.767083e+01 -1.388197e-02  1.352766e-02 -8.535022e-03 
 1.720000e+04  3.836871e+01 -1.396303e-02  1.360381e-02 -8.586817e-03 
 1.725000e+04  3.908544e+01 -1.404531e-02  1.368114e-02 -8.639344e-03 
 1.730000e+04  3.981822e+01 -1.412850e-02  1.375945e-02 -8.692435e-03 
 1.735000e+04  4.055101e+01 -1.421055e-02  1.383684e-02 -8.744849e-03 
 1.740000e+04  4.131042e+01 -1.429449e-02  1.391605e-02 -8.798405e-03 
 1.745000e+04  4.211831e+01 -1.438300e-02  1.399938e-02 -8.854716e-03 
 1.750000e+04  4.292621e+01 -1.447043e-02  1.408158e-02 -8.910355e-03 
 1.755000e+04  4.373410e+01 -1.455664e-02  1.416254e-02 -8.965235e-03 
 1.760000e+04  4.455815e+01 -1.464350e-02  1.424400e-02 -9.020477e-03 
 1.765000e+04  4.540643e+01 -1.473191e-02  1.432697e-02 -9.076718e-03 
 1.770000e+04  4.625472e+01 -1.481915e-02  1.440889e-02 -9.132240e-03 
 1.775000e+04  4.711658e+01 -1.490659e-02  1.449106e-02 -9.187840e-03 
 1.780000e+04  4.804558e+01 -1.499991e-02  1.457880e-02 -9.247103e-03 
 1.785000e+04  4.898081e+01 -1.509284e-02  1.466598e-02 -9.305946e-03 
 1.790000e+04  4.991605e+01 -1.518448e-02  1.475173e-02 -9.363893e-03 
 1.795000e+04  5.092171e+01 -1.528191e-02  1.484256e-02 -9.425402e-03 
 1.800000e+04  5.195280e+01 -1.538067e-02  1.493451e-02 -9.487762e-03 
 1.805000e+04  5.298390e+01 -1.547795e-02  1.502502e-02 -9.549259e-03 
 1.810000e+04  5.402840e+01 -1.557513e-02  1.511540e-02 -9.610587e-03 
 1.815000e+04  5.515544e+01 -1.567880e-02  1.521184e-02 -9.675918e-03 
 1.820000e+04  5.629223e+01 -1.578198e-02  1.530788e-02 -9.740870e-03 
 1.825000e+04  5.742901e+01 -1.588353e-02  1.540241e-02 -9.804760e-03 
 1.830000e+04  5.864816e+01 -1.599108e-02  1.550246e-02 -9.872304e-03 
 1.835000e+04  5.990146e+01 -1.610023e-02  1.560379e-02 -9.940882e-03 
 1.840000e+04  6.115476e+01 -1.620756e-02  1.570346e-02 -1.000839e-02 
 1.845000e+04  6.242060e+01 -1.631441e-02  1.580253e-02 -1.007545e-02 
 1.850000e+04  6.373657e+01 -1.642403e-02  1.590418e-02 -1.014422e-02 
 1.855000e+04  6.505254e+01 -1.653199e-02  1.600443e-02 -1.021197e-02 
 1.860000e+04  6.636851e+01 -1.663828e-02  1.610326e-02 -1.027860e-02 
 1.865000e+04  6.779331e+01 -1.675183e-02  1.620875e-02 -1.034969e-02 
 1.870000e+04  6.924417e+01 -1.686600e-02  1.631471e-02 -1.042113e-02 
 1.875000e+04  7.069503e+01 -1.697832e-02  1.641890e-02 -1.049139e-02 
 1.880000e+04  7.219006e+01 -1.709239e-02  1.652435e-02 -1.056252e-02 
 1.885000e+04  7.378963e+01 -1.721300e-02  1.663544e-02 -1.063759e-02 
 1.890000e+04  7.538920e+01 -1.733173e-02  1.674478e-02 -1.071157e-02 
 1.895000e+04  7.698877e+01 -1.744856e-02  1.685224e-02 -1.078417e-02 
 1.900000e+04  7.871703e+01 -1.757308e-02  1.696655e-02 -1.086135e-02 
 1.905000e+04  8.048055e+01 -1.769831e-02  1.708144e-02 -1.093896e-02 
 1.910000e+04  8.224408e+01 -1.782129e-02  1.719440e-02 -1.101520e-02 
 1.915000e+04  8.407541e+01 -1.794706e-02  1.730960e-02 -1.109295e-02 
 1.920000e+04  8.601970e+01 -1.807877e-02  1.743008e-02 -1.117428e-02 
 1.925000e+04  8.796399e+01 -1.820812e-02  1.754849e-02 -1.125424e-02 
 1.930000e+04  8.991994e+01 -1.833601e-02  1.766535e-02 -1.133309e-02 
 1.935000e+04  9.204718e+01 -1.847297e-02  1.779039e-02 -1.141747e-02 
 1.940000e+04  9.419076e+01 -1.860872e-02  1.791432e-02 -1.150113e-02 
 1.945000e+04  9.633434e+01 -1.874191e-02  1.803602e-02 -1.158311e-02 
 1.950000e+04  9.857566e+01 -1.887879e-02  1.816100e-02 -1.166720e-02 
 1.955000e+04  1.009390e+02 -1.902086e-02  1.829067e-02 -1.175450e-02 
 1.960000e+04  1.033022e+02 -1.916032e-02  1.841796e-02 -1.184017e-02 
 1.965000e+04  1.056892e+02 -1.929864e-02  1.854387e-02 -1.192492e-02 
 1.970000e+04  1.082873e+02 -1.944686e-02  1.867849e-02 -1.201561e-02 
 1.975000e+04  1.108928e+02 -1.959293e-02  1.881102e-02 -1.210489e-02 
 1.980000e+04  1.134983e+02 -1.973622e-02  1.894081e-02 -1.219227e-02 
 1.985000e+04  1.162276e+02 -1.988369e-02  1.907406e-02 -1.228201e-02 
 1.990000e+04  1.191002e+02 -2.003632e-02  1.921190e-02 -1.237493e-02 
 1.995000e+04  1.219728e+02 -2.018593e-02  1.934707e-02 -1.246597e-02 
 2.000000e+04  1.248771e+02 -2.033438e-02  1.948082e-02 -1.255598e-02 
 2.005000e+04  1.280442e+02 -2.049359e-02  1.962393e-02 -1.265240e-02 
 2.010000e+04  1.312112e+02 -2.064973e-02  1.976425e-02 -1.274695e-02 
 2.015000e+04  1.343783e+02 -2.080268e-02  1.990149e-02 -1.283936e-02 
 2.020000e+04  1.376926e+02 -2.095970e-02  2.004214e-02 -1.293411e-02 
 2.025000e+04  1.411842e+02 -2.112208e-02  2.018765e-02 -1.303218e-02 
 2.030000e+04  1.446759e+02 -2.128098e-02  2.033020e-02 -1.312809e-02 
 2.035000e+04  1.482234e+02 -2.143913e-02  2.047189e-02 -1.322331e-02 
 2.040000e+04  1.520546e+02 -2.160684e-02  2.062197e-02 -1.332422e-02 
 2.045000e+04  1.559042e+02 -2.177186e-02  2.076969e-02 -1.342348e-02 
 2.050000e+04  1.597537e+02 -2.193329e-02  2.091398e-02 -1.352039e-02 
 2.055000e+04  1.637573e+02 -2.209789e-02  2.106071e-02 -1.361909e-02 
 2.060000e+04  1.677993e+02 -2.226083e-02  2.120587e-02 -1.371682e-02 
 2.065000e+04  1.718414e+02 -2.242032e-02  2.134785e-02 -1.381226e-02 
 2.070000e+04  1.762083e+02 -2.258930e-02  2.149795e-02 -1.391309e-02 
 2.075000e+04  1.808874e+02 -2.276711e-02  2.165572e-02 -1.401919e-02 
 2.080000e+04  1.855666e+02 -2.294099e-02  2.180990e-02 -1.412288e-02 
 2.085000e+04  1.902457e+02 -2.311093e-02  2.196023e-02 -1.422392e-02 
 2.090000e+04  1.949717e+02 -2.327894e-02  2.210838e-02 -1.432366e-02 
 2.095000e+04  1.998848e+02 -2.345003e-02  2.225911e-02 -1.442526e-02 
 2.100000e+04  2.047979e+02 -2.361752e-02  2.240646e-02 -1.452456e-02 
 2.105000e+04  2.101279e+02 -2.379559e-02  2.256279e-02 -1.462992e-02 
 2.110000e+04  2.155446e+02 -2.397296e-02  2.271839e-02 -1.473482e-02 
 2.115000e+04  2.209613e+02 -2.414615e-02  2.287040e-02 -1.483716e-02 
 2.120000e+04  2.265108e+02 -2.431929e-02  2.302233e-02 -1.493929e-02 
 2.125000e+04  2.324827e+02 -2.450170e-02  2.318233e-02 -1.504696e-02 
 2.130000e+04  2.384546e+02 -2.468005e-02  2.333878e-02 -1.515234e-02 
 2.135000e+04  2.444265e+02 -2.485428e-02  2.349134e-02 -1.525510e-02 
 2.140000e+04  2.507705e+02 -2.503528e-02  2.364948e-02 -1.536163e-02 
 2.145000e+04  2.573546e+02 -2.521921e-02  2.381005e-02 -1.546980e-02 
 2.150000e+04  2.639386e+02 -2.539879e-02  2.396665e-02 -1.557527e-02 
 2.155000e+04  2.705226e+02 -2.557411e-02  2.411927e-02 -1.567807e-02 
 2.160000e+04  2.774227e+02 -2.575372e-02  2.427551e-02 -1.578345e-02 
 2.165000e+04  2.843360e+02 -2.592961e-02  2.442847e-02 -1.588663e-02 
 2.170000e+04  2.914957e+02 -2.610761e-02  2.458307e-02 -1.599084e-02 
 2.175000e+04  2.993919e+02 -2.629997e-02  2.474982e-02 -1.610335e-02 
 2.180000e+04  3.073949e+02 -2.649065e-02  2.491480e-02 -1.621484e-02 
 2.185000e+04  3.153978e+02 -2.667652e-02  2.507524e-02 -1.632332e-02 
 2.190000e+04  3.234008e+02 -2.685764e-02  2.523126e-02 -1.642886e-02 
 2.195000e+04  3.314917e+02 -2.703623e-02  2.538500e-02 -1.653297e-02 
 2.200000e+04  3.398948e+02 -2.721743e-02  2.554097e-02 -1.663857e-02 
 2.205000e+04  3.485920e+02 -2.740074e-02  2.569867e-02 -1.674532e-02 
 2.210000e+04  3.574153e+02 -2.758261e-02  2.585514e-02 -1.685129e-02 
 2.215000e+04  3.662386e+02 -2.776009e-02  2.600785e-02 -1.695471e-02 
 2.220000e+04  3.751955e+02 -2.793574e-02  2.615892e-02 -1.705690e-02 
 2.225000e+04  3.849231e+02 -2.812216e-02  2.631921e-02 -1.716533e-02 
 2.230000e+04  3.946507e+02 -2.830428e-02  2.647570e-02 -1.727138e-02 
 2.235000e+04  4.043784e+02 -2.848190e-02  2.662814e-02 -1.737482e-02 
 2.240000e+04  4.141060e+02 -2.865518e-02  2.677664e-02 -1.747563e-02 
 2.245000e+04  4.242908e+02 -2.883247e-02  2.692842e-02 -1.757871e-02 
 2.250000e+04  4.345049e+02 -2.900624e-02  2.707714e-02 -1.767968e-02 
 2.255000e+04  4.451274e+02 -2.918288e-02  2.722813e-02 -1.778217e-02 
 2.260000e+04  4.558522e+02 -2.935730e-02  2.737700e-02 -1.788335e-02 
 2.265000e+04  4.665769e+02 -2.952767e-02  2.752226e-02 -1.798226e-02 
 2.270000e+04  4.774303e+02 -2.969587e-02  2.766564e-02 -1.807992e-02 
 2.275000e+04  4.889355e+02 -2.987016e-02  2.781412e-02 -1.818109e-02 
 2.280000e+04  5.005095e+02 -3.004172e-02  2.796013e-02 -1.828066e-02 
 2.285000e+04  5.120836e+02 -3.020943e-02  2.810267e-02 -1.837795e-02 
 2.290000e+04  5.236577e+02 -3.037329e-02  2.824176e-02 -1.847293e-02 
 2.295000e+04  5.352318e+02 -3.053340e-02  2.837760e-02 -1.856574e-02 
 2.300000e+04  5.468058e+02 -3.068992e-02  2.851037e-02 -1.865649e-02 
 2.305000e+04  5.583799e+02 -3.084305e-02  2.864030e-02 -1.874533e-02 
 2.310000e+04  5.699540e+02 -3.099298e-02  2.876756e-02 -1.883238e-02 
 2.315000e+04  5.815281e+02 -3.113988e-02  2.889231e-02 -1.891773e-02 
 2.320000e+04  5.931021e+02 -3.128378e-02  2.901463e-02 -1.900137e-02 
 2.325000e+04  6.046762e+02 -3.142484e-02  2.913455e-02 -1.908334e-02 
 2.330000e+04  6.162503e+02 -3.156317e-02  2.925209e-02 -1.916373e-02 
 2.335000e+04  6.278244e+02 -3.169883e-02  2.936732e-02 -1.924263e-02 
 2.340000e+04  6.393984e+02 -3.183197e-02  2.948034e-02 -1.932007e-02 
 2.345000e+04  6.509725e+02 -3.196276e-02  2.959124e-02 -1.939611e-02 
 2.350000e+04  6.625466e+02 -3.209135e-02  2.970009e-02 -1.947081e-02 
 2.355000e+04  6.741207e+02 -3.221779e-02  2.980695e-02 -1.954423e-02 
 2.360000e+04  6.856947e+02 -3.234212e-02  2.991184e-02 -1.961640e-02 
 2.365000e+04  6.972688e+02 -3.246436e-02  3.001483e-02 -1.968734e-02 
 2.370000e+04  7.088429e+02 -3.258457e-02  3.011605e-02 -1.975711e-02 
 2.375000e+04  7.204170e+02 -3.270284e-02  3.021563e-02 -1.982576e-02 
 2.380000e+04  7.319910e+02 -3.281920e-02  3.031363e-02 -1.989328e-02 
 2.385000e+04  7.435651e+02 -3.293367e-02  3.041013e-02 -1.995972e-02 
 2.390000e+04  7.551392e+02 -3.304629e-02  3.050509e-02 -2.002510e-02 
 2.395000e+04  7.667133e+02 -3.315711e-02  3.059859e-02 -2.008948e-02 
 2.400000e+04  7.782873e+02 -3.326619e-02  3.069073e-02 -2.015290e-02 
 2.405000e+04  7.898614e+02 -3.337363e-02  3.078159e-02 -2.021532e-02 
 2.410000e+04  8.014355e+02 -3.347952e-02  3.087112e-02 -2.027674e-02 
 2.415000e+04  8.130095e+02 -3.358386e-02  3.095935e-02 -2.033727e-02 
 2.420000e+04  8.245836e+02 -3.368669e-02  3.104628e-02 -2.039696e-02 
 2.425000e+04  8.361577e+02 -3.378804e-02  3.113196e-02 -2.045584e-02 
 2.430000e+04  8.477318e+02 -3.388801e-02  3.121649e-02 -2.051394e-02 
 2.435000e+04  8.593058e+02 -3.398671e-02  3.129989e-02 -2.057128e-02 
 2.440000e+04  8.708799e+02 -3.408419e-02  3.138212e-02 -2.062786e-02 
 2.445000e+04  8.824540e+02 -3.418053e-02  3.146315e-02 -2.068376e-02 
 2.450000e+04  8.940281e+02 -3.427568e-02  3.154303e-02 -2.073901e-02 
 2.455000e+04  9.056021e+02 -3.436963e-02  3.162177e-02 -2.079360e-02 
 2.460000e+04  9.171762e+02 -3.446238e-02  3.169950e-02 -2.084752e-02 
 2.465000e+04  9.287503e+02 -3.455402e-02  3.177628e-02 -2.090084e-02 
 2.470000e+04  9.403244e+02 -3.464453e-02  3.185210e-02 -2.095356e-02 
 2.475000e+04  9.518984e+02 -3.473388e-02  3.192698e-02 -2.100571e-02 
 2.480000e+04  9.634725e+02 -3.482219e-02  3.200095e-02 -2.105732e-02 
 2.485000e+04  9.750466e+02 -3.490948e-02  3.207407e-02 -2.110839e-02 
 2.490000e+04  9.866207e+02 -3.499580e-02  3.214634e-02 -2.115894e-02 
 2.495000e+04  9.981947e+02 -3.508114e-02  3.221777e-02 -2.120897e-02 
 2.500000e+04  1.009769e+03 -3.516547e-02  3.228838e-02 -2.125848e-02 
 2.505000e+04  1.021343e+03 -3.524891e-02  3.235819e-02 -2.130753e-02 
 2.510000e+04  1.032917e+03 -3.533154e-02  3.242724e-02 -2.135615e-02 
 2.515000e+04  1.044491e+03 -3.541338e-02  3.249555e-02 -2.140430e-02 
 2.520000e+04  1.056065e+03 -3.549454e-02  3.256314e-02 -2.145201e-02 
 2.525000e+04  1.067639e+03 -3.557513e-02  3.263000e-02 -2.149935e-02 
 2.530000e+04  1.079213e+03 -3.565513e-02  3.269613e-02 -2.154629e-02 
 2.535000e+04  1.090787e+03 -3.573458e-02  3.276155e-02 -2.159285e-02 
 2.540000e+04  1.102361e+03 -3.581351e-02  3.282633e-02 -2.163904e-02 
 2.545000e+04  1.113935e+03 -3.589187e-02  3.289054e-02 -2.168486e-02 
 2.550000e+04  1.125510e+03 -3.596970e-02  3.295419e-02 -2.173036e-02 
 2.555000e+04  1.137084e+03 -3.604702e-02  3.301736e-02 -2.177559e-02 
 2.560000e+04  1.148658e+03 -3.612378e-02  3.308009e-02 -2.182049e-02 
 2.565000e+04  1.160232e+03 -3.619994e-02  3.314236e-02 -2.186502e-02 
 2.570000e+04  1.171806e+03 -3.627552e-02  3.320411e-02 -2.190921e-02 
 2.575000e+04  1.183380e+03 -3.635051e-02  3.326534e-02 -2.195311e-02 
 2.580000e+04  1.194954e+03 -3.642486e-02  3.332614e-02 -2.199669e-02 
 2.585000e+04  1.206528e+03 -3.649863e-02  3.338652e-02 -2.203991e-02 
 2.590000e+04  1.218102e+03 -3.657181e-02  3.344654e-02 -2.208279e-02 
 2.595000e+04  1.229676e+03 -3.664442e-02  3.350626e-02 -2.212538e-02 
 2.600000e+04  1.241250e+03 -3.671648e-02  3.356570e-02 -2.216768e-02 
 2.605000e+04  1.252824e+03 -3.678804e-02  3.362488e-02 -2.220970e-02 
 2.610000e+04  1.264398e+03 -3.685910e-02  3.368386e-02 -2.225144e-02 
 2.615000e+04  1.275973e+03 -3.692968e-02  3.374264e-02 -2.229290e-02 
 2.620000e+04  1.287547e+03 -3.699977e-02  3.380122e-02 -2.233407e-02 
 2.625000e+04  1.299121e+03 -3.706944e-02  3.385958e-02 -2.237497e-02 
 2.630000e+04  1.310695e+03 -3.713873e-02  3.391773e-02 -2.241563e-02 
 2.635000e+04  1.322269e+03 -3.720761e-02  3.397570e-02 -2.245601e-02 
 2.640000e+04  1.333843e+03 -3.727613e-02  3.403352e-02 -2.249614e-02 
 2.645000e+04  1.345417e+03 -3.734436e-02  3.409113e-02 -2.253606e-02 
 2.650000e+04  1.356991e+03 -3.741224e-02  3.414853e-02 -2.257577e-02 
 2.655000e+04  1.368565e+03 -3.747975e-02  3.420565e-02 -2.261523e-02 
 2.660000e+04  1.380139e+03 -3.754697e-02  3.426248e-02 -2.265443e-02 
 2.665000e+04  1.391713e+03 -3.761385e-02  3.431897e-02 -2.269338e-02 
 2.670000e+04  1.403287e+03 -3.768035e-02  3.437511e-02 -2.273209e-02 
 2.675000e+04  1.414861e+03 -3.774643e-02  3.443094e-02 -2.277055e-02 
 2.680000e+04  1.426435e+03 -3.781212e-02  3.448645e-02 -2.280874e-02 
 2.685000e+04  1.438010e+03 -3.787741e-02  3.454161e-02 -2.284669e-02 
 2.690000e+04  1.449584e+03 -3.794226e-02  3.459645e-02 -2.288440e-02 
 2.695000e+04  1.461158e+03 -3.800668e-02  3.465095e-02 -2.292188e-02 
 2.700000e+04  1.472732e+03 -3.807062e-02  3.470513e-02 -2.295910e-02 
 2.705000e+04  1.484306e+03 -3.813414e-02  3.475900e-02 -2.299607e-02 
 2.710000e+04  1.495880e+03 -3.819723e-02  3.481257e-02 -2.303278e-02 
 2.715000e+04  1.507454e+03 -3.825985e-02  3.486580e-02 -2.306925e-02 
 2.720000e+04  1.519028e+03 -3.832202e-02  3.491874e-02 -2.310551e-02 
 2.725000e+04  1.530602e+03 -3.838374e-02  3.497139e-02 -2.314155e-02 
 2.730000e+04  1.542176e+03 -3.844504e-02  3.502372e-02 -2.317732e-02 
 2.735000e+04  1.553750e+03 -3.850594e-02  3.507576e-02 -2.321285e-02 
 2.740000e+04  1.565324e+03 -3.856642e-02  3.512749e-02 -2.324818e-02 
 2.745000e+04  1.576898e+03 -3.862645e-02  3.517888e-02 -2.328325e-02 
 2.750000e+04  1.588473e+03 -3.868608e-02  3.522992e-02 -2.331808e-02 
 2.755000e+04  1.600047e+03 -3.874534e-02  3.528058e-02 -2.335270e-02 
 2.760000e+04  1.611621e+03 -3.880420e-02  3.533087e-02 -2.338710e-02 
 2.765000e+04  1.623195e+03 -3.886269e-02  3.538078e-02 -2.342128e-02 
 2.770000e+04  1.634769e+03 -3.892083e-02  3.543033e-02 -2.345524e-02 
 2.775000e+04  1.646343e+03 -3.897865e-02  3.547952e-02 -2.348898e-02 
 2.780000e+04  1.657917e+03 -3.903614e-02  3.552837e-02 -2.352252e-02 
 2.785000e+04  1.669491e+03 -3.909329e-02  3.557684e-02 -2.355583e-02 
 2.790000e+04  1.681065e+03 -3.915012e-02  3.562493e-02 -2.358891e-02 
 2.795000e+04  1.692639e+03 -3.920656e-02  3.567272e-02 -2.362179e-02 
 2.800000e+04  1.704213e+03 -3.926268e-02  3.572019e-02 -2.365446e-02 
 2.805000e+04  1.715787e+03 -3.931842e-02  3.576736e-02 -2.368693e-02 
 2.810000e+04  1.727361e+03 -3.937381e-02  3.581423e-02 -2.371920e-02 
 2.815000e+04  1.738935e+03 -3.942887e-02  3.586082e-02 -2.375130e-02 
 2.820000e+04  1.750510e+03 -3.948357e-02  3.590710e-02 -2.378320e-02 
 2.825000e+04  1.762084e+03 -3.953792e-02  3.595306e-02 -2.381487e-02 
 2.830000e+04  1.773658e+03 -3.959193e-02  3.599876e-02 -2.384636e-02 
 2.835000e+04  1.785232e+03 -3.964564e-02  3.604419e-02 -2.387767e-02 
 2.840000e+04  1.796806e+03 -3.969901e-02  3.608933e-02 -2.390878e-02 
 2.845000e+04  1.808380e+03 -3.975206e-02  3.613422e-02 -2.393972e-02 
 2.850000e+04  1.819954e+03 -3.980484e-02  3.617882e-02 -2.397051e-02 
 2.855000e+04  1.831528e+03 -3.985737e-02  3.622313e-02 -2.400113e-02 
 2.860000e+04  1.843102e+03 -3.990962e-02  3.626716e-02 -2.403160e-02 
 2.865000e+04  1.854676e+03 -3.996159e-02  3.631092e-02 -2.406189e-02 
 2.870000e+04  1.866250e+03 -4.001330e-02  3.635440e-02 -2.409200e-02 
 2.875000e+04  1.877824e+03 -4.006478e-02  3.639761e-02 -2.412195e-02 
 2.880000e+04  1.889398e+03 -4.011600e-02  3.644055e-02 -2.415176e-02 
 2.885000e+04  1.900973e+03 -4.016697e-02  3.648321e-02 -2.418143e-02 
 2.890000e+04  1.912547e+03 -4.021773e-02  3.652562e-02 -2.421094e-02 
 2.895000e+04  1.924121e+03 -4.026826e-02  3.656778e-02 -2.424031e-02 
 2.900000e+04  1.935695e+03 -4.031855e-02  3.660969e-02 -2.426954e-02 
 2.905000e+04  1.947269e+03 -4.036857e-02  3.665135e-02 -2.429863e-02 
 2.910000e+04  1.958843e+03 -4.041830e-02  3.669279e-02 -2.432757e-02 
 2.915000e+04  1.970417e+03 -4.046774e-02  3.673402e-02 -2.435637e-02 
 2.920000e+04  1.981991e+03 -4.051690e-02  3.677508e-02 -2.438504e-02 
 2.925000e+04  1.993565e+03 -4.056578e-02  3.681598e-02 -2.441357e-02 
 2.930000e+04  2.005139e+03 -4.061441e-02  3.685671e-02 -2.444194e-02 
 2.935000e+04  2.016713e+03 -4.066284e-02  3.689724e-02 -2.447015e-02 
 2.940000e+04  2.028287e+03 -4.071105e-02  3.693758e-02 -2.449824e-02 
 2.945000e+04  2.039861e+03 -4.075903e-02  3.697773e-02 -2.452618e-02 
 2.950000e+04  2.051435e+03 -4.080674e-02  3.701767e-02 -2.455399e-02 
 2.955000e+04  2.063010e+03 -4.085422e-02  3.705742e-02 -2.458167e-02 
 2.960000e+04  2.074584e+03 -4.090147e-02  3.709699e-02 -2.460925e-02 
 2.965000e+04  2.086158e+03 -4.094851e-02  3.713640e-02 -2.463669e-02 
 2.970000e+04  2.097732e+03 -4.099535e-02  3.717564e-02 -2.466400e-02 
 2.975000e+04  2.109306e+03 -4.104201e-02  3.721472e-02 -2.469120e-02 
 2.980000e+04  2.120880e+03 -4.108847e-02  3.725360e-02 -2.471829e-02 
 2.985000e+04  2.132454e+03 -4.113475e-02  3.729228e-02 -2.474527e-02 
 2.990000e+04  2.144028e+03 -4.118082e-02  3.733078e-02 -2.477214e-02 
 2.995000e+04  2.155602e+03 -4.122666e-02  3.736911e-02 -2.479887e-02 
 3.000000e+04  2.167176e+03 -4.127229e-02  3.740726e-02 -2.482549e-02 
 3.005000e+04  2.178750e+03 -4.131772e-02  3.744527e-02 -2.485199e-02 
 3.010000e+04  2.190324e+03 -4.136292e-02  3.748313e-02 -2.487837e-02 
 3.015000e+04  2.201898e+03 -4.140790e-02  3.752087e-02 -2.490464e-02 
 3.020000e+04  2.213473e+03 -4.145268e-02  3.755848e-02 -2.493081e-02 
 3.025000e+04  2.225047e+03 -4.149723e-02  3.759597e-02 -2.495687e-02 
 3.030000e+04  2.236621e+03 -4.154157e-02  3.763332e-02 -2.498281e-02 
 3.035000e+04  2.248195e+03 -4.158567e-02  3.767054e-02 -2.500865e-02 
 3.040000e+04  2.259769e+03 -4.162953e-02  3.770763e-02 -2.503437e-02 
 3.045000e+04  2.271343e+03 -4.167318e-02  3.774457e-02 -2.505998e-02 
 3.050000e+04  2.282917e+03 -4.171664e-02  3.778137e-02 -2.508550e-02 
 3.055000e+04  2.294491e+03 -4.175991e-02  3.781807e-02 -2.511090e-02 
 3.060000e+04  2.306065e+03 -4.180301e-02  3.785466e-02 -2.513621e-02 
 3.065000e+04  2.317639e+03 -4.184595e-02  3.789110e-02 -2.516141e-02 
 3.070000e+04  2.329213e+03 -4.188874e-02  3.792737e-02 -2.518653e-02 
 3.075000e+04  2.340787e+03 -4.193136e-02  3.796349e-02 -2.521155e-02 
 3.080000e+04  2.352361e+03 -4.197381e-02  3.799946e-02 -2.523646e-02 
 3.085000e+04  2.363935e+03 -4.201606e-02  3.803529e-02 -2.526126e-02 
 3.090000e+04  2.375510e+03 -4.205813e-02  3.807101e-02 -2.528597e-02 
 3.095000e+04  2.387084e+03 -4.210001e-02  3.810659e-02 -2.531058e-02 
 3.100000e+04  2.398658e+03 -4.214171e-02  3.814204e-02 -2.533509e-02 
 3.105000e+04  2.410232e+03 -4.218325e-02  3.817736e-02 -2.535952e-02 
 3.110000e+04  2.421806e+03 -4.222463e-02  3.821256e-02 -2.538385e-02 
 3.115000e+04  2.433380e+03 -4.226582e-02  3.824762e-02 -2.540809e-02 
 3.120000e+04  2.444954e+03 -4.230682e-02  3.828256e-02 -2.543223e-02 
 3.125000e+04  2.456528e+03 -4.234762e-02  3.831736e-02 -2.545629e-02 
 3.130000e+04  2.468102e+03 -4.238819e-02  3.835204e-02 -2.548025e-02 
 3.135000e+04  2.479676e+03 -4.242857e-02  3.838658e-02 -2.550412e-02 
 3.140000e+04  2.491250e+03 -4.246878e-02  3.842101e-02 -2.552791e-02 
 3.145000e+04  2.502824e+03 -4.250881e-02  3.845531e-02 -2.555161e-02 
 3.150000e+04  2.514398e+03 -4.254866e-02  3.848946e-02 -2.557522e-02 
 3.155000e+04  2.525973e+03 -4.258833e-02  3.852347e-02 -2.559874e-02 
 3.160000e+04  2.537547e+03 -4.262784e-02  3.855732e-02 -2.562217e-02 
 3.165000e+04  2.549121e+03 -4.266719e-02  3.859102e-02 -2.564550e-02 
 3.170000e+04  2.560695e+03 -4.270640e-02  3.862458e-02 -2.566876e-02 
 3.175000e+04  2.572269e+03 -4.274544e-02  3.865799e-02 -2.569193e-02 
 3.180000e+04  2.583843e+03 -4.278432e-02  3.869128e-02 -2.571503e-02 
 3.185000e+04  2.595417e+03 -4.282305e-02  3.872445e-02 -2.573806e-02 
 3.190000e+04  2.606991e+03 -4.286165e-02  3.875749e-02 -2.576100e-02 
 3.195000e+04  2.618565e+03 -4.290011e-02  3.879042e-02 -2.578387e-02 
 3.200000e+04  2.630139e+03 -4.293843e-02  3.882322e-02 -2.580667e-02 
 3.205000e+04  2.641713e+03 -4.297659e-02  3.885590e-02 -2.582939e-02 
 3.210000e+04  2.653287e+03 -4.301460e-02  3.888844e-02 -2.585203e-02 
 3.215000e+04  2.664861e+03 -4.305246e-02  3.892086e-02 -2.587460e-02 
 3.220000e+04  2.676435e+03 -4.309015e-02  3.895317e-02 -2.589709e-02 
 3.225000e+04  2.688010e+03 -4.312768e-02  3.898537e-02 -2.591951e-02 
 3.230000e+04  2.699584e+03 -4.316503e-02  3.901746e-02 -2.594185e-02 
 3.235000e+04  2.711158e+03 -4.320225e-02  3.904943e-02 -2.596412e-02 
 3.240000e+04  2.722732e+03 -4.323930e-02  3.908128e-02 -2.598631e-02 
 3.245000e+04  2.734306e+03 -4.327620e-02  3.911302e-02 -2.600842e-02 
 3.250000e+04  2.745880e+03 -4.331295e-02  3.914463e-02 -2.603047e-02 
 3.255000e+04  2.757454e+03 -4.334955e-02  3.917612e-02 -2.605245e-02 
 3.260000e+04  2.769028e+03 -4.338603e-02  3.920748e-02 -2.607437e-02 
 3.265000e+04  2.780602e+03 -4.342238e-02  3.923873e-02 -2.609623e-02 
 3.270000e+04  2.792176e+03 -4.345861e-02  3.926986e-02 -2.611802e-02 
 3.275000e+04  2.803750e+03 -4.349471e-02  3.930087e-02 -2.613973e-02 
 3.280000e+04  2.815324e+03 -4.353069e-02  3.933176e-02 -2.616140e-02 
 3.285000e+04  2.826898e+03 -4.356656e-02  3.936253e-02 -2.618300e-02 
 3.290000e+04  2.838473e+03 -4.360231e-02  3.939316e-02 -2.620455e-02 
 3.295000e+04  2.850047e+03 -4.363794e-02  3.942369e-02 -2.622603e-02 
 3.300000e+04  2.861621e+03 -4.367347e-02  3.945409e-02 -2.624745e-02 
 3.305000e+04  2.873195e+03 -4.370890e-02  3.948440e-02 -2.626881e-02 
 3.310000e+04  2.884769e+03 -4.374421e-02  3.951459e-02 -2.629012e-02 
 3.315000e+04  2.896343e+03 -4.377942e-02  3.954467e-02 -2.631137e-02 
 3.320000e+04  2.907917e+03 -4.381451e-02  3.957467e-02 -2.633258e-02 
 3.325000e+04  2.919491e+03 -4.384951e-02  3.960459e-02 -2.635372e-02 
 3.330000e+04  2.931065e+03 -4.388440e-02  3.963443e-02 -2.637480e-02 
 3.335000e+04  2.942639e+03 -4.391916e-02  3.966419e-02 -2.639583e-02 
 3.340000e+04  2.954213e+03 -4.395380e-02  3.969387e-02 -2.641680e-02 
 3.345000e+04  2.965787e+03 -4.398833e-02  3.972347e-02 -2.643773e-02 
 3.350000e+04  2.977361e+03 -4.402277e-02  3.975301e-02 -2.645861e-02 
 3.355000e+04  2.988935e+03 -4.405712e-02  3.978249e-02 -2.647943e-02 
 3.360000e+04  3.000510e+03 -4.409139e-02  3.981189e-02 -2.650018e-02 
 3.365000e+04  3.012084e+03 -4.412555e-02  3.984120e-02 -2.652088e-02 
 3.370000e+04  3.023658e+03 -4.415961e-02  3.987043e-02 -2.654153e-02 
 3.375000e+04  3.035232e+03 -4.419357e-02  3.989956e-02 -2.656212e-02 
 3.380000e+04  3.046806e+03 -4.422745e-02  3.992862e-02 -2.658265e-02 
 3.385000e+04  3.058380e+03 -4.426125e-02  3.995760e-02 -2.660313e-02 
 3.390000e+04  3.069954e+03 -4.429497e-02  3.998650e-02 -2.662355e-02 
 3.395000e+04  3.081528e+03 -4.432861e-02  4.001532e-02 -2.664392e-02 
 3.400000e+04  3.093102e+03 -4.436216e-02  4.004405e-02 -2.666423e-02 
 3.405000e+04  3.104676e+03 -4.439562e-02  4.007270e-02 -2.668448e-02 
 3.410000e+04  3.116250e+03 -4.442898e-02  4.010128e-02 -2.670468e-02 
 3.415000e+04  3.127824e+03 -4.446225e-02  4.012978e-02 -2.672482e-02 
 3.420000e+04  3.139398e+03 -4.449542e-02  4.015820e-02 -2.674490e-02 
 3.425000e+04  3.150973e+03 -4.452850e-02  4.018656e-02 -2.676492e-02 
 3.430000e+04  3.162547e+03 -4.456150e-02  4.021487e-02 -2.678489e-02 
 3.435000e+04  3.174121e+03 -4.459442e-02  4.024311e-02 -2.680479e-02 
 3.440000e+04  3.185695e+03 -4.462724e-02  4.027130e-02 -2.682464e-02 
 3.445000e+04  3.197269e+03 -4.465998e-02  4.029941e-02 -2.684444e-02 
 3.450000e+04  3.208843e+03 -4.469265e-02  4.032745e-02 -2.686419e-02 
 3.455000e+04  3.220417e+03 -4.472524e-02  4.035543e-02 -2.688388e-02 
 3.460000e+04  3.231991e+03 -4.475778e-02  4.038336e-02 -2.690353e-02 
 3.465000e+04  3.243565e+03 -4.479026e-02  4.041123e-02 -2.692312e-02 
 3.470000e+04  3.255139e+03 -4.482270e-02  4.043904e-02 -2.694266e-02 
 3.475000e+04  3.266713e+03 -4.485509e-02  4.046681e-02 -2.696217e-02 
 3.480000e+04  3.278287e+03 -4.488743e-02  4.049453e-02 -2.698162e-02 
 3.485000e+04  3.289861e+03 -4.491971e-02  4.052220e-02 -2.700104e-02 
 3.490000e+04  3.301435e+03 -4.495196e-02  4.054983e-02 -2.702041e-02 
 3.495000e+04  3.313010e+03 -4.498417e-02  4.057740e-02 -2.703973e-02 
 3.500000e+04  3.324584e+03 -4.501632e-02  4.060492e-02 -2.705901e-02 
 3.505000e+04  3.336158e+03 -4.504842e-02  4.063237e-02 -2.707825e-02 
 3.510000e+04  3.347732e+03 -4.508047e-02  4.065976e-02 -2.709744e-02 
 3.515000e+04  3.359306e+03 -4.511245e-02  4.068712e-02 -2.711659e-02 
 3.520000e+04  3.370880e+03 -4.514436e-02  4.071443e-02 -2.713569e-02 
 3.525000e+04  3.382454e+03 -4.517620e-02  4.074171e-02 -2.715476e-02 
 3.530000e+04  3.394028e+03 -4.520796e-02  4.076896e-02 -2.717379e-02 
 3.535000e+04  3.405602e+03 -4.523963e-02  4.079618e-02 -2.719277e-02 
 3.540000e+04  3.417176e+03 -4.527125e-02  4.082336e-02 -2.721173e-02 
 3.545000e+04  3.428750e+03 -4.530278e-02  4.085050e-02 -2.723065e-02 
 3.550000e+04  3.440324e+03 -4.533425e-02  4.087761e-02 -2.724954e-02 
 3.555000e+04  3.451898e+03 -4.536566e-02  4.090467e-02 -2.726839e-02 
 3.560000e+04  3.463473e+03 -4.539699e-02  4.093167e-02 -2.728721e-02 
 3.565000e+04  3.475047e+03 -4.542825e-02  4.095863e-02 -2.730599e-02 
 3.570000e+04  3.486621e+03 -4.545943e-02  4.098555e-02 -2.732474e-02 
 3.575000e+04  3.498195e+03 -4.549057e-02  4.101241e-02 -2.734345e-02 
 3.580000e+04  3.509769e+03 -4.552166e-02  4.103924e-02 -2.736212e-02 
 3.585000e+04  3.521343e+03 -4.555271e-02  4.106601e-02 -2.738076e-02 
 3.590000e+04  3.532917e+03 -4.558370e-02  4.109272e-02 -2.739937e-02 
 3.595000e+04  3.544491e+03 -4.561464e-02  4.111935e-02 -2.741796e-02 
 3.600000e+04  3.556065e+03 -4.564552e-02  4.114592e-02 -2.743651e-02 
 3.605000e+04  3.567639e+03 -4.567634e-02  4.117243e-02 -2.745504e-02 
 3.610000e+04  3.579213e+03 -4.570711e-02  4.119887e-02 -2.747353e-02 
 3.615000e+04  3.590787e+03 -4.573782e-02  4.122527e-02 -2.749198e-02 
 3.620000e+04  3.602361e+03 -4.576848e-02  4.125162e-02 -2.751041e-02 
 3.625000e+04  3.613935e+03 -4.579908e-02  4.127792e-02 -2.752868e-02 
 3.630000e+04  3.625510e+03 -4.582961e-02  4.130411e-02 -2.754682e-02 
 3.635000e+04  3.637084e+03 -4.586009e-02  4.133003e-02 -2.756492e-02 
 3.640000e+04  3.648658e+03 -4.589036e-02  4.135588e-02 -2.758313e-02 
 3.645000e+04  3.660232e+03 -4.592061e-02  4.138177e-02 -2.760143e-02 
 3.650000e+04  3.671806e+03 -4.595084e-02  4.140776e-02 -2.761976e-02 
 3.655000e+04  3.683380e+03 -4.598109e-02  4.143382e-02 -2.763798e-02 
 3.660000e+04  3.694954e+03 -4.601133e-02  4.145984e-02 -2.765614e-02 
 3.665000e+04  3.706528e+03 -4.604145e-02  4.148584e-02 -2.767423e-02 
 3.670000e+04  3.718102e+03 -4.607139e-02  4.151177e-02 -2.769230e-02 
 3.675000e+04  3.729676e+03 -4.610122e-02  4.153754e-02 -2.771035e-02 
 3.680000e+04  3.741250e+03 -4.613102e-02  4.156314e-02 -2.772838e-02 
 3.685000e+04  3.752824e+03 -4.616082e-02  4.158861e-02 -2.774638e-02 
 3.690000e+04  3.764398e+03 -4.619062e-02  4.161407e-02 -2.776435e-02 
 3.695000e+04  3.775973e+03 -4.622039e-02  4.163953e-02 -2.778230e-02 
 3.700000e+04  3.787547e+03 -4.625010e-02  4.166495e-02 -2.780022e-02 
 3.705000e+04  3.799121e+03 -4.627978e-02  4.169028e-02 -2.781813e-02 
 3.710000e+04  3.810695e+03 -4.630945e-02  4.171553e-02 -2.783600e-02 
 3.715000e+04  3.822269e+03 -4.633910e-02  4.174070e-02 -2.785371e-02 
 3.720000e+04  3.833843e+03 -4.636864e-02  4.176573e-02 -2.787136e-02 
 3.725000e+04  3.845417e+03 -4.639802e-02  4.179058e-02 -2.788911e-02 
 3.730000e+04  3.856991e+03 -4.642738e-02  4.181539e-02 -2.790697e-02 
 3.735000e+04  3.868565e+03 -4.645679e-02  4.184020e-02 -2.792491e-02 
 3.740000e+04  3.880139e+03 -4.648632e-02  4.186505e-02 -2.794279e-02 
 3.745000e+04  3.891713e+03 -4.651586e-02  4.188993e-02 -2.796047e-02 
 3.750000e+04  3.903287e+03 -4.654531e-02  4.191472e-02 -2.797805e-02 
 3.755000e+04  3.914861e+03 -4.657442e-02  4.193950e-02 -2.799560e-02 
 3.760000e+04  3.926435e+03 -4.660339e-02  4.196422e-02 -2.801321e-02 
 3.765000e+04  3.938010e+03 -4.663242e-02  4.198882e-02 -2.803089e-02 
 3.770000e+04  3.949584e+03 -4.666151e-02  4.201337e-02 -2.804858e-02 
 3.775000e+04  3.961158e+03 -4.669070e-02  4.203791e-02 -2.806617e-02 
 3.780000e+04  3.972732e+03 -4.671985e-02  4.206246e-02 -2.808368e-02 
 3.785000e+04  3.984306e+03 -4.674872e-02  4.208700e-02 -2.810113e-02 
 3.790000e+04  3.995880e+03 -4.677753e-02  4.211145e-02 -2.811848e-02 
 3.795000e+04  4.007454e+03 -4.680631e-02  4.213583e-02 -2.813588e-02 
 3.800000e+04  4.019028e+03 -4.683504e-02  4.216017e-02 -2.815332e-02 
 3.805000e+04  4.030602e+03 -4.686374e-02  4.218446e-02 -2.817073e-02 
 3.810000e+04  4.042176e+03 -4.689238e-02  4.220877e-02 -2.818814e-02 
 3.815000e+04  4.053750e+03 -4.692107e-02  4.223310e-02 -2.820555e-02 
 3.820000e+04  4.065324e+03 -4.694980e-02  4.225737e-02 -2.822292e-02 
 3.825000e+04  4.076898e+03 -4.697847e-02  4.228154e-02 -2.824023e-02 
 3.830000e+04  4.088473e+03 -4.700707e-02  4.230568e-02 -2.825752e-02 
 3.835000e+04  4.100047e+03 -4.703566e-02  4.232980e-02 -2.827485e-02 
 3.840000e+04  4.111621e+03 -4.706402e-02  4.235392e-02 -2.829222e-02 
 3.845000e+04  4.123195e+03 -4.709231e-02  4.237803e-02 -2.830953e-02 
 3.850000e+04  4.134769e+03 -4.712070e-02  4.240215e-02 -2.832676e-02 
 3.855000e+04  4.146343e+03 -4.714898e-02  4.242632e-02 -2.834404e-02 
 3.860000e+04  4.157917e+03 -4.717705e-02  4.245044e-02 -2.836120e-02 
 3.865000e+04  4.169491e+03 -4.720494e-02  4.247449e-02 -2.837829e-02 
 3.870000e+04  4.181065e+03 -4.723276e-02  4.249850e-02 -2.839538e-02 
 3.875000e+04  4.192639e+03 -4.726067e-02  4.252254e-02 -2.841250e-02 
 3.880000e+04  4.204213e+03 -4.728868e-02  4.254661e-02 -2.842964e-02 
 3.885000e+04  4.215787e+03 -4.731681e-02  4.257074e-02 -2.844681e-02 
 3.890000e+04  4.227361e+03 -4.734490e-02  4.259495e-02 -2.846392e-02 
 3.895000e+04  4.238935e+03 -4.737291e-02  4.261916e-02 -2.848100e-02 
 3.900000e+04  4.250510e+03 -4.740080e-02  4.264331e-02 -2.849796e-02 
 3.905000e+04  4.262084e+03 -4.742855e-02  4.266729e-02 -2.851488e-02 
 3.910000e+04  4.273658e+03 -4.745642e-02  4.269117e-02 -2.853181e-02 
 3.915000e+04  4.285232e+03 -4.748429e-02  4.271497e-02 -2.854886e-02 
 3.920000e+04  4.296806e+03 -4.751223e-02  4.273874e-02 -2.856592e-02 
 3.925000e+04  4.308380e+03 -4.754009e-02  4.276251e-02 -2.858304e-02 
 3.930000e+04  4.319954e+03 -4.756795e-02  4.278637e-02 -2.860015e-02 
 3.935000e+04  4.331528e+03 -4.759588e-02  4.281032e-02 -2.861722e-02 
 3.940000e+04  4.343102e+03 -4.762384e-02  4.283428e-02 -2.863422e-02 
 3.945000e+04  4.354676e+03 -4.765177e-02  4.285824e-02 -2.865116e-02 
 3.950000e+04  4.366250e+03 -4.767957e-02  4.288215e-02 -2.866811e-02 
 3.955000e+04  4.377824e+03 -4.770711e-02  4.290603e-02 -2.868493e-02 
 3.960000e+04  4.389398e+03 -4.773445e-02  4.292987e-02 -2.870169e-02 
 3.965000e+04  4.400973e+03 -4.776184e-02  4.295372e-02 -2.871851e-02 
 3.970000e+04  4.412547e+03 -4.778934e-02  4.297756e-02 -2.873532e-02 
 3.975000e+04  4.424121e+03 -4.781693e-02  4.300141e-02 -2.875216e-02 
 3.980000e+04  4.435695e+03 -4.784437e-02  4.302531e-02 -2.876907e-02 
 3.985000e+04  4.447269e+03 -4.787160e-02  4.304931e-02 -2.878600e-02 
 3.990000e+04  4.458843e+03 -4.789873e-02  4.307338e-02 -2.880288e-02 
 3.995000e+04  4.470417e+03 -4.792586e-02  4.309748e-02 -2.881968e-02 
 4.000000e+04  4.481991e+03 -4.795299e-02  4.312154e-02 -2.883640e-02 
 4.005000e+04  4.493565e+03 -4.798011e-02  4.314555e-02 -2.885317e-02 
 4.010000e+04  4.505139e+03 -4.800730e-02  4.316949e-02 -2.886996e-02 
 4.015000e+04  4.516713e+03 -4.803448e-02  4.319333e-02 -2.888667e-02 
 4.020000e+04  4.528287e+03 -4.806157e-02  4.321708e-02 -2.890334e-02 
 4.025000e+04  4.539861e+03 -4.808867e-02  4.324077e-02 -2.891990e-02 
 4.030000e+04  4.551435e+03 -4.811563e-02  4.326445e-02 -2.893639e-02 
 4.035000e+04  4.563010e+03 -4.814245e-02  4.328811e-02 -2.895288e-02 
 4.040000e+04  4.574584e+03 -4.816916e-02  4.331174e-02 -2.896946e-02 
 4.045000e+04  4.586158e+03 -4.819590e-02  4.333541e-02 -2.898614e-02 
 4.050000e+04  4.597732e+03 -4.822270e-02  4.335908e-02 -2.900283e-02 
 4.055000e+04  4.609306e+03 -4.824952e-02  4.338279e-02 -2.901955e-02 
 4.060000e+04  4.620880e+03 -4.827638e-02  4.340660e-02 -2.903621e-02 
 4.065000e+04  4.632454e+03 -4.830321e-02  4.343040e-02 -2.905276e-02 
 4.070000e+04  4.644028e+03 -4.832984e-02  4.345416e-02 -2.906912e-02 
 4.075000e+04  4.655602e+03 -4.835633e-02  4.347778e-02 -2.908546e-02 
 4.080000e+04  4.667176e+03 -4.838270e-02  4.350119e-02 -2.910190e-02 
 4.085000e+04  4.678750e+03 -4.840895e-02  4.352457e-02 -2.911846e-02 
 4.090000e+04  4.690324e+03 -4.843519e-02  4.354793e-02 -2.913498e-02 
 4.095000e+04  4.701898e+03 -4.846152e-02  4.357129e-02 -2.915140e-02 
 4.100000e+04  4.713473e+03 -4.848786e-02  4.359460e-02 -2.916770e-02 
 4.105000e+04  4.725047e+03 -4.851410e-02  4.361798e-02 -2.918395e-02 
 4.110000e+04  4.736621e+03 -4.854041e-02  4.364138e-02 -2.920020e-02 
 4.115000e+04  4.748195e+03 -4.856681e-02  4.366470e-02 -2.921649e-02 
 4.120000e+04  4.759769e+03 -4.859323e-02  4.368793e-02 -2.923274e-02 
 4.125000e+04  4.771343e+03 -4.861960e-02  4.371110e-02 -2.924898e-02 
 4.130000e+04  4.782917e+03 -4.864592e-02  4.373426e-02 -2.926529e-02 
 4.135000e+04  4.794491e+03 -4.867205e-02  4.375743e-02 -2.928158e-02 
 4.140000e+04  4.806065e+03 -4.869813e-02  4.378045e-02 -2.929782e-02 
 4.145000e+04  4.817639e+03 -4.872426e-02  4.380338e-02 -2.931404e-02 
 4.150000e+04  4.829213e+03 -4.875028e-02  4.382627e-02 -2.933016e-02 
 4.155000e+04  4.840787e+03 -4.877630e-02  4.384918e-02 -2.934622e-02 
 4.160000e+04  4.852361e+03 -4.880226e-02  4.387213e-02 -2.936234e-02 
 4.165000e+04  4.863935e+03 -4.882817e-02  4.389506e-02 -2.937841e-02 
 4.170000e+04  4.875510e+03 -4.885399e-02  4.391803e-02 -2.939454e-02 
 4.175000e+04  4.887084e+03 -4.887980e-02  4.394082e-02 -2.941059e-02 
 4.180000e+04  4.898658e+03 -4.890530e-02  4.396346e-02 -2.942655e-02 
 4.185000e+04  4.910232e+03 -4.893065e-02  4.398612e-02 -2.944238e-02 
 4.190000e+04  4.921806e+03 -4.895602e-02  4.400886e-02 -2.945830e-02 
 4.195000e+04  4.933380e+03 -4.898153e-02  4.403168e-02 -2.947435e-02 
 4.200000e+04  4.944954e+03 -4.900718e-02  4.405449e-02 -2.949040e-02 
 4.205000e+04  4.956528e+03 -4.903296e-02  4.407733e-02 -2.950646e-02 
 4.210000e+04  4.968102e+03 -4.905880e-02  4.410023e-02 -2.952249e-02 
 4.215000e+04  4.979676e+03 -4.908452e-02  4.412303e-02 -2.953842e-02 
 4.220000e+04  4.991250e+03 -4.911009e-02  4.414563e-02 -2.955430e-02 
 4.225000e+04  5.002824e+03 -4.913570e-02  4.416800e-02 -2.957022e-02 
 4.230000e+04  5.014398e+03 -4.916139e-02  4.419025e-02 -2.958617e-02 
 4.235000e+04  5.025973e+03 -4.918703e-02  4.421245e-02 -2.960207e-02 
 4.240000e+04  5.037547e+03 -4.921266e-02  4.423471e-02 -2.961794e-02 
 4.245000e+04  5.049121e+03 -4.923831e-02  4.425709e-02 -2.963376e-02 
 4.250000e+04  5.060695e+03 -4.926395e-02  4.427948e-02 -2.964954e-02 
 4.255000e+04  5.072269e+03 -4.928957e-02  4.430170e-02 -2.966531e-02 
 4.260000e+04  5.083843e+03 -4.931503e-02  4.432396e-02 -2.968111e-02 
 4.265000e+04  5.095417e+03 -4.934045e-02  4.434635e-02 -2.969688e-02 
 4.270000e+04  5.106991e+03 -4.936561e-02  4.436880e-02 -2.971263e-02 
 4.275000e+04  5.118565e+03 -4.939049e-02  4.439136e-02 -2.972831e-02 
 4.280000e+04  5.130139e+03 -4.941525e-02  4.441391e-02 -2.974398e-02 
 4.285000e+04  5.141713e+03 -4.944009e-02  4.443645e-02 -2.975956e-02 
 4.290000e+04  5.153287e+03 -4.946499e-02  4.445905e-02 -2.977501e-02 
 4.295000e+04  5.164861e+03 -4.948993e-02  4.448169e-02 -2.979054e-02 
 4.300000e+04  5.176435e+03 -4.951474e-02  4.450430e-02 -2.980608e-02 
 4.305000e+04  5.188010e+03 -4.953929e-02  4.452690e-02 -2.982151e-02 
 4.310000e+04  5.199584e+03 -4.956395e-02  4.454948e-02 -2.983695e-02 
 4.315000e+04  5.211158e+03 -4.958849e-02  4.457203e-02 -2.985242e-02 
 4.320000e+04  5.222732e+03 -4.961308e-02  4.459449e-02 -2.986790e-02 
 4.325000e+04  5.234306e+03 -4.963767e-02  4.461689e-02 -2.988342e-02 
 4.330000e+04  5.245880e+03 -4.966243e-02  4.463931e-02 -2.989897e-02 
 4.335000e+04  5.257454e+03 -4.968722e-02  4.466171e-02 -2.991448e-02 
 4.340000e+04  5.269028e+03 -4.971205e-02  4.468407e-02 -2.992990e-02 
 4.345000e+04  5.280602e+03 -4.973696e-02  4.470636e-02 -2.994528e-02 
 4.350000e+04  5.292176e+03 -4.976188e-02  4.472859e-02 -2.996064e-02 
