         Step [creep.tim... Z Displace... Z Displace... X Displace... 
------------- ------------- ------------- ------------- ------------- 
 5.250000e+03  1.276223e-07 -4.629353e-03  4.524540e-03 -2.433365e-03 
 5.300000e+03  3.886505e-06 -4.629552e-03  4.524644e-03 -2.433568e-03 
 5.350000e+03  2.978925e-05 -4.630441e-03  4.524810e-03 -2.434194e-03 
 5.400000e+03  1.829127e-04 -4.630912e-03  4.525036e-03 -2.434336e-03 
 5.450000e+03  7.272504e-04 -4.631938e-03  4.526408e-03 -2.435784e-03 
 5.500000e+03  1.347442e-03 -4.635194e-03  4.529517e-03 -2.438836e-03 
 5.550000e+03  1.967634e-03 -4.640430e-03  4.534589e-03 -2.443163e-03 
 5.600000e+03  2.818319e-03 -4.648736e-03  4.543719e-03 -2.449500e-03 
 5.650000e+03  4.096718e-03 -4.660355e-03  4.557246e-03 -2.457946e-03 
 5.700000e+03  5.436482e-03 -4.669776e-03  4.567931e-03 -2.463947e-03 
 5.750000e+03  7.000690e-03 -4.677974e-03  4.575738e-03 -2.468587e-03 
 5.800000e+03  8.567884e-03 -4.686057e-03  4.582848e-03 -2.473849e-03 
 5.850000e+03  1.013508e-02 -4.695491e-03  4.591786e-03 -2.481163e-03 
 5.900000e+03  1.170227e-02 -4.706356e-03  4.603135e-03 -2.490414e-03 
 5.950000e+03  1.335048e-02 -4.718663e-03  4.616983e-03 -2.501435e-03 
 6.000000e+03  1.562477e-02 -4.735212e-03  4.635298e-03 -2.515549e-03 
 6.050000e+03  1.794023e-02 -4.750393e-03  4.650223e-03 -2.526182e-03 
 6.100000e+03  2.042391e-02 -4.764723e-03  4.663052e-03 -2.534000e-03 
 6.150000e+03  2.297670e-02 -4.778796e-03  4.676182e-03 -2.541591e-03 
 6.200000e+03  2.552950e-02 -4.793398e-03  4.690835e-03 -2.550764e-03 
 6.250000e+03  2.808229e-02 -4.809147e-03  4.707546e-03 -2.562398e-03 
 6.300000e+03  3.067467e-02 -4.826097e-03  4.725781e-03 -2.576493e-03 
 6.350000e+03  3.412393e-02 -4.847731e-03  4.748000e-03 -2.595550e-03 
 6.400000e+03  3.771597e-02 -4.866710e-03  4.766835e-03 -2.611420e-03 
 6.450000e+03  4.142655e-02 -4.884117e-03  4.784640e-03 -2.624240e-03 
 6.500000e+03  4.519818e-02 -4.901985e-03  4.802942e-03 -2.635719e-03 
 6.550000e+03  4.896982e-02 -4.920773e-03  4.822410e-03 -2.647764e-03 
 6.600000e+03  5.274146e-02 -4.941219e-03  4.843740e-03 -2.661477e-03 
 6.650000e+03  5.657159e-02 -4.963381e-03  4.867207e-03 -2.677275e-03 
 6.700000e+03  6.113421e-02 -4.988245e-03  4.893552e-03 -2.696626e-03 
 6.750000e+03  6.578811e-02 -5.009097e-03  4.914806e-03 -2.714067e-03 
 6.800000e+03  7.142231e-02 -5.032112e-03  4.937767e-03 -2.733037e-03 
 6.850000e+03  7.727336e-02 -5.056418e-03  4.962016e-03 -2.751339e-03 
 6.900000e+03  8.312441e-02 -5.081430e-03  4.987352e-03 -2.769298e-03 
 6.950000e+03  8.897546e-02 -5.107701e-03  5.014328e-03 -2.787686e-03 
 7.000000e+03  9.517098e-02 -5.137381e-03  5.044871e-03 -2.807835e-03 
 7.050000e+03  1.022830e-01 -5.171018e-03  5.078691e-03 -2.829903e-03 
 7.100000e+03  1.093950e-01 -5.199880e-03  5.106911e-03 -2.849776e-03 
 7.150000e+03  1.169418e-01 -5.227313e-03  5.134345e-03 -2.870409e-03 
 7.200000e+03  1.247828e-01 -5.255087e-03  5.162576e-03 -2.892114e-03 
 7.250000e+03  1.326238e-01 -5.282866e-03  5.191116e-03 -2.913829e-03 
 7.300000e+03  1.405443e-01 -5.311780e-03  5.220629e-03 -2.935914e-03 
 7.350000e+03  1.499666e-01 -5.347754e-03  5.256775e-03 -2.961736e-03 
 7.400000e+03  1.594973e-01 -5.383638e-03  5.291789e-03 -2.985306e-03 
 7.450000e+03  1.690662e-01 -5.415939e-03  5.323759e-03 -3.006382e-03 
 7.500000e+03  1.790735e-01 -5.448048e-03  5.356026e-03 -3.028261e-03 
 7.550000e+03  1.890807e-01 -5.479569e-03  5.388014e-03 -3.050702e-03 
 7.600000e+03  1.990880e-01 -5.510353e-03  5.419747e-03 -3.073869e-03 
 7.650000e+03  2.097823e-01 -5.542889e-03  5.453059e-03 -3.099273e-03 
 7.700000e+03  2.225544e-01 -5.581471e-03  5.492040e-03 -3.129051e-03 
 7.750000e+03  2.353265e-01 -5.618495e-03  5.528605e-03 -3.155761e-03 
 7.800000e+03  2.480986e-01 -5.654162e-03  5.563665e-03 -3.179781e-03 
 7.850000e+03  2.608707e-01 -5.689595e-03  5.598579e-03 -3.203129e-03 
 7.900000e+03  2.736428e-01 -5.724933e-03  5.633540e-03 -3.226610e-03 
 7.950000e+03  2.864149e-01 -5.759489e-03  5.668217e-03 -3.250658e-03 
 8.000000e+03  2.993933e-01 -5.793244e-03  5.702392e-03 -3.275631e-03 
 8.050000e+03  3.144046e-01 -5.830289e-03  5.739728e-03 -3.304339e-03 
 8.100000e+03  3.299292e-01 -5.866742e-03  5.776474e-03 -3.332214e-03 
 8.150000e+03  3.454538e-01 -5.902818e-03  5.812551e-03 -3.358201e-03 
 8.200000e+03  3.609784e-01 -5.939267e-03  5.848822e-03 -3.382932e-03 
 8.250000e+03  3.765029e-01 -5.976047e-03  5.885089e-03 -3.407239e-03 
 8.300000e+03  3.920275e-01 -6.012596e-03  5.921082e-03 -3.431437e-03 
 8.350000e+03  4.075521e-01 -6.047691e-03  5.955855e-03 -3.455658e-03 
 8.400000e+03  4.241316e-01 -6.082730e-03  5.990958e-03 -3.481274e-03 
 8.450000e+03  4.419492e-01 -6.118540e-03  6.027401e-03 -3.508458e-03 
 8.500000e+03  4.599208e-01 -6.154257e-03  6.063492e-03 -3.535105e-03 
 8.550000e+03  4.778924e-01 -6.190122e-03  6.099415e-03 -3.560800e-03 
 8.600000e+03  4.967537e-01 -6.228097e-03  6.137315e-03 -3.586908e-03 
 8.650000e+03  5.165674e-01 -6.267989e-03  6.176863e-03 -3.613439e-03 
 8.700000e+03  5.363811e-01 -6.306805e-03  6.214856e-03 -3.639149e-03 
 8.750000e+03  5.561949e-01 -6.344095e-03  6.251079e-03 -3.664514e-03 
 8.800000e+03  5.760086e-01 -6.380053e-03  6.286345e-03 -3.689978e-03 
 8.850000e+03  5.958223e-01 -6.414929e-03  6.320943e-03 -3.715497e-03 
 8.900000e+03  6.158956e-01 -6.449515e-03  6.355389e-03 -3.741034e-03 
 8.950000e+03  6.383082e-01 -6.488167e-03  6.393833e-03 -3.768859e-03 
 9.000000e+03  6.612451e-01 -6.527794e-03  6.433120e-03 -3.796140e-03 
 9.050000e+03  6.841820e-01 -6.566864e-03  6.471563e-03 -3.821929e-03 
 9.100000e+03  7.075088e-01 -6.605815e-03  6.509559e-03 -3.847476e-03 
 9.150000e+03  7.315925e-01 -6.645296e-03  6.547884e-03 -3.873872e-03 
 9.200000e+03  7.556762e-01 -6.683596e-03  6.585282e-03 -3.900498e-03 
 9.250000e+03  7.797599e-01 -6.720308e-03  6.621577e-03 -3.927227e-03 
 9.300000e+03  8.049936e-01 -6.757896e-03  6.659078e-03 -3.954994e-03 
 9.350000e+03  8.315459e-01 -6.797108e-03  6.698420e-03 -3.983361e-03 
 9.400000e+03  8.580982e-01 -6.835922e-03  6.737455e-03 -4.010277e-03 
 9.450000e+03  8.851019e-01 -6.875237e-03  6.776790e-03 -4.036509e-03 
 9.500000e+03  9.129818e-01 -6.915795e-03  6.816972e-03 -4.063181e-03 
 9.550000e+03  9.408617e-01 -6.955686e-03  6.856131e-03 -4.089839e-03 
 9.600000e+03  9.687416e-01 -6.994192e-03  6.893792e-03 -4.116532e-03 
 9.650000e+03  9.972070e-01 -7.032367e-03  6.931007e-03 -4.143801e-03 
 9.700000e+03  1.027330e+00 -7.072050e-03  6.969819e-03 -4.172383e-03 
 9.750000e+03  1.058067e+00 -7.111895e-03  7.009038e-03 -4.200800e-03 
 9.800000e+03  1.088805e+00 -7.151471e-03  7.048094e-03 -4.228106e-03 
 9.850000e+03  1.120834e+00 -7.192778e-03  7.088866e-03 -4.255661e-03 
 9.900000e+03  1.153108e+00 -7.234204e-03  7.129750e-03 -4.282946e-03 
 9.950000e+03  1.185383e+00 -7.274738e-03  7.169513e-03 -4.309861e-03 
 1.000000e+04  1.218206e+00 -7.314898e-03  7.208493e-03 -4.337120e-03 
 1.005000e+04  1.253517e+00 -7.357193e-03  7.249324e-03 -4.366556e-03 
 1.010000e+04  1.289100e+00 -7.398730e-03  7.289664e-03 -4.396093e-03 
 1.015000e+04  1.324682e+00 -7.439439e-03  7.329458e-03 -4.425007e-03 
 1.020000e+04  1.361048e+00 -7.480874e-03  7.370040e-03 -4.453656e-03 
 1.025000e+04  1.398410e+00 -7.523476e-03  7.411911e-03 -4.482282e-03 
 1.030000e+04  1.435771e+00 -7.565488e-03  7.453537e-03 -4.510113e-03 
 1.035000e+04  1.473581e+00 -7.607085e-03  7.494848e-03 -4.537851e-03 
 1.040000e+04  1.512811e+00 -7.649496e-03  7.536801e-03 -4.566660e-03 
 1.045000e+04  1.552041e+00 -7.691083e-03  7.577565e-03 -4.595557e-03 
 1.050000e+04  1.591271e+00 -7.731671e-03  7.617182e-03 -4.624214e-03 
 1.055000e+04  1.632398e+00 -7.773649e-03  7.658105e-03 -4.653757e-03 
 1.060000e+04  1.675648e+00 -7.817704e-03  7.701056e-03 -4.684229e-03 
 1.065000e+04  1.718899e+00 -7.861470e-03  7.743815e-03 -4.713806e-03 
 1.070000e+04  1.762150e+00 -7.904641e-03  7.786105e-03 -4.742515e-03 
 1.075000e+04  1.806439e+00 -7.948402e-03  7.829069e-03 -4.771543e-03 
 1.080000e+04  1.851853e+00 -7.992559e-03  7.872603e-03 -4.801245e-03 
 1.085000e+04  1.897266e+00 -8.035644e-03  7.914927e-03 -4.830812e-03 
 1.090000e+04  1.943826e+00 -8.078920e-03  7.957093e-03 -4.860985e-03 
 1.095000e+04  1.993894e+00 -8.125145e-03  8.001717e-03 -4.893142e-03 
 1.100000e+04  2.043963e+00 -8.170981e-03  8.045898e-03 -4.924666e-03 
 1.105000e+04  2.094031e+00 -8.216237e-03  8.089641e-03 -4.955295e-03 
 1.110000e+04  2.145101e+00 -8.262139e-03  8.134031e-03 -4.985727e-03 
 1.115000e+04  2.197672e+00 -8.309026e-03  8.179516e-03 -5.016696e-03 
 1.120000e+04  2.250244e+00 -8.354887e-03  8.224347e-03 -5.047414e-03 
 1.125000e+04  2.302868e+00 -8.399563e-03  8.268289e-03 -5.077996e-03 
 1.130000e+04  2.359670e+00 -8.447092e-03  8.314967e-03 -5.110937e-03 
 1.135000e+04  2.417630e+00 -8.495093e-03  8.361866e-03 -5.144242e-03 
 1.140000e+04  2.475590e+00 -8.542393e-03  8.407876e-03 -5.176850e-03 
 1.145000e+04  2.534652e+00 -8.590204e-03  8.454222e-03 -5.209275e-03 
 1.150000e+04  2.595510e+00 -8.639360e-03  8.501803e-03 -5.242074e-03 
 1.155000e+04  2.656369e+00 -8.687971e-03  8.548869e-03 -5.274366e-03 
 1.160000e+04  2.717227e+00 -8.735591e-03  8.595143e-03 -5.306265e-03 
 1.165000e+04  2.779242e+00 -8.783236e-03  8.641730e-03 -5.338668e-03 
 1.170000e+04  2.843143e+00 -8.831591e-03  8.689196e-03 -5.371980e-03 
 1.175000e+04  2.907044e+00 -8.879081e-03  8.735706e-03 -5.404872e-03 
 1.180000e+04  2.974118e+00 -8.928484e-03  8.783728e-03 -5.438765e-03 
 1.185000e+04  3.044569e+00 -8.980323e-03  8.833812e-03 -5.473816e-03 
 1.190000e+04  3.115020e+00 -9.031866e-03  8.883322e-03 -5.508177e-03 
 1.195000e+04  3.185471e+00 -9.082637e-03  8.932011e-03 -5.541882e-03 
 1.200000e+04  3.257613e+00 -9.134002e-03  8.981212e-03 -5.576077e-03 
 1.205000e+04  3.331587e+00 -9.185883e-03  9.031170e-03 -5.610976e-03 
 1.210000e+04  3.405561e+00 -9.236595e-03  9.080432e-03 -5.645615e-03 
 1.215000e+04  3.480052e+00 -9.286754e-03  9.129252e-03 -5.680105e-03 
 1.220000e+04  3.560055e+00 -9.340237e-03  9.181290e-03 -5.716720e-03 
 1.225000e+04  3.641611e+00 -9.394386e-03  9.233906e-03 -5.753492e-03 
 1.230000e+04  3.723167e+00 -9.447817e-03  9.285739e-03 -5.789474e-03 
 1.235000e+04  3.806436e+00 -9.501919e-03  9.337927e-03 -5.825523e-03 
 1.240000e+04  3.892069e+00 -9.557144e-03  9.391003e-03 -5.862295e-03 
 1.245000e+04  3.977703e+00 -9.611431e-03  9.443286e-03 -5.898798e-03 
 1.250000e+04  4.063337e+00 -9.664577e-03  9.494603e-03 -5.934976e-03 
 1.255000e+04  4.149313e+00 -9.717193e-03  9.545594e-03 -5.971005e-03 
 1.260000e+04  4.239229e+00 -9.771713e-03  9.598587e-03 -6.008364e-03 
 1.265000e+04  4.329144e+00 -9.825603e-03  9.651047e-03 -6.045041e-03 
 1.270000e+04  4.420768e+00 -9.880013e-03  9.703862e-03 -6.081656e-03 
 1.275000e+04  4.519522e+00 -9.938507e-03  9.760253e-03 -6.120641e-03 
 1.280000e+04  4.618654e+00 -9.996657e-03  9.815994e-03 -6.159347e-03 
 1.285000e+04  4.717786e+00 -1.005376e-02  9.870526e-03 -6.197636e-03 
 1.290000e+04  4.816918e+00 -1.011003e-02  9.924265e-03 -6.235654e-03 
 1.295000e+04  4.916050e+00 -1.016571e-02  9.977536e-03 -6.273450e-03 
 1.300000e+04  5.015182e+00 -1.022055e-02  1.003023e-02 -6.310763e-03 
 1.305000e+04  5.114512e+00 -1.027477e-02  1.008253e-02 -6.347519e-03 
 1.310000e+04  5.220890e+00 -1.033259e-02  1.013833e-02 -6.386333e-03 
 1.315000e+04  5.330183e+00 -1.039158e-02  1.019520e-02 -6.425771e-03 
 1.320000e+04  5.439476e+00 -1.044965e-02  1.025111e-02 -6.464660e-03 
 1.325000e+04  5.550299e+00 -1.050782e-02  1.030684e-02 -6.503652e-03 
 1.330000e+04  5.665056e+00 -1.056752e-02  1.036387e-02 -6.543789e-03 
 1.335000e+04  5.779814e+00 -1.062632e-02  1.042004e-02 -6.583601e-03 
 1.340000e+04  5.894571e+00 -1.068419e-02  1.047548e-02 -6.622903e-03 
 1.345000e+04  6.013575e+00 -1.074361e-02  1.053266e-02 -6.663179e-03 
 1.350000e+04  6.134070e+00 -1.080337e-02  1.059032e-02 -6.703474e-03 
 1.355000e+04  6.254565e+00 -1.086240e-02  1.064736e-02 -6.743120e-03 
 1.360000e+04  6.379332e+00 -1.092289e-02  1.070566e-02 -6.783553e-03 
 1.365000e+04  6.512178e+00 -1.098683e-02  1.076706e-02 -6.826325e-03 
 1.370000e+04  6.645025e+00 -1.104998e-02  1.082741e-02 -6.868764e-03 
 1.375000e+04  6.777871e+00 -1.111212e-02  1.088659e-02 -6.910802e-03 
 1.380000e+04  6.914835e+00 -1.117552e-02  1.094688e-02 -6.953702e-03 
 1.385000e+04  7.054323e+00 -1.123963e-02  1.100788e-02 -6.996920e-03 
 1.390000e+04  7.193812e+00 -1.130288e-02  1.106831e-02 -7.039425e-03 
 1.395000e+04  7.333998e+00 -1.136577e-02  1.112846e-02 -7.081455e-03 
 1.400000e+04  7.484708e+00 -1.143285e-02  1.119273e-02 -7.126201e-03 
 1.405000e+04  7.638494e+00 -1.150045e-02  1.125760e-02 -7.171512e-03 
 1.410000e+04  7.792280e+00 -1.156701e-02  1.132136e-02 -7.216312e-03 
 1.415000e+04  7.950218e+00 -1.163463e-02  1.138572e-02 -7.261827e-03 
 1.420000e+04  8.111694e+00 -1.170320e-02  1.145079e-02 -7.308005e-03 
 1.425000e+04  8.273169e+00 -1.177092e-02  1.151506e-02 -7.353587e-03 
 1.430000e+04  8.434644e+00 -1.183770e-02  1.157865e-02 -7.398481e-03 
 1.435000e+04  8.603225e+00 -1.190692e-02  1.164459e-02 -7.444791e-03 
 1.440000e+04  8.772774e+00 -1.197585e-02  1.171046e-02 -7.490879e-03 
 1.445000e+04  8.942323e+00 -1.204378e-02  1.177549e-02 -7.536407e-03 
 1.450000e+04  9.118705e+00 -1.211359e-02  1.184226e-02 -7.583239e-03 
 1.455000e+04  9.305632e+00 -1.218693e-02  1.191226e-02 -7.632498e-03 
 1.460000e+04  9.492560e+00 -1.225941e-02  1.198120e-02 -7.681298e-03 
 1.465000e+04  9.679488e+00 -1.233088e-02  1.204907e-02 -7.729422e-03 
 1.470000e+04  9.874080e+00 -1.240473e-02  1.211901e-02 -7.778900e-03 
 1.475000e+04  1.007035e+01 -1.247867e-02  1.218898e-02 -7.828219e-03 
 1.480000e+04  1.026663e+01 -1.255158e-02  1.225813e-02 -7.876881e-03 
 1.485000e+04  1.046702e+01 -1.262509e-02  1.232795e-02 -7.925958e-03 
 1.490000e+04  1.067847e+01 -1.270188e-02  1.240093e-02 -7.977309e-03 
 1.495000e+04  1.089486e+01 -1.277953e-02  1.247475e-02 -8.029432e-03 
 1.500000e+04  1.111126e+01 -1.285606e-02  1.254743e-02 -8.080898e-03 
 1.505000e+04  1.133968e+01 -1.293616e-02  1.262321e-02 -8.134495e-03 
 1.510000e+04  1.157825e+01 -1.301922e-02  1.270151e-02 -8.189882e-03 
 1.515000e+04  1.181682e+01 -1.310114e-02  1.277877e-02 -8.244483e-03 
 1.520000e+04  1.205540e+01 -1.318194e-02  1.285507e-02 -8.298295e-03 
 1.525000e+04  1.230208e+01 -1.326465e-02  1.293320e-02 -8.353431e-03 
 1.530000e+04  1.255258e+01 -1.334762e-02  1.301173e-02 -8.408949e-03 
 1.535000e+04  1.280308e+01 -1.342927e-02  1.308922e-02 -8.463717e-03 
 1.540000e+04  1.306449e+01 -1.351357e-02  1.316917e-02 -8.520162e-03 
 1.545000e+04  1.334067e+01 -1.360196e-02  1.325280e-02 -8.579191e-03 
 1.550000e+04  1.361685e+01 -1.368922e-02  1.333517e-02 -8.637450e-03 
 1.555000e+04  1.389303e+01 -1.377533e-02  1.341638e-02 -8.694868e-03 
 1.560000e+04  1.418163e+01 -1.386456e-02  1.350031e-02 -8.754147e-03 
 1.565000e+04  1.447162e+01 -1.395318e-02  1.358368e-02 -8.813108e-03 
 1.570000e+04  1.476161e+01 -1.404047e-02  1.366594e-02 -8.871357e-03 
 1.575000e+04  1.505884e+01 -1.412889e-02  1.374922e-02 -8.930342e-03 
 1.580000e+04  1.537094e+01 -1.422081e-02  1.383593e-02 -8.991656e-03 
 1.585000e+04  1.569065e+01 -1.431379e-02  1.392366e-02 -9.053709e-03 
 1.590000e+04  1.601036e+01 -1.440566e-02  1.401014e-02 -9.114783e-03 
 1.595000e+04  1.635617e+01 -1.450417e-02  1.410252e-02 -9.180059e-03 
 1.600000e+04  1.670865e+01 -1.460343e-02  1.419552e-02 -9.245902e-03 
 1.605000e+04  1.706113e+01 -1.470115e-02  1.428706e-02 -9.310858e-03 
 1.610000e+04  1.741361e+01 -1.479764e-02  1.437740e-02 -9.374955e-03 
 1.615000e+04  1.776610e+01 -1.489312e-02  1.446679e-02 -9.438352e-03 
 1.620000e+04  1.811858e+01 -1.498734e-02  1.455520e-02 -9.501038e-03 
 1.625000e+04  1.847599e+01 -1.508167e-02  1.464375e-02 -9.563675e-03 
 1.630000e+04  1.886934e+01 -1.518455e-02  1.474024e-02 -9.631803e-03 
 1.635000e+04  1.927738e+01 -1.529018e-02  1.483913e-02 -9.701756e-03 
 1.640000e+04  1.968542e+01 -1.539427e-02  1.493640e-02 -9.770720e-03 
 1.645000e+04  2.009346e+01 -1.549693e-02  1.503218e-02 -9.838696e-03 
 1.650000e+04  2.051904e+01 -1.560300e-02  1.513092e-02 -9.908827e-03 
 1.655000e+04  2.094749e+01 -1.570833e-02  1.522911e-02 -9.978537e-03 
 1.660000e+04  2.137593e+01 -1.581216e-02  1.532607e-02 -1.004729e-02 
 1.665000e+04  2.182365e+01 -1.591959e-02  1.542636e-02 -1.011828e-02 
 1.670000e+04  2.227351e+01 -1.602626e-02  1.552592e-02 -1.018878e-02 
 1.675000e+04  2.272338e+01 -1.613140e-02  1.562405e-02 -1.025831e-02 
 1.680000e+04  2.319430e+01 -1.624021e-02  1.572539e-02 -1.033009e-02 
 1.685000e+04  2.369027e+01 -1.635381e-02  1.583081e-02 -1.040490e-02 
 1.690000e+04  2.418625e+01 -1.646589e-02  1.593476e-02 -1.047879e-02 
 1.695000e+04  2.468222e+01 -1.657634e-02  1.603719e-02 -1.055162e-02 
 1.700000e+04  2.520674e+01 -1.669189e-02  1.614418e-02 -1.062766e-02 
 1.705000e+04  2.575355e+01 -1.681086e-02  1.625448e-02 -1.070599e-02 
 1.710000e+04  2.630037e+01 -1.692817e-02  1.636335e-02 -1.078316e-02 
 1.715000e+04  2.685593e+01 -1.704584e-02  1.647243e-02 -1.086045e-02 
 1.720000e+04  2.745534e+01 -1.717136e-02  1.658862e-02 -1.094296e-02 
 1.725000e+04  2.805820e+01 -1.729587e-02  1.670382e-02 -1.102484e-02 
 1.730000e+04  2.866107e+01 -1.741861e-02  1.681724e-02 -1.110538e-02 
 1.735000e+04  2.928201e+01 -1.754361e-02  1.693238e-02 -1.118723e-02 
 1.740000e+04  2.991502e+01 -1.766945e-02  1.704832e-02 -1.126969e-02 
 1.745000e+04  3.054802e+01 -1.779337e-02  1.716264e-02 -1.135095e-02 
 1.750000e+04  3.120612e+01 -1.792052e-02  1.727991e-02 -1.143422e-02 
 1.755000e+04  3.190401e+01 -1.805376e-02  1.740284e-02 -1.152153e-02 
 1.760000e+04  3.260190e+01 -1.818513e-02  1.752409e-02 -1.160758e-02 
 1.765000e+04  3.330118e+01 -1.831490e-02  1.764364e-02 -1.169240e-02 
 1.770000e+04  3.404275e+01 -1.845093e-02  1.776858e-02 -1.178119e-02 
 1.775000e+04  3.481217e+01 -1.859027e-02  1.789645e-02 -1.187217e-02 
 1.780000e+04  3.558160e+01 -1.872744e-02  1.802240e-02 -1.196177e-02 
 1.785000e+04  3.635717e+01 -1.886385e-02  1.814736e-02 -1.205065e-02 
 1.790000e+04  3.716506e+01 -1.900425e-02  1.827585e-02 -1.214211e-02 
 1.795000e+04  3.797295e+01 -1.914259e-02  1.840263e-02 -1.223226e-02 
 1.800000e+04  3.879474e+01 -1.928125e-02  1.852966e-02 -1.232247e-02 
 1.805000e+04  3.972998e+01 -1.943721e-02  1.867233e-02 -1.242386e-02 
 1.810000e+04  4.066521e+01 -1.959104e-02  1.881284e-02 -1.252388e-02 
 1.815000e+04  4.160045e+01 -1.974237e-02  1.895086e-02 -1.262218e-02 
 1.820000e+04  4.255532e+01 -1.989467e-02  1.908945e-02 -1.272087e-02 
 1.825000e+04  4.353732e+01 -2.004919e-02  1.922997e-02 -1.282095e-02 
 1.830000e+04  4.451932e+01 -2.020129e-02  1.936842e-02 -1.291955e-02 
 1.835000e+04  4.552012e+01 -2.035397e-02  1.950728e-02 -1.301845e-02 
 1.840000e+04  4.660277e+01 -2.051698e-02  1.965558e-02 -1.312401e-02 
 1.845000e+04  4.768542e+01 -2.067754e-02  1.980171e-02 -1.322795e-02 
 1.850000e+04  4.876807e+01 -2.083549e-02  1.994535e-02 -1.333004e-02 
 1.855000e+04  4.993138e+01 -2.100286e-02  2.009716e-02 -1.343806e-02 
 1.860000e+04  5.112501e+01 -2.117216e-02  2.025062e-02 -1.354741e-02 
 1.865000e+04  5.231863e+01 -2.133868e-02  2.040152e-02 -1.365497e-02 
 1.870000e+04  5.352777e+01 -2.150479e-02  2.055176e-02 -1.376201e-02 
 1.875000e+04  5.483747e+01 -2.168223e-02  2.071212e-02 -1.387623e-02 
 1.880000e+04  5.615344e+01 -2.185778e-02  2.087073e-02 -1.398917e-02 
 1.885000e+04  5.746941e+01 -2.203040e-02  2.102657e-02 -1.410014e-02 
 1.890000e+04  5.889145e+01 -2.221412e-02  2.119217e-02 -1.421817e-02 
 1.895000e+04  6.034231e+01 -2.239871e-02  2.135851e-02 -1.433680e-02 
 1.900000e+04  6.179317e+01 -2.258015e-02  2.152193e-02 -1.445328e-02 
 1.905000e+04  6.329306e+01 -2.276471e-02  2.168777e-02 -1.457151e-02 
 1.910000e+04  6.489263e+01 -2.295868e-02  2.186185e-02 -1.469572e-02 
 1.915000e+04  6.649220e+01 -2.314931e-02  2.203300e-02 -1.481780e-02 
 1.920000e+04  6.809177e+01 -2.333662e-02  2.220104e-02 -1.493761e-02 
 1.925000e+04  6.975532e+01 -2.352829e-02  2.237282e-02 -1.506016e-02 
 1.930000e+04  7.143487e+01 -2.371862e-02  2.254343e-02 -1.518192e-02 
 1.935000e+04  7.311778e+01 -2.390607e-02  2.271147e-02 -1.530170e-02 
 1.940000e+04  7.495008e+01 -2.410710e-02  2.289133e-02 -1.542996e-02 
 1.945000e+04  7.680178e+01 -2.430706e-02  2.307014e-02 -1.555757e-02 
 1.950000e+04  7.865349e+01 -2.450346e-02  2.324565e-02 -1.568287e-02 
 1.955000e+04  8.056740e+01 -2.470296e-02  2.342366e-02 -1.580990e-02 
 1.960000e+04  8.260891e+01 -2.491250e-02  2.361039e-02 -1.594326e-02 
 1.965000e+04  8.465041e+01 -2.511847e-02  2.379387e-02 -1.607435e-02 
 1.970000e+04  8.669191e+01 -2.532078e-02  2.397390e-02 -1.620300e-02 
 1.975000e+04  8.887642e+01 -2.553361e-02  2.416305e-02 -1.633824e-02 
 1.980000e+04  9.112717e+01 -2.574932e-02  2.435467e-02 -1.647527e-02 
 1.985000e+04  9.337793e+01 -2.596116e-02  2.454274e-02 -1.660970e-02 
 1.990000e+04  9.569440e+01 -2.617532e-02  2.473253e-02 -1.674548e-02 
 1.995000e+04  9.817586e+01 -2.640091e-02  2.493236e-02 -1.688853e-02 
 2.000000e+04  1.006573e+02 -2.662234e-02  2.512855e-02 -1.702894e-02 
 2.005000e+04  1.031388e+02 -2.683963e-02  2.532089e-02 -1.716662e-02 
 2.010000e+04  1.058071e+02 -2.706914e-02  2.552391e-02 -1.731203e-02 
 2.015000e+04  1.085429e+02 -2.730042e-02  2.572842e-02 -1.745851e-02 
 2.020000e+04  1.112787e+02 -2.752732e-02  2.592890e-02 -1.760210e-02 
 2.025000e+04  1.141513e+02 -2.776115e-02  2.613525e-02 -1.775002e-02 
 2.030000e+04  1.171675e+02 -2.800237e-02  2.634804e-02 -1.790266e-02 
 2.035000e+04  1.201838e+02 -2.823894e-02  2.655664e-02 -1.805229e-02 
 2.040000e+04  1.232000e+02 -2.847093e-02  2.676093e-02 -1.819890e-02 
 2.045000e+04  1.264845e+02 -2.871897e-02  2.697916e-02 -1.835568e-02 
 2.050000e+04  1.298099e+02 -2.896546e-02  2.719606e-02 -1.851150e-02 
 2.055000e+04  1.331353e+02 -2.920716e-02  2.740851e-02 -1.866414e-02 
 2.060000e+04  1.365338e+02 -2.944940e-02  2.762121e-02 -1.881713e-02 
 2.065000e+04  1.400255e+02 -2.969367e-02  2.783563e-02 -1.897144e-02 
 2.070000e+04  1.435172e+02 -2.993318e-02  2.804586e-02 -1.912273e-02 
 2.075000e+04  1.472689e+02 -3.018572e-02  2.826733e-02 -1.928223e-02 
 2.080000e+04  1.511185e+02 -3.044027e-02  2.849048e-02 -1.944312e-02 
 2.085000e+04  1.549681e+02 -3.068984e-02  2.870922e-02 -1.960086e-02 
 2.090000e+04  1.588561e+02 -3.093687e-02  2.892553e-02 -1.975685e-02 
 2.095000e+04  1.628981e+02 -3.118888e-02  2.914603e-02 -1.991603e-02 
 2.100000e+04  1.669402e+02 -3.143614e-02  2.936230e-02 -2.007235e-02 
 2.105000e+04  1.710105e+02 -3.168028e-02  2.957572e-02 -2.022672e-02 
 2.110000e+04  1.754584e+02 -3.194233e-02  2.980466e-02 -2.039244e-02 
 2.115000e+04  1.799147e+02 -3.220020e-02  3.002994e-02 -2.055558e-02 
 2.120000e+04  1.843710e+02 -3.245303e-02  3.025078e-02 -2.071551e-02 
 2.125000e+04  1.888274e+02 -3.270084e-02  3.046704e-02 -2.087229e-02 
 2.130000e+04  1.936806e+02 -3.296571e-02  3.069811e-02 -2.104004e-02 
 2.135000e+04  1.985937e+02 -3.322900e-02  3.092780e-02 -2.120694e-02 
 2.140000e+04  2.035068e+02 -3.348728e-02  3.115298e-02 -2.137067e-02 
 2.145000e+04  2.084199e+02 -3.374066e-02  3.137362e-02 -2.153131e-02 
 2.150000e+04  2.133969e+02 -3.399249e-02  3.159276e-02 -2.169103e-02 
 2.155000e+04  2.185557e+02 -3.424875e-02  3.181577e-02 -2.185365e-02 
 2.160000e+04  2.238434e+02 -3.450668e-02  3.204022e-02 -2.201743e-02 
 2.165000e+04  2.292601e+02 -3.476630e-02  3.226612e-02 -2.218245e-02 
 2.170000e+04  2.346768e+02 -3.502110e-02  3.248786e-02 -2.234459e-02 
 2.175000e+04  2.401374e+02 -3.527309e-02  3.270722e-02 -2.250507e-02 
 2.180000e+04  2.461093e+02 -3.554391e-02  3.294298e-02 -2.267768e-02 
 2.185000e+04  2.520813e+02 -3.580998e-02  3.317462e-02 -2.284743e-02 
 2.190000e+04  2.580532e+02 -3.607115e-02  3.340185e-02 -2.301414e-02 
 2.195000e+04  2.640251e+02 -3.632755e-02  3.362469e-02 -2.317791e-02 
 2.200000e+04  2.699970e+02 -3.657932e-02  3.384348e-02 -2.333893e-02 
 2.205000e+04  2.762541e+02 -3.683846e-02  3.406871e-02 -2.350476e-02 
 2.210000e+04  2.828382e+02 -3.710685e-02  3.430191e-02 -2.367657e-02 
 2.215000e+04  2.894222e+02 -3.737086e-02  3.453124e-02 -2.384578e-02 
 2.220000e+04  2.960063e+02 -3.763022e-02  3.475656e-02 -2.401227e-02 
 2.225000e+04  3.025903e+02 -3.788489e-02  3.497786e-02 -2.417596e-02 
 2.230000e+04  3.091743e+02 -3.813510e-02  3.519539e-02 -2.433699e-02 
 2.235000e+04  3.159032e+02 -3.838660e-02  3.541408e-02 -2.449904e-02 
 2.240000e+04  3.228165e+02 -3.864109e-02  3.563535e-02 -2.466316e-02 
 2.245000e+04  3.297297e+02 -3.889169e-02  3.585325e-02 -2.482498e-02 
 2.250000e+04  3.366430e+02 -3.913834e-02  3.606782e-02 -2.498449e-02 
 2.255000e+04  3.435562e+02 -3.938107e-02  3.627908e-02 -2.514173e-02 
 2.260000e+04  3.507308e+02 -3.962907e-02  3.649504e-02 -2.530263e-02 
 2.265000e+04  3.583527e+02 -3.988897e-02  3.672141e-02 -2.547140e-02 
 2.270000e+04  3.659745e+02 -4.014524e-02  3.694456e-02 -2.563802e-02 
 2.275000e+04  3.735964e+02 -4.039772e-02  3.716430e-02 -2.580240e-02 
 2.280000e+04  3.812182e+02 -4.064646e-02  3.738067e-02 -2.596455e-02 
 2.285000e+04  3.888401e+02 -4.089176e-02  3.759391e-02 -2.612459e-02 
 2.290000e+04  3.966906e+02 -4.114110e-02  3.781060e-02 -2.628739e-02 
 2.295000e+04  4.046935e+02 -4.139218e-02  3.802869e-02 -2.645143e-02 
 2.300000e+04  4.126965e+02 -4.164010e-02  3.824399e-02 -2.661368e-02 
 2.305000e+04  4.206994e+02 -4.188480e-02  3.845658e-02 -2.677348e-02 
 2.310000e+04  4.287024e+02 -4.212636e-02  3.866608e-02 -2.693085e-02 
 2.315000e+04  4.367053e+02 -4.236498e-02  3.887244e-02 -2.708664e-02 
 2.320000e+04  4.447083e+02 -4.259964e-02  3.907686e-02 -2.724175e-02 
 2.325000e+04  4.527112e+02 -4.283154e-02  3.927938e-02 -2.739515e-02 
 2.330000e+04  4.607142e+02 -4.306185e-02  3.947999e-02 -2.754715e-02 
 2.335000e+04  4.687171e+02 -4.328932e-02  3.967830e-02 -2.769774e-02 
 2.340000e+04  4.767201e+02 -4.351398e-02  3.987461e-02 -2.784744e-02 
 2.345000e+04  4.847230e+02 -4.373593e-02  4.006938e-02 -2.799576e-02 
 2.350000e+04  4.927260e+02 -4.395596e-02  4.026241e-02 -2.814240e-02 
 2.355000e+04  5.007289e+02 -4.417401e-02  4.045330e-02 -2.828758e-02 
 2.360000e+04  5.087319e+02 -4.439057e-02  4.064231e-02 -2.843171e-02 
 2.365000e+04  5.167348e+02 -4.460441e-02  4.082971e-02 -2.857479e-02 
 2.370000e+04  5.247378e+02 -4.481697e-02  4.101552e-02 -2.871715e-02 
 2.375000e+04  5.327407e+02 -4.502729e-02  4.119923e-02 -2.885850e-02 
 2.380000e+04  5.407437e+02 -4.523672e-02  4.138098e-02 -2.899865e-02 
 2.385000e+04  5.487466e+02 -4.544404e-02  4.156206e-02 -2.913804e-02 
 2.390000e+04  5.567496e+02 -4.564860e-02  4.174202e-02 -2.927616e-02 
 2.395000e+04  5.647525e+02 -4.585166e-02  4.192057e-02 -2.941361e-02 
 2.400000e+04  5.727555e+02 -4.605233e-02  4.209753e-02 -2.954915e-02 
 2.405000e+04  5.807584e+02 -4.625155e-02  4.227292e-02 -2.968350e-02 
 2.410000e+04  5.887614e+02 -4.644884e-02  4.244742e-02 -2.981704e-02 
 2.415000e+04  5.967643e+02 -4.664574e-02  4.262107e-02 -2.995011e-02 
 2.420000e+04  6.047673e+02 -4.684288e-02  4.279371e-02 -3.008228e-02 
 2.425000e+04  6.127702e+02 -4.703863e-02  4.296475e-02 -3.021398e-02 
 2.430000e+04  6.207732e+02 -4.723453e-02  4.313442e-02 -3.034462e-02 
 2.435000e+04  6.287761e+02 -4.742947e-02  4.330329e-02 -3.047462e-02 
 2.440000e+04  6.367791e+02 -4.762162e-02  4.346947e-02 -3.060384e-02 
 2.445000e+04  6.447820e+02 -4.781135e-02  4.363450e-02 -3.073263e-02 
 2.450000e+04  6.527850e+02 -4.800041e-02  4.379874e-02 -3.086035e-02 
 2.455000e+04  6.607879e+02 -4.818831e-02  4.396258e-02 -3.098668e-02 
 2.460000e+04  6.687909e+02 -4.837595e-02  4.412542e-02 -3.111271e-02 
 2.465000e+04  6.767938e+02 -4.856284e-02  4.428711e-02 -3.123898e-02 
 2.470000e+04  6.847968e+02 -4.874783e-02  4.444873e-02 -3.136453e-02 
 2.475000e+04  6.927997e+02 -4.893226e-02  4.460902e-02 -3.148907e-02 
 2.480000e+04  7.008027e+02 -4.911604e-02  4.476774e-02 -3.161265e-02 
 2.485000e+04  7.088056e+02 -4.929860e-02  4.492592e-02 -3.173546e-02 
 2.490000e+04  7.168086e+02 -4.948032e-02  4.508390e-02 -3.185816e-02 
 2.495000e+04  7.248115e+02 -4.966091e-02  4.524209e-02 -3.198094e-02 
 2.500000e+04  7.328145e+02 -4.983960e-02  4.539992e-02 -3.210293e-02 
 2.505000e+04  7.408174e+02 -5.001679e-02  4.555730e-02 -3.222408e-02 
 2.510000e+04  7.488203e+02 -5.019454e-02  4.571514e-02 -3.234478e-02 
 2.515000e+04  7.568233e+02 -5.037178e-02  4.587142e-02 -3.246565e-02 
 2.520000e+04  7.648262e+02 -5.054792e-02  4.602609e-02 -3.258616e-02 
 2.525000e+04  7.728292e+02 -5.072403e-02  4.618048e-02 -3.270581e-02 
 2.530000e+04  7.808321e+02 -5.089833e-02  4.633332e-02 -3.282482e-02 
 2.535000e+04  7.888351e+02 -5.107102e-02  4.648551e-02 -3.294336e-02 
 2.540000e+04  7.968380e+02 -5.124320e-02  4.663739e-02 -3.306133e-02 
 2.545000e+04  8.048410e+02 -5.141513e-02  4.678865e-02 -3.317860e-02 
 2.550000e+04  8.128439e+02 -5.158708e-02  4.693640e-02 -3.329464e-02 
 2.555000e+04  8.208469e+02 -5.175886e-02  4.708177e-02 -3.341058e-02 
 2.560000e+04  8.288498e+02 -5.193025e-02  4.722796e-02 -3.352670e-02 
 2.565000e+04  8.368528e+02 -5.210057e-02  4.737352e-02 -3.364175e-02 
 2.570000e+04  8.448557e+02 -5.226994e-02  4.751995e-02 -3.375630e-02 
 2.575000e+04  8.528587e+02 -5.243758e-02  4.766786e-02 -3.387115e-02 
 2.580000e+04  8.608616e+02 -5.260519e-02  4.781457e-02 -3.398616e-02 
 2.585000e+04  8.688646e+02 -5.277296e-02  4.796020e-02 -3.410097e-02 
 2.590000e+04  8.768675e+02 -5.294024e-02  4.810603e-02 -3.421544e-02 
 2.595000e+04  8.848705e+02 -5.310648e-02  4.825184e-02 -3.432985e-02 
 2.600000e+04  8.928734e+02 -5.327125e-02  4.839794e-02 -3.444378e-02 
 2.605000e+04  9.008764e+02 -5.343382e-02  4.854366e-02 -3.455675e-02 
 2.610000e+04  9.088793e+02 -5.359639e-02  4.868900e-02 -3.466901e-02 
 2.615000e+04  9.168823e+02 -5.375794e-02  4.883325e-02 -3.478053e-02 
 2.620000e+04  9.248852e+02 -5.391883e-02  4.897648e-02 -3.489198e-02 
 2.625000e+04  9.328882e+02 -5.407949e-02  4.911937e-02 -3.500333e-02 
 2.630000e+04  9.408911e+02 -5.423880e-02  4.926058e-02 -3.511422e-02 
 2.635000e+04  9.488941e+02 -5.439738e-02  4.939985e-02 -3.522430e-02 
 2.640000e+04  9.568970e+02 -5.455637e-02  4.953973e-02 -3.533406e-02 
 2.645000e+04  9.649000e+02 -5.471577e-02  4.968023e-02 -3.544362e-02 
 2.650000e+04  9.729029e+02 -5.487564e-02  4.982073e-02 -3.555282e-02 
 2.655000e+04  9.809059e+02 -5.503595e-02  4.996090e-02 -3.566240e-02 
 2.660000e+04  9.889088e+02 -5.519627e-02  5.010003e-02 -3.577225e-02 
 2.665000e+04  9.969118e+02 -5.535516e-02  5.023809e-02 -3.588177e-02 
 2.670000e+04  1.004915e+03 -5.551309e-02  5.037598e-02 -3.599065e-02 
 2.675000e+04  1.012918e+03 -5.567049e-02  5.051290e-02 -3.609857e-02 
 2.680000e+04  1.020921e+03 -5.582736e-02  5.064949e-02 -3.620597e-02 
 2.685000e+04  1.028924e+03 -5.598441e-02  5.078656e-02 -3.631313e-02 
 2.690000e+04  1.036927e+03 -5.614027e-02  5.092371e-02 -3.642017e-02 
 2.695000e+04  1.044929e+03 -5.629521e-02  5.106100e-02 -3.652727e-02 
 2.700000e+04  1.052932e+03 -5.645004e-02  5.119690e-02 -3.663455e-02 
 2.705000e+04  1.060935e+03 -5.660459e-02  5.133266e-02 -3.674198e-02 
 2.710000e+04  1.068938e+03 -5.675763e-02  5.146873e-02 -3.684909e-02 
 2.715000e+04  1.076941e+03 -5.690979e-02  5.160511e-02 -3.695533e-02 
 2.720000e+04  1.084944e+03 -5.706112e-02  5.174138e-02 -3.706110e-02 
 2.725000e+04  1.092947e+03 -5.721303e-02  5.187701e-02 -3.716619e-02 
 2.730000e+04  1.100950e+03 -5.736531e-02  5.201207e-02 -3.727118e-02 
 2.735000e+04  1.108953e+03 -5.751771e-02  5.214726e-02 -3.737623e-02 
 2.740000e+04  1.116956e+03 -5.766938e-02  5.228226e-02 -3.748130e-02 
 2.745000e+04  1.124967e+03 -5.782015e-02  5.241629e-02 -3.758632e-02 
 2.750000e+04  1.133370e+03 -5.797784e-02  5.255571e-02 -3.769668e-02 
 2.755000e+04  1.141773e+03 -5.813590e-02  5.269304e-02 -3.780690e-02 
 2.760000e+04  1.150176e+03 -5.829368e-02  5.282930e-02 -3.791605e-02 
 2.765000e+04  1.158579e+03 -5.845074e-02  5.296609e-02 -3.802415e-02 
 2.770000e+04  1.166982e+03 -5.860770e-02  5.310374e-02 -3.813164e-02 
 2.775000e+04  1.175386e+03 -5.876492e-02  5.324108e-02 -3.823941e-02 
 2.780000e+04  1.183789e+03 -5.892260e-02  5.337859e-02 -3.834763e-02 
 2.785000e+04  1.192393e+03 -5.908374e-02  5.351921e-02 -3.845879e-02 
 2.790000e+04  1.201217e+03 -5.924814e-02  5.366342e-02 -3.857270e-02 
 2.795000e+04  1.210698e+03 -5.942345e-02  5.381845e-02 -3.869454e-02 
 2.800000e+04  1.221756e+03 -5.962733e-02  5.399874e-02 -3.883608e-02 
 2.805000e+04  1.233017e+03 -5.983414e-02  5.418189e-02 -3.897973e-02 
 2.810000e+04  1.244278e+03 -6.004010e-02  5.436292e-02 -3.912310e-02 
 2.815000e+04  1.255538e+03 -6.024440e-02  5.454328e-02 -3.926586e-02 
 2.820000e+04  1.266799e+03 -6.044789e-02  5.472380e-02 -3.940758e-02 
 2.825000e+04  1.278060e+03 -6.064955e-02  5.490474e-02 -3.954909e-02 
 2.830000e+04  1.289321e+03 -6.085145e-02  5.508469e-02 -3.968978e-02 
 2.835000e+04  1.300582e+03 -6.105230e-02  5.526315e-02 -3.982988e-02 
 2.840000e+04  1.311843e+03 -6.125352e-02  5.544204e-02 -3.997016e-02 
 2.845000e+04  1.323104e+03 -6.145468e-02  5.562109e-02 -4.011050e-02 
 2.850000e+04  1.334365e+03 -6.165512e-02  5.580050e-02 -4.025037e-02 
 2.855000e+04  1.345626e+03 -6.185518e-02  5.597993e-02 -4.038994e-02 
 2.860000e+04  1.356887e+03 -6.205558e-02  5.615871e-02 -4.052946e-02 
 2.865000e+04  1.368148e+03 -6.225544e-02  5.633514e-02 -4.066888e-02 
 2.870000e+04  1.379409e+03 -6.245365e-02  5.651000e-02 -4.080778e-02 
 2.875000e+04  1.390670e+03 -6.265158e-02  5.668464e-02 -4.094606e-02 
 2.880000e+04  1.401931e+03 -6.284951e-02  5.685956e-02 -4.108366e-02 
 2.885000e+04  1.413192e+03 -6.304610e-02  5.703474e-02 -4.122023e-02 
 2.890000e+04  1.424453e+03 -6.324272e-02  5.720950e-02 -4.135664e-02 
 2.895000e+04  1.435714e+03 -6.343992e-02  5.738322e-02 -4.149362e-02 
 2.900000e+04  1.446975e+03 -6.363701e-02  5.755633e-02 -4.163103e-02 
 2.905000e+04  1.458236e+03 -6.383329e-02  5.772824e-02 -4.176786e-02 
 2.910000e+04  1.469497e+03 -6.402901e-02  5.790015e-02 -4.190450e-02 
 2.915000e+04  1.480758e+03 -6.422459e-02  5.807251e-02 -4.204076e-02 
 2.920000e+04  1.492018e+03 -6.441950e-02  5.824460e-02 -4.217649e-02 
 2.925000e+04  1.503279e+03 -6.461348e-02  5.841659e-02 -4.231192e-02 
 2.930000e+04  1.514540e+03 -6.480647e-02  5.858843e-02 -4.244685e-02 
 2.935000e+04  1.525801e+03 -6.499798e-02  5.875969e-02 -4.258127e-02 
 2.940000e+04  1.537062e+03 -6.518968e-02  5.893040e-02 -4.271539e-02 
 2.945000e+04  1.548480e+03 -6.538445e-02  5.910339e-02 -4.285149e-02 
 2.950000e+04  1.560054e+03 -6.558186e-02  5.927881e-02 -4.298951e-02 
 2.955000e+04  1.571628e+03 -6.577851e-02  5.945431e-02 -4.312724e-02 
 2.960000e+04  1.583202e+03 -6.597442e-02  5.962980e-02 -4.326473e-02 
 2.965000e+04  1.594776e+03 -6.616985e-02  5.980312e-02 -4.340171e-02 
 2.970000e+04  1.606350e+03 -6.636505e-02  5.997558e-02 -4.353806e-02 
 2.975000e+04  1.617924e+03 -6.655997e-02  6.014830e-02 -4.367395e-02 
 2.980000e+04  1.629498e+03 -6.675325e-02  6.032136e-02 -4.380957e-02 
 2.985000e+04  1.641072e+03 -6.694550e-02  6.049418e-02 -4.394535e-02 
 2.990000e+04  1.652646e+03 -6.713794e-02  6.066626e-02 -4.408096e-02 
 2.995000e+04  1.664221e+03 -6.733107e-02  6.083799e-02 -4.421610e-02 
 3.000000e+04  1.675795e+03 -6.752470e-02  6.100982e-02 -4.435100e-02 
 3.005000e+04  1.687369e+03 -6.771790e-02  6.118151e-02 -4.448544e-02 
 3.010000e+04  1.698943e+03 -6.791025e-02  6.135282e-02 -4.461975e-02 
 3.015000e+04  1.710517e+03 -6.810216e-02  6.152395e-02 -4.475430e-02 
 3.020000e+04  1.722091e+03 -6.829353e-02  6.169501e-02 -4.488909e-02 
 3.025000e+04  1.733665e+03 -6.848454e-02  6.186586e-02 -4.502339e-02 
 3.030000e+04  1.745239e+03 -6.867538e-02  6.203519e-02 -4.515738e-02 
 3.035000e+04  1.756813e+03 -6.886620e-02  6.220415e-02 -4.529081e-02 
 3.040000e+04  1.768387e+03 -6.905684e-02  6.237276e-02 -4.542334e-02 
 3.045000e+04  1.779961e+03 -6.924676e-02  6.254154e-02 -4.555561e-02 
 3.050000e+04  1.791535e+03 -6.943579e-02  6.271059e-02 -4.568797e-02 
 3.055000e+04  1.803109e+03 -6.962469e-02  6.287970e-02 -4.582057e-02 
 3.060000e+04  1.814684e+03 -6.981297e-02  6.304770e-02 -4.595341e-02 
 3.065000e+04  1.826258e+03 -7.000124e-02  6.321401e-02 -4.608589e-02 
 3.070000e+04  1.837832e+03 -7.018958e-02  6.338005e-02 -4.621762e-02 
 3.075000e+04  1.849406e+03 -7.037772e-02  6.354651e-02 -4.634874e-02 
 3.080000e+04  1.860980e+03 -7.056545e-02  6.371359e-02 -4.647981e-02 
 3.085000e+04  1.872554e+03 -7.075304e-02  6.388082e-02 -4.661100e-02 
 3.090000e+04  1.884128e+03 -7.093941e-02  6.404809e-02 -4.674223e-02 
 3.095000e+04  1.895702e+03 -7.112549e-02  6.421459e-02 -4.687336e-02 
 3.100000e+04  1.907276e+03 -7.131153e-02  6.438087e-02 -4.700408e-02 
 3.105000e+04  1.918850e+03 -7.149701e-02  6.454706e-02 -4.713453e-02 
 3.110000e+04  1.930424e+03 -7.168230e-02  6.471269e-02 -4.726479e-02 
 3.115000e+04  1.941998e+03 -7.186743e-02  6.487712e-02 -4.739485e-02 
 3.120000e+04  1.953572e+03 -7.205258e-02  6.504140e-02 -4.752440e-02 
 3.125000e+04  1.965146e+03 -7.223643e-02  6.520560e-02 -4.765352e-02 
 3.130000e+04  1.976721e+03 -7.241941e-02  6.536995e-02 -4.778268e-02 
 3.135000e+04  1.988295e+03 -7.260259e-02  6.553447e-02 -4.791169e-02 
 3.140000e+04  1.999869e+03 -7.278596e-02  6.569891e-02 -4.804053e-02 
 3.145000e+04  2.011443e+03 -7.296873e-02  6.586297e-02 -4.816937e-02 
 3.150000e+04  2.023017e+03 -7.315087e-02  6.602698e-02 -4.829804e-02 
 3.155000e+04  2.034591e+03 -7.333246e-02  6.619093e-02 -4.842679e-02 
 3.160000e+04  2.046165e+03 -7.351422e-02  6.635451e-02 -4.855499e-02 
 3.165000e+04  2.057739e+03 -7.369622e-02  6.651738e-02 -4.868288e-02 
 3.170000e+04  2.069313e+03 -7.387821e-02  6.667982e-02 -4.881062e-02 
 3.175000e+04  2.080887e+03 -7.406009e-02  6.684043e-02 -4.893810e-02 
 3.180000e+04  2.092461e+03 -7.424146e-02  6.700017e-02 -4.906506e-02 
 3.185000e+04  2.104035e+03 -7.442268e-02  6.715939e-02 -4.919200e-02 
 3.190000e+04  2.115609e+03 -7.460376e-02  6.731876e-02 -4.931879e-02 
 3.195000e+04  2.127184e+03 -7.478445e-02  6.747877e-02 -4.944518e-02 
 3.200000e+04  2.138758e+03 -7.496417e-02  6.763920e-02 -4.957172e-02 
 3.205000e+04  2.150332e+03 -7.514380e-02  6.779998e-02 -4.969829e-02 
 3.210000e+04  2.161906e+03 -7.532333e-02  6.796012e-02 -4.982467e-02 
 3.215000e+04  2.173480e+03 -7.550271e-02  6.811932e-02 -4.995085e-02 
 3.220000e+04  2.185054e+03 -7.568199e-02  6.827876e-02 -5.007673e-02 
 3.225000e+04  2.196628e+03 -7.586095e-02  6.843836e-02 -5.020274e-02 
 3.230000e+04  2.208202e+03 -7.603958e-02  6.859803e-02 -5.032851e-02 
 3.235000e+04  2.219776e+03 -7.621780e-02  6.875747e-02 -5.045421e-02 
 3.240000e+04  2.231350e+03 -7.639571e-02  6.891629e-02 -5.057987e-02 
 3.245000e+04  2.242924e+03 -7.657299e-02  6.907436e-02 -5.070517e-02 
 3.250000e+04  2.254498e+03 -7.674954e-02  6.923261e-02 -5.082995e-02 
 3.255000e+04  2.266072e+03 -7.692573e-02  6.939130e-02 -5.095454e-02 
 3.260000e+04  2.277646e+03 -7.710206e-02  6.955025e-02 -5.107899e-02 
 3.265000e+04  2.289221e+03 -7.727879e-02  6.970889e-02 -5.120335e-02 
 3.270000e+04  2.300795e+03 -7.745564e-02  6.986723e-02 -5.132774e-02 
 3.275000e+04  2.312369e+03 -7.763246e-02  7.002531e-02 -5.145215e-02 
 3.280000e+04  2.323943e+03 -7.780887e-02  7.018300e-02 -5.157652e-02 
 3.285000e+04  2.335517e+03 -7.798477e-02  7.034051e-02 -5.170074e-02 
 3.290000e+04  2.347091e+03 -7.816043e-02  7.049779e-02 -5.182447e-02 
 3.295000e+04  2.358665e+03 -7.833573e-02  7.065471e-02 -5.194802e-02 
 3.300000e+04  2.370239e+03 -7.851118e-02  7.081137e-02 -5.207147e-02 
 3.305000e+04  2.381813e+03 -7.868676e-02  7.096794e-02 -5.219475e-02 
 3.310000e+04  2.393387e+03 -7.886222e-02  7.112444e-02 -5.231802e-02 
 3.315000e+04  2.404961e+03 -7.903770e-02  7.128099e-02 -5.244126e-02 
 3.320000e+04  2.416535e+03 -7.921298e-02  7.143700e-02 -5.256441e-02 
 3.325000e+04  2.428109e+03 -7.938799e-02  7.159273e-02 -5.268736e-02 
 3.330000e+04  2.439684e+03 -7.956209e-02  7.174851e-02 -5.281039e-02 
 3.335000e+04  2.451258e+03 -7.973514e-02  7.190444e-02 -5.293311e-02 
 3.340000e+04  2.462832e+03 -7.990778e-02  7.205963e-02 -5.305542e-02 
 3.345000e+04  2.474406e+03 -8.007961e-02  7.221338e-02 -5.317752e-02 
 3.350000e+04  2.485980e+03 -8.025142e-02  7.236716e-02 -5.329890e-02 
 3.355000e+04  2.497554e+03 -8.042272e-02  7.252133e-02 -5.342034e-02 
 3.360000e+04  2.509128e+03 -8.059452e-02  7.267609e-02 -5.354130e-02 
 3.365000e+04  2.520702e+03 -8.076657e-02  7.283150e-02 -5.366207e-02 
 3.370000e+04  2.532276e+03 -8.093859e-02  7.298724e-02 -5.378308e-02 
 3.375000e+04  2.543850e+03 -8.110998e-02  7.314297e-02 -5.390429e-02 
 3.380000e+04  2.555424e+03 -8.128098e-02  7.329827e-02 -5.402569e-02 
 3.385000e+04  2.566998e+03 -8.145190e-02  7.345313e-02 -5.414711e-02 
 3.390000e+04  2.578572e+03 -8.162278e-02  7.360665e-02 -5.426802e-02 
 3.395000e+04  2.590146e+03 -8.179371e-02  7.375963e-02 -5.438813e-02 
 3.400000e+04  2.601721e+03 -8.196447e-02  7.391263e-02 -5.450811e-02 
 3.405000e+04  2.613295e+03 -8.213461e-02  7.406569e-02 -5.462800e-02 
 3.410000e+04  2.624869e+03 -8.230499e-02  7.421853e-02 -5.474797e-02 
 3.415000e+04  2.636443e+03 -8.247567e-02  7.437122e-02 -5.486765e-02 
 3.420000e+04  2.648017e+03 -8.264616e-02  7.452397e-02 -5.498706e-02 
 3.425000e+04  2.659591e+03 -8.281606e-02  7.467685e-02 -5.510664e-02 
 3.430000e+04  2.671165e+03 -8.298566e-02  7.482971e-02 -5.522626e-02 
 3.435000e+04  2.682739e+03 -8.315526e-02  7.498220e-02 -5.534600e-02 
 3.440000e+04  2.694313e+03 -8.332492e-02  7.513417e-02 -5.546570e-02 
 3.445000e+04  2.705887e+03 -8.349452e-02  7.528465e-02 -5.558527e-02 
 3.450000e+04  2.717461e+03 -8.366384e-02  7.543504e-02 -5.570448e-02 
 3.455000e+04  2.729035e+03 -8.383286e-02  7.558582e-02 -5.582336e-02 
 3.460000e+04  2.740609e+03 -8.400181e-02  7.573701e-02 -5.594210e-02 
 3.465000e+04  2.752184e+03 -8.417070e-02  7.588850e-02 -5.606076e-02 
 3.470000e+04  2.763758e+03 -8.433922e-02  7.604005e-02 -5.617934e-02 
 3.475000e+04  2.775332e+03 -8.450736e-02  7.619147e-02 -5.629787e-02 
 3.480000e+04  2.786906e+03 -8.467538e-02  7.634253e-02 -5.641629e-02 
 3.485000e+04  2.798480e+03 -8.484301e-02  7.649342e-02 -5.653465e-02 
 3.490000e+04  2.810054e+03 -8.501069e-02  7.664400e-02 -5.665283e-02 
 3.495000e+04  2.821628e+03 -8.517832e-02  7.679328e-02 -5.677091e-02 
 3.500000e+04  2.833202e+03 -8.534581e-02  7.694174e-02 -5.688885e-02 
 3.505000e+04  2.844776e+03 -8.551293e-02  7.709030e-02 -5.700658e-02 
 3.510000e+04  2.856350e+03 -8.567988e-02  7.723926e-02 -5.712365e-02 
 3.515000e+04  2.867924e+03 -8.584681e-02  7.738863e-02 -5.724044e-02 
 3.520000e+04  2.879498e+03 -8.601317e-02  7.753828e-02 -5.735737e-02 
 3.525000e+04  2.891072e+03 -8.617923e-02  7.768786e-02 -5.747440e-02 
 3.530000e+04  2.902646e+03 -8.634526e-02  7.783642e-02 -5.759155e-02 
 3.535000e+04  2.914221e+03 -8.651149e-02  7.798462e-02 -5.770875e-02 
 3.540000e+04  2.925795e+03 -8.667780e-02  7.813271e-02 -5.782586e-02 
 3.545000e+04  2.937369e+03 -8.684412e-02  7.828080e-02 -5.794282e-02 
 3.550000e+04  2.948943e+03 -8.701045e-02  7.842900e-02 -5.805960e-02 
 3.555000e+04  2.960517e+03 -8.717662e-02  7.857727e-02 -5.817619e-02 
 3.560000e+04  2.972091e+03 -8.734249e-02  7.872558e-02 -5.829253e-02 
 3.565000e+04  2.983665e+03 -8.750794e-02  7.887375e-02 -5.840876e-02 
 3.570000e+04  2.995239e+03 -8.767226e-02  7.902087e-02 -5.852503e-02 
 3.575000e+04  3.006813e+03 -8.783662e-02  7.916760e-02 -5.864085e-02 
 3.580000e+04  3.018387e+03 -8.800121e-02  7.931439e-02 -5.875670e-02 
 3.585000e+04  3.029961e+03 -8.816601e-02  7.946150e-02 -5.887263e-02 
 3.590000e+04  3.041535e+03 -8.833101e-02  7.960876e-02 -5.898855e-02 
 3.595000e+04  3.053109e+03 -8.849609e-02  7.975612e-02 -5.910442e-02 
 3.600000e+04  3.064684e+03 -8.866096e-02  7.990351e-02 -5.922014e-02 
 3.605000e+04  3.076258e+03 -8.882518e-02  8.005078e-02 -5.933561e-02 
 3.610000e+04  3.087832e+03 -8.898898e-02  8.019781e-02 -5.945084e-02 
 3.615000e+04  3.099406e+03 -8.915228e-02  8.034461e-02 -5.956589e-02 
 3.620000e+04  3.110980e+03 -8.931540e-02  8.049117e-02 -5.968075e-02 
 3.625000e+04  3.122554e+03 -8.947862e-02  8.063751e-02 -5.979572e-02 
 3.630000e+04  3.134128e+03 -8.964205e-02  8.078397e-02 -5.991091e-02 
 3.635000e+04  3.145702e+03 -8.980568e-02  8.093021e-02 -6.002607e-02 
 3.640000e+04  3.157276e+03 -8.996930e-02  8.107604e-02 -6.014091e-02 
 3.645000e+04  3.168850e+03 -9.013274e-02  8.122183e-02 -6.025569e-02 
 3.650000e+04  3.180424e+03 -9.029591e-02  8.136772e-02 -6.037040e-02 
 3.655000e+04  3.191998e+03 -9.045871e-02  8.151369e-02 -6.048490e-02 
 3.660000e+04  3.203572e+03 -9.062117e-02  8.165966e-02 -6.059916e-02 
 3.665000e+04  3.215146e+03 -9.078355e-02  8.180529e-02 -6.071326e-02 
 3.670000e+04  3.226721e+03 -9.094586e-02  8.194971e-02 -6.082732e-02 
 3.675000e+04  3.238295e+03 -9.110811e-02  8.209376e-02 -6.094146e-02 
 3.680000e+04  3.249869e+03 -9.127024e-02  8.223799e-02 -6.105534e-02 
 3.685000e+04  3.261443e+03 -9.143235e-02  8.238235e-02 -6.116905e-02 
 3.690000e+04  3.273017e+03 -9.159460e-02  8.252703e-02 -6.128289e-02 
 3.695000e+04  3.284591e+03 -9.175673e-02  8.267194e-02 -6.139679e-02 
 3.700000e+04  3.296165e+03 -9.191767e-02  8.281699e-02 -6.151050e-02 
 3.705000e+04  3.307739e+03 -9.207780e-02  8.296213e-02 -6.162397e-02 
 3.710000e+04  3.319313e+03 -9.223808e-02  8.310716e-02 -6.173706e-02 
 3.715000e+04  3.330887e+03 -9.239864e-02  8.325196e-02 -6.185003e-02 
 3.720000e+04  3.342461e+03 -9.255884e-02  8.339619e-02 -6.196309e-02 
 3.725000e+04  3.354035e+03 -9.271882e-02  8.353980e-02 -6.207609e-02 
 3.730000e+04  3.365609e+03 -9.287877e-02  8.368319e-02 -6.218886e-02 
 3.735000e+04  3.377184e+03 -9.303874e-02  8.382654e-02 -6.230155e-02 
 3.740000e+04  3.388758e+03 -9.319875e-02  8.396943e-02 -6.241411e-02 
 3.745000e+04  3.400332e+03 -9.335876e-02  8.411251e-02 -6.252646e-02 
 3.750000e+04  3.411906e+03 -9.351875e-02  8.425600e-02 -6.263897e-02 
 3.755000e+04  3.423480e+03 -9.367776e-02  8.439985e-02 -6.275141e-02 
 3.760000e+04  3.435054e+03 -9.383634e-02  8.454371e-02 -6.286373e-02 
 3.765000e+04  3.446628e+03 -9.399532e-02  8.468734e-02 -6.297593e-02 
 3.770000e+04  3.458202e+03 -9.415481e-02  8.483030e-02 -6.308818e-02 
 3.775000e+04  3.469776e+03 -9.431452e-02  8.497204e-02 -6.320029e-02 
 3.780000e+04  3.481350e+03 -9.447417e-02  8.511349e-02 -6.331221e-02 
 3.785000e+04  3.492924e+03 -9.463354e-02  8.525527e-02 -6.342394e-02 
 3.790000e+04  3.504498e+03 -9.479268e-02  8.539735e-02 -6.353525e-02 
 3.795000e+04  3.516072e+03 -9.495136e-02  8.553962e-02 -6.364646e-02 
 3.800000e+04  3.527646e+03 -9.510959e-02  8.568218e-02 -6.375778e-02 
 3.805000e+04  3.539221e+03 -9.526787e-02  8.582491e-02 -6.386924e-02 
 3.810000e+04  3.550795e+03 -9.542611e-02  8.596767e-02 -6.398083e-02 
 3.815000e+04  3.562369e+03 -9.558427e-02  8.611029e-02 -6.409233e-02 
 3.820000e+04  3.573943e+03 -9.574236e-02  8.625253e-02 -6.420374e-02 
 3.825000e+04  3.585517e+03 -9.590033e-02  8.639450e-02 -6.431502e-02 
 3.830000e+04  3.597091e+03 -9.605816e-02  8.653618e-02 -6.442603e-02 
 3.835000e+04  3.608665e+03 -9.621588e-02  8.667777e-02 -6.453691e-02 
 3.840000e+04  3.620239e+03 -9.637346e-02  8.681945e-02 -6.464772e-02 
 3.845000e+04  3.631813e+03 -9.653065e-02  8.696120e-02 -6.475842e-02 
 3.850000e+04  3.643387e+03 -9.668754e-02  8.710304e-02 -6.486903e-02 
 3.855000e+04  3.654961e+03 -9.684439e-02  8.724487e-02 -6.497967e-02 
 3.860000e+04  3.666535e+03 -9.700052e-02  8.738655e-02 -6.509034e-02 
 3.865000e+04  3.678109e+03 -9.715684e-02  8.752779e-02 -6.520032e-02 
 3.870000e+04  3.689684e+03 -9.731358e-02  8.766876e-02 -6.531022e-02 
 3.875000e+04  3.701258e+03 -9.747020e-02  8.780930e-02 -6.542026e-02 
 3.880000e+04  3.712832e+03 -9.762684e-02  8.794900e-02 -6.553036e-02 
 3.885000e+04  3.724406e+03 -9.778346e-02  8.808866e-02 -6.564035e-02 
 3.890000e+04  3.735980e+03 -9.794007e-02  8.822860e-02 -6.575031e-02 
 3.895000e+04  3.747554e+03 -9.809673e-02  8.836888e-02 -6.586021e-02 
 3.900000e+04  3.759128e+03 -9.825329e-02  8.850923e-02 -6.596988e-02 
 3.905000e+04  3.770702e+03 -9.840954e-02  8.864961e-02 -6.607948e-02 
 3.910000e+04  3.782276e+03 -9.856592e-02  8.878997e-02 -6.618911e-02 
 3.915000e+04  3.793850e+03 -9.872231e-02  8.893026e-02 -6.629864e-02 
 3.920000e+04  3.805424e+03 -9.887871e-02  8.907031e-02 -6.640804e-02 
 3.925000e+04  3.816998e+03 -9.903494e-02  8.920990e-02 -6.651745e-02 
 3.930000e+04  3.828572e+03 -9.919094e-02  8.934919e-02 -6.662686e-02 
 3.935000e+04  3.840146e+03 -9.934669e-02  8.948826e-02 -6.673625e-02 
 3.940000e+04  3.851721e+03 -9.950228e-02  8.962749e-02 -6.684560e-02 
 3.945000e+04  3.863295e+03 -9.965739e-02  8.976706e-02 -6.695495e-02 
 3.950000e+04  3.874869e+03 -9.981135e-02  8.990661e-02 -6.706403e-02 
 3.955000e+04  3.886443e+03 -9.996515e-02  9.004543e-02 -6.717291e-02 
 3.960000e+04  3.898017e+03 -1.001193e-01  9.018371e-02 -6.728143e-02 
 3.965000e+04  3.909591e+03 -1.002737e-01  9.032203e-02 -6.738965e-02 
 3.970000e+04  3.921165e+03 -1.004284e-01  9.046013e-02 -6.749795e-02 
 3.975000e+04  3.932739e+03 -1.005832e-01  9.059866e-02 -6.760648e-02 
 3.980000e+04  3.944313e+03 -1.007379e-01  9.073757e-02 -6.771535e-02 
 3.985000e+04  3.955887e+03 -1.008920e-01  9.087659e-02 -6.782397e-02 
 3.990000e+04  3.967461e+03 -1.010458e-01  9.101554e-02 -6.793248e-02 
 3.995000e+04  3.979035e+03 -1.011997e-01  9.115448e-02 -6.804104e-02 
 4.000000e+04  3.990609e+03 -1.013537e-01  9.129309e-02 -6.814950e-02 
 4.005000e+04  4.002184e+03 -1.015077e-01  9.143068e-02 -6.825775e-02 
 4.010000e+04  4.013758e+03 -1.016613e-01  9.156810e-02 -6.836569e-02 
 4.015000e+04  4.025332e+03 -1.018143e-01  9.170549e-02 -6.847366e-02 
 4.020000e+04  4.036906e+03 -1.019674e-01  9.184298e-02 -6.858149e-02 
 4.025000e+04  4.048480e+03 -1.021209e-01  9.198054e-02 -6.868920e-02 
 4.030000e+04  4.060054e+03 -1.022746e-01  9.211824e-02 -6.879696e-02 
 4.035000e+04  4.071628e+03 -1.024279e-01  9.225613e-02 -6.890481e-02 
 4.040000e+04  4.083202e+03 -1.025808e-01  9.239418e-02 -6.901268e-02 
 4.045000e+04  4.094776e+03 -1.027335e-01  9.253235e-02 -6.912044e-02 
 4.050000e+04  4.106350e+03 -1.028861e-01  9.267041e-02 -6.922791e-02 
 4.055000e+04  4.117924e+03 -1.030384e-01  9.280817e-02 -6.933529e-02 
 4.060000e+04  4.129498e+03 -1.031909e-01  9.294576e-02 -6.944270e-02 
 4.065000e+04  4.141072e+03 -1.033434e-01  9.308322e-02 -6.955019e-02 
 4.070000e+04  4.152646e+03 -1.034959e-01  9.322057e-02 -6.965756e-02 
 4.075000e+04  4.164221e+03 -1.036482e-01  9.335787e-02 -6.976479e-02 
 4.080000e+04  4.175795e+03 -1.038000e-01  9.349525e-02 -6.987184e-02 
 4.085000e+04  4.187369e+03 -1.039515e-01  9.363269e-02 -6.997880e-02 
 4.090000e+04  4.198943e+03 -1.041032e-01  9.377011e-02 -7.008581e-02 
 4.095000e+04  4.210517e+03 -1.042550e-01  9.390743e-02 -7.019286e-02 
 4.100000e+04  4.222091e+03 -1.044071e-01  9.404457e-02 -7.029991e-02 
 4.105000e+04  4.233665e+03 -1.045592e-01  9.418154e-02 -7.040692e-02 
 4.110000e+04  4.245239e+03 -1.047112e-01  9.431833e-02 -7.051380e-02 
 4.115000e+04  4.256813e+03 -1.048631e-01  9.445490e-02 -7.062057e-02 
 4.120000e+04  4.268387e+03 -1.050150e-01  9.459100e-02 -7.072708e-02 
 4.125000e+04  4.279961e+03 -1.051664e-01  9.472646e-02 -7.083320e-02 
 4.130000e+04  4.291535e+03 -1.053177e-01  9.486185e-02 -7.093926e-02 
 4.135000e+04  4.303109e+03 -1.054689e-01  9.499764e-02 -7.104564e-02 
 4.140000e+04  4.314684e+03 -1.056197e-01  9.513396e-02 -7.115214e-02 
 4.145000e+04  4.326258e+03 -1.057698e-01  9.527056e-02 -7.125857e-02 
 4.150000e+04  4.337832e+03 -1.059201e-01  9.540710e-02 -7.136483e-02 
 4.155000e+04  4.349406e+03 -1.060708e-01  9.554342e-02 -7.147100e-02 
 4.160000e+04  4.360980e+03 -1.062215e-01  9.567977e-02 -7.157707e-02 
 4.165000e+04  4.372554e+03 -1.063719e-01  9.581612e-02 -7.168274e-02 
 4.170000e+04  4.384128e+03 -1.065219e-01  9.595251e-02 -7.178832e-02 
 4.175000e+04  4.395702e+03 -1.066716e-01  9.608866e-02 -7.189407e-02 
 4.180000e+04  4.407276e+03 -1.068213e-01  9.622467e-02 -7.199993e-02 
 4.185000e+04  4.418850e+03 -1.069711e-01  9.636062e-02 -7.210590e-02 
 4.190000e+04  4.430424e+03 -1.071211e-01  9.649654e-02 -7.221179e-02 
 4.195000e+04  4.441998e+03 -1.072711e-01  9.663235e-02 -7.231751e-02 
 4.200000e+04  4.453572e+03 -1.074211e-01  9.676803e-02 -7.242311e-02 
 4.205000e+04  4.465146e+03 -1.075712e-01  9.690352e-02 -7.252856e-02 
 4.210000e+04  4.476721e+03 -1.077214e-01  9.703881e-02 -7.263384e-02 
 4.215000e+04  4.488295e+03 -1.078716e-01  9.717386e-02 -7.273909e-02 
 4.220000e+04  4.499869e+03 -1.080218e-01  9.730878e-02 -7.284440e-02 
 4.225000e+04  4.511443e+03 -1.081719e-01  9.744362e-02 -7.294978e-02 
 4.230000e+04  4.523017e+03 -1.083218e-01  9.757837e-02 -7.305511e-02 
 4.235000e+04  4.534591e+03 -1.084715e-01  9.771305e-02 -7.316036e-02 
 4.240000e+04  4.546165e+03 -1.086211e-01  9.784777e-02 -7.326550e-02 
 4.245000e+04  4.557739e+03 -1.087706e-01  9.798255e-02 -7.337039e-02 
 4.250000e+04  4.569313e+03 -1.089199e-01  9.811736e-02 -7.347461e-02 
 4.255000e+04  4.580887e+03 -1.090685e-01  9.825049e-02 -7.357863e-02 
 4.260000e+04  4.592461e+03 -1.092171e-01  9.838335e-02 -7.368292e-02 
 4.265000e+04  4.604035e+03 -1.093658e-01  9.851671e-02 -7.378764e-02 
 4.270000e+04  4.615609e+03 -1.095145e-01  9.865069e-02 -7.389241e-02 
 4.275000e+04  4.627184e+03 -1.096631e-01  9.878520e-02 -7.399708e-02 
 4.280000e+04  4.638758e+03 -1.098116e-01  9.891995e-02 -7.410160e-02 
 4.285000e+04  4.650332e+03 -1.099601e-01  9.905475e-02 -7.420573e-02 
 4.290000e+04  4.661906e+03 -1.101080e-01  9.918940e-02 -7.430961e-02 
 4.295000e+04  4.673480e+03 -1.102558e-01  9.932393e-02 -7.441344e-02 
 4.300000e+04  4.685054e+03 -1.104037e-01  9.945825e-02 -7.451748e-02 
 4.305000e+04  4.696628e+03 -1.105515e-01  9.959222e-02 -7.462165e-02 
 4.310000e+04  4.708202e+03 -1.106991e-01  9.972581e-02 -7.472579e-02 
 4.315000e+04  4.719776e+03 -1.108467e-01  9.985930e-02 -7.482974e-02 
 4.320000e+04  4.731350e+03 -1.109942e-01  9.999263e-02 -7.493341e-02 
 4.325000e+04  4.742924e+03 -1.111417e-01  1.001260e-01 -7.503681e-02 
 4.330000e+04  4.754498e+03 -1.112889e-01  1.002595e-01 -7.514017e-02 
 4.335000e+04  4.766072e+03 -1.114359e-01  1.003931e-01 -7.524337e-02 
 4.340000e+04  4.777646e+03 -1.115830e-01  1.005268e-01 -7.534670e-02 
 4.345000e+04  4.789221e+03 -1.117303e-01  1.006602e-01 -7.545016e-02 
 4.350000e+04  4.800795e+03 -1.118775e-01  1.007933e-01 -7.555363e-02 
 4.355000e+04  4.812369e+03 -1.120247e-01  1.009261e-01 -7.565706e-02 
 4.360000e+04  4.823943e+03 -1.121719e-01  1.010589e-01 -7.576050e-02 
 4.365000e+04  4.835517e+03 -1.123191e-01  1.011916e-01 -7.586372e-02 
 4.370000e+04  4.847091e+03 -1.124661e-01  1.013244e-01 -7.596651e-02 
 4.375000e+04  4.858665e+03 -1.126128e-01  1.014572e-01 -7.606929e-02 
 4.380000e+04  4.870239e+03 -1.127594e-01  1.015900e-01 -7.617214e-02 
 4.385000e+04  4.881813e+03 -1.129062e-01  1.017229e-01 -7.627507e-02 
 4.390000e+04  4.893387e+03 -1.130530e-01  1.018556e-01 -7.637802e-02 
 4.395000e+04  4.904961e+03 -1.131997e-01  1.019881e-01 -7.648100e-02 
 4.400000e+04  4.916535e+03 -1.133464e-01  1.021203e-01 -7.658391e-02 
 4.405000e+04  4.928109e+03 -1.134930e-01  1.022526e-01 -7.668672e-02 
 4.410000e+04  4.939684e+03 -1.136394e-01  1.023847e-01 -7.678935e-02 
 4.415000e+04  4.951258e+03 -1.137858e-01  1.025169e-01 -7.689190e-02 
 4.420000e+04  4.962832e+03 -1.139322e-01  1.026490e-01 -7.699442e-02 
 4.425000e+04  4.974406e+03 -1.140785e-01  1.027812e-01 -7.709692e-02 
 4.430000e+04  4.985980e+03 -1.142246e-01  1.029134e-01 -7.719925e-02 
 4.435000e+04  4.997554e+03 -1.143707e-01  1.030455e-01 -7.730131e-02 
 4.440000e+04  5.009128e+03 -1.145165e-01  1.031771e-01 -7.740328e-02 
 4.445000e+04  5.020702e+03 -1.146615e-01  1.033069e-01 -7.750504e-02 
 4.450000e+04  5.032276e+03 -1.148063e-01  1.034366e-01 -7.760653e-02 
 4.455000e+04  5.043850e+03 -1.149513e-01  1.035666e-01 -7.770806e-02 
 4.460000e+04  5.055424e+03 -1.150966e-01  1.036973e-01 -7.780969e-02 
 4.465000e+04  5.066998e+03 -1.152422e-01  1.038287e-01 -7.791150e-02 
 4.470000e+04  5.078572e+03 -1.153880e-01  1.039605e-01 -7.801335e-02 
 4.475000e+04  5.090146e+03 -1.155335e-01  1.040925e-01 -7.811507e-02 
 4.480000e+04  5.101721e+03 -1.156786e-01  1.042243e-01 -7.821664e-02 
 4.485000e+04  5.113295e+03 -1.158236e-01  1.043558e-01 -7.831818e-02 
 4.490000e+04  5.124869e+03 -1.159685e-01  1.044862e-01 -7.841981e-02 
 4.495000e+04  5.136443e+03 -1.161133e-01  1.046161e-01 -7.852131e-02 
 4.500000e+04  5.148017e+03 -1.162582e-01  1.047460e-01 -7.862284e-02 
 4.505000e+04  5.159591e+03 -1.164025e-01  1.048762e-01 -7.872437e-02 
 4.510000e+04  5.171165e+03 -1.165467e-01  1.050067e-01 -7.882569e-02 
 4.515000e+04  5.182739e+03 -1.166909e-01  1.051373e-01 -7.892667e-02 
 4.520000e+04  5.194313e+03 -1.168353e-01  1.052682e-01 -7.902738e-02 
 4.525000e+04  5.205887e+03 -1.169796e-01  1.053992e-01 -7.912821e-02 
 4.530000e+04  5.217461e+03 -1.171237e-01  1.055303e-01 -7.922918e-02 
 4.535000e+04  5.229035e+03 -1.172677e-01  1.056612e-01 -7.933030e-02 
 4.540000e+04  5.240609e+03 -1.174117e-01  1.057918e-01 -7.943153e-02 
 4.545000e+04  5.252184e+03 -1.175558e-01  1.059220e-01 -7.953273e-02 
 4.550000e+04  5.263758e+03 -1.176998e-01  1.060520e-01 -7.963382e-02 
 4.555000e+04  5.275332e+03 -1.178438e-01  1.061821e-01 -7.973463e-02 
 4.560000e+04  5.286906e+03 -1.179878e-01  1.063122e-01 -7.983524e-02 
