         Step [creep.tim... Z Displace... Z Displace... X Displace... 
------------- ------------- ------------- ------------- ------------- 
 5.250000e+03  1.276223e-07 -4.629353e-03  4.524540e-03 -2.433365e-03 
 5.300000e+03  3.886505e-06 -4.629533e-03  4.524619e-03 -2.433545e-03 
 5.350000e+03  3.412182e-05 -4.630211e-03  4.524704e-03 -2.433932e-03 
 5.400000e+03  2.282300e-04 -4.630328e-03  4.524800e-03 -2.433962e-03 
 5.450000e+03  9.941404e-04 -4.630824e-03  4.525475e-03 -2.434653e-03 
 5.500000e+03  2.567162e-03 -4.633046e-03  4.527428e-03 -2.436628e-03 
 5.550000e+03  5.541516e-03 -4.638053e-03  4.532125e-03 -2.440911e-03 
 5.600000e+03  8.799600e-03 -4.643915e-03  4.538453e-03 -2.445632e-03 
 5.650000e+03  1.252030e-02 -4.651389e-03  4.547227e-03 -2.451509e-03 
 5.700000e+03  1.742087e-02 -4.661942e-03  4.559835e-03 -2.459196e-03 
 5.750000e+03  2.272794e-02 -4.672517e-03  4.571754e-03 -2.466477e-03 
 5.800000e+03  2.803502e-02 -4.681510e-03  4.580983e-03 -2.472700e-03 
 5.850000e+03  3.334209e-02 -4.690020e-03  4.589741e-03 -2.479179e-03 
 5.900000e+03  3.864917e-02 -4.698940e-03  4.599303e-03 -2.486362e-03 
 5.950000e+03  4.395624e-02 -4.708355e-03  4.609571e-03 -2.494230e-03 
 6.000000e+03  4.945469e-02 -4.718661e-03  4.620237e-03 -2.503041e-03 
 6.050000e+03  5.628277e-02 -4.732237e-03  4.633217e-03 -2.513516e-03 
 6.100000e+03  6.339475e-02 -4.745716e-03  4.645807e-03 -2.522712e-03 
 6.150000e+03  7.050674e-02 -4.757869e-03  4.657271e-03 -2.530332e-03 
 6.200000e+03  7.761873e-02 -4.769529e-03  4.668779e-03 -2.537842e-03 
 6.250000e+03  8.473072e-02 -4.781834e-03  4.681128e-03 -2.546082e-03 
 6.300000e+03  9.184270e-02 -4.794772e-03  4.694260e-03 -2.555356e-03 
 6.350000e+03  9.928515e-02 -4.808066e-03  4.707980e-03 -2.565957e-03 
 6.400000e+03  1.084152e-01 -4.823225e-03  4.723541e-03 -2.578768e-03 
 6.450000e+03  1.184225e-01 -4.838690e-03  4.739118e-03 -2.591297e-03 
 6.500000e+03  1.284297e-01 -4.853645e-03  4.753657e-03 -2.602155e-03 
 6.550000e+03  1.384370e-01 -4.868844e-03  4.768382e-03 -2.612352e-03 
 6.600000e+03  1.484443e-01 -4.884611e-03  4.784185e-03 -2.622902e-03 
 6.650000e+03  1.584516e-01 -4.900802e-03  4.801202e-03 -2.634280e-03 
 6.700000e+03  1.684589e-01 -4.916738e-03  4.819008e-03 -2.646227e-03 
 6.750000e+03  1.790722e-01 -4.932593e-03  4.836408e-03 -2.658731e-03 
 6.800000e+03  1.909581e-01 -4.949059e-03  4.853616e-03 -2.671785e-03 
 6.850000e+03  2.031220e-01 -4.965287e-03  4.870163e-03 -2.684510e-03 
 6.900000e+03  2.152859e-01 -4.981383e-03  4.886651e-03 -2.696859e-03 
 6.950000e+03  2.274498e-01 -4.997850e-03  4.903801e-03 -2.709155e-03 
 7.000000e+03  2.396137e-01 -5.015294e-03  4.921728e-03 -2.721639e-03 
 7.050000e+03  2.518750e-01 -5.033735e-03  4.940084e-03 -2.734219e-03 
 7.100000e+03  2.651196e-01 -5.053125e-03  4.958852e-03 -2.747214e-03 
 7.150000e+03  2.790399e-01 -5.071438e-03  4.977099e-03 -2.760211e-03 
 7.200000e+03  2.931212e-01 -5.088889e-03  4.995017e-03 -2.773346e-03 
 7.250000e+03  3.072024e-01 -5.105997e-03  5.012693e-03 -2.786648e-03 
 7.300000e+03  3.212837e-01 -5.123396e-03  5.030400e-03 -2.800022e-03 
 7.350000e+03  3.364877e-01 -5.142850e-03  5.049776e-03 -2.814514e-03 
 7.400000e+03  3.535221e-01 -5.165202e-03  5.071671e-03 -2.830344e-03 
 7.450000e+03  3.706379e-01 -5.186937e-03  5.092631e-03 -2.845200e-03 
 7.500000e+03  3.881474e-01 -5.207701e-03  5.113106e-03 -2.859470e-03 
 7.550000e+03  4.061190e-01 -5.228607e-03  5.133887e-03 -2.874110e-03 
 7.600000e+03  4.240907e-01 -5.249299e-03  5.154870e-03 -2.888981e-03 
 7.650000e+03  4.420623e-01 -5.269356e-03  5.175937e-03 -2.904074e-03 
 7.700000e+03  4.607483e-01 -5.290064e-03  5.197751e-03 -2.920041e-03 
 7.750000e+03  4.814933e-01 -5.312768e-03  5.221615e-03 -2.937600e-03 
 7.800000e+03  5.022977e-01 -5.334914e-03  5.244277e-03 -2.954003e-03 
 7.850000e+03  5.234974e-01 -5.357104e-03  5.266383e-03 -2.969657e-03 
 7.900000e+03  5.453421e-01 -5.380044e-03  5.289222e-03 -2.985542e-03 
 7.950000e+03  5.671867e-01 -5.403116e-03  5.312243e-03 -3.001456e-03 
 8.000000e+03  5.890313e-01 -5.425775e-03  5.335126e-03 -3.017448e-03 
 8.050000e+03  6.108978e-01 -5.448053e-03  5.357594e-03 -3.033667e-03 
 8.100000e+03  6.344311e-01 -5.471189e-03  5.381191e-03 -3.051137e-03 
 8.150000e+03  6.585148e-01 -5.493789e-03  5.404446e-03 -3.068316e-03 
 8.200000e+03  6.825985e-01 -5.515988e-03  5.427090e-03 -3.084710e-03 
 8.250000e+03  7.066822e-01 -5.538595e-03  5.449748e-03 -3.100715e-03 
 8.300000e+03  7.307659e-01 -5.561702e-03  5.472455e-03 -3.116539e-03 
 8.350000e+03  7.549941e-01 -5.585058e-03  5.495093e-03 -3.132293e-03 
 8.400000e+03  7.810912e-01 -5.609595e-03  5.518817e-03 -3.149204e-03 
 8.450000e+03  8.087853e-01 -5.634457e-03  5.543348e-03 -3.166919e-03 
 8.500000e+03  8.366652e-01 -5.658275e-03  5.567433e-03 -3.184442e-03 
 8.550000e+03  8.645451e-01 -5.681579e-03  5.591075e-03 -3.201701e-03 
 8.600000e+03  8.924250e-01 -5.704777e-03  5.614771e-03 -3.218801e-03 
 8.650000e+03  9.214480e-01 -5.729054e-03  5.639653e-03 -3.236422e-03 
 8.700000e+03  9.509854e-01 -5.753668e-03  5.665041e-03 -3.253959e-03 
 8.750000e+03  9.823377e-01 -5.779508e-03  5.691224e-03 -3.271966e-03 
 8.800000e+03  1.014612e+00 -5.805794e-03  5.717124e-03 -3.289942e-03 
 8.850000e+03  1.046887e+00 -5.831586e-03  5.742230e-03 -3.307768e-03 
 8.900000e+03  1.079161e+00 -5.856631e-03  5.766956e-03 -3.325550e-03 
 8.950000e+03  1.111436e+00 -5.880936e-03  5.791467e-03 -3.343324e-03 
 9.000000e+03  1.144162e+00 -5.905391e-03  5.816369e-03 -3.361437e-03 
 9.050000e+03  1.178050e+00 -5.930558e-03  5.842085e-03 -3.379964e-03 
 9.100000e+03  1.212684e+00 -5.955995e-03  5.867922e-03 -3.398019e-03 
 9.150000e+03  1.249868e+00 -5.983164e-03  5.895217e-03 -3.416614e-03 
 9.200000e+03  1.287229e+00 -6.010333e-03  5.922214e-03 -3.435001e-03 
 9.250000e+03  1.324591e+00 -6.037154e-03  5.948504e-03 -3.453347e-03 
 9.300000e+03  1.361953e+00 -6.063419e-03  5.974187e-03 -3.471754e-03 
 9.350000e+03  1.399651e+00 -6.089486e-03  5.999612e-03 -3.490405e-03 
 9.400000e+03  1.438881e+00 -6.116048e-03  6.025778e-03 -3.509655e-03 
 9.450000e+03  1.478111e+00 -6.141831e-03  6.051635e-03 -3.528379e-03 
 9.500000e+03  1.518557e+00 -6.168182e-03  6.078178e-03 -3.547076e-03 
 9.550000e+03  1.561519e+00 -6.196239e-03  6.106456e-03 -3.566517e-03 
 9.600000e+03  1.604770e+00 -6.224372e-03  6.134765e-03 -3.585740e-03 
 9.650000e+03  1.648064e+00 -6.252162e-03  6.162663e-03 -3.604716e-03 
 9.700000e+03  1.694658e+00 -6.281574e-03  6.191883e-03 -3.625100e-03 
 9.750000e+03  1.742342e+00 -6.311184e-03  6.220937e-03 -3.645838e-03 
 9.800000e+03  1.790027e+00 -6.339867e-03  6.249101e-03 -3.666309e-03 
 9.850000e+03  1.837711e+00 -6.367978e-03  6.276903e-03 -3.686488e-03 
 9.900000e+03  1.885395e+00 -6.395797e-03  6.304823e-03 -3.706445e-03 
 9.950000e+03  1.933079e+00 -6.423524e-03  6.332956e-03 -3.726053e-03 
 1.000000e+04  1.981335e+00 -6.451407e-03  6.361370e-03 -3.745386e-03 
 1.005000e+04  2.033356e+00 -6.481307e-03  6.391636e-03 -3.765665e-03 
 1.010000e+04  2.088557e+00 -6.512735e-03  6.422951e-03 -3.786908e-03 
 1.015000e+04  2.143757e+00 -6.543513e-03  6.453263e-03 -3.808060e-03 
 1.020000e+04  2.198957e+00 -6.573528e-03  6.482667e-03 -3.829178e-03 
 1.025000e+04  2.254157e+00 -6.603131e-03  6.511628e-03 -3.850225e-03 
 1.030000e+04  2.309358e+00 -6.632538e-03  6.540411e-03 -3.871108e-03 
 1.035000e+04  2.364558e+00 -6.661605e-03  6.569077e-03 -3.891549e-03 
 1.040000e+04  2.421638e+00 -6.691400e-03  6.598565e-03 -3.912015e-03 
 1.045000e+04  2.482496e+00 -6.722901e-03  6.630062e-03 -3.933361e-03 
 1.050000e+04  2.543355e+00 -6.754024e-03  6.661282e-03 -3.954393e-03 
 1.055000e+04  2.604213e+00 -6.784678e-03  6.691782e-03 -3.975207e-03 
 1.060000e+04  2.667567e+00 -6.816133e-03  6.722799e-03 -3.996886e-03 
 1.065000e+04  2.734535e+00 -6.848997e-03  6.754864e-03 -4.019823e-03 
 1.070000e+04  2.801631e+00 -6.881176e-03  6.786330e-03 -4.042540e-03 
 1.075000e+04  2.868728e+00 -6.912686e-03  6.817378e-03 -4.064765e-03 
 1.080000e+04  2.935824e+00 -6.944096e-03  6.848392e-03 -4.086601e-03 
 1.085000e+04  3.002920e+00 -6.975335e-03  6.879588e-03 -4.107987e-03 
 1.090000e+04  3.070017e+00 -7.006200e-03  6.910678e-03 -4.128913e-03 
 1.095000e+04  3.141682e+00 -7.038807e-03  6.943575e-03 -4.150979e-03 
 1.100000e+04  3.218689e+00 -7.073487e-03  6.978333e-03 -4.174605e-03 
 1.105000e+04  3.296361e+00 -7.107839e-03  7.012292e-03 -4.198321e-03 
 1.110000e+04  3.374034e+00 -7.141455e-03  7.045223e-03 -4.221814e-03 
 1.115000e+04  3.452172e+00 -7.174944e-03  7.077902e-03 -4.245244e-03 
 1.120000e+04  3.533728e+00 -7.209705e-03  7.111869e-03 -4.269373e-03 
 1.125000e+04  3.615284e+00 -7.244169e-03  7.145621e-03 -4.292963e-03 
 1.130000e+04  3.696840e+00 -7.278353e-03  7.179216e-03 -4.315980e-03 
 1.135000e+04  3.780680e+00 -7.313105e-03  7.213695e-03 -4.339311e-03 
 1.140000e+04  3.866313e+00 -7.348058e-03  7.248601e-03 -4.362921e-03 
 1.145000e+04  3.951947e+00 -7.382320e-03  7.282705e-03 -4.386341e-03 
 1.150000e+04  4.040493e+00 -7.417322e-03  7.317153e-03 -4.410437e-03 
 1.155000e+04  4.134544e+00 -7.454319e-03  7.353135e-03 -4.435937e-03 
 1.160000e+04  4.228955e+00 -7.490868e-03  7.388648e-03 -4.461212e-03 
 1.165000e+04  4.323367e+00 -7.526865e-03  7.423705e-03 -4.485965e-03 
 1.170000e+04  4.417778e+00 -7.562696e-03  7.458661e-03 -4.510208e-03 
 1.175000e+04  4.512189e+00 -7.598294e-03  7.493646e-03 -4.534092e-03 
 1.180000e+04  4.606601e+00 -7.633275e-03  7.528397e-03 -4.557607e-03 
 1.185000e+04  4.702900e+00 -7.668325e-03  7.563398e-03 -4.581370e-03 
 1.190000e+04  4.805898e+00 -7.705462e-03  7.600428e-03 -4.606786e-03 
 1.195000e+04  4.909986e+00 -7.742445e-03  7.637079e-03 -4.632337e-03 
 1.200000e+04  5.014075e+00 -7.778805e-03  7.672773e-03 -4.657488e-03 
 1.205000e+04  5.120453e+00 -7.815796e-03  7.708840e-03 -4.682823e-03 
 1.210000e+04  5.229746e+00 -7.853728e-03  7.745675e-03 -4.708500e-03 
 1.215000e+04  5.339039e+00 -7.891207e-03  7.782266e-03 -4.733728e-03 
 1.220000e+04  5.448332e+00 -7.928108e-03  7.818530e-03 -4.758549e-03 
 1.225000e+04  5.557625e+00 -7.964653e-03  7.854646e-03 -4.783176e-03 
 1.230000e+04  5.666917e+00 -8.000635e-03  7.890492e-03 -4.807690e-03 
 1.235000e+04  5.776975e+00 -8.036288e-03  7.925950e-03 -4.832112e-03 
 1.240000e+04  5.894831e+00 -8.074124e-03  7.963313e-03 -4.858000e-03 
 1.245000e+04  6.020146e+00 -8.114305e-03  8.002448e-03 -4.885286e-03 
 1.250000e+04  6.146667e+00 -8.154544e-03  8.041261e-03 -4.912459e-03 
 1.255000e+04  6.273187e+00 -8.194194e-03  8.079538e-03 -4.939164e-03 
 1.260000e+04  6.399707e+00 -8.233573e-03  8.117575e-03 -4.965483e-03 
 1.265000e+04  6.526227e+00 -8.272552e-03  8.155496e-03 -4.991566e-03 
 1.270000e+04  6.652747e+00 -8.310811e-03  8.193043e-03 -5.017345e-03 
 1.275000e+04  6.781165e+00 -8.348997e-03  8.230768e-03 -5.043280e-03 
 1.280000e+04  6.917200e+00 -8.389058e-03  8.270518e-03 -5.070604e-03 
 1.285000e+04  7.056688e+00 -8.429804e-03  8.310714e-03 -5.098389e-03 
 1.290000e+04  7.196176e+00 -8.470032e-03  8.350116e-03 -5.125730e-03 
 1.295000e+04  7.339152e+00 -8.511004e-03  8.389937e-03 -5.153301e-03 
 1.300000e+04  7.485615e+00 -8.552879e-03  8.430357e-03 -5.181203e-03 
 1.305000e+04  7.632078e+00 -8.594159e-03  8.470356e-03 -5.208831e-03 
 1.310000e+04  7.778541e+00 -8.634726e-03  8.509844e-03 -5.236173e-03 
 1.315000e+04  7.925004e+00 -8.674787e-03  8.549198e-03 -5.263327e-03 
 1.320000e+04  8.071466e+00 -8.714387e-03  8.588374e-03 -5.290271e-03 
 1.325000e+04  8.217929e+00 -8.753458e-03  8.627093e-03 -5.316883e-03 
 1.330000e+04  8.369379e+00 -8.793598e-03  8.666621e-03 -5.343999e-03 
 1.335000e+04  8.530854e+00 -8.836320e-03  8.708293e-03 -5.372624e-03 
 1.340000e+04  8.692330e+00 -8.878752e-03  8.749309e-03 -5.400962e-03 
 1.345000e+04  8.853805e+00 -8.920641e-03  8.789539e-03 -5.428908e-03 
 1.350000e+04  9.015280e+00 -8.962144e-03  8.829330e-03 -5.456638e-03 
 1.355000e+04  9.176756e+00 -9.003228e-03  8.868951e-03 -5.484203e-03 
 1.360000e+04  9.338231e+00 -9.043674e-03  8.908257e-03 -5.511440e-03 
 1.365000e+04  9.500352e+00 -9.083687e-03  8.947419e-03 -5.538461e-03 
 1.370000e+04  9.669901e+00 -9.125220e-03  8.988256e-03 -5.566519e-03 
 1.375000e+04  9.839450e+00 -9.166478e-03  9.028787e-03 -5.594293e-03 
 1.380000e+04  1.001120e+01 -9.207877e-03  9.069195e-03 -5.622053e-03 
 1.385000e+04  1.019421e+01 -9.251695e-03  9.111649e-03 -5.651232e-03 
 1.390000e+04  1.038114e+01 -9.296188e-03  9.154462e-03 -5.680813e-03 
 1.395000e+04  1.056807e+01 -9.340139e-03  9.196669e-03 -5.710169e-03 
 1.400000e+04  1.075500e+01 -9.383264e-03  9.238305e-03 -5.739263e-03 
 1.405000e+04  1.094193e+01 -9.425973e-03  9.279811e-03 -5.768110e-03 
 1.410000e+04  1.112885e+01 -9.468298e-03  9.321284e-03 -5.796724e-03 
 1.415000e+04  1.131578e+01 -9.510177e-03  9.362463e-03 -5.824916e-03 
 1.420000e+04  1.151408e+01 -9.554214e-03  9.405726e-03 -5.854402e-03 
 1.425000e+04  1.172017e+01 -9.599820e-03  9.450284e-03 -5.884768e-03 
 1.430000e+04  1.192626e+01 -9.645035e-03  9.494065e-03 -5.914895e-03 
 1.435000e+04  1.213235e+01 -9.689677e-03  9.536981e-03 -5.944720e-03 
 1.440000e+04  1.234297e+01 -9.734945e-03  9.580342e-03 -5.974997e-03 
 1.445000e+04  1.255936e+01 -9.781073e-03  9.624582e-03 -6.005922e-03 
 1.450000e+04  1.277575e+01 -9.826588e-03  9.668407e-03 -6.036403e-03 
 1.455000e+04  1.299215e+01 -9.871522e-03  9.711934e-03 -6.066486e-03 
 1.460000e+04  1.321655e+01 -9.917792e-03  9.756980e-03 -6.097454e-03 
 1.465000e+04  1.344376e+01 -9.964165e-03  9.802376e-03 -6.128475e-03 
 1.470000e+04  1.367097e+01 -1.001007e-02  9.847197e-03 -6.159049e-03 
 1.475000e+04  1.391553e+01 -1.005924e-02  9.894704e-03 -6.191693e-03 
 1.480000e+04  1.416603e+01 -1.010923e-02  9.942676e-03 -6.224938e-03 
 1.485000e+04  1.441653e+01 -1.015855e-02  9.989821e-03 -6.257864e-03 
 1.490000e+04  1.466703e+01 -1.020720e-02  1.003641e-02 -6.290409e-03 
 1.495000e+04  1.491753e+01 -1.025543e-02  1.008281e-02 -6.322698e-03 
 1.500000e+04  1.516804e+01 -1.030323e-02  1.012906e-02 -6.354673e-03 
 1.505000e+04  1.541854e+01 -1.035041e-02  1.017498e-02 -6.386188e-03 
 1.510000e+04  1.567630e+01 -1.039856e-02  1.022193e-02 -6.418259e-03 
 1.515000e+04  1.594512e+01 -1.044847e-02  1.027050e-02 -6.451452e-03 
 1.520000e+04  1.622129e+01 -1.049922e-02  1.031968e-02 -6.485220e-03 
 1.525000e+04  1.649747e+01 -1.054943e-02  1.036792e-02 -6.518698e-03 
 1.530000e+04  1.678221e+01 -1.060077e-02  1.041694e-02 -6.552941e-03 
 1.535000e+04  1.707220e+01 -1.065271e-02  1.046646e-02 -6.587501e-03 
 1.540000e+04  1.736218e+01 -1.070401e-02  1.051551e-02 -6.621661e-03 
 1.545000e+04  1.765217e+01 -1.075467e-02  1.056427e-02 -6.655411e-03 
 1.550000e+04  1.794216e+01 -1.080487e-02  1.061286e-02 -6.688804e-03 
 1.555000e+04  1.823214e+01 -1.085463e-02  1.066117e-02 -6.721885e-03 
 1.560000e+04  1.852474e+01 -1.090431e-02  1.070935e-02 -6.754940e-03 
 1.565000e+04  1.884079e+01 -1.095755e-02  1.076084e-02 -6.790338e-03 
 1.570000e+04  1.916050e+01 -1.101107e-02  1.081217e-02 -6.825866e-03 
 1.575000e+04  1.948021e+01 -1.106404e-02  1.086264e-02 -6.861078e-03 
 1.580000e+04  1.979992e+01 -1.111640e-02  1.091250e-02 -6.895881e-03 
 1.585000e+04  2.013434e+01 -1.117068e-02  1.096433e-02 -6.931945e-03 
 1.590000e+04  2.047004e+01 -1.122465e-02  1.101614e-02 -6.967801e-03 
 1.595000e+04  2.080573e+01 -1.127799e-02  1.106758e-02 -7.003206e-03 
 1.600000e+04  2.114814e+01 -1.133185e-02  1.111965e-02 -7.038911e-03 
 1.605000e+04  2.150062e+01 -1.138680e-02  1.117297e-02 -7.075447e-03 
 1.610000e+04  2.185310e+01 -1.144122e-02  1.122555e-02 -7.111635e-03 
 1.615000e+04  2.221510e+01 -1.149657e-02  1.127863e-02 -7.148401e-03 
 1.620000e+04  2.260038e+01 -1.155510e-02  1.133445e-02 -7.187220e-03 
 1.625000e+04  2.298899e+01 -1.161375e-02  1.139010e-02 -7.226000e-03 
 1.630000e+04  2.337760e+01 -1.167169e-02  1.144516e-02 -7.264299e-03 
 1.635000e+04  2.376621e+01 -1.172897e-02  1.149979e-02 -7.302177e-03 
 1.640000e+04  2.415482e+01 -1.178567e-02  1.155417e-02 -7.339668e-03 
 1.645000e+04  2.454343e+01 -1.184171e-02  1.160820e-02 -7.376838e-03 
 1.650000e+04  2.494292e+01 -1.189871e-02  1.166318e-02 -7.414683e-03 
 1.655000e+04  2.537311e+01 -1.195961e-02  1.172179e-02 -7.455068e-03 
 1.660000e+04  2.582298e+01 -1.202286e-02  1.178232e-02 -7.496924e-03 
 1.665000e+04  2.627284e+01 -1.208552e-02  1.184188e-02 -7.538293e-03 
 1.670000e+04  2.672271e+01 -1.214752e-02  1.190058e-02 -7.579128e-03 
 1.675000e+04  2.717257e+01 -1.220900e-02  1.195872e-02 -7.619606e-03 
 1.680000e+04  2.762243e+01 -1.226977e-02  1.201650e-02 -7.659687e-03 
 1.685000e+04  2.807230e+01 -1.232977e-02  1.207382e-02 -7.699312e-03 
 1.690000e+04  2.854763e+01 -1.239246e-02  1.213403e-02 -7.740838e-03 
 1.695000e+04  2.904360e+01 -1.245732e-02  1.219641e-02 -7.783799e-03 
 1.700000e+04  2.953958e+01 -1.252147e-02  1.225800e-02 -7.826228e-03 
 1.705000e+04  3.005492e+01 -1.258749e-02  1.232114e-02 -7.869775e-03 
 1.710000e+04  3.060173e+01 -1.265709e-02  1.238728e-02 -7.915541e-03 
 1.715000e+04  3.114854e+01 -1.272607e-02  1.245249e-02 -7.960804e-03 
 1.720000e+04  3.169536e+01 -1.279416e-02  1.251686e-02 -8.005571e-03 
 1.725000e+04  3.224217e+01 -1.286144e-02  1.258067e-02 -8.049905e-03 
 1.730000e+04  3.278898e+01 -1.292796e-02  1.264401e-02 -8.093820e-03 
 1.735000e+04  3.333580e+01 -1.299371e-02  1.270690e-02 -8.137227e-03 
 1.740000e+04  3.391380e+01 -1.306244e-02  1.277279e-02 -8.182600e-03 
 1.745000e+04  3.453596e+01 -1.313598e-02  1.284300e-02 -8.230895e-03 
 1.750000e+04  3.516896e+01 -1.321007e-02  1.291354e-02 -8.279523e-03 
 1.755000e+04  3.580196e+01 -1.328338e-02  1.298287e-02 -8.327569e-03 
 1.760000e+04  3.645586e+01 -1.335830e-02  1.305348e-02 -8.376614e-03 
 1.765000e+04  3.712051e+01 -1.343374e-02  1.312448e-02 -8.425992e-03 
 1.770000e+04  3.778517e+01 -1.350819e-02  1.319470e-02 -8.474825e-03 
 1.775000e+04  3.844982e+01 -1.358167e-02  1.326427e-02 -8.523039e-03 
 1.780000e+04  3.913840e+01 -1.365695e-02  1.333587e-02 -8.572482e-03 
 1.785000e+04  3.983629e+01 -1.373245e-02  1.340789e-02 -8.622083e-03 
 1.790000e+04  4.053418e+01 -1.380709e-02  1.347903e-02 -8.671015e-03 
 1.795000e+04  4.128018e+01 -1.388620e-02  1.355404e-02 -8.722694e-03 
 1.800000e+04  4.204960e+01 -1.396713e-02  1.363045e-02 -8.775482e-03 
 1.805000e+04  4.281902e+01 -1.404705e-02  1.370562e-02 -8.827648e-03 
 1.810000e+04  4.358844e+01 -1.412591e-02  1.377975e-02 -8.879220e-03 
 1.815000e+04  4.435786e+01 -1.420395e-02  1.385325e-02 -8.930267e-03 
 1.820000e+04  4.512728e+01 -1.428112e-02  1.392613e-02 -8.980750e-03 
 1.825000e+04  4.590132e+01 -1.435770e-02  1.399879e-02 -9.030890e-03 
 1.830000e+04  4.673668e+01 -1.443965e-02  1.407650e-02 -9.084360e-03 
 1.835000e+04  4.760872e+01 -1.452448e-02  1.415682e-02 -9.139544e-03 
 1.840000e+04  4.849942e+01 -1.461012e-02  1.423760e-02 -9.195293e-03 
 1.845000e+04  4.939012e+01 -1.469467e-02  1.431708e-02 -9.250355e-03 
 1.850000e+04  5.031467e+01 -1.478154e-02  1.439841e-02 -9.306869e-03 
 1.855000e+04  5.124990e+01 -1.486849e-02  1.447973e-02 -9.363369e-03 
 1.860000e+04  5.218514e+01 -1.495434e-02  1.456017e-02 -9.419136e-03 
 1.865000e+04  5.312037e+01 -1.503915e-02  1.463978e-02 -9.474200e-03 
 1.870000e+04  5.409769e+01 -1.512671e-02  1.472230e-02 -9.531122e-03 
 1.875000e+04  5.507969e+01 -1.521372e-02  1.480436e-02 -9.587629e-03 
 1.880000e+04  5.608462e+01 -1.530167e-02  1.488717e-02 -9.644691e-03 
 1.885000e+04  5.716727e+01 -1.539552e-02  1.497529e-02 -9.705522e-03 
 1.890000e+04  5.824992e+01 -1.548841e-02  1.506214e-02 -9.765646e-03 
 1.895000e+04  5.933257e+01 -1.558010e-02  1.514765e-02 -9.824947e-03 
 1.900000e+04  6.041522e+01 -1.567064e-02  1.523208e-02 -9.883474e-03 
 1.905000e+04  6.154768e+01 -1.576436e-02  1.531950e-02 -9.943987e-03 
 1.910000e+04  6.268446e+01 -1.585719e-02  1.540639e-02 -1.000400e-02 
 1.915000e+04  6.382125e+01 -1.594873e-02  1.549231e-02 -1.006320e-02 
 1.920000e+04  6.503999e+01 -1.604586e-02  1.558348e-02 -1.012593e-02 
 1.925000e+04  6.629330e+01 -1.614468e-02  1.567605e-02 -1.018973e-02 
 1.930000e+04  6.754660e+01 -1.624216e-02  1.576716e-02 -1.025265e-02 
 1.935000e+04  6.882873e+01 -1.634073e-02  1.585902e-02 -1.031611e-02 
 1.940000e+04  7.014470e+01 -1.644093e-02  1.595203e-02 -1.038047e-02 
 1.945000e+04  7.146067e+01 -1.653984e-02  1.604378e-02 -1.044401e-02 
 1.950000e+04  7.277664e+01 -1.663742e-02  1.613441e-02 -1.050669e-02 
 1.955000e+04  7.413604e+01 -1.673706e-02  1.622709e-02 -1.057060e-02 
 1.960000e+04  7.551781e+01 -1.683706e-02  1.632029e-02 -1.063485e-02 
 1.965000e+04  7.689958e+01 -1.693579e-02  1.641222e-02 -1.069822e-02 
 1.970000e+04  7.837565e+01 -1.704003e-02  1.650913e-02 -1.076502e-02 
 1.975000e+04  7.989905e+01 -1.714658e-02  1.660789e-02 -1.083318e-02 
 1.980000e+04  8.142245e+01 -1.725172e-02  1.670515e-02 -1.090037e-02 
 1.985000e+04  8.295194e+01 -1.735590e-02  1.680130e-02 -1.096687e-02 
 1.990000e+04  8.455151e+01 -1.746356e-02  1.690053e-02 -1.103551e-02 
 1.995000e+04  8.615108e+01 -1.756978e-02  1.699862e-02 -1.110330e-02 
 2.000000e+04  8.775065e+01 -1.767451e-02  1.709556e-02 -1.117017e-02 
 2.005000e+04  8.945587e+01 -1.778471e-02  1.719767e-02 -1.124046e-02 
 2.010000e+04  9.121940e+01 -1.789737e-02  1.730204e-02 -1.131231e-02 
 2.015000e+04  9.298293e+01 -1.800853e-02  1.740490e-02 -1.138311e-02 
 2.020000e+04  9.479257e+01 -1.812104e-02  1.750878e-02 -1.145463e-02 
 2.025000e+04  9.673685e+01 -1.824058e-02  1.761876e-02 -1.153050e-02 
 2.030000e+04  9.868114e+01 -1.835849e-02  1.772719e-02 -1.160536e-02 
 2.035000e+04  1.006254e+02 -1.847464e-02  1.783396e-02 -1.167904e-02 
 2.040000e+04  1.026665e+02 -1.859495e-02  1.794446e-02 -1.175526e-02 
 2.045000e+04  1.048101e+02 -1.871964e-02  1.805915e-02 -1.183427e-02 
 2.050000e+04  1.069537e+02 -1.884251e-02  1.817210e-02 -1.191201e-02 
 2.055000e+04  1.091380e+02 -1.896594e-02  1.828547e-02 -1.198999e-02 
 2.060000e+04  1.113888e+02 -1.909160e-02  1.840051e-02 -1.206922e-02 
 2.065000e+04  1.136395e+02 -1.921543e-02  1.851373e-02 -1.214732e-02 
 2.070000e+04  1.159128e+02 -1.933865e-02  1.862624e-02 -1.222495e-02 
 2.075000e+04  1.183753e+02 -1.947051e-02  1.874630e-02 -1.230781e-02 
 2.080000e+04  1.208568e+02 -1.960152e-02  1.886561e-02 -1.239016e-02 
 2.085000e+04  1.233382e+02 -1.973034e-02  1.898306e-02 -1.247114e-02 
 2.090000e+04  1.258793e+02 -1.986026e-02  1.910155e-02 -1.255268e-02 
 2.095000e+04  1.285942e+02 -1.999720e-02  1.922643e-02 -1.263854e-02 
 2.100000e+04  1.313300e+02 -2.013311e-02  1.935036e-02 -1.272378e-02 
 2.105000e+04  1.340658e+02 -2.026686e-02  1.947215e-02 -1.280761e-02 
 2.110000e+04  1.370332e+02 -2.040988e-02  1.960206e-02 -1.289713e-02 
 2.115000e+04  1.400494e+02 -2.055317e-02  1.973206e-02 -1.298669e-02 
 2.120000e+04  1.430657e+02 -2.069404e-02  1.985980e-02 -1.307465e-02 
 2.125000e+04  1.461302e+02 -2.083491e-02  1.998734e-02 -1.316246e-02 
 2.130000e+04  1.492972e+02 -2.097829e-02  2.011722e-02 -1.325188e-02 
 2.135000e+04  1.524642e+02 -2.111938e-02  2.024505e-02 -1.333983e-02 
 2.140000e+04  1.557374e+02 -2.126287e-02  2.037493e-02 -1.342911e-02 
 2.145000e+04  1.593931e+02 -2.142105e-02  2.051781e-02 -1.352738e-02 
 2.150000e+04  1.630594e+02 -2.157709e-02  2.065857e-02 -1.362431e-02 
 2.155000e+04  1.667256e+02 -2.173034e-02  2.079646e-02 -1.371930e-02 
 2.160000e+04  1.703955e+02 -2.188126e-02  2.093187e-02 -1.381267e-02 
 2.165000e+04  1.742451e+02 -2.203706e-02  2.107156e-02 -1.390902e-02 
 2.170000e+04  1.780946e+02 -2.219020e-02  2.120890e-02 -1.400365e-02 
 2.175000e+04  1.820096e+02 -2.234331e-02  2.134609e-02 -1.409816e-02 
 2.180000e+04  1.862457e+02 -2.250646e-02  2.149226e-02 -1.419891e-02 
 2.185000e+04  1.904898e+02 -2.266712e-02  2.163625e-02 -1.429809e-02 
 2.190000e+04  1.947340e+02 -2.282482e-02  2.177747e-02 -1.439522e-02 
 2.195000e+04  1.991394e+02 -2.298578e-02  2.192131e-02 -1.449420e-02 
 2.200000e+04  2.035957e+02 -2.314585e-02  2.206430e-02 -1.459275e-02 
 2.205000e+04  2.080521e+02 -2.330309e-02  2.220469e-02 -1.468951e-02 
 2.210000e+04  2.127954e+02 -2.346756e-02  2.235148e-02 -1.479062e-02 
 2.215000e+04  2.179542e+02 -2.364368e-02  2.250861e-02 -1.489880e-02 
 2.220000e+04  2.231130e+02 -2.381663e-02  2.266282e-02 -1.500495e-02 
 2.225000e+04  2.282717e+02 -2.398629e-02  2.281382e-02 -1.510882e-02 
 2.230000e+04  2.334357e+02 -2.415306e-02  2.296193e-02 -1.521083e-02 
 2.235000e+04  2.388524e+02 -2.432493e-02  2.311440e-02 -1.531601e-02 
 2.240000e+04  2.442691e+02 -2.449376e-02  2.326396e-02 -1.541922e-02 
 2.245000e+04  2.500671e+02 -2.467144e-02  2.342099e-02 -1.552764e-02 
 2.250000e+04  2.560391e+02 -2.485155e-02  2.357993e-02 -1.563744e-02 
 2.255000e+04  2.620110e+02 -2.502817e-02  2.373570e-02 -1.574501e-02 
 2.260000e+04  2.680068e+02 -2.520192e-02  2.388889e-02 -1.585070e-02 
 2.265000e+04  2.745344e+02 -2.538764e-02  2.405259e-02 -1.596369e-02 
 2.270000e+04  2.811184e+02 -2.557162e-02  2.421468e-02 -1.607569e-02 
 2.275000e+04  2.877025e+02 -2.575206e-02  2.437340e-02 -1.618540e-02 
 2.280000e+04  2.944380e+02 -2.593314e-02  2.453245e-02 -1.629540e-02 
 2.285000e+04  3.013512e+02 -2.611562e-02  2.469261e-02 -1.640621e-02 
 2.290000e+04  3.082645e+02 -2.629453e-02  2.484959e-02 -1.651478e-02 
 2.295000e+04  3.155991e+02 -2.648075e-02  2.501294e-02 -1.662769e-02 
 2.300000e+04  3.232209e+02 -2.667086e-02  2.517968e-02 -1.674299e-02 
 2.305000e+04  3.308428e+02 -2.685727e-02  2.534313e-02 -1.685608e-02 
 2.310000e+04  3.385104e+02 -2.704100e-02  2.550406e-02 -1.696741e-02 
 2.315000e+04  3.468575e+02 -2.723733e-02  2.567573e-02 -1.708630e-02 
 2.320000e+04  3.552606e+02 -2.743130e-02  2.584519e-02 -1.720379e-02 
 2.325000e+04  3.636636e+02 -2.762146e-02  2.601100e-02 -1.731882e-02 
 2.330000e+04  3.724344e+02 -2.781603e-02  2.618027e-02 -1.743634e-02 
 2.335000e+04  3.816988e+02 -2.801779e-02  2.635566e-02 -1.755822e-02 
 2.340000e+04  3.909632e+02 -2.821546e-02  2.652748e-02 -1.767766e-02 
 2.345000e+04  4.002739e+02 -2.840997e-02  2.669641e-02 -1.779510e-02 
 2.350000e+04  4.103712e+02 -2.861680e-02  2.687589e-02 -1.791998e-02 
 2.355000e+04  4.205852e+02 -2.882195e-02  2.705388e-02 -1.804390e-02 
 2.360000e+04  4.307993e+02 -2.902278e-02  2.722797e-02 -1.816515e-02 
 2.365000e+04  4.412482e+02 -2.922393e-02  2.740210e-02 -1.828653e-02 
 2.370000e+04  4.519729e+02 -2.942627e-02  2.757721e-02 -1.840873e-02 
 2.375000e+04  4.626976e+02 -2.962437e-02  2.774867e-02 -1.852839e-02 
 2.380000e+04  4.739274e+02 -2.982755e-02  2.792454e-02 -1.865110e-02 
 2.385000e+04  4.855015e+02 -3.003298e-02  2.810241e-02 -1.877526e-02 
 2.390000e+04  4.970756e+02 -3.023424e-02  2.827670e-02 -1.889696e-02 
 2.395000e+04  5.086496e+02 -3.043126e-02  2.844721e-02 -1.901607e-02 
 2.400000e+04  5.202237e+02 -3.062434e-02  2.861412e-02 -1.913280e-02 
 2.405000e+04  5.317978e+02 -3.081369e-02  2.877769e-02 -1.924733e-02 
 2.410000e+04  5.433719e+02 -3.099946e-02  2.893805e-02 -1.935965e-02 
 2.415000e+04  5.549459e+02 -3.118191e-02  2.909536e-02 -1.946992e-02 
 2.420000e+04  5.665200e+02 -3.136125e-02  2.924989e-02 -1.957835e-02 
 2.425000e+04  5.780941e+02 -3.153749e-02  2.940174e-02 -1.968498e-02 
 2.430000e+04  5.896682e+02 -3.171063e-02  2.955091e-02 -1.978972e-02 
 2.435000e+04  6.012422e+02 -3.188084e-02  2.969753e-02 -1.989275e-02 
 2.440000e+04  6.128163e+02 -3.204832e-02  2.984171e-02 -1.999420e-02 
 2.445000e+04  6.243904e+02 -3.221311e-02  2.998346e-02 -2.009403e-02 
 2.450000e+04  6.359645e+02 -3.237529e-02  3.012289e-02 -2.019226e-02 
 2.455000e+04  6.475385e+02 -3.253500e-02  3.026013e-02 -2.028901e-02 
 2.460000e+04  6.591126e+02 -3.269230e-02  3.039526e-02 -2.038436e-02 
 2.465000e+04  6.706867e+02 -3.284717e-02  3.052834e-02 -2.047829e-02 
 2.470000e+04  6.822608e+02 -3.299976e-02  3.065943e-02 -2.057086e-02 
 2.475000e+04  6.938348e+02 -3.315018e-02  3.078865e-02 -2.066217e-02 
 2.480000e+04  7.054089e+02 -3.329843e-02  3.091602e-02 -2.075225e-02 
 2.485000e+04  7.169830e+02 -3.344459e-02  3.104156e-02 -2.084107e-02 
 2.490000e+04  7.285571e+02 -3.358882e-02  3.116538e-02 -2.092872e-02 
 2.495000e+04  7.401311e+02 -3.373117e-02  3.128754e-02 -2.101525e-02 
 2.500000e+04  7.517052e+02 -3.387158e-02  3.140798e-02 -2.110063e-02 
 2.505000e+04  7.632793e+02 -3.401011e-02  3.152680e-02 -2.118493e-02 
 2.510000e+04  7.748534e+02 -3.414689e-02  3.164412e-02 -2.126825e-02 
 2.515000e+04  7.864274e+02 -3.428194e-02  3.176001e-02 -2.135056e-02 
 2.520000e+04  7.980015e+02 -3.441534e-02  3.187443e-02 -2.143182e-02 
 2.525000e+04  8.095756e+02 -3.454715e-02  3.198744e-02 -2.151214e-02 
 2.530000e+04  8.211496e+02 -3.467741e-02  3.209910e-02 -2.159159e-02 
 2.535000e+04  8.327237e+02 -3.480607e-02  3.220939e-02 -2.167012e-02 
 2.540000e+04  8.442978e+02 -3.493317e-02  3.231836e-02 -2.174773e-02 
 2.545000e+04  8.558719e+02 -3.505880e-02  3.242613e-02 -2.182452e-02 
 2.550000e+04  8.674459e+02 -3.518305e-02  3.253272e-02 -2.190047e-02 
 2.555000e+04  8.790200e+02 -3.530589e-02  3.263811e-02 -2.197561e-02 
 2.560000e+04  8.905941e+02 -3.542738e-02  3.274231e-02 -2.204995e-02 
 2.565000e+04  9.021682e+02 -3.554756e-02  3.284541e-02 -2.212355e-02 
 2.570000e+04  9.137422e+02 -3.566649e-02  3.294738e-02 -2.219639e-02 
 2.575000e+04  9.253163e+02 -3.578419e-02  3.304827e-02 -2.226849e-02 
 2.580000e+04  9.368904e+02 -3.590069e-02  3.314809e-02 -2.233988e-02 
 2.585000e+04  9.484645e+02 -3.601601e-02  3.324689e-02 -2.241060e-02 
 2.590000e+04  9.600385e+02 -3.613018e-02  3.334469e-02 -2.248065e-02 
 2.595000e+04  9.716126e+02 -3.624320e-02  3.344151e-02 -2.255002e-02 
 2.600000e+04  9.831867e+02 -3.635517e-02  3.353738e-02 -2.261875e-02 
 2.605000e+04  9.947608e+02 -3.646612e-02  3.363234e-02 -2.268687e-02 
 2.610000e+04  1.006335e+03 -3.657601e-02  3.372639e-02 -2.275436e-02 
 2.615000e+04  1.017909e+03 -3.668484e-02  3.381953e-02 -2.282123e-02 
 2.620000e+04  1.029483e+03 -3.679263e-02  3.391181e-02 -2.288753e-02 
 2.625000e+04  1.041057e+03 -3.689941e-02  3.400327e-02 -2.295327e-02 
 2.630000e+04  1.052631e+03 -3.700523e-02  3.409393e-02 -2.301844e-02 
 2.635000e+04  1.064205e+03 -3.711011e-02  3.418382e-02 -2.308303e-02 
 2.640000e+04  1.075779e+03 -3.721406e-02  3.427295e-02 -2.314707e-02 
 2.645000e+04  1.087353e+03 -3.731711e-02  3.436133e-02 -2.321061e-02 
 2.650000e+04  1.098927e+03 -3.741926e-02  3.444897e-02 -2.327362e-02 
 2.655000e+04  1.110501e+03 -3.752057e-02  3.453586e-02 -2.333614e-02 
 2.660000e+04  1.122076e+03 -3.762102e-02  3.462203e-02 -2.339816e-02 
 2.665000e+04  1.133650e+03 -3.772065e-02  3.470746e-02 -2.345967e-02 
 2.670000e+04  1.145224e+03 -3.781948e-02  3.479222e-02 -2.352070e-02 
 2.675000e+04  1.156798e+03 -3.791754e-02  3.487633e-02 -2.358129e-02 
 2.680000e+04  1.168372e+03 -3.801484e-02  3.495979e-02 -2.364144e-02 
 2.685000e+04  1.179946e+03 -3.811138e-02  3.504259e-02 -2.370113e-02 
 2.690000e+04  1.191520e+03 -3.820722e-02  3.512476e-02 -2.376042e-02 
 2.695000e+04  1.203094e+03 -3.830237e-02  3.520632e-02 -2.381932e-02 
 2.700000e+04  1.214668e+03 -3.839681e-02  3.528726e-02 -2.387782e-02 
 2.705000e+04  1.226242e+03 -3.849053e-02  3.536760e-02 -2.393590e-02 
 2.710000e+04  1.237816e+03 -3.858359e-02  3.544736e-02 -2.399359e-02 
 2.715000e+04  1.249390e+03 -3.867599e-02  3.552657e-02 -2.405091e-02 
 2.720000e+04  1.260964e+03 -3.876773e-02  3.560522e-02 -2.410784e-02 
 2.725000e+04  1.272539e+03 -3.885878e-02  3.568333e-02 -2.416439e-02 
 2.730000e+04  1.284113e+03 -3.894916e-02  3.576093e-02 -2.422058e-02 
 2.735000e+04  1.295687e+03 -3.903896e-02  3.583800e-02 -2.427641e-02 
 2.740000e+04  1.307261e+03 -3.912815e-02  3.591455e-02 -2.433188e-02 
 2.745000e+04  1.318835e+03 -3.921675e-02  3.599060e-02 -2.438702e-02 
 2.750000e+04  1.330409e+03 -3.930472e-02  3.606612e-02 -2.444182e-02 
 2.755000e+04  1.341983e+03 -3.939210e-02  3.614114e-02 -2.449630e-02 
 2.760000e+04  1.353557e+03 -3.947895e-02  3.621569e-02 -2.455047e-02 
 2.765000e+04  1.365131e+03 -3.956528e-02  3.628976e-02 -2.460434e-02 
 2.770000e+04  1.376705e+03 -3.965108e-02  3.636336e-02 -2.465790e-02 
 2.775000e+04  1.388279e+03 -3.973637e-02  3.643650e-02 -2.471117e-02 
 2.780000e+04  1.399853e+03 -3.982115e-02  3.650918e-02 -2.476416e-02 
 2.785000e+04  1.411427e+03 -3.990546e-02  3.658141e-02 -2.481690e-02 
 2.790000e+04  1.423001e+03 -3.998926e-02  3.665322e-02 -2.486938e-02 
 2.795000e+04  1.434576e+03 -4.007259e-02  3.672461e-02 -2.492158e-02 
 2.800000e+04  1.446150e+03 -4.015547e-02  3.679559e-02 -2.497354e-02 
 2.805000e+04  1.457724e+03 -4.023787e-02  3.686616e-02 -2.502524e-02 
 2.810000e+04  1.469298e+03 -4.031981e-02  3.693632e-02 -2.507670e-02 
 2.815000e+04  1.480872e+03 -4.040131e-02  3.700611e-02 -2.512791e-02 
 2.820000e+04  1.492446e+03 -4.048234e-02  3.707552e-02 -2.517887e-02 
 2.825000e+04  1.504020e+03 -4.056297e-02  3.714456e-02 -2.522961e-02 
 2.830000e+04  1.515594e+03 -4.064317e-02  3.721324e-02 -2.528014e-02 
 2.835000e+04  1.527168e+03 -4.072296e-02  3.728152e-02 -2.533045e-02 
 2.840000e+04  1.538742e+03 -4.080233e-02  3.734945e-02 -2.538053e-02 
 2.845000e+04  1.550316e+03 -4.088129e-02  3.741706e-02 -2.543038e-02 
 2.850000e+04  1.561890e+03 -4.095984e-02  3.748432e-02 -2.548001e-02 
 2.855000e+04  1.573464e+03 -4.103801e-02  3.755127e-02 -2.552943e-02 
 2.860000e+04  1.585039e+03 -4.111576e-02  3.761791e-02 -2.557865e-02 
 2.865000e+04  1.596613e+03 -4.119311e-02  3.768425e-02 -2.562765e-02 
 2.870000e+04  1.608187e+03 -4.127008e-02  3.775030e-02 -2.567644e-02 
 2.875000e+04  1.619761e+03 -4.134671e-02  3.781607e-02 -2.572505e-02 
 2.880000e+04  1.631335e+03 -4.142299e-02  3.788155e-02 -2.577347e-02 
 2.885000e+04  1.642909e+03 -4.149893e-02  3.794674e-02 -2.582169e-02 
 2.890000e+04  1.654483e+03 -4.157452e-02  3.801165e-02 -2.586972e-02 
 2.895000e+04  1.666057e+03 -4.164975e-02  3.807629e-02 -2.591758e-02 
 2.900000e+04  1.677631e+03 -4.172467e-02  3.814064e-02 -2.596526e-02 
 2.905000e+04  1.689205e+03 -4.179927e-02  3.820471e-02 -2.601276e-02 
 2.910000e+04  1.700779e+03 -4.187359e-02  3.826852e-02 -2.606009e-02 
 2.915000e+04  1.712353e+03 -4.194761e-02  3.833210e-02 -2.610726e-02 
 2.920000e+04  1.723927e+03 -4.202131e-02  3.839543e-02 -2.615425e-02 
 2.925000e+04  1.735501e+03 -4.209471e-02  3.845852e-02 -2.620106e-02 
 2.930000e+04  1.747076e+03 -4.216782e-02  3.852137e-02 -2.624771e-02 
 2.935000e+04  1.758650e+03 -4.224061e-02  3.858396e-02 -2.629418e-02 
 2.940000e+04  1.770224e+03 -4.231308e-02  3.864633e-02 -2.634049e-02 
 2.945000e+04  1.781798e+03 -4.238526e-02  3.870849e-02 -2.638666e-02 
 2.950000e+04  1.793372e+03 -4.245715e-02  3.877043e-02 -2.643265e-02 
 2.955000e+04  1.804946e+03 -4.252876e-02  3.883216e-02 -2.647849e-02 
 2.960000e+04  1.816520e+03 -4.260012e-02  3.889370e-02 -2.652418e-02 
 2.965000e+04  1.828094e+03 -4.267122e-02  3.895501e-02 -2.656972e-02 
 2.970000e+04  1.839668e+03 -4.274205e-02  3.901612e-02 -2.661509e-02 
 2.975000e+04  1.851242e+03 -4.281262e-02  3.907702e-02 -2.666032e-02 
 2.980000e+04  1.862816e+03 -4.288294e-02  3.913773e-02 -2.670539e-02 
 2.985000e+04  1.874390e+03 -4.295301e-02  3.919825e-02 -2.675032e-02 
 2.990000e+04  1.885964e+03 -4.302286e-02  3.925857e-02 -2.679510e-02 
 2.995000e+04  1.897539e+03 -4.309250e-02  3.931869e-02 -2.683976e-02 
 3.000000e+04  1.909113e+03 -4.316195e-02  3.937861e-02 -2.688428e-02 
 3.005000e+04  1.920687e+03 -4.323119e-02  3.943832e-02 -2.692866e-02 
 3.010000e+04  1.932261e+03 -4.330024e-02  3.949783e-02 -2.697291e-02 
 3.015000e+04  1.943835e+03 -4.336910e-02  3.955718e-02 -2.701703e-02 
 3.020000e+04  1.955409e+03 -4.343779e-02  3.961634e-02 -2.706102e-02 
 3.025000e+04  1.966983e+03 -4.350628e-02  3.967533e-02 -2.710487e-02 
 3.030000e+04  1.978557e+03 -4.357455e-02  3.973417e-02 -2.714860e-02 
 3.035000e+04  1.990131e+03 -4.364264e-02  3.979281e-02 -2.719219e-02 
 3.040000e+04  2.001705e+03 -4.371056e-02  3.985129e-02 -2.723567e-02 
 3.045000e+04  2.013279e+03 -4.377828e-02  3.990962e-02 -2.727901e-02 
 3.050000e+04  2.024853e+03 -4.384583e-02  3.996777e-02 -2.732223e-02 
 3.055000e+04  2.036427e+03 -4.391322e-02  4.002575e-02 -2.736531e-02 
 3.060000e+04  2.048001e+03 -4.398045e-02  4.008357e-02 -2.740828e-02 
 3.065000e+04  2.059576e+03 -4.404751e-02  4.014128e-02 -2.745112e-02 
 3.070000e+04  2.071150e+03 -4.411441e-02  4.019884e-02 -2.749383e-02 
 3.075000e+04  2.082724e+03 -4.418115e-02  4.025627e-02 -2.753644e-02 
 3.080000e+04  2.094298e+03 -4.424775e-02  4.031356e-02 -2.757894e-02 
 3.085000e+04  2.105872e+03 -4.431421e-02  4.037073e-02 -2.762104e-02 
 3.090000e+04  2.117446e+03 -4.438053e-02  4.042758e-02 -2.766288e-02 
 3.095000e+04  2.129020e+03 -4.444670e-02  4.048394e-02 -2.770483e-02 
 3.100000e+04  2.140594e+03 -4.451246e-02  4.054039e-02 -2.774669e-02 
 3.105000e+04  2.152168e+03 -4.457801e-02  4.059696e-02 -2.778862e-02 
 3.110000e+04  2.163742e+03 -4.464335e-02  4.065362e-02 -2.783060e-02 
 3.115000e+04  2.175316e+03 -4.470875e-02  4.071026e-02 -2.787241e-02 
 3.120000e+04  2.186890e+03 -4.477429e-02  4.076678e-02 -2.791410e-02 
 3.125000e+04  2.198464e+03 -4.483947e-02  4.082316e-02 -2.795577e-02 
 3.130000e+04  2.210039e+03 -4.490436e-02  4.087935e-02 -2.799736e-02 
 3.135000e+04  2.221613e+03 -4.496917e-02  4.093532e-02 -2.803867e-02 
 3.140000e+04  2.233187e+03 -4.503392e-02  4.099113e-02 -2.807969e-02 
 3.145000e+04  2.244761e+03 -4.509837e-02  4.104663e-02 -2.812065e-02 
 3.150000e+04  2.256335e+03 -4.516253e-02  4.110207e-02 -2.816160e-02 
 3.155000e+04  2.267909e+03 -4.522659e-02  4.115747e-02 -2.820253e-02 
 3.160000e+04  2.279483e+03 -4.529055e-02  4.121278e-02 -2.824352e-02 
 3.165000e+04  2.291057e+03 -4.535440e-02  4.126796e-02 -2.828455e-02 
 3.170000e+04  2.302631e+03 -4.541829e-02  4.132306e-02 -2.832545e-02 
 3.175000e+04  2.314205e+03 -4.548199e-02  4.137800e-02 -2.836623e-02 
 3.180000e+04  2.325779e+03 -4.554562e-02  4.143296e-02 -2.840682e-02 
 3.185000e+04  2.337353e+03 -4.560898e-02  4.148781e-02 -2.844720e-02 
 3.190000e+04  2.348927e+03 -4.567202e-02  4.154255e-02 -2.848749e-02 
 3.195000e+04  2.360501e+03 -4.573489e-02  4.159717e-02 -2.852775e-02 
 3.200000e+04  2.372076e+03 -4.579763e-02  4.165172e-02 -2.856799e-02 
 3.205000e+04  2.383650e+03 -4.586040e-02  4.170607e-02 -2.860813e-02 
 3.210000e+04  2.395224e+03 -4.592281e-02  4.176034e-02 -2.864819e-02 
 3.215000e+04  2.406798e+03 -4.598516e-02  4.181458e-02 -2.868799e-02 
 3.220000e+04  2.418372e+03 -4.604748e-02  4.186869e-02 -2.872769e-02 
 3.225000e+04  2.429946e+03 -4.610962e-02  4.192255e-02 -2.876749e-02 
 3.230000e+04  2.441520e+03 -4.617129e-02  4.197627e-02 -2.880729e-02 
 3.235000e+04  2.453094e+03 -4.623293e-02  4.203005e-02 -2.884697e-02 
 3.240000e+04  2.464668e+03 -4.629445e-02  4.208394e-02 -2.888665e-02 
 3.245000e+04  2.476242e+03 -4.635583e-02  4.213774e-02 -2.892614e-02 
 3.250000e+04  2.487816e+03 -4.641713e-02  4.219137e-02 -2.896530e-02 
 3.255000e+04  2.499390e+03 -4.647862e-02  4.224472e-02 -2.900438e-02 
 3.260000e+04  2.510964e+03 -4.654006e-02  4.229792e-02 -2.904341e-02 
 3.265000e+04  2.522539e+03 -4.660087e-02  4.235104e-02 -2.908250e-02 
 3.270000e+04  2.534113e+03 -4.666141e-02  4.240400e-02 -2.912173e-02 
 3.275000e+04  2.545687e+03 -4.672155e-02  4.245695e-02 -2.916080e-02 
 3.280000e+04  2.557261e+03 -4.678190e-02  4.250989e-02 -2.919944e-02 
 3.285000e+04  2.568835e+03 -4.684237e-02  4.256277e-02 -2.923809e-02 
 3.290000e+04  2.580409e+03 -4.690229e-02  4.261567e-02 -2.927684e-02 
 3.295000e+04  2.591983e+03 -4.696210e-02  4.266853e-02 -2.931562e-02 
 3.300000e+04  2.603557e+03 -4.702200e-02  4.272129e-02 -2.935433e-02 
 3.305000e+04  2.615131e+03 -4.708192e-02  4.277392e-02 -2.939267e-02 
 3.310000e+04  2.626705e+03 -4.714135e-02  4.282633e-02 -2.943080e-02 
 3.315000e+04  2.638279e+03 -4.720058e-02  4.287863e-02 -2.946883e-02 
 3.320000e+04  2.649853e+03 -4.726000e-02  4.293078e-02 -2.950692e-02 
 3.325000e+04  2.661427e+03 -4.731896e-02  4.298290e-02 -2.954492e-02 
 3.330000e+04  2.673001e+03 -4.737812e-02  4.303500e-02 -2.958311e-02 
 3.335000e+04  2.684576e+03 -4.743775e-02  4.308711e-02 -2.962152e-02 
 3.340000e+04  2.696150e+03 -4.749745e-02  4.313901e-02 -2.965974e-02 
 3.345000e+04  2.707724e+03 -4.755710e-02  4.319055e-02 -2.969747e-02 
 3.350000e+04  2.719298e+03 -4.761613e-02  4.324164e-02 -2.973518e-02 
 3.355000e+04  2.730872e+03 -4.767442e-02  4.329261e-02 -2.977291e-02 
 3.360000e+04  2.742446e+03 -4.773241e-02  4.334358e-02 -2.981051e-02 
 3.365000e+04  2.754020e+03 -4.779036e-02  4.339466e-02 -2.984818e-02 
 3.370000e+04  2.765594e+03 -4.784832e-02  4.344587e-02 -2.988579e-02 
 3.375000e+04  2.777168e+03 -4.790656e-02  4.349718e-02 -2.992336e-02 
 3.380000e+04  2.788742e+03 -4.796503e-02  4.354846e-02 -2.996080e-02 
 3.385000e+04  2.800316e+03 -4.802349e-02  4.359977e-02 -2.999818e-02 
 3.390000e+04  2.811890e+03 -4.808174e-02  4.365094e-02 -3.003547e-02 
 3.395000e+04  2.823464e+03 -4.813965e-02  4.370185e-02 -3.007292e-02 
 3.400000e+04  2.835039e+03 -4.819720e-02  4.375261e-02 -3.011032e-02 
 3.405000e+04  2.846613e+03 -4.825432e-02  4.380326e-02 -3.014761e-02 
 3.410000e+04  2.858187e+03 -4.831119e-02  4.385392e-02 -3.018472e-02 
 3.415000e+04  2.869761e+03 -4.836797e-02  4.390463e-02 -3.022181e-02 
 3.420000e+04  2.881335e+03 -4.842495e-02  4.395527e-02 -3.025883e-02 
 3.425000e+04  2.892909e+03 -4.848168e-02  4.400575e-02 -3.029587e-02 
 3.430000e+04  2.904483e+03 -4.853885e-02  4.405611e-02 -3.033276e-02 
 3.435000e+04  2.916057e+03 -4.859585e-02  4.410617e-02 -3.036943e-02 
 3.440000e+04  2.927631e+03 -4.865229e-02  4.415594e-02 -3.040589e-02 
 3.445000e+04  2.939205e+03 -4.870857e-02  4.420553e-02 -3.044248e-02 
 3.450000e+04  2.950779e+03 -4.876496e-02  4.425501e-02 -3.047935e-02 
 3.455000e+04  2.962353e+03 -4.882141e-02  4.430449e-02 -3.051631e-02 
 3.460000e+04  2.973927e+03 -4.887803e-02  4.435413e-02 -3.055323e-02 
 3.465000e+04  2.985501e+03 -4.893479e-02  4.440396e-02 -3.059006e-02 
 3.470000e+04  2.997076e+03 -4.899165e-02  4.445363e-02 -3.062660e-02 
 3.475000e+04  3.008650e+03 -4.904847e-02  4.450258e-02 -3.066290e-02 
 3.480000e+04  3.020224e+03 -4.910516e-02  4.455143e-02 -3.069902e-02 
 3.485000e+04  3.031798e+03 -4.916130e-02  4.460002e-02 -3.073520e-02 
 3.490000e+04  3.043372e+03 -4.921670e-02  4.464872e-02 -3.077139e-02 
 3.495000e+04  3.054946e+03 -4.927201e-02  4.469728e-02 -3.080776e-02 
 3.500000e+04  3.066520e+03 -4.932735e-02  4.474571e-02 -3.084414e-02 
 3.505000e+04  3.078094e+03 -4.938257e-02  4.479421e-02 -3.088045e-02 
 3.510000e+04  3.089668e+03 -4.943786e-02  4.484310e-02 -3.091650e-02 
 3.515000e+04  3.101242e+03 -4.949309e-02  4.489243e-02 -3.095247e-02 
 3.520000e+04  3.112816e+03 -4.954844e-02  4.494183e-02 -3.098831e-02 
 3.525000e+04  3.124390e+03 -4.960377e-02  4.499087e-02 -3.102415e-02 
 3.530000e+04  3.135964e+03 -4.965893e-02  4.503964e-02 -3.106006e-02 
 3.535000e+04  3.147539e+03 -4.971359e-02  4.508822e-02 -3.109581e-02 
 3.540000e+04  3.159113e+03 -4.976763e-02  4.513614e-02 -3.113137e-02 
 3.545000e+04  3.170687e+03 -4.982153e-02  4.518369e-02 -3.116691e-02 
 3.550000e+04  3.182261e+03 -4.987573e-02  4.523123e-02 -3.120260e-02 
 3.555000e+04  3.193835e+03 -4.993030e-02  4.527873e-02 -3.123829e-02 
 3.560000e+04  3.205409e+03 -4.998494e-02  4.532633e-02 -3.127367e-02 
 3.565000e+04  3.216983e+03 -5.003983e-02  4.537410e-02 -3.130908e-02 
 3.570000e+04  3.228557e+03 -5.009497e-02  4.542207e-02 -3.134457e-02 
 3.575000e+04  3.240131e+03 -5.014973e-02  4.546970e-02 -3.137993e-02 
 3.580000e+04  3.251705e+03 -5.020424e-02  4.551661e-02 -3.141524e-02 
 3.585000e+04  3.263279e+03 -5.025869e-02  4.556348e-02 -3.145064e-02 
 3.590000e+04  3.274853e+03 -5.031264e-02  4.561016e-02 -3.148618e-02 
 3.595000e+04  3.286427e+03 -5.036640e-02  4.565682e-02 -3.152159e-02 
 3.600000e+04  3.298001e+03 -5.042037e-02  4.570310e-02 -3.155685e-02 
 3.605000e+04  3.309576e+03 -5.047456e-02  4.574860e-02 -3.159197e-02 
 3.610000e+04  3.321150e+03 -5.052897e-02  4.579429e-02 -3.162682e-02 
 3.615000e+04  3.332724e+03 -5.058330e-02  4.584060e-02 -3.166150e-02 
 3.620000e+04  3.344298e+03 -5.063714e-02  4.588730e-02 -3.169631e-02 
 3.625000e+04  3.355872e+03 -5.069052e-02  4.593426e-02 -3.173122e-02 
 3.630000e+04  3.367446e+03 -5.074347e-02  4.598125e-02 -3.176625e-02 
 3.635000e+04  3.379020e+03 -5.079600e-02  4.602806e-02 -3.180123e-02 
 3.640000e+04  3.390594e+03 -5.084852e-02  4.607494e-02 -3.183632e-02 
 3.645000e+04  3.402168e+03 -5.090102e-02  4.612204e-02 -3.187138e-02 
 3.650000e+04  3.413742e+03 -5.095388e-02  4.616925e-02 -3.190627e-02 
 3.655000e+04  3.425316e+03 -5.100689e-02  4.621646e-02 -3.194107e-02 
 3.660000e+04  3.436890e+03 -5.105987e-02  4.626357e-02 -3.197582e-02 
 3.665000e+04  3.448464e+03 -5.111285e-02  4.631047e-02 -3.201036e-02 
 3.670000e+04  3.460039e+03 -5.116556e-02  4.635708e-02 -3.204469e-02 
 3.675000e+04  3.471613e+03 -5.121814e-02  4.640316e-02 -3.207919e-02 
 3.680000e+04  3.483187e+03 -5.127068e-02  4.644910e-02 -3.211400e-02 
 3.685000e+04  3.494761e+03 -5.132329e-02  4.649461e-02 -3.214900e-02 
 3.690000e+04  3.506335e+03 -5.137603e-02  4.654012e-02 -3.218397e-02 
 3.695000e+04  3.517909e+03 -5.142907e-02  4.658561e-02 -3.221872e-02 
 3.700000e+04  3.529483e+03 -5.148245e-02  4.663121e-02 -3.225307e-02 
 3.705000e+04  3.541057e+03 -5.153606e-02  4.667662e-02 -3.228724e-02 
 3.710000e+04  3.552631e+03 -5.158930e-02  4.672203e-02 -3.232150e-02 
 3.715000e+04  3.564205e+03 -5.164223e-02  4.676748e-02 -3.235589e-02 
 3.720000e+04  3.575779e+03 -5.169485e-02  4.681307e-02 -3.239018e-02 
 3.725000e+04  3.587353e+03 -5.174727e-02  4.685864e-02 -3.242460e-02 
 3.730000e+04  3.598927e+03 -5.179930e-02  4.690434e-02 -3.245916e-02 
 3.735000e+04  3.610501e+03 -5.185117e-02  4.695011e-02 -3.249369e-02 
 3.740000e+04  3.622076e+03 -5.190307e-02  4.699583e-02 -3.252788e-02 
 3.745000e+04  3.633650e+03 -5.195494e-02  4.704165e-02 -3.256194e-02 
 3.750000e+04  3.645224e+03 -5.200683e-02  4.708760e-02 -3.259579e-02 
 3.755000e+04  3.656798e+03 -5.205850e-02  4.713323e-02 -3.262954e-02 
 3.760000e+04  3.668372e+03 -5.210995e-02  4.717907e-02 -3.266325e-02 
 3.765000e+04  3.679946e+03 -5.216120e-02  4.722498e-02 -3.269726e-02 
 3.770000e+04  3.691520e+03 -5.221231e-02  4.727087e-02 -3.273147e-02 
 3.775000e+04  3.703094e+03 -5.226336e-02  4.731664e-02 -3.276574e-02 
 3.780000e+04  3.714668e+03 -5.231455e-02  4.736230e-02 -3.279998e-02 
 3.785000e+04  3.726242e+03 -5.236576e-02  4.740785e-02 -3.283408e-02 
 3.790000e+04  3.737816e+03 -5.241728e-02  4.745318e-02 -3.286784e-02 
 3.795000e+04  3.749390e+03 -5.246897e-02  4.749800e-02 -3.290118e-02 
 3.800000e+04  3.760964e+03 -5.252090e-02  4.754263e-02 -3.293452e-02 
 3.805000e+04  3.772539e+03 -5.257275e-02  4.758727e-02 -3.296808e-02 
 3.810000e+04  3.784113e+03 -5.262429e-02  4.763190e-02 -3.300179e-02 
 3.815000e+04  3.795687e+03 -5.267564e-02  4.767639e-02 -3.303572e-02 
 3.820000e+04  3.807261e+03 -5.272708e-02  4.772079e-02 -3.306975e-02 
 3.825000e+04  3.818835e+03 -5.277849e-02  4.776515e-02 -3.310362e-02 
 3.830000e+04  3.830409e+03 -5.282993e-02  4.780958e-02 -3.313726e-02 
 3.835000e+04  3.841983e+03 -5.288148e-02  4.785435e-02 -3.317058e-02 
 3.840000e+04  3.853557e+03 -5.293311e-02  4.789896e-02 -3.320392e-02 
 3.845000e+04  3.865131e+03 -5.298472e-02  4.794376e-02 -3.323733e-02 
 3.850000e+04  3.876705e+03 -5.303568e-02  4.798871e-02 -3.327077e-02 
 3.855000e+04  3.888279e+03 -5.308621e-02  4.803365e-02 -3.330427e-02 
 3.860000e+04  3.899853e+03 -5.313634e-02  4.807865e-02 -3.333790e-02 
 3.865000e+04  3.911427e+03 -5.318648e-02  4.812363e-02 -3.337159e-02 
 3.870000e+04  3.923001e+03 -5.323667e-02  4.816858e-02 -3.340510e-02 
 3.875000e+04  3.934576e+03 -5.328689e-02  4.821353e-02 -3.343842e-02 
 3.880000e+04  3.946150e+03 -5.333727e-02  4.825859e-02 -3.347156e-02 
 3.885000e+04  3.957724e+03 -5.338753e-02  4.830341e-02 -3.350460e-02 
 3.890000e+04  3.969298e+03 -5.343786e-02  4.834792e-02 -3.353758e-02 
 3.895000e+04  3.980872e+03 -5.348833e-02  4.839219e-02 -3.357054e-02 
 3.900000e+04  3.992446e+03 -5.353910e-02  4.843624e-02 -3.360374e-02 
 3.905000e+04  4.004020e+03 -5.358979e-02  4.848019e-02 -3.363712e-02 
 3.910000e+04  4.015594e+03 -5.364039e-02  4.852406e-02 -3.367041e-02 
 3.915000e+04  4.027168e+03 -5.369114e-02  4.856807e-02 -3.370370e-02 
 3.920000e+04  4.038742e+03 -5.374211e-02  4.861212e-02 -3.373692e-02 
 3.925000e+04  4.050316e+03 -5.379310e-02  4.865582e-02 -3.376993e-02 
 3.930000e+04  4.061890e+03 -5.384402e-02  4.869902e-02 -3.380288e-02 
 3.935000e+04  4.073464e+03 -5.389497e-02  4.874245e-02 -3.383578e-02 
 3.940000e+04  4.085039e+03 -5.394574e-02  4.878583e-02 -3.386858e-02 
 3.945000e+04  4.096613e+03 -5.399628e-02  4.882934e-02 -3.390137e-02 
 3.950000e+04  4.108187e+03 -5.404678e-02  4.887299e-02 -3.393431e-02 
 3.955000e+04  4.119761e+03 -5.409710e-02  4.891689e-02 -3.396742e-02 
 3.960000e+04  4.131335e+03 -5.414705e-02  4.896094e-02 -3.400053e-02 
 3.965000e+04  4.142909e+03 -5.419674e-02  4.900508e-02 -3.403352e-02 
 3.970000e+04  4.154483e+03 -5.424647e-02  4.904936e-02 -3.406635e-02 
 3.975000e+04  4.166057e+03 -5.429606e-02  4.909371e-02 -3.409903e-02 
 3.980000e+04  4.177631e+03 -5.434556e-02  4.913804e-02 -3.413164e-02 
 3.985000e+04  4.189205e+03 -5.439493e-02  4.918203e-02 -3.416428e-02 
 3.990000e+04  4.200779e+03 -5.444423e-02  4.922554e-02 -3.419699e-02 
 3.995000e+04  4.212353e+03 -5.449353e-02  4.926903e-02 -3.422972e-02 
 4.000000e+04  4.223927e+03 -5.454282e-02  4.931256e-02 -3.426241e-02 
 4.005000e+04  4.235501e+03 -5.459218e-02  4.935625e-02 -3.429500e-02 
 4.010000e+04  4.247076e+03 -5.464173e-02  4.939991e-02 -3.432762e-02 
 4.015000e+04  4.258650e+03 -5.469134e-02  4.944355e-02 -3.436021e-02 
 4.020000e+04  4.270224e+03 -5.474095e-02  4.948707e-02 -3.439269e-02 
 4.025000e+04  4.281798e+03 -5.479070e-02  4.953045e-02 -3.442509e-02 
 4.030000e+04  4.293372e+03 -5.484058e-02  4.957368e-02 -3.445755e-02 
 4.035000e+04  4.304946e+03 -5.489054e-02  4.961677e-02 -3.449006e-02 
 4.040000e+04  4.316520e+03 -5.494048e-02  4.965967e-02 -3.452259e-02 
 4.045000e+04  4.328094e+03 -5.499035e-02  4.970242e-02 -3.455507e-02 
 4.050000e+04  4.339668e+03 -5.504015e-02  4.974512e-02 -3.458751e-02 
 4.055000e+04  4.351242e+03 -5.508967e-02  4.978746e-02 -3.461995e-02 
 4.060000e+04  4.362816e+03 -5.513880e-02  4.982991e-02 -3.465201e-02 
 4.065000e+04  4.374390e+03 -5.518788e-02  4.987206e-02 -3.468381e-02 
 4.070000e+04  4.385964e+03 -5.523708e-02  4.991442e-02 -3.471563e-02 
 4.075000e+04  4.397539e+03 -5.528619e-02  4.995723e-02 -3.474763e-02 
 4.080000e+04  4.409113e+03 -5.533516e-02  5.000038e-02 -3.477977e-02 
 4.085000e+04  4.420687e+03 -5.538391e-02  5.004382e-02 -3.481209e-02 
 4.090000e+04  4.432261e+03 -5.543264e-02  5.008731e-02 -3.484451e-02 
 4.095000e+04  4.443835e+03 -5.548127e-02  5.013062e-02 -3.487692e-02 
 4.100000e+04  4.455409e+03 -5.552969e-02  5.017381e-02 -3.490911e-02 
 4.105000e+04  4.466983e+03 -5.557798e-02  5.021699e-02 -3.494124e-02 
 4.110000e+04  4.478557e+03 -5.562627e-02  5.026033e-02 -3.497323e-02 
 4.115000e+04  4.490131e+03 -5.567454e-02  5.030346e-02 -3.500516e-02 
 4.120000e+04  4.501705e+03 -5.572299e-02  5.034642e-02 -3.503713e-02 
 4.125000e+04  4.513279e+03 -5.577167e-02  5.038921e-02 -3.506923e-02 
 4.130000e+04  4.524853e+03 -5.582046e-02  5.043195e-02 -3.510138e-02 
 4.135000e+04  4.536427e+03 -5.586916e-02  5.047455e-02 -3.513346e-02 
 4.140000e+04  4.548001e+03 -5.591768e-02  5.051705e-02 -3.516546e-02 
 4.145000e+04  4.559576e+03 -5.596615e-02  5.055954e-02 -3.519746e-02 
 4.150000e+04  4.571150e+03 -5.601479e-02  5.060182e-02 -3.522937e-02 
 4.155000e+04  4.582724e+03 -5.606355e-02  5.064407e-02 -3.526118e-02 
 4.160000e+04  4.594298e+03 -5.611230e-02  5.068640e-02 -3.529301e-02 
 4.165000e+04  4.605872e+03 -5.616099e-02  5.072876e-02 -3.532494e-02 
 4.170000e+04  4.617446e+03 -5.620969e-02  5.077118e-02 -3.535691e-02 
 4.175000e+04  4.629020e+03 -5.625827e-02  5.081352e-02 -3.538894e-02 
 4.180000e+04  4.640594e+03 -5.630664e-02  5.085580e-02 -3.542088e-02 
 4.185000e+04  4.652168e+03 -5.635456e-02  5.089779e-02 -3.545272e-02 
 4.190000e+04  4.663742e+03 -5.640221e-02  5.093992e-02 -3.548448e-02 
 4.195000e+04  4.675316e+03 -5.644988e-02  5.098200e-02 -3.551612e-02 
 4.200000e+04  4.686890e+03 -5.649761e-02  5.102402e-02 -3.554765e-02 
 4.205000e+04  4.698464e+03 -5.654506e-02  5.106633e-02 -3.557920e-02 
 4.210000e+04  4.710039e+03 -5.659258e-02  5.110892e-02 -3.561093e-02 
 4.215000e+04  4.721613e+03 -5.664020e-02  5.115156e-02 -3.564267e-02 
 4.220000e+04  4.733187e+03 -5.668791e-02  5.119407e-02 -3.567431e-02 
 4.225000e+04  4.744761e+03 -5.673566e-02  5.123650e-02 -3.570599e-02 
 4.230000e+04  4.756335e+03 -5.678329e-02  5.127879e-02 -3.573764e-02 
 4.235000e+04  4.767909e+03 -5.683081e-02  5.132085e-02 -3.576923e-02 
 4.240000e+04  4.779483e+03 -5.687840e-02  5.136282e-02 -3.580084e-02 
 4.245000e+04  4.791057e+03 -5.692604e-02  5.140480e-02 -3.583248e-02 
 4.250000e+04  4.802631e+03 -5.697382e-02  5.144675e-02 -3.586404e-02 
 4.255000e+04  4.814205e+03 -5.702171e-02  5.148857e-02 -3.589544e-02 
 4.260000e+04  4.825779e+03 -5.706972e-02  5.153010e-02 -3.592691e-02 
 4.265000e+04  4.837353e+03 -5.711775e-02  5.157175e-02 -3.595841e-02 
 4.270000e+04  4.848927e+03 -5.716551e-02  5.161350e-02 -3.598995e-02 
 4.275000e+04  4.860501e+03 -5.721295e-02  5.165538e-02 -3.602141e-02 
 4.280000e+04  4.872076e+03 -5.726034e-02  5.169732e-02 -3.605276e-02 
 4.285000e+04  4.883650e+03 -5.730775e-02  5.173926e-02 -3.608420e-02 
 4.290000e+04  4.895224e+03 -5.735517e-02  5.178126e-02 -3.611568e-02 
 4.295000e+04  4.906798e+03 -5.740247e-02  5.182319e-02 -3.614713e-02 
 4.300000e+04  4.918372e+03 -5.744971e-02  5.186517e-02 -3.617853e-02 
 4.305000e+04  4.929946e+03 -5.749678e-02  5.190719e-02 -3.620997e-02 
 4.310000e+04  4.941520e+03 -5.754375e-02  5.194919e-02 -3.624134e-02 
 4.315000e+04  4.953094e+03 -5.759068e-02  5.199113e-02 -3.627265e-02 
 4.320000e+04  4.964668e+03 -5.763765e-02  5.203303e-02 -3.630384e-02 
 4.325000e+04  4.976242e+03 -5.768458e-02  5.207496e-02 -3.633492e-02 
 4.330000e+04  4.987816e+03 -5.773153e-02  5.211681e-02 -3.636604e-02 
 4.335000e+04  4.999390e+03 -5.777840e-02  5.215853e-02 -3.639720e-02 
 4.340000e+04  5.010964e+03 -5.782539e-02  5.220015e-02 -3.642841e-02 
 4.345000e+04  5.022539e+03 -5.787240e-02  5.224172e-02 -3.645965e-02 
 4.350000e+04  5.034113e+03 -5.791959e-02  5.228322e-02 -3.649086e-02 
 4.355000e+04  5.045687e+03 -5.796683e-02  5.232458e-02 -3.652202e-02 
 4.360000e+04  5.057261e+03 -5.801399e-02  5.236584e-02 -3.655316e-02 
 4.365000e+04  5.068835e+03 -5.806108e-02  5.240721e-02 -3.658426e-02 
 4.370000e+04  5.080409e+03 -5.810808e-02  5.244867e-02 -3.661530e-02 
 4.375000e+04  5.091983e+03 -5.815494e-02  5.249009e-02 -3.664627e-02 
 4.380000e+04  5.103557e+03 -5.820146e-02  5.253114e-02 -3.667728e-02 
 4.385000e+04  5.115131e+03 -5.824804e-02  5.257206e-02 -3.670836e-02 
 4.390000e+04  5.126705e+03 -5.829460e-02  5.261308e-02 -3.673932e-02 
 4.395000e+04  5.138279e+03 -5.834115e-02  5.265422e-02 -3.677020e-02 
 4.400000e+04  5.149853e+03 -5.838775e-02  5.269564e-02 -3.680106e-02 
 4.405000e+04  5.161427e+03 -5.843440e-02  5.273722e-02 -3.683180e-02 
 4.410000e+04  5.173001e+03 -5.848106e-02  5.277879e-02 -3.686253e-02 
 4.415000e+04  5.184576e+03 -5.852738e-02  5.282030e-02 -3.689332e-02 
 4.420000e+04  5.196150e+03 -5.857355e-02  5.286169e-02 -3.692411e-02 
 4.425000e+04  5.207724e+03 -5.861945e-02  5.290309e-02 -3.695493e-02 
 4.430000e+04  5.219298e+03 -5.866545e-02  5.294448e-02 -3.698577e-02 
 4.435000e+04  5.230872e+03 -5.871150e-02  5.298568e-02 -3.701657e-02 
 4.440000e+04  5.242446e+03 -5.875771e-02  5.302682e-02 -3.704726e-02 
 4.445000e+04  5.254020e+03 -5.880410e-02  5.306751e-02 -3.707785e-02 
 4.450000e+04  5.265594e+03 -5.885062e-02  5.310780e-02 -3.710844e-02 
 4.455000e+04  5.277168e+03 -5.889707e-02  5.314817e-02 -3.713902e-02 
 4.460000e+04  5.288742e+03 -5.894349e-02  5.318870e-02 -3.716964e-02 
