         Step [creep.tim... Z Displace... Z Displace... X Displace... 
------------- ------------- ------------- ------------- ------------- 
 5.250000e+03  1.276223e-07 -4.629353e-03  4.524540e-03 -2.433365e-03 
 5.300000e+03  3.886505e-06 -4.629544e-03  4.524631e-03 -2.433556e-03 
 5.350000e+03  3.169897e-05 -4.630322e-03  4.524737e-03 -2.434062e-03 
 5.400000e+03  2.098998e-04 -4.630617e-03  4.524897e-03 -2.434161e-03 
 5.450000e+03  8.713592e-04 -4.631532e-03  4.526115e-03 -2.435493e-03 
 5.500000e+03  1.738997e-03 -4.634409e-03  4.528924e-03 -2.438237e-03 
 5.550000e+03  2.939866e-03 -4.640097e-03  4.534561e-03 -2.443195e-03 
 5.600000e+03  4.500837e-03 -4.648179e-03  4.543511e-03 -2.449562e-03 
 5.650000e+03  6.783614e-03 -4.659792e-03  4.557008e-03 -2.458275e-03 
 5.700000e+03  9.344552e-03 -4.671713e-03  4.570503e-03 -2.466479e-03 
 5.750000e+03  1.202499e-02 -4.682216e-03  4.581282e-03 -2.473430e-03 
 5.800000e+03  1.470542e-02 -4.691781e-03  4.590755e-03 -2.480361e-03 
 5.850000e+03  1.738585e-02 -4.702189e-03  4.601215e-03 -2.488617e-03 
 5.900000e+03  2.006628e-02 -4.713587e-03  4.613260e-03 -2.498112e-03 
 5.950000e+03  2.283280e-02 -4.725843e-03  4.626522e-03 -2.508768e-03 
 6.000000e+03  2.642077e-02 -4.741709e-03  4.642746e-03 -2.522145e-03 
 6.050000e+03  3.021881e-02 -4.757730e-03  4.658016e-03 -2.533771e-03 
 6.100000e+03  3.417903e-02 -4.773339e-03  4.672212e-03 -2.543336e-03 
 6.150000e+03  3.813925e-02 -4.788386e-03  4.686079e-03 -2.552349e-03 
 6.200000e+03  4.209947e-02 -4.803404e-03  4.700958e-03 -2.562290e-03 
 6.250000e+03  4.605969e-02 -4.819127e-03  4.717114e-03 -2.573739e-03 
 6.300000e+03  5.004367e-02 -4.835073e-03  4.733936e-03 -2.586561e-03 
 6.350000e+03  5.481254e-02 -4.853043e-03  4.752349e-03 -2.602147e-03 
 6.400000e+03  6.006401e-02 -4.870589e-03  4.770144e-03 -2.617368e-03 
 6.450000e+03  6.563113e-02 -4.887996e-03  4.788237e-03 -2.631045e-03 
 6.500000e+03  7.120356e-02 -4.905741e-03  4.806607e-03 -2.643423e-03 
 6.550000e+03  7.677599e-02 -4.924325e-03  4.825709e-03 -2.655828e-03 
 6.600000e+03  8.234842e-02 -4.943839e-03  4.845949e-03 -2.669100e-03 
 6.650000e+03  8.792085e-02 -4.963727e-03  4.866974e-03 -2.683289e-03 
 6.700000e+03  9.356572e-02 -4.982269e-03  4.887043e-03 -2.697842e-03 
 6.750000e+03  9.990836e-02 -5.000534e-03  4.906408e-03 -2.713321e-03 
 6.800000e+03  1.069865e-01 -5.019968e-03  4.926454e-03 -2.729584e-03 
 6.850000e+03  1.140985e-01 -5.039812e-03  4.946588e-03 -2.745092e-03 
 6.900000e+03  1.212105e-01 -5.060145e-03  4.967396e-03 -2.760169e-03 
 6.950000e+03  1.283224e-01 -5.081339e-03  4.989139e-03 -2.775163e-03 
 7.000000e+03  1.356787e-01 -5.104283e-03  5.012388e-03 -2.790618e-03 
 7.050000e+03  1.435197e-01 -5.128422e-03  5.035883e-03 -2.806563e-03 
 7.100000e+03  1.514312e-01 -5.150395e-03  5.057015e-03 -2.821800e-03 
 7.150000e+03  1.596642e-01 -5.171345e-03  5.077810e-03 -2.837638e-03 
 7.200000e+03  1.678973e-01 -5.191650e-03  5.098434e-03 -2.853844e-03 
 7.250000e+03  1.761303e-01 -5.211859e-03  5.119180e-03 -2.870102e-03 
 7.300000e+03  1.850622e-01 -5.234377e-03  5.142031e-03 -2.887531e-03 
 7.350000e+03  1.954097e-01 -5.261404e-03  5.168973e-03 -2.906953e-03 
 7.400000e+03  2.059174e-01 -5.288446e-03  5.195483e-03 -2.925113e-03 
 7.450000e+03  2.164250e-01 -5.313730e-03  5.220463e-03 -2.941918e-03 
 7.500000e+03  2.269327e-01 -5.337948e-03  5.244806e-03 -2.958689e-03 
 7.550000e+03  2.374403e-01 -5.361734e-03  5.268970e-03 -2.975918e-03 
 7.600000e+03  2.479480e-01 -5.384703e-03  5.292905e-03 -2.993577e-03 
 7.650000e+03  2.589339e-01 -5.408181e-03  5.317418e-03 -3.012344e-03 
 7.700000e+03  2.717273e-01 -5.435236e-03  5.345652e-03 -3.033883e-03 
 7.750000e+03  2.851380e-01 -5.462995e-03  5.374187e-03 -3.054780e-03 
 7.800000e+03  2.985487e-01 -5.490409e-03  5.401715e-03 -3.073816e-03 
 7.850000e+03  3.119594e-01 -5.517840e-03  5.429071e-03 -3.092263e-03 
 7.900000e+03  3.253702e-01 -5.545320e-03  5.456404e-03 -3.110764e-03 
 7.950000e+03  3.387809e-01 -5.572141e-03  5.483319e-03 -3.129501e-03 
 8.000000e+03  3.521916e-01 -5.597978e-03  5.509298e-03 -3.148560e-03 
 8.050000e+03  3.665189e-01 -5.624465e-03  5.535868e-03 -3.169036e-03 
 8.100000e+03  3.813042e-01 -5.650717e-03  5.562365e-03 -3.189474e-03 
 8.150000e+03  3.960895e-01 -5.676561e-03  5.588352e-03 -3.208806e-03 
 8.200000e+03  4.108749e-01 -5.702772e-03  5.614450e-03 -3.227267e-03 
 8.250000e+03  4.256602e-01 -5.729479e-03  5.640833e-03 -3.245219e-03 
 8.300000e+03  4.404455e-01 -5.756380e-03  5.667045e-03 -3.262897e-03 
 8.350000e+03  4.556906e-01 -5.783370e-03  5.693236e-03 -3.281068e-03 
 8.400000e+03  4.719914e-01 -5.810703e-03  5.720115e-03 -3.300504e-03 
 8.450000e+03  4.882922e-01 -5.836527e-03  5.746106e-03 -3.319897e-03 
 8.500000e+03  5.045930e-01 -5.861415e-03  5.771523e-03 -3.339132e-03 
 8.550000e+03  5.212525e-01 -5.886816e-03  5.797326e-03 -3.358341e-03 
 8.600000e+03  5.390016e-01 -5.914253e-03  5.825104e-03 -3.378265e-03 
 8.650000e+03  5.569732e-01 -5.942177e-03  5.853510e-03 -3.397708e-03 
 8.700000e+03  5.752324e-01 -5.970292e-03  5.881831e-03 -3.416596e-03 
 8.750000e+03  5.947820e-01 -5.999758e-03  5.911248e-03 -3.436368e-03 
 8.800000e+03  6.145957e-01 -6.028891e-03  5.939934e-03 -3.456451e-03 
 8.850000e+03  6.344094e-01 -6.056911e-03  5.967732e-03 -3.476665e-03 
 8.900000e+03  6.542231e-01 -6.083824e-03  5.994981e-03 -3.496916e-03 
 8.950000e+03  6.745322e-01 -6.111168e-03  6.022695e-03 -3.517621e-03 
 9.000000e+03  6.953366e-01 -6.139121e-03  6.051088e-03 -3.538384e-03 
 9.050000e+03  7.163907e-01 -6.167330e-03  6.079529e-03 -3.558289e-03 
 9.100000e+03  7.389125e-01 -6.197518e-03  6.109598e-03 -3.578547e-03 
 9.150000e+03  7.618494e-01 -6.228217e-03  6.139824e-03 -3.598783e-03 
 9.200000e+03  7.847863e-01 -6.258382e-03  6.169128e-03 -3.618949e-03 
 9.250000e+03  8.077231e-01 -6.287548e-03  6.197477e-03 -3.639284e-03 
 9.300000e+03  8.306600e-01 -6.315808e-03  6.225091e-03 -3.659867e-03 
 9.350000e+03  8.541932e-01 -6.344078e-03  6.253064e-03 -3.680923e-03 
 9.400000e+03  8.782770e-01 -6.372438e-03  6.281358e-03 -3.701878e-03 
 9.450000e+03  9.025533e-01 -6.400928e-03  6.309879e-03 -3.722067e-03 
 9.500000e+03  9.278412e-01 -6.430842e-03  6.339767e-03 -3.742342e-03 
 9.550000e+03  9.531291e-01 -6.460727e-03  6.369605e-03 -3.762157e-03 
 9.600000e+03  9.784170e-01 -6.490050e-03  6.398790e-03 -3.781753e-03 
 9.650000e+03  1.004742e+00 -6.519845e-03  6.428230e-03 -3.802235e-03 
 9.700000e+03  1.031294e+00 -6.549134e-03  6.457008e-03 -3.823067e-03 
 9.750000e+03  1.057846e+00 -6.577408e-03  6.484945e-03 -3.843824e-03 
 9.800000e+03  1.084505e+00 -6.605116e-03  6.512651e-03 -3.864346e-03 
 9.850000e+03  1.112385e+00 -6.634159e-03  6.541765e-03 -3.885240e-03 
 9.900000e+03  1.140265e+00 -6.663405e-03  6.571125e-03 -3.905529e-03 
 9.950000e+03  1.168535e+00 -6.692957e-03  6.600924e-03 -3.925426e-03 
 1.000000e+04  1.198511e+00 -6.723965e-03  6.632035e-03 -3.946054e-03 
 1.005000e+04  1.229249e+00 -6.755343e-03  6.663206e-03 -3.967091e-03 
 1.010000e+04  1.259987e+00 -6.785976e-03  6.693233e-03 -3.988234e-03 
 1.015000e+04  1.290724e+00 -6.815667e-03  6.722193e-03 -4.009431e-03 
 1.020000e+04  1.322763e+00 -6.845964e-03  6.751946e-03 -4.031521e-03 
 1.025000e+04  1.356652e+00 -6.877913e-03  6.783409e-03 -4.054505e-03 
 1.030000e+04  1.390540e+00 -6.909724e-03  6.814797e-03 -4.076732e-03 
 1.035000e+04  1.424428e+00 -6.941509e-03  6.846128e-03 -4.098070e-03 
 1.040000e+04  1.460011e+00 -6.974686e-03  6.878948e-03 -4.119970e-03 
 1.045000e+04  1.495593e+00 -7.007366e-03  6.911396e-03 -4.141658e-03 
 1.050000e+04  1.531176e+00 -7.039209e-03  6.942889e-03 -4.163371e-03 
 1.055000e+04  1.567470e+00 -7.070944e-03  6.974052e-03 -4.185646e-03 
 1.060000e+04  1.604832e+00 -7.103087e-03  7.005476e-03 -4.208648e-03 
 1.065000e+04  1.642194e+00 -7.134738e-03  7.036485e-03 -4.231310e-03 
 1.070000e+04  1.679555e+00 -7.166026e-03  7.067249e-03 -4.253277e-03 
 1.075000e+04  1.718673e+00 -7.198781e-03  7.099496e-03 -4.275627e-03 
 1.080000e+04  1.757903e+00 -7.231578e-03  7.131967e-03 -4.297523e-03 
 1.085000e+04  1.797133e+00 -7.263865e-03  7.164200e-03 -4.319080e-03 
 1.090000e+04  1.836677e+00 -7.295772e-03  7.196139e-03 -4.340711e-03 
 1.095000e+04  1.878650e+00 -7.329095e-03  7.229393e-03 -4.363727e-03 
 1.100000e+04  1.921901e+00 -7.362759e-03  7.262696e-03 -4.387445e-03 
 1.105000e+04  1.965152e+00 -7.395700e-03  7.295161e-03 -4.410919e-03 
 1.110000e+04  2.009009e+00 -7.428880e-03  7.327736e-03 -4.434263e-03 
 1.115000e+04  2.054422e+00 -7.463323e-03  7.361447e-03 -4.457928e-03 
 1.120000e+04  2.099836e+00 -7.497658e-03  7.395049e-03 -4.481035e-03 
 1.125000e+04  2.145249e+00 -7.531589e-03  7.428341e-03 -4.503610e-03 
 1.130000e+04  2.191525e+00 -7.565818e-03  7.462003e-03 -4.526418e-03 
 1.135000e+04  2.239209e+00 -7.600414e-03  7.496220e-03 -4.549890e-03 
 1.140000e+04  2.286893e+00 -7.634159e-03  7.529537e-03 -4.573290e-03 
 1.145000e+04  2.335627e+00 -7.668096e-03  7.562858e-03 -4.597065e-03 
 1.150000e+04  2.387447e+00 -7.704017e-03  7.597932e-03 -4.622160e-03 
 1.155000e+04  2.440019e+00 -7.740258e-03  7.633159e-03 -4.647126e-03 
 1.160000e+04  2.492591e+00 -7.776121e-03  7.668051e-03 -4.671400e-03 
 1.165000e+04  2.545163e+00 -7.811797e-03  7.702803e-03 -4.695152e-03 
 1.170000e+04  2.597734e+00 -7.847182e-03  7.737411e-03 -4.718669e-03 
 1.175000e+04  2.650306e+00 -7.881792e-03  7.771630e-03 -4.742042e-03 
 1.180000e+04  2.703035e+00 -7.915747e-03  7.805265e-03 -4.765359e-03 
 1.185000e+04  2.759726e+00 -7.951755e-03  7.841011e-03 -4.790453e-03 
 1.190000e+04  2.817686e+00 -7.988182e-03  7.877117e-03 -4.815935e-03 
 1.195000e+04  2.875647e+00 -8.024193e-03  7.912501e-03 -4.840913e-03 
 1.200000e+04  2.935346e+00 -8.061150e-03  7.948601e-03 -4.866052e-03 
 1.205000e+04  2.996204e+00 -8.098785e-03  7.985235e-03 -4.891257e-03 
 1.210000e+04  3.057063e+00 -8.136085e-03  8.021568e-03 -4.916082e-03 
 1.215000e+04  3.117921e+00 -8.172637e-03  8.057314e-03 -4.940668e-03 
 1.220000e+04  3.178779e+00 -8.208701e-03  8.092674e-03 -4.965168e-03 
 1.225000e+04  3.239638e+00 -8.244223e-03  8.127743e-03 -4.989658e-03 
 1.230000e+04  3.300496e+00 -8.279160e-03  8.162256e-03 -5.013910e-03 
 1.235000e+04  3.365998e+00 -8.316425e-03  8.198846e-03 -5.039628e-03 
 1.240000e+04  3.435577e+00 -8.355979e-03  8.237422e-03 -5.066514e-03 
 1.245000e+04  3.506028e+00 -8.395924e-03  8.276054e-03 -5.093262e-03 
 1.250000e+04  3.576479e+00 -8.435363e-03  8.314121e-03 -5.119513e-03 
 1.255000e+04  3.646930e+00 -8.474381e-03  8.351779e-03 -5.145485e-03 
 1.260000e+04  3.717381e+00 -8.512886e-03  8.389174e-03 -5.171364e-03 
 1.265000e+04  3.787832e+00 -8.550564e-03  8.426080e-03 -5.197131e-03 
 1.270000e+04  3.858777e+00 -8.587812e-03  8.462753e-03 -5.222851e-03 
 1.275000e+04  3.933712e+00 -8.626848e-03  8.501281e-03 -5.249753e-03 
 1.280000e+04  4.011384e+00 -8.667124e-03  8.540921e-03 -5.277306e-03 
 1.285000e+04  4.089057e+00 -8.706998e-03  8.580009e-03 -5.304305e-03 
 1.290000e+04  4.167972e+00 -8.747229e-03  8.619243e-03 -5.331223e-03 
 1.295000e+04  4.249528e+00 -8.788672e-03  8.659340e-03 -5.358799e-03 
 1.300000e+04  4.331084e+00 -8.829535e-03  8.698892e-03 -5.386176e-03 
 1.305000e+04  4.412640e+00 -8.869586e-03  8.737832e-03 -5.413320e-03 
 1.310000e+04  4.494196e+00 -8.909079e-03  8.776412e-03 -5.440355e-03 
 1.315000e+04  4.575752e+00 -8.948193e-03  8.814801e-03 -5.467215e-03 
 1.320000e+04  4.657308e+00 -8.986826e-03  8.852768e-03 -5.493693e-03 
 1.325000e+04  4.742987e+00 -9.027140e-03  8.892324e-03 -5.521000e-03 
 1.330000e+04  4.832902e+00 -9.069371e-03  8.933533e-03 -5.549312e-03 
 1.335000e+04  4.922818e+00 -9.111338e-03  8.974160e-03 -5.577226e-03 
 1.340000e+04  5.012733e+00 -9.152773e-03  9.014062e-03 -5.604837e-03 
 1.345000e+04  5.102649e+00 -9.193755e-03  9.053387e-03 -5.632283e-03 
 1.350000e+04  5.192564e+00 -9.234221e-03  9.092334e-03 -5.659675e-03 
 1.355000e+04  5.282480e+00 -9.273983e-03  9.130948e-03 -5.686848e-03 
 1.360000e+04  5.373564e+00 -9.313735e-03  9.169720e-03 -5.714035e-03 
 1.365000e+04  5.471941e+00 -9.356476e-03  9.211483e-03 -5.743008e-03 
 1.370000e+04  5.571072e+00 -9.399336e-03  9.253334e-03 -5.771789e-03 
 1.375000e+04  5.670204e+00 -9.441819e-03  9.294665e-03 -5.800107e-03 
 1.380000e+04  5.771715e+00 -9.484917e-03  9.336392e-03 -5.828782e-03 
 1.385000e+04  5.875804e+00 -9.528691e-03  9.378663e-03 -5.858052e-03 
 1.390000e+04  5.979892e+00 -9.571833e-03  9.420203e-03 -5.887141e-03 
 1.395000e+04  6.083981e+00 -9.614245e-03  9.461162e-03 -5.916008e-03 
 1.400000e+04  6.188069e+00 -9.656228e-03  9.501925e-03 -5.944669e-03 
 1.405000e+04  6.292157e+00 -9.697834e-03  9.542617e-03 -5.973039e-03 
 1.410000e+04  6.396350e+00 -9.739152e-03  9.583094e-03 -6.000944e-03 
 1.415000e+04  6.508812e+00 -9.783475e-03  9.626362e-03 -6.030571e-03 
 1.420000e+04  6.625062e+00 -9.829138e-03  9.670716e-03 -6.060932e-03 
 1.425000e+04  6.745557e+00 -9.875985e-03  9.715970e-03 -6.092132e-03 
 1.430000e+04  6.866052e+00 -9.922150e-03  9.760314e-03 -6.123081e-03 
 1.435000e+04  6.986548e+00 -9.967800e-03  9.804041e-03 -6.153854e-03 
 1.440000e+04  7.107043e+00 -1.001298e-02  9.847327e-03 -6.184470e-03 
 1.445000e+04  7.227538e+00 -1.005761e-02  9.890299e-03 -6.214745e-03 
 1.450000e+04  7.349962e+00 -1.010253e-02  9.933719e-03 -6.244972e-03 
 1.455000e+04  7.480151e+00 -1.015006e-02  9.979753e-03 -6.276700e-03 
 1.460000e+04  7.612997e+00 -1.019816e-02  1.002640e-02 -6.308704e-03 
 1.465000e+04  7.745843e+00 -1.024563e-02  1.007246e-02 -6.340365e-03 
 1.470000e+04  7.883206e+00 -1.029419e-02  1.011934e-02 -6.372838e-03 
 1.475000e+04  8.022694e+00 -1.034301e-02  1.016634e-02 -6.405672e-03 
 1.480000e+04  8.162183e+00 -1.039117e-02  1.021262e-02 -6.438221e-03 
 1.485000e+04  8.301671e+00 -1.043874e-02  1.025840e-02 -6.470398e-03 
 1.490000e+04  8.446460e+00 -1.048772e-02  1.030566e-02 -6.503440e-03 
 1.495000e+04  8.592923e+00 -1.053688e-02  1.035329e-02 -6.536438e-03 
 1.500000e+04  8.739386e+00 -1.058553e-02  1.040056e-02 -6.568997e-03 
 1.505000e+04  8.892183e+00 -1.063583e-02  1.044938e-02 -6.602531e-03 
 1.510000e+04  9.053659e+00 -1.068860e-02  1.050041e-02 -6.637694e-03 
 1.515000e+04  9.215134e+00 -1.074075e-02  1.055068e-02 -6.672609e-03 
 1.520000e+04  9.376609e+00 -1.079216e-02  1.060007e-02 -6.707195e-03 
 1.525000e+04  9.544544e+00 -1.084515e-02  1.065077e-02 -6.742876e-03 
 1.530000e+04  9.714093e+00 -1.089826e-02  1.070153e-02 -6.778593e-03 
 1.535000e+04  9.883642e+00 -1.095078e-02  1.075184e-02 -6.813777e-03 
 1.540000e+04  1.005319e+01 -1.100279e-02  1.080175e-02 -6.848405e-03 
 1.545000e+04  1.023054e+01 -1.105674e-02  1.085369e-02 -6.884274e-03 
 1.550000e+04  1.040857e+01 -1.111036e-02  1.090539e-02 -6.919979e-03 
 1.555000e+04  1.058677e+01 -1.116332e-02  1.095642e-02 -6.955371e-03 
 1.560000e+04  1.077594e+01 -1.121894e-02  1.100987e-02 -6.992623e-03 
 1.565000e+04  1.097222e+01 -1.127623e-02  1.106467e-02 -7.030975e-03 
 1.570000e+04  1.116849e+01 -1.133281e-02  1.111867e-02 -7.068873e-03 
 1.575000e+04  1.136476e+01 -1.138868e-02  1.117211e-02 -7.106308e-03 
 1.580000e+04  1.156889e+01 -1.144637e-02  1.122730e-02 -7.144794e-03 
 1.585000e+04  1.177498e+01 -1.150403e-02  1.128267e-02 -7.183229e-03 
 1.590000e+04  1.198107e+01 -1.156090e-02  1.133744e-02 -7.221168e-03 
 1.595000e+04  1.219210e+01 -1.161853e-02  1.139298e-02 -7.259576e-03 
 1.600000e+04  1.240849e+01 -1.167710e-02  1.144945e-02 -7.298732e-03 
 1.605000e+04  1.262488e+01 -1.173498e-02  1.150511e-02 -7.337519e-03 
 1.610000e+04  1.284604e+01 -1.179338e-02  1.156109e-02 -7.376702e-03 
 1.615000e+04  1.308234e+01 -1.185538e-02  1.162031e-02 -7.418119e-03 
 1.620000e+04  1.332091e+01 -1.191753e-02  1.167951e-02 -7.459501e-03 
 1.625000e+04  1.355948e+01 -1.197890e-02  1.173801e-02 -7.500302e-03 
 1.630000e+04  1.379901e+01 -1.203988e-02  1.179616e-02 -7.540715e-03 
 1.635000e+04  1.404951e+01 -1.210300e-02  1.185651e-02 -7.582658e-03 
 1.640000e+04  1.430001e+01 -1.216531e-02  1.191623e-02 -7.624192e-03 
 1.645000e+04  1.455327e+01 -1.222746e-02  1.197579e-02 -7.665737e-03 
 1.650000e+04  1.482655e+01 -1.229402e-02  1.203942e-02 -7.710137e-03 
 1.655000e+04  1.510273e+01 -1.236071e-02  1.210300e-02 -7.754500e-03 
 1.660000e+04  1.537891e+01 -1.242656e-02  1.216561e-02 -7.798233e-03 
 1.665000e+04  1.566006e+01 -1.249290e-02  1.222860e-02 -7.842226e-03 
 1.670000e+04  1.595004e+01 -1.256066e-02  1.229299e-02 -7.887149e-03 
 1.675000e+04  1.624003e+01 -1.262761e-02  1.235673e-02 -7.931589e-03 
 1.680000e+04  1.653031e+01 -1.269366e-02  1.241981e-02 -7.975548e-03 
 1.685000e+04  1.684088e+01 -1.276360e-02  1.248671e-02 -8.022074e-03 
 1.690000e+04  1.716059e+01 -1.283490e-02  1.255486e-02 -8.069555e-03 
 1.695000e+04  1.748030e+01 -1.290523e-02  1.262208e-02 -8.116400e-03 
 1.700000e+04  1.780513e+01 -1.297593e-02  1.268950e-02 -8.163350e-03 
 1.705000e+04  1.815324e+01 -1.305115e-02  1.276091e-02 -8.213088e-03 
 1.710000e+04  1.850572e+01 -1.312642e-02  1.283232e-02 -8.262935e-03 
 1.715000e+04  1.885820e+01 -1.320066e-02  1.290272e-02 -8.312116e-03 
 1.720000e+04  1.921068e+01 -1.327400e-02  1.297234e-02 -8.360702e-03 
 1.725000e+04  1.956316e+01 -1.334655e-02  1.304127e-02 -8.408806e-03 
 1.730000e+04  1.991565e+01 -1.341817e-02  1.310946e-02 -8.456330e-03 
 1.735000e+04  2.028238e+01 -1.349189e-02  1.317963e-02 -8.505143e-03 
 1.740000e+04  2.067099e+01 -1.356941e-02  1.325319e-02 -8.556353e-03 
 1.745000e+04  2.105960e+01 -1.364610e-02  1.332577e-02 -8.606963e-03 
 1.750000e+04  2.144821e+01 -1.372177e-02  1.339726e-02 -8.656885e-03 
 1.755000e+04  2.185843e+01 -1.380079e-02  1.347169e-02 -8.708947e-03 
 1.760000e+04  2.228687e+01 -1.388248e-02  1.354868e-02 -8.762791e-03 
 1.765000e+04  2.271531e+01 -1.396300e-02  1.362480e-02 -8.815970e-03 
 1.770000e+04  2.314375e+01 -1.404242e-02  1.370000e-02 -8.868401e-03 
 1.775000e+04  2.358976e+01 -1.412420e-02  1.377749e-02 -8.922368e-03 
 1.780000e+04  2.403963e+01 -1.420567e-02  1.385485e-02 -8.976200e-03 
 1.785000e+04  2.448949e+01 -1.428606e-02  1.393115e-02 -9.029273e-03 
 1.790000e+04  2.496626e+01 -1.437043e-02  1.401094e-02 -9.084782e-03 
 1.795000e+04  2.546223e+01 -1.445741e-02  1.409296e-02 -9.141941e-03 
 1.800000e+04  2.595821e+01 -1.454320e-02  1.417381e-02 -9.198360e-03 
 1.805000e+04  2.645418e+01 -1.462777e-02  1.425343e-02 -9.254008e-03 
 1.810000e+04  2.696801e+01 -1.471440e-02  1.433502e-02 -9.310980e-03 
 1.815000e+04  2.748879e+01 -1.480120e-02  1.441684e-02 -9.368056e-03 
 1.820000e+04  2.800956e+01 -1.488681e-02  1.449763e-02 -9.424346e-03 
 1.825000e+04  2.855841e+01 -1.497608e-02  1.458177e-02 -9.482873e-03 
 1.830000e+04  2.913256e+01 -1.506862e-02  1.466875e-02 -9.543414e-03 
 1.835000e+04  2.970671e+01 -1.515987e-02  1.475441e-02 -9.603153e-03 
 1.840000e+04  3.028546e+01 -1.525064e-02  1.483932e-02 -9.662506e-03 
 1.845000e+04  3.090701e+01 -1.534704e-02  1.492940e-02 -9.725500e-03 
 1.850000e+04  3.154001e+01 -1.544403e-02  1.502003e-02 -9.788898e-03 
 1.855000e+04  3.217302e+01 -1.553948e-02  1.510938e-02 -9.851345e-03 
 1.860000e+04  3.281868e+01 -1.563554e-02  1.519944e-02 -9.914102e-03 
 1.865000e+04  3.348333e+01 -1.573330e-02  1.529114e-02 -9.977946e-03 
 1.870000e+04  3.414799e+01 -1.582961e-02  1.538160e-02 -1.004089e-02 
 1.875000e+04  3.482261e+01 -1.592609e-02  1.547211e-02 -1.010384e-02 
 1.880000e+04  3.555190e+01 -1.602931e-02  1.556868e-02 -1.017111e-02 
 1.885000e+04  3.628469e+01 -1.613166e-02  1.566432e-02 -1.023785e-02 
 1.890000e+04  3.701747e+01 -1.623246e-02  1.575840e-02 -1.030352e-02 
 1.895000e+04  3.775611e+01 -1.633276e-02  1.585190e-02 -1.036875e-02 
 1.900000e+04  3.852553e+01 -1.643599e-02  1.594818e-02 -1.043590e-02 
 1.905000e+04  3.929495e+01 -1.653771e-02  1.604323e-02 -1.050211e-02 
 1.910000e+04  4.007053e+01 -1.663891e-02  1.613771e-02 -1.056782e-02 
 1.915000e+04  4.090912e+01 -1.674712e-02  1.623858e-02 -1.063797e-02 
 1.920000e+04  4.175740e+01 -1.685521e-02  1.633914e-02 -1.070806e-02 
 1.925000e+04  4.260569e+01 -1.696163e-02  1.643801e-02 -1.077702e-02 
 1.930000e+04  4.350683e+01 -1.707329e-02  1.654137e-02 -1.084920e-02 
 1.935000e+04  4.444206e+01 -1.718778e-02  1.664723e-02 -1.092319e-02 
 1.940000e+04  4.537730e+01 -1.730052e-02  1.675154e-02 -1.099600e-02 
 1.945000e+04  4.631721e+01 -1.741211e-02  1.685479e-02 -1.106795e-02 
 1.950000e+04  4.729920e+01 -1.752717e-02  1.696125e-02 -1.114212e-02 
 1.955000e+04  4.828120e+01 -1.764050e-02  1.706627e-02 -1.121530e-02 
 1.960000e+04  4.926713e+01 -1.775256e-02  1.717008e-02 -1.128758e-02 
 1.965000e+04  5.034050e+01 -1.787307e-02  1.728148e-02 -1.136514e-02 
 1.970000e+04  5.142315e+01 -1.799300e-02  1.739218e-02 -1.144230e-02 
 1.975000e+04  5.250580e+01 -1.811101e-02  1.750106e-02 -1.151821e-02 
 1.980000e+04  5.361341e+01 -1.822988e-02  1.761061e-02 -1.159459e-02 
 1.985000e+04  5.480703e+01 -1.835632e-02  1.772708e-02 -1.167574e-02 
 1.990000e+04  5.600066e+01 -1.848079e-02  1.784193e-02 -1.175568e-02 
 1.995000e+04  5.719428e+01 -1.860325e-02  1.795487e-02 -1.183421e-02 
 2.000000e+04  5.844281e+01 -1.872954e-02  1.807119e-02 -1.191512e-02 
 2.005000e+04  5.969611e+01 -1.885453e-02  1.818614e-02 -1.199519e-02 
 2.010000e+04  6.094942e+01 -1.897755e-02  1.829918e-02 -1.207389e-02 
 2.015000e+04  6.228952e+01 -1.910728e-02  1.841807e-02 -1.215668e-02 
 2.020000e+04  6.367128e+01 -1.923934e-02  1.853881e-02 -1.224085e-02 
 2.025000e+04  6.505305e+01 -1.936920e-02  1.865752e-02 -1.232365e-02 
 2.030000e+04  6.643620e+01 -1.949709e-02  1.877437e-02 -1.240502e-02 
 2.035000e+04  6.793639e+01 -1.963371e-02  1.889918e-02 -1.249192e-02 
 2.040000e+04  6.945979e+01 -1.977034e-02  1.902406e-02 -1.257889e-02 
 2.045000e+04  7.098319e+01 -1.990475e-02  1.914676e-02 -1.266431e-02 
 2.050000e+04  7.259350e+01 -2.004462e-02  1.927418e-02 -1.275308e-02 
 2.055000e+04  7.427305e+01 -2.018842e-02  1.940493e-02 -1.284421e-02 
 2.060000e+04  7.595259e+01 -2.032972e-02  1.953337e-02 -1.293368e-02 
 2.065000e+04  7.765230e+01 -2.047025e-02  1.966091e-02 -1.302254e-02 
 2.070000e+04  7.941582e+01 -2.061383e-02  1.979106e-02 -1.311330e-02 
 2.075000e+04  8.117935e+01 -2.075504e-02  1.991912e-02 -1.320259e-02 
 2.080000e+04  8.296051e+01 -2.089517e-02  2.004623e-02 -1.329108e-02 
 2.085000e+04  8.493665e+01 -2.104830e-02  2.018496e-02 -1.338764e-02 
 2.090000e+04  8.697815e+01 -2.120401e-02  2.032597e-02 -1.348580e-02 
 2.095000e+04  8.901965e+01 -2.135687e-02  2.046418e-02 -1.358205e-02 
 2.100000e+04  9.107136e+01 -2.150771e-02  2.060024e-02 -1.367686e-02 
 2.105000e+04  9.321493e+01 -2.166270e-02  2.073984e-02 -1.377422e-02 
 2.110000e+04  9.535851e+01 -2.181495e-02  2.087699e-02 -1.386983e-02 
 2.115000e+04  9.752781e+01 -2.196630e-02  2.101317e-02 -1.396475e-02 
 2.120000e+04  9.995289e+01 -2.213282e-02  2.116280e-02 -1.406910e-02 
 2.125000e+04  1.024343e+02 -2.230031e-02  2.131329e-02 -1.417403e-02 
 2.130000e+04  1.049158e+02 -2.246455e-02  2.146071e-02 -1.427671e-02 
 2.135000e+04  1.074295e+02 -2.262772e-02  2.160683e-02 -1.437853e-02 
 2.140000e+04  1.100350e+02 -2.279386e-02  2.175538e-02 -1.448220e-02 
 2.145000e+04  1.126406e+02 -2.295682e-02  2.190105e-02 -1.458395e-02 
 2.150000e+04  1.153231e+02 -2.312148e-02  2.204805e-02 -1.468661e-02 
 2.155000e+04  1.183192e+02 -2.330237e-02  2.220940e-02 -1.479927e-02 
 2.160000e+04  1.213354e+02 -2.348106e-02  2.236877e-02 -1.491047e-02 
 2.165000e+04  1.243517e+02 -2.365595e-02  2.252462e-02 -1.501915e-02 
 2.170000e+04  1.273679e+02 -2.382727e-02  2.267710e-02 -1.512549e-02 
 2.175000e+04  1.303841e+02 -2.399526e-02  2.282651e-02 -1.522983e-02 
 2.180000e+04  1.334186e+02 -2.416094e-02  2.297385e-02 -1.533274e-02 
 2.185000e+04  1.368138e+02 -2.434311e-02  2.313559e-02 -1.544573e-02 
 2.190000e+04  1.403055e+02 -2.452727e-02  2.329890e-02 -1.555990e-02 
 2.195000e+04  1.437972e+02 -2.470773e-02  2.345885e-02 -1.567166e-02 
 2.200000e+04  1.472888e+02 -2.488437e-02  2.361515e-02 -1.578078e-02 
 2.205000e+04  1.508992e+02 -2.506329e-02  2.377326e-02 -1.589123e-02 
 2.210000e+04  1.546278e+02 -2.524454e-02  2.393331e-02 -1.600319e-02 
 2.215000e+04  1.584773e+02 -2.542811e-02  2.409519e-02 -1.611656e-02 
 2.220000e+04  1.623962e+02 -2.561139e-02  2.425644e-02 -1.622963e-02 
 2.225000e+04  1.664382e+02 -2.579684e-02  2.441936e-02 -1.634391e-02 
 2.230000e+04  1.704802e+02 -2.597847e-02  2.457883e-02 -1.645568e-02 
 2.235000e+04  1.747001e+02 -2.616421e-02  2.474172e-02 -1.656983e-02 
 2.240000e+04  1.791225e+02 -2.635510e-02  2.490899e-02 -1.668714e-02 
 2.245000e+04  1.835788e+02 -2.654351e-02  2.507404e-02 -1.680304e-02 
 2.250000e+04  1.880352e+02 -2.672788e-02  2.523549e-02 -1.691645e-02 
 2.255000e+04  1.929204e+02 -2.692594e-02  2.540876e-02 -1.703820e-02 
 2.260000e+04  1.978336e+02 -2.712114e-02  2.557942e-02 -1.715812e-02 
 2.265000e+04  2.027467e+02 -2.731212e-02  2.574624e-02 -1.727537e-02 
 2.270000e+04  2.077335e+02 -2.750179e-02  2.591166e-02 -1.739172e-02 
 2.275000e+04  2.128923e+02 -2.769395e-02  2.607915e-02 -1.750964e-02 
 2.280000e+04  2.180510e+02 -2.788208e-02  2.624315e-02 -1.762514e-02 
 2.285000e+04  2.234910e+02 -2.807641e-02  2.641244e-02 -1.774435e-02 
 2.290000e+04  2.291785e+02 -2.827563e-02  2.658584e-02 -1.786651e-02 
 2.295000e+04  2.348661e+02 -2.847068e-02  2.675546e-02 -1.798615e-02 
 2.300000e+04  2.406730e+02 -2.866549e-02  2.692472e-02 -1.810562e-02 
 2.305000e+04  2.469376e+02 -2.887134e-02  2.710336e-02 -1.823178e-02 
 2.310000e+04  2.532081e+02 -2.907314e-02  2.727819e-02 -1.835543e-02 
 2.315000e+04  2.595225e+02 -2.927192e-02  2.745004e-02 -1.847715e-02 
 2.320000e+04  2.661066e+02 -2.947482e-02  2.762511e-02 -1.860134e-02 
 2.325000e+04  2.726906e+02 -2.967340e-02  2.779629e-02 -1.872291e-02 
 2.330000e+04  2.795890e+02 -2.987689e-02  2.797173e-02 -1.884752e-02 
 2.335000e+04  2.868480e+02 -3.008666e-02  2.815251e-02 -1.897593e-02 
 2.340000e+04  2.941069e+02 -3.029191e-02  2.832936e-02 -1.910169e-02 
 2.345000e+04  3.013658e+02 -3.049247e-02  2.850213e-02 -1.922469e-02 
 2.350000e+04  3.089288e+02 -3.069661e-02  2.867799e-02 -1.934993e-02 
 2.355000e+04  3.169318e+02 -3.090815e-02  2.886027e-02 -1.947977e-02 
 2.360000e+04  3.249347e+02 -3.111514e-02  2.903857e-02 -1.960689e-02 
 2.365000e+04  3.329617e+02 -3.131809e-02  2.921324e-02 -1.973155e-02 
 2.370000e+04  3.413648e+02 -3.152593e-02  2.939201e-02 -1.985929e-02 
 2.375000e+04  3.497679e+02 -3.172921e-02  2.956686e-02 -1.998429e-02 
 2.380000e+04  3.588159e+02 -3.194334e-02  2.975100e-02 -2.011599e-02 
 2.385000e+04  3.680803e+02 -3.215820e-02  2.993555e-02 -2.024819e-02 
 2.390000e+04  3.773447e+02 -3.236839e-02  3.011587e-02 -2.037761e-02 
 2.395000e+04  3.866092e+02 -3.257385e-02  3.029186e-02 -2.050413e-02 
 2.400000e+04  3.962071e+02 -3.278198e-02  3.046997e-02 -2.063232e-02 
 2.405000e+04  4.059347e+02 -3.298848e-02  3.064657e-02 -2.075954e-02 
 2.410000e+04  4.161390e+02 -3.320056e-02  3.082790e-02 -2.089028e-02 
 2.415000e+04  4.263530e+02 -3.340849e-02  3.100557e-02 -2.101855e-02 
 2.420000e+04  4.365670e+02 -3.361190e-02  3.117945e-02 -2.114423e-02 
 2.425000e+04  4.468934e+02 -3.381298e-02  3.135147e-02 -2.126861e-02 
 2.430000e+04  4.576181e+02 -3.401745e-02  3.152648e-02 -2.139518e-02 
 2.435000e+04  4.683429e+02 -3.421771e-02  3.169785e-02 -2.151923e-02 
 2.440000e+04  4.790676e+02 -3.441385e-02  3.186563e-02 -2.164091e-02 
 2.445000e+04  4.903285e+02 -3.461564e-02  3.203837e-02 -2.176627e-02 
 2.450000e+04  5.015895e+02 -3.481344e-02  3.220778e-02 -2.188918e-02 
 2.455000e+04  5.128504e+02 -3.500734e-02  3.237378e-02 -2.200976e-02 
 2.460000e+04  5.241114e+02 -3.519744e-02  3.253648e-02 -2.212812e-02 
 2.465000e+04  5.356855e+02 -3.538907e-02  3.270049e-02 -2.224759e-02 
 2.470000e+04  5.472595e+02 -3.557717e-02  3.286142e-02 -2.236495e-02 
 2.475000e+04  5.588336e+02 -3.576190e-02  3.301932e-02 -2.248025e-02 
 2.480000e+04  5.704077e+02 -3.594337e-02  3.317433e-02 -2.259360e-02 
 2.485000e+04  5.819818e+02 -3.612169e-02  3.332657e-02 -2.270504e-02 
 2.490000e+04  5.935558e+02 -3.629695e-02  3.347616e-02 -2.281466e-02 
 2.495000e+04  6.051299e+02 -3.646926e-02  3.362325e-02 -2.292258e-02 
 2.500000e+04  6.167040e+02 -3.663871e-02  3.376800e-02 -2.302885e-02 
 2.505000e+04  6.282780e+02 -3.680546e-02  3.391049e-02 -2.313354e-02 
 2.510000e+04  6.398521e+02 -3.696961e-02  3.405080e-02 -2.323671e-02 
 2.515000e+04  6.514262e+02 -3.713122e-02  3.418903e-02 -2.333841e-02 
 2.520000e+04  6.630003e+02 -3.729037e-02  3.432522e-02 -2.343866e-02 
 2.525000e+04  6.745743e+02 -3.744716e-02  3.445944e-02 -2.353753e-02 
 2.530000e+04  6.861484e+02 -3.760168e-02  3.459180e-02 -2.363510e-02 
 2.535000e+04  6.977225e+02 -3.775404e-02  3.472231e-02 -2.373140e-02 
 2.540000e+04  7.092966e+02 -3.790438e-02  3.485101e-02 -2.382644e-02 
 2.545000e+04  7.208706e+02 -3.805272e-02  3.497796e-02 -2.392028e-02 
 2.550000e+04  7.324447e+02 -3.819917e-02  3.510322e-02 -2.401297e-02 
 2.555000e+04  7.440188e+02 -3.834378e-02  3.522681e-02 -2.410455e-02 
 2.560000e+04  7.555929e+02 -3.848659e-02  3.534886e-02 -2.419507e-02 
 2.565000e+04  7.671669e+02 -3.862766e-02  3.546951e-02 -2.428459e-02 
 2.570000e+04  7.787410e+02 -3.876703e-02  3.558876e-02 -2.437310e-02 
 2.575000e+04  7.903151e+02 -3.890477e-02  3.570660e-02 -2.446069e-02 
 2.580000e+04  8.018892e+02 -3.904099e-02  3.582311e-02 -2.454751e-02 
 2.585000e+04  8.134632e+02 -3.917574e-02  3.593834e-02 -2.463348e-02 
 2.590000e+04  8.250373e+02 -3.930912e-02  3.605227e-02 -2.471860e-02 
 2.595000e+04  8.366114e+02 -3.944118e-02  3.616501e-02 -2.480296e-02 
 2.600000e+04  8.481855e+02 -3.957183e-02  3.627658e-02 -2.488658e-02 
 2.605000e+04  8.597595e+02 -3.970110e-02  3.638697e-02 -2.496950e-02 
 2.610000e+04  8.713336e+02 -3.982906e-02  3.649628e-02 -2.505179e-02 
 2.615000e+04  8.829077e+02 -3.995579e-02  3.660465e-02 -2.513349e-02 
 2.620000e+04  8.944818e+02 -4.008138e-02  3.671216e-02 -2.521461e-02 
 2.625000e+04  9.060558e+02 -4.020593e-02  3.681879e-02 -2.529515e-02 
 2.630000e+04  9.176299e+02 -4.032947e-02  3.692454e-02 -2.537512e-02 
 2.635000e+04  9.292040e+02 -4.045202e-02  3.702942e-02 -2.545451e-02 
 2.640000e+04  9.407780e+02 -4.057353e-02  3.713342e-02 -2.553332e-02 
 2.645000e+04  9.523521e+02 -4.069409e-02  3.723656e-02 -2.561159e-02 
 2.650000e+04  9.639262e+02 -4.081373e-02  3.733892e-02 -2.568911e-02 
 2.655000e+04  9.755003e+02 -4.093247e-02  3.744048e-02 -2.576588e-02 
 2.660000e+04  9.870743e+02 -4.105042e-02  3.754067e-02 -2.584229e-02 
 2.665000e+04  9.986484e+02 -4.116727e-02  3.764049e-02 -2.591821e-02 
 2.670000e+04  1.010222e+03 -4.128347e-02  3.774004e-02 -2.599392e-02 
 2.675000e+04  1.021797e+03 -4.139875e-02  3.783902e-02 -2.606963e-02 
 2.680000e+04  1.033371e+03 -4.151332e-02  3.793744e-02 -2.614491e-02 
 2.685000e+04  1.044945e+03 -4.162752e-02  3.803532e-02 -2.621981e-02 
 2.690000e+04  1.056519e+03 -4.174077e-02  3.813264e-02 -2.629427e-02 
 2.695000e+04  1.068093e+03 -4.185287e-02  3.822921e-02 -2.636815e-02 
 2.700000e+04  1.079667e+03 -4.196425e-02  3.832478e-02 -2.644159e-02 
 2.705000e+04  1.091241e+03 -4.207511e-02  3.842009e-02 -2.651456e-02 
 2.710000e+04  1.102815e+03 -4.218547e-02  3.851499e-02 -2.658713e-02 
 2.715000e+04  1.114389e+03 -4.229550e-02  3.860903e-02 -2.665959e-02 
 2.720000e+04  1.125963e+03 -4.240434e-02  3.870255e-02 -2.673162e-02 
 2.725000e+04  1.137537e+03 -4.251245e-02  3.879589e-02 -2.680365e-02 
 2.730000e+04  1.149111e+03 -4.262016e-02  3.888866e-02 -2.687569e-02 
 2.735000e+04  1.160685e+03 -4.272753e-02  3.898075e-02 -2.694696e-02 
 2.740000e+04  1.172260e+03 -4.283464e-02  3.907247e-02 -2.701785e-02 
 2.745000e+04  1.183834e+03 -4.294105e-02  3.916390e-02 -2.708803e-02 
 2.750000e+04  1.195408e+03 -4.304621e-02  3.925471e-02 -2.715776e-02 
 2.755000e+04  1.206982e+03 -4.315056e-02  3.934483e-02 -2.722707e-02 
 2.760000e+04  1.218556e+03 -4.325406e-02  3.943425e-02 -2.729611e-02 
 2.765000e+04  1.230130e+03 -4.335669e-02  3.952321e-02 -2.736516e-02 
 2.770000e+04  1.241704e+03 -4.345966e-02  3.961217e-02 -2.743419e-02 
 2.775000e+04  1.253278e+03 -4.356291e-02  3.970114e-02 -2.750318e-02 
 2.780000e+04  1.264852e+03 -4.366683e-02  3.978995e-02 -2.757180e-02 
 2.785000e+04  1.276426e+03 -4.377105e-02  3.987853e-02 -2.764007e-02 
 2.790000e+04  1.288000e+03 -4.387482e-02  3.996668e-02 -2.770731e-02 
 2.795000e+04  1.299574e+03 -4.397800e-02  4.005418e-02 -2.777416e-02 
 2.800000e+04  1.311148e+03 -4.407881e-02  4.014083e-02 -2.784079e-02 
 2.805000e+04  1.322722e+03 -4.417800e-02  4.022694e-02 -2.790741e-02 
 2.810000e+04  1.334297e+03 -4.427788e-02  4.031281e-02 -2.797415e-02 
 2.815000e+04  1.345871e+03 -4.437833e-02  4.039853e-02 -2.804072e-02 
 2.820000e+04  1.357445e+03 -4.447957e-02  4.048368e-02 -2.810689e-02 
 2.825000e+04  1.369019e+03 -4.458105e-02  4.056830e-02 -2.817255e-02 
 2.830000e+04  1.380593e+03 -4.468211e-02  4.065238e-02 -2.823761e-02 
 2.835000e+04  1.392167e+03 -4.478205e-02  4.073544e-02 -2.830230e-02 
 2.840000e+04  1.403741e+03 -4.488100e-02  4.081845e-02 -2.836675e-02 
 2.845000e+04  1.415315e+03 -4.497880e-02  4.090184e-02 -2.843105e-02 
 2.850000e+04  1.426889e+03 -4.507556e-02  4.098589e-02 -2.849534e-02 
 2.855000e+04  1.438463e+03 -4.517241e-02  4.107037e-02 -2.855952e-02 
 2.860000e+04  1.450037e+03 -4.526972e-02  4.115416e-02 -2.862373e-02 
 2.865000e+04  1.461611e+03 -4.536642e-02  4.123779e-02 -2.868697e-02 
 2.870000e+04  1.473185e+03 -4.546259e-02  4.132156e-02 -2.874976e-02 
 2.875000e+04  1.484760e+03 -4.555837e-02  4.140527e-02 -2.881276e-02 
 2.880000e+04  1.496334e+03 -4.565339e-02  4.148807e-02 -2.887585e-02 
 2.885000e+04  1.507908e+03 -4.574795e-02  4.156986e-02 -2.893892e-02 
 2.890000e+04  1.519482e+03 -4.584175e-02  4.165127e-02 -2.900127e-02 
 2.895000e+04  1.531056e+03 -4.593489e-02  4.173222e-02 -2.906319e-02 
 2.900000e+04  1.542630e+03 -4.602769e-02  4.181367e-02 -2.912451e-02 
 2.905000e+04  1.554204e+03 -4.612037e-02  4.189504e-02 -2.918509e-02 
 2.910000e+04  1.565778e+03 -4.621325e-02  4.197611e-02 -2.924591e-02 
 2.915000e+04  1.577352e+03 -4.630671e-02  4.205703e-02 -2.930741e-02 
 2.920000e+04  1.588926e+03 -4.640032e-02  4.213800e-02 -2.936907e-02 
 2.925000e+04  1.600500e+03 -4.649374e-02  4.221895e-02 -2.943060e-02 
 2.930000e+04  1.612074e+03 -4.658683e-02  4.229975e-02 -2.949170e-02 
 2.935000e+04  1.623648e+03 -4.667951e-02  4.237987e-02 -2.955225e-02 
 2.940000e+04  1.635222e+03 -4.677153e-02  4.245845e-02 -2.961246e-02 
 2.945000e+04  1.646797e+03 -4.686251e-02  4.253600e-02 -2.967265e-02 
 2.950000e+04  1.658371e+03 -4.695235e-02  4.261346e-02 -2.973274e-02 
 2.955000e+04  1.669945e+03 -4.704228e-02  4.269122e-02 -2.979233e-02 
 2.960000e+04  1.681519e+03 -4.713225e-02  4.276857e-02 -2.985163e-02 
 2.965000e+04  1.693093e+03 -4.722186e-02  4.284619e-02 -2.991073e-02 
 2.970000e+04  1.704667e+03 -4.731139e-02  4.292453e-02 -2.997001e-02 
 2.975000e+04  1.716241e+03 -4.740128e-02  4.300330e-02 -3.002933e-02 
 2.980000e+04  1.727815e+03 -4.749093e-02  4.308201e-02 -3.008864e-02 
 2.985000e+04  1.739389e+03 -4.757992e-02  4.316027e-02 -3.014790e-02 
 2.990000e+04  1.750963e+03 -4.766792e-02  4.323828e-02 -3.020699e-02 
 2.995000e+04  1.762537e+03 -4.775476e-02  4.331575e-02 -3.026574e-02 
 3.000000e+04  1.774111e+03 -4.784154e-02  4.339270e-02 -3.032415e-02 
 3.005000e+04  1.785685e+03 -4.792829e-02  4.346819e-02 -3.038220e-02 
 3.010000e+04  1.797260e+03 -4.801518e-02  4.354298e-02 -3.044037e-02 
 3.015000e+04  1.808834e+03 -4.810232e-02  4.361843e-02 -3.049856e-02 
 3.020000e+04  1.820408e+03 -4.818914e-02  4.369363e-02 -3.055619e-02 
 3.025000e+04  1.831982e+03 -4.827585e-02  4.376866e-02 -3.061375e-02 
 3.030000e+04  1.843556e+03 -4.836233e-02  4.384372e-02 -3.067148e-02 
 3.035000e+04  1.855130e+03 -4.844860e-02  4.391882e-02 -3.072901e-02 
 3.040000e+04  1.866704e+03 -4.853495e-02  4.399312e-02 -3.078624e-02 
 3.045000e+04  1.878278e+03 -4.862116e-02  4.406666e-02 -3.084310e-02 
 3.050000e+04  1.889852e+03 -4.870684e-02  4.413964e-02 -3.089974e-02 
 3.055000e+04  1.901426e+03 -4.879158e-02  4.421265e-02 -3.095662e-02 
 3.060000e+04  1.913000e+03 -4.887627e-02  4.428588e-02 -3.101365e-02 
 3.065000e+04  1.924574e+03 -4.896054e-02  4.435921e-02 -3.107052e-02 
 3.070000e+04  1.936148e+03 -4.904484e-02  4.443242e-02 -3.112703e-02 
 3.075000e+04  1.947722e+03 -4.912917e-02  4.450485e-02 -3.118328e-02 
 3.080000e+04  1.959297e+03 -4.921266e-02  4.457730e-02 -3.123948e-02 
 3.085000e+04  1.970871e+03 -4.929548e-02  4.464942e-02 -3.129564e-02 
 3.090000e+04  1.982445e+03 -4.937812e-02  4.472205e-02 -3.135149e-02 
 3.095000e+04  1.994019e+03 -4.946014e-02  4.479436e-02 -3.140714e-02 
 3.100000e+04  2.005593e+03 -4.954188e-02  4.486646e-02 -3.146255e-02 
 3.105000e+04  2.017167e+03 -4.962392e-02  4.493808e-02 -3.151807e-02 
 3.110000e+04  2.028741e+03 -4.970615e-02  4.500960e-02 -3.157362e-02 
 3.115000e+04  2.040315e+03 -4.978809e-02  4.508104e-02 -3.162895e-02 
 3.120000e+04  2.051889e+03 -4.986942e-02  4.515250e-02 -3.168418e-02 
 3.125000e+04  2.063463e+03 -4.995073e-02  4.522381e-02 -3.173933e-02 
 3.130000e+04  2.075037e+03 -5.003222e-02  4.529497e-02 -3.179457e-02 
 3.135000e+04  2.086611e+03 -5.011364e-02  4.536565e-02 -3.184966e-02 
 3.140000e+04  2.098185e+03 -5.019496e-02  4.543569e-02 -3.190434e-02 
 3.145000e+04  2.109760e+03 -5.027635e-02  4.550546e-02 -3.195893e-02 
 3.150000e+04  2.121334e+03 -5.035773e-02  4.557523e-02 -3.201359e-02 
 3.155000e+04  2.132908e+03 -5.043858e-02  4.564486e-02 -3.206798e-02 
 3.160000e+04  2.144482e+03 -5.051894e-02  4.571422e-02 -3.212243e-02 
 3.165000e+04  2.156056e+03 -5.059917e-02  4.578371e-02 -3.217693e-02 
 3.170000e+04  2.167630e+03 -5.067925e-02  4.585311e-02 -3.223145e-02 
 3.175000e+04  2.179204e+03 -5.075935e-02  4.592157e-02 -3.228543e-02 
 3.180000e+04  2.190778e+03 -5.083946e-02  4.598959e-02 -3.233938e-02 
 3.185000e+04  2.202352e+03 -5.091947e-02  4.605793e-02 -3.239335e-02 
 3.190000e+04  2.213926e+03 -5.099907e-02  4.612647e-02 -3.244726e-02 
 3.195000e+04  2.225500e+03 -5.107848e-02  4.619487e-02 -3.250102e-02 
 3.200000e+04  2.237074e+03 -5.115754e-02  4.626359e-02 -3.255469e-02 
 3.205000e+04  2.248648e+03 -5.123640e-02  4.633259e-02 -3.260802e-02 
 3.210000e+04  2.260222e+03 -5.131499e-02  4.640170e-02 -3.266128e-02 
 3.215000e+04  2.271797e+03 -5.139345e-02  4.647096e-02 -3.271466e-02 
 3.220000e+04  2.283371e+03 -5.147173e-02  4.654005e-02 -3.276806e-02 
 3.225000e+04  2.294945e+03 -5.154979e-02  4.660901e-02 -3.282143e-02 
 3.230000e+04  2.306519e+03 -5.162780e-02  4.667760e-02 -3.287470e-02 
 3.235000e+04  2.318093e+03 -5.170573e-02  4.674591e-02 -3.292777e-02 
 3.240000e+04  2.329667e+03 -5.178366e-02  4.681404e-02 -3.298052e-02 
 3.245000e+04  2.341241e+03 -5.186158e-02  4.688213e-02 -3.303321e-02 
 3.250000e+04  2.352815e+03 -5.193932e-02  4.695027e-02 -3.308596e-02 
 3.255000e+04  2.364389e+03 -5.201697e-02  4.701796e-02 -3.313859e-02 
 3.260000e+04  2.375963e+03 -5.209449e-02  4.708542e-02 -3.319112e-02 
 3.265000e+04  2.387537e+03 -5.217216e-02  4.715286e-02 -3.324357e-02 
 3.270000e+04  2.399111e+03 -5.224978e-02  4.722003e-02 -3.329593e-02 
 3.275000e+04  2.410685e+03 -5.232679e-02  4.728705e-02 -3.334820e-02 
 3.280000e+04  2.422260e+03 -5.240384e-02  4.735387e-02 -3.340042e-02 
 3.285000e+04  2.433834e+03 -5.248069e-02  4.742071e-02 -3.345267e-02 
 3.290000e+04  2.445408e+03 -5.255737e-02  4.748766e-02 -3.350475e-02 
 3.295000e+04  2.456982e+03 -5.263409e-02  4.755465e-02 -3.355671e-02 
 3.300000e+04  2.468556e+03 -5.271067e-02  4.762178e-02 -3.360858e-02 
 3.305000e+04  2.480130e+03 -5.278697e-02  4.768892e-02 -3.366049e-02 
 3.310000e+04  2.491704e+03 -5.286287e-02  4.775598e-02 -3.371227e-02 
 3.315000e+04  2.503278e+03 -5.293864e-02  4.782272e-02 -3.376398e-02 
 3.320000e+04  2.514852e+03 -5.301382e-02  4.788865e-02 -3.381555e-02 
 3.325000e+04  2.526426e+03 -5.308893e-02  4.795412e-02 -3.386698e-02 
 3.330000e+04  2.538000e+03 -5.316401e-02  4.801967e-02 -3.391817e-02 
 3.335000e+04  2.549574e+03 -5.323918e-02  4.808541e-02 -3.396928e-02 
 3.340000e+04  2.561148e+03 -5.331448e-02  4.815138e-02 -3.402040e-02 
 3.345000e+04  2.572722e+03 -5.338960e-02  4.821756e-02 -3.407148e-02 
 3.350000e+04  2.584297e+03 -5.346472e-02  4.828375e-02 -3.412263e-02 
 3.355000e+04  2.595871e+03 -5.353979e-02  4.834945e-02 -3.417387e-02 
 3.360000e+04  2.607445e+03 -5.361480e-02  4.841485e-02 -3.422504e-02 
 3.365000e+04  2.619019e+03 -5.368989e-02  4.847973e-02 -3.427615e-02 
 3.370000e+04  2.630593e+03 -5.376479e-02  4.854394e-02 -3.432715e-02 
 3.375000e+04  2.642167e+03 -5.383954e-02  4.860807e-02 -3.437798e-02 
 3.380000e+04  2.653741e+03 -5.391409e-02  4.867213e-02 -3.442873e-02 
 3.385000e+04  2.665315e+03 -5.398853e-02  4.873622e-02 -3.447919e-02 
 3.390000e+04  2.676889e+03 -5.406300e-02  4.880040e-02 -3.452953e-02 
 3.395000e+04  2.688463e+03 -5.413747e-02  4.886480e-02 -3.458006e-02 
 3.400000e+04  2.700037e+03 -5.421173e-02  4.892954e-02 -3.463074e-02 
 3.405000e+04  2.711611e+03 -5.428531e-02  4.899426e-02 -3.468144e-02 
 3.410000e+04  2.723185e+03 -5.435800e-02  4.905896e-02 -3.473217e-02 
 3.415000e+04  2.734760e+03 -5.443063e-02  4.912352e-02 -3.478285e-02 
 3.420000e+04  2.746334e+03 -5.450345e-02  4.918784e-02 -3.483324e-02 
 3.425000e+04  2.757908e+03 -5.457627e-02  4.925218e-02 -3.488348e-02 
 3.430000e+04  2.769482e+03 -5.464909e-02  4.931648e-02 -3.493373e-02 
 3.435000e+04  2.781056e+03 -5.472186e-02  4.938033e-02 -3.498385e-02 
 3.440000e+04  2.792630e+03 -5.479459e-02  4.944348e-02 -3.503381e-02 
 3.445000e+04  2.804204e+03 -5.486730e-02  4.950649e-02 -3.508372e-02 
 3.450000e+04  2.815778e+03 -5.493991e-02  4.956925e-02 -3.513350e-02 
 3.455000e+04  2.827352e+03 -5.501255e-02  4.963187e-02 -3.518322e-02 
 3.460000e+04  2.838926e+03 -5.508515e-02  4.969463e-02 -3.523299e-02 
 3.465000e+04  2.850500e+03 -5.515744e-02  4.975751e-02 -3.528293e-02 
 3.470000e+04  2.862074e+03 -5.522999e-02  4.982043e-02 -3.533285e-02 
 3.475000e+04  2.873648e+03 -5.530266e-02  4.988333e-02 -3.538271e-02 
 3.480000e+04  2.885222e+03 -5.537545e-02  4.994614e-02 -3.543242e-02 
 3.485000e+04  2.896797e+03 -5.544812e-02  5.000878e-02 -3.548202e-02 
 3.490000e+04  2.908371e+03 -5.552047e-02  5.007136e-02 -3.553144e-02 
 3.495000e+04  2.919945e+03 -5.559251e-02  5.013380e-02 -3.558079e-02 
 3.500000e+04  2.931519e+03 -5.566430e-02  5.019615e-02 -3.563014e-02 
 3.505000e+04  2.943093e+03 -5.573546e-02  5.025838e-02 -3.567946e-02 
 3.510000e+04  2.954667e+03 -5.580617e-02  5.032073e-02 -3.572889e-02 
 3.515000e+04  2.966241e+03 -5.587659e-02  5.038336e-02 -3.577836e-02 
 3.520000e+04  2.977815e+03 -5.594709e-02  5.044611e-02 -3.582760e-02 
 3.525000e+04  2.989389e+03 -5.601785e-02  5.050893e-02 -3.587661e-02 
 3.530000e+04  3.000963e+03 -5.608877e-02  5.057155e-02 -3.592559e-02 
 3.535000e+04  3.012537e+03 -5.615951e-02  5.063376e-02 -3.597443e-02 
 3.540000e+04  3.024111e+03 -5.623020e-02  5.069576e-02 -3.602323e-02 
 3.545000e+04  3.035685e+03 -5.630087e-02  5.075762e-02 -3.607212e-02 
 3.550000e+04  3.047260e+03 -5.637156e-02  5.081937e-02 -3.612099e-02 
 3.555000e+04  3.058834e+03 -5.644228e-02  5.088102e-02 -3.616987e-02 
 3.560000e+04  3.070408e+03 -5.651302e-02  5.094274e-02 -3.621881e-02 
 3.565000e+04  3.081982e+03 -5.658348e-02  5.100453e-02 -3.626761e-02 
 3.570000e+04  3.093556e+03 -5.665391e-02  5.106628e-02 -3.631633e-02 
 3.575000e+04  3.105130e+03 -5.672461e-02  5.112812e-02 -3.636506e-02 
 3.580000e+04  3.116704e+03 -5.679550e-02  5.118990e-02 -3.641381e-02 
 3.585000e+04  3.128278e+03 -5.686638e-02  5.125154e-02 -3.646249e-02 
 3.590000e+04  3.139852e+03 -5.693696e-02  5.131315e-02 -3.651111e-02 
 3.595000e+04  3.151426e+03 -5.700710e-02  5.137467e-02 -3.655969e-02 
 3.600000e+04  3.163000e+03 -5.707690e-02  5.143613e-02 -3.660810e-02 
 3.605000e+04  3.174574e+03 -5.714661e-02  5.149761e-02 -3.665641e-02 
 3.610000e+04  3.186148e+03 -5.721627e-02  5.155921e-02 -3.670475e-02 
 3.615000e+04  3.197722e+03 -5.728586e-02  5.162099e-02 -3.675308e-02 
 3.620000e+04  3.209297e+03 -5.735517e-02  5.168265e-02 -3.680139e-02 
 3.625000e+04  3.220871e+03 -5.742444e-02  5.174410e-02 -3.684958e-02 
 3.630000e+04  3.232445e+03 -5.749379e-02  5.180540e-02 -3.689769e-02 
 3.635000e+04  3.244019e+03 -5.756313e-02  5.186669e-02 -3.694573e-02 
 3.640000e+04  3.255593e+03 -5.763245e-02  5.192793e-02 -3.699370e-02 
 3.645000e+04  3.267167e+03 -5.770164e-02  5.198874e-02 -3.704161e-02 
 3.650000e+04  3.278741e+03 -5.777077e-02  5.204940e-02 -3.708949e-02 
 3.655000e+04  3.290315e+03 -5.783990e-02  5.210975e-02 -3.713731e-02 
 3.660000e+04  3.301889e+03 -5.790894e-02  5.216992e-02 -3.718498e-02 
 3.665000e+04  3.313463e+03 -5.797784e-02  5.223021e-02 -3.723254e-02 
 3.670000e+04  3.325037e+03 -5.804653e-02  5.229040e-02 -3.728010e-02 
 3.675000e+04  3.336611e+03 -5.811487e-02  5.235041e-02 -3.732754e-02 
 3.680000e+04  3.348185e+03 -5.818322e-02  5.241036e-02 -3.737489e-02 
 3.685000e+04  3.359760e+03 -5.825173e-02  5.247037e-02 -3.742223e-02 
 3.690000e+04  3.371334e+03 -5.832017e-02  5.253054e-02 -3.746965e-02 
 3.695000e+04  3.382908e+03 -5.838852e-02  5.259093e-02 -3.751701e-02 
 3.700000e+04  3.394482e+03 -5.845672e-02  5.265136e-02 -3.756433e-02 
 3.705000e+04  3.406056e+03 -5.852479e-02  5.271172e-02 -3.761168e-02 
 3.710000e+04  3.417630e+03 -5.859278e-02  5.277185e-02 -3.765892e-02 
 3.715000e+04  3.429204e+03 -5.866050e-02  5.283194e-02 -3.770603e-02 
 3.720000e+04  3.440778e+03 -5.872811e-02  5.289211e-02 -3.775310e-02 
 3.725000e+04  3.452352e+03 -5.879572e-02  5.295218e-02 -3.780018e-02 
 3.730000e+04  3.463926e+03 -5.886336e-02  5.301206e-02 -3.784718e-02 
 3.735000e+04  3.475500e+03 -5.893102e-02  5.307183e-02 -3.789414e-02 
 3.740000e+04  3.487074e+03 -5.899860e-02  5.313156e-02 -3.794105e-02 
 3.745000e+04  3.498648e+03 -5.906612e-02  5.319092e-02 -3.798788e-02 
 3.750000e+04  3.510222e+03 -5.913368e-02  5.324999e-02 -3.803471e-02 
 3.755000e+04  3.521797e+03 -5.920126e-02  5.330893e-02 -3.808143e-02 
 3.760000e+04  3.533371e+03 -5.926889e-02  5.336790e-02 -3.812802e-02 
 3.765000e+04  3.544945e+03 -5.933654e-02  5.342698e-02 -3.817456e-02 
 3.770000e+04  3.556519e+03 -5.940387e-02  5.348616e-02 -3.822113e-02 
 3.775000e+04  3.568093e+03 -5.947114e-02  5.354503e-02 -3.826773e-02 
 3.780000e+04  3.579667e+03 -5.953846e-02  5.360383e-02 -3.831422e-02 
 3.785000e+04  3.591241e+03 -5.960585e-02  5.366264e-02 -3.836069e-02 
 3.790000e+04  3.602815e+03 -5.967319e-02  5.372155e-02 -3.840707e-02 
 3.795000e+04  3.614389e+03 -5.974021e-02  5.378042e-02 -3.845345e-02 
 3.800000e+04  3.625963e+03 -5.980707e-02  5.383933e-02 -3.849983e-02 
 3.805000e+04  3.637537e+03 -5.987386e-02  5.389813e-02 -3.854617e-02 
 3.810000e+04  3.649111e+03 -5.994036e-02  5.395680e-02 -3.859238e-02 
 3.815000e+04  3.660685e+03 -6.000656e-02  5.401548e-02 -3.863858e-02 
 3.820000e+04  3.672260e+03 -6.007281e-02  5.407419e-02 -3.868484e-02 
 3.825000e+04  3.683834e+03 -6.013913e-02  5.413291e-02 -3.873107e-02 
 3.830000e+04  3.695408e+03 -6.020548e-02  5.419164e-02 -3.877724e-02 
 3.835000e+04  3.706982e+03 -6.027188e-02  5.425027e-02 -3.882336e-02 
 3.840000e+04  3.718556e+03 -6.033818e-02  5.430883e-02 -3.886945e-02 
 3.845000e+04  3.730130e+03 -6.040441e-02  5.436727e-02 -3.891551e-02 
 3.850000e+04  3.741704e+03 -6.047068e-02  5.442562e-02 -3.896154e-02 
 3.855000e+04  3.753278e+03 -6.053691e-02  5.448377e-02 -3.900755e-02 
 3.860000e+04  3.764852e+03 -6.060320e-02  5.454175e-02 -3.905356e-02 
 3.865000e+04  3.776426e+03 -6.066949e-02  5.459971e-02 -3.909958e-02 
 3.870000e+04  3.788000e+03 -6.073580e-02  5.465766e-02 -3.914558e-02 
 3.875000e+04  3.799574e+03 -6.080209e-02  5.471558e-02 -3.919152e-02 
 3.880000e+04  3.811148e+03 -6.086820e-02  5.477343e-02 -3.923740e-02 
 3.885000e+04  3.822722e+03 -6.093400e-02  5.483118e-02 -3.928322e-02 
 3.890000e+04  3.834297e+03 -6.099978e-02  5.488890e-02 -3.932891e-02 
 3.895000e+04  3.845871e+03 -6.106555e-02  5.494663e-02 -3.937464e-02 
 3.900000e+04  3.857445e+03 -6.113130e-02  5.500440e-02 -3.942039e-02 
 3.905000e+04  3.869019e+03 -6.119701e-02  5.506211e-02 -3.946610e-02 
 3.910000e+04  3.880593e+03 -6.126264e-02  5.511940e-02 -3.951182e-02 
 3.915000e+04  3.892167e+03 -6.132811e-02  5.517655e-02 -3.955738e-02 
 3.920000e+04  3.903741e+03 -6.139341e-02  5.523383e-02 -3.960295e-02 
 3.925000e+04  3.915315e+03 -6.145872e-02  5.529128e-02 -3.964857e-02 
 3.930000e+04  3.926889e+03 -6.152404e-02  5.534853e-02 -3.969416e-02 
 3.935000e+04  3.938463e+03 -6.158937e-02  5.540573e-02 -3.973967e-02 
 3.940000e+04  3.950037e+03 -6.165463e-02  5.546276e-02 -3.978501e-02 
 3.945000e+04  3.961611e+03 -6.171982e-02  5.551963e-02 -3.983036e-02 
 3.950000e+04  3.973185e+03 -6.178505e-02  5.557643e-02 -3.987570e-02 
 3.955000e+04  3.984760e+03 -6.185001e-02  5.563320e-02 -3.992112e-02 
 3.960000e+04  3.996334e+03 -6.191501e-02  5.569003e-02 -3.996658e-02 
 3.965000e+04  4.007908e+03 -6.198001e-02  5.574685e-02 -4.001202e-02 
 3.970000e+04  4.019482e+03 -6.204502e-02  5.580369e-02 -4.005735e-02 
 3.975000e+04  4.031056e+03 -6.210997e-02  5.586061e-02 -4.010262e-02 
 3.980000e+04  4.042630e+03 -6.217479e-02  5.591749e-02 -4.014779e-02 
 3.985000e+04  4.054204e+03 -6.223953e-02  5.597429e-02 -4.019297e-02 
 3.990000e+04  4.065778e+03 -6.230421e-02  5.603110e-02 -4.023821e-02 
 3.995000e+04  4.077352e+03 -6.236878e-02  5.608781e-02 -4.028341e-02 
 4.000000e+04  4.088926e+03 -6.243328e-02  5.614441e-02 -4.032856e-02 
 4.005000e+04  4.100500e+03 -6.249777e-02  5.620097e-02 -4.037370e-02 
 4.010000e+04  4.112074e+03 -6.256227e-02  5.625744e-02 -4.041882e-02 
 4.015000e+04  4.123648e+03 -6.262664e-02  5.631390e-02 -4.046390e-02 
 4.020000e+04  4.135222e+03 -6.269091e-02  5.637010e-02 -4.050894e-02 
 4.025000e+04  4.146797e+03 -6.275517e-02  5.642618e-02 -4.055390e-02 
 4.030000e+04  4.158371e+03 -6.281944e-02  5.648228e-02 -4.059877e-02 
 4.035000e+04  4.169945e+03 -6.288369e-02  5.653837e-02 -4.064362e-02 
 4.040000e+04  4.181519e+03 -6.294797e-02  5.659448e-02 -4.068847e-02 
 4.045000e+04  4.193093e+03 -6.301218e-02  5.665056e-02 -4.073333e-02 
 4.050000e+04  4.204667e+03 -6.307626e-02  5.670656e-02 -4.077814e-02 
 4.055000e+04  4.216241e+03 -6.314016e-02  5.676253e-02 -4.082293e-02 
 4.060000e+04  4.227815e+03 -6.320396e-02  5.681854e-02 -4.086768e-02 
 4.065000e+04  4.239389e+03 -6.326774e-02  5.687461e-02 -4.091239e-02 
 4.070000e+04  4.250963e+03 -6.333143e-02  5.693061e-02 -4.095702e-02 
 4.075000e+04  4.262537e+03 -6.339510e-02  5.698642e-02 -4.100164e-02 
 4.080000e+04  4.274111e+03 -6.345875e-02  5.704197e-02 -4.104629e-02 
 4.085000e+04  4.285685e+03 -6.352227e-02  5.709752e-02 -4.109073e-02 
 4.090000e+04  4.297260e+03 -6.358555e-02  5.715316e-02 -4.113514e-02 
 4.095000e+04  4.308834e+03 -6.364877e-02  5.720894e-02 -4.117956e-02 
 4.100000e+04  4.320408e+03 -6.371199e-02  5.726437e-02 -4.122403e-02 
 4.105000e+04  4.331982e+03 -6.377504e-02  5.731949e-02 -4.126845e-02 
 4.110000e+04  4.343556e+03 -6.383792e-02  5.737457e-02 -4.131279e-02 
 4.115000e+04  4.355130e+03 -6.390055e-02  5.742978e-02 -4.135704e-02 
 4.120000e+04  4.366704e+03 -6.396319e-02  5.748511e-02 -4.140122e-02 
 4.125000e+04  4.378278e+03 -6.402600e-02  5.754055e-02 -4.144531e-02 
 4.130000e+04  4.389852e+03 -6.408902e-02  5.759600e-02 -4.148947e-02 
 4.135000e+04  4.401426e+03 -6.415205e-02  5.765151e-02 -4.153368e-02 
 4.140000e+04  4.413000e+03 -6.421498e-02  5.770699e-02 -4.157790e-02 
 4.145000e+04  4.424574e+03 -6.427780e-02  5.776243e-02 -4.162205e-02 
 4.150000e+04  4.436148e+03 -6.434051e-02  5.781773e-02 -4.166614e-02 
 4.155000e+04  4.447722e+03 -6.440306e-02  5.787274e-02 -4.171015e-02 
 4.160000e+04  4.459297e+03 -6.446563e-02  5.792747e-02 -4.175398e-02 
 4.165000e+04  4.470871e+03 -6.452835e-02  5.798218e-02 -4.179773e-02 
 4.170000e+04  4.482445e+03 -6.459104e-02  5.803703e-02 -4.184148e-02 
 4.175000e+04  4.494019e+03 -6.465371e-02  5.809191e-02 -4.188528e-02 
 4.180000e+04  4.505593e+03 -6.471633e-02  5.814684e-02 -4.192913e-02 
 4.185000e+04  4.517167e+03 -6.477896e-02  5.820179e-02 -4.197300e-02 
 4.190000e+04  4.528741e+03 -6.484141e-02  5.825668e-02 -4.201678e-02 
 4.195000e+04  4.540315e+03 -6.490380e-02  5.831131e-02 -4.206039e-02 
 4.200000e+04  4.551889e+03 -6.496606e-02  5.836587e-02 -4.210388e-02 
 4.205000e+04  4.563463e+03 -6.502824e-02  5.842046e-02 -4.214740e-02 
 4.210000e+04  4.575037e+03 -6.509043e-02  5.847508e-02 -4.219098e-02 
 4.215000e+04  4.586611e+03 -6.515270e-02  5.852977e-02 -4.223462e-02 
 4.220000e+04  4.598185e+03 -6.521503e-02  5.858450e-02 -4.227825e-02 
 4.225000e+04  4.609760e+03 -6.527732e-02  5.863922e-02 -4.232183e-02 
 4.230000e+04  4.621334e+03 -6.533952e-02  5.869392e-02 -4.236536e-02 
 4.235000e+04  4.632908e+03 -6.540161e-02  5.874865e-02 -4.240886e-02 
 4.240000e+04  4.644482e+03 -6.546366e-02  5.880334e-02 -4.245232e-02 
 4.245000e+04  4.656056e+03 -6.552570e-02  5.885801e-02 -4.249577e-02 
 4.250000e+04  4.667630e+03 -6.558778e-02  5.891260e-02 -4.253921e-02 
 4.255000e+04  4.679204e+03 -6.564990e-02  5.896712e-02 -4.258264e-02 
 4.260000e+04  4.690778e+03 -6.571205e-02  5.902156e-02 -4.262601e-02 
 4.265000e+04  4.702352e+03 -6.577400e-02  5.907592e-02 -4.266930e-02 
 4.270000e+04  4.713926e+03 -6.583563e-02  5.913025e-02 -4.271257e-02 
 4.275000e+04  4.725500e+03 -6.589731e-02  5.918462e-02 -4.275577e-02 
 4.280000e+04  4.737074e+03 -6.595902e-02  5.923895e-02 -4.279900e-02 
 4.285000e+04  4.748648e+03 -6.602049e-02  5.929332e-02 -4.284218e-02 
 4.290000e+04  4.760222e+03 -6.608177e-02  5.934772e-02 -4.288537e-02 
 4.295000e+04  4.771797e+03 -6.614308e-02  5.940214e-02 -4.292851e-02 
 4.300000e+04  4.783371e+03 -6.620442e-02  5.945654e-02 -4.297159e-02 
 4.305000e+04  4.794945e+03 -6.626563e-02  5.951094e-02 -4.301465e-02 
 4.310000e+04  4.806519e+03 -6.632643e-02  5.956534e-02 -4.305768e-02 
 4.315000e+04  4.818093e+03 -6.638706e-02  5.961969e-02 -4.310052e-02 
 4.320000e+04  4.829667e+03 -6.644775e-02  5.967403e-02 -4.314339e-02 
 4.325000e+04  4.841241e+03 -6.650857e-02  5.972823e-02 -4.318632e-02 
 4.330000e+04  4.852815e+03 -6.656951e-02  5.978213e-02 -4.322929e-02 
 4.335000e+04  4.864389e+03 -6.663053e-02  5.983605e-02 -4.327227e-02 
 4.340000e+04  4.875963e+03 -6.669165e-02  5.989003e-02 -4.331513e-02 
 4.345000e+04  4.887537e+03 -6.675280e-02  5.994409e-02 -4.335788e-02 
 4.350000e+04  4.899111e+03 -6.681392e-02  5.999816e-02 -4.340060e-02 
 4.355000e+04  4.910685e+03 -6.687500e-02  6.005214e-02 -4.344333e-02 
 4.360000e+04  4.922260e+03 -6.693611e-02  6.010608e-02 -4.348607e-02 
 4.365000e+04  4.933834e+03 -6.699728e-02  6.015998e-02 -4.352885e-02 
 4.370000e+04  4.945408e+03 -6.705841e-02  6.021388e-02 -4.357162e-02 
 4.375000e+04  4.956982e+03 -6.711943e-02  6.026773e-02 -4.361439e-02 
 4.380000e+04  4.968556e+03 -6.718035e-02  6.032150e-02 -4.365712e-02 
 4.385000e+04  4.980130e+03 -6.724126e-02  6.037517e-02 -4.369976e-02 
 4.390000e+04  4.991704e+03 -6.730214e-02  6.042881e-02 -4.374232e-02 
 4.395000e+04  5.003278e+03 -6.736290e-02  6.048250e-02 -4.378490e-02 
 4.400000e+04  5.014852e+03 -6.742347e-02  6.053627e-02 -4.382748e-02 
 4.405000e+04  5.026426e+03 -6.748390e-02  6.058994e-02 -4.386995e-02 
 4.410000e+04  5.038000e+03 -6.754418e-02  6.064366e-02 -4.391234e-02 
 4.415000e+04  5.049574e+03 -6.760444e-02  6.069756e-02 -4.395477e-02 
 4.420000e+04  5.061148e+03 -6.766455e-02  6.075152e-02 -4.399722e-02 
 4.425000e+04  5.072722e+03 -6.772461e-02  6.080553e-02 -4.403960e-02 
 4.430000e+04  5.084297e+03 -6.778458e-02  6.085955e-02 -4.408195e-02 
 4.435000e+04  5.095871e+03 -6.784454e-02  6.091351e-02 -4.412416e-02 
 4.440000e+04  5.107445e+03 -6.790447e-02  6.096738e-02 -4.416636e-02 
 4.445000e+04  5.119019e+03 -6.796430e-02  6.102120e-02 -4.420855e-02 
 4.450000e+04  5.130593e+03 -6.802415e-02  6.107494e-02 -4.425077e-02 
 4.455000e+04  5.142167e+03 -6.808408e-02  6.112867e-02 -4.429309e-02 
 4.460000e+04  5.153741e+03 -6.814410e-02  6.118237e-02 -4.433544e-02 
 4.465000e+04  5.165315e+03 -6.820417e-02  6.123594e-02 -4.437769e-02 
 4.470000e+04  5.176889e+03 -6.826432e-02  6.128946e-02 -4.441983e-02 
 4.475000e+04  5.188463e+03 -6.832447e-02  6.134287e-02 -4.446193e-02 
 4.480000e+04  5.200037e+03 -6.838464e-02  6.139626e-02 -4.450401e-02 
 4.485000e+04  5.211611e+03 -6.844488e-02  6.144958e-02 -4.454613e-02 
 4.490000e+04  5.223185e+03 -6.850511e-02  6.150271e-02 -4.458829e-02 
 4.495000e+04  5.234760e+03 -6.856530e-02  6.155569e-02 -4.463049e-02 
 4.500000e+04  5.246334e+03 -6.862538e-02  6.160871e-02 -4.467261e-02 
 4.505000e+04  5.257908e+03 -6.868529e-02  6.166188e-02 -4.471462e-02 
 4.510000e+04  5.269482e+03 -6.874521e-02  6.171522e-02 -4.475665e-02 
 4.515000e+04  5.281056e+03 -6.880505e-02  6.176871e-02 -4.479865e-02 
 4.520000e+04  5.292630e+03 -6.886482e-02  6.182232e-02 -4.484062e-02 
