         Step [creep.tim... Z Displace... Z Displace... X Displace... 
------------- ------------- ------------- ------------- ------------- 
 5.250000e+03  1.276223e-07 -4.629353e-03  4.524540e-03 -2.433365e-03 
 5.300000e+03  3.886505e-06 -4.629577e-03  4.524665e-03 -2.433597e-03 
 5.350000e+03  2.888982e-05 -4.630659e-03  4.524963e-03 -2.434464e-03 
 5.400000e+03  1.357068e-04 -4.631383e-03  4.525196e-03 -2.434747e-03 
 5.450000e+03  4.679328e-04 -4.632128e-03  4.526575e-03 -2.436265e-03 
 5.500000e+03  8.305461e-04 -4.635155e-03  4.529614e-03 -2.439855e-03 
 5.550000e+03  1.193159e-03 -4.640156e-03  4.534612e-03 -2.444711e-03 
 5.600000e+03  1.595176e-03 -4.646672e-03  4.541843e-03 -2.450360e-03 
 5.650000e+03  2.227203e-03 -4.656698e-03  4.553458e-03 -2.458353e-03 
 5.700000e+03  2.887753e-03 -4.664898e-03  4.562584e-03 -2.464765e-03 
 5.750000e+03  3.641600e-03 -4.670891e-03  4.567848e-03 -2.469117e-03 
 5.800000e+03  4.395447e-03 -4.676415e-03  4.571729e-03 -2.473481e-03 
 5.850000e+03  5.149294e-03 -4.683335e-03  4.577252e-03 -2.479659e-03 
 5.900000e+03  5.903141e-03 -4.691624e-03  4.585359e-03 -2.487593e-03 
 5.950000e+03  6.688590e-03 -4.701296e-03  4.595767e-03 -2.496763e-03 
 6.000000e+03  7.862621e-03 -4.715416e-03  4.611531e-03 -2.509858e-03 
 6.050000e+03  9.090558e-03 -4.728784e-03  4.624816e-03 -2.520670e-03 
 6.100000e+03  1.040028e-02 -4.740303e-03  4.634701e-03 -2.528402e-03 
 6.150000e+03  1.175408e-02 -4.750669e-03  4.644042e-03 -2.535392e-03 
 6.200000e+03  1.310788e-02 -4.761466e-03  4.654739e-03 -2.543723e-03 
 6.250000e+03  1.446168e-02 -4.773389e-03  4.667679e-03 -2.553990e-03 
 6.300000e+03  1.581954e-02 -4.786384e-03  4.682311e-03 -2.566216e-03 
 6.350000e+03  1.762838e-02 -4.803904e-03  4.701001e-03 -2.583089e-03 
 6.400000e+03  1.953331e-02 -4.819711e-03  4.716972e-03 -2.597792e-03 
 6.450000e+03  2.154130e-02 -4.833438e-03  4.731220e-03 -2.609700e-03 
 6.500000e+03  2.364149e-02 -4.847073e-03  4.745499e-03 -2.620438e-03 
 6.550000e+03  2.574168e-02 -4.861158e-03  4.760473e-03 -2.631162e-03 
 6.600000e+03  2.784187e-02 -4.876648e-03  4.777105e-03 -2.643208e-03 
 6.650000e+03  2.994206e-02 -4.893659e-03  4.795384e-03 -2.656861e-03 
 6.700000e+03  3.230149e-02 -4.912674e-03  4.815658e-03 -2.673133e-03 
 6.750000e+03  3.487847e-02 -4.930126e-03  4.833294e-03 -2.689168e-03 
 6.800000e+03  3.781405e-02 -4.947617e-03  4.850240e-03 -2.705172e-03 
 6.850000e+03  4.091699e-02 -4.965626e-03  4.867948e-03 -2.720273e-03 
 6.900000e+03  4.401992e-02 -4.983755e-03  4.886052e-03 -2.734508e-03 
 6.950000e+03  4.712286e-02 -5.002588e-03  4.905214e-03 -2.749000e-03 
 7.000000e+03  5.022580e-02 -5.022711e-03  4.926001e-03 -2.764268e-03 
 7.050000e+03  5.371683e-02 -5.046016e-03  4.949858e-03 -2.781559e-03 
 7.100000e+03  5.730887e-02 -5.066976e-03  4.970594e-03 -2.797959e-03 
 7.150000e+03  6.125867e-02 -5.086659e-03  4.990440e-03 -2.814956e-03 
 7.200000e+03  6.541691e-02 -5.106568e-03  5.010945e-03 -2.832480e-03 
 7.250000e+03  6.957514e-02 -5.126308e-03  5.031417e-03 -2.849282e-03 
 7.300000e+03  7.373337e-02 -5.146391e-03  5.052337e-03 -2.865838e-03 
 7.350000e+03  7.800096e-02 -5.168192e-03  5.074685e-03 -2.882896e-03 
 7.400000e+03  8.268169e-02 -5.192525e-03  5.099512e-03 -2.900849e-03 
 7.450000e+03  8.749536e-02 -5.215060e-03  5.122799e-03 -2.917621e-03 
 7.500000e+03  9.230903e-02 -5.235415e-03  5.144056e-03 -2.933735e-03 
 7.550000e+03  9.712271e-02 -5.255201e-03  5.164728e-03 -2.949994e-03 
 7.600000e+03  1.019364e-01 -5.274653e-03  5.185142e-03 -2.966275e-03 
 7.650000e+03  1.067645e-01 -5.294097e-03  5.205387e-03 -2.982643e-03 
 7.700000e+03  1.124811e-01 -5.317572e-03  5.229505e-03 -3.001943e-03 
 7.750000e+03  1.186247e-01 -5.342870e-03  5.254781e-03 -3.021559e-03 
 7.800000e+03  1.247683e-01 -5.367065e-03  5.278317e-03 -3.039314e-03 
 7.850000e+03  1.309119e-01 -5.390004e-03  5.300807e-03 -3.056101e-03 
 7.900000e+03  1.370555e-01 -5.412507e-03  5.323097e-03 -3.072703e-03 
 7.950000e+03  1.431991e-01 -5.434607e-03  5.345470e-03 -3.089519e-03 
 8.000000e+03  1.493427e-01 -5.456107e-03  5.367516e-03 -3.106689e-03 
 8.050000e+03  1.561228e-01 -5.479276e-03  5.391048e-03 -3.125744e-03 
 8.100000e+03  1.635903e-01 -5.504037e-03  5.416084e-03 -3.145892e-03 
 8.150000e+03  1.710579e-01 -5.527930e-03  5.440065e-03 -3.164545e-03 
 8.200000e+03  1.785255e-01 -5.551275e-03  5.463425e-03 -3.181976e-03 
 8.250000e+03  1.859931e-01 -5.574578e-03  5.486666e-03 -3.198844e-03 
 8.300000e+03  1.934607e-01 -5.597982e-03  5.509912e-03 -3.215714e-03 
 8.350000e+03  2.009283e-01 -5.620743e-03  5.532943e-03 -3.232826e-03 
 8.400000e+03  2.086162e-01 -5.642739e-03  5.555915e-03 -3.250478e-03 
 8.450000e+03  2.171456e-01 -5.666014e-03  5.580476e-03 -3.269762e-03 
 8.500000e+03  2.261533e-01 -5.689974e-03  5.605677e-03 -3.289353e-03 
 8.550000e+03  2.352302e-01 -5.713903e-03  5.630247e-03 -3.307972e-03 
 8.600000e+03  2.443071e-01 -5.737935e-03  5.654616e-03 -3.325836e-03 
 8.650000e+03  2.533840e-01 -5.762181e-03  5.678968e-03 -3.343461e-03 
 8.700000e+03  2.624609e-01 -5.786222e-03  5.702900e-03 -3.360873e-03 
 8.750000e+03  2.715832e-01 -5.809552e-03  5.725994e-03 -3.378100e-03 
 8.800000e+03  2.813427e-01 -5.833519e-03  5.749739e-03 -3.396328e-03 
 8.850000e+03  2.913499e-01 -5.857270e-03  5.773587e-03 -3.414848e-03 
 8.900000e+03  3.013572e-01 -5.880273e-03  5.796901e-03 -3.432944e-03 
 8.950000e+03  3.117488e-01 -5.903956e-03  5.820741e-03 -3.451232e-03 
 9.000000e+03  3.228149e-01 -5.929361e-03  5.846213e-03 -3.470275e-03 
 9.050000e+03  3.343996e-01 -5.955992e-03  5.872640e-03 -3.489527e-03 
 9.100000e+03  3.459843e-01 -5.982025e-03  5.898180e-03 -3.508046e-03 
 9.150000e+03  3.575689e-01 -6.007309e-03  5.922896e-03 -3.526226e-03 
 9.200000e+03  3.691536e-01 -6.031934e-03  5.947036e-03 -3.544374e-03 
 9.250000e+03  3.807383e-01 -6.055491e-03  5.970595e-03 -3.562431e-03 
 9.300000e+03  3.924041e-01 -6.078425e-03  5.993916e-03 -3.580473e-03 
 9.350000e+03  4.052084e-01 -6.103443e-03  6.019552e-03 -3.600034e-03 
 9.400000e+03  4.186191e-01 -6.129465e-03  6.046460e-03 -3.619882e-03 
 9.450000e+03  4.320298e-01 -6.155130e-03  6.072864e-03 -3.638793e-03 
 9.500000e+03  4.458831e-01 -6.181416e-03  6.099450e-03 -3.657570e-03 
 9.550000e+03  4.599644e-01 -6.208005e-03  6.125822e-03 -3.676437e-03 
 9.600000e+03  4.740456e-01 -6.233895e-03  6.151410e-03 -3.695298e-03 
 9.650000e+03  4.881268e-01 -6.258683e-03  6.176178e-03 -3.714155e-03 
 9.700000e+03  5.024052e-01 -6.283321e-03  6.200870e-03 -3.733194e-03 
 9.750000e+03  5.171905e-01 -6.308599e-03  6.226298e-03 -3.752610e-03 
 9.800000e+03  5.319759e-01 -6.333537e-03  6.251402e-03 -3.771385e-03 
 9.850000e+03  5.474051e-01 -6.359292e-03  6.277310e-03 -3.790168e-03 
 9.900000e+03  5.641949e-01 -6.387264e-03  6.305350e-03 -3.810090e-03 
 9.950000e+03  5.813107e-01 -6.415536e-03  6.333486e-03 -3.830087e-03 
 1.000000e+04  5.984266e-01 -6.443169e-03  6.360571e-03 -3.849833e-03 
 1.005000e+04  6.155424e-01 -6.470137e-03  6.386794e-03 -3.869495e-03 
 1.010000e+04  6.326583e-01 -6.496486e-03  6.412527e-03 -3.889194e-03 
 1.015000e+04  6.497741e-01 -6.521947e-03  6.437844e-03 -3.908606e-03 
 1.020000e+04  6.670269e-01 -6.547004e-03  6.463059e-03 -3.927648e-03 
 1.025000e+04  6.855557e-01 -6.573984e-03  6.490209e-03 -3.947532e-03 
 1.030000e+04  7.044259e-01 -6.601504e-03  6.517984e-03 -3.967281e-03 
 1.035000e+04  7.232961e-01 -6.628655e-03  6.545427e-03 -3.986459e-03 
 1.040000e+04  7.428673e-01 -6.656261e-03  6.573130e-03 -4.006039e-03 
 1.045000e+04  7.636718e-01 -6.685162e-03  6.601806e-03 -4.026838e-03 
 1.050000e+04  7.844762e-01 -6.713310e-03  6.629436e-03 -4.047624e-03 
 1.055000e+04  8.052806e-01 -6.740492e-03  6.656282e-03 -4.068151e-03 
 1.060000e+04  8.263347e-01 -6.767621e-03  6.683300e-03 -4.088623e-03 
 1.065000e+04  8.481793e-01 -6.795804e-03  6.711453e-03 -4.109394e-03 
 1.070000e+04  8.700239e-01 -6.823750e-03  6.739502e-03 -4.129586e-03 
 1.075000e+04  8.922399e-01 -6.851805e-03  6.767682e-03 -4.149464e-03 
 1.080000e+04  9.162319e-01 -6.881868e-03  6.797758e-03 -4.170593e-03 
 1.085000e+04  9.403156e-01 -6.911580e-03  6.827336e-03 -4.191629e-03 
 1.090000e+04  9.643993e-01 -6.940500e-03  6.855757e-03 -4.212541e-03 
 1.095000e+04  9.887239e-01 -6.969045e-03  6.883663e-03 -4.233612e-03 
 1.100000e+04  1.014012e+00 -6.998455e-03  6.912325e-03 -4.255354e-03 
 1.105000e+04  1.039300e+00 -7.027421e-03  6.940739e-03 -4.276695e-03 
 1.110000e+04  1.064588e+00 -7.055873e-03  6.968937e-03 -4.297385e-03 
 1.115000e+04  1.090887e+00 -7.085322e-03  6.998248e-03 -4.318311e-03 
 1.120000e+04  1.117439e+00 -7.114892e-03  7.027869e-03 -4.339086e-03 
 1.125000e+04  1.143992e+00 -7.143929e-03  7.057026e-03 -4.359511e-03 
 1.130000e+04  1.171643e+00 -7.173550e-03  7.086553e-03 -4.380615e-03 
 1.135000e+04  1.200917e+00 -7.204395e-03  7.117151e-03 -4.403046e-03 
 1.140000e+04  1.230191e+00 -7.234607e-03  7.146947e-03 -4.425373e-03 
 1.145000e+04  1.259465e+00 -7.264211e-03  7.176038e-03 -4.447257e-03 
 1.150000e+04  1.289880e+00 -7.294804e-03  7.206064e-03 -4.469442e-03 
 1.155000e+04  1.320618e+00 -7.325711e-03  7.236472e-03 -4.491410e-03 
 1.160000e+04  1.351356e+00 -7.356206e-03  7.266822e-03 -4.512887e-03 
 1.165000e+04  1.382524e+00 -7.386513e-03  7.297209e-03 -4.534264e-03 
 1.170000e+04  1.415928e+00 -7.418607e-03  7.329382e-03 -4.556999e-03 
 1.175000e+04  1.449816e+00 -7.450753e-03  7.361353e-03 -4.580002e-03 
 1.180000e+04  1.483704e+00 -7.482175e-03  7.392298e-03 -4.602735e-03 
 1.185000e+04  1.518643e+00 -7.513995e-03  7.423446e-03 -4.625922e-03 
 1.190000e+04  1.555400e+00 -7.547329e-03  7.455990e-03 -4.650053e-03 
 1.195000e+04  1.592761e+00 -7.580914e-03  7.488781e-03 -4.674088e-03 
 1.200000e+04  1.630123e+00 -7.614004e-03  7.521158e-03 -4.697462e-03 
 1.205000e+04  1.668008e+00 -7.647308e-03  7.553801e-03 -4.720729e-03 
 1.210000e+04  1.707238e+00 -7.681391e-03  7.587568e-03 -4.744554e-03 
 1.215000e+04  1.746468e+00 -7.714661e-03  7.620723e-03 -4.768115e-03 
 1.220000e+04  1.786482e+00 -7.747857e-03  7.653707e-03 -4.791946e-03 
 1.225000e+04  1.829692e+00 -7.783324e-03  7.688737e-03 -4.817645e-03 
 1.230000e+04  1.872943e+00 -7.818461e-03  7.723240e-03 -4.843090e-03 
 1.235000e+04  1.916194e+00 -7.852978e-03  7.757101e-03 -4.867894e-03 
 1.240000e+04  1.961088e+00 -7.888604e-03  7.791930e-03 -4.893059e-03 
 1.245000e+04  2.006501e+00 -7.924529e-03  7.826998e-03 -4.918163e-03 
 1.250000e+04  2.051915e+00 -7.959798e-03  7.861718e-03 -4.942880e-03 
 1.255000e+04  2.097328e+00 -7.994271e-03  7.895862e-03 -4.967271e-03 
 1.260000e+04  2.144422e+00 -8.029523e-03  7.930967e-03 -4.992428e-03 
 1.265000e+04  2.192106e+00 -8.064792e-03  7.966070e-03 -5.017784e-03 
 1.270000e+04  2.239790e+00 -8.099429e-03  8.000384e-03 -5.042783e-03 
 1.275000e+04  2.290474e+00 -8.135911e-03  8.036206e-03 -5.068840e-03 
 1.280000e+04  2.343045e+00 -8.173678e-03  8.073050e-03 -5.095478e-03 
 1.285000e+04  2.395617e+00 -8.211165e-03  8.109412e-03 -5.121701e-03 
 1.290000e+04  2.448189e+00 -8.247927e-03  8.145141e-03 -5.147432e-03 
 1.295000e+04  2.501497e+00 -8.284791e-03  8.181106e-03 -5.173226e-03 
 1.300000e+04  2.556697e+00 -8.322451e-03  8.218112e-03 -5.199804e-03 
 1.305000e+04  2.611897e+00 -8.359372e-03  8.254510e-03 -5.226063e-03 
 1.310000e+04  2.668257e+00 -8.396380e-03  8.291066e-03 -5.252557e-03 
 1.315000e+04  2.729115e+00 -8.436131e-03  8.330190e-03 -5.280893e-03 
 1.320000e+04  2.789973e+00 -8.475591e-03  8.368775e-03 -5.308744e-03 
 1.325000e+04  2.850832e+00 -8.514497e-03  8.406686e-03 -5.336051e-03 
 1.330000e+04  2.913638e+00 -8.554265e-03  8.445253e-03 -5.363842e-03 
 1.335000e+04  2.977539e+00 -8.594402e-03  8.484184e-03 -5.391794e-03 
 1.340000e+04  3.041440e+00 -8.633750e-03  8.522659e-03 -5.419455e-03 
 1.345000e+04  3.105341e+00 -8.672325e-03  8.560531e-03 -5.446851e-03 
 1.350000e+04  3.172409e+00 -8.712300e-03  8.599959e-03 -5.475358e-03 
 1.355000e+04  3.242860e+00 -8.753843e-03  8.641109e-03 -5.504970e-03 
 1.360000e+04  3.313311e+00 -8.794867e-03  8.681599e-03 -5.534034e-03 
 1.365000e+04  3.384537e+00 -8.835948e-03  8.721883e-03 -5.562871e-03 
 1.370000e+04  3.458511e+00 -8.878461e-03  8.763206e-03 -5.592482e-03 
 1.375000e+04  3.532485e+00 -8.920453e-03  8.803935e-03 -5.621845e-03 
 1.380000e+04  3.606458e+00 -8.961680e-03  8.843920e-03 -5.650818e-03 
 1.385000e+04  3.680654e+00 -9.002490e-03  8.883527e-03 -5.679580e-03 
 1.390000e+04  3.758326e+00 -9.044793e-03  8.924793e-03 -5.709487e-03 
 1.395000e+04  3.835999e+00 -9.086421e-03  8.965623e-03 -5.738975e-03 
 1.400000e+04  3.913749e+00 -9.127567e-03  9.005975e-03 -5.767957e-03 
 1.405000e+04  3.996936e+00 -9.171400e-03  9.048800e-03 -5.798603e-03 
 1.410000e+04  4.082570e+00 -9.216204e-03  9.092413e-03 -5.829797e-03 
 1.415000e+04  4.168204e+00 -9.260266e-03  9.135105e-03 -5.860549e-03 
 1.420000e+04  4.253837e+00 -9.303713e-03  9.177088e-03 -5.890978e-03 
 1.425000e+04  4.339471e+00 -9.346764e-03  9.218725e-03 -5.921205e-03 
 1.430000e+04  4.425105e+00 -9.389204e-03  9.259885e-03 -5.951089e-03 
 1.435000e+04  4.510739e+00 -9.430891e-03  9.300555e-03 -5.980597e-03 
 1.440000e+04  4.598428e+00 -9.473254e-03  9.342008e-03 -6.010451e-03 
 1.445000e+04  4.688343e+00 -9.516392e-03  9.384353e-03 -6.040699e-03 
 1.450000e+04  4.778259e+00 -9.559014e-03  9.426147e-03 -6.070529e-03 
 1.455000e+04  4.869163e+00 -9.601541e-03  9.467708e-03 -6.100295e-03 
 1.460000e+04  4.963575e+00 -9.645466e-03  9.510371e-03 -6.130962e-03 
 1.465000e+04  5.057986e+00 -9.688964e-03  9.552423e-03 -6.161382e-03 
 1.470000e+04  5.152397e+00 -9.731789e-03  9.593769e-03 -6.191488e-03 
 1.475000e+04  5.248791e+00 -9.775031e-03  9.635577e-03 -6.221915e-03 
 1.480000e+04  5.347923e+00 -9.819210e-03  9.678358e-03 -6.252912e-03 
 1.485000e+04  5.447055e+00 -9.862894e-03  9.720798e-03 -6.283514e-03 
 1.490000e+04  5.546781e+00 -9.906313e-03  9.762993e-03 -6.313774e-03 
 1.495000e+04  5.650870e+00 -9.951304e-03  9.806676e-03 -6.345091e-03 
 1.500000e+04  5.754958e+00 -9.995894e-03  9.849895e-03 -6.376199e-03 
 1.505000e+04  5.859047e+00 -1.003988e-02  9.892392e-03 -6.406982e-03 
 1.510000e+04  5.965841e+00 -1.008452e-02  9.935369e-03 -6.438237e-03 
 1.515000e+04  6.080162e+00 -1.013198e-02  9.981010e-03 -6.471460e-03 
 1.520000e+04  6.194919e+00 -1.017906e-02  1.002641e-02 -6.504391e-03 
 1.525000e+04  6.309677e+00 -1.022546e-02  1.007133e-02 -6.536832e-03 
 1.530000e+04  6.426615e+00 -1.027236e-02  1.011672e-02 -6.569547e-03 
 1.535000e+04  6.547110e+00 -1.032021e-02  1.016324e-02 -6.602955e-03 
 1.540000e+04  6.667605e+00 -1.036738e-02  1.020930e-02 -6.636003e-03 
 1.545000e+04  6.790510e+00 -1.041492e-02  1.025562e-02 -6.669355e-03 
 1.550000e+04  6.919561e+00 -1.046452e-02  1.030372e-02 -6.704060e-03 
 1.555000e+04  7.052407e+00 -1.051512e-02  1.035259e-02 -6.739489e-03 
 1.560000e+04  7.185253e+00 -1.056505e-02  1.040072e-02 -6.774467e-03 
 1.565000e+04  7.319561e+00 -1.061504e-02  1.044885e-02 -6.809392e-03 
 1.570000e+04  7.459049e+00 -1.066661e-02  1.049852e-02 -6.845324e-03 
 1.575000e+04  7.598538e+00 -1.071762e-02  1.054776e-02 -6.880844e-03 
 1.580000e+04  7.738026e+00 -1.076790e-02  1.059632e-02 -6.915912e-03 
 1.585000e+04  7.881978e+00 -1.081934e-02  1.064602e-02 -6.951797e-03 
 1.590000e+04  8.028441e+00 -1.087120e-02  1.069613e-02 -6.988040e-03 
 1.595000e+04  8.174904e+00 -1.092241e-02  1.074552e-02 -7.023870e-03 
 1.600000e+04  8.326493e+00 -1.097493e-02  1.079598e-02 -7.060495e-03 
 1.605000e+04  8.480279e+00 -1.102789e-02  1.084671e-02 -7.097322e-03 
 1.610000e+04  8.634065e+00 -1.108031e-02  1.089692e-02 -7.133762e-03 
 1.615000e+04  8.787851e+00 -1.113198e-02  1.094646e-02 -7.169714e-03 
 1.620000e+04  8.948711e+00 -1.118550e-02  1.099794e-02 -7.207006e-03 
 1.625000e+04  9.110186e+00 -1.123872e-02  1.104931e-02 -7.244189e-03 
 1.630000e+04  9.271662e+00 -1.129125e-02  1.110008e-02 -7.280931e-03 
 1.635000e+04  9.440508e+00 -1.134561e-02  1.115256e-02 -7.318924e-03 
 1.640000e+04  9.618535e+00 -1.140258e-02  1.120739e-02 -7.358603e-03 
 1.645000e+04  9.796561e+00 -1.145898e-02  1.126158e-02 -7.397895e-03 
 1.650000e+04  9.974588e+00 -1.151463e-02  1.131501e-02 -7.436712e-03 
 1.655000e+04  1.016325e+01 -1.157303e-02  1.137106e-02 -7.477389e-03 
 1.660000e+04  1.035953e+01 -1.163334e-02  1.142898e-02 -7.519398e-03 
 1.665000e+04  1.055580e+01 -1.169288e-02  1.148616e-02 -7.560915e-03 
 1.670000e+04  1.075227e+01 -1.175171e-02  1.154272e-02 -7.601957e-03 
 1.675000e+04  1.095836e+01 -1.181286e-02  1.160161e-02 -7.644621e-03 
 1.680000e+04  1.116445e+01 -1.187344e-02  1.165995e-02 -7.686858e-03 
 1.685000e+04  1.137053e+01 -1.193323e-02  1.171747e-02 -7.728578e-03 
 1.690000e+04  1.159024e+01 -1.199650e-02  1.177807e-02 -7.772599e-03 
 1.695000e+04  1.181746e+01 -1.206147e-02  1.184015e-02 -7.817721e-03 
 1.700000e+04  1.204467e+01 -1.212561e-02  1.190141e-02 -7.862312e-03 
 1.705000e+04  1.227188e+01 -1.218894e-02  1.196189e-02 -7.906339e-03 
 1.710000e+04  1.250636e+01 -1.225375e-02  1.202371e-02 -7.951356e-03 
 1.715000e+04  1.274494e+01 -1.231898e-02  1.208608e-02 -7.996759e-03 
 1.720000e+04  1.298351e+01 -1.238334e-02  1.214772e-02 -8.041588e-03 
 1.725000e+04  1.322877e+01 -1.244888e-02  1.221048e-02 -8.087156e-03 
 1.730000e+04  1.349180e+01 -1.251861e-02  1.227719e-02 -8.135607e-03 
 1.735000e+04  1.375483e+01 -1.258749e-02  1.234308e-02 -8.183507e-03 
 1.740000e+04  1.401785e+01 -1.265550e-02  1.240799e-02 -8.230813e-03 
 1.745000e+04  1.428824e+01 -1.272481e-02  1.247400e-02 -8.278905e-03 
 1.750000e+04  1.456442e+01 -1.279494e-02  1.254081e-02 -8.327595e-03 
 1.755000e+04  1.484060e+01 -1.286415e-02  1.260688e-02 -8.375741e-03 
 1.760000e+04  1.511678e+01 -1.293254e-02  1.267222e-02 -8.423304e-03 
 1.765000e+04  1.540649e+01 -1.300359e-02  1.274024e-02 -8.472761e-03 
 1.770000e+04  1.569647e+01 -1.307402e-02  1.280763e-02 -8.521759e-03 
 1.775000e+04  1.598646e+01 -1.314356e-02  1.287418e-02 -8.570133e-03 
 1.780000e+04  1.628833e+01 -1.321542e-02  1.294263e-02 -8.619970e-03 
 1.785000e+04  1.659282e+01 -1.328735e-02  1.301098e-02 -8.669803e-03 
 1.790000e+04  1.689731e+01 -1.335840e-02  1.307840e-02 -8.719075e-03 
 1.795000e+04  1.720179e+01 -1.342859e-02  1.314502e-02 -8.767820e-03 
 1.800000e+04  1.751907e+01 -1.350121e-02  1.321389e-02 -8.818142e-03 
 1.805000e+04  1.783878e+01 -1.357369e-02  1.328270e-02 -8.868361e-03 
 1.810000e+04  1.815849e+01 -1.364517e-02  1.335080e-02 -8.917947e-03 
 1.815000e+04  1.848747e+01 -1.371808e-02  1.342017e-02 -8.968404e-03 
 1.820000e+04  1.883793e+01 -1.379518e-02  1.349338e-02 -9.021788e-03 
 1.825000e+04  1.919041e+01 -1.387176e-02  1.356612e-02 -9.074917e-03 
 1.830000e+04  1.954289e+01 -1.394745e-02  1.363795e-02 -9.127361e-03 
 1.835000e+04  1.990842e+01 -1.402528e-02  1.371161e-02 -9.181238e-03 
 1.840000e+04  2.027852e+01 -1.410330e-02  1.378548e-02 -9.235272e-03 
 1.845000e+04  2.064863e+01 -1.418032e-02  1.385859e-02 -9.288713e-03 
 1.850000e+04  2.101873e+01 -1.425656e-02  1.393101e-02 -9.341517e-03 
 1.855000e+04  2.140364e+01 -1.433510e-02  1.400572e-02 -9.395907e-03 
 1.860000e+04  2.179225e+01 -1.441359e-02  1.408042e-02 -9.450304e-03 
 1.865000e+04  2.218086e+01 -1.449122e-02  1.415417e-02 -9.504105e-03 
 1.870000e+04  2.258773e+01 -1.457182e-02  1.423054e-02 -9.559856e-03 
 1.875000e+04  2.299577e+01 -1.465203e-02  1.430633e-02 -9.615281e-03 
 1.880000e+04  2.340381e+01 -1.473134e-02  1.438113e-02 -9.670064e-03 
 1.885000e+04  2.382205e+01 -1.481180e-02  1.445690e-02 -9.725599e-03 
 1.890000e+04  2.425050e+01 -1.489359e-02  1.453390e-02 -9.782034e-03 
 1.895000e+04  2.467894e+01 -1.497451e-02  1.461022e-02 -9.837903e-03 
 1.900000e+04  2.511038e+01 -1.505503e-02  1.468624e-02 -9.893457e-03 
 1.905000e+04  2.557779e+01 -1.514155e-02  1.476783e-02 -9.953052e-03 
 1.910000e+04  2.605014e+01 -1.522822e-02  1.484952e-02 -1.001276e-02 
 1.915000e+04  2.652250e+01 -1.531386e-02  1.493017e-02 -1.007184e-02 
 1.920000e+04  2.700572e+01 -1.540046e-02  1.501166e-02 -1.013158e-02 
 1.925000e+04  2.752055e+01 -1.549197e-02  1.509767e-02 -1.019462e-02 
 1.930000e+04  2.804132e+01 -1.558352e-02  1.518379e-02 -1.025772e-02 
 1.935000e+04  2.856209e+01 -1.567394e-02  1.526895e-02 -1.032004e-02 
 1.940000e+04  2.908547e+01 -1.576387e-02  1.535373e-02 -1.038201e-02 
 1.945000e+04  2.963228e+01 -1.585692e-02  1.544149e-02 -1.044613e-02 
 1.950000e+04  3.017910e+01 -1.594883e-02  1.552827e-02 -1.050957e-02 
 1.955000e+04  3.073083e+01 -1.604064e-02  1.561477e-02 -1.057284e-02 
 1.960000e+04  3.130498e+01 -1.613541e-02  1.570388e-02 -1.063808e-02 
 1.965000e+04  3.187914e+01 -1.622927e-02  1.579189e-02 -1.070262e-02 
 1.970000e+04  3.245329e+01 -1.632207e-02  1.587879e-02 -1.076639e-02 
 1.975000e+04  3.305156e+01 -1.641786e-02  1.596845e-02 -1.083213e-02 
 1.980000e+04  3.365442e+01 -1.651354e-02  1.605799e-02 -1.089774e-02 
 1.985000e+04  3.425728e+01 -1.660812e-02  1.614655e-02 -1.096265e-02 
 1.990000e+04  3.487901e+01 -1.670460e-02  1.623684e-02 -1.102881e-02 
 1.995000e+04  3.554367e+01 -1.680689e-02  1.633242e-02 -1.109891e-02 
 2.000000e+04  3.620832e+01 -1.690810e-02  1.642698e-02 -1.116830e-02 
 2.005000e+04  3.687696e+01 -1.700872e-02  1.652087e-02 -1.123723e-02 
 2.010000e+04  3.760067e+01 -1.711664e-02  1.662135e-02 -1.131103e-02 
 2.015000e+04  3.833345e+01 -1.722480e-02  1.672205e-02 -1.138497e-02 
 2.020000e+04  3.906623e+01 -1.733151e-02  1.682159e-02 -1.145801e-02 
 2.025000e+04  3.981440e+01 -1.743925e-02  1.692204e-02 -1.153169e-02 
 2.030000e+04  4.058382e+01 -1.754884e-02  1.702443e-02 -1.160669e-02 
 2.035000e+04  4.135324e+01 -1.765714e-02  1.712566e-02 -1.168094e-02 
 2.040000e+04  4.213590e+01 -1.776602e-02  1.722737e-02 -1.175550e-02 
 2.045000e+04  4.298418e+01 -1.788295e-02  1.733649e-02 -1.183544e-02 
 2.050000e+04  4.383247e+01 -1.799867e-02  1.744435e-02 -1.191449e-02 
 2.055000e+04  4.468076e+01 -1.811299e-02  1.755068e-02 -1.199254e-02 
 2.060000e+04  4.554177e+01 -1.822768e-02  1.765726e-02 -1.207080e-02 
 2.065000e+04  4.643247e+01 -1.834517e-02  1.776641e-02 -1.215093e-02 
 2.070000e+04  4.732317e+01 -1.846135e-02  1.787432e-02 -1.223014e-02 
 2.075000e+04  4.822367e+01 -1.857744e-02  1.798207e-02 -1.230923e-02 
 2.080000e+04  4.918696e+01 -1.870040e-02  1.809612e-02 -1.239293e-02 
 2.085000e+04  5.016896e+01 -1.882446e-02  1.821107e-02 -1.247731e-02 
 2.090000e+04  5.115095e+01 -1.894703e-02  1.832444e-02 -1.256059e-02 
 2.095000e+04  5.216732e+01 -1.907257e-02  1.844022e-02 -1.264576e-02 
 2.100000e+04  5.319842e+01 -1.919860e-02  1.855634e-02 -1.273124e-02 
 2.105000e+04  5.422951e+01 -1.932304e-02  1.867107e-02 -1.281567e-02 
 2.110000e+04  5.530041e+01 -1.945075e-02  1.878878e-02 -1.290224e-02 
 2.115000e+04  5.643719e+01 -1.958490e-02  1.891244e-02 -1.299317e-02 
 2.120000e+04  5.757398e+01 -1.971744e-02  1.903472e-02 -1.308304e-02 
 2.125000e+04  5.871076e+01 -1.984824e-02  1.915546e-02 -1.317167e-02 
 2.130000e+04  5.995122e+01 -1.998937e-02  1.928557e-02 -1.326716e-02 
 2.135000e+04  6.120453e+01 -2.013037e-02  1.941544e-02 -1.336259e-02 
 2.140000e+04  6.245783e+01 -2.026946e-02  1.954361e-02 -1.345680e-02 
 2.145000e+04  6.373370e+01 -2.040927e-02  1.967228e-02 -1.355137e-02 
 2.150000e+04  6.509046e+01 -2.055632e-02  1.980746e-02 -1.365078e-02 
 2.155000e+04  6.647223e+01 -2.070431e-02  1.994353e-02 -1.375075e-02 
 2.160000e+04  6.785400e+01 -2.085029e-02  2.007776e-02 -1.384926e-02 
 2.165000e+04  6.927998e+01 -2.099910e-02  2.021444e-02 -1.394961e-02 
 2.170000e+04  7.073084e+01 -2.114878e-02  2.035176e-02 -1.405053e-02 
 2.175000e+04  7.218170e+01 -2.129653e-02  2.048724e-02 -1.415010e-02 
 2.180000e+04  7.370452e+01 -2.144978e-02  2.062744e-02 -1.425318e-02 
 2.185000e+04  7.530409e+01 -2.160906e-02  2.077293e-02 -1.436022e-02 
 2.190000e+04  7.690366e+01 -2.176630e-02  2.091633e-02 -1.446580e-02 
 2.195000e+04  7.850962e+01 -2.192207e-02  2.105823e-02 -1.457024e-02 
 2.200000e+04  8.025803e+01 -2.208958e-02  2.121076e-02 -1.468252e-02 
 2.205000e+04  8.202156e+01 -2.225636e-02  2.136269e-02 -1.479431e-02 
 2.210000e+04  8.378508e+01 -2.242077e-02  2.151247e-02 -1.490446e-02 
 2.215000e+04  8.561386e+01 -2.258906e-02  2.166557e-02 -1.501710e-02 
 2.220000e+04  8.755815e+01 -2.276578e-02  2.182624e-02 -1.513532e-02 
 2.225000e+04  8.950244e+01 -2.293996e-02  2.198469e-02 -1.525185e-02 
 2.230000e+04  9.144672e+01 -2.311165e-02  2.214074e-02 -1.536660e-02 
 2.235000e+04  9.348045e+01 -2.328889e-02  2.230169e-02 -1.548498e-02 
 2.240000e+04  9.552195e+01 -2.346441e-02  2.246113e-02 -1.560222e-02 
 2.245000e+04  9.756345e+01 -2.363744e-02  2.261828e-02 -1.571770e-02 
 2.250000e+04  9.979930e+01 -2.382446e-02  2.278805e-02 -1.584241e-02 
 2.255000e+04  1.020501e+02 -2.401030e-02  2.295670e-02 -1.596631e-02 
 2.260000e+04  1.043008e+02 -2.419348e-02  2.312275e-02 -1.608828e-02 
 2.265000e+04  1.066569e+02 -2.438261e-02  2.329378e-02 -1.621399e-02 
 2.270000e+04  1.091384e+02 -2.457931e-02  2.347141e-02 -1.634463e-02 
 2.275000e+04  1.116198e+02 -2.477322e-02  2.364636e-02 -1.647333e-02 
 2.280000e+04  1.141013e+02 -2.496427e-02  2.381846e-02 -1.659996e-02 
 2.285000e+04  1.166969e+02 -2.516142e-02  2.399572e-02 -1.673051e-02 
 2.290000e+04  1.193024e+02 -2.535656e-02  2.417118e-02 -1.685969e-02 
 2.295000e+04  1.219366e+02 -2.555087e-02  2.434599e-02 -1.698823e-02 
 2.300000e+04  1.247764e+02 -2.575752e-02  2.453170e-02 -1.712479e-02 
 2.305000e+04  1.276490e+02 -2.596366e-02  2.471686e-02 -1.726098e-02 
 2.310000e+04  1.305216e+02 -2.616659e-02  2.489920e-02 -1.739503e-02 
 2.315000e+04  1.335081e+02 -2.637430e-02  2.508569e-02 -1.753211e-02 
 2.320000e+04  1.366751e+02 -2.659149e-02  2.528063e-02 -1.767536e-02 
 2.325000e+04  1.398421e+02 -2.680536e-02  2.547260e-02 -1.781644e-02 
 2.330000e+04  1.430155e+02 -2.701629e-02  2.566178e-02 -1.795545e-02 
 2.335000e+04  1.464972e+02 -2.724435e-02  2.586614e-02 -1.810557e-02 
 2.340000e+04  1.499889e+02 -2.746962e-02  2.606797e-02 -1.825381e-02 
 2.345000e+04  1.534805e+02 -2.769126e-02  2.626639e-02 -1.839950e-02 
 2.350000e+04  1.570804e+02 -2.791620e-02  2.646743e-02 -1.854719e-02 
 2.355000e+04  1.607467e+02 -2.814188e-02  2.666893e-02 -1.869533e-02 
 2.360000e+04  1.644129e+02 -2.836404e-02  2.686716e-02 -1.884104e-02 
 2.365000e+04  1.683752e+02 -2.860050e-02  2.707791e-02 -1.899591e-02 
 2.370000e+04  1.724172e+02 -2.883821e-02  2.728954e-02 -1.915146e-02 
 2.375000e+04  1.764593e+02 -2.907211e-02  2.749765e-02 -1.930440e-02 
 2.380000e+04  1.805741e+02 -2.930625e-02  2.770579e-02 -1.945738e-02 
 2.385000e+04  1.850092e+02 -2.955466e-02  2.792645e-02 -1.961963e-02 
 2.390000e+04  1.894655e+02 -2.980022e-02  2.814458e-02 -1.978001e-02 
 2.395000e+04  1.939219e+02 -3.004164e-02  2.835891e-02 -1.993756e-02 
 2.400000e+04  1.986650e+02 -3.029433e-02  2.858306e-02 -2.010231e-02 
 2.405000e+04  2.035781e+02 -3.055194e-02  2.881152e-02 -2.027019e-02 
 2.410000e+04  2.084912e+02 -3.080504e-02  2.903596e-02 -2.043507e-02 
 2.415000e+04  2.134485e+02 -3.105585e-02  2.925828e-02 -2.059840e-02 
 2.420000e+04  2.186073e+02 -3.131248e-02  2.948567e-02 -2.076549e-02 
 2.425000e+04  2.237661e+02 -3.156471e-02  2.970916e-02 -2.092964e-02 
 2.430000e+04  2.292346e+02 -3.182749e-02  2.994193e-02 -2.110056e-02 
 2.435000e+04  2.349222e+02 -3.209645e-02  3.017999e-02 -2.127538e-02 
 2.440000e+04  2.406097e+02 -3.236074e-02  3.041376e-02 -2.144708e-02 
 2.445000e+04  2.462973e+02 -3.262027e-02  3.064309e-02 -2.161555e-02 
 2.450000e+04  2.522237e+02 -3.288597e-02  3.087761e-02 -2.178790e-02 
 2.455000e+04  2.581956e+02 -3.314914e-02  3.110975e-02 -2.195857e-02 
 2.460000e+04  2.643109e+02 -3.341394e-02  3.134316e-02 -2.213019e-02 
 2.465000e+04  2.707758e+02 -3.368920e-02  3.158561e-02 -2.230850e-02 
 2.470000e+04  2.773598e+02 -3.396485e-02  3.182824e-02 -2.248700e-02 
 2.475000e+04  2.839439e+02 -3.423549e-02  3.206640e-02 -2.266217e-02 
 2.480000e+04  2.905542e+02 -3.450212e-02  3.230090e-02 -2.283466e-02 
 2.485000e+04  2.977509e+02 -3.478723e-02  3.255162e-02 -2.301913e-02 
 2.490000e+04  3.050098e+02 -3.506978e-02  3.280011e-02 -2.320198e-02 
 2.495000e+04  3.122688e+02 -3.534709e-02  3.304395e-02 -2.338143e-02 
 2.500000e+04  3.195277e+02 -3.561918e-02  3.328312e-02 -2.355742e-02 
 2.505000e+04  3.272174e+02 -3.590206e-02  3.353171e-02 -2.374034e-02 
 2.510000e+04  3.352203e+02 -3.619134e-02  3.378595e-02 -2.392741e-02 
 2.515000e+04  3.432233e+02 -3.647534e-02  3.403545e-02 -2.411108e-02 
 2.520000e+04  3.512262e+02 -3.675396e-02  3.428012e-02 -2.429126e-02 
 2.525000e+04  3.592852e+02 -3.702921e-02  3.452169e-02 -2.446917e-02 
 2.530000e+04  3.676883e+02 -3.731098e-02  3.476890e-02 -2.465128e-02 
 2.535000e+04  3.764695e+02 -3.760023e-02  3.502256e-02 -2.483824e-02 
 2.540000e+04  3.852928e+02 -3.788568e-02  3.527283e-02 -2.502277e-02 
 2.545000e+04  3.941160e+02 -3.816585e-02  3.551828e-02 -2.520381e-02 
 2.550000e+04  4.031246e+02 -3.844652e-02  3.576403e-02 -2.538512e-02 
 2.555000e+04  4.127318e+02 -3.874048e-02  3.602133e-02 -2.557501e-02 
 2.560000e+04  4.224594e+02 -3.903275e-02  3.627709e-02 -2.576388e-02 
 2.565000e+04  4.321871e+02 -3.931947e-02  3.652790e-02 -2.594920e-02 
 2.570000e+04  4.419147e+02 -3.960067e-02  3.677378e-02 -2.613097e-02 
 2.575000e+04  4.518563e+02 -3.988250e-02  3.702021e-02 -2.631318e-02 
 2.580000e+04  4.620703e+02 -4.016678e-02  3.726881e-02 -2.649697e-02 
 2.585000e+04  4.724682e+02 -4.045085e-02  3.751726e-02 -2.668067e-02 
 2.590000e+04  4.831929e+02 -4.073858e-02  3.776898e-02 -2.686683e-02 
 2.595000e+04  4.939176e+02 -4.102090e-02  3.801605e-02 -2.704962e-02 
 2.600000e+04  5.046424e+02 -4.129778e-02  3.825847e-02 -2.722898e-02 
 2.605000e+04  5.155280e+02 -4.157344e-02  3.849989e-02 -2.740761e-02 
 2.610000e+04  5.267889e+02 -4.185356e-02  3.874517e-02 -2.758914e-02 
 2.615000e+04  5.380499e+02 -4.212875e-02  3.898602e-02 -2.776748e-02 
 2.620000e+04  5.493233e+02 -4.239934e-02  3.922267e-02 -2.794286e-02 
 2.625000e+04  5.608974e+02 -4.267229e-02  3.946119e-02 -2.811978e-02 
 2.630000e+04  5.724715e+02 -4.294045e-02  3.969542e-02 -2.829362e-02 
 2.635000e+04  5.840456e+02 -4.320392e-02  3.992544e-02 -2.846445e-02 
 2.640000e+04  5.956196e+02 -4.346285e-02  4.015142e-02 -2.863237e-02 
 2.645000e+04  6.071937e+02 -4.371737e-02  4.037352e-02 -2.879750e-02 
 2.650000e+04  6.187678e+02 -4.396760e-02  4.059192e-02 -2.895990e-02 
 2.655000e+04  6.303419e+02 -4.421377e-02  4.080677e-02 -2.911970e-02 
 2.660000e+04  6.419159e+02 -4.445600e-02  4.101822e-02 -2.927703e-02 
 2.665000e+04  6.534900e+02 -4.469432e-02  4.122636e-02 -2.943194e-02 
 2.670000e+04  6.650641e+02 -4.492883e-02  4.143132e-02 -2.958449e-02 
 2.675000e+04  6.766382e+02 -4.515964e-02  4.163325e-02 -2.973479e-02 
 2.680000e+04  6.882122e+02 -4.538693e-02  4.183226e-02 -2.988288e-02 
 2.685000e+04  6.997863e+02 -4.561083e-02  4.202838e-02 -3.002879e-02 
 2.690000e+04  7.113604e+02 -4.583154e-02  4.222164e-02 -3.017263e-02 
 2.695000e+04  7.229344e+02 -4.604918e-02  4.241210e-02 -3.031450e-02 
 2.700000e+04  7.345085e+02 -4.626378e-02  4.259979e-02 -3.045441e-02 
 2.705000e+04  7.460826e+02 -4.647550e-02  4.278479e-02 -3.059244e-02 
 2.710000e+04  7.576567e+02 -4.668439e-02  4.296719e-02 -3.072866e-02 
 2.715000e+04  7.692307e+02 -4.689049e-02  4.314715e-02 -3.086312e-02 
 2.720000e+04  7.808048e+02 -4.709390e-02  4.332475e-02 -3.099584e-02 
 2.725000e+04  7.923789e+02 -4.729470e-02  4.350008e-02 -3.112688e-02 
 2.730000e+04  8.039530e+02 -4.749300e-02  4.367318e-02 -3.125629e-02 
 2.735000e+04  8.155270e+02 -4.768882e-02  4.384407e-02 -3.138415e-02 
 2.740000e+04  8.271011e+02 -4.788215e-02  4.401284e-02 -3.151049e-02 
 2.745000e+04  8.386752e+02 -4.807306e-02  4.417955e-02 -3.163530e-02 
 2.750000e+04  8.502493e+02 -4.826165e-02  4.434430e-02 -3.175867e-02 
 2.755000e+04  8.618233e+02 -4.844797e-02  4.450712e-02 -3.188061e-02 
 2.760000e+04  8.733974e+02 -4.863207e-02  4.466804e-02 -3.200113e-02 
 2.765000e+04  8.849715e+02 -4.881405e-02  4.482713e-02 -3.212030e-02 
 2.770000e+04  8.965456e+02 -4.899395e-02  4.498442e-02 -3.223817e-02 
 2.775000e+04  9.081196e+02 -4.917182e-02  4.513990e-02 -3.235471e-02 
 2.780000e+04  9.196937e+02 -4.934774e-02  4.529364e-02 -3.247001e-02 
 2.785000e+04  9.312678e+02 -4.952174e-02  4.544572e-02 -3.258411e-02 
 2.790000e+04  9.428419e+02 -4.969384e-02  4.559611e-02 -3.269700e-02 
 2.795000e+04  9.544159e+02 -4.986408e-02  4.574487e-02 -3.280873e-02 
 2.800000e+04  9.659900e+02 -5.003254e-02  4.589211e-02 -3.291936e-02 
 2.805000e+04  9.775641e+02 -5.019932e-02  4.603787e-02 -3.302887e-02 
 2.810000e+04  9.891382e+02 -5.036448e-02  4.618211e-02 -3.313725e-02 
 2.815000e+04  1.000712e+03 -5.052801e-02  4.632486e-02 -3.324456e-02 
 2.820000e+04  1.012286e+03 -5.068990e-02  4.646614e-02 -3.335084e-02 
 2.825000e+04  1.023860e+03 -5.085015e-02  4.660603e-02 -3.345616e-02 
 2.830000e+04  1.035434e+03 -5.100875e-02  4.674460e-02 -3.356048e-02 
 2.835000e+04  1.047009e+03 -5.116574e-02  4.688187e-02 -3.366378e-02 
 2.840000e+04  1.058583e+03 -5.132125e-02  4.701790e-02 -3.376614e-02 
 2.845000e+04  1.070157e+03 -5.147530e-02  4.715274e-02 -3.386759e-02 
 2.850000e+04  1.081731e+03 -5.162793e-02  4.728633e-02 -3.396809e-02 
 2.855000e+04  1.093305e+03 -5.177918e-02  4.741865e-02 -3.406770e-02 
 2.860000e+04  1.104879e+03 -5.192907e-02  4.754974e-02 -3.416646e-02 
 2.865000e+04  1.116453e+03 -5.207760e-02  4.767961e-02 -3.426436e-02 
 2.870000e+04  1.128027e+03 -5.222480e-02  4.780831e-02 -3.436140e-02 
 2.875000e+04  1.139601e+03 -5.237073e-02  4.793592e-02 -3.445764e-02 
 2.880000e+04  1.151175e+03 -5.251541e-02  4.806249e-02 -3.455308e-02 
 2.885000e+04  1.162749e+03 -5.265888e-02  4.818798e-02 -3.464775e-02 
 2.890000e+04  1.174323e+03 -5.280115e-02  4.831242e-02 -3.474164e-02 
 2.895000e+04  1.185897e+03 -5.294231e-02  4.843584e-02 -3.483481e-02 
 2.900000e+04  1.197471e+03 -5.308236e-02  4.855824e-02 -3.492724e-02 
 2.905000e+04  1.209046e+03 -5.322133e-02  4.867960e-02 -3.501894e-02 
 2.910000e+04  1.220620e+03 -5.335917e-02  4.879998e-02 -3.510991e-02 
 2.915000e+04  1.232194e+03 -5.349591e-02  4.891940e-02 -3.520021e-02 
 2.920000e+04  1.243768e+03 -5.363154e-02  4.903792e-02 -3.528984e-02 
 2.925000e+04  1.255342e+03 -5.376611e-02  4.915557e-02 -3.537880e-02 
 2.930000e+04  1.266916e+03 -5.389967e-02  4.927236e-02 -3.546711e-02 
 2.935000e+04  1.278490e+03 -5.403224e-02  4.938828e-02 -3.555477e-02 
 2.940000e+04  1.290064e+03 -5.416379e-02  4.950334e-02 -3.564179e-02 
 2.945000e+04  1.301638e+03 -5.429433e-02  4.961757e-02 -3.572818e-02 
 2.950000e+04  1.313212e+03 -5.442388e-02  4.973100e-02 -3.581394e-02 
 2.955000e+04  1.324786e+03 -5.455245e-02  4.984366e-02 -3.589909e-02 
 2.960000e+04  1.336360e+03 -5.468008e-02  4.995554e-02 -3.598366e-02 
 2.965000e+04  1.347934e+03 -5.480680e-02  5.006659e-02 -3.606765e-02 
 2.970000e+04  1.359509e+03 -5.493268e-02  5.017685e-02 -3.615109e-02 
 2.975000e+04  1.371083e+03 -5.505772e-02  5.028633e-02 -3.623401e-02 
 2.980000e+04  1.382657e+03 -5.518192e-02  5.039505e-02 -3.631635e-02 
 2.985000e+04  1.394231e+03 -5.530528e-02  5.050303e-02 -3.639812e-02 
 2.990000e+04  1.405805e+03 -5.542784e-02  5.061033e-02 -3.647937e-02 
 2.995000e+04  1.417379e+03 -5.554957e-02  5.071691e-02 -3.656010e-02 
 3.000000e+04  1.428953e+03 -5.567047e-02  5.082282e-02 -3.664032e-02 
 3.005000e+04  1.440527e+03 -5.579059e-02  5.092805e-02 -3.672006e-02 
 3.010000e+04  1.452101e+03 -5.590997e-02  5.103263e-02 -3.679933e-02 
 3.015000e+04  1.463675e+03 -5.602860e-02  5.113655e-02 -3.687811e-02 
 3.020000e+04  1.475249e+03 -5.614648e-02  5.123978e-02 -3.695639e-02 
 3.025000e+04  1.486823e+03 -5.626364e-02  5.134235e-02 -3.703418e-02 
 3.030000e+04  1.498397e+03 -5.638006e-02  5.144430e-02 -3.711152e-02 
 3.035000e+04  1.509971e+03 -5.649578e-02  5.154566e-02 -3.718841e-02 
 3.040000e+04  1.521546e+03 -5.661079e-02  5.164644e-02 -3.726484e-02 
 3.045000e+04  1.533120e+03 -5.672507e-02  5.174667e-02 -3.734083e-02 
 3.050000e+04  1.544694e+03 -5.683868e-02  5.184632e-02 -3.741640e-02 
 3.055000e+04  1.556268e+03 -5.695164e-02  5.194540e-02 -3.749155e-02 
 3.060000e+04  1.567842e+03 -5.706396e-02  5.204390e-02 -3.756630e-02 
 3.065000e+04  1.579416e+03 -5.717566e-02  5.214182e-02 -3.764063e-02 
 3.070000e+04  1.590990e+03 -5.728671e-02  5.223918e-02 -3.771454e-02 
 3.075000e+04  1.602564e+03 -5.739714e-02  5.233601e-02 -3.778804e-02 
 3.080000e+04  1.614138e+03 -5.750695e-02  5.243232e-02 -3.786115e-02 
 3.085000e+04  1.625712e+03 -5.761616e-02  5.252813e-02 -3.793389e-02 
 3.090000e+04  1.637286e+03 -5.772477e-02  5.262343e-02 -3.800624e-02 
 3.095000e+04  1.648860e+03 -5.783282e-02  5.271820e-02 -3.807819e-02 
 3.100000e+04  1.660434e+03 -5.794032e-02  5.281246e-02 -3.814979e-02 
 3.105000e+04  1.672009e+03 -5.804724e-02  5.290622e-02 -3.822103e-02 
 3.110000e+04  1.683583e+03 -5.815359e-02  5.299949e-02 -3.829190e-02 
 3.115000e+04  1.695157e+03 -5.825937e-02  5.309228e-02 -3.836241e-02 
 3.120000e+04  1.706731e+03 -5.836459e-02  5.318466e-02 -3.843258e-02 
 3.125000e+04  1.718305e+03 -5.846925e-02  5.327659e-02 -3.850238e-02 
 3.130000e+04  1.729879e+03 -5.857340e-02  5.336808e-02 -3.857186e-02 
 3.135000e+04  1.741453e+03 -5.867705e-02  5.345914e-02 -3.864104e-02 
 3.140000e+04  1.753027e+03 -5.878020e-02  5.354978e-02 -3.870990e-02 
 3.145000e+04  1.764601e+03 -5.888286e-02  5.363997e-02 -3.877840e-02 
 3.150000e+04  1.776175e+03 -5.898504e-02  5.372972e-02 -3.884659e-02 
 3.155000e+04  1.787749e+03 -5.908673e-02  5.381906e-02 -3.891448e-02 
 3.160000e+04  1.799323e+03 -5.918796e-02  5.390798e-02 -3.898206e-02 
 3.165000e+04  1.810897e+03 -5.928872e-02  5.399650e-02 -3.904935e-02 
 3.170000e+04  1.822471e+03 -5.938903e-02  5.408464e-02 -3.911633e-02 
 3.175000e+04  1.834046e+03 -5.948887e-02  5.417240e-02 -3.918302e-02 
 3.180000e+04  1.845620e+03 -5.958829e-02  5.425977e-02 -3.924944e-02 
 3.185000e+04  1.857194e+03 -5.968728e-02  5.434675e-02 -3.931557e-02 
 3.190000e+04  1.868768e+03 -5.978586e-02  5.443337e-02 -3.938142e-02 
 3.195000e+04  1.880342e+03 -5.988403e-02  5.451960e-02 -3.944702e-02 
 3.200000e+04  1.891916e+03 -5.998178e-02  5.460548e-02 -3.951234e-02 
 3.205000e+04  1.903490e+03 -6.007910e-02  5.469098e-02 -3.957739e-02 
 3.210000e+04  1.915064e+03 -6.017601e-02  5.477613e-02 -3.964219e-02 
 3.215000e+04  1.926638e+03 -6.027246e-02  5.486097e-02 -3.970671e-02 
 3.220000e+04  1.938212e+03 -6.036849e-02  5.494548e-02 -3.977096e-02 
 3.225000e+04  1.949786e+03 -6.046412e-02  5.502968e-02 -3.983496e-02 
 3.230000e+04  1.961360e+03 -6.055934e-02  5.511357e-02 -3.989872e-02 
 3.235000e+04  1.972934e+03 -6.065415e-02  5.519713e-02 -3.996221e-02 
 3.240000e+04  1.984509e+03 -6.074859e-02  5.528037e-02 -4.002547e-02 
 3.245000e+04  1.996083e+03 -6.084268e-02  5.536330e-02 -4.008851e-02 
 3.250000e+04  2.007657e+03 -6.093640e-02  5.544591e-02 -4.015130e-02 
 3.255000e+04  2.019231e+03 -6.102975e-02  5.552818e-02 -4.021386e-02 
 3.260000e+04  2.030805e+03 -6.112273e-02  5.561012e-02 -4.027618e-02 
 3.265000e+04  2.042379e+03 -6.121534e-02  5.569178e-02 -4.033828e-02 
 3.270000e+04  2.053953e+03 -6.130761e-02  5.577314e-02 -4.040013e-02 
 3.275000e+04  2.065527e+03 -6.139954e-02  5.585420e-02 -4.046177e-02 
 3.280000e+04  2.077101e+03 -6.149115e-02  5.593497e-02 -4.052319e-02 
 3.285000e+04  2.088675e+03 -6.158242e-02  5.601542e-02 -4.058439e-02 
 3.290000e+04  2.100249e+03 -6.167335e-02  5.609557e-02 -4.064537e-02 
 3.295000e+04  2.111823e+03 -6.176395e-02  5.617544e-02 -4.070617e-02 
 3.300000e+04  2.123397e+03 -6.185420e-02  5.625504e-02 -4.076675e-02 
 3.305000e+04  2.134971e+03 -6.194411e-02  5.633437e-02 -4.082710e-02 
 3.310000e+04  2.146546e+03 -6.203370e-02  5.641347e-02 -4.088726e-02 
 3.315000e+04  2.158120e+03 -6.212297e-02  5.649234e-02 -4.094724e-02 
 3.320000e+04  2.169694e+03 -6.221192e-02  5.657095e-02 -4.100700e-02 
 3.325000e+04  2.181268e+03 -6.230057e-02  5.664930e-02 -4.106657e-02 
 3.330000e+04  2.192842e+03 -6.238892e-02  5.672739e-02 -4.112596e-02 
 3.335000e+04  2.204416e+03 -6.247697e-02  5.680521e-02 -4.118515e-02 
 3.340000e+04  2.215990e+03 -6.256472e-02  5.688275e-02 -4.124414e-02 
 3.345000e+04  2.227564e+03 -6.265215e-02  5.696005e-02 -4.130294e-02 
 3.350000e+04  2.239138e+03 -6.273927e-02  5.703712e-02 -4.136157e-02 
 3.355000e+04  2.250712e+03 -6.282610e-02  5.711396e-02 -4.142001e-02 
 3.360000e+04  2.262286e+03 -6.291266e-02  5.719057e-02 -4.147827e-02 
 3.365000e+04  2.273860e+03 -6.299895e-02  5.726696e-02 -4.153635e-02 
 3.370000e+04  2.285434e+03 -6.308498e-02  5.734310e-02 -4.159427e-02 
 3.375000e+04  2.297009e+03 -6.317074e-02  5.741900e-02 -4.165201e-02 
 3.380000e+04  2.308583e+03 -6.325623e-02  5.749467e-02 -4.170959e-02 
 3.385000e+04  2.320157e+03 -6.334149e-02  5.757012e-02 -4.176702e-02 
 3.390000e+04  2.331731e+03 -6.342650e-02  5.764537e-02 -4.182427e-02 
 3.395000e+04  2.343305e+03 -6.351124e-02  5.772040e-02 -4.188138e-02 
 3.400000e+04  2.354879e+03 -6.359575e-02  5.779523e-02 -4.193833e-02 
 3.405000e+04  2.366453e+03 -6.368002e-02  5.786986e-02 -4.199515e-02 
 3.410000e+04  2.378027e+03 -6.376408e-02  5.794429e-02 -4.205182e-02 
 3.415000e+04  2.389601e+03 -6.384790e-02  5.801853e-02 -4.210836e-02 
 3.420000e+04  2.401175e+03 -6.393149e-02  5.809259e-02 -4.216475e-02 
 3.425000e+04  2.412749e+03 -6.401488e-02  5.816649e-02 -4.222103e-02 
 3.430000e+04  2.424323e+03 -6.409805e-02  5.824021e-02 -4.227717e-02 
 3.435000e+04  2.435897e+03 -6.418100e-02  5.831376e-02 -4.233318e-02 
 3.440000e+04  2.447471e+03 -6.426371e-02  5.838714e-02 -4.238907e-02 
 3.445000e+04  2.459046e+03 -6.434623e-02  5.846034e-02 -4.244485e-02 
 3.450000e+04  2.470620e+03 -6.442858e-02  5.853336e-02 -4.250049e-02 
 3.455000e+04  2.482194e+03 -6.451074e-02  5.860622e-02 -4.255603e-02 
 3.460000e+04  2.493768e+03 -6.459273e-02  5.867891e-02 -4.261146e-02 
 3.465000e+04  2.505342e+03 -6.467451e-02  5.875144e-02 -4.266676e-02 
 3.470000e+04  2.516916e+03 -6.475612e-02  5.882379e-02 -4.272196e-02 
 3.475000e+04  2.528490e+03 -6.483756e-02  5.889600e-02 -4.277707e-02 
 3.480000e+04  2.540064e+03 -6.491884e-02  5.896806e-02 -4.283208e-02 
 3.485000e+04  2.551638e+03 -6.499996e-02  5.903997e-02 -4.288699e-02 
 3.490000e+04  2.563212e+03 -6.508094e-02  5.911175e-02 -4.294181e-02 
 3.495000e+04  2.574786e+03 -6.516178e-02  5.918339e-02 -4.299654e-02 
 3.500000e+04  2.586360e+03 -6.524248e-02  5.925488e-02 -4.305118e-02 
 3.505000e+04  2.597934e+03 -6.532304e-02  5.932625e-02 -4.310572e-02 
 3.510000e+04  2.609509e+03 -6.540347e-02  5.939749e-02 -4.316017e-02 
 3.515000e+04  2.621083e+03 -6.548373e-02  5.946860e-02 -4.321451e-02 
 3.520000e+04  2.632657e+03 -6.556384e-02  5.953960e-02 -4.326874e-02 
 3.525000e+04  2.644231e+03 -6.564377e-02  5.961048e-02 -4.332287e-02 
 3.530000e+04  2.655805e+03 -6.572352e-02  5.968127e-02 -4.337669e-02 
 3.535000e+04  2.667379e+03 -6.580308e-02  5.975199e-02 -4.343022e-02 
 3.540000e+04  2.678953e+03 -6.588229e-02  5.982266e-02 -4.348392e-02 
 3.545000e+04  2.690527e+03 -6.596116e-02  5.989318e-02 -4.353777e-02 
 3.550000e+04  2.702101e+03 -6.604013e-02  5.996350e-02 -4.359156e-02 
 3.555000e+04  2.713675e+03 -6.611926e-02  6.003379e-02 -4.364553e-02 
 3.560000e+04  2.725249e+03 -6.619821e-02  6.010402e-02 -4.369956e-02 
 3.565000e+04  2.736823e+03 -6.627705e-02  6.017401e-02 -4.375346e-02 
 3.570000e+04  2.748397e+03 -6.635596e-02  6.024394e-02 -4.380716e-02 
 3.575000e+04  2.759971e+03 -6.643494e-02  6.031384e-02 -4.386035e-02 
 3.580000e+04  2.771546e+03 -6.651362e-02  6.038358e-02 -4.391332e-02 
 3.585000e+04  2.783120e+03 -6.659206e-02  6.045296e-02 -4.396644e-02 
 3.590000e+04  2.794694e+03 -6.667047e-02  6.052216e-02 -4.401984e-02 
 3.595000e+04  2.806268e+03 -6.674898e-02  6.059138e-02 -4.407355e-02 
 3.600000e+04  2.817842e+03 -6.682753e-02  6.066057e-02 -4.412727e-02 
 3.605000e+04  2.829416e+03 -6.690601e-02  6.072959e-02 -4.418067e-02 
 3.610000e+04  2.840990e+03 -6.698427e-02  6.079840e-02 -4.423371e-02 
 3.615000e+04  2.852564e+03 -6.706247e-02  6.086719e-02 -4.428580e-02 
 3.620000e+04  2.864138e+03 -6.714036e-02  6.093609e-02 -4.433752e-02 
 3.625000e+04  2.875712e+03 -6.721754e-02  6.100441e-02 -4.438928e-02 
 3.630000e+04  2.887286e+03 -6.729385e-02  6.107286e-02 -4.444123e-02 
 3.635000e+04  2.898860e+03 -6.736960e-02  6.114149e-02 -4.449357e-02 
 3.640000e+04  2.910434e+03 -6.744468e-02  6.121017e-02 -4.454625e-02 
 3.645000e+04  2.922009e+03 -6.751892e-02  6.127888e-02 -4.459892e-02 
 3.650000e+04  2.933583e+03 -6.759432e-02  6.134780e-02 -4.465135e-02 
 3.655000e+04  2.945157e+03 -6.767068e-02  6.141688e-02 -4.470375e-02 
 3.660000e+04  2.956731e+03 -6.774736e-02  6.148616e-02 -4.475575e-02 
 3.665000e+04  2.968305e+03 -6.782414e-02  6.155540e-02 -4.480745e-02 
 3.670000e+04  2.979879e+03 -6.790090e-02  6.162449e-02 -4.485901e-02 
 3.675000e+04  2.991453e+03 -6.797687e-02  6.169294e-02 -4.491081e-02 
 3.680000e+04  3.003027e+03 -6.805132e-02  6.176049e-02 -4.496274e-02 
 3.685000e+04  3.014601e+03 -6.812543e-02  6.182741e-02 -4.501459e-02 
 3.690000e+04  3.026175e+03 -6.820055e-02  6.189434e-02 -4.506614e-02 
 3.695000e+04  3.037749e+03 -6.827641e-02  6.196149e-02 -4.511723e-02 
 3.700000e+04  3.049323e+03 -6.835247e-02  6.202888e-02 -4.516796e-02 
 3.705000e+04  3.060897e+03 -6.842800e-02  6.209654e-02 -4.521860e-02 
 3.710000e+04  3.072471e+03 -6.850409e-02  6.216427e-02 -4.526950e-02 
 3.715000e+04  3.084046e+03 -6.858036e-02  6.223165e-02 -4.532081e-02 
 3.720000e+04  3.095620e+03 -6.865670e-02  6.229833e-02 -4.537221e-02 
 3.725000e+04  3.107194e+03 -6.873248e-02  6.236481e-02 -4.542375e-02 
 3.730000e+04  3.118768e+03 -6.880749e-02  6.243150e-02 -4.547521e-02 
 3.735000e+04  3.130342e+03 -6.888193e-02  6.249842e-02 -4.552629e-02 
 3.740000e+04  3.141916e+03 -6.895642e-02  6.256558e-02 -4.557684e-02 
 3.745000e+04  3.153490e+03 -6.903087e-02  6.263235e-02 -4.562698e-02 
 3.750000e+04  3.165064e+03 -6.910478e-02  6.269856e-02 -4.567733e-02 
 3.755000e+04  3.176638e+03 -6.917834e-02  6.276516e-02 -4.572809e-02 
 3.760000e+04  3.188212e+03 -6.925151e-02  6.283174e-02 -4.577875e-02 
 3.765000e+04  3.199786e+03 -6.932444e-02  6.289833e-02 -4.582889e-02 
 3.770000e+04  3.211360e+03 -6.939736e-02  6.296519e-02 -4.587867e-02 
 3.775000e+04  3.222934e+03 -6.947027e-02  6.303237e-02 -4.592821e-02 
 3.780000e+04  3.234509e+03 -6.954260e-02  6.309969e-02 -4.597786e-02 
 3.785000e+04  3.246083e+03 -6.961481e-02  6.316642e-02 -4.602771e-02 
 3.790000e+04  3.257657e+03 -6.968722e-02  6.323272e-02 -4.607785e-02 
 3.795000e+04  3.269231e+03 -6.976027e-02  6.329828e-02 -4.612833e-02 
 3.800000e+04  3.280805e+03 -6.983351e-02  6.336186e-02 -4.617865e-02 
 3.805000e+04  3.292379e+03 -6.990668e-02  6.342489e-02 -4.622845e-02 
 3.810000e+04  3.303953e+03 -6.998005e-02  6.348803e-02 -4.627778e-02 
 3.815000e+04  3.315527e+03 -7.005395e-02  6.355172e-02 -4.632654e-02 
 3.820000e+04  3.327101e+03 -7.012826e-02  6.361568e-02 -4.637528e-02 
 3.825000e+04  3.338675e+03 -7.020296e-02  6.368037e-02 -4.642438e-02 
 3.830000e+04  3.350249e+03 -7.027708e-02  6.374579e-02 -4.647408e-02 
 3.835000e+04  3.361823e+03 -7.035085e-02  6.381157e-02 -4.652407e-02 
 3.840000e+04  3.373397e+03 -7.042426e-02  6.387716e-02 -4.657415e-02 
 3.845000e+04  3.384971e+03 -7.049763e-02  6.394247e-02 -4.662409e-02 
 3.850000e+04  3.396546e+03 -7.057087e-02  6.400753e-02 -4.667397e-02 
 3.855000e+04  3.408120e+03 -7.064362e-02  6.407250e-02 -4.672364e-02 
 3.860000e+04  3.419694e+03 -7.071574e-02  6.413749e-02 -4.677304e-02 
 3.865000e+04  3.431268e+03 -7.078748e-02  6.420227e-02 -4.682220e-02 
 3.870000e+04  3.442842e+03 -7.085858e-02  6.426731e-02 -4.687069e-02 
 3.875000e+04  3.454416e+03 -7.092902e-02  6.433284e-02 -4.691902e-02 
 3.880000e+04  3.465990e+03 -7.099898e-02  6.439891e-02 -4.696763e-02 
 3.885000e+04  3.477564e+03 -7.106873e-02  6.446535e-02 -4.701628e-02 
 3.890000e+04  3.489138e+03 -7.113874e-02  6.453159e-02 -4.706505e-02 
 3.895000e+04  3.500712e+03 -7.120937e-02  6.459692e-02 -4.711371e-02 
 3.900000e+04  3.512286e+03 -7.127978e-02  6.466131e-02 -4.716220e-02 
 3.905000e+04  3.523860e+03 -7.135020e-02  6.472555e-02 -4.721023e-02 
 3.910000e+04  3.535434e+03 -7.142117e-02  6.478949e-02 -4.725826e-02 
 3.915000e+04  3.547009e+03 -7.149251e-02  6.485205e-02 -4.730648e-02 
 3.920000e+04  3.558583e+03 -7.156391e-02  6.491451e-02 -4.735462e-02 
 3.925000e+04  3.570157e+03 -7.163561e-02  6.497755e-02 -4.740297e-02 
 3.930000e+04  3.581731e+03 -7.170755e-02  6.504111e-02 -4.745144e-02 
 3.935000e+04  3.593305e+03 -7.177966e-02  6.510476e-02 -4.749993e-02 
 3.940000e+04  3.604879e+03 -7.185198e-02  6.516827e-02 -4.754847e-02 
 3.945000e+04  3.616453e+03 -7.192476e-02  6.523177e-02 -4.759707e-02 
 3.950000e+04  3.628027e+03 -7.199734e-02  6.529515e-02 -4.764562e-02 
 3.955000e+04  3.639601e+03 -7.206931e-02  6.535836e-02 -4.769387e-02 
 3.960000e+04  3.651175e+03 -7.214068e-02  6.542149e-02 -4.774194e-02 
 3.965000e+04  3.662749e+03 -7.221182e-02  6.548468e-02 -4.779010e-02 
 3.970000e+04  3.674323e+03 -7.228249e-02  6.554804e-02 -4.783822e-02 
 3.975000e+04  3.685897e+03 -7.235264e-02  6.561129e-02 -4.788643e-02 
 3.980000e+04  3.697471e+03 -7.242253e-02  6.567434e-02 -4.793461e-02 
 3.985000e+04  3.709046e+03 -7.249232e-02  6.573815e-02 -4.798232e-02 
 3.990000e+04  3.720620e+03 -7.256199e-02  6.580237e-02 -4.802987e-02 
 3.995000e+04  3.732194e+03 -7.263140e-02  6.586654e-02 -4.807728e-02 
 4.000000e+04  3.743768e+03 -7.270084e-02  6.593015e-02 -4.812472e-02 
 4.005000e+04  3.755342e+03 -7.277049e-02  6.599356e-02 -4.817227e-02 
 4.010000e+04  3.766916e+03 -7.283998e-02  6.605703e-02 -4.822001e-02 
 4.015000e+04  3.778490e+03 -7.290960e-02  6.612047e-02 -4.826774e-02 
 4.020000e+04  3.790064e+03 -7.297944e-02  6.618384e-02 -4.831546e-02 
 4.025000e+04  3.801638e+03 -7.304954e-02  6.624711e-02 -4.836317e-02 
 4.030000e+04  3.813212e+03 -7.311972e-02  6.631003e-02 -4.841075e-02 
 4.035000e+04  3.824786e+03 -7.318996e-02  6.637263e-02 -4.845824e-02 
 4.040000e+04  3.836360e+03 -7.326035e-02  6.643518e-02 -4.850560e-02 
 4.045000e+04  3.847934e+03 -7.333062e-02  6.649754e-02 -4.855278e-02 
 4.050000e+04  3.859509e+03 -7.340084e-02  6.655878e-02 -4.859991e-02 
 4.055000e+04  3.871083e+03 -7.347108e-02  6.661949e-02 -4.864696e-02 
 4.060000e+04  3.882657e+03 -7.354087e-02  6.667982e-02 -4.869407e-02 
 4.065000e+04  3.894231e+03 -7.361027e-02  6.674017e-02 -4.874105e-02 
 4.070000e+04  3.905805e+03 -7.367930e-02  6.680093e-02 -4.878775e-02 
 4.075000e+04  3.917379e+03 -7.374836e-02  6.686224e-02 -4.883430e-02 
 4.080000e+04  3.928953e+03 -7.381749e-02  6.692441e-02 -4.888084e-02 
 4.085000e+04  3.940527e+03 -7.388640e-02  6.698721e-02 -4.892760e-02 
 4.090000e+04  3.952101e+03 -7.395513e-02  6.705034e-02 -4.897447e-02 
 4.095000e+04  3.963675e+03 -7.402350e-02  6.711339e-02 -4.902152e-02 
 4.100000e+04  3.975249e+03 -7.409140e-02  6.717648e-02 -4.906853e-02 
 4.105000e+04  3.986823e+03 -7.415919e-02  6.723927e-02 -4.911545e-02 
 4.110000e+04  3.998397e+03 -7.422677e-02  6.730194e-02 -4.916220e-02 
 4.115000e+04  4.009971e+03 -7.429448e-02  6.736446e-02 -4.920878e-02 
 4.120000e+04  4.021546e+03 -7.436250e-02  6.742684e-02 -4.925530e-02 
 4.125000e+04  4.033120e+03 -7.443075e-02  6.748896e-02 -4.930184e-02 
 4.130000e+04  4.044694e+03 -7.449922e-02  6.755082e-02 -4.934833e-02 
 4.135000e+04  4.056268e+03 -7.456798e-02  6.761250e-02 -4.939490e-02 
 4.140000e+04  4.067842e+03 -7.463690e-02  6.767405e-02 -4.944143e-02 
 4.145000e+04  4.079416e+03 -7.470589e-02  6.773528e-02 -4.948793e-02 
 4.150000e+04  4.090990e+03 -7.477510e-02  6.779622e-02 -4.953452e-02 
 4.155000e+04  4.102564e+03 -7.484449e-02  6.785676e-02 -4.958110e-02 
 4.160000e+04  4.114138e+03 -7.491400e-02  6.791717e-02 -4.962747e-02 
 4.165000e+04  4.125712e+03 -7.498361e-02  6.797758e-02 -4.967370e-02 
 4.170000e+04  4.137286e+03 -7.505325e-02  6.803813e-02 -4.971994e-02 
 4.175000e+04  4.148860e+03 -7.512259e-02  6.809874e-02 -4.976625e-02 
 4.180000e+04  4.160434e+03 -7.519147e-02  6.815907e-02 -4.981251e-02 
 4.185000e+04  4.172009e+03 -7.526006e-02  6.821881e-02 -4.985883e-02 
 4.190000e+04  4.183583e+03 -7.532844e-02  6.827872e-02 -4.990515e-02 
 4.195000e+04  4.195157e+03 -7.539644e-02  6.833864e-02 -4.995134e-02 
 4.200000e+04  4.206731e+03 -7.546414e-02  6.839875e-02 -4.999734e-02 
 4.205000e+04  4.218305e+03 -7.553170e-02  6.845948e-02 -5.004322e-02 
 4.210000e+04  4.229879e+03 -7.559924e-02  6.852085e-02 -5.008918e-02 
 4.215000e+04  4.241453e+03 -7.566678e-02  6.858255e-02 -5.013502e-02 
 4.220000e+04  4.253027e+03 -7.573392e-02  6.864447e-02 -5.018085e-02 
 4.225000e+04  4.264601e+03 -7.580096e-02  6.870622e-02 -5.022680e-02 
 4.230000e+04  4.276175e+03 -7.586794e-02  6.876782e-02 -5.027276e-02 
 4.235000e+04  4.287749e+03 -7.593465e-02  6.882911e-02 -5.031866e-02 
 4.240000e+04  4.299323e+03 -7.600085e-02  6.889015e-02 -5.036453e-02 
 4.245000e+04  4.310897e+03 -7.606684e-02  6.895101e-02 -5.041035e-02 
 4.250000e+04  4.322471e+03 -7.613289e-02  6.901163e-02 -5.045609e-02 
 4.255000e+04  4.334046e+03 -7.619936e-02  6.907213e-02 -5.050165e-02 
 4.260000e+04  4.345620e+03 -7.626636e-02  6.913259e-02 -5.054714e-02 
 4.265000e+04  4.357194e+03 -7.633393e-02  6.919302e-02 -5.059241e-02 
 4.270000e+04  4.368768e+03 -7.640177e-02  6.925299e-02 -5.063782e-02 
 4.275000e+04  4.380342e+03 -7.646975e-02  6.931282e-02 -5.068330e-02 
 4.280000e+04  4.391916e+03 -7.653753e-02  6.937246e-02 -5.072896e-02 
 4.285000e+04  4.403490e+03 -7.660521e-02  6.943211e-02 -5.077466e-02 
 4.290000e+04  4.415064e+03 -7.667223e-02  6.949167e-02 -5.082044e-02 
 4.295000e+04  4.426638e+03 -7.673942e-02  6.955124e-02 -5.086621e-02 
 4.300000e+04  4.438212e+03 -7.680688e-02  6.961087e-02 -5.091183e-02 
 4.305000e+04  4.449786e+03 -7.687447e-02  6.967051e-02 -5.095723e-02 
 4.310000e+04  4.461360e+03 -7.694187e-02  6.973036e-02 -5.100253e-02 
 4.315000e+04  4.472934e+03 -7.700885e-02  6.979041e-02 -5.104788e-02 
 4.320000e+04  4.484509e+03 -7.707540e-02  6.985060e-02 -5.109317e-02 
 4.325000e+04  4.496083e+03 -7.714187e-02  6.991088e-02 -5.113843e-02 
 4.330000e+04  4.507657e+03 -7.720825e-02  6.997093e-02 -5.118374e-02 
 4.335000e+04  4.519231e+03 -7.727439e-02  7.003063e-02 -5.122901e-02 
 4.340000e+04  4.530805e+03 -7.734030e-02  7.008985e-02 -5.127427e-02 
 4.345000e+04  4.542379e+03 -7.740582e-02  7.014891e-02 -5.131956e-02 
 4.350000e+04  4.553953e+03 -7.747114e-02  7.020798e-02 -5.136474e-02 
 4.355000e+04  4.565527e+03 -7.753665e-02  7.026715e-02 -5.140951e-02 
 4.360000e+04  4.577101e+03 -7.760244e-02  7.032621e-02 -5.145419e-02 
 4.365000e+04  4.588675e+03 -7.766875e-02  7.038553e-02 -5.149896e-02 
 4.370000e+04  4.600249e+03 -7.773540e-02  7.044515e-02 -5.154391e-02 
 4.375000e+04  4.611823e+03 -7.780192e-02  7.050480e-02 -5.158897e-02 
 4.380000e+04  4.623397e+03 -7.786834e-02  7.056440e-02 -5.163410e-02 
 4.385000e+04  4.634971e+03 -7.793466e-02  7.062381e-02 -5.167936e-02 
 4.390000e+04  4.646546e+03 -7.800106e-02  7.068298e-02 -5.172458e-02 
 4.395000e+04  4.658120e+03 -7.806742e-02  7.074190e-02 -5.176970e-02 
 4.400000e+04  4.669694e+03 -7.813384e-02  7.080074e-02 -5.181468e-02 
 4.405000e+04  4.681268e+03 -7.820027e-02  7.085962e-02 -5.185959e-02 
 4.410000e+04  4.692842e+03 -7.826652e-02  7.091862e-02 -5.190443e-02 
 4.415000e+04  4.704416e+03 -7.833250e-02  7.097751e-02 -5.194900e-02 
 4.420000e+04  4.715990e+03 -7.839789e-02  7.103647e-02 -5.199347e-02 
 4.425000e+04  4.727564e+03 -7.846288e-02  7.109567e-02 -5.203816e-02 
 4.430000e+04  4.739138e+03 -7.852796e-02  7.115503e-02 -5.208294e-02 
 4.435000e+04  4.750712e+03 -7.859322e-02  7.121421e-02 -5.212773e-02 
 4.440000e+04  4.762286e+03 -7.865866e-02  7.127337e-02 -5.217260e-02 
 4.445000e+04  4.773860e+03 -7.872422e-02  7.133266e-02 -5.221750e-02 
 4.450000e+04  4.785434e+03 -7.878969e-02  7.139206e-02 -5.226224e-02 
 4.455000e+04  4.797009e+03 -7.885504e-02  7.145125e-02 -5.230676e-02 
 4.460000e+04  4.808583e+03 -7.892044e-02  7.151026e-02 -5.235119e-02 
 4.465000e+04  4.820157e+03 -7.898581e-02  7.156836e-02 -5.239550e-02 
 4.470000e+04  4.831731e+03 -7.905109e-02  7.162633e-02 -5.243981e-02 
 4.475000e+04  4.843305e+03 -7.911644e-02  7.168444e-02 -5.248422e-02 
 4.480000e+04  4.854879e+03 -7.918191e-02  7.174276e-02 -5.252868e-02 
 4.485000e+04  4.866453e+03 -7.924742e-02  7.180125e-02 -5.257316e-02 
 4.490000e+04  4.878027e+03 -7.931312e-02  7.185986e-02 -5.261767e-02 
 4.495000e+04  4.889601e+03 -7.937894e-02  7.191854e-02 -5.266216e-02 
 4.500000e+04  4.901175e+03 -7.944455e-02  7.197724e-02 -5.270661e-02 
 4.505000e+04  4.912749e+03 -7.950989e-02  7.203593e-02 -5.275093e-02 
 4.510000e+04  4.924323e+03 -7.957522e-02  7.209456e-02 -5.279535e-02 
 4.515000e+04  4.935897e+03 -7.964023e-02  7.215322e-02 -5.283968e-02 
 4.520000e+04  4.947471e+03 -7.970501e-02  7.221178e-02 -5.288398e-02 
 4.525000e+04  4.959046e+03 -7.976977e-02  7.227040e-02 -5.292835e-02 
 4.530000e+04  4.970620e+03 -7.983434e-02  7.232908e-02 -5.297269e-02 
 4.535000e+04  4.982194e+03 -7.989891e-02  7.238768e-02 -5.301691e-02 
 4.540000e+04  4.993768e+03 -7.996349e-02  7.244626e-02 -5.306106e-02 
 4.545000e+04  5.005342e+03 -8.002818e-02  7.250476e-02 -5.310518e-02 
 4.550000e+04  5.016916e+03 -8.009297e-02  7.256322e-02 -5.314937e-02 
 4.555000e+04  5.028490e+03 -8.015780e-02  7.262169e-02 -5.319353e-02 
 4.560000e+04  5.040064e+03 -8.022266e-02  7.268015e-02 -5.323773e-02 
 4.565000e+04  5.051638e+03 -8.028764e-02  7.273842e-02 -5.328192e-02 
 4.570000e+04  5.063212e+03 -8.035268e-02  7.279625e-02 -5.332597e-02 
 4.575000e+04  5.074786e+03 -8.041770e-02  7.285394e-02 -5.336996e-02 
 4.580000e+04  5.086360e+03 -8.048231e-02  7.291166e-02 -5.341391e-02 
 4.585000e+04  5.097934e+03 -8.054681e-02  7.296943e-02 -5.345786e-02 
 4.590000e+04  5.109509e+03 -8.061127e-02  7.302722e-02 -5.350179e-02 
 4.595000e+04  5.121083e+03 -8.067590e-02  7.308508e-02 -5.354574e-02 
 4.600000e+04  5.132657e+03 -8.074075e-02  7.314306e-02 -5.358976e-02 
 4.605000e+04  5.144231e+03 -8.080557e-02  7.320117e-02 -5.363377e-02 
 4.610000e+04  5.155805e+03 -8.087027e-02  7.325936e-02 -5.367777e-02 
 4.615000e+04  5.167379e+03 -8.093475e-02  7.331747e-02 -5.372174e-02 
 4.620000e+04  5.178953e+03 -8.099897e-02  7.337560e-02 -5.376565e-02 
 4.625000e+04  5.190527e+03 -8.106309e-02  7.343361e-02 -5.380942e-02 
 4.630000e+04  5.202101e+03 -8.112725e-02  7.349148e-02 -5.385324e-02 
 4.635000e+04  5.213675e+03 -8.119142e-02  7.354947e-02 -5.389714e-02 
 4.640000e+04  5.225249e+03 -8.125543e-02  7.360761e-02 -5.394107e-02 
 4.645000e+04  5.236823e+03 -8.131943e-02  7.366578e-02 -5.398490e-02 
 4.650000e+04  5.248397e+03 -8.138350e-02  7.372391e-02 -5.402859e-02 
 4.655000e+04  5.259971e+03 -8.144769e-02  7.378167e-02 -5.407217e-02 
 4.660000e+04  5.271546e+03 -8.151200e-02  7.383915e-02 -5.411573e-02 
 4.665000e+04  5.283120e+03 -8.157631e-02  7.389626e-02 -5.415922e-02 
