         Step [creep.tim... Z Displace... Z Displace... X Displace... 
------------- ------------- ------------- ------------- ------------- 
 5.250000e+03  1.276223e-07 -4.629353e-03  4.524540e-03 -2.433365e-03 
 5.300000e+03  3.886505e-06 -4.629631e-03  4.524714e-03 -2.433659e-03 
 5.350000e+03  2.622568e-05 -4.631366e-03  4.525509e-03 -2.435188e-03 
 5.400000e+03  6.800289e-05 -4.633433e-03  4.526852e-03 -2.436604e-03 
 5.450000e+03  1.200623e-04 -4.634687e-03  4.528887e-03 -2.437838e-03 
 5.500000e+03  1.780988e-04 -4.637161e-03  4.532110e-03 -2.440110e-03 
 5.550000e+03  2.380235e-04 -4.641052e-03  4.536718e-03 -2.443539e-03 
 5.600000e+03  3.114054e-04 -4.646432e-03  4.542931e-03 -2.447852e-03 
 5.650000e+03  4.042538e-04 -4.652423e-03  4.549651e-03 -2.452491e-03 
 5.700000e+03  5.044969e-04 -4.657221e-03  4.555557e-03 -2.456645e-03 
 5.750000e+03  6.115776e-04 -4.661335e-03  4.560060e-03 -2.460232e-03 
 5.800000e+03  7.186583e-04 -4.665287e-03  4.563731e-03 -2.463539e-03 
 5.850000e+03  8.257390e-04 -4.670070e-03  4.568055e-03 -2.467550e-03 
 5.900000e+03  9.328197e-04 -4.676366e-03  4.573673e-03 -2.472568e-03 
 5.950000e+03  1.046345e-03 -4.683585e-03  4.580900e-03 -2.478315e-03 
 6.000000e+03  1.184331e-03 -4.691390e-03  4.589517e-03 -2.484595e-03 
 6.050000e+03  1.338025e-03 -4.699101e-03  4.597445e-03 -2.490272e-03 
 6.100000e+03  1.501928e-03 -4.706453e-03  4.604437e-03 -2.495488e-03 
 6.150000e+03  1.668045e-03 -4.713467e-03  4.610620e-03 -2.500318e-03 
 6.200000e+03  1.834162e-03 -4.720402e-03  4.617071e-03 -2.505548e-03 
 6.250000e+03  2.000280e-03 -4.727869e-03  4.624720e-03 -2.511735e-03 
 6.300000e+03  2.186693e-03 -4.736944e-03  4.634350e-03 -2.519601e-03 
 6.350000e+03  2.408299e-03 -4.747539e-03  4.645295e-03 -2.528595e-03 
 6.400000e+03  2.644848e-03 -4.757670e-03  4.655439e-03 -2.536828e-03 
 6.450000e+03  2.898133e-03 -4.767556e-03  4.665403e-03 -2.544431e-03 
 6.500000e+03  3.155835e-03 -4.777012e-03  4.675544e-03 -2.551493e-03 
 6.550000e+03  3.413538e-03 -4.786428e-03  4.686038e-03 -2.558586e-03 
 6.600000e+03  3.671240e-03 -4.796328e-03  4.697169e-03 -2.566311e-03 
 6.650000e+03  3.944953e-03 -4.807485e-03  4.709497e-03 -2.575431e-03 
 6.700000e+03  4.268842e-03 -4.820678e-03  4.723280e-03 -2.586294e-03 
 6.750000e+03  4.624910e-03 -4.833770e-03  4.736429e-03 -2.597259e-03 
 6.800000e+03  5.001303e-03 -4.846406e-03  4.748987e-03 -2.607737e-03 
 6.850000e+03  5.382047e-03 -4.858861e-03  4.761449e-03 -2.617512e-03 
 6.900000e+03  5.762791e-03 -4.871401e-03  4.774223e-03 -2.626900e-03 
 6.950000e+03  6.143535e-03 -4.884402e-03  4.787556e-03 -2.636504e-03 
 7.000000e+03  6.527706e-03 -4.897908e-03  4.801699e-03 -2.646670e-03 
 7.050000e+03  6.962308e-03 -4.913060e-03  4.817710e-03 -2.658200e-03 
 7.100000e+03  7.423385e-03 -4.927918e-03  4.833018e-03 -2.669800e-03 
 7.150000e+03  7.924386e-03 -4.942758e-03  4.847902e-03 -2.681706e-03 
 7.200000e+03  8.434619e-03 -4.957335e-03  4.862296e-03 -2.693368e-03 
 7.250000e+03  8.944853e-03 -4.971743e-03  4.876576e-03 -2.704679e-03 
 7.300000e+03  9.455086e-03 -4.986140e-03  4.891127e-03 -2.715836e-03 
 7.350000e+03  9.984377e-03 -5.001561e-03  4.906709e-03 -2.727416e-03 
 7.400000e+03  1.056716e-02 -5.018657e-03  4.924067e-03 -2.739999e-03 
 7.450000e+03  1.115782e-02 -5.034881e-03  4.940839e-03 -2.752087e-03 
 7.500000e+03  1.178575e-02 -5.050706e-03  4.957490e-03 -2.764346e-03 
 7.550000e+03  1.246430e-02 -5.067133e-03  4.974909e-03 -2.777385e-03 
 7.600000e+03  1.314806e-02 -5.083490e-03  4.992119e-03 -2.790332e-03 
 7.650000e+03  1.383182e-02 -5.099704e-03  5.008876e-03 -2.803128e-03 
 7.700000e+03  1.455897e-02 -5.117029e-03  5.026509e-03 -2.816680e-03 
 7.750000e+03  1.535051e-02 -5.135963e-03  5.045461e-03 -2.831042e-03 
 7.800000e+03  1.614205e-02 -5.154183e-03  5.063646e-03 -2.844561e-03 
 7.850000e+03  1.694072e-02 -5.171610e-03  5.081114e-03 -2.857510e-03 
 7.900000e+03  1.777183e-02 -5.189247e-03  5.099041e-03 -2.870710e-03 
 7.950000e+03  1.860295e-02 -5.206569e-03  5.116972e-03 -2.883830e-03 
 8.000000e+03  1.944404e-02 -5.223811e-03  5.134894e-03 -2.897039e-03 
 8.050000e+03  2.038915e-02 -5.242862e-03  5.154495e-03 -2.911790e-03 
 8.100000e+03  2.142766e-02 -5.263586e-03  5.175326e-03 -2.927598e-03 
 8.150000e+03  2.248840e-02 -5.284215e-03  5.195449e-03 -2.942963e-03 
 8.200000e+03  2.354914e-02 -5.304033e-03  5.214730e-03 -2.957613e-03 
 8.250000e+03  2.460988e-02 -5.323416e-03  5.233735e-03 -2.971809e-03 
 8.300000e+03  2.567062e-02 -5.342511e-03  5.252729e-03 -2.985750e-03 
 8.350000e+03  2.673136e-02 -5.361147e-03  5.271636e-03 -2.999606e-03 
 8.400000e+03  2.784715e-02 -5.380171e-03  5.291244e-03 -3.014098e-03 
 8.450000e+03  2.909725e-02 -5.400879e-03  5.312872e-03 -3.030027e-03 
 8.500000e+03  3.038658e-02 -5.421622e-03  5.334462e-03 -3.045896e-03 
 8.550000e+03  3.167592e-02 -5.441744e-03  5.355011e-03 -3.061085e-03 
 8.600000e+03  3.302714e-02 -5.462489e-03  5.375867e-03 -3.076492e-03 
 8.650000e+03  3.438094e-02 -5.483305e-03  5.396424e-03 -3.091664e-03 
 8.700000e+03  3.573474e-02 -5.503776e-03  5.416698e-03 -3.106652e-03 
 8.750000e+03  3.711832e-02 -5.524005e-03  5.436938e-03 -3.121700e-03 
 8.800000e+03  3.859667e-02 -5.544988e-03  5.458245e-03 -3.137513e-03 
 8.850000e+03  4.008924e-02 -5.565545e-03  5.479492e-03 -3.153079e-03 
 8.900000e+03  4.160121e-02 -5.585805e-03  5.500436e-03 -3.168305e-03 
 8.950000e+03  4.325381e-02 -5.607671e-03  5.522760e-03 -3.184461e-03 
 9.000000e+03  4.498165e-02 -5.630381e-03  5.545667e-03 -3.201065e-03 
 9.050000e+03  4.670948e-02 -5.652755e-03  5.567953e-03 -3.217380e-03 
 9.100000e+03  4.846323e-02 -5.675020e-03  5.589735e-03 -3.233591e-03 
 9.150000e+03  5.034639e-02 -5.698484e-03  5.612497e-03 -3.250623e-03 
 9.200000e+03  5.225132e-02 -5.721530e-03  5.635095e-03 -3.267475e-03 
 9.250000e+03  5.415626e-02 -5.743718e-03  5.657233e-03 -3.283846e-03 
 9.300000e+03  5.607834e-02 -5.765542e-03  5.679292e-03 -3.300026e-03 
 9.350000e+03  5.816252e-02 -5.788980e-03  5.703159e-03 -3.317302e-03 
 9.400000e+03  6.026271e-02 -5.812202e-03  5.726930e-03 -3.334329e-03 
 9.450000e+03  6.240071e-02 -5.835304e-03  5.750460e-03 -3.351140e-03 
 9.500000e+03  6.473987e-02 -5.860257e-03  5.775341e-03 -3.369108e-03 
 9.550000e+03  6.717110e-02 -5.885809e-03  5.800385e-03 -3.387421e-03 
 9.600000e+03  6.960233e-02 -5.910575e-03  5.824482e-03 -3.405379e-03 
 9.650000e+03  7.203357e-02 -5.934543e-03  5.848067e-03 -3.422987e-03 
 9.700000e+03  7.446480e-02 -5.958026e-03  5.871560e-03 -3.440323e-03 
 9.750000e+03  7.689603e-02 -5.981131e-03  5.895053e-03 -3.457372e-03 
 9.800000e+03  7.935158e-02 -6.003936e-03  5.918481e-03 -3.474118e-03 
 9.850000e+03  8.207043e-02 -6.028833e-03  5.943980e-03 -3.492094e-03 
 9.900000e+03  8.488488e-02 -6.054340e-03  5.969864e-03 -3.510287e-03 
 9.950000e+03  8.769934e-02 -6.079335e-03  5.994808e-03 -3.528144e-03 
 1.000000e+04  9.054475e-02 -6.104013e-03  6.018990e-03 -3.545934e-03 
 1.005000e+04  9.353244e-02 -6.129552e-03  6.043849e-03 -3.564395e-03 
 1.010000e+04  9.663537e-02 -6.155638e-03  6.069238e-03 -3.583273e-03 
 1.015000e+04  9.973831e-02 -6.180998e-03  6.094236e-03 -3.601646e-03 
 1.020000e+04  1.028412e-01 -6.205790e-03  6.119008e-03 -3.619564e-03 
 1.025000e+04  1.060528e-01 -6.231178e-03  6.144582e-03 -3.637737e-03 
 1.030000e+04  1.093109e-01 -6.256363e-03  6.170303e-03 -3.655779e-03 
 1.035000e+04  1.126537e-01 -6.281667e-03  6.196062e-03 -3.673850e-03 
 1.040000e+04  1.162857e-01 -6.308817e-03  6.223272e-03 -3.693219e-03 
 1.045000e+04  1.200574e-01 -6.336744e-03  6.250675e-03 -3.713073e-03 
 1.050000e+04  1.238290e-01 -6.364028e-03  6.277054e-03 -3.732617e-03 
 1.055000e+04  1.276006e-01 -6.390537e-03  6.302848e-03 -3.751745e-03 
 1.060000e+04  1.313723e-01 -6.416576e-03  6.328495e-03 -3.770532e-03 
 1.065000e+04  1.351439e-01 -6.442244e-03  6.354159e-03 -3.788917e-03 
 1.070000e+04  1.389156e-01 -6.467365e-03  6.379611e-03 -3.806863e-03 
 1.075000e+04  1.430235e-01 -6.494309e-03  6.407033e-03 -3.825959e-03 
 1.080000e+04  1.473896e-01 -6.522600e-03  6.435837e-03 -3.845979e-03 
 1.085000e+04  1.517558e-01 -6.550350e-03  6.463736e-03 -3.865740e-03 
 1.090000e+04  1.561569e-01 -6.577715e-03  6.490676e-03 -3.885353e-03 
 1.095000e+04  1.607413e-01 -6.605887e-03  6.518016e-03 -3.905477e-03 
 1.100000e+04  1.653258e-01 -6.633815e-03  6.544982e-03 -3.925226e-03 
 1.105000e+04  1.699102e-01 -6.661095e-03  6.571574e-03 -3.944535e-03 
 1.110000e+04  1.744947e-01 -6.687871e-03  6.597946e-03 -3.963432e-03 
 1.115000e+04  1.792854e-01 -6.715477e-03  6.625469e-03 -3.982912e-03 
 1.120000e+04  1.840991e-01 -6.742717e-03  6.652994e-03 -4.002137e-03 
 1.125000e+04  1.890680e-01 -6.770199e-03  6.680842e-03 -4.021565e-03 
 1.130000e+04  1.945290e-01 -6.800033e-03  6.710683e-03 -4.042638e-03 
 1.135000e+04  2.001014e-01 -6.830262e-03  6.740296e-03 -4.063893e-03 
 1.140000e+04  2.056738e-01 -6.859909e-03  6.768932e-03 -4.084791e-03 
 1.145000e+04  2.113243e-01 -6.889296e-03  6.797330e-03 -4.105564e-03 
 1.150000e+04  2.171753e-01 -6.919371e-03  6.826554e-03 -4.126736e-03 
 1.155000e+04  2.230264e-01 -6.948936e-03  6.855715e-03 -4.147527e-03 
 1.160000e+04  2.288774e-01 -6.977824e-03  6.884572e-03 -4.167856e-03 
 1.165000e+04  2.349651e-01 -7.007331e-03  6.914320e-03 -4.188614e-03 
 1.170000e+04  2.414159e-01 -7.038173e-03  6.945601e-03 -4.210334e-03 
 1.175000e+04  2.478667e-01 -7.068497e-03  6.976146e-03 -4.231791e-03 
 1.180000e+04  2.544852e-01 -7.099037e-03  7.006499e-03 -4.253447e-03 
 1.185000e+04  2.614685e-01 -7.131032e-03  7.037726e-03 -4.275927e-03 
 1.190000e+04  2.685805e-01 -7.163346e-03  7.068912e-03 -4.298430e-03 
 1.195000e+04  2.756925e-01 -7.194997e-03  7.099543e-03 -4.320507e-03 
 1.200000e+04  2.828045e-01 -7.226037e-03  7.129807e-03 -4.342172e-03 
 1.205000e+04  2.899165e-01 -7.256595e-03  7.160037e-03 -4.363545e-03 
 1.210000e+04  2.970284e-01 -7.286596e-03  7.190138e-03 -4.384639e-03 
 1.215000e+04  3.044214e-01 -7.317161e-03  7.220907e-03 -4.406135e-03 
 1.220000e+04  3.125916e-01 -7.350608e-03  7.254425e-03 -4.429521e-03 
 1.225000e+04  3.208247e-01 -7.384065e-03  7.287427e-03 -4.452838e-03 
 1.230000e+04  3.290577e-01 -7.416975e-03  7.319333e-03 -4.475729e-03 
 1.235000e+04  3.375377e-01 -7.450280e-03  7.351451e-03 -4.498891e-03 
 1.240000e+04  3.461823e-01 -7.483869e-03  7.383895e-03 -4.522197e-03 
 1.245000e+04  3.548270e-01 -7.516834e-03  7.416065e-03 -4.545132e-03 
 1.250000e+04  3.634717e-01 -7.549082e-03  7.447888e-03 -4.567636e-03 
 1.255000e+04  3.722892e-01 -7.581542e-03  7.480143e-03 -4.590267e-03 
 1.260000e+04  3.813661e-01 -7.614419e-03  7.513192e-03 -4.613330e-03 
 1.265000e+04  3.905610e-01 -7.647126e-03  7.546086e-03 -4.636274e-03 
 1.270000e+04  4.004253e-01 -7.681782e-03  7.580592e-03 -4.660489e-03 
 1.275000e+04  4.107929e-01 -7.718070e-03  7.615991e-03 -4.685571e-03 
 1.280000e+04  4.213005e-01 -7.754468e-03  7.650969e-03 -4.710603e-03 
 1.285000e+04  4.318082e-01 -7.790145e-03  7.685244e-03 -4.735235e-03 
 1.290000e+04  4.423158e-01 -7.825176e-03  7.719139e-03 -4.759528e-03 
 1.295000e+04  4.528235e-01 -7.859692e-03  7.752904e-03 -4.783492e-03 
 1.300000e+04  4.633311e-01 -7.893530e-03  7.786409e-03 -4.807098e-03 
 1.305000e+04  4.743610e-01 -7.928536e-03  7.821250e-03 -4.831433e-03 
 1.310000e+04  4.863743e-01 -7.966253e-03  7.858852e-03 -4.857603e-03 
 1.315000e+04  4.985382e-01 -8.004030e-03  7.896197e-03 -4.883720e-03 
 1.320000e+04  5.107021e-01 -8.041283e-03  7.932388e-03 -4.909376e-03 
 1.325000e+04  5.234742e-01 -8.079897e-03  7.969504e-03 -4.935931e-03 
 1.330000e+04  5.362463e-01 -8.118070e-03  8.006060e-03 -4.962184e-03 
 1.335000e+04  5.490184e-01 -8.155497e-03  8.042202e-03 -4.988051e-03 
 1.340000e+04  5.617906e-01 -8.192187e-03  8.078040e-03 -5.013488e-03 
 1.345000e+04  5.749331e-01 -8.229411e-03  8.114720e-03 -5.039293e-03 
 1.350000e+04  5.883438e-01 -8.266804e-03  8.151978e-03 -5.065301e-03 
 1.355000e+04  6.019690e-01 -8.304227e-03  8.189381e-03 -5.091277e-03 
 1.360000e+04  6.168022e-01 -8.344468e-03  8.229351e-03 -5.119105e-03 
 1.365000e+04  6.323268e-01 -8.386286e-03  8.270230e-03 -5.147850e-03 
 1.370000e+04  6.478514e-01 -8.427559e-03  8.310100e-03 -5.176219e-03 
 1.375000e+04  6.633760e-01 -8.468129e-03  8.349083e-03 -5.204164e-03 
 1.380000e+04  6.789005e-01 -8.508066e-03  8.387557e-03 -5.231749e-03 
 1.385000e+04  6.944251e-01 -8.547431e-03  8.425843e-03 -5.258954e-03 
 1.390000e+04  7.099497e-01 -8.586147e-03  8.463907e-03 -5.285723e-03 
 1.395000e+04  7.261038e-01 -8.625788e-03  8.503157e-03 -5.313121e-03 
 1.400000e+04  7.437160e-01 -8.668580e-03  8.545620e-03 -5.342626e-03 
 1.405000e+04  7.616876e-01 -8.711749e-03  8.588263e-03 -5.372309e-03 
 1.410000e+04  7.796593e-01 -8.754294e-03  8.629684e-03 -5.401528e-03 
 1.415000e+04  7.983678e-01 -8.798074e-03  8.671792e-03 -5.431553e-03 
 1.420000e+04  8.172380e-01 -8.841887e-03  8.713547e-03 -5.461498e-03 
 1.425000e+04  8.361082e-01 -8.884932e-03  8.754736e-03 -5.491008e-03 
 1.430000e+04  8.549784e-01 -8.927156e-03  8.795499e-03 -5.520027e-03 
 1.435000e+04  8.743204e-01 -8.969866e-03  8.837087e-03 -5.549401e-03 
 1.440000e+04  8.941341e-01 -9.012910e-03  8.879532e-03 -5.579096e-03 
 1.445000e+04  9.141064e-01 -9.055614e-03  8.921793e-03 -5.608536e-03 
 1.450000e+04  9.357013e-01 -9.101331e-03  8.966843e-03 -5.639886e-03 
 1.455000e+04  9.586382e-01 -9.149463e-03  9.013786e-03 -5.672790e-03 
 1.460000e+04  9.815751e-01 -9.196917e-03  9.059516e-03 -5.705298e-03 
 1.465000e+04  1.004512e+00 -9.243499e-03  9.104241e-03 -5.737376e-03 
 1.470000e+04  1.027449e+00 -9.289528e-03  9.148424e-03 -5.769006e-03 
 1.475000e+04  1.050386e+00 -9.334926e-03  9.192305e-03 -5.800186e-03 
 1.480000e+04  1.073323e+00 -9.379633e-03  9.235869e-03 -5.830827e-03 
 1.485000e+04  1.096764e+00 -9.424620e-03  9.279996e-03 -5.861678e-03 
 1.490000e+04  1.122004e+00 -9.472516e-03  9.327204e-03 -5.894556e-03 
 1.495000e+04  1.147292e+00 -9.519868e-03  9.373767e-03 -5.927113e-03 
 1.500000e+04  1.172782e+00 -9.566913e-03  9.419572e-03 -5.959440e-03 
 1.505000e+04  1.200529e+00 -9.617612e-03  9.468489e-03 -5.994171e-03 
 1.510000e+04  1.228409e+00 -9.668168e-03  9.516863e-03 -6.028627e-03 
 1.515000e+04  1.256289e+00 -9.717940e-03  9.564413e-03 -6.062599e-03 
 1.520000e+04  1.284169e+00 -9.766793e-03  9.611327e-03 -6.096019e-03 
 1.525000e+04  1.312049e+00 -9.815085e-03  9.657981e-03 -6.129053e-03 
 1.530000e+04  1.339929e+00 -9.862628e-03  9.704382e-03 -6.161677e-03 
 1.535000e+04  1.368231e+00 -9.910149e-03  9.750933e-03 -6.194280e-03 
 1.540000e+04  1.399645e+00 -9.962444e-03  9.801998e-03 -6.229995e-03 
 1.545000e+04  1.431919e+00 -1.001567e-02  9.853556e-03 -6.266309e-03 
 1.550000e+04  1.464194e+00 -1.006810e-02  9.903871e-03 -6.302120e-03 
 1.555000e+04  1.497178e+00 -1.012090e-02  9.954322e-03 -6.338246e-03 
 1.560000e+04  1.531066e+00 -1.017465e-02  1.000558e-02 -6.374867e-03 
 1.565000e+04  1.564955e+00 -1.022767e-02  1.005629e-02 -6.410905e-03 
 1.570000e+04  1.598843e+00 -1.027976e-02  1.010643e-02 -6.446395e-03 
 1.575000e+04  1.633002e+00 -1.033146e-02  1.015660e-02 -6.481690e-03 
 1.580000e+04  1.668585e+00 -1.038455e-02  1.020857e-02 -6.518137e-03 
 1.585000e+04  1.704167e+00 -1.043682e-02  1.025987e-02 -6.554174e-03 
 1.590000e+04  1.741408e+00 -1.049088e-02  1.031258e-02 -6.591294e-03 
 1.595000e+04  1.781148e+00 -1.054818e-02  1.036785e-02 -6.630397e-03 
 1.600000e+04  1.822339e+00 -1.060700e-02  1.042414e-02 -6.670402e-03 
 1.605000e+04  1.863531e+00 -1.066482e-02  1.047941e-02 -6.709763e-03 
 1.610000e+04  1.904722e+00 -1.072186e-02  1.053395e-02 -6.748613e-03 
 1.615000e+04  1.945913e+00 -1.077812e-02  1.058799e-02 -6.786973e-03 
 1.620000e+04  1.987105e+00 -1.083353e-02  1.064152e-02 -6.824872e-03 
 1.625000e+04  2.028296e+00 -1.088814e-02  1.069455e-02 -6.862180e-03 
 1.630000e+04  2.072933e+00 -1.094672e-02  1.075143e-02 -6.902141e-03 
 1.635000e+04  2.118346e+00 -1.100574e-02  1.080846e-02 -6.942385e-03 
 1.640000e+04  2.163760e+00 -1.106391e-02  1.086426e-02 -6.982045e-03 
 1.645000e+04  2.210218e+00 -1.112275e-02  1.092025e-02 -7.022083e-03 
 1.650000e+04  2.257902e+00 -1.118264e-02  1.097702e-02 -7.062646e-03 
 1.655000e+04  2.305586e+00 -1.124175e-02  1.103316e-02 -7.102627e-03 
 1.660000e+04  2.353270e+00 -1.129987e-02  1.108861e-02 -7.142065e-03 
 1.665000e+04  2.401288e+00 -1.135753e-02  1.114397e-02 -7.181319e-03 
 1.670000e+04  2.451356e+00 -1.141681e-02  1.120135e-02 -7.221865e-03 
 1.675000e+04  2.501424e+00 -1.147525e-02  1.125810e-02 -7.261899e-03 
 1.680000e+04  2.553869e+00 -1.153572e-02  1.131663e-02 -7.303190e-03 
 1.685000e+04  2.609069e+00 -1.159896e-02  1.137738e-02 -7.346113e-03 
 1.690000e+04  2.664269e+00 -1.166150e-02  1.143705e-02 -7.388522e-03 
 1.695000e+04  2.719469e+00 -1.172308e-02  1.149565e-02 -7.430318e-03 
 1.700000e+04  2.776105e+00 -1.178546e-02  1.155502e-02 -7.472682e-03 
 1.705000e+04  2.834065e+00 -1.184854e-02  1.161531e-02 -7.515586e-03 
 1.710000e+04  2.892026e+00 -1.191063e-02  1.167495e-02 -7.557899e-03 
 1.715000e+04  2.951339e+00 -1.197327e-02  1.173536e-02 -7.600591e-03 
 1.720000e+04  3.015241e+00 -1.204010e-02  1.179986e-02 -7.646053e-03 
 1.725000e+04  3.079142e+00 -1.210612e-02  1.186338e-02 -7.690969e-03 
 1.730000e+04  3.143043e+00 -1.217126e-02  1.192578e-02 -7.735216e-03 
 1.735000e+04  3.210024e+00 -1.223888e-02  1.199011e-02 -7.781006e-03 
 1.740000e+04  3.280476e+00 -1.230941e-02  1.205682e-02 -7.828635e-03 
 1.745000e+04  3.350927e+00 -1.237884e-02  1.212251e-02 -7.875604e-03 
 1.750000e+04  3.421378e+00 -1.244721e-02  1.218736e-02 -7.921850e-03 
 1.755000e+04  3.491829e+00 -1.251470e-02  1.225167e-02 -7.967573e-03 
 1.760000e+04  3.562280e+00 -1.258122e-02  1.231540e-02 -8.012750e-03 
 1.765000e+04  3.633013e+00 -1.264703e-02  1.237866e-02 -8.057505e-03 
 1.770000e+04  3.710020e+00 -1.271797e-02  1.244672e-02 -8.105611e-03 
 1.775000e+04  3.787692e+00 -1.278890e-02  1.251439e-02 -8.153531e-03 
 1.780000e+04  3.865364e+00 -1.285888e-02  1.258086e-02 -8.200890e-03 
 1.785000e+04  3.944435e+00 -1.292917e-02  1.264736e-02 -8.248407e-03 
 1.790000e+04  4.025991e+00 -1.300084e-02  1.271514e-02 -8.296819e-03 
 1.795000e+04  4.107547e+00 -1.307160e-02  1.278226e-02 -8.344640e-03 
 1.800000e+04  4.189103e+00 -1.314131e-02  1.284867e-02 -8.391774e-03 
 1.805000e+04  4.273868e+00 -1.321282e-02  1.291700e-02 -8.440181e-03 
 1.810000e+04  4.363784e+00 -1.328775e-02  1.298886e-02 -8.491013e-03 
 1.815000e+04  4.453699e+00 -1.336167e-02  1.305966e-02 -8.541122e-03 
 1.820000e+04  4.544874e+00 -1.343576e-02  1.313018e-02 -8.591175e-03 
 1.825000e+04  4.642495e+00 -1.351441e-02  1.320457e-02 -8.644151e-03 
 1.830000e+04  4.741627e+00 -1.359341e-02  1.327905e-02 -8.697291e-03 
 1.835000e+04  4.840758e+00 -1.367115e-02  1.335233e-02 -8.749631e-03 
 1.840000e+04  4.939890e+00 -1.374787e-02  1.342475e-02 -8.801233e-03 
 1.845000e+04  5.039022e+00 -1.382367e-02  1.349644e-02 -8.852283e-03 
 1.850000e+04  5.138154e+00 -1.389833e-02  1.356734e-02 -8.902694e-03 
 1.855000e+04  5.241509e+00 -1.397515e-02  1.364044e-02 -8.954505e-03 
 1.860000e+04  5.354736e+00 -1.405856e-02  1.371963e-02 -9.010594e-03 
 1.865000e+04  5.469494e+00 -1.414216e-02  1.379865e-02 -9.066735e-03 
 1.870000e+04  5.584251e+00 -1.422449e-02  1.387621e-02 -9.122066e-03 
 1.875000e+04  5.701074e+00 -1.430721e-02  1.395394e-02 -9.177596e-03 
 1.880000e+04  5.821570e+00 -1.439158e-02  1.403318e-02 -9.234123e-03 
 1.885000e+04  5.942065e+00 -1.447468e-02  1.411146e-02 -9.289895e-03 
 1.890000e+04  6.062560e+00 -1.455654e-02  1.418881e-02 -9.344919e-03 
 1.895000e+04  6.187755e+00 -1.464047e-02  1.426840e-02 -9.401389e-03 
 1.900000e+04  6.314275e+00 -1.472420e-02  1.434795e-02 -9.457749e-03 
 1.905000e+04  6.441554e+00 -1.480731e-02  1.442681e-02 -9.513595e-03 
 1.910000e+04  6.580644e+00 -1.489719e-02  1.451171e-02 -9.573799e-03 
 1.915000e+04  6.720133e+00 -1.498639e-02  1.459556e-02 -9.633434e-03 
 1.920000e+04  6.859621e+00 -1.507433e-02  1.467804e-02 -9.692284e-03 
 1.925000e+04  7.000226e+00 -1.516171e-02  1.475986e-02 -9.750693e-03 
 1.930000e+04  7.146688e+00 -1.525162e-02  1.484411e-02 -9.810798e-03 
 1.935000e+04  7.293151e+00 -1.534031e-02  1.492748e-02 -9.870151e-03 
 1.940000e+04  7.441372e+00 -1.542878e-02  1.501080e-02 -9.929283e-03 
 1.945000e+04  7.601155e+00 -1.552306e-02  1.509957e-02 -9.992181e-03 
 1.950000e+04  7.770059e+00 -1.562152e-02  1.519214e-02 -1.005785e-02 
 1.955000e+04  7.939608e+00 -1.571891e-02  1.528349e-02 -1.012276e-02 
 1.960000e+04  8.111869e+00 -1.581641e-02  1.537464e-02 -1.018774e-02 
 1.965000e+04  8.289896e+00 -1.591600e-02  1.546745e-02 -1.025399e-02 
 1.970000e+04  8.467923e+00 -1.601419e-02  1.555899e-02 -1.031928e-02 
 1.975000e+04  8.645949e+00 -1.611083e-02  1.564924e-02 -1.038354e-02 
 1.980000e+04  8.831631e+00 -1.621022e-02  1.574227e-02 -1.044964e-02 
 1.985000e+04  9.018559e+00 -1.630900e-02  1.583481e-02 -1.051535e-02 
 1.990000e+04  9.205486e+00 -1.640623e-02  1.592608e-02 -1.058008e-02 
 1.995000e+04  9.407509e+00 -1.650995e-02  1.602331e-02 -1.064896e-02 
 2.000000e+04  9.623901e+00 -1.661982e-02  1.612593e-02 -1.072179e-02 
 2.005000e+04  9.840293e+00 -1.672803e-02  1.622679e-02 -1.079357e-02 
 2.010000e+04  1.005669e+01 -1.683450e-02  1.632585e-02 -1.086418e-02 
 2.015000e+04  1.027697e+01 -1.694135e-02  1.642516e-02 -1.093491e-02 
 2.020000e+04  1.050419e+01 -1.705010e-02  1.652629e-02 -1.100684e-02 
 2.025000e+04  1.073140e+01 -1.715723e-02  1.662606e-02 -1.107766e-02 
 2.030000e+04  1.096636e+01 -1.726637e-02  1.672778e-02 -1.114979e-02 
 2.035000e+04  1.121686e+01 -1.738125e-02  1.683471e-02 -1.122565e-02 
 2.040000e+04  1.146736e+01 -1.749441e-02  1.693992e-02 -1.130035e-02 
 2.045000e+04  1.172187e+01 -1.760765e-02  1.704489e-02 -1.137497e-02 
 2.050000e+04  1.199621e+01 -1.772813e-02  1.715620e-02 -1.145422e-02 
 2.055000e+04  1.227238e+01 -1.784766e-02  1.726659e-02 -1.153280e-02 
 2.060000e+04  1.254856e+01 -1.796522e-02  1.737509e-02 -1.161000e-02 
 2.065000e+04  1.283026e+01 -1.808324e-02  1.748410e-02 -1.168746e-02 
 2.070000e+04  1.312025e+01 -1.820289e-02  1.759480e-02 -1.176609e-02 
 2.075000e+04  1.341023e+01 -1.832053e-02  1.770392e-02 -1.184346e-02 
 2.080000e+04  1.371405e+01 -1.844190e-02  1.781642e-02 -1.192315e-02 
 2.085000e+04  1.404847e+01 -1.857385e-02  1.793843e-02 -1.200962e-02 
 2.090000e+04  1.438417e+01 -1.870420e-02  1.805883e-02 -1.209503e-02 
 2.095000e+04  1.471986e+01 -1.883226e-02  1.817684e-02 -1.217883e-02 
 2.100000e+04  1.505925e+01 -1.895971e-02  1.829395e-02 -1.226201e-02 
 2.105000e+04  1.541173e+01 -1.909014e-02  1.841372e-02 -1.234710e-02 
 2.110000e+04  1.576421e+01 -1.921838e-02  1.853160e-02 -1.243081e-02 
 2.115000e+04  1.612339e+01 -1.934690e-02  1.864979e-02 -1.251463e-02 
 2.120000e+04  1.651200e+01 -1.948396e-02  1.877580e-02 -1.260396e-02 
 2.125000e+04  1.690061e+01 -1.961880e-02  1.889971e-02 -1.269175e-02 
 2.130000e+04  1.728960e+01 -1.975151e-02  1.902142e-02 -1.277795e-02 
 2.135000e+04  1.771315e+01 -1.989387e-02  1.915159e-02 -1.287026e-02 
 2.140000e+04  1.814159e+01 -2.003562e-02  1.928099e-02 -1.296216e-02 
 2.145000e+04  1.857003e+01 -2.017476e-02  1.940797e-02 -1.305235e-02 
 2.150000e+04  1.900833e+01 -2.031462e-02  1.953552e-02 -1.314291e-02 
 2.155000e+04  1.945819e+01 -2.045592e-02  1.966440e-02 -1.323435e-02 
 2.160000e+04  1.990806e+01 -2.059475e-02  1.979119e-02 -1.332415e-02 
 2.165000e+04  2.038020e+01 -2.073801e-02  1.992192e-02 -1.341662e-02 
 2.170000e+04  2.090097e+01 -2.089368e-02  2.006378e-02 -1.351703e-02 
 2.175000e+04  2.142175e+01 -2.104664e-02  2.020300e-02 -1.361567e-02 
 2.180000e+04  2.194252e+01 -2.119665e-02  2.033935e-02 -1.371230e-02 
 2.185000e+04  2.247371e+01 -2.134692e-02  2.047553e-02 -1.380888e-02 
 2.190000e+04  2.302052e+01 -2.149901e-02  2.061331e-02 -1.390659e-02 
 2.195000e+04  2.356734e+01 -2.164839e-02  2.074872e-02 -1.400252e-02 
 2.200000e+04  2.414324e+01 -2.180290e-02  2.088869e-02 -1.410162e-02 
 2.205000e+04  2.474610e+01 -2.196207e-02  2.103275e-02 -1.420360e-02 
 2.210000e+04  2.534896e+01 -2.211834e-02  2.117413e-02 -1.430365e-02 
 2.215000e+04  2.595966e+01 -2.227362e-02  2.131442e-02 -1.440288e-02 
 2.220000e+04  2.662431e+01 -2.243974e-02  2.146416e-02 -1.450891e-02 
 2.225000e+04  2.728897e+01 -2.260289e-02  2.161107e-02 -1.461303e-02 
 2.230000e+04  2.795362e+01 -2.276287e-02  2.175502e-02 -1.471501e-02 
 2.235000e+04  2.866500e+01 -2.293091e-02  2.190599e-02 -1.482196e-02 
 2.240000e+04  2.939778e+01 -2.310095e-02  2.205870e-02 -1.493009e-02 
 2.245000e+04  3.013056e+01 -2.326757e-02  2.220842e-02 -1.503601e-02 
 2.250000e+04  3.090050e+01 -2.343917e-02  2.236248e-02 -1.514494e-02 
 2.255000e+04  3.170839e+01 -2.361601e-02  2.252097e-02 -1.525706e-02 
 2.260000e+04  3.251628e+01 -2.378934e-02  2.267621e-02 -1.536693e-02 
 2.265000e+04  3.333956e+01 -2.396233e-02  2.283092e-02 -1.547644e-02 
 2.270000e+04  3.423026e+01 -2.414595e-02  2.299488e-02 -1.559253e-02 
 2.275000e+04  3.512096e+01 -2.432594e-02  2.315548e-02 -1.570623e-02 
 2.280000e+04  3.601166e+01 -2.450209e-02  2.331259e-02 -1.581739e-02 
 2.285000e+04  3.697219e+01 -2.468820e-02  2.347842e-02 -1.593468e-02 
 2.290000e+04  3.795419e+01 -2.487473e-02  2.364453e-02 -1.605218e-02 
 2.295000e+04  3.893619e+01 -2.505725e-02  2.380702e-02 -1.616709e-02 
 2.300000e+04  3.998761e+01 -2.524853e-02  2.397705e-02 -1.628737e-02 
 2.305000e+04  4.107026e+01 -2.544161e-02  2.414841e-02 -1.640865e-02 
 2.310000e+04  4.215292e+01 -2.563048e-02  2.431584e-02 -1.652717e-02 
 2.315000e+04  4.324856e+01 -2.581739e-02  2.448122e-02 -1.664423e-02 
 2.320000e+04  4.440581e+01 -2.601064e-02  2.465204e-02 -1.676518e-02 
 2.325000e+04  4.559943e+01 -2.620580e-02  2.482450e-02 -1.688732e-02 
 2.330000e+04  4.679305e+01 -2.639662e-02  2.499302e-02 -1.700663e-02 
 2.335000e+04  4.803448e+01 -2.659076e-02  2.516426e-02 -1.712789e-02 
 2.340000e+04  4.935045e+01 -2.679223e-02  2.534191e-02 -1.725365e-02 
 2.345000e+04  5.066642e+01 -2.698914e-02  2.551543e-02 -1.737642e-02 
 2.350000e+04  5.200871e+01 -2.718538e-02  2.568804e-02 -1.749863e-02 
 2.355000e+04  5.339048e+01 -2.738303e-02  2.586160e-02 -1.762169e-02 
 2.360000e+04  5.477225e+01 -2.757617e-02  2.603107e-02 -1.774188e-02 
 2.365000e+04  5.624404e+01 -2.777727e-02  2.620734e-02 -1.786682e-02 
 2.370000e+04  5.776744e+01 -2.798110e-02  2.638583e-02 -1.799338e-02 
 2.375000e+04  5.929084e+01 -2.818025e-02  2.656015e-02 -1.811704e-02 
 2.380000e+04  6.081424e+01 -2.837462e-02  2.673012e-02 -1.823761e-02 
 2.385000e+04  6.246987e+01 -2.858103e-02  2.691046e-02 -1.836554e-02 
 2.390000e+04  6.414942e+01 -2.878580e-02  2.708931e-02 -1.849246e-02 
 2.395000e+04  6.582897e+01 -2.898575e-02  2.726383e-02 -1.861634e-02 
 2.400000e+04  6.756226e+01 -2.918720e-02  2.743938e-02 -1.874102e-02 
 2.405000e+04  6.932578e+01 -2.938750e-02  2.761371e-02 -1.886491e-02 
 2.410000e+04  7.115103e+01 -2.958997e-02  2.778984e-02 -1.899012e-02 
 2.415000e+04  7.300459e+01 -2.979087e-02  2.796443e-02 -1.911425e-02 
 2.420000e+04  7.502276e+01 -3.000465e-02  2.815002e-02 -1.924630e-02 
 2.425000e+04  7.706426e+01 -3.021595e-02  2.833328e-02 -1.937678e-02 
 2.430000e+04  7.910576e+01 -3.042194e-02  2.851175e-02 -1.950392e-02 
 2.435000e+04  8.114726e+01 -3.062268e-02  2.868547e-02 -1.962774e-02 
 2.440000e+04  8.320101e+01 -3.081956e-02  2.885572e-02 -1.974917e-02 
 2.445000e+04  8.541747e+01 -3.102709e-02  2.903506e-02 -1.987713e-02 
 2.450000e+04  8.766822e+01 -3.123316e-02  2.921301e-02 -2.000416e-02 
 2.455000e+04  8.991898e+01 -3.143436e-02  2.938668e-02 -2.012822e-02 
 2.460000e+04  9.216974e+01 -3.163057e-02  2.955598e-02 -2.024916e-02 
 2.465000e+04  9.448227e+01 -3.182710e-02  2.972554e-02 -2.037027e-02 
 2.470000e+04  9.696373e+01 -3.203313e-02  2.990332e-02 -2.049727e-02 
 2.475000e+04  9.944519e+01 -3.223434e-02  3.007681e-02 -2.062134e-02 
 2.480000e+04  1.019266e+02 -3.243069e-02  3.024577e-02 -2.074236e-02 
 2.485000e+04  1.044081e+02 -3.262227e-02  3.041022e-02 -2.086026e-02 
 2.490000e+04  1.068896e+02 -3.280927e-02  3.057045e-02 -2.097528e-02 
 2.495000e+04  1.094082e+02 -3.299459e-02  3.072920e-02 -2.108926e-02 
 2.500000e+04  1.120138e+02 -3.318212e-02  3.088987e-02 -2.120451e-02 
 2.505000e+04  1.146193e+02 -3.336554e-02  3.104657e-02 -2.131718e-02 
 2.510000e+04  1.172248e+02 -3.354482e-02  3.119965e-02 -2.142752e-02 
 2.515000e+04  1.198304e+02 -3.371995e-02  3.134945e-02 -2.153547e-02 
 2.520000e+04  1.224854e+02 -3.389444e-02  3.149884e-02 -2.164304e-02 
 2.525000e+04  1.252212e+02 -3.407063e-02  3.164952e-02 -2.175148e-02 
 2.530000e+04  1.279570e+02 -3.424308e-02  3.179650e-02 -2.185751e-02 
 2.535000e+04  1.306928e+02 -3.441173e-02  3.194007e-02 -2.196131e-02 
 2.540000e+04  1.334286e+02 -3.457659e-02  3.208055e-02 -2.206292e-02 
 2.545000e+04  1.361644e+02 -3.473789e-02  3.221814e-02 -2.216238e-02 
 2.550000e+04  1.389002e+02 -3.489593e-02  3.235295e-02 -2.225977e-02 
 2.555000e+04  1.416744e+02 -3.505304e-02  3.248687e-02 -2.235657e-02 
 2.560000e+04  1.445469e+02 -3.521264e-02  3.262300e-02 -2.245497e-02 
 2.565000e+04  1.474195e+02 -3.536909e-02  3.275622e-02 -2.255141e-02 
 2.570000e+04  1.502921e+02 -3.552240e-02  3.288640e-02 -2.264594e-02 
 2.575000e+04  1.531647e+02 -3.567266e-02  3.301380e-02 -2.273864e-02 
 2.580000e+04  1.560373e+02 -3.581998e-02  3.313871e-02 -2.282953e-02 
 2.585000e+04  1.589099e+02 -3.596451e-02  3.326125e-02 -2.291867e-02 
 2.590000e+04  1.617825e+02 -3.610638e-02  3.338164e-02 -2.300617e-02 
 2.595000e+04  1.646551e+02 -3.624568e-02  3.349980e-02 -2.309213e-02 
 2.600000e+04  1.675277e+02 -3.638238e-02  3.361579e-02 -2.317654e-02 
 2.605000e+04  1.704003e+02 -3.651661e-02  3.372961e-02 -2.325950e-02 
 2.610000e+04  1.732729e+02 -3.664841e-02  3.384138e-02 -2.334103e-02 
 2.615000e+04  1.761455e+02 -3.677797e-02  3.395126e-02 -2.342121e-02 
 2.620000e+04  1.790181e+02 -3.690539e-02  3.405938e-02 -2.350008e-02 
 2.625000e+04  1.818907e+02 -3.703063e-02  3.416563e-02 -2.357761e-02 
 2.630000e+04  1.847633e+02 -3.715378e-02  3.426992e-02 -2.365384e-02 
 2.635000e+04  1.876359e+02 -3.727482e-02  3.437251e-02 -2.372881e-02 
 2.640000e+04  1.905085e+02 -3.739395e-02  3.447356e-02 -2.380273e-02 
 2.645000e+04  1.933811e+02 -3.751127e-02  3.457323e-02 -2.387554e-02 
 2.650000e+04  1.962537e+02 -3.762686e-02  3.467127e-02 -2.394719e-02 
 2.655000e+04  1.991263e+02 -3.774079e-02  3.476746e-02 -2.401777e-02 
 2.660000e+04  2.019989e+02 -3.785283e-02  3.486212e-02 -2.408722e-02 
 2.665000e+04  2.048715e+02 -3.796309e-02  3.495530e-02 -2.415558e-02 
 2.670000e+04  2.077441e+02 -3.807177e-02  3.504700e-02 -2.422302e-02 
 2.675000e+04  2.106167e+02 -3.817885e-02  3.513736e-02 -2.428946e-02 
 2.680000e+04  2.134893e+02 -3.828444e-02  3.522632e-02 -2.435504e-02 
 2.685000e+04  2.164509e+02 -3.839183e-02  3.531704e-02 -2.442176e-02 
 2.690000e+04  2.194672e+02 -3.849976e-02  3.540833e-02 -2.448875e-02 
 2.695000e+04  2.224834e+02 -3.860618e-02  3.549802e-02 -2.455473e-02 
 2.700000e+04  2.254996e+02 -3.871098e-02  3.558631e-02 -2.461974e-02 
 2.705000e+04  2.285158e+02 -3.881421e-02  3.567318e-02 -2.468377e-02 
 2.710000e+04  2.315321e+02 -3.891601e-02  3.575848e-02 -2.474689e-02 
 2.715000e+04  2.345483e+02 -3.901628e-02  3.584250e-02 -2.480915e-02 
 2.720000e+04  2.375645e+02 -3.911510e-02  3.592573e-02 -2.487062e-02 
 2.725000e+04  2.405808e+02 -3.921265e-02  3.600796e-02 -2.493121e-02 
 2.730000e+04  2.435970e+02 -3.930896e-02  3.608908e-02 -2.499103e-02 
 2.735000e+04  2.466132e+02 -3.940392e-02  3.616921e-02 -2.505011e-02 
 2.740000e+04  2.496294e+02 -3.949759e-02  3.624828e-02 -2.510842e-02 
 2.745000e+04  2.526457e+02 -3.959007e-02  3.632628e-02 -2.516593e-02 
 2.750000e+04  2.556619e+02 -3.968131e-02  3.640328e-02 -2.522268e-02 
 2.755000e+04  2.588138e+02 -3.977537e-02  3.648269e-02 -2.528128e-02 
 2.760000e+04  2.619809e+02 -3.986871e-02  3.656149e-02 -2.533937e-02 
 2.765000e+04  2.651479e+02 -3.996088e-02  3.663926e-02 -2.539674e-02 
 2.770000e+04  2.683150e+02 -4.005179e-02  3.671570e-02 -2.545331e-02 
 2.775000e+04  2.714820e+02 -4.014158e-02  3.679103e-02 -2.550907e-02 
 2.780000e+04  2.746490e+02 -4.023032e-02  3.686539e-02 -2.556421e-02 
 2.785000e+04  2.778161e+02 -4.031804e-02  3.693909e-02 -2.561878e-02 
 2.790000e+04  2.811351e+02 -4.040892e-02  3.701562e-02 -2.567540e-02 
 2.795000e+04  2.844605e+02 -4.049893e-02  3.709139e-02 -2.573153e-02 
 2.800000e+04  2.877859e+02 -4.058786e-02  3.716609e-02 -2.578701e-02 
 2.805000e+04  2.911113e+02 -4.067564e-02  3.723949e-02 -2.584196e-02 
 2.810000e+04  2.945830e+02 -4.076609e-02  3.731515e-02 -2.589870e-02 
 2.815000e+04  2.980747e+02 -4.085592e-02  3.739030e-02 -2.595514e-02 
 2.820000e+04  3.015663e+02 -4.094464e-02  3.746417e-02 -2.601078e-02 
 2.825000e+04  3.050580e+02 -4.103228e-02  3.753712e-02 -2.606561e-02 
 2.830000e+04  3.085497e+02 -4.111879e-02  3.760920e-02 -2.611978e-02 
 2.835000e+04  3.120413e+02 -4.120434e-02  3.768062e-02 -2.617347e-02 
 2.840000e+04  3.155330e+02 -4.128891e-02  3.775125e-02 -2.622664e-02 
 2.845000e+04  3.190246e+02 -4.137264e-02  3.782138e-02 -2.627941e-02 
 2.850000e+04  3.225163e+02 -4.145559e-02  3.789087e-02 -2.633173e-02 
 2.855000e+04  3.260080e+02 -4.153770e-02  3.795969e-02 -2.638358e-02 
 2.860000e+04  3.294996e+02 -4.161881e-02  3.802751e-02 -2.643481e-02 
 2.865000e+04  3.329913e+02 -4.169891e-02  3.809460e-02 -2.648570e-02 
 2.870000e+04  3.364829e+02 -4.177808e-02  3.816123e-02 -2.653605e-02 
 2.875000e+04  3.401073e+02 -4.185949e-02  3.822959e-02 -2.658773e-02 
 2.880000e+04  3.437735e+02 -4.194109e-02  3.829810e-02 -2.663934e-02 
 2.885000e+04  3.474398e+02 -4.202173e-02  3.836553e-02 -2.669016e-02 
 2.890000e+04  3.511060e+02 -4.210145e-02  3.843188e-02 -2.674033e-02 
 2.895000e+04  3.547723e+02 -4.218018e-02  3.849755e-02 -2.679015e-02 
 2.900000e+04  3.584385e+02 -4.225795e-02  3.856263e-02 -2.683964e-02 
 2.905000e+04  3.621047e+02 -4.233497e-02  3.862725e-02 -2.688867e-02 
 2.910000e+04  3.657710e+02 -4.241136e-02  3.869132e-02 -2.693720e-02 
 2.915000e+04  3.694372e+02 -4.248696e-02  3.875508e-02 -2.698519e-02 
 2.920000e+04  3.731035e+02 -4.256170e-02  3.881822e-02 -2.703270e-02 
 2.925000e+04  3.767697e+02 -4.263545e-02  3.888078e-02 -2.707960e-02 
 2.930000e+04  3.804360e+02 -4.270825e-02  3.894287e-02 -2.712590e-02 
 2.935000e+04  3.841022e+02 -4.278048e-02  3.900435e-02 -2.717186e-02 
 2.940000e+04  3.877684e+02 -4.285192e-02  3.906496e-02 -2.721746e-02 
 2.945000e+04  3.914347e+02 -4.292274e-02  3.912501e-02 -2.726250e-02 
 2.950000e+04  3.951009e+02 -4.299316e-02  3.918446e-02 -2.730707e-02 
 2.955000e+04  3.987672e+02 -4.306295e-02  3.924341e-02 -2.735132e-02 
 2.960000e+04  4.024334e+02 -4.313220e-02  3.930196e-02 -2.739514e-02 
 2.965000e+04  4.060997e+02 -4.320108e-02  3.936021e-02 -2.743868e-02 
 2.970000e+04  4.097659e+02 -4.326950e-02  3.941802e-02 -2.748185e-02 
 2.975000e+04  4.134321e+02 -4.333756e-02  3.947531e-02 -2.752467e-02 
 2.980000e+04  4.170984e+02 -4.340545e-02  3.953229e-02 -2.756726e-02 
 2.985000e+04  4.207646e+02 -4.347296e-02  3.958889e-02 -2.760959e-02 
 2.990000e+04  4.244309e+02 -4.354032e-02  3.964524e-02 -2.765155e-02 
 2.995000e+04  4.280971e+02 -4.360746e-02  3.970097e-02 -2.769322e-02 
 3.000000e+04  4.317634e+02 -4.367416e-02  3.975613e-02 -2.773459e-02 
 3.005000e+04  4.354296e+02 -4.374045e-02  3.981068e-02 -2.777564e-02 
 3.010000e+04  4.390958e+02 -4.380622e-02  3.986483e-02 -2.781650e-02 
 3.015000e+04  4.427621e+02 -4.387131e-02  3.991862e-02 -2.785709e-02 
 3.020000e+04  4.464283e+02 -4.393580e-02  3.997197e-02 -2.789715e-02 
 3.025000e+04  4.500946e+02 -4.399988e-02  4.002523e-02 -2.793703e-02 
 3.030000e+04  4.537608e+02 -4.406341e-02  4.007836e-02 -2.797667e-02 
 3.035000e+04  4.574271e+02 -4.412647e-02  4.013134e-02 -2.801591e-02 
 3.040000e+04  4.610933e+02 -4.418918e-02  4.018386e-02 -2.805503e-02 
 3.045000e+04  4.647595e+02 -4.425125e-02  4.023618e-02 -2.809388e-02 
 3.050000e+04  4.684258e+02 -4.431269e-02  4.028838e-02 -2.813262e-02 
 3.055000e+04  4.720920e+02 -4.437375e-02  4.034049e-02 -2.817113e-02 
 3.060000e+04  4.757583e+02 -4.443423e-02  4.039239e-02 -2.820929e-02 
 3.065000e+04  4.794245e+02 -4.449430e-02  4.044396e-02 -2.824701e-02 
 3.070000e+04  4.830908e+02 -4.455401e-02  4.049533e-02 -2.828446e-02 
 3.075000e+04  4.867570e+02 -4.461322e-02  4.054639e-02 -2.832167e-02 
 3.080000e+04  4.904232e+02 -4.467197e-02  4.059724e-02 -2.835851e-02 
 3.085000e+04  4.940895e+02 -4.473034e-02  4.064775e-02 -2.839522e-02 
 3.090000e+04  4.977557e+02 -4.478826e-02  4.069772e-02 -2.843174e-02 
 3.095000e+04  5.014220e+02 -4.484586e-02  4.074711e-02 -2.846795e-02 
 3.100000e+04  5.050882e+02 -4.490321e-02  4.079604e-02 -2.850384e-02 
 3.105000e+04  5.087545e+02 -4.496013e-02  4.084436e-02 -2.853941e-02 
 3.110000e+04  5.124207e+02 -4.501688e-02  4.089252e-02 -2.857472e-02 
 3.115000e+04  5.160870e+02 -4.507316e-02  4.094044e-02 -2.860986e-02 
 3.120000e+04  5.197532e+02 -4.512875e-02  4.098799e-02 -2.864477e-02 
 3.125000e+04  5.234194e+02 -4.518397e-02  4.103497e-02 -2.867944e-02 
 3.130000e+04  5.270857e+02 -4.523879e-02  4.108160e-02 -2.871394e-02 
 3.135000e+04  5.307519e+02 -4.529308e-02  4.112774e-02 -2.874817e-02 
 3.140000e+04  5.344182e+02 -4.534707e-02  4.117346e-02 -2.878211e-02 
 3.145000e+04  5.380844e+02 -4.540081e-02  4.121901e-02 -2.881572e-02 
 3.150000e+04  5.417507e+02 -4.545405e-02  4.126424e-02 -2.884899e-02 
 3.155000e+04  5.454169e+02 -4.550690e-02  4.130908e-02 -2.888207e-02 
 3.160000e+04  5.490831e+02 -4.555926e-02  4.135349e-02 -2.891491e-02 
 3.165000e+04  5.527494e+02 -4.561106e-02  4.139756e-02 -2.894762e-02 
 3.170000e+04  5.564156e+02 -4.566253e-02  4.144142e-02 -2.898009e-02 
 3.175000e+04  5.600819e+02 -4.571361e-02  4.148490e-02 -2.901231e-02 
 3.180000e+04  5.637481e+02 -4.576426e-02  4.152793e-02 -2.904433e-02 
 3.185000e+04  5.674144e+02 -4.581472e-02  4.157068e-02 -2.907606e-02 
 3.190000e+04  5.710806e+02 -4.586495e-02  4.161325e-02 -2.910763e-02 
 3.195000e+04  5.747468e+02 -4.591481e-02  4.165565e-02 -2.913896e-02 
 3.200000e+04  5.784131e+02 -4.596447e-02  4.169767e-02 -2.917003e-02 
 3.205000e+04  5.820793e+02 -4.601382e-02  4.173933e-02 -2.920098e-02 
 3.210000e+04  5.857456e+02 -4.606277e-02  4.178060e-02 -2.923180e-02 
 3.215000e+04  5.894118e+02 -4.611148e-02  4.182151e-02 -2.926227e-02 
 3.220000e+04  5.930781e+02 -4.615990e-02  4.186213e-02 -2.929256e-02 
 3.225000e+04  5.967443e+02 -4.620792e-02  4.190242e-02 -2.932268e-02 
 3.230000e+04  6.004105e+02 -4.625563e-02  4.194247e-02 -2.935255e-02 
 3.235000e+04  6.040768e+02 -4.630312e-02  4.198225e-02 -2.938229e-02 
 3.240000e+04  6.077430e+02 -4.635033e-02  4.202171e-02 -2.941175e-02 
 3.245000e+04  6.114093e+02 -4.639728e-02  4.206090e-02 -2.944089e-02 
 3.250000e+04  6.150755e+02 -4.644394e-02  4.209980e-02 -2.946997e-02 
 3.255000e+04  6.187418e+02 -4.649025e-02  4.213840e-02 -2.949903e-02 
 3.260000e+04  6.224080e+02 -4.653621e-02  4.217678e-02 -2.952791e-02 
 3.265000e+04  6.260742e+02 -4.658195e-02  4.221505e-02 -2.955661e-02 
 3.270000e+04  6.297405e+02 -4.662739e-02  4.225318e-02 -2.958505e-02 
 3.275000e+04  6.334067e+02 -4.667251e-02  4.229110e-02 -2.961319e-02 
 3.280000e+04  6.370730e+02 -4.671744e-02  4.232876e-02 -2.964126e-02 
 3.285000e+04  6.407392e+02 -4.676208e-02  4.236621e-02 -2.966921e-02 
 3.290000e+04  6.444055e+02 -4.680633e-02  4.240327e-02 -2.969693e-02 
 3.295000e+04  6.482000e+02 -4.685191e-02  4.244126e-02 -2.972537e-02 
 3.300000e+04  6.520496e+02 -4.689782e-02  4.247956e-02 -2.975403e-02 
 3.305000e+04  6.558991e+02 -4.694325e-02  4.251747e-02 -2.978237e-02 
 3.310000e+04  6.597487e+02 -4.698863e-02  4.255524e-02 -2.981067e-02 
 3.315000e+04  6.637715e+02 -4.703594e-02  4.259445e-02 -2.984025e-02 
 3.320000e+04  6.678135e+02 -4.708325e-02  4.263361e-02 -2.986974e-02 
 3.325000e+04  6.718555e+02 -4.713010e-02  4.267256e-02 -2.989888e-02 
 3.330000e+04  6.758976e+02 -4.717668e-02  4.271116e-02 -2.992778e-02 
 3.335000e+04  6.799881e+02 -4.722345e-02  4.274997e-02 -2.995688e-02 
 3.340000e+04  6.842322e+02 -4.727170e-02  4.278972e-02 -2.998695e-02 
 3.345000e+04  6.884764e+02 -4.731961e-02  4.282927e-02 -3.001665e-02 
 3.350000e+04  6.927205e+02 -4.736704e-02  4.286838e-02 -3.004608e-02 
 3.355000e+04  6.969646e+02 -4.741413e-02  4.290720e-02 -3.007523e-02 
 3.360000e+04  7.012088e+02 -4.746084e-02  4.294584e-02 -3.010420e-02 
 3.365000e+04  7.054529e+02 -4.750742e-02  4.298438e-02 -3.013304e-02 
 3.370000e+04  7.096971e+02 -4.755383e-02  4.302278e-02 -3.016190e-02 
 3.375000e+04  7.139412e+02 -4.759962e-02  4.306106e-02 -3.019070e-02 
 3.380000e+04  7.181853e+02 -4.764451e-02  4.309931e-02 -3.021917e-02 
 3.385000e+04  7.224295e+02 -4.768880e-02  4.313756e-02 -3.024735e-02 
 3.390000e+04  7.266736e+02 -4.773288e-02  4.317573e-02 -3.027523e-02 
 3.395000e+04  7.309177e+02 -4.777701e-02  4.321348e-02 -3.030302e-02 
 3.400000e+04  7.351619e+02 -4.782119e-02  4.325077e-02 -3.033079e-02 
 3.405000e+04  7.394060e+02 -4.786539e-02  4.328747e-02 -3.035867e-02 
 3.410000e+04  7.436501e+02 -4.790966e-02  4.332364e-02 -3.038663e-02 
 3.415000e+04  7.478943e+02 -4.795393e-02  4.335950e-02 -3.041438e-02 
 3.420000e+04  7.521384e+02 -4.799811e-02  4.339500e-02 -3.044169e-02 
 3.425000e+04  7.564929e+02 -4.804311e-02  4.343140e-02 -3.046936e-02 
 3.430000e+04  7.609492e+02 -4.808857e-02  4.346863e-02 -3.049757e-02 
 3.435000e+04  7.654056e+02 -4.813319e-02  4.350569e-02 -3.052537e-02 
 3.440000e+04  7.698619e+02 -4.817722e-02  4.354267e-02 -3.055285e-02 
 3.445000e+04  7.743182e+02 -4.822111e-02  4.357931e-02 -3.058030e-02 
 3.450000e+04  7.789216e+02 -4.826663e-02  4.361660e-02 -3.060901e-02 
 3.455000e+04  7.836008e+02 -4.831322e-02  4.365417e-02 -3.063819e-02 
 3.460000e+04  7.882800e+02 -4.835956e-02  4.369122e-02 -3.066686e-02 
 3.465000e+04  7.929591e+02 -4.840518e-02  4.372829e-02 -3.069505e-02 
 3.470000e+04  7.976383e+02 -4.844969e-02  4.376516e-02 -3.072304e-02 
 3.475000e+04  8.023174e+02 -4.849362e-02  4.380220e-02 -3.075104e-02 
 3.480000e+04  8.069966e+02 -4.853730e-02  4.383968e-02 -3.077859e-02 
 3.485000e+04  8.116758e+02 -4.858088e-02  4.387735e-02 -3.080590e-02 
 3.490000e+04  8.163549e+02 -4.862433e-02  4.391516e-02 -3.083313e-02 
 3.495000e+04  8.210341e+02 -4.866758e-02  4.395288e-02 -3.086045e-02 
 3.500000e+04  8.257132e+02 -4.871061e-02  4.399022e-02 -3.088804e-02 
 3.505000e+04  8.303924e+02 -4.875361e-02  4.402687e-02 -3.091576e-02 
 3.510000e+04  8.350716e+02 -4.879674e-02  4.406263e-02 -3.094340e-02 
 3.515000e+04  8.397507e+02 -4.883995e-02  4.409774e-02 -3.097067e-02 
 3.520000e+04  8.444299e+02 -4.888318e-02  4.413231e-02 -3.099762e-02 
 3.525000e+04  8.491090e+02 -4.892631e-02  4.416681e-02 -3.102424e-02 
 3.530000e+04  8.537882e+02 -4.896940e-02  4.420138e-02 -3.105084e-02 
 3.535000e+04  8.584673e+02 -4.901250e-02  4.423595e-02 -3.107723e-02 
 3.540000e+04  8.631465e+02 -4.905544e-02  4.427047e-02 -3.110323e-02 
 3.545000e+04  8.678257e+02 -4.909812e-02  4.430461e-02 -3.112938e-02 
 3.550000e+04  8.725048e+02 -4.914043e-02  4.433822e-02 -3.115538e-02 
 3.555000e+04  8.771840e+02 -4.918251e-02  4.437160e-02 -3.118104e-02 
 3.560000e+04  8.818631e+02 -4.922407e-02  4.440509e-02 -3.120638e-02 
 3.565000e+04  8.865423e+02 -4.926446e-02  4.443862e-02 -3.123158e-02 
 3.570000e+04  8.912215e+02 -4.930369e-02  4.447236e-02 -3.125684e-02 
 3.575000e+04  8.959100e+02 -4.934224e-02  4.450662e-02 -3.128205e-02 
 3.580000e+04  9.008231e+02 -4.938246e-02  4.454272e-02 -3.130849e-02 
 3.585000e+04  9.057362e+02 -4.942310e-02  4.457873e-02 -3.133462e-02 
 3.590000e+04  9.106493e+02 -4.946415e-02  4.461391e-02 -3.136019e-02 
 3.595000e+04  9.155624e+02 -4.950514e-02  4.464857e-02 -3.138545e-02 
 3.600000e+04  9.204756e+02 -4.954566e-02  4.468293e-02 -3.141080e-02 
 3.605000e+04  9.253887e+02 -4.958564e-02  4.471708e-02 -3.143638e-02 
 3.610000e+04  9.303018e+02 -4.962546e-02  4.475123e-02 -3.146207e-02 
 3.615000e+04  9.354016e+02 -4.966679e-02  4.478656e-02 -3.148856e-02 
 3.620000e+04  9.405604e+02 -4.970896e-02  4.482207e-02 -3.151481e-02 
 3.625000e+04  9.457191e+02 -4.975147e-02  4.485669e-02 -3.154028e-02 
 3.630000e+04  9.508779e+02 -4.979372e-02  4.489058e-02 -3.156541e-02 
 3.635000e+04  9.560367e+02 -4.983526e-02  4.492380e-02 -3.159025e-02 
 3.640000e+04  9.611955e+02 -4.987601e-02  4.495654e-02 -3.161485e-02 
 3.645000e+04  9.663542e+02 -4.991578e-02  4.498932e-02 -3.163969e-02 
 3.650000e+04  9.715130e+02 -4.995482e-02  4.502241e-02 -3.166497e-02 
 3.655000e+04  9.766718e+02 -4.999377e-02  4.505596e-02 -3.169044e-02 
 3.660000e+04  9.818306e+02 -5.003273e-02  4.508981e-02 -3.171555e-02 
 3.665000e+04  9.869893e+02 -5.007199e-02  4.512379e-02 -3.173995e-02 
 3.670000e+04  9.921481e+02 -5.011168e-02  4.515752e-02 -3.176396e-02 
 3.675000e+04  9.973069e+02 -5.015112e-02  4.519100e-02 -3.178790e-02 
 3.680000e+04  1.002466e+03 -5.018988e-02  4.522426e-02 -3.181216e-02 
 3.685000e+04  1.007624e+03 -5.022791e-02  4.525723e-02 -3.183651e-02 
 3.690000e+04  1.012783e+03 -5.026529e-02  4.528986e-02 -3.186071e-02 
 3.695000e+04  1.017942e+03 -5.030262e-02  4.532234e-02 -3.188475e-02 
 3.700000e+04  1.023101e+03 -5.034014e-02  4.535461e-02 -3.190850e-02 
 3.705000e+04  1.028260e+03 -5.037780e-02  4.538663e-02 -3.193196e-02 
 3.710000e+04  1.033418e+03 -5.041543e-02  4.541848e-02 -3.195535e-02 
 3.715000e+04  1.038577e+03 -5.045272e-02  4.545026e-02 -3.197902e-02 
 3.720000e+04  1.043736e+03 -5.048982e-02  4.548194e-02 -3.200270e-02 
 3.725000e+04  1.048895e+03 -5.052682e-02  4.551326e-02 -3.202634e-02 
 3.730000e+04  1.054053e+03 -5.056394e-02  4.554410e-02 -3.204977e-02 
 3.735000e+04  1.059212e+03 -5.060128e-02  4.557454e-02 -3.207307e-02 
 3.740000e+04  1.064371e+03 -5.063853e-02  4.560496e-02 -3.209625e-02 
 3.745000e+04  1.069530e+03 -5.067532e-02  4.563555e-02 -3.211897e-02 
 3.750000e+04  1.074688e+03 -5.071150e-02  4.566635e-02 -3.214128e-02 
 3.755000e+04  1.079847e+03 -5.074728e-02  4.569702e-02 -3.216352e-02 
 3.760000e+04  1.085006e+03 -5.078290e-02  4.572770e-02 -3.218583e-02 
 3.765000e+04  1.090165e+03 -5.081848e-02  4.575800e-02 -3.220828e-02 
 3.770000e+04  1.095324e+03 -5.085408e-02  4.578783e-02 -3.223090e-02 
 3.775000e+04  1.100482e+03 -5.088988e-02  4.581711e-02 -3.225362e-02 
 3.780000e+04  1.105641e+03 -5.092570e-02  4.584649e-02 -3.227605e-02 
 3.785000e+04  1.110800e+03 -5.096117e-02  4.587605e-02 -3.229797e-02 
 3.790000e+04  1.115959e+03 -5.099580e-02  4.590602e-02 -3.231934e-02 
 3.795000e+04  1.121117e+03 -5.102953e-02  4.593631e-02 -3.234030e-02 
 3.800000e+04  1.126276e+03 -5.106276e-02  4.596676e-02 -3.236129e-02 
 3.805000e+04  1.131435e+03 -5.109607e-02  4.599702e-02 -3.238286e-02 
 3.810000e+04  1.136594e+03 -5.112980e-02  4.602682e-02 -3.240503e-02 
 3.815000e+04  1.141752e+03 -5.116429e-02  4.605611e-02 -3.242706e-02 
 3.820000e+04  1.146911e+03 -5.119957e-02  4.608509e-02 -3.244837e-02 
 3.825000e+04  1.152070e+03 -5.123503e-02  4.611399e-02 -3.246906e-02 
 3.830000e+04  1.157229e+03 -5.126966e-02  4.614307e-02 -3.248957e-02 
 3.835000e+04  1.162388e+03 -5.130310e-02  4.617238e-02 -3.251021e-02 
 3.840000e+04  1.167546e+03 -5.133600e-02  4.620163e-02 -3.253163e-02 
 3.845000e+04  1.172705e+03 -5.136912e-02  4.623033e-02 -3.255359e-02 
 3.850000e+04  1.177864e+03 -5.140285e-02  4.625824e-02 -3.257527e-02 
 3.855000e+04  1.183023e+03 -5.143732e-02  4.628565e-02 -3.259627e-02 
 3.860000e+04  1.188181e+03 -5.147222e-02  4.631303e-02 -3.261648e-02 
 3.865000e+04  1.193340e+03 -5.150676e-02  4.634066e-02 -3.263604e-02 
 3.870000e+04  1.198623e+03 -5.154106e-02  4.636909e-02 -3.265603e-02 
 3.875000e+04  1.204040e+03 -5.157529e-02  4.639835e-02 -3.267720e-02 
 3.880000e+04  1.209456e+03 -5.160887e-02  4.642750e-02 -3.269848e-02 
 3.885000e+04  1.214873e+03 -5.164213e-02  4.645615e-02 -3.271971e-02 
 3.890000e+04  1.220290e+03 -5.167512e-02  4.648454e-02 -3.274095e-02 
 3.895000e+04  1.225706e+03 -5.170798e-02  4.651290e-02 -3.276157e-02 
 3.900000e+04  1.231123e+03 -5.174086e-02  4.654144e-02 -3.278201e-02 
 3.905000e+04  1.236540e+03 -5.177369e-02  4.657013e-02 -3.280261e-02 
 3.910000e+04  1.241956e+03 -5.180648e-02  4.659893e-02 -3.282330e-02 
 3.915000e+04  1.247373e+03 -5.183913e-02  4.662746e-02 -3.284408e-02 
 3.920000e+04  1.252790e+03 -5.187147e-02  4.665570e-02 -3.286455e-02 
 3.925000e+04  1.258207e+03 -5.190337e-02  4.668387e-02 -3.288452e-02 
 3.930000e+04  1.263634e+03 -5.193485e-02  4.671226e-02 -3.290425e-02 
 3.935000e+04  1.269322e+03 -5.196759e-02  4.674201e-02 -3.292486e-02 
 3.940000e+04  1.275009e+03 -5.200040e-02  4.677110e-02 -3.294565e-02 
 3.945000e+04  1.280697e+03 -5.203348e-02  4.679916e-02 -3.296663e-02 
 3.950000e+04  1.286384e+03 -5.206671e-02  4.682663e-02 -3.298751e-02 
 3.955000e+04  1.292072e+03 -5.210000e-02  4.685373e-02 -3.300798e-02 
 3.960000e+04  1.297759e+03 -5.213299e-02  4.688099e-02 -3.302804e-02 
 3.965000e+04  1.303447e+03 -5.216532e-02  4.690867e-02 -3.304790e-02 
 3.970000e+04  1.309135e+03 -5.219710e-02  4.693648e-02 -3.306765e-02 
 3.975000e+04  1.314822e+03 -5.222868e-02  4.696454e-02 -3.308740e-02 
 3.980000e+04  1.320510e+03 -5.226036e-02  4.699273e-02 -3.310762e-02 
 3.985000e+04  1.326197e+03 -5.229217e-02  4.702116e-02 -3.312807e-02 
 3.990000e+04  1.331885e+03 -5.232408e-02  4.704946e-02 -3.314836e-02 
 3.995000e+04  1.337572e+03 -5.235606e-02  4.707784e-02 -3.316833e-02 
 4.000000e+04  1.343260e+03 -5.238763e-02  4.710598e-02 -3.318798e-02 
 4.005000e+04  1.348947e+03 -5.241836e-02  4.713376e-02 -3.320731e-02 
 4.010000e+04  1.354840e+03 -5.244952e-02  4.716234e-02 -3.322721e-02 
 4.015000e+04  1.360812e+03 -5.248076e-02  4.719133e-02 -3.324726e-02 
 4.020000e+04  1.366784e+03 -5.251191e-02  4.722024e-02 -3.326723e-02 
 4.025000e+04  1.372755e+03 -5.254304e-02  4.724892e-02 -3.328701e-02 
 4.030000e+04  1.378727e+03 -5.257424e-02  4.727753e-02 -3.330675e-02 
 4.035000e+04  1.384699e+03 -5.260548e-02  4.730596e-02 -3.332643e-02 
 4.040000e+04  1.390671e+03 -5.263647e-02  4.733438e-02 -3.334603e-02 
 4.045000e+04  1.396643e+03 -5.266713e-02  4.736258e-02 -3.336533e-02 
 4.050000e+04  1.402615e+03 -5.269762e-02  4.739032e-02 -3.338487e-02 
 4.055000e+04  1.408587e+03 -5.272810e-02  4.741768e-02 -3.340467e-02 
 4.060000e+04  1.414559e+03 -5.275870e-02  4.744486e-02 -3.342471e-02 
 4.065000e+04  1.420531e+03 -5.278952e-02  4.747221e-02 -3.344431e-02 
 4.070000e+04  1.426503e+03 -5.282057e-02  4.749933e-02 -3.346385e-02 
 4.075000e+04  1.432475e+03 -5.285183e-02  4.752625e-02 -3.348329e-02 
 4.080000e+04  1.438447e+03 -5.288285e-02  4.755291e-02 -3.350231e-02 
 4.085000e+04  1.444419e+03 -5.291341e-02  4.757946e-02 -3.352135e-02 
 4.090000e+04  1.450390e+03 -5.294347e-02  4.760596e-02 -3.354047e-02 
 4.095000e+04  1.456553e+03 -5.297424e-02  4.763312e-02 -3.356043e-02 
 4.100000e+04  1.462824e+03 -5.300562e-02  4.766039e-02 -3.358077e-02 
 4.105000e+04  1.469095e+03 -5.303712e-02  4.768700e-02 -3.360097e-02 
 4.110000e+04  1.475365e+03 -5.306864e-02  4.771289e-02 -3.362078e-02 
 4.115000e+04  1.481636e+03 -5.309987e-02  4.773850e-02 -3.364004e-02 
 4.120000e+04  1.487906e+03 -5.313075e-02  4.776429e-02 -3.365887e-02 
 4.125000e+04  1.494177e+03 -5.316119e-02  4.779052e-02 -3.367761e-02 
 4.130000e+04  1.500447e+03 -5.319137e-02  4.781695e-02 -3.369676e-02 
 4.135000e+04  1.506718e+03 -5.322153e-02  4.784360e-02 -3.371635e-02 
 4.140000e+04  1.512988e+03 -5.325178e-02  4.787002e-02 -3.373645e-02 
 4.145000e+04  1.519259e+03 -5.328224e-02  4.789613e-02 -3.375642e-02 
 4.150000e+04  1.525529e+03 -5.331292e-02  4.792208e-02 -3.377591e-02 
 4.155000e+04  1.531800e+03 -5.334362e-02  4.794826e-02 -3.379466e-02 
 4.160000e+04  1.538070e+03 -5.337413e-02  4.797403e-02 -3.381336e-02 
 4.165000e+04  1.544510e+03 -5.340513e-02  4.800027e-02 -3.383318e-02 
 4.170000e+04  1.551094e+03 -5.343658e-02  4.802662e-02 -3.385378e-02 
 4.175000e+04  1.557678e+03 -5.346791e-02  4.805229e-02 -3.387388e-02 
 4.180000e+04  1.564262e+03 -5.349930e-02  4.807762e-02 -3.389342e-02 
 4.185000e+04  1.570846e+03 -5.353089e-02  4.810263e-02 -3.391254e-02 
 4.190000e+04  1.577430e+03 -5.356263e-02  4.812748e-02 -3.393147e-02 
 4.195000e+04  1.584014e+03 -5.359408e-02  4.815243e-02 -3.395024e-02 
 4.200000e+04  1.590598e+03 -5.362511e-02  4.817781e-02 -3.396900e-02 
 4.205000e+04  1.597182e+03 -5.365572e-02  4.820353e-02 -3.398777e-02 
 4.210000e+04  1.603766e+03 -5.368620e-02  4.822952e-02 -3.400689e-02 
 4.215000e+04  1.610351e+03 -5.371670e-02  4.825554e-02 -3.402682e-02 
 4.220000e+04  1.616935e+03 -5.374736e-02  4.828166e-02 -3.404712e-02 
 4.225000e+04  1.623519e+03 -5.377846e-02  4.830772e-02 -3.406717e-02 
 4.230000e+04  1.630103e+03 -5.381001e-02  4.833357e-02 -3.408681e-02 
 4.235000e+04  1.636687e+03 -5.384188e-02  4.835923e-02 -3.410580e-02 
 4.240000e+04  1.643271e+03 -5.387354e-02  4.838488e-02 -3.412429e-02 
 4.245000e+04  1.649855e+03 -5.390447e-02  4.841095e-02 -3.414277e-02 
 4.250000e+04  1.656439e+03 -5.393469e-02  4.843717e-02 -3.416112e-02 
 4.255000e+04  1.663023e+03 -5.396450e-02  4.846279e-02 -3.417969e-02 
 4.260000e+04  1.669607e+03 -5.399435e-02  4.848766e-02 -3.419846e-02 
 4.265000e+04  1.676191e+03 -5.402438e-02  4.851198e-02 -3.421711e-02 
 4.270000e+04  1.682775e+03 -5.405478e-02  4.853585e-02 -3.423574e-02 
 4.275000e+04  1.689359e+03 -5.408568e-02  4.855957e-02 -3.425440e-02 
 4.280000e+04  1.695943e+03 -5.411703e-02  4.858362e-02 -3.427287e-02 
 4.285000e+04  1.702573e+03 -5.414882e-02  4.860832e-02 -3.429113e-02 
 4.290000e+04  1.709486e+03 -5.418178e-02  4.863435e-02 -3.431037e-02 
 4.295000e+04  1.716400e+03 -5.421415e-02  4.866072e-02 -3.432927e-02 
 4.300000e+04  1.723313e+03 -5.424606e-02  4.868707e-02 -3.434761e-02 
 4.305000e+04  1.730226e+03 -5.427768e-02  4.871356e-02 -3.436547e-02 
 4.310000e+04  1.737139e+03 -5.430883e-02  4.873990e-02 -3.438362e-02 
 4.315000e+04  1.744053e+03 -5.433948e-02  4.876596e-02 -3.440187e-02 
 4.320000e+04  1.750966e+03 -5.436985e-02  4.879172e-02 -3.442010e-02 
 4.325000e+04  1.757879e+03 -5.440008e-02  4.881720e-02 -3.443908e-02 
 4.330000e+04  1.764792e+03 -5.443028e-02  4.884273e-02 -3.445899e-02 
 4.335000e+04  1.771706e+03 -5.446078e-02  4.886860e-02 -3.447852e-02 
 4.340000e+04  1.778619e+03 -5.449167e-02  4.889492e-02 -3.449748e-02 
 4.345000e+04  1.785532e+03 -5.452301e-02  4.892175e-02 -3.451567e-02 
 4.350000e+04  1.792445e+03 -5.455413e-02  4.894855e-02 -3.453265e-02 
 4.355000e+04  1.799359e+03 -5.458408e-02  4.897510e-02 -3.454993e-02 
 4.360000e+04  1.806272e+03 -5.461333e-02  4.900136e-02 -3.456757e-02 
 4.365000e+04  1.813185e+03 -5.464243e-02  4.902727e-02 -3.458617e-02 
 4.370000e+04  1.820098e+03 -5.467174e-02  4.905267e-02 -3.460481e-02 
 4.375000e+04  1.827012e+03 -5.470147e-02  4.907733e-02 -3.462315e-02 
 4.380000e+04  1.833925e+03 -5.473159e-02  4.910133e-02 -3.464110e-02 
 4.385000e+04  1.840838e+03 -5.476175e-02  4.912466e-02 -3.465820e-02 
 4.390000e+04  1.847751e+03 -5.479178e-02  4.914799e-02 -3.467518e-02 
 4.395000e+04  1.855003e+03 -5.482300e-02  4.917276e-02 -3.469339e-02 
 4.400000e+04  1.862262e+03 -5.485395e-02  4.919816e-02 -3.471200e-02 
 4.405000e+04  1.869521e+03 -5.488457e-02  4.922396e-02 -3.473022e-02 
 4.410000e+04  1.876780e+03 -5.491495e-02  4.924992e-02 -3.474806e-02 
 4.415000e+04  1.884039e+03 -5.494489e-02  4.927487e-02 -3.476551e-02 
 4.420000e+04  1.891298e+03 -5.497453e-02  4.929943e-02 -3.478281e-02 
 4.425000e+04  1.898557e+03 -5.500405e-02  4.932394e-02 -3.479993e-02 
 4.430000e+04  1.905816e+03 -5.503348e-02  4.934867e-02 -3.481756e-02 
 4.435000e+04  1.913075e+03 -5.506305e-02  4.937382e-02 -3.483592e-02 
 4.440000e+04  1.920334e+03 -5.509283e-02  4.939920e-02 -3.485488e-02 
 4.445000e+04  1.927593e+03 -5.512276e-02  4.942440e-02 -3.487341e-02 
 4.450000e+04  1.934851e+03 -5.515268e-02  4.944940e-02 -3.489098e-02 
 4.455000e+04  1.942110e+03 -5.518246e-02  4.947386e-02 -3.490796e-02 
 4.460000e+04  1.949369e+03 -5.521163e-02  4.949796e-02 -3.492484e-02 
 4.465000e+04  1.956628e+03 -5.524027e-02  4.952194e-02 -3.494172e-02 
 4.470000e+04  1.963887e+03 -5.526854e-02  4.954622e-02 -3.495874e-02 
 4.475000e+04  1.971146e+03 -5.529697e-02  4.957073e-02 -3.497641e-02 
 4.480000e+04  1.978405e+03 -5.532578e-02  4.959511e-02 -3.499458e-02 
 4.485000e+04  1.985664e+03 -5.535500e-02  4.961910e-02 -3.501224e-02 
 4.490000e+04  1.992923e+03 -5.538458e-02  4.964228e-02 -3.502962e-02 
 4.495000e+04  2.000182e+03 -5.541438e-02  4.966508e-02 -3.504685e-02 
 4.500000e+04  2.007441e+03 -5.544389e-02  4.968764e-02 -3.506402e-02 
 4.505000e+04  2.014794e+03 -5.547334e-02  4.971071e-02 -3.508103e-02 
 4.510000e+04  2.022416e+03 -5.550333e-02  4.973510e-02 -3.509896e-02 
 4.515000e+04  2.030038e+03 -5.553297e-02  4.975984e-02 -3.511694e-02 
 4.520000e+04  2.037659e+03 -5.556262e-02  4.978442e-02 -3.513493e-02 
 4.525000e+04  2.045281e+03 -5.559239e-02  4.980844e-02 -3.515245e-02 
 4.530000e+04  2.052903e+03 -5.562218e-02  4.983158e-02 -3.516966e-02 
 4.535000e+04  2.060525e+03 -5.565152e-02  4.985409e-02 -3.518695e-02 
 4.540000e+04  2.068147e+03 -5.568029e-02  4.987663e-02 -3.520453e-02 
 4.545000e+04  2.075769e+03 -5.570895e-02  4.989951e-02 -3.522220e-02 
 4.550000e+04  2.083391e+03 -5.573748e-02  4.992297e-02 -3.523976e-02 
 4.555000e+04  2.091012e+03 -5.576620e-02  4.994702e-02 -3.525739e-02 
 4.560000e+04  2.098634e+03 -5.579486e-02  4.997095e-02 -3.527461e-02 
 4.565000e+04  2.106256e+03 -5.582336e-02  4.999439e-02 -3.529162e-02 
 4.570000e+04  2.113878e+03 -5.585167e-02  5.001688e-02 -3.530825e-02 
 4.575000e+04  2.121500e+03 -5.587958e-02  5.003913e-02 -3.532507e-02 
 4.580000e+04  2.129122e+03 -5.590707e-02  5.006147e-02 -3.534174e-02 
 4.585000e+04  2.136744e+03 -5.593455e-02  5.008396e-02 -3.535899e-02 
 4.590000e+04  2.144365e+03 -5.596192e-02  5.010643e-02 -3.537587e-02 
 4.595000e+04  2.151987e+03 -5.598904e-02  5.012865e-02 -3.539268e-02 
 4.600000e+04  2.159609e+03 -5.601611e-02  5.015055e-02 -3.540903e-02 
 4.605000e+04  2.167231e+03 -5.604335e-02  5.017247e-02 -3.542536e-02 
 4.610000e+04  2.174853e+03 -5.607074e-02  5.019453e-02 -3.544176e-02 
 4.615000e+04  2.182475e+03 -5.609779e-02  5.021676e-02 -3.545821e-02 
 4.620000e+04  2.190097e+03 -5.612444e-02  5.023865e-02 -3.547431e-02 
 4.625000e+04  2.197718e+03 -5.615074e-02  5.026014e-02 -3.549023e-02 
 4.630000e+04  2.205424e+03 -5.617717e-02  5.028142e-02 -3.550655e-02 
 4.635000e+04  2.213427e+03 -5.620455e-02  5.030339e-02 -3.552454e-02 
 4.640000e+04  2.221430e+03 -5.623208e-02  5.032565e-02 -3.554236e-02 
 4.645000e+04  2.229433e+03 -5.625970e-02  5.034854e-02 -3.555938e-02 
 4.650000e+04  2.237436e+03 -5.628728e-02  5.037180e-02 -3.557559e-02 
 4.655000e+04  2.245439e+03 -5.631446e-02  5.039495e-02 -3.559137e-02 
 4.660000e+04  2.253578e+03 -5.634132e-02  5.041786e-02 -3.560744e-02 
 4.665000e+04  2.261981e+03 -5.636879e-02  5.044108e-02 -3.562494e-02 
 4.670000e+04  2.270384e+03 -5.639612e-02  5.046419e-02 -3.564307e-02 
 4.675000e+04  2.278787e+03 -5.642358e-02  5.048723e-02 -3.566136e-02 
 4.680000e+04  2.287190e+03 -5.645140e-02  5.050999e-02 -3.567859e-02 
 4.685000e+04  2.295593e+03 -5.647938e-02  5.053251e-02 -3.569544e-02 
 4.690000e+04  2.303996e+03 -5.650725e-02  5.055461e-02 -3.571162e-02 
 4.695000e+04  2.312400e+03 -5.653512e-02  5.057667e-02 -3.572783e-02 
 4.700000e+04  2.320803e+03 -5.656306e-02  5.059902e-02 -3.574486e-02 
 4.705000e+04  2.329206e+03 -5.659108e-02  5.062128e-02 -3.576013e-02 
 4.710000e+04  2.337609e+03 -5.661841e-02  5.063709e-02 -3.577385e-02 
 4.715000e+04  2.344667e+03 -5.664049e-02  5.064898e-02 -3.578629e-02 
 4.720000e+04  2.346348e+03 -5.664558e-02  5.065372e-02 -3.579004e-02 
 4.725000e+04  2.348029e+03 -5.665085e-02  5.065600e-02 -3.579550e-02 
 4.730000e+04  2.349709e+03 -5.665671e-02  5.065996e-02 -3.580230e-02 
 4.735000e+04  2.351390e+03 -5.666352e-02  5.066700e-02 -3.580968e-02 
 4.740000e+04  2.353674e+03 -5.667379e-02  5.068011e-02 -3.581956e-02 
 4.745000e+04  2.356281e+03 -5.668626e-02  5.069701e-02 -3.582850e-02 
 4.750000e+04  2.358888e+03 -5.669854e-02  5.071250e-02 -3.583392e-02 
 4.755000e+04  2.361549e+03 -5.670915e-02  5.072301e-02 -3.583832e-02 
 4.760000e+04  2.364935e+03 -5.671952e-02  5.073219e-02 -3.584422e-02 
 4.765000e+04  2.368604e+03 -5.672861e-02  5.074045e-02 -3.585107e-02 
 4.770000e+04  2.372448e+03 -5.673705e-02  5.074797e-02 -3.585801e-02 
 4.775000e+04  2.376300e+03 -5.674526e-02  5.075531e-02 -3.586420e-02 
 4.780000e+04  2.380272e+03 -5.675432e-02  5.076356e-02 -3.587044e-02 
 4.785000e+04  2.384316e+03 -5.676456e-02  5.077307e-02 -3.587729e-02 
 4.790000e+04  2.388361e+03 -5.677604e-02  5.078402e-02 -3.588479e-02 
 4.795000e+04  2.392406e+03 -5.678868e-02  5.079623e-02 -3.589292e-02 
 4.800000e+04  2.396868e+03 -5.680357e-02  5.081082e-02 -3.590237e-02 
 4.805000e+04  2.401625e+03 -5.682000e-02  5.082710e-02 -3.591268e-02 
 4.810000e+04  2.406541e+03 -5.683724e-02  5.084428e-02 -3.592320e-02 
 4.815000e+04  2.411716e+03 -5.685560e-02  5.086100e-02 -3.593412e-02 
 4.820000e+04  2.417136e+03 -5.687485e-02  5.087640e-02 -3.594543e-02 
 4.825000e+04  2.422724e+03 -5.689424e-02  5.089045e-02 -3.595668e-02 
 4.830000e+04  2.428632e+03 -5.691381e-02  5.090423e-02 -3.596819e-02 
 4.835000e+04  2.434685e+03 -5.693257e-02  5.091809e-02 -3.597964e-02 
 4.840000e+04  2.440960e+03 -5.695126e-02  5.093251e-02 -3.599078e-02 
 4.845000e+04  2.447234e+03 -5.696981e-02  5.094709e-02 -3.600127e-02 
 4.850000e+04  2.453509e+03 -5.698859e-02  5.096194e-02 -3.601167e-02 
 4.855000e+04  2.459783e+03 -5.700777e-02  5.097708e-02 -3.602273e-02 
 4.860000e+04  2.466058e+03 -5.702734e-02  5.099270e-02 -3.603475e-02 
 4.865000e+04  2.472332e+03 -5.704700e-02  5.100886e-02 -3.604752e-02 
 4.870000e+04  2.478607e+03 -5.706663e-02  5.102579e-02 -3.606037e-02 
 4.875000e+04  2.484881e+03 -5.708606e-02  5.104348e-02 -3.607280e-02 
 4.880000e+04  2.491563e+03 -5.710625e-02  5.106306e-02 -3.608521e-02 
 4.885000e+04  2.498584e+03 -5.712667e-02  5.108400e-02 -3.609793e-02 
 4.890000e+04  2.505847e+03 -5.714717e-02  5.110555e-02 -3.611140e-02 
 4.895000e+04  2.513111e+03 -5.716759e-02  5.112608e-02 -3.612497e-02 
 4.900000e+04  2.520375e+03 -5.718823e-02  5.114506e-02 -3.613846e-02 
 4.905000e+04  2.527638e+03 -5.720921e-02  5.116287e-02 -3.615156e-02 
 4.910000e+04  2.534902e+03 -5.723062e-02  5.118001e-02 -3.616453e-02 
 4.915000e+04  2.542165e+03 -5.725232e-02  5.119710e-02 -3.617747e-02 
 4.920000e+04  2.549429e+03 -5.727376e-02  5.121444e-02 -3.619015e-02 
 4.925000e+04  2.556692e+03 -5.729486e-02  5.123228e-02 -3.620256e-02 
 4.930000e+04  2.564123e+03 -5.731639e-02  5.125108e-02 -3.621560e-02 
 4.935000e+04  2.571750e+03 -5.733866e-02  5.127101e-02 -3.622944e-02 
 4.940000e+04  2.579376e+03 -5.736115e-02  5.129112e-02 -3.624377e-02 
 4.945000e+04  2.587003e+03 -5.738389e-02  5.131074e-02 -3.625811e-02 
 4.950000e+04  2.594630e+03 -5.740690e-02  5.132982e-02 -3.627245e-02 
 4.955000e+04  2.602256e+03 -5.743008e-02  5.134845e-02 -3.628632e-02 
 4.960000e+04  2.609906e+03 -5.745340e-02  5.136721e-02 -3.630014e-02 
 4.965000e+04  2.617914e+03 -5.747713e-02  5.138721e-02 -3.631453e-02 
 4.970000e+04  2.625922e+03 -5.750006e-02  5.140767e-02 -3.632907e-02 
 4.975000e+04  2.633930e+03 -5.752230e-02  5.142842e-02 -3.634378e-02 
 4.980000e+04  2.641938e+03 -5.754414e-02  5.144909e-02 -3.635827e-02 
 4.985000e+04  2.649946e+03 -5.756586e-02  5.146901e-02 -3.637253e-02 
 4.990000e+04  2.658082e+03 -5.758805e-02  5.148867e-02 -3.638644e-02 
 4.995000e+04  2.666491e+03 -5.761105e-02  5.150891e-02 -3.640081e-02 
 5.000000e+04  2.674899e+03 -5.763399e-02  5.152956e-02 -3.641508e-02 
 5.005000e+04  2.683308e+03 -5.765660e-02  5.155065e-02 -3.642961e-02 
 5.010000e+04  2.691716e+03 -5.767871e-02  5.157191e-02 -3.644458e-02 
 5.015000e+04  2.700125e+03 -5.770058e-02  5.159298e-02 -3.645945e-02 
 5.020000e+04  2.708533e+03 -5.772267e-02  5.161394e-02 -3.647359e-02 
 5.025000e+04  2.716942e+03 -5.774510e-02  5.163446e-02 -3.648794e-02 
 5.030000e+04  2.725350e+03 -5.776758e-02  5.165452e-02 -3.650306e-02 
 5.035000e+04  2.733759e+03 -5.779028e-02  5.167470e-02 -3.651843e-02 
 5.040000e+04  2.742167e+03 -5.781368e-02  5.169485e-02 -3.653348e-02 
 5.045000e+04  2.750575e+03 -5.783773e-02  5.171516e-02 -3.654822e-02 
 5.050000e+04  2.758984e+03 -5.786099e-02  5.173527e-02 -3.656205e-02 
 5.055000e+04  2.767628e+03 -5.788366e-02  5.175552e-02 -3.657640e-02 
 5.060000e+04  2.776457e+03 -5.790622e-02  5.177625e-02 -3.659124e-02 
 5.065000e+04  2.785286e+03 -5.792893e-02  5.179721e-02 -3.660669e-02 
 5.070000e+04  2.794114e+03 -5.795230e-02  5.181831e-02 -3.662221e-02 
 5.075000e+04  2.802943e+03 -5.797645e-02  5.183905e-02 -3.663782e-02 
 5.080000e+04  2.811772e+03 -5.800084e-02  5.185927e-02 -3.665250e-02 
 5.085000e+04  2.820601e+03 -5.802450e-02  5.187904e-02 -3.666696e-02 
 5.090000e+04  2.829501e+03 -5.804711e-02  5.189901e-02 -3.668184e-02 
 5.095000e+04  2.838771e+03 -5.806964e-02  5.192065e-02 -3.669797e-02 
 5.100000e+04  2.848041e+03 -5.809256e-02  5.194315e-02 -3.671441e-02 
 5.105000e+04  2.857312e+03 -5.811650e-02  5.196653e-02 -3.673046e-02 
 5.110000e+04  2.866582e+03 -5.814115e-02  5.198940e-02 -3.674515e-02 
 5.115000e+04  2.875852e+03 -5.816554e-02  5.200851e-02 -3.675744e-02 
 5.120000e+04  2.885123e+03 -5.818890e-02  5.202008e-02 -3.676833e-02 
 5.125000e+04  2.894393e+03 -5.821106e-02  5.202939e-02 -3.677968e-02 
 5.130000e+04  2.896989e+03 -5.821737e-02  5.203243e-02 -3.678417e-02 
 5.135000e+04  2.898843e+03 -5.822200e-02  5.203726e-02 -3.678989e-02 
 5.140000e+04  2.900697e+03 -5.822686e-02  5.204400e-02 -3.679703e-02 
 5.145000e+04  2.902551e+03 -5.823246e-02  5.205421e-02 -3.680464e-02 
 5.150000e+04  2.904502e+03 -5.823951e-02  5.206743e-02 -3.681201e-02 
 5.155000e+04  2.907002e+03 -5.824941e-02  5.208482e-02 -3.681933e-02 
 5.160000e+04  2.909610e+03 -5.825991e-02  5.209947e-02 -3.682519e-02 
 5.165000e+04  2.912238e+03 -5.826831e-02  5.210809e-02 -3.682894e-02 
 5.170000e+04  2.915512e+03 -5.827528e-02  5.211223e-02 -3.683332e-02 
 5.175000e+04  2.919315e+03 -5.828070e-02  5.211570e-02 -3.683858e-02 
 5.180000e+04  2.923170e+03 -5.828627e-02  5.212031e-02 -3.684352e-02 
 5.185000e+04  2.927024e+03 -5.829249e-02  5.212679e-02 -3.684841e-02 
 5.190000e+04  2.930879e+03 -5.829959e-02  5.213456e-02 -3.685346e-02 
 5.195000e+04  2.934985e+03 -5.830847e-02  5.214406e-02 -3.685922e-02 
 5.200000e+04  2.939677e+03 -5.831990e-02  5.215624e-02 -3.686646e-02 
 5.205000e+04  2.944942e+03 -5.833371e-02  5.217100e-02 -3.687526e-02 
 5.210000e+04  2.950732e+03 -5.834923e-02  5.218809e-02 -3.688521e-02 
 5.215000e+04  2.957010e+03 -5.836614e-02  5.220644e-02 -3.689600e-02 
 5.220000e+04  2.963289e+03 -5.838245e-02  5.222258e-02 -3.690673e-02 
 5.225000e+04  2.969567e+03 -5.839794e-02  5.223618e-02 -3.691758e-02 
 5.230000e+04  2.976243e+03 -5.841433e-02  5.224857e-02 -3.692926e-02 
 5.235000e+04  2.983490e+03 -5.843232e-02  5.226157e-02 -3.694153e-02 
 5.240000e+04  2.990758e+03 -5.845069e-02  5.227495e-02 -3.695284e-02 
 5.245000e+04  2.998027e+03 -5.846933e-02  5.228909e-02 -3.696319e-02 
 5.250000e+04  3.005295e+03 -5.848746e-02  5.230404e-02 -3.697322e-02 
 5.255000e+04  3.012563e+03 -5.850508e-02  5.231989e-02 -3.698331e-02 
 5.260000e+04  3.019831e+03 -5.852244e-02  5.233642e-02 -3.699353e-02 
 5.265000e+04  3.027099e+03 -5.853980e-02  5.235335e-02 -3.700437e-02 
 5.270000e+04  3.034367e+03 -5.855738e-02  5.236964e-02 -3.701602e-02 
 5.275000e+04  3.041636e+03 -5.857510e-02  5.238597e-02 -3.702823e-02 
 5.280000e+04  3.048904e+03 -5.859279e-02  5.240223e-02 -3.704108e-02 
 5.285000e+04  3.056615e+03 -5.861134e-02  5.241930e-02 -3.705475e-02 
 5.290000e+04  3.064925e+03 -5.863065e-02  5.243773e-02 -3.706871e-02 
 5.295000e+04  3.073600e+03 -5.865063e-02  5.245737e-02 -3.708204e-02 
 5.300000e+04  3.082434e+03 -5.867046e-02  5.247770e-02 -3.709508e-02 
 5.305000e+04  3.091269e+03 -5.869035e-02  5.249776e-02 -3.710763e-02 
 5.310000e+04  3.100103e+03 -5.871058e-02  5.251709e-02 -3.712016e-02 
 5.315000e+04  3.108938e+03 -5.873110e-02  5.253563e-02 -3.713310e-02 
 5.320000e+04  3.117772e+03 -5.875174e-02  5.255324e-02 -3.714621e-02 
 5.325000e+04  3.126607e+03 -5.877241e-02  5.257064e-02 -3.715960e-02 
 5.330000e+04  3.135441e+03 -5.879304e-02  5.258748e-02 -3.717241e-02 
 5.335000e+04  3.144276e+03 -5.881332e-02  5.260343e-02 -3.718490e-02 
 5.340000e+04  3.153110e+03 -5.883330e-02  5.261938e-02 -3.719783e-02 
 5.345000e+04  3.161945e+03 -5.885337e-02  5.263594e-02 -3.721191e-02 
 5.350000e+04  3.170779e+03 -5.887378e-02  5.265352e-02 -3.722683e-02 
 5.355000e+04  3.179614e+03 -5.889484e-02  5.267226e-02 -3.724162e-02 
 5.360000e+04  3.188448e+03 -5.891674e-02  5.269211e-02 -3.725556e-02 
 5.365000e+04  3.197283e+03 -5.893953e-02  5.271108e-02 -3.726865e-02 
 5.370000e+04  3.206117e+03 -5.896221e-02  5.272873e-02 -3.728078e-02 
 5.375000e+04  3.214952e+03 -5.898353e-02  5.274614e-02 -3.729280e-02 
 5.380000e+04  3.223786e+03 -5.900333e-02  5.276309e-02 -3.730548e-02 
 5.385000e+04  3.232621e+03 -5.902199e-02  5.278004e-02 -3.731862e-02 
 5.390000e+04  3.241455e+03 -5.904044e-02  5.279719e-02 -3.733214e-02 
 5.395000e+04  3.250290e+03 -5.905913e-02  5.281387e-02 -3.734563e-02 
 5.400000e+04  3.259133e+03 -5.907810e-02  5.283041e-02 -3.735872e-02 
 5.405000e+04  3.268409e+03 -5.909838e-02  5.284815e-02 -3.737246e-02 
 5.410000e+04  3.277890e+03 -5.911952e-02  5.286706e-02 -3.738677e-02 
 5.415000e+04  3.287630e+03 -5.914145e-02  5.288735e-02 -3.740129e-02 
 5.420000e+04  3.297370e+03 -5.916352e-02  5.290835e-02 -3.741541e-02 
 5.425000e+04  3.307178e+03 -5.918580e-02  5.292965e-02 -3.742944e-02 
 5.430000e+04  3.317405e+03 -5.920845e-02  5.295077e-02 -3.744409e-02 
 5.435000e+04  3.327632e+03 -5.923022e-02  5.297067e-02 -3.745881e-02 
 5.440000e+04  3.337859e+03 -5.925161e-02  5.298981e-02 -3.747298e-02 
 5.445000e+04  3.348086e+03 -5.927331e-02  5.300542e-02 -3.748527e-02 
 5.450000e+04  3.358313e+03 -5.929562e-02  5.301402e-02 -3.749665e-02 
 5.455000e+04  3.368540e+03 -5.931869e-02  5.302093e-02 -3.750838e-02 
 5.460000e+04  3.378767e+03 -5.934213e-02  5.302889e-02 -3.752260e-02 
 5.465000e+04  3.386213e+03 -5.935931e-02  5.303891e-02 -3.753432e-02 
 5.470000e+04  3.388258e+03 -5.936396e-02  5.304691e-02 -3.753829e-02 
 5.475000e+04  3.390303e+03 -5.936889e-02  5.305803e-02 -3.754323e-02 
 5.480000e+04  3.392349e+03 -5.937490e-02  5.306935e-02 -3.754902e-02 
 5.485000e+04  3.394492e+03 -5.938230e-02  5.308139e-02 -3.755614e-02 
 5.490000e+04  3.397331e+03 -5.939257e-02  5.309806e-02 -3.756620e-02 
 5.495000e+04  3.400209e+03 -5.940192e-02  5.311286e-02 -3.757520e-02 
 5.500000e+04  3.403262e+03 -5.940909e-02  5.312270e-02 -3.758092e-02 
 5.505000e+04  3.407665e+03 -5.941653e-02  5.312863e-02 -3.758673e-02 
 5.510000e+04  3.413326e+03 -5.942545e-02  5.313362e-02 -3.759309e-02 
 5.515000e+04  3.419024e+03 -5.943488e-02  5.313916e-02 -3.759898e-02 
 5.520000e+04  3.424722e+03 -5.944449e-02  5.314634e-02 -3.760473e-02 
 5.525000e+04  3.430421e+03 -5.945443e-02  5.315621e-02 -3.761081e-02 
 5.530000e+04  3.436119e+03 -5.946548e-02  5.316869e-02 -3.761766e-02 
 5.535000e+04  3.441818e+03 -5.947799e-02  5.318200e-02 -3.762569e-02 
 5.540000e+04  3.447602e+03 -5.949172e-02  5.319528e-02 -3.763485e-02 
 5.545000e+04  3.453795e+03 -5.950707e-02  5.320800e-02 -3.764525e-02 
 5.550000e+04  3.460705e+03 -5.952451e-02  5.322090e-02 -3.765697e-02 
 5.555000e+04  3.468313e+03 -5.954329e-02  5.323417e-02 -3.766936e-02 
 5.560000e+04  3.476026e+03 -5.956124e-02  5.324715e-02 -3.768109e-02 
 5.565000e+04  3.484220e+03 -5.957904e-02  5.326035e-02 -3.769275e-02 
 5.570000e+04  3.492639e+03 -5.959675e-02  5.327372e-02 -3.770442e-02 
 5.575000e+04  3.501059e+03 -5.961480e-02  5.328718e-02 -3.771581e-02 
 5.580000e+04  3.509478e+03 -5.963350e-02  5.330089e-02 -3.772712e-02 
 5.585000e+04  3.517897e+03 -5.965184e-02  5.331509e-02 -3.773852e-02 
 5.590000e+04  3.526316e+03 -5.966951e-02  5.332989e-02 -3.775027e-02 
 5.595000e+04  3.534735e+03 -5.968690e-02  5.334567e-02 -3.776239e-02 
 5.600000e+04  3.543154e+03 -5.970433e-02  5.336255e-02 -3.777482e-02 
 5.605000e+04  3.551574e+03 -5.972199e-02  5.338004e-02 -3.778714e-02 
 5.610000e+04  3.559993e+03 -5.973986e-02  5.339731e-02 -3.779981e-02 
 5.615000e+04  3.568412e+03 -5.975794e-02  5.341321e-02 -3.781276e-02 
 5.620000e+04  3.576873e+03 -5.977602e-02  5.342928e-02 -3.782597e-02 
 5.625000e+04  3.585952e+03 -5.979525e-02  5.344663e-02 -3.784011e-02 
 5.630000e+04  3.595234e+03 -5.981440e-02  5.346448e-02 -3.785396e-02 
 5.635000e+04  3.604516e+03 -5.983307e-02  5.348251e-02 -3.786721e-02 
 5.640000e+04  3.614161e+03 -5.985230e-02  5.350171e-02 -3.788064e-02 
 5.645000e+04  3.623907e+03 -5.987194e-02  5.352106e-02 -3.789394e-02 
 5.650000e+04  3.633653e+03 -5.989189e-02  5.353979e-02 -3.790746e-02 
 5.655000e+04  3.643399e+03 -5.991228e-02  5.355772e-02 -3.792158e-02 
 5.660000e+04  3.653146e+03 -5.993317e-02  5.357507e-02 -3.793629e-02 
 5.665000e+04  3.662892e+03 -5.995448e-02  5.359216e-02 -3.795097e-02 
 5.670000e+04  3.672638e+03 -5.997584e-02  5.360932e-02 -3.796476e-02 
 5.675000e+04  3.682384e+03 -5.999645e-02  5.362648e-02 -3.797774e-02 
 5.680000e+04  3.692131e+03 -6.001593e-02  5.364202e-02 -3.799027e-02 
 5.685000e+04  3.701877e+03 -6.003497e-02  5.365424e-02 -3.800274e-02 
 5.690000e+04  3.711623e+03 -6.005458e-02  5.366656e-02 -3.801527e-02 
 5.695000e+04  3.721369e+03 -6.007510e-02  5.367642e-02 -3.802805e-02 
 5.700000e+04  3.731116e+03 -6.009638e-02  5.368897e-02 -3.804093e-02 
 5.705000e+04  3.740332e+03 -6.011644e-02  5.370505e-02 -3.805230e-02 
 5.710000e+04  3.740722e+03 -6.011728e-02  5.370546e-02 -3.805314e-02 
 5.715000e+04  3.741111e+03 -6.011824e-02  5.370889e-02 -3.805482e-02 
 5.720000e+04  3.741501e+03 -6.011921e-02  5.371442e-02 -3.805809e-02 
 5.725000e+04  3.741897e+03 -6.012028e-02  5.372054e-02 -3.806101e-02 
 5.730000e+04  3.742382e+03 -6.012145e-02  5.372719e-02 -3.806365e-02 
 5.735000e+04  3.743102e+03 -6.012319e-02  5.373505e-02 -3.806697e-02 
 5.740000e+04  3.744042e+03 -6.012573e-02  5.374240e-02 -3.807045e-02 
 5.745000e+04  3.745154e+03 -6.012787e-02  5.374713e-02 -3.807327e-02 
 5.750000e+04  3.746811e+03 -6.013065e-02  5.374995e-02 -3.807610e-02 
 5.755000e+04  3.749328e+03 -6.013464e-02  5.375210e-02 -3.807993e-02 
 5.760000e+04  3.752072e+03 -6.013923e-02  5.375449e-02 -3.808343e-02 
 5.765000e+04  3.754817e+03 -6.014440e-02  5.375817e-02 -3.808642e-02 
 5.770000e+04  3.757850e+03 -6.015059e-02  5.376393e-02 -3.808961e-02 
 5.775000e+04  3.761207e+03 -6.015759e-02  5.377146e-02 -3.809339e-02 
 5.780000e+04  3.764960e+03 -6.016522e-02  5.378061e-02 -3.809804e-02 
 5.785000e+04  3.769263e+03 -6.017370e-02  5.379129e-02 -3.810410e-02 
 5.790000e+04  3.773734e+03 -6.018243e-02  5.380155e-02 -3.811118e-02 
 5.795000e+04  3.778204e+03 -6.019111e-02  5.381064e-02 -3.811771e-02 
 5.800000e+04  3.782675e+03 -6.019970e-02  5.381316e-02 -3.812250e-02 
 5.805000e+04  3.787145e+03 -6.020836e-02  5.381528e-02 -3.812753e-02 
 5.810000e+04  3.791616e+03 -6.021690e-02  5.382028e-02 -3.813360e-02 
 5.815000e+04  3.796087e+03 -6.022534e-02  5.382786e-02 -3.814011e-02 
 5.820000e+04  3.800557e+03 -6.023418e-02  5.383743e-02 -3.814663e-02 
 5.825000e+04  3.805028e+03 -6.024348e-02  5.384809e-02 -3.815338e-02 
 5.830000e+04  3.809498e+03 -6.025345e-02  5.385669e-02 -3.815814e-02 
 5.835000e+04  3.813969e+03 -6.026386e-02  5.386323e-02 -3.816352e-02 
 5.840000e+04  3.818439e+03 -6.027366e-02  5.387138e-02 -3.817026e-02 
 5.845000e+04  3.822910e+03 -6.028248e-02  5.388085e-02 -3.817817e-02 
 5.850000e+04  3.827380e+03 -6.029081e-02  5.389107e-02 -3.818628e-02 
 5.855000e+04  3.832129e+03 -6.029963e-02  5.390237e-02 -3.819416e-02 
 5.860000e+04  3.837299e+03 -6.030978e-02  5.391349e-02 -3.820271e-02 
 5.865000e+04  3.843115e+03 -6.032178e-02  5.392535e-02 -3.821146e-02 
 5.870000e+04  3.849973e+03 -6.033593e-02  5.393888e-02 -3.822081e-02 
 5.875000e+04  3.857255e+03 -6.035024e-02  5.395316e-02 -3.823045e-02 
 5.880000e+04  3.864537e+03 -6.036348e-02  5.396687e-02 -3.823976e-02 
 5.885000e+04  3.872082e+03 -6.037647e-02  5.398047e-02 -3.824891e-02 
 5.890000e+04  3.879728e+03 -6.038987e-02  5.399335e-02 -3.825849e-02 
 5.895000e+04  3.887374e+03 -6.040384e-02  5.400558e-02 -3.826885e-02 
 5.900000e+04  3.895020e+03 -6.041874e-02  5.401739e-02 -3.827977e-02 
 5.905000e+04  3.902666e+03 -6.043419e-02  5.402933e-02 -3.829072e-02 
 5.910000e+04  3.910313e+03 -6.044994e-02  5.404155e-02 -3.830152e-02 
 5.915000e+04  3.918251e+03 -6.046640e-02  5.405470e-02 -3.831279e-02 
 5.920000e+04  3.926714e+03 -6.048424e-02  5.406924e-02 -3.832474e-02 
 5.925000e+04  3.935566e+03 -6.050325e-02  5.408508e-02 -3.833720e-02 
 5.930000e+04  3.944541e+03 -6.052265e-02  5.410167e-02 -3.834985e-02 
 5.935000e+04  3.953835e+03 -6.054240e-02  5.411834e-02 -3.836280e-02 
 5.940000e+04  3.963129e+03 -6.056154e-02  5.413364e-02 -3.837558e-02 
 5.945000e+04  3.972423e+03 -6.058011e-02  5.414782e-02 -3.838802e-02 
 5.950000e+04  3.981717e+03 -6.059838e-02  5.416130e-02 -3.840067e-02 
 5.955000e+04  3.991262e+03 -6.061685e-02  5.417536e-02 -3.841399e-02 
 5.960000e+04  4.001021e+03 -6.063549e-02  5.419029e-02 -3.842776e-02 
 5.965000e+04  4.010780e+03 -6.065399e-02  5.420604e-02 -3.844078e-02 
 5.970000e+04  4.020538e+03 -6.067258e-02  5.422174e-02 -3.845260e-02 
 5.975000e+04  4.026393e+03 -6.068390e-02  5.422989e-02 -3.845868e-02 
 5.980000e+04  4.028345e+03 -6.068795e-02  5.423095e-02 -3.846057e-02 
 5.985000e+04  4.030297e+03 -6.069230e-02  5.423205e-02 -3.846292e-02 
 5.990000e+04  4.032249e+03 -6.069646e-02  5.423505e-02 -3.846657e-02 
 5.995000e+04  4.034200e+03 -6.069990e-02  5.423909e-02 -3.847072e-02 
 6.000000e+04  4.036256e+03 -6.070379e-02  5.424401e-02 -3.847544e-02 
 6.005000e+04  4.038793e+03 -6.070954e-02  5.425142e-02 -3.848132e-02 
 6.010000e+04  4.041952e+03 -6.071764e-02  5.426079e-02 -3.848731e-02 
 6.015000e+04  4.045706e+03 -6.072730e-02  5.427145e-02 -3.849267e-02 
 6.020000e+04  4.050007e+03 -6.073644e-02  5.428236e-02 -3.849819e-02 
 6.025000e+04  4.054580e+03 -6.074418e-02  5.429119e-02 -3.850392e-02 
 6.030000e+04  4.059833e+03 -6.075163e-02  5.429841e-02 -3.851056e-02 
 6.035000e+04  4.065270e+03 -6.075924e-02  5.430502e-02 -3.851742e-02 
 6.040000e+04  4.070708e+03 -6.076749e-02  5.431204e-02 -3.852404e-02 
 6.045000e+04  4.076145e+03 -6.077664e-02  5.431974e-02 -3.853056e-02 
 6.050000e+04  4.081583e+03 -6.078663e-02  5.432846e-02 -3.853725e-02 
 6.055000e+04  4.087058e+03 -6.079745e-02  5.433811e-02 -3.854403e-02 
 6.060000e+04  4.093180e+03 -6.081041e-02  5.434967e-02 -3.855169e-02 
 6.065000e+04  4.099475e+03 -6.082431e-02  5.436171e-02 -3.855867e-02 
 6.070000e+04  4.105770e+03 -6.083865e-02  5.436497e-02 -3.856366e-02 
 6.075000e+04  4.112064e+03 -6.085289e-02  5.436796e-02 -3.856948e-02 
 6.080000e+04  4.118359e+03 -6.086634e-02  5.437306e-02 -3.857738e-02 
 6.085000e+04  4.124653e+03 -6.087901e-02  5.438134e-02 -3.858698e-02 
 6.090000e+04  4.130948e+03 -6.089185e-02  5.439206e-02 -3.859694e-02 
 6.095000e+04  4.137242e+03 -6.090574e-02  5.440409e-02 -3.860698e-02 
 6.100000e+04  4.143537e+03 -6.092105e-02  5.441657e-02 -3.861499e-02 
 6.105000e+04  4.149831e+03 -6.093667e-02  5.442188e-02 -3.862073e-02 
 6.110000e+04  4.156126e+03 -6.095160e-02  5.442921e-02 -3.862696e-02 
 6.115000e+04  4.162420e+03 -6.096413e-02  5.443875e-02 -3.863526e-02 
 6.120000e+04  4.168715e+03 -6.097602e-02  5.445023e-02 -3.864424e-02 
 6.125000e+04  4.175010e+03 -6.098787e-02  5.446340e-02 -3.865291e-02 
 6.130000e+04  4.181304e+03 -6.100044e-02  5.447497e-02 -3.866185e-02 
 6.135000e+04  4.187599e+03 -6.101461e-02  5.448742e-02 -3.867090e-02 
 6.140000e+04  4.193893e+03 -6.102954e-02  5.449628e-02 -3.867850e-02 
 6.145000e+04  4.200188e+03 -6.104424e-02  5.450432e-02 -3.868592e-02 
 6.150000e+04  4.206482e+03 -6.105799e-02  5.451426e-02 -3.869415e-02 
 6.155000e+04  4.212777e+03 -6.107193e-02  5.452591e-02 -3.870340e-02 
 6.160000e+04  4.219071e+03 -6.108654e-02  5.453919e-02 -3.871256e-02 
 6.165000e+04  4.225366e+03 -6.110193e-02  5.455363e-02 -3.872070e-02 
 6.170000e+04  4.231661e+03 -6.111858e-02  5.456301e-02 -3.872627e-02 
 6.175000e+04  4.237955e+03 -6.113604e-02  5.456658e-02 -3.873143e-02 
 6.180000e+04  4.244250e+03 -6.115199e-02  5.457119e-02 -3.873843e-02 
 6.185000e+04  4.250544e+03 -6.116526e-02  5.457788e-02 -3.874730e-02 
 6.190000e+04  4.256839e+03 -6.117785e-02  5.458780e-02 -3.875735e-02 
 6.195000e+04  4.263133e+03 -6.119220e-02  5.460026e-02 -3.876734e-02 
 6.200000e+04  4.269428e+03 -6.120897e-02  5.461393e-02 -3.877679e-02 
 6.205000e+04  4.275722e+03 -6.122838e-02  5.462276e-02 -3.878313e-02 
 6.210000e+04  4.282017e+03 -6.124816e-02  5.462906e-02 -3.878921e-02 
 6.215000e+04  4.288311e+03 -6.126444e-02  5.463733e-02 -3.879665e-02 
 6.220000e+04  4.294606e+03 -6.127783e-02  5.464756e-02 -3.880598e-02 
 6.225000e+04  4.300901e+03 -6.128996e-02  5.465976e-02 -3.881515e-02 
 6.230000e+04  4.307195e+03 -6.130248e-02  5.467204e-02 -3.882371e-02 
 6.235000e+04  4.313490e+03 -6.131642e-02  5.468417e-02 -3.883249e-02 
 6.240000e+04  4.319784e+03 -6.133216e-02  5.469684e-02 -3.884153e-02 
 6.245000e+04  4.326079e+03 -6.134864e-02  5.471034e-02 -3.885060e-02 
 6.250000e+04  4.332373e+03 -6.136397e-02  5.472460e-02 -3.885988e-02 
 6.255000e+04  4.338743e+03 -6.137825e-02  5.473841e-02 -3.886868e-02 
 6.260000e+04  4.345692e+03 -6.139282e-02  5.475097e-02 -3.887751e-02 
 6.265000e+04  4.352979e+03 -6.140814e-02  5.476189e-02 -3.888622e-02 
 6.270000e+04  4.360266e+03 -6.142413e-02  5.477150e-02 -3.889482e-02 
 6.275000e+04  4.367553e+03 -6.144071e-02  5.478104e-02 -3.890342e-02 
 6.280000e+04  4.374839e+03 -6.145672e-02  5.479122e-02 -3.891177e-02 
 6.285000e+04  4.382286e+03 -6.147229e-02  5.480220e-02 -3.892040e-02 
 6.290000e+04  4.390277e+03 -6.148921e-02  5.481454e-02 -3.893000e-02 
 6.295000e+04  4.398712e+03 -6.150781e-02  5.482788e-02 -3.894035e-02 
 6.300000e+04  4.407147e+03 -6.152728e-02  5.484115e-02 -3.895093e-02 
 6.305000e+04  4.412209e+03 -6.153953e-02  5.484901e-02 -3.895668e-02 
 6.310000e+04  4.413896e+03 -6.154429e-02  5.484941e-02 -3.895779e-02 
 6.315000e+04  4.415583e+03 -6.154896e-02  5.484999e-02 -3.895942e-02 
 6.320000e+04  4.417270e+03 -6.155210e-02  5.485209e-02 -3.896173e-02 
 6.325000e+04  4.418957e+03 -6.155458e-02  5.485478e-02 -3.896470e-02 
 6.330000e+04  4.420659e+03 -6.155785e-02  5.485753e-02 -3.896829e-02 
 6.335000e+04  4.422886e+03 -6.156334e-02  5.486146e-02 -3.897325e-02 
 6.340000e+04  4.425666e+03 -6.157160e-02  5.486631e-02 -3.897815e-02 
 6.345000e+04  4.429033e+03 -6.158153e-02  5.487252e-02 -3.898238e-02 
 6.350000e+04  4.433289e+03 -6.159246e-02  5.488095e-02 -3.898698e-02 
 6.355000e+04  4.437765e+03 -6.160207e-02  5.489016e-02 -3.899074e-02 
 6.360000e+04  4.442241e+03 -6.160991e-02  5.489606e-02 -3.899374e-02 
 6.365000e+04  4.446717e+03 -6.161772e-02  5.490085e-02 -3.899803e-02 
 6.370000e+04  4.451194e+03 -6.162532e-02  5.490651e-02 -3.900384e-02 
 6.375000e+04  4.455670e+03 -6.163277e-02  5.491292e-02 -3.901046e-02 
 6.380000e+04  4.460146e+03 -6.164043e-02  5.492013e-02 -3.901646e-02 
 6.385000e+04  4.464623e+03 -6.164935e-02  5.492728e-02 -3.902195e-02 
 6.390000e+04  4.469099e+03 -6.165941e-02  5.493456e-02 -3.902780e-02 
 6.395000e+04  4.473575e+03 -6.167031e-02  5.493940e-02 -3.903240e-02 
 6.400000e+04  4.478051e+03 -6.168116e-02  5.494421e-02 -3.903689e-02 
 6.405000e+04  4.482528e+03 -6.169144e-02  5.495067e-02 -3.904200e-02 
 6.410000e+04  4.487004e+03 -6.170140e-02  5.495845e-02 -3.904809e-02 
 6.415000e+04  4.491480e+03 -6.171127e-02  5.496733e-02 -3.905458e-02 
 6.420000e+04  4.495956e+03 -6.172119e-02  5.497666e-02 -3.906077e-02 
 6.425000e+04  4.500621e+03 -6.173190e-02  5.498432e-02 -3.906690e-02 
 6.430000e+04  4.506287e+03 -6.174486e-02  5.499382e-02 -3.907467e-02 
 6.435000e+04  4.512799e+03 -6.175844e-02  5.500537e-02 -3.908373e-02 
 6.440000e+04  4.519698e+03 -6.177159e-02  5.501807e-02 -3.909262e-02 
 6.445000e+04  4.526989e+03 -6.178535e-02  5.503173e-02 -3.910088e-02 
 6.450000e+04  4.534280e+03 -6.179885e-02  5.503923e-02 -3.910557e-02 
 6.455000e+04  4.541572e+03 -6.181258e-02  5.504206e-02 -3.911045e-02 
 6.460000e+04  4.548863e+03 -6.182588e-02  5.504801e-02 -3.911720e-02 
 6.465000e+04  4.556154e+03 -6.183712e-02  5.505820e-02 -3.912625e-02 
 6.470000e+04  4.563446e+03 -6.184852e-02  5.507199e-02 -3.913597e-02 
 6.475000e+04  4.570737e+03 -6.186081e-02  5.508819e-02 -3.914657e-02 
 6.480000e+04  4.573945e+03 -6.186751e-02  5.509608e-02 -3.915132e-02 
 6.485000e+04  4.575404e+03 -6.187328e-02  5.509732e-02 -3.915284e-02 
 6.490000e+04  4.576862e+03 -6.187905e-02  5.509841e-02 -3.915437e-02 
 6.495000e+04  4.578320e+03 -6.188410e-02  5.510082e-02 -3.915674e-02 
 6.500000e+04  4.579783e+03 -6.188813e-02  5.510469e-02 -3.915996e-02 
 6.505000e+04  4.581634e+03 -6.189306e-02  5.511044e-02 -3.916425e-02 
 6.510000e+04  4.583686e+03 -6.189848e-02  5.511727e-02 -3.916807e-02 
 6.515000e+04  4.585810e+03 -6.190423e-02  5.512277e-02 -3.917041e-02 
 6.520000e+04  4.588411e+03 -6.191047e-02  5.512682e-02 -3.917329e-02 
 6.525000e+04  4.591544e+03 -6.191530e-02  5.513194e-02 -3.917733e-02 
 6.530000e+04  4.595553e+03 -6.192022e-02  5.513891e-02 -3.918257e-02 
 6.535000e+04  4.599818e+03 -6.192550e-02  5.514659e-02 -3.918781e-02 
 6.540000e+04  4.604174e+03 -6.193154e-02  5.515433e-02 -3.919244e-02 
 6.545000e+04  4.608653e+03 -6.193884e-02  5.516244e-02 -3.919684e-02 
 6.550000e+04  4.613132e+03 -6.194718e-02  5.516734e-02 -3.919962e-02 
 6.555000e+04  4.617611e+03 -6.195557e-02  5.517049e-02 -3.920276e-02 
 6.560000e+04  4.622090e+03 -6.196411e-02  5.517556e-02 -3.920710e-02 
 6.565000e+04  4.626569e+03 -6.197258e-02  5.518291e-02 -3.921332e-02 
 6.570000e+04  4.631049e+03 -6.198127e-02  5.519198e-02 -3.922029e-02 
 6.575000e+04  4.635528e+03 -6.199008e-02  5.520175e-02 -3.922774e-02 
 6.580000e+04  4.640007e+03 -6.200035e-02  5.521117e-02 -3.923413e-02 
 6.585000e+04  4.644486e+03 -6.201143e-02  5.521473e-02 -3.923861e-02 
 6.590000e+04  4.648965e+03 -6.202163e-02  5.521952e-02 -3.924302e-02 
 6.595000e+04  4.653444e+03 -6.203071e-02  5.522586e-02 -3.924847e-02 
 6.600000e+04  4.657923e+03 -6.203893e-02  5.523359e-02 -3.925434e-02 
 6.605000e+04  4.662402e+03 -6.204637e-02  5.524268e-02 -3.926025e-02 
 6.610000e+04  4.666882e+03 -6.205383e-02  5.525148e-02 -3.926630e-02 
 6.615000e+04  4.672093e+03 -6.206389e-02  5.526176e-02 -3.927325e-02 
 6.620000e+04  4.678729e+03 -6.207612e-02  5.527518e-02 -3.928177e-02 
 6.625000e+04  4.685677e+03 -6.208736e-02  5.528971e-02 -3.929030e-02 
 6.630000e+04  4.692681e+03 -6.209793e-02  5.530398e-02 -3.929827e-02 
 6.635000e+04  4.700328e+03 -6.210966e-02  5.531751e-02 -3.930680e-02 
 6.640000e+04  4.707989e+03 -6.212163e-02  5.532885e-02 -3.931537e-02 
 6.645000e+04  4.715649e+03 -6.213454e-02  5.533924e-02 -3.932412e-02 
 6.650000e+04  4.723310e+03 -6.214831e-02  5.534983e-02 -3.933277e-02 
 6.655000e+04  4.730971e+03 -6.216204e-02  5.536107e-02 -3.934134e-02 
 6.660000e+04  4.738632e+03 -6.217553e-02  5.537317e-02 -3.935014e-02 
 6.665000e+04  4.746703e+03 -6.219000e-02  5.538677e-02 -3.935963e-02 
 6.670000e+04  4.755571e+03 -6.220648e-02  5.540191e-02 -3.936996e-02 
 6.675000e+04  4.764626e+03 -6.222372e-02  5.541640e-02 -3.938053e-02 
 6.680000e+04  4.774282e+03 -6.224250e-02  5.543077e-02 -3.939193e-02 
 6.685000e+04  4.784372e+03 -6.226229e-02  5.544486e-02 -3.940403e-02 
 6.690000e+04  4.793489e+03 -6.227996e-02  5.545715e-02 -3.941481e-02 
 6.695000e+04  4.795542e+03 -6.228354e-02  5.545988e-02 -3.941649e-02 
 6.700000e+04  4.797595e+03 -6.228690e-02  5.546041e-02 -3.941802e-02 
 6.705000e+04  4.799648e+03 -6.229053e-02  5.546201e-02 -3.942008e-02 
 6.710000e+04  4.801702e+03 -6.229299e-02  5.546491e-02 -3.942266e-02 
 6.715000e+04  4.803755e+03 -6.229536e-02  5.546845e-02 -3.942541e-02 
 6.720000e+04  4.805808e+03 -6.229848e-02  5.547248e-02 -3.942859e-02 
 6.725000e+04  4.808136e+03 -6.230245e-02  5.547737e-02 -3.943262e-02 
 6.730000e+04  4.811112e+03 -6.230825e-02  5.548324e-02 -3.943663e-02 
 6.735000e+04  4.814926e+03 -6.231464e-02  5.549046e-02 -3.944074e-02 
 6.740000e+04  4.819464e+03 -6.232216e-02  5.549879e-02 -3.944530e-02 
 6.745000e+04  4.824199e+03 -6.232961e-02  5.550661e-02 -3.945019e-02 
 6.750000e+04  4.829234e+03 -6.233720e-02  5.551404e-02 -3.945570e-02 
 6.755000e+04  4.834695e+03 -6.234563e-02  5.552145e-02 -3.946207e-02 
 6.760000e+04  4.840484e+03 -6.235502e-02  5.552940e-02 -3.946919e-02 
 6.765000e+04  4.846688e+03 -6.236566e-02  5.553837e-02 -3.947656e-02 
 6.770000e+04  4.853058e+03 -6.237695e-02  5.554797e-02 -3.948394e-02 
 6.775000e+04  4.859759e+03 -6.238903e-02  5.555849e-02 -3.949158e-02 
 6.780000e+04  4.866712e+03 -6.240175e-02  5.556970e-02 -3.949919e-02 
 6.785000e+04  4.873666e+03 -6.241469e-02  5.558060e-02 -3.950654e-02 
 6.790000e+04  4.880619e+03 -6.242769e-02  5.558571e-02 -3.951199e-02 
 6.795000e+04  4.887572e+03 -6.244059e-02  5.559036e-02 -3.951775e-02 
 6.800000e+04  4.894525e+03 -6.245338e-02  5.559750e-02 -3.952538e-02 
 6.805000e+04  4.901478e+03 -6.246562e-02  5.560714e-02 -3.953450e-02 
 6.810000e+04  4.908431e+03 -6.247770e-02  5.561846e-02 -3.954334e-02 
 6.815000e+04  4.915384e+03 -6.248941e-02  5.562983e-02 -3.955228e-02 
 6.820000e+04  4.922337e+03 -6.250254e-02  5.564154e-02 -3.956071e-02 
 6.825000e+04  4.929290e+03 -6.251633e-02  5.565354e-02 -3.956671e-02 
 6.830000e+04  4.936243e+03 -6.252929e-02  5.566219e-02 -3.957281e-02 
 6.835000e+04  4.943196e+03 -6.254152e-02  5.567168e-02 -3.957979e-02 
 6.840000e+04  4.950149e+03 -6.255176e-02  5.568128e-02 -3.958850e-02 
 6.845000e+04  4.957102e+03 -6.256169e-02  5.569235e-02 -3.959776e-02 
 6.850000e+04  4.964055e+03 -6.257183e-02  5.570224e-02 -3.960604e-02 
 6.855000e+04  4.971008e+03 -6.258242e-02  5.571211e-02 -3.961317e-02 
 6.860000e+04  4.977961e+03 -6.259402e-02  5.572165e-02 -3.962088e-02 
 6.865000e+04  4.984914e+03 -6.260608e-02  5.573270e-02 -3.962935e-02 
 6.870000e+04  4.991867e+03 -6.261721e-02  5.574550e-02 -3.963768e-02 
 6.875000e+04  4.999239e+03 -6.262871e-02  5.576009e-02 -3.964616e-02 
 6.880000e+04  5.007666e+03 -6.264261e-02  5.577640e-02 -3.965603e-02 
 6.885000e+04  5.011385e+03 -6.264927e-02  5.578181e-02 -3.965907e-02 
 6.890000e+04  5.013075e+03 -6.265326e-02  5.578121e-02 -3.966031e-02 
 6.895000e+04  5.014766e+03 -6.265715e-02  5.578183e-02 -3.966202e-02 
 6.900000e+04  5.016456e+03 -6.266011e-02  5.578347e-02 -3.966429e-02 
 6.905000e+04  5.018146e+03 -6.266260e-02  5.578589e-02 -3.966700e-02 
 6.910000e+04  5.019852e+03 -6.266544e-02  5.578850e-02 -3.967022e-02 
 6.915000e+04  5.022003e+03 -6.266983e-02  5.579150e-02 -3.967431e-02 
 6.920000e+04  5.024633e+03 -6.267598e-02  5.579474e-02 -3.967814e-02 
 6.925000e+04  5.027825e+03 -6.268270e-02  5.579909e-02 -3.968149e-02 
 6.930000e+04  5.031531e+03 -6.268996e-02  5.580491e-02 -3.968459e-02 
 6.935000e+04  5.035599e+03 -6.269718e-02  5.581156e-02 -3.968808e-02 
 6.940000e+04  5.039666e+03 -6.270388e-02  5.581786e-02 -3.969195e-02 
 6.945000e+04  5.043734e+03 -6.271017e-02  5.582363e-02 -3.969644e-02 
 6.950000e+04  5.047802e+03 -6.271591e-02  5.582944e-02 -3.970134e-02 
 6.955000e+04  5.052182e+03 -6.272169e-02  5.583546e-02 -3.970667e-02 
 6.960000e+04  5.057245e+03 -6.272843e-02  5.584279e-02 -3.971305e-02 
 6.965000e+04  5.062807e+03 -6.273643e-02  5.585173e-02 -3.971992e-02 
 6.970000e+04  5.068702e+03 -6.274566e-02  5.586200e-02 -3.972630e-02 
 6.975000e+04  5.074971e+03 -6.275623e-02  5.587332e-02 -3.973237e-02 
 6.980000e+04  5.081281e+03 -6.276746e-02  5.588447e-02 -3.973832e-02 
 6.985000e+04  5.087605e+03 -6.277895e-02  5.589436e-02 -3.974471e-02 
 6.990000e+04  5.094370e+03 -6.279073e-02  5.590367e-02 -3.975234e-02 
 6.995000e+04  5.101327e+03 -6.280213e-02  5.591307e-02 -3.976056e-02 
 7.000000e+04  5.108285e+03 -6.281324e-02  5.592136e-02 -3.976837e-02 
 7.005000e+04  5.115249e+03 -6.282454e-02  5.592990e-02 -3.977643e-02 
 7.010000e+04  5.122788e+03 -6.283750e-02  5.594003e-02 -3.978545e-02 
 7.015000e+04  5.130827e+03 -6.285239e-02  5.595165e-02 -3.979482e-02 
 7.020000e+04  5.139247e+03 -6.286838e-02  5.596462e-02 -3.980389e-02 
 7.025000e+04  5.148127e+03 -6.288524e-02  5.597866e-02 -3.981275e-02 
 7.030000e+04  5.157006e+03 -6.290197e-02  5.599270e-02 -3.982070e-02 
 7.035000e+04  5.165886e+03 -6.291714e-02  5.599844e-02 -3.982675e-02 
 7.040000e+04  5.167946e+03 -6.292038e-02  5.599934e-02 -3.982899e-02 
 7.045000e+04  5.169722e+03 -6.292328e-02  5.600129e-02 -3.983234e-02 
 7.050000e+04  5.171498e+03 -6.292613e-02  5.600476e-02 -3.983642e-02 
 7.055000e+04  5.173274e+03 -6.292853e-02  5.600855e-02 -3.983983e-02 
 7.060000e+04  5.175050e+03 -6.293048e-02  5.601282e-02 -3.984254e-02 
 7.065000e+04  5.177121e+03 -6.293381e-02  5.601761e-02 -3.984503e-02 
 7.070000e+04  5.180053e+03 -6.293930e-02  5.602438e-02 -3.984789e-02 
 7.075000e+04  5.183515e+03 -6.294481e-02  5.603230e-02 -3.985079e-02 
 7.080000e+04  5.187680e+03 -6.295031e-02  5.604080e-02 -3.985426e-02 
 7.085000e+04  5.192447e+03 -6.295622e-02  5.604865e-02 -3.985947e-02 
 7.090000e+04  5.197618e+03 -6.296312e-02  5.605556e-02 -3.986589e-02 
 7.095000e+04  5.202813e+03 -6.297108e-02  5.606158e-02 -3.987220e-02 
 7.100000e+04  5.208008e+03 -6.297948e-02  5.606777e-02 -3.987774e-02 
 7.105000e+04  5.213687e+03 -6.298900e-02  5.607533e-02 -3.988379e-02 
 7.110000e+04  5.219640e+03 -6.299971e-02  5.608480e-02 -3.989034e-02 
 7.115000e+04  5.226291e+03 -6.301164e-02  5.609646e-02 -3.989733e-02 
 7.120000e+04  5.233922e+03 -6.302545e-02  5.611015e-02 -3.990517e-02 
 7.125000e+04  5.241598e+03 -6.303977e-02  5.612328e-02 -3.991235e-02 
 7.130000e+04  5.249273e+03 -6.305416e-02  5.613335e-02 -3.991951e-02 
 7.135000e+04  5.256949e+03 -6.306843e-02  5.614069e-02 -3.992710e-02 
 7.140000e+04  5.264624e+03 -6.308193e-02  5.614776e-02 -3.993586e-02 
 7.145000e+04  5.272300e+03 -6.309473e-02  5.615721e-02 -3.994587e-02 
 7.150000e+04  5.279975e+03 -6.310734e-02  5.616876e-02 -3.995562e-02 
 7.155000e+04  5.287651e+03 -6.312025e-02  5.618116e-02 -3.996268e-02 
