         Step [creep.tim... Z Displace... Z Displace... X Displace... 
------------- ------------- ------------- ------------- ------------- 
 5.250000e+03  1.276223e-07 -4.629353e-03  4.524540e-03 -2.433365e-03 
 5.300000e+03  3.886505e-06 -4.629569e-03  4.524654e-03 -2.433583e-03 
 5.350000e+03  2.733667e-05 -4.630767e-03  4.525005e-03 -2.434414e-03 
 5.400000e+03  1.087375e-04 -4.631786e-03  4.525278e-03 -2.434652e-03 
 5.450000e+03  3.268487e-04 -4.632414e-03  4.526653e-03 -2.435528e-03 
 5.500000e+03  5.605925e-04 -4.635504e-03  4.529893e-03 -2.437966e-03 
 5.550000e+03  7.943362e-04 -4.640643e-03  4.535013e-03 -2.441673e-03 
 5.600000e+03  1.030230e-03 -4.646631e-03  4.541587e-03 -2.445597e-03 
 5.650000e+03  1.355329e-03 -4.654474e-03  4.550772e-03 -2.450290e-03 
 5.700000e+03  1.717465e-03 -4.661603e-03  4.559324e-03 -2.453893e-03 
 5.750000e+03  2.117247e-03 -4.666895e-03  4.564757e-03 -2.455859e-03 
 5.800000e+03  2.517028e-03 -4.671255e-03  4.568392e-03 -2.457762e-03 
 5.850000e+03  2.916809e-03 -4.676564e-03  4.572987e-03 -2.461395e-03 
 5.900000e+03  3.316590e-03 -4.683243e-03  4.579337e-03 -2.466828e-03 
 5.950000e+03  3.716771e-03 -4.690511e-03  4.587312e-03 -2.473089e-03 
 6.000000e+03  4.256132e-03 -4.700303e-03  4.598501e-03 -2.480705e-03 
 6.050000e+03  4.846790e-03 -4.710597e-03  4.609446e-03 -2.487051e-03 
 6.100000e+03  5.488098e-03 -4.720438e-03  4.618455e-03 -2.490942e-03 
 6.150000e+03  6.139300e-03 -4.729158e-03  4.626218e-03 -2.493828e-03 
 6.200000e+03  6.790501e-03 -4.738088e-03  4.634957e-03 -2.498009e-03 
 6.250000e+03  7.441703e-03 -4.747881e-03  4.645459e-03 -2.504346e-03 
 6.300000e+03  8.092904e-03 -4.758272e-03  4.656971e-03 -2.512564e-03 
 6.350000e+03  8.976382e-03 -4.772094e-03  4.671661e-03 -2.524225e-03 
 6.400000e+03  9.986609e-03 -4.786649e-03  4.685993e-03 -2.535241e-03 
 6.450000e+03  1.101704e-02 -4.799848e-03  4.698552e-03 -2.543102e-03 
 6.500000e+03  1.207778e-02 -4.812184e-03  4.710897e-03 -2.549119e-03 
 6.550000e+03  1.313852e-02 -4.825061e-03  4.724300e-03 -2.555500e-03 
 6.600000e+03  1.419926e-02 -4.839460e-03  4.739720e-03 -2.563660e-03 
 6.650000e+03  1.525999e-02 -4.855160e-03  4.757100e-03 -2.573859e-03 
 6.700000e+03  1.644248e-02 -4.872117e-03  4.776252e-03 -2.586465e-03 
 6.750000e+03  1.784657e-02 -4.889769e-03  4.794933e-03 -2.600165e-03 
 6.800000e+03  1.941533e-02 -4.907166e-03  4.812149e-03 -2.613021e-03 
 6.850000e+03  2.106089e-02 -4.924562e-03  4.829385e-03 -2.624404e-03 
 6.900000e+03  2.270644e-02 -4.942135e-03  4.847182e-03 -2.635128e-03 
 6.950000e+03  2.435199e-02 -4.960953e-03  4.866738e-03 -2.646609e-03 
 7.000000e+03  2.599755e-02 -4.981776e-03  4.888472e-03 -2.659471e-03 
 7.050000e+03  2.772778e-02 -5.004643e-03  4.912511e-03 -2.673856e-03 
 7.100000e+03  2.965176e-02 -5.027558e-03  4.936114e-03 -2.688752e-03 
 7.150000e+03  3.181406e-02 -5.049694e-03  4.958658e-03 -2.703959e-03 
 7.200000e+03  3.424529e-02 -5.073100e-03  4.982660e-03 -2.720398e-03 
 7.250000e+03  3.667652e-02 -5.096209e-03  5.006267e-03 -2.736305e-03 
 7.300000e+03  3.910775e-02 -5.119807e-03  5.030547e-03 -2.752412e-03 
 7.350000e+03  4.153899e-02 -5.144993e-03  5.056102e-03 -2.769235e-03 
 7.400000e+03  4.433940e-02 -5.175745e-03  5.086586e-03 -2.788644e-03 
 7.450000e+03  4.729457e-02 -5.205946e-03  5.116377e-03 -2.807200e-03 
 7.500000e+03  5.030590e-02 -5.233252e-03  5.143997e-03 -2.824462e-03 
 7.550000e+03  5.352985e-02 -5.261110e-03  5.172705e-03 -2.842999e-03 
 7.600000e+03  5.678793e-02 -5.288577e-03  5.201433e-03 -2.861804e-03 
 7.650000e+03  6.004602e-02 -5.315864e-03  5.229998e-03 -2.881039e-03 
 7.700000e+03  6.363865e-02 -5.346675e-03  5.261909e-03 -2.902902e-03 
 7.750000e+03  6.796321e-02 -5.384361e-03  5.299826e-03 -2.928672e-03 
 7.800000e+03  7.232935e-02 -5.420499e-03  5.334947e-03 -2.951961e-03 
 7.850000e+03  7.669549e-02 -5.454559e-03  5.367963e-03 -2.973347e-03 
 7.900000e+03  8.106164e-02 -5.487987e-03  5.400714e-03 -2.994292e-03 
 7.950000e+03  8.542778e-02 -5.520809e-03  5.433563e-03 -3.015371e-03 
 8.000000e+03  8.979392e-02 -5.553101e-03  5.466263e-03 -3.037060e-03 
 8.050000e+03  9.453782e-02 -5.587724e-03  5.501361e-03 -3.061252e-03 
 8.100000e+03  1.000890e-01 -5.626818e-03  5.540951e-03 -3.089002e-03 
 8.150000e+03  1.056614e-01 -5.663932e-03  5.578065e-03 -3.114498e-03 
 8.200000e+03  1.112450e-01 -5.700086e-03  5.614063e-03 -3.138320e-03 
 8.250000e+03  1.170961e-01 -5.738150e-03  5.651451e-03 -3.162415e-03 
 8.300000e+03  1.229471e-01 -5.776258e-03  5.688520e-03 -3.186437e-03 
 8.350000e+03  1.287982e-01 -5.813760e-03  5.725368e-03 -3.210717e-03 
 8.400000e+03  1.347311e-01 -5.850129e-03  5.761805e-03 -3.235490e-03 
 8.450000e+03  1.412477e-01 -5.887624e-03  5.800277e-03 -3.262107e-03 
 8.500000e+03  1.480210e-01 -5.924907e-03  5.838811e-03 -3.288657e-03 
 8.550000e+03  1.547943e-01 -5.961811e-03  5.876437e-03 -3.313891e-03 
 8.600000e+03  1.615676e-01 -5.998829e-03  5.913808e-03 -3.338253e-03 
 8.650000e+03  1.686728e-01 -6.037851e-03  5.952919e-03 -3.363511e-03 
 8.700000e+03  1.757848e-01 -6.076603e-03  5.991260e-03 -3.388539e-03 
 8.750000e+03  1.831496e-01 -6.115462e-03  6.028921e-03 -3.413878e-03 
 8.800000e+03  1.909906e-01 -6.155314e-03  6.067378e-03 -3.440315e-03 
 8.850000e+03  1.988316e-01 -6.193622e-03  6.105126e-03 -3.466363e-03 
 8.900000e+03  2.066725e-01 -6.230823e-03  6.142132e-03 -3.491861e-03 
 8.950000e+03  2.149315e-01 -6.269684e-03  6.180690e-03 -3.518186e-03 
 9.000000e+03  2.241355e-01 -6.313024e-03  6.223735e-03 -3.547048e-03 
 9.050000e+03  2.336662e-01 -6.357281e-03  6.267753e-03 -3.575865e-03 
 9.100000e+03  2.432446e-01 -6.400468e-03  6.310194e-03 -3.603559e-03 
 9.150000e+03  2.532519e-01 -6.444684e-03  6.352832e-03 -3.631932e-03 
 9.200000e+03  2.632592e-01 -6.487974e-03  6.394354e-03 -3.660125e-03 
 9.250000e+03  2.732665e-01 -6.529536e-03  6.434693e-03 -3.688052e-03 
 9.300000e+03  2.832737e-01 -6.569809e-03  6.474434e-03 -3.715751e-03 
 9.350000e+03  2.937013e-01 -6.611236e-03  6.515867e-03 -3.744265e-03 
 9.400000e+03  3.042090e-01 -6.652255e-03  6.557444e-03 -3.771998e-03 
 9.450000e+03  3.147271e-01 -6.692465e-03  6.598303e-03 -3.798355e-03 
 9.500000e+03  3.262235e-01 -6.736098e-03  6.642277e-03 -3.826359e-03 
 9.550000e+03  3.378082e-01 -6.779688e-03  6.685578e-03 -3.854365e-03 
 9.600000e+03  3.493929e-01 -6.822006e-03  6.727109e-03 -3.882358e-03 
 9.650000e+03  3.609776e-01 -6.863041e-03  6.767199e-03 -3.910294e-03 
 9.700000e+03  3.730720e-01 -6.905182e-03  6.808318e-03 -3.939083e-03 
 9.750000e+03  3.852359e-01 -6.947031e-03  6.849141e-03 -3.967248e-03 
 9.800000e+03  3.973998e-01 -6.988067e-03  6.889443e-03 -3.994449e-03 
 9.850000e+03  4.098070e-01 -7.029520e-03  6.930418e-03 -4.021290e-03 
 9.900000e+03  4.231922e-01 -7.073910e-03  6.974593e-03 -4.049800e-03 
 9.950000e+03  4.366029e-01 -7.117624e-03  7.017986e-03 -4.078049e-03 
 1.000000e+04  4.500270e-01 -7.160319e-03  7.059743e-03 -4.106013e-03 
 1.005000e+04  4.643758e-01 -7.205223e-03  7.102812e-03 -4.135644e-03 
 1.010000e+04  4.791611e-01 -7.250721e-03  7.146164e-03 -4.165857e-03 
 1.015000e+04  4.939464e-01 -7.294929e-03  7.188749e-03 -4.195440e-03 
 1.020000e+04  5.087317e-01 -7.338361e-03  7.230954e-03 -4.224215e-03 
 1.025000e+04  5.235170e-01 -7.381618e-03  7.273232e-03 -4.252385e-03 
 1.030000e+04  5.383023e-01 -7.424280e-03  7.315505e-03 -4.279940e-03 
 1.035000e+04  5.530877e-01 -7.465914e-03  7.357264e-03 -4.306857e-03 
 1.040000e+04  5.690351e-01 -7.509976e-03  7.401300e-03 -4.335613e-03 
 1.045000e+04  5.853359e-01 -7.554302e-03  7.445206e-03 -4.364997e-03 
 1.050000e+04  6.016367e-01 -7.597640e-03  7.487648e-03 -4.394170e-03 
 1.055000e+04  6.181005e-01 -7.640569e-03  7.529414e-03 -4.423106e-03 
 1.060000e+04  6.352164e-01 -7.684950e-03  7.572547e-03 -4.452568e-03 
 1.065000e+04  6.523322e-01 -7.729169e-03  7.615517e-03 -4.481284e-03 
 1.070000e+04  6.694481e-01 -7.772655e-03  7.658006e-03 -4.509278e-03 
 1.075000e+04  6.865639e-01 -7.815280e-03  7.700002e-03 -4.536813e-03 
 1.080000e+04  7.044671e-01 -7.859103e-03  7.743669e-03 -4.565482e-03 
 1.085000e+04  7.224387e-01 -7.902345e-03  7.786805e-03 -4.594089e-03 
 1.090000e+04  7.406260e-01 -7.945342e-03  7.828960e-03 -4.622690e-03 
 1.095000e+04  7.604831e-01 -7.991928e-03  7.873967e-03 -4.653488e-03 
 1.100000e+04  7.812876e-01 -8.040514e-03  7.920503e-03 -4.685254e-03 
 1.105000e+04  8.020920e-01 -8.088275e-03  7.966145e-03 -4.716256e-03 
 1.110000e+04  8.228964e-01 -8.135244e-03  8.011108e-03 -4.746511e-03 
 1.115000e+04  8.437008e-01 -8.181814e-03  8.055950e-03 -4.776397e-03 
 1.120000e+04  8.645052e-01 -8.227501e-03  8.100575e-03 -4.805948e-03 
 1.125000e+04  8.853097e-01 -8.271929e-03  8.144520e-03 -4.835117e-03 
 1.130000e+04  9.076370e-01 -8.318805e-03  8.190968e-03 -4.866152e-03 
 1.135000e+04  9.305738e-01 -8.366622e-03  8.237991e-03 -4.897849e-03 
 1.140000e+04  9.535107e-01 -8.413701e-03  8.283825e-03 -4.928987e-03 
 1.145000e+04  9.772985e-01 -8.461804e-03  8.330414e-03 -4.960546e-03 
 1.150000e+04  1.002586e+00 -8.512829e-03  8.379499e-03 -4.993439e-03 
 1.155000e+04  1.027874e+00 -8.563383e-03  8.428010e-03 -5.025796e-03 
 1.160000e+04  1.053162e+00 -8.612772e-03  8.475652e-03 -5.057694e-03 
 1.165000e+04  1.078450e+00 -8.661037e-03  8.522775e-03 -5.089326e-03 
 1.170000e+04  1.103738e+00 -8.708463e-03  8.569692e-03 -5.120767e-03 
 1.175000e+04  1.129026e+00 -8.755068e-03  8.616005e-03 -5.151795e-03 
 1.180000e+04  1.155314e+00 -8.803047e-03  8.663178e-03 -5.183443e-03 
 1.185000e+04  1.184532e+00 -8.856285e-03  8.714953e-03 -5.218056e-03 
 1.190000e+04  1.213806e+00 -8.909300e-03  8.765917e-03 -5.252177e-03 
 1.195000e+04  1.243080e+00 -8.961378e-03  8.815621e-03 -5.285630e-03 
 1.200000e+04  1.272354e+00 -9.012631e-03  8.864398e-03 -5.318685e-03 
 1.205000e+04  1.301628e+00 -9.063266e-03  8.912845e-03 -5.351494e-03 
 1.210000e+04  1.330902e+00 -9.112883e-03  8.960825e-03 -5.383958e-03 
 1.215000e+04  1.360176e+00 -9.161516e-03  9.008248e-03 -5.415914e-03 
 1.220000e+04  1.392763e+00 -9.215034e-03  9.060691e-03 -5.451094e-03 
 1.225000e+04  1.426652e+00 -9.270266e-03  9.114788e-03 -5.487181e-03 
 1.230000e+04  1.460540e+00 -9.324667e-03  9.167749e-03 -5.522533e-03 
 1.235000e+04  1.494733e+00 -9.379012e-03  9.219965e-03 -5.557445e-03 
 1.240000e+04  1.530316e+00 -9.435148e-03  9.273480e-03 -5.593448e-03 
 1.245000e+04  1.565898e+00 -9.490388e-03  9.326112e-03 -5.629097e-03 
 1.250000e+04  1.601481e+00 -9.544304e-03  9.377851e-03 -5.664355e-03 
 1.255000e+04  1.637063e+00 -9.597355e-03  9.429187e-03 -5.699257e-03 
 1.260000e+04  1.672646e+00 -9.649735e-03  9.480325e-03 -5.733747e-03 
 1.265000e+04  1.708229e+00 -9.701347e-03  9.531077e-03 -5.767554e-03 
 1.270000e+04  1.745480e+00 -9.754871e-03  9.583585e-03 -5.802267e-03 
 1.275000e+04  1.786161e+00 -9.813099e-03  9.640133e-03 -5.839690e-03 
 1.280000e+04  1.827353e+00 -9.871428e-03  9.696146e-03 -5.877236e-03 
 1.285000e+04  1.868544e+00 -9.928755e-03  9.750653e-03 -5.914337e-03 
 1.290000e+04  1.909735e+00 -9.985185e-03  9.804175e-03 -5.950974e-03 
 1.295000e+04  1.950927e+00 -1.004104e-02  9.857257e-03 -5.987278e-03 
 1.300000e+04  1.992118e+00 -1.009600e-02  9.909863e-03 -6.023045e-03 
 1.305000e+04  2.033309e+00 -1.015003e-02  9.962069e-03 -6.058138e-03 
 1.310000e+04  2.075907e+00 -1.020532e-02  1.001586e-02 -6.093974e-03 
 1.315000e+04  2.121321e+00 -1.026368e-02  1.007286e-02 -6.131753e-03 
 1.320000e+04  2.166734e+00 -1.032120e-02  1.012883e-02 -6.169015e-03 
 1.325000e+04  2.213980e+00 -1.038038e-02  1.018563e-02 -6.207222e-03 
 1.330000e+04  2.264048e+00 -1.044259e-02  1.024476e-02 -6.247320e-03 
 1.335000e+04  2.314117e+00 -1.050389e-02  1.030284e-02 -6.286966e-03 
 1.340000e+04  2.364185e+00 -1.056398e-02  1.036004e-02 -6.326057e-03 
 1.345000e+04  2.414253e+00 -1.062329e-02  1.041687e-02 -6.364585e-03 
 1.350000e+04  2.464322e+00 -1.068200e-02  1.047350e-02 -6.402620e-03 
 1.355000e+04  2.514390e+00 -1.073977e-02  1.052966e-02 -6.440016e-03 
 1.360000e+04  2.566188e+00 -1.079874e-02  1.058712e-02 -6.478110e-03 
 1.365000e+04  2.622824e+00 -1.086271e-02  1.064911e-02 -6.519428e-03 
 1.370000e+04  2.680784e+00 -1.092749e-02  1.071120e-02 -6.561303e-03 
 1.375000e+04  2.738744e+00 -1.099120e-02  1.077166e-02 -6.602560e-03 
 1.380000e+04  2.798096e+00 -1.105571e-02  1.083266e-02 -6.644259e-03 
 1.385000e+04  2.858954e+00 -1.112133e-02  1.089463e-02 -6.686454e-03 
 1.390000e+04  2.919812e+00 -1.118599e-02  1.095590e-02 -6.727918e-03 
 1.395000e+04  2.980671e+00 -1.124948e-02  1.101656e-02 -6.768720e-03 
 1.400000e+04  3.042016e+00 -1.131263e-02  1.107738e-02 -6.809389e-03 
 1.405000e+04  3.105917e+00 -1.137751e-02  1.114023e-02 -6.851376e-03 
 1.410000e+04  3.169819e+00 -1.144141e-02  1.120197e-02 -6.892797e-03 
 1.415000e+04  3.237880e+00 -1.150875e-02  1.126649e-02 -6.936306e-03 
 1.420000e+04  3.308331e+00 -1.157797e-02  1.133221e-02 -6.980848e-03 
 1.425000e+04  3.378782e+00 -1.164622e-02  1.139674e-02 -7.024745e-03 
 1.430000e+04  3.449233e+00 -1.171341e-02  1.146021e-02 -7.067854e-03 
 1.435000e+04  3.519684e+00 -1.177995e-02  1.152318e-02 -7.110421e-03 
 1.440000e+04  3.590135e+00 -1.184552e-02  1.158580e-02 -7.152514e-03 
 1.445000e+04  3.660587e+00 -1.190987e-02  1.164768e-02 -7.194056e-03 
 1.450000e+04  3.735867e+00 -1.197772e-02  1.171314e-02 -7.237871e-03 
 1.455000e+04  3.816802e+00 -1.205000e-02  1.178277e-02 -7.284540e-03 
 1.460000e+04  3.898358e+00 -1.212197e-02  1.185158e-02 -7.330946e-03 
 1.465000e+04  3.980729e+00 -1.219369e-02  1.191958e-02 -7.376940e-03 
 1.470000e+04  4.069189e+00 -1.227010e-02  1.199147e-02 -7.425641e-03 
 1.475000e+04  4.159105e+00 -1.234698e-02  1.206358e-02 -7.474533e-03 
 1.480000e+04  4.249020e+00 -1.242240e-02  1.213458e-02 -7.522691e-03 
 1.485000e+04  4.338936e+00 -1.249646e-02  1.220478e-02 -7.570180e-03 
 1.490000e+04  4.428851e+00 -1.256950e-02  1.227448e-02 -7.617132e-03 
 1.495000e+04  4.518767e+00 -1.264150e-02  1.234347e-02 -7.663448e-03 
 1.500000e+04  4.611519e+00 -1.271473e-02  1.241369e-02 -7.710481e-03 
 1.505000e+04  4.715013e+00 -1.279579e-02  1.249089e-02 -7.762230e-03 
 1.510000e+04  4.819101e+00 -1.287653e-02  1.256715e-02 -7.813623e-03 
 1.515000e+04  4.923189e+00 -1.295595e-02  1.264178e-02 -7.864204e-03 
 1.520000e+04  5.027278e+00 -1.303418e-02  1.271512e-02 -7.914010e-03 
 1.525000e+04  5.131366e+00 -1.311149e-02  1.278763e-02 -7.963225e-03 
 1.530000e+04  5.235455e+00 -1.318756e-02  1.285945e-02 -8.011786e-03 
 1.535000e+04  5.339751e+00 -1.326246e-02  1.293069e-02 -8.059698e-03 
 1.540000e+04  5.456613e+00 -1.334536e-02  1.300988e-02 -8.112744e-03 
 1.545000e+04  5.577108e+00 -1.342989e-02  1.309057e-02 -8.166765e-03 
 1.550000e+04  5.697603e+00 -1.351317e-02  1.316964e-02 -8.219834e-03 
 1.555000e+04  5.822876e+00 -1.359872e-02  1.325015e-02 -8.274013e-03 
 1.560000e+04  5.955722e+00 -1.368855e-02  1.333408e-02 -8.330743e-03 
 1.565000e+04  6.088569e+00 -1.377698e-02  1.341661e-02 -8.386770e-03 
 1.570000e+04  6.221415e+00 -1.386374e-02  1.349784e-02 -8.441910e-03 
 1.575000e+04  6.354261e+00 -1.394918e-02  1.357820e-02 -8.496210e-03 
 1.580000e+04  6.493085e+00 -1.403729e-02  1.366138e-02 -8.552161e-03 
 1.585000e+04  6.632574e+00 -1.412438e-02  1.374394e-02 -8.607438e-03 
 1.590000e+04  6.781661e+00 -1.421621e-02  1.383087e-02 -8.665528e-03 
 1.595000e+04  6.943136e+00 -1.431464e-02  1.392354e-02 -8.727659e-03 
 1.600000e+04  7.104611e+00 -1.441155e-02  1.401423e-02 -8.788875e-03 
 1.605000e+04  7.266087e+00 -1.450675e-02  1.410287e-02 -8.849007e-03 
 1.610000e+04  7.430630e+00 -1.460243e-02  1.419174e-02 -8.909253e-03 
 1.615000e+04  7.600179e+00 -1.469962e-02  1.428227e-02 -8.970402e-03 
 1.620000e+04  7.769728e+00 -1.479498e-02  1.437162e-02 -9.030547e-03 
 1.625000e+04  7.940634e+00 -1.488949e-02  1.446047e-02 -9.090173e-03 
 1.630000e+04  8.125781e+00 -1.499048e-02  1.455568e-02 -9.153880e-03 
 1.635000e+04  8.312709e+00 -1.509084e-02  1.465030e-02 -9.217212e-03 
 1.640000e+04  8.499637e+00 -1.518955e-02  1.474293e-02 -9.279309e-03 
 1.645000e+04  8.702585e+00 -1.529545e-02  1.484151e-02 -9.345689e-03 
 1.650000e+04  8.908673e+00 -1.540157e-02  1.493992e-02 -9.412142e-03 
 1.655000e+04  9.114761e+00 -1.550569e-02  1.503646e-02 -9.477382e-03 
 1.660000e+04  9.320848e+00 -1.560806e-02  1.513141e-02 -9.541361e-03 
 1.665000e+04  9.526936e+00 -1.570887e-02  1.522519e-02 -9.604395e-03 
 1.670000e+04  9.733024e+00 -1.580790e-02  1.531776e-02 -9.666496e-03 
 1.675000e+04  9.943502e+00 -1.590736e-02  1.541089e-02 -9.728792e-03 
 1.680000e+04  1.018139e+01 -1.601850e-02  1.551465e-02 -9.798165e-03 
 1.685000e+04  1.041997e+01 -1.612846e-02  1.561681e-02 -9.866681e-03 
 1.690000e+04  1.065854e+01 -1.623638e-02  1.571670e-02 -9.933922e-03 
 1.695000e+04  1.090452e+01 -1.634590e-02  1.581753e-02 -1.000190e-02 
 1.700000e+04  1.116754e+01 -1.646139e-02  1.592371e-02 -1.007348e-02 
 1.705000e+04  1.143057e+01 -1.657479e-02  1.602823e-02 -1.014385e-02 
 1.710000e+04  1.169360e+01 -1.668596e-02  1.613103e-02 -1.021282e-02 
 1.715000e+04  1.196767e+01 -1.679989e-02  1.623664e-02 -1.028349e-02 
 1.720000e+04  1.224385e+01 -1.691279e-02  1.634136e-02 -1.035359e-02 
 1.725000e+04  1.252085e+01 -1.702398e-02  1.644447e-02 -1.042253e-02 
 1.730000e+04  1.282908e+01 -1.714599e-02  1.655709e-02 -1.049788e-02 
 1.735000e+04  1.314879e+01 -1.727078e-02  1.667165e-02 -1.057481e-02 
 1.740000e+04  1.346850e+01 -1.739316e-02  1.678383e-02 -1.065023e-02 
 1.745000e+04  1.378821e+01 -1.751314e-02  1.689370e-02 -1.072401e-02 
 1.750000e+04  1.411272e+01 -1.763272e-02  1.700321e-02 -1.079752e-02 
 1.755000e+04  1.444841e+01 -1.775421e-02  1.711492e-02 -1.087235e-02 
 1.760000e+04  1.478411e+01 -1.787346e-02  1.722480e-02 -1.094575e-02 
 1.765000e+04  1.514372e+01 -1.799914e-02  1.734042e-02 -1.102296e-02 
 1.770000e+04  1.551383e+01 -1.812651e-02  1.745723e-02 -1.110104e-02 
 1.775000e+04  1.588393e+01 -1.825148e-02  1.757155e-02 -1.117748e-02 
 1.780000e+04  1.626492e+01 -1.837778e-02  1.768654e-02 -1.125448e-02 
 1.785000e+04  1.667296e+01 -1.851095e-02  1.780731e-02 -1.133559e-02 
 1.790000e+04  1.708100e+01 -1.864155e-02  1.792586e-02 -1.141527e-02 
 1.795000e+04  1.748904e+01 -1.876944e-02  1.804213e-02 -1.149319e-02 
 1.800000e+04  1.792329e+01 -1.890298e-02  1.816362e-02 -1.157440e-02 
 1.805000e+04  1.837316e+01 -1.903887e-02  1.828741e-02 -1.165706e-02 
 1.810000e+04  1.882302e+01 -1.917203e-02  1.840868e-02 -1.173796e-02 
 1.815000e+04  1.929713e+01 -1.930978e-02  1.853366e-02 -1.182141e-02 
 1.820000e+04  1.979311e+01 -1.945147e-02  1.866167e-02 -1.190712e-02 
 1.825000e+04  2.028908e+01 -1.959020e-02  1.878687e-02 -1.199103e-02 
 1.830000e+04  2.078506e+01 -1.972602e-02  1.890919e-02 -1.207299e-02 
 1.835000e+04  2.132413e+01 -1.987085e-02  1.903949e-02 -1.216026e-02 
 1.840000e+04  2.187095e+01 -2.001484e-02  1.916933e-02 -1.224712e-02 
 1.845000e+04  2.241776e+01 -2.015566e-02  1.929649e-02 -1.233197e-02 
 1.850000e+04  2.299629e+01 -2.030165e-02  1.942814e-02 -1.241974e-02 
 1.855000e+04  2.359915e+01 -2.045090e-02  1.956254e-02 -1.250945e-02 
 1.860000e+04  2.420201e+01 -2.059693e-02  1.969385e-02 -1.259716e-02 
 1.865000e+04  2.481753e+01 -2.074297e-02  1.982458e-02 -1.268455e-02 
 1.870000e+04  2.548155e+01 -2.089754e-02  1.996251e-02 -1.277693e-02 
 1.875000e+04  2.614621e+01 -2.104888e-02  2.009759e-02 -1.286740e-02 
 1.880000e+04  2.681086e+01 -2.119669e-02  2.022950e-02 -1.295558e-02 
 1.885000e+04  2.752440e+01 -2.135201e-02  2.036804e-02 -1.304813e-02 
 1.890000e+04  2.825718e+01 -2.150824e-02  2.050753e-02 -1.314128e-02 
 1.895000e+04  2.898996e+01 -2.166087e-02  2.064377e-02 -1.323219e-02 
 1.900000e+04  2.975938e+01 -2.181762e-02  2.078323e-02 -1.332527e-02 
 1.905000e+04  3.056727e+01 -2.197895e-02  2.092636e-02 -1.342097e-02 
 1.910000e+04  3.137517e+01 -2.213655e-02  2.106595e-02 -1.351446e-02 
 1.915000e+04  3.219033e+01 -2.229177e-02  2.120314e-02 -1.360632e-02 
 1.920000e+04  3.308103e+01 -2.245776e-02  2.134971e-02 -1.370441e-02 
 1.925000e+04  3.397173e+01 -2.262002e-02  2.149306e-02 -1.380025e-02 
 1.930000e+04  3.486243e+01 -2.277830e-02  2.163284e-02 -1.389361e-02 
 1.935000e+04  3.584549e+01 -2.294891e-02  2.178335e-02 -1.399418e-02 
 1.940000e+04  3.687659e+01 -2.312397e-02  2.193768e-02 -1.409742e-02 
 1.945000e+04  3.790769e+01 -2.329462e-02  2.208791e-02 -1.419791e-02 
 1.950000e+04  3.893879e+01 -2.346097e-02  2.223379e-02 -1.429554e-02 
 1.955000e+04  4.000391e+01 -2.362868e-02  2.238041e-02 -1.439384e-02 
 1.960000e+04  4.108656e+01 -2.379504e-02  2.252587e-02 -1.449136e-02 
 1.965000e+04  4.218340e+01 -2.395936e-02  2.266954e-02 -1.458763e-02 
 1.970000e+04  4.337702e+01 -2.413417e-02  2.282232e-02 -1.468997e-02 
 1.975000e+04  4.457064e+01 -2.430483e-02  2.297148e-02 -1.478987e-02 
 1.980000e+04  4.576427e+01 -2.447115e-02  2.311665e-02 -1.488699e-02 
 1.985000e+04  4.705407e+01 -2.464632e-02  2.326923e-02 -1.498910e-02 
 1.990000e+04  4.843584e+01 -2.482967e-02  2.342869e-02 -1.509606e-02 
 1.995000e+04  4.981761e+01 -2.500825e-02  2.358367e-02 -1.520027e-02 
 2.000000e+04  5.119937e+01 -2.518199e-02  2.373407e-02 -1.530143e-02 
 2.005000e+04  5.259634e+01 -2.535306e-02  2.388186e-02 -1.540085e-02 
 2.010000e+04  5.404720e+01 -2.552621e-02  2.403150e-02 -1.550141e-02 
 2.015000e+04  5.557045e+01 -2.570339e-02  2.418461e-02 -1.560420e-02 
 2.020000e+04  5.717002e+01 -2.588509e-02  2.434146e-02 -1.570964e-02 
 2.025000e+04  5.876959e+01 -2.606203e-02  2.449404e-02 -1.581242e-02 
 2.030000e+04  6.036916e+01 -2.623403e-02  2.464219e-02 -1.591223e-02 
 2.035000e+04  6.204543e+01 -2.640935e-02  2.479306e-02 -1.601378e-02 
 2.040000e+04  6.380896e+01 -2.658928e-02  2.494780e-02 -1.611799e-02 
 2.045000e+04  6.557248e+01 -2.676456e-02  2.509833e-02 -1.621953e-02 
 2.050000e+04  6.733601e+01 -2.693516e-02  2.524461e-02 -1.631834e-02 
 2.055000e+04  6.917889e+01 -2.710878e-02  2.539340e-02 -1.641884e-02 
 2.060000e+04  7.103059e+01 -2.727873e-02  2.553906e-02 -1.651718e-02 
 2.065000e+04  7.295081e+01 -2.745042e-02  2.568610e-02 -1.661643e-02 
 2.070000e+04  7.496509e+01 -2.762610e-02  2.583633e-02 -1.671797e-02 
 2.075000e+04  7.700659e+01 -2.779969e-02  2.598459e-02 -1.681836e-02 
 2.080000e+04  7.904809e+01 -2.796863e-02  2.612873e-02 -1.691605e-02 
 2.085000e+04  8.110797e+01 -2.813449e-02  2.627005e-02 -1.701189e-02 
 2.090000e+04  8.325155e+01 -2.830276e-02  2.641321e-02 -1.710910e-02 
 2.095000e+04  8.539512e+01 -2.846686e-02  2.655267e-02 -1.720387e-02 
 2.100000e+04  8.763087e+01 -2.863381e-02  2.669445e-02 -1.730027e-02 
 2.105000e+04  8.988163e+01 -2.879780e-02  2.683367e-02 -1.739499e-02 
 2.110000e+04  9.213238e+01 -2.895760e-02  2.696933e-02 -1.748730e-02 
 2.115000e+04  9.445066e+01 -2.911803e-02  2.710544e-02 -1.757994e-02 
 2.120000e+04  9.683522e+01 -2.927908e-02  2.724200e-02 -1.767298e-02 
 2.125000e+04  9.931668e+01 -2.944269e-02  2.738058e-02 -1.776760e-02 
 2.130000e+04  1.017981e+02 -2.960226e-02  2.751559e-02 -1.785997e-02 
 2.135000e+04  1.042796e+02 -2.975790e-02  2.764708e-02 -1.795001e-02 
 2.140000e+04  1.067611e+02 -2.990977e-02  2.777521e-02 -1.803775e-02 
 2.145000e+04  1.092549e+02 -3.005873e-02  2.790080e-02 -1.812375e-02 
 2.150000e+04  1.119152e+02 -3.021399e-02  2.803171e-02 -1.821349e-02 
 2.155000e+04  1.146510e+02 -3.037011e-02  2.816345e-02 -1.830389e-02 
 2.160000e+04  1.173868e+02 -3.052256e-02  2.829213e-02 -1.839229e-02 
 2.165000e+04  1.201226e+02 -3.067136e-02  2.841767e-02 -1.847858e-02 
 2.170000e+04  1.228584e+02 -3.081657e-02  2.854010e-02 -1.856276e-02 
 2.175000e+04  1.257173e+02 -3.096481e-02  2.866492e-02 -1.864863e-02 
 2.180000e+04  1.285899e+02 -3.111050e-02  2.878742e-02 -1.873302e-02 
 2.185000e+04  1.314625e+02 -3.125301e-02  2.890713e-02 -1.881559e-02 
 2.190000e+04  1.343351e+02 -3.139241e-02  2.902420e-02 -1.889631e-02 
 2.195000e+04  1.372508e+02 -3.153086e-02  2.914049e-02 -1.897639e-02 
 2.200000e+04  1.402670e+02 -3.167113e-02  2.925840e-02 -1.905749e-02 
 2.205000e+04  1.432832e+02 -3.180840e-02  2.937387e-02 -1.913695e-02 
 2.210000e+04  1.463869e+02 -3.194654e-02  2.949012e-02 -1.921711e-02 
 2.215000e+04  1.495540e+02 -3.208459e-02  2.960628e-02 -1.929732e-02 
 2.220000e+04  1.527210e+02 -3.221987e-02  2.971998e-02 -1.937596e-02 
 2.225000e+04  1.558881e+02 -3.235250e-02  2.983120e-02 -1.945308e-02 
 2.230000e+04  1.590551e+02 -3.248255e-02  2.993999e-02 -1.952873e-02 
 2.235000e+04  1.622221e+02 -3.261005e-02  3.004648e-02 -1.960304e-02 
 2.240000e+04  1.653892e+02 -3.273520e-02  3.015080e-02 -1.967608e-02 
 2.245000e+04  1.685562e+02 -3.285818e-02  3.025320e-02 -1.974798e-02 
 2.250000e+04  1.717486e+02 -3.298010e-02  3.035458e-02 -1.981936e-02 
 2.255000e+04  1.750740e+02 -3.310511e-02  3.045833e-02 -1.989260e-02 
 2.260000e+04  1.783994e+02 -3.322824e-02  3.056009e-02 -1.996473e-02 
 2.265000e+04  1.817248e+02 -3.334953e-02  3.065987e-02 -2.003591e-02 
 2.270000e+04  1.850502e+02 -3.346908e-02  3.075783e-02 -2.010621e-02 
 2.275000e+04  1.883755e+02 -3.358714e-02  3.085414e-02 -2.017567e-02 
 2.280000e+04  1.917009e+02 -3.370383e-02  3.094894e-02 -2.024435e-02 
 2.285000e+04  1.950263e+02 -3.381909e-02  3.104236e-02 -2.031228e-02 
 2.290000e+04  1.983517e+02 -3.393289e-02  3.113462e-02 -2.037958e-02 
 2.295000e+04  2.016771e+02 -3.404534e-02  3.122587e-02 -2.044615e-02 
 2.300000e+04  2.051189e+02 -3.416038e-02  3.131935e-02 -2.051420e-02 
 2.305000e+04  2.086105e+02 -3.427580e-02  3.141321e-02 -2.058243e-02 
 2.310000e+04  2.121022e+02 -3.439002e-02  3.150609e-02 -2.064994e-02 
 2.315000e+04  2.155939e+02 -3.450299e-02  3.159811e-02 -2.071667e-02 
 2.320000e+04  2.190855e+02 -3.461478e-02  3.168947e-02 -2.078264e-02 
 2.325000e+04  2.225772e+02 -3.472549e-02  3.178032e-02 -2.084792e-02 
 2.330000e+04  2.260688e+02 -3.483509e-02  3.187052e-02 -2.091252e-02 
 2.335000e+04  2.295605e+02 -3.494369e-02  3.195988e-02 -2.097645e-02 
 2.340000e+04  2.330522e+02 -3.505127e-02  3.204828e-02 -2.103965e-02 
 2.345000e+04  2.365438e+02 -3.515762e-02  3.213571e-02 -2.110203e-02 
 2.350000e+04  2.400355e+02 -3.526266e-02  3.222235e-02 -2.116358e-02 
 2.355000e+04  2.435271e+02 -3.536645e-02  3.230831e-02 -2.122429e-02 
 2.360000e+04  2.470188e+02 -3.546915e-02  3.239368e-02 -2.128420e-02 
 2.365000e+04  2.505105e+02 -3.557084e-02  3.247843e-02 -2.134344e-02 
 2.370000e+04  2.540021e+02 -3.567153e-02  3.256269e-02 -2.140211e-02 
 2.375000e+04  2.575217e+02 -3.577189e-02  3.264728e-02 -2.146065e-02 
 2.380000e+04  2.611880e+02 -3.587538e-02  3.273516e-02 -2.152094e-02 
 2.385000e+04  2.648542e+02 -3.597780e-02  3.282264e-02 -2.158055e-02 
 2.390000e+04  2.685204e+02 -3.607907e-02  3.290953e-02 -2.163944e-02 
 2.395000e+04  2.722270e+02 -3.618019e-02  3.299650e-02 -2.169830e-02 
 2.400000e+04  2.760766e+02 -3.628405e-02  3.308583e-02 -2.175878e-02 
 2.405000e+04  2.799261e+02 -3.638669e-02  3.317408e-02 -2.181859e-02 
 2.410000e+04  2.838873e+02 -3.649099e-02  3.326375e-02 -2.187940e-02 
 2.415000e+04  2.880062e+02 -3.659815e-02  3.335587e-02 -2.194192e-02 
 2.420000e+04  2.922503e+02 -3.670718e-02  3.344960e-02 -2.200568e-02 
 2.425000e+04  2.965029e+02 -3.681500e-02  3.354221e-02 -2.206888e-02 
 2.430000e+04  3.009593e+02 -3.692664e-02  3.363785e-02 -2.213438e-02 
 2.435000e+04  3.054156e+02 -3.703690e-02  3.373211e-02 -2.219910e-02 
 2.440000e+04  3.098719e+02 -3.714551e-02  3.382491e-02 -2.226293e-02 
 2.445000e+04  3.146242e+02 -3.725970e-02  3.392234e-02 -2.233009e-02 
 2.450000e+04  3.195373e+02 -3.737628e-02  3.402181e-02 -2.239870e-02 
 2.455000e+04  3.244504e+02 -3.749116e-02  3.411997e-02 -2.246641e-02 
 2.460000e+04  3.293635e+02 -3.760431e-02  3.421669e-02 -2.253322e-02 
 2.465000e+04  3.344837e+02 -3.772048e-02  3.431610e-02 -2.260192e-02 
 2.470000e+04  3.399004e+02 -3.784166e-02  3.441989e-02 -2.267372e-02 
 2.475000e+04  3.453172e+02 -3.796098e-02  3.452223e-02 -2.274466e-02 
 2.480000e+04  3.509126e+02 -3.808234e-02  3.462651e-02 -2.281712e-02 
 2.485000e+04  3.566002e+02 -3.820397e-02  3.473118e-02 -2.288993e-02 
 2.490000e+04  3.623048e+02 -3.832430e-02  3.483493e-02 -2.296218e-02 
 2.495000e+04  3.682767e+02 -3.844866e-02  3.494224e-02 -2.303699e-02 
 2.500000e+04  3.743800e+02 -3.857416e-02  3.505074e-02 -2.311260e-02 
 2.505000e+04  3.806505e+02 -3.870141e-02  3.516091e-02 -2.318956e-02 
 2.510000e+04  3.869210e+02 -3.882686e-02  3.526958e-02 -2.326572e-02 
 2.515000e+04  3.932793e+02 -3.895228e-02  3.537818e-02 -2.334214e-02 
 2.520000e+04  3.998634e+02 -3.908061e-02  3.548906e-02 -2.342041e-02 
 2.525000e+04  4.064474e+02 -3.920752e-02  3.559835e-02 -2.349767e-02 
 2.530000e+04  4.130315e+02 -3.933313e-02  3.570610e-02 -2.357370e-02 
 2.535000e+04  4.196155e+02 -3.945737e-02  3.581244e-02 -2.364803e-02 
 2.540000e+04  4.261996e+02 -3.957981e-02  3.591689e-02 -2.372198e-02 
 2.545000e+04  4.327836e+02 -3.970095e-02  3.601936e-02 -2.379627e-02 
 2.550000e+04  4.394006e+02 -3.982161e-02  3.612139e-02 -2.387103e-02 
 2.555000e+04  4.463138e+02 -3.994726e-02  3.622768e-02 -2.394875e-02 
 2.560000e+04  4.532271e+02 -4.007276e-02  3.633337e-02 -2.402538e-02 
 2.565000e+04  4.601403e+02 -4.019692e-02  3.643812e-02 -2.410071e-02 
 2.570000e+04  4.670536e+02 -4.031900e-02  3.654169e-02 -2.417539e-02 
 2.575000e+04  4.739668e+02 -4.043850e-02  3.664368e-02 -2.424954e-02 
 2.580000e+04  4.808801e+02 -4.055574e-02  3.674419e-02 -2.432324e-02 
 2.585000e+04  4.877933e+02 -4.067168e-02  3.684384e-02 -2.439645e-02 
 2.590000e+04  4.947066e+02 -4.078697e-02  3.694290e-02 -2.446939e-02 
 2.595000e+04  5.016198e+02 -4.090241e-02  3.704138e-02 -2.454193e-02 
 2.600000e+04  5.085331e+02 -4.101769e-02  3.713916e-02 -2.461367e-02 
 2.605000e+04  5.154463e+02 -4.113230e-02  3.723649e-02 -2.468503e-02 
 2.610000e+04  5.223596e+02 -4.124628e-02  3.733231e-02 -2.475582e-02 
 2.615000e+04  5.292728e+02 -4.135991e-02  3.742604e-02 -2.482586e-02 
 2.620000e+04  5.361861e+02 -4.147273e-02  3.751846e-02 -2.489564e-02 
 2.625000e+04  5.430993e+02 -4.158457e-02  3.761050e-02 -2.496478e-02 
 2.630000e+04  5.500126e+02 -4.169527e-02  3.770206e-02 -2.503257e-02 
 2.635000e+04  5.569258e+02 -4.180555e-02  3.779328e-02 -2.509988e-02 
 2.640000e+04  5.638391e+02 -4.191540e-02  3.788282e-02 -2.516686e-02 
 2.645000e+04  5.707523e+02 -4.202375e-02  3.797196e-02 -2.523314e-02 
 2.650000e+04  5.776656e+02 -4.213179e-02  3.806082e-02 -2.529946e-02 
 2.655000e+04  5.845788e+02 -4.223971e-02  3.814990e-02 -2.536559e-02 
 2.660000e+04  5.914921e+02 -4.234671e-02  3.823922e-02 -2.543115e-02 
 2.665000e+04  5.984053e+02 -4.245217e-02  3.832761e-02 -2.549600e-02 
 2.670000e+04  6.053185e+02 -4.255646e-02  3.841559e-02 -2.556032e-02 
 2.675000e+04  6.122318e+02 -4.265920e-02  3.850334e-02 -2.562448e-02 
 2.680000e+04  6.191450e+02 -4.276114e-02  3.859048e-02 -2.568830e-02 
 2.685000e+04  6.260583e+02 -4.286303e-02  3.867601e-02 -2.575209e-02 
 2.690000e+04  6.329715e+02 -4.296475e-02  3.875963e-02 -2.581517e-02 
 2.695000e+04  6.398848e+02 -4.306594e-02  3.884229e-02 -2.587796e-02 
 2.700000e+04  6.467980e+02 -4.316658e-02  3.892489e-02 -2.594012e-02 
 2.705000e+04  6.537113e+02 -4.326590e-02  3.900766e-02 -2.600195e-02 
 2.710000e+04  6.606245e+02 -4.336480e-02  3.908987e-02 -2.606361e-02 
 2.715000e+04  6.675378e+02 -4.346413e-02  3.917198e-02 -2.612515e-02 
 2.720000e+04  6.744510e+02 -4.356338e-02  3.925324e-02 -2.618644e-02 
 2.725000e+04  6.813643e+02 -4.366159e-02  3.933334e-02 -2.624750e-02 
 2.730000e+04  6.882775e+02 -4.375850e-02  3.941262e-02 -2.630877e-02 
 2.735000e+04  6.951908e+02 -4.385456e-02  3.949165e-02 -2.636988e-02 
 2.740000e+04  7.021040e+02 -4.394960e-02  3.956966e-02 -2.643071e-02 
 2.745000e+04  7.090173e+02 -4.404423e-02  3.964679e-02 -2.649113e-02 
 2.750000e+04  7.159305e+02 -4.413912e-02  3.972439e-02 -2.655086e-02 
 2.755000e+04  7.228438e+02 -4.423363e-02  3.980265e-02 -2.660972e-02 
 2.760000e+04  7.297570e+02 -4.432664e-02  3.988090e-02 -2.666855e-02 
 2.765000e+04  7.366703e+02 -4.441872e-02  3.995976e-02 -2.672765e-02 
 2.770000e+04  7.438670e+02 -4.451397e-02  4.004206e-02 -2.678955e-02 
 2.775000e+04  7.511259e+02 -4.460889e-02  4.012493e-02 -2.685185e-02 
 2.780000e+04  7.587971e+02 -4.470880e-02  4.021135e-02 -2.691727e-02 
 2.785000e+04  7.669841e+02 -4.481439e-02  4.030311e-02 -2.698676e-02 
 2.790000e+04  7.753872e+02 -4.492296e-02  4.039711e-02 -2.705738e-02 
 2.795000e+04  7.837903e+02 -4.503119e-02  4.049065e-02 -2.712732e-02 
 2.800000e+04  7.921934e+02 -4.513845e-02  4.058358e-02 -2.719608e-02 
 2.805000e+04  8.005965e+02 -4.524562e-02  4.067536e-02 -2.726506e-02 
 2.810000e+04  8.089996e+02 -4.535267e-02  4.076662e-02 -2.733445e-02 
 2.815000e+04  8.174027e+02 -4.545972e-02  4.085733e-02 -2.740364e-02 
 2.820000e+04  8.261419e+02 -4.557055e-02  4.095175e-02 -2.747526e-02 
 2.825000e+04  8.353111e+02 -4.568604e-02  4.105107e-02 -2.754956e-02 
 2.830000e+04  8.455251e+02 -4.581431e-02  4.116103e-02 -2.763209e-02 
 2.835000e+04  8.557392e+02 -4.594136e-02  4.126927e-02 -2.771450e-02 
 2.840000e+04  8.659532e+02 -4.606755e-02  4.137586e-02 -2.779610e-02 
 2.845000e+04  8.761672e+02 -4.619360e-02  4.148110e-02 -2.787745e-02 
 2.850000e+04  8.863812e+02 -4.631878e-02  4.158653e-02 -2.795858e-02 
 2.855000e+04  8.965952e+02 -4.644309e-02  4.169188e-02 -2.803976e-02 
 2.860000e+04  9.068092e+02 -4.656649e-02  4.179690e-02 -2.812080e-02 
 2.865000e+04  9.170233e+02 -4.668899e-02  4.190159e-02 -2.820126e-02 
 2.870000e+04  9.272373e+02 -4.681079e-02  4.200597e-02 -2.828087e-02 
 2.875000e+04  9.374513e+02 -4.693182e-02  4.210948e-02 -2.836043e-02 
 2.880000e+04  9.476653e+02 -4.705168e-02  4.221289e-02 -2.843991e-02 
 2.885000e+04  9.578793e+02 -4.717117e-02  4.231628e-02 -2.851932e-02 
 2.890000e+04  9.680933e+02 -4.729061e-02  4.241960e-02 -2.859824e-02 
 2.895000e+04  9.783074e+02 -4.741065e-02  4.252252e-02 -2.867699e-02 
 2.900000e+04  9.893891e+02 -4.754125e-02  4.263373e-02 -2.876221e-02 
 2.905000e+04  1.000650e+03 -4.767343e-02  4.274604e-02 -2.884840e-02 
 2.910000e+04  1.011911e+03 -4.780536e-02  4.285695e-02 -2.893415e-02 
 2.915000e+04  1.023172e+03 -4.793713e-02  4.296610e-02 -2.901931e-02 
 2.920000e+04  1.034433e+03 -4.806833e-02  4.307413e-02 -2.910383e-02 
 2.925000e+04  1.045694e+03 -4.819888e-02  4.318084e-02 -2.918861e-02 
 2.930000e+04  1.056955e+03 -4.832893e-02  4.328656e-02 -2.927345e-02 
 2.935000e+04  1.068216e+03 -4.845847e-02  4.339223e-02 -2.935807e-02 
 2.940000e+04  1.079477e+03 -4.858765e-02  4.349812e-02 -2.944195e-02 
 2.945000e+04  1.090738e+03 -4.871662e-02  4.360366e-02 -2.952495e-02 
 2.950000e+04  1.101999e+03 -4.884457e-02  4.370918e-02 -2.960760e-02 
 2.955000e+04  1.113397e+03 -4.897269e-02  4.381587e-02 -2.969135e-02 
 2.960000e+04  1.124971e+03 -4.910164e-02  4.392395e-02 -2.977623e-02 
 2.965000e+04  1.136545e+03 -4.922941e-02  4.403155e-02 -2.986103e-02 
 2.970000e+04  1.148120e+03 -4.935670e-02  4.413920e-02 -2.994546e-02 
 2.975000e+04  1.159694e+03 -4.948341e-02  4.424725e-02 -3.002949e-02 
 2.980000e+04  1.171268e+03 -4.960923e-02  4.435531e-02 -3.011319e-02 
 2.985000e+04  1.182842e+03 -4.973366e-02  4.446281e-02 -3.019611e-02 
 2.990000e+04  1.194416e+03 -4.985743e-02  4.456985e-02 -3.027849e-02 
 2.995000e+04  1.205990e+03 -4.998062e-02  4.467603e-02 -3.036073e-02 
 3.000000e+04  1.217564e+03 -5.010286e-02  4.478120e-02 -3.044264e-02 
 3.005000e+04  1.229138e+03 -5.022467e-02  4.488616e-02 -3.052417e-02 
 3.010000e+04  1.240712e+03 -5.034636e-02  4.499112e-02 -3.060578e-02 
 3.015000e+04  1.252286e+03 -5.046808e-02  4.509606e-02 -3.068742e-02 
 3.020000e+04  1.263860e+03 -5.058952e-02  4.520102e-02 -3.076892e-02 
 3.025000e+04  1.275434e+03 -5.071078e-02  4.530618e-02 -3.085023e-02 
 3.030000e+04  1.287008e+03 -5.083230e-02  4.541145e-02 -3.093163e-02 
 3.035000e+04  1.298582e+03 -5.095377e-02  4.551650e-02 -3.101263e-02 
 3.040000e+04  1.310157e+03 -5.107497e-02  4.562100e-02 -3.109352e-02 
 3.045000e+04  1.321731e+03 -5.119527e-02  4.572512e-02 -3.117480e-02 
 3.050000e+04  1.333305e+03 -5.131461e-02  4.582836e-02 -3.125622e-02 
 3.055000e+04  1.344879e+03 -5.143397e-02  4.592961e-02 -3.133760e-02 
 3.060000e+04  1.356453e+03 -5.155337e-02  4.603065e-02 -3.141857e-02 
 3.065000e+04  1.368027e+03 -5.167293e-02  4.613216e-02 -3.149892e-02 
 3.070000e+04  1.379601e+03 -5.179237e-02  4.623384e-02 -3.157806e-02 
 3.075000e+04  1.391175e+03 -5.191092e-02  4.633557e-02 -3.165667e-02 
 3.080000e+04  1.402749e+03 -5.202904e-02  4.643721e-02 -3.173556e-02 
 3.085000e+04  1.414323e+03 -5.214579e-02  4.653897e-02 -3.181479e-02 
 3.090000e+04  1.425897e+03 -5.226115e-02  4.664066e-02 -3.189392e-02 
 3.095000e+04  1.437471e+03 -5.237580e-02  4.674222e-02 -3.197268e-02 
 3.100000e+04  1.449045e+03 -5.249010e-02  4.684355e-02 -3.205093e-02 
 3.105000e+04  1.460620e+03 -5.260359e-02  4.694459e-02 -3.212846e-02 
 3.110000e+04  1.472194e+03 -5.271708e-02  4.704590e-02 -3.220548e-02 
 3.115000e+04  1.483768e+03 -5.283062e-02  4.714760e-02 -3.228251e-02 
 3.120000e+04  1.495342e+03 -5.294381e-02  4.724954e-02 -3.235951e-02 
 3.125000e+04  1.506916e+03 -5.305650e-02  4.735159e-02 -3.243636e-02 
 3.130000e+04  1.518490e+03 -5.316870e-02  4.745383e-02 -3.251319e-02 
 3.135000e+04  1.530064e+03 -5.328088e-02  4.755614e-02 -3.258991e-02 
 3.140000e+04  1.541638e+03 -5.339294e-02  4.765768e-02 -3.266594e-02 
 3.145000e+04  1.553212e+03 -5.350509e-02  4.775840e-02 -3.274163e-02 
 3.150000e+04  1.564786e+03 -5.361725e-02  4.785810e-02 -3.281737e-02 
 3.155000e+04  1.576360e+03 -5.372912e-02  4.795646e-02 -3.289297e-02 
 3.160000e+04  1.587934e+03 -5.384072e-02  4.805376e-02 -3.296853e-02 
 3.165000e+04  1.599508e+03 -5.395272e-02  4.815054e-02 -3.304380e-02 
 3.170000e+04  1.611082e+03 -5.406506e-02  4.824709e-02 -3.311890e-02 
 3.175000e+04  1.622657e+03 -5.417766e-02  4.834365e-02 -3.319376e-02 
 3.180000e+04  1.634231e+03 -5.429030e-02  4.844008e-02 -3.326863e-02 
 3.185000e+04  1.645805e+03 -5.440220e-02  4.853670e-02 -3.334336e-02 
 3.190000e+04  1.657379e+03 -5.451322e-02  4.863309e-02 -3.341797e-02 
 3.195000e+04  1.668953e+03 -5.462409e-02  4.872952e-02 -3.349242e-02 
 3.200000e+04  1.680527e+03 -5.473491e-02  4.882622e-02 -3.356713e-02 
 3.205000e+04  1.692101e+03 -5.484551e-02  4.892311e-02 -3.364192e-02 
 3.210000e+04  1.703675e+03 -5.495555e-02  4.901967e-02 -3.371654e-02 
 3.215000e+04  1.715249e+03 -5.506491e-02  4.911583e-02 -3.379120e-02 
 3.220000e+04  1.726823e+03 -5.517365e-02  4.921171e-02 -3.386583e-02 
 3.225000e+04  1.738397e+03 -5.528174e-02  4.930718e-02 -3.394017e-02 
 3.230000e+04  1.749971e+03 -5.538951e-02  4.940228e-02 -3.401414e-02 
 3.235000e+04  1.761545e+03 -5.549643e-02  4.949688e-02 -3.408795e-02 
 3.240000e+04  1.773120e+03 -5.560222e-02  4.959037e-02 -3.416167e-02 
 3.245000e+04  1.784694e+03 -5.570739e-02  4.968313e-02 -3.423544e-02 
 3.250000e+04  1.796268e+03 -5.581261e-02  4.977558e-02 -3.430916e-02 
 3.255000e+04  1.807842e+03 -5.591779e-02  4.986795e-02 -3.438290e-02 
 3.260000e+04  1.819416e+03 -5.602298e-02  4.996026e-02 -3.445678e-02 
 3.265000e+04  1.830990e+03 -5.612837e-02  5.005197e-02 -3.453089e-02 
 3.270000e+04  1.842564e+03 -5.623361e-02  5.014278e-02 -3.460521e-02 
 3.275000e+04  1.854138e+03 -5.633848e-02  5.023316e-02 -3.467944e-02 
 3.280000e+04  1.865712e+03 -5.644296e-02  5.032359e-02 -3.475379e-02 
 3.285000e+04  1.877286e+03 -5.654700e-02  5.041425e-02 -3.482815e-02 
 3.290000e+04  1.888860e+03 -5.665066e-02  5.050528e-02 -3.490250e-02 
 3.295000e+04  1.900434e+03 -5.675408e-02  5.059665e-02 -3.497675e-02 
 3.300000e+04  1.912008e+03 -5.685711e-02  5.068828e-02 -3.505063e-02 
 3.305000e+04  1.923582e+03 -5.695950e-02  5.077979e-02 -3.512427e-02 
 3.310000e+04  1.935157e+03 -5.706140e-02  5.087114e-02 -3.519782e-02 
 3.315000e+04  1.946731e+03 -5.716287e-02  5.096235e-02 -3.527126e-02 
 3.320000e+04  1.958305e+03 -5.726368e-02  5.105327e-02 -3.534450e-02 
 3.325000e+04  1.969879e+03 -5.736384e-02  5.114406e-02 -3.541750e-02 
 3.330000e+04  1.981453e+03 -5.746378e-02  5.123481e-02 -3.549031e-02 
 3.335000e+04  1.993027e+03 -5.756355e-02  5.132550e-02 -3.556242e-02 
 3.340000e+04  2.004601e+03 -5.766273e-02  5.141599e-02 -3.563424e-02 
 3.345000e+04  2.016175e+03 -5.776106e-02  5.150623e-02 -3.570602e-02 
 3.350000e+04  2.027749e+03 -5.785965e-02  5.159593e-02 -3.577760e-02 
 3.355000e+04  2.039323e+03 -5.795877e-02  5.168502e-02 -3.584881e-02 
 3.360000e+04  2.050897e+03 -5.805842e-02  5.177372e-02 -3.591977e-02 
 3.365000e+04  2.062471e+03 -5.815827e-02  5.186199e-02 -3.599061e-02 
 3.370000e+04  2.074045e+03 -5.825813e-02  5.194888e-02 -3.606110e-02 
 3.375000e+04  2.085620e+03 -5.835791e-02  5.203499e-02 -3.613119e-02 
 3.380000e+04  2.097194e+03 -5.845773e-02  5.212095e-02 -3.620097e-02 
 3.385000e+04  2.108768e+03 -5.855766e-02  5.220668e-02 -3.627061e-02 
 3.390000e+04  2.120342e+03 -5.865775e-02  5.229248e-02 -3.634040e-02 
 3.395000e+04  2.131916e+03 -5.875777e-02  5.237870e-02 -3.641029e-02 
 3.400000e+04  2.143490e+03 -5.885774e-02  5.246554e-02 -3.648016e-02 
 3.405000e+04  2.155064e+03 -5.895784e-02  5.255269e-02 -3.654997e-02 
 3.410000e+04  2.166638e+03 -5.905796e-02  5.263986e-02 -3.661999e-02 
 3.415000e+04  2.178212e+03 -5.915868e-02  5.272674e-02 -3.669009e-02 
 3.420000e+04  2.189786e+03 -5.925963e-02  5.281332e-02 -3.675987e-02 
 3.425000e+04  2.201360e+03 -5.936078e-02  5.289969e-02 -3.682960e-02 
 3.430000e+04  2.212934e+03 -5.946167e-02  5.298600e-02 -3.689932e-02 
 3.435000e+04  2.224508e+03 -5.956241e-02  5.307208e-02 -3.696896e-02 
 3.440000e+04  2.236082e+03 -5.966267e-02  5.315806e-02 -3.703859e-02 
 3.445000e+04  2.247657e+03 -5.976143e-02  5.324403e-02 -3.710791e-02 
 3.450000e+04  2.258675e+03 -5.985550e-02  5.332608e-02 -3.717292e-02 
 3.455000e+04  2.259842e+03 -5.986532e-02  5.333479e-02 -3.717966e-02 
 3.460000e+04  2.260305e+03 -5.986802e-02  5.333867e-02 -3.718107e-02 
 3.465000e+04  2.260768e+03 -5.986942e-02  5.334295e-02 -3.718273e-02 
 3.470000e+04  2.261231e+03 -5.987237e-02  5.334766e-02 -3.718556e-02 
 3.475000e+04  2.261694e+03 -5.987680e-02  5.335211e-02 -3.718882e-02 
 3.480000e+04  2.262157e+03 -5.988131e-02  5.335540e-02 -3.719212e-02 
 3.485000e+04  2.262620e+03 -5.988546e-02  5.335791e-02 -3.719495e-02 
 3.490000e+04  2.263082e+03 -5.988913e-02  5.336048e-02 -3.719761e-02 
 3.495000e+04  2.263545e+03 -5.989290e-02  5.336332e-02 -3.719995e-02 
 3.500000e+04  2.264008e+03 -5.989730e-02  5.336653e-02 -3.720246e-02 
 3.505000e+04  2.264471e+03 -5.990284e-02  5.337042e-02 -3.720516e-02 
 3.510000e+04  2.264934e+03 -5.990814e-02  5.337399e-02 -3.720805e-02 
 3.515000e+04  2.265397e+03 -5.991231e-02  5.337704e-02 -3.721070e-02 
 3.520000e+04  2.265860e+03 -5.991631e-02  5.337979e-02 -3.721341e-02 
 3.525000e+04  2.266323e+03 -5.992078e-02  5.338229e-02 -3.721625e-02 
 3.530000e+04  2.266786e+03 -5.992519e-02  5.338491e-02 -3.721902e-02 
 3.535000e+04  2.267249e+03 -5.992943e-02  5.338814e-02 -3.722183e-02 
 3.540000e+04  2.267712e+03 -5.993382e-02  5.339181e-02 -3.722471e-02 
 3.545000e+04  2.268175e+03 -5.993804e-02  5.339532e-02 -3.722765e-02 
 3.550000e+04  2.268638e+03 -5.994222e-02  5.339852e-02 -3.723018e-02 
 3.555000e+04  2.269101e+03 -5.994650e-02  5.340138e-02 -3.723268e-02 
 3.560000e+04  2.269564e+03 -5.995079e-02  5.340453e-02 -3.723550e-02 
 3.565000e+04  2.270027e+03 -5.995484e-02  5.340795e-02 -3.723839e-02 
 3.570000e+04  2.270490e+03 -5.995883e-02  5.341148e-02 -3.724137e-02 
 3.575000e+04  2.270953e+03 -5.996313e-02  5.341489e-02 -3.724436e-02 
 3.580000e+04  2.271416e+03 -5.996773e-02  5.341786e-02 -3.724717e-02 
 3.585000e+04  2.271879e+03 -5.997208e-02  5.342074e-02 -3.724973e-02 
 3.590000e+04  2.272342e+03 -5.997620e-02  5.342380e-02 -3.725233e-02 
 3.595000e+04  2.272805e+03 -5.998051e-02  5.342732e-02 -3.725503e-02 
 3.600000e+04  2.273268e+03 -5.998488e-02  5.343092e-02 -3.725782e-02 
 3.605000e+04  2.273731e+03 -5.998929e-02  5.343431e-02 -3.726067e-02 
 3.610000e+04  2.274194e+03 -5.999349e-02  5.343744e-02 -3.726368e-02 
 3.615000e+04  2.274657e+03 -5.999741e-02  5.344060e-02 -3.726650e-02 
 3.620000e+04  2.275120e+03 -6.000133e-02  5.344379e-02 -3.726921e-02 
 3.625000e+04  2.275582e+03 -6.000554e-02  5.344704e-02 -3.727196e-02 
 3.630000e+04  2.276045e+03 -6.001002e-02  5.345048e-02 -3.727476e-02 
 3.635000e+04  2.276508e+03 -6.001450e-02  5.345394e-02 -3.727754e-02 
 3.640000e+04  2.276971e+03 -6.001873e-02  5.345738e-02 -3.728025e-02 
 3.645000e+04  2.277434e+03 -6.002285e-02  5.346067e-02 -3.728298e-02 
 3.650000e+04  2.277897e+03 -6.002692e-02  5.346388e-02 -3.728576e-02 
 3.655000e+04  2.278360e+03 -6.003097e-02  5.346709e-02 -3.728862e-02 
 3.660000e+04  2.278823e+03 -6.003513e-02  5.347038e-02 -3.729153e-02 
 3.665000e+04  2.279286e+03 -6.003928e-02  5.347378e-02 -3.729445e-02 
 3.670000e+04  2.279749e+03 -6.004349e-02  5.347722e-02 -3.729723e-02 
 3.675000e+04  2.280212e+03 -6.004780e-02  5.348048e-02 -3.729993e-02 
 3.680000e+04  2.280675e+03 -6.005218e-02  5.348372e-02 -3.730253e-02 
 3.685000e+04  2.281138e+03 -6.005650e-02  5.348700e-02 -3.730521e-02 
 3.690000e+04  2.281601e+03 -6.006068e-02  5.349032e-02 -3.730799e-02 
 3.695000e+04  2.282064e+03 -6.006469e-02  5.349376e-02 -3.731091e-02 
 3.700000e+04  2.282527e+03 -6.006876e-02  5.349712e-02 -3.731385e-02 
 3.705000e+04  2.282990e+03 -6.007291e-02  5.350035e-02 -3.731671e-02 
 3.710000e+04  2.283453e+03 -6.007705e-02  5.350359e-02 -3.731947e-02 
 3.715000e+04  2.283916e+03 -6.008113e-02  5.350688e-02 -3.732219e-02 
 3.720000e+04  2.284379e+03 -6.008524e-02  5.351031e-02 -3.732492e-02 
 3.725000e+04  2.284842e+03 -6.008944e-02  5.351378e-02 -3.732766e-02 
 3.730000e+04  2.285305e+03 -6.009379e-02  5.351715e-02 -3.733046e-02 
 3.735000e+04  2.285768e+03 -6.009802e-02  5.352050e-02 -3.733322e-02 
 3.740000e+04  2.286231e+03 -6.010208e-02  5.352382e-02 -3.733597e-02 
 3.745000e+04  2.286694e+03 -6.010609e-02  5.352717e-02 -3.733877e-02 
 3.750000e+04  2.287157e+03 -6.011013e-02  5.353056e-02 -3.734158e-02 
 3.755000e+04  2.287620e+03 -6.011428e-02  5.353389e-02 -3.734440e-02 
 3.760000e+04  2.288100e+03 -6.011866e-02  5.353736e-02 -3.734727e-02 
 3.765000e+04  2.288586e+03 -6.012306e-02  5.354085e-02 -3.735018e-02 
 3.770000e+04  2.289072e+03 -6.012737e-02  5.354431e-02 -3.735300e-02 
 3.775000e+04  2.289558e+03 -6.013162e-02  5.354779e-02 -3.735584e-02 
 3.780000e+04  2.290048e+03 -6.013601e-02  5.355132e-02 -3.735877e-02 
 3.785000e+04  2.290558e+03 -6.014056e-02  5.355502e-02 -3.736189e-02 
 3.790000e+04  2.291069e+03 -6.014499e-02  5.355878e-02 -3.736499e-02 
 3.795000e+04  2.291588e+03 -6.014947e-02  5.356258e-02 -3.736812e-02 
 3.800000e+04  2.292124e+03 -6.015410e-02  5.356647e-02 -3.737130e-02 
 3.805000e+04  2.292660e+03 -6.015879e-02  5.357034e-02 -3.737444e-02 
 3.810000e+04  2.293196e+03 -6.016357e-02  5.357422e-02 -3.737760e-02 
 3.815000e+04  2.293753e+03 -6.016863e-02  5.357829e-02 -3.738094e-02 
 3.820000e+04  2.294316e+03 -6.017359e-02  5.358240e-02 -3.738430e-02 
 3.825000e+04  2.294879e+03 -6.017848e-02  5.358643e-02 -3.738764e-02 
 3.830000e+04  2.295441e+03 -6.018329e-02  5.359044e-02 -3.739106e-02 
 3.835000e+04  2.296032e+03 -6.018848e-02  5.359466e-02 -3.739465e-02 
 3.840000e+04  2.296622e+03 -6.019360e-02  5.359893e-02 -3.739819e-02 
 3.845000e+04  2.297217e+03 -6.019882e-02  5.360331e-02 -3.740172e-02 
 3.850000e+04  2.297837e+03 -6.020434e-02  5.360794e-02 -3.740536e-02 
 3.855000e+04  2.298458e+03 -6.020993e-02  5.361242e-02 -3.740897e-02 
 3.860000e+04  2.299078e+03 -6.021548e-02  5.361683e-02 -3.741262e-02 
 3.865000e+04  2.299706e+03 -6.022105e-02  5.362127e-02 -3.741635e-02 
 3.870000e+04  2.300357e+03 -6.022672e-02  5.362600e-02 -3.742025e-02 
 3.875000e+04  2.301009e+03 -6.023226e-02  5.363080e-02 -3.742422e-02 
 3.880000e+04  2.301660e+03 -6.023789e-02  5.363552e-02 -3.742815e-02 
 3.885000e+04  2.302344e+03 -6.024383e-02  5.364044e-02 -3.743221e-02 
 3.890000e+04  2.303028e+03 -6.024985e-02  5.364548e-02 -3.743625e-02 
 3.895000e+04  2.303712e+03 -6.025585e-02  5.365049e-02 -3.744024e-02 
 3.900000e+04  2.304396e+03 -6.026176e-02  5.365555e-02 -3.744425e-02 
 3.905000e+04  2.305108e+03 -6.026807e-02  5.366078e-02 -3.744846e-02 
 3.910000e+04  2.305826e+03 -6.027441e-02  5.366601e-02 -3.745273e-02 
 3.915000e+04  2.306544e+03 -6.028060e-02  5.367113e-02 -3.745704e-02 
 3.920000e+04  2.307277e+03 -6.028684e-02  5.367634e-02 -3.746145e-02 
 3.925000e+04  2.308031e+03 -6.029331e-02  5.368184e-02 -3.746604e-02 
 3.930000e+04  2.308785e+03 -6.029983e-02  5.368735e-02 -3.747053e-02 
 3.935000e+04  2.309544e+03 -6.030648e-02  5.369287e-02 -3.747498e-02 
 3.940000e+04  2.310335e+03 -6.031349e-02  5.369864e-02 -3.747961e-02 
 3.945000e+04  2.311127e+03 -6.032047e-02  5.370448e-02 -3.748429e-02 
 3.950000e+04  2.311919e+03 -6.032743e-02  5.371026e-02 -3.748893e-02 
 3.955000e+04  2.312728e+03 -6.033442e-02  5.371608e-02 -3.749371e-02 
 3.960000e+04  2.313560e+03 -6.034167e-02  5.372208e-02 -3.749869e-02 
 3.965000e+04  2.314391e+03 -6.034879e-02  5.372810e-02 -3.750373e-02 
 3.970000e+04  2.315250e+03 -6.035617e-02  5.373431e-02 -3.750886e-02 
 3.975000e+04  2.316123e+03 -6.036372e-02  5.374068e-02 -3.751404e-02 
 3.980000e+04  2.316996e+03 -6.037131e-02  5.374704e-02 -3.751919e-02 
 3.985000e+04  2.317869e+03 -6.037895e-02  5.375340e-02 -3.752435e-02 
 3.990000e+04  2.318759e+03 -6.038677e-02  5.375986e-02 -3.752956e-02 
 3.995000e+04  2.319676e+03 -6.039476e-02  5.376655e-02 -3.753494e-02 
 4.000000e+04  2.320593e+03 -6.040272e-02  5.377321e-02 -3.754039e-02 
 4.005000e+04  2.321509e+03 -6.041058e-02  5.377981e-02 -3.754587e-02 
 4.010000e+04  2.322470e+03 -6.041888e-02  5.378673e-02 -3.755160e-02 
 4.015000e+04  2.323432e+03 -6.042719e-02  5.379373e-02 -3.755735e-02 
 4.020000e+04  2.324395e+03 -6.043550e-02  5.380074e-02 -3.756305e-02 
 4.025000e+04  2.325385e+03 -6.044410e-02  5.380799e-02 -3.756883e-02 
 4.030000e+04  2.326396e+03 -6.045294e-02  5.381534e-02 -3.757479e-02 
 4.035000e+04  2.327406e+03 -6.046176e-02  5.382268e-02 -3.758079e-02 
 4.040000e+04  2.328417e+03 -6.047045e-02  5.382998e-02 -3.758675e-02 
 4.045000e+04  2.329428e+03 -6.047911e-02  5.383730e-02 -3.759276e-02 
 4.050000e+04  2.330487e+03 -6.048820e-02  5.384505e-02 -3.759915e-02 
 4.055000e+04  2.331548e+03 -6.049732e-02  5.385279e-02 -3.760547e-02 
 4.060000e+04  2.332617e+03 -6.050652e-02  5.386053e-02 -3.761175e-02 
 4.065000e+04  2.333732e+03 -6.051618e-02  5.386868e-02 -3.761831e-02 
 4.070000e+04  2.334846e+03 -6.052589e-02  5.387688e-02 -3.762483e-02 
 4.075000e+04  2.335960e+03 -6.053556e-02  5.388501e-02 -3.763138e-02 
 4.080000e+04  2.337116e+03 -6.054562e-02  5.389344e-02 -3.763821e-02 
 4.085000e+04  2.338303e+03 -6.055594e-02  5.390201e-02 -3.764526e-02 
 4.090000e+04  2.339531e+03 -6.056649e-02  5.391086e-02 -3.765256e-02 
 4.095000e+04  2.340759e+03 -6.057697e-02  5.391964e-02 -3.765985e-02 
 4.100000e+04  2.341988e+03 -6.058749e-02  5.392854e-02 -3.766716e-02 
 4.105000e+04  2.343216e+03 -6.059809e-02  5.393757e-02 -3.767450e-02 
 4.110000e+04  2.344457e+03 -6.060884e-02  5.394666e-02 -3.768185e-02 
 4.115000e+04  2.345747e+03 -6.062002e-02  5.395610e-02 -3.768937e-02 
 4.120000e+04  2.347049e+03 -6.063136e-02  5.396564e-02 -3.769699e-02 
 4.125000e+04  2.348404e+03 -6.064307e-02  5.397548e-02 -3.770494e-02 
 4.130000e+04  2.349758e+03 -6.065469e-02  5.398524e-02 -3.771293e-02 
 4.135000e+04  2.351114e+03 -6.066641e-02  5.399506e-02 -3.772099e-02 
 4.140000e+04  2.352536e+03 -6.067868e-02  5.400540e-02 -3.772953e-02 
 4.145000e+04  2.353958e+03 -6.069094e-02  5.401570e-02 -3.773799e-02 
 4.150000e+04  2.355381e+03 -6.070313e-02  5.402597e-02 -3.774639e-02 
 4.155000e+04  2.356874e+03 -6.071604e-02  5.403690e-02 -3.775512e-02 
 4.160000e+04  2.358367e+03 -6.072899e-02  5.404788e-02 -3.776384e-02 
 4.165000e+04  2.359860e+03 -6.074191e-02  5.405884e-02 -3.777256e-02 
 4.170000e+04  2.361386e+03 -6.075507e-02  5.407003e-02 -3.778159e-02 
 4.175000e+04  2.362954e+03 -6.076861e-02  5.408145e-02 -3.779089e-02 
 4.180000e+04  2.364522e+03 -6.078212e-02  5.409272e-02 -3.780020e-02 
 4.185000e+04  2.366118e+03 -6.079580e-02  5.410411e-02 -3.780964e-02 
 4.190000e+04  2.367764e+03 -6.080988e-02  5.411599e-02 -3.781939e-02 
 4.195000e+04  2.369410e+03 -6.082402e-02  5.412801e-02 -3.782912e-02 
 4.200000e+04  2.371074e+03 -6.083835e-02  5.414023e-02 -3.783892e-02 
 4.205000e+04  2.372804e+03 -6.085331e-02  5.415295e-02 -3.784904e-02 
 4.210000e+04  2.374619e+03 -6.086904e-02  5.416625e-02 -3.785969e-02 
 4.215000e+04  2.376434e+03 -6.088459e-02  5.417952e-02 -3.787034e-02 
 4.220000e+04  2.378249e+03 -6.090008e-02  5.419268e-02 -3.788097e-02 
 4.225000e+04  2.380113e+03 -6.091603e-02  5.420619e-02 -3.789199e-02 
 4.230000e+04  2.382019e+03 -6.093237e-02  5.422003e-02 -3.790331e-02 
 4.235000e+04  2.383924e+03 -6.094868e-02  5.423381e-02 -3.791457e-02 
 4.240000e+04  2.385917e+03 -6.096569e-02  5.424829e-02 -3.792623e-02 
 4.245000e+04  2.387918e+03 -6.098289e-02  5.426290e-02 -3.793794e-02 
 4.250000e+04  2.389919e+03 -6.100008e-02  5.427754e-02 -3.794963e-02 
 4.255000e+04  2.391930e+03 -6.101727e-02  5.429221e-02 -3.796135e-02 
 4.260000e+04  2.394031e+03 -6.103526e-02  5.430758e-02 -3.797364e-02 
 4.265000e+04  2.396132e+03 -6.105330e-02  5.432294e-02 -3.798600e-02 
 4.270000e+04  2.398325e+03 -6.107207e-02  5.433887e-02 -3.799888e-02 
 4.275000e+04  2.400531e+03 -6.109080e-02  5.435482e-02 -3.801182e-02 
 4.280000e+04  2.402823e+03 -6.111032e-02  5.437147e-02 -3.802526e-02 
 4.285000e+04  2.405140e+03 -6.113010e-02  5.438844e-02 -3.803884e-02 
 4.290000e+04  2.407456e+03 -6.114986e-02  5.440539e-02 -3.805237e-02 
 4.295000e+04  2.409860e+03 -6.117033e-02  5.442310e-02 -3.806640e-02 
 4.300000e+04  2.412292e+03 -6.119098e-02  5.444104e-02 -3.808058e-02 
 4.305000e+04  2.414739e+03 -6.121158e-02  5.445906e-02 -3.809483e-02 
 4.310000e+04  2.417293e+03 -6.123302e-02  5.447776e-02 -3.810971e-02 
 4.315000e+04  2.419847e+03 -6.125449e-02  5.449646e-02 -3.812464e-02 
 4.320000e+04  2.422400e+03 -6.127605e-02  5.451519e-02 -3.813958e-02 
 4.325000e+04  2.425013e+03 -6.129813e-02  5.453436e-02 -3.815484e-02 
 4.330000e+04  2.427710e+03 -6.132101e-02  5.455416e-02 -3.817058e-02 
 4.335000e+04  2.430526e+03 -6.134486e-02  5.457488e-02 -3.818700e-02 
 4.340000e+04  2.433341e+03 -6.136866e-02  5.459458e-02 -3.820263e-02 
 4.345000e+04  2.436157e+03 -6.139250e-02  5.461283e-02 -3.821751e-02 
 4.350000e+04  2.438972e+03 -6.141680e-02  5.463139e-02 -3.823322e-02 
 4.355000e+04  2.441788e+03 -6.144187e-02  5.465146e-02 -3.825007e-02 
 4.360000e+04  2.444603e+03 -6.146629e-02  5.467227e-02 -3.826696e-02 
 4.365000e+04  2.447419e+03 -6.148979e-02  5.469332e-02 -3.828346e-02 
 4.370000e+04  2.450234e+03 -6.151355e-02  5.471436e-02 -3.830008e-02 
 4.375000e+04  2.453049e+03 -6.153764e-02  5.473528e-02 -3.831624e-02 
 4.380000e+04  2.455865e+03 -6.156136e-02  5.475598e-02 -3.833191e-02 
 4.385000e+04  2.458680e+03 -6.158448e-02  5.477699e-02 -3.834768e-02 
 4.390000e+04  2.461496e+03 -6.160743e-02  5.479850e-02 -3.836398e-02 
 4.395000e+04  2.464311e+03 -6.163051e-02  5.481986e-02 -3.838047e-02 
 4.400000e+04  2.467127e+03 -6.165381e-02  5.484060e-02 -3.839684e-02 
 4.405000e+04  2.469942e+03 -6.167676e-02  5.486126e-02 -3.841318e-02 
 4.410000e+04  2.472758e+03 -6.169899e-02  5.488253e-02 -3.842955e-02 
 4.415000e+04  2.475573e+03 -6.172096e-02  5.490421e-02 -3.844576e-02 
 4.420000e+04  2.478389e+03 -6.174343e-02  5.492601e-02 -3.846181e-02 
 4.425000e+04  2.481204e+03 -6.176679e-02  5.494763e-02 -3.847783e-02 
 4.430000e+04  2.484020e+03 -6.179085e-02  5.496889e-02 -3.849376e-02 
 4.435000e+04  2.486835e+03 -6.181468e-02  5.498960e-02 -3.850974e-02 
 4.440000e+04  2.489650e+03 -6.183811e-02  5.501002e-02 -3.852580e-02 
 4.445000e+04  2.492466e+03 -6.186153e-02  5.503008e-02 -3.854204e-02 
 4.450000e+04  2.495281e+03 -6.188515e-02  5.505012e-02 -3.855832e-02 
 4.455000e+04  2.498097e+03 -6.190894e-02  5.507020e-02 -3.857456e-02 
 4.460000e+04  2.500912e+03 -6.193260e-02  5.509047e-02 -3.859075e-02 
 4.465000e+04  2.503728e+03 -6.195615e-02  5.511122e-02 -3.860687e-02 
 4.470000e+04  2.506543e+03 -6.197983e-02  5.513211e-02 -3.862287e-02 
 4.475000e+04  2.509359e+03 -6.200366e-02  5.515281e-02 -3.863874e-02 
 4.480000e+04  2.512174e+03 -6.202757e-02  5.517316e-02 -3.865464e-02 
 4.485000e+04  2.514990e+03 -6.205129e-02  5.519343e-02 -3.867070e-02 
 4.490000e+04  2.517805e+03 -6.207466e-02  5.521371e-02 -3.868687e-02 
 4.495000e+04  2.520621e+03 -6.209765e-02  5.523395e-02 -3.870311e-02 
 4.500000e+04  2.523436e+03 -6.212053e-02  5.525426e-02 -3.871932e-02 
 4.505000e+04  2.526252e+03 -6.214347e-02  5.527484e-02 -3.873548e-02 
 4.510000e+04  2.529185e+03 -6.216744e-02  5.529660e-02 -3.875219e-02 
 4.515000e+04  2.532201e+03 -6.219202e-02  5.531913e-02 -3.876919e-02 
 4.520000e+04  2.535305e+03 -6.221738e-02  5.534233e-02 -3.878662e-02 
 4.525000e+04  2.538511e+03 -6.224381e-02  5.536602e-02 -3.880469e-02 
 4.530000e+04  2.541770e+03 -6.227075e-02  5.538964e-02 -3.882314e-02 
 4.535000e+04  2.545030e+03 -6.229755e-02  5.541294e-02 -3.884177e-02 
 4.540000e+04  2.548289e+03 -6.232418e-02  5.543623e-02 -3.886051e-02 
 4.545000e+04  2.551548e+03 -6.235073e-02  5.545963e-02 -3.887923e-02 
 4.550000e+04  2.554902e+03 -6.237818e-02  5.548378e-02 -3.889839e-02 
 4.555000e+04  2.558413e+03 -6.240716e-02  5.550915e-02 -3.891831e-02 
 4.560000e+04  2.562035e+03 -6.243713e-02  5.553543e-02 -3.893879e-02 
 4.565000e+04  2.565808e+03 -6.246841e-02  5.556282e-02 -3.896005e-02 
 4.570000e+04  2.569672e+03 -6.250041e-02  5.559077e-02 -3.898183e-02 
 4.575000e+04  2.573633e+03 -6.253329e-02  5.561917e-02 -3.900426e-02 
 4.580000e+04  2.577595e+03 -6.256613e-02  5.564728e-02 -3.902686e-02 
 4.585000e+04  2.581628e+03 -6.259935e-02  5.567568e-02 -3.904999e-02 
 4.590000e+04  2.585788e+03 -6.263330e-02  5.570509e-02 -3.907382e-02 
 4.595000e+04  2.589947e+03 -6.266710e-02  5.573476e-02 -3.909753e-02 
 4.600000e+04  2.594211e+03 -6.270178e-02  5.576546e-02 -3.912175e-02 
 4.605000e+04  2.598762e+03 -6.273895e-02  5.579848e-02 -3.914749e-02 
 4.610000e+04  2.603500e+03 -6.277776e-02  5.583293e-02 -3.917421e-02 
 4.615000e+04  2.608315e+03 -6.281711e-02  5.586786e-02 -3.920140e-02 
 4.620000e+04  2.613285e+03 -6.285755e-02  5.590372e-02 -3.922958e-02 
 4.625000e+04  2.618341e+03 -6.289850e-02  5.593993e-02 -3.925834e-02 
 4.630000e+04  2.623397e+03 -6.293941e-02  5.597601e-02 -3.928720e-02 
 4.635000e+04  2.628489e+03 -6.298057e-02  5.601234e-02 -3.931632e-02 
 4.640000e+04  2.633835e+03 -6.302374e-02  5.605059e-02 -3.934687e-02 
 4.645000e+04  2.639409e+03 -6.306878e-02  5.609068e-02 -3.937868e-02 
 4.650000e+04  2.645084e+03 -6.311475e-02  5.613169e-02 -3.941096e-02 
 4.655000e+04  2.650996e+03 -6.316275e-02  5.617451e-02 -3.944443e-02 
 4.660000e+04  2.657141e+03 -6.321284e-02  5.621894e-02 -3.947913e-02 
 4.665000e+04  2.663287e+03 -6.326279e-02  5.626324e-02 -3.951393e-02 
 4.670000e+04  2.669587e+03 -6.331387e-02  5.630840e-02 -3.954975e-02 
 4.675000e+04  2.676175e+03 -6.336724e-02  5.635545e-02 -3.958736e-02 
 4.680000e+04  2.682951e+03 -6.342203e-02  5.640382e-02 -3.962615e-02 
 4.685000e+04  2.689754e+03 -6.347699e-02  5.645251e-02 -3.966506e-02 
 4.690000e+04  2.696897e+03 -6.353460e-02  5.650375e-02 -3.970582e-02 
 4.695000e+04  2.704367e+03 -6.359482e-02  5.655763e-02 -3.974822e-02 
 4.700000e+04  2.711867e+03 -6.365542e-02  5.661191e-02 -3.979069e-02 
 4.705000e+04  2.719711e+03 -6.371887e-02  5.666883e-02 -3.983501e-02 
 4.710000e+04  2.727782e+03 -6.378423e-02  5.672738e-02 -3.988055e-02 
 4.715000e+04  2.736018e+03 -6.385093e-02  5.678692e-02 -3.992705e-02 
 4.720000e+04  2.744534e+03 -6.391974e-02  5.684816e-02 -3.997522e-02 
 4.725000e+04  2.753182e+03 -6.398952e-02  5.691003e-02 -4.002421e-02 
 4.730000e+04  2.761830e+03 -6.405928e-02  5.697168e-02 -4.007323e-02 
 4.735000e+04  2.770893e+03 -6.413241e-02  5.703610e-02 -4.012465e-02 
 4.740000e+04  2.779973e+03 -6.420583e-02  5.710044e-02 -4.017607e-02 
 4.745000e+04  2.789053e+03 -6.427943e-02  5.716491e-02 -4.022740e-02 
 4.750000e+04  2.798460e+03 -6.435585e-02  5.723184e-02 -4.028051e-02 
 4.755000e+04  2.807994e+03 -6.443338e-02  5.729964e-02 -4.033425e-02 
 4.760000e+04  2.817528e+03 -6.451055e-02  5.736692e-02 -4.038768e-02 
 4.765000e+04  2.827063e+03 -6.458706e-02  5.743409e-02 -4.044110e-02 
 4.770000e+04  2.836597e+03 -6.466321e-02  5.750149e-02 -4.049481e-02 
 4.775000e+04  2.846131e+03 -6.473956e-02  5.756909e-02 -4.054871e-02 
 4.780000e+04  2.855665e+03 -6.481622e-02  5.763631e-02 -4.060264e-02 
 4.785000e+04  2.865199e+03 -6.489311e-02  5.770323e-02 -4.065652e-02 
 4.790000e+04  2.874733e+03 -6.496988e-02  5.777026e-02 -4.071028e-02 
 4.795000e+04  2.884563e+03 -6.504867e-02  5.783959e-02 -4.076526e-02 
 4.800000e+04  2.894574e+03 -6.512843e-02  5.791021e-02 -4.082103e-02 
 4.805000e+04  2.904868e+03 -6.521052e-02  5.798255e-02 -4.087820e-02 
 4.810000e+04  2.916152e+03 -6.530044e-02  5.806152e-02 -4.094075e-02 
 4.815000e+04  2.927726e+03 -6.539222e-02  5.814236e-02 -4.100492e-02 
 4.820000e+04  2.939300e+03 -6.548357e-02  5.822309e-02 -4.106909e-02 
 4.825000e+04  2.950875e+03 -6.557432e-02  5.830381e-02 -4.113313e-02 
 4.830000e+04  2.962449e+03 -6.566479e-02  5.838451e-02 -4.119694e-02 
 4.835000e+04  2.974023e+03 -6.575495e-02  5.846531e-02 -4.126044e-02 
 4.840000e+04  2.985597e+03 -6.584475e-02  5.854634e-02 -4.132389e-02 
 4.845000e+04  2.997171e+03 -6.593411e-02  5.862756e-02 -4.138745e-02 
 4.850000e+04  3.008745e+03 -6.602300e-02  5.870893e-02 -4.145090e-02 
 4.855000e+04  3.020319e+03 -6.611172e-02  5.879016e-02 -4.151448e-02 
 4.860000e+04  3.031893e+03 -6.620050e-02  5.887148e-02 -4.157828e-02 
 4.865000e+04  3.043467e+03 -6.628914e-02  5.895278e-02 -4.164197e-02 
 4.870000e+04  3.055041e+03 -6.637807e-02  5.903352e-02 -4.170514e-02 
 4.875000e+04  3.066615e+03 -6.646692e-02  5.911407e-02 -4.176844e-02 
 4.880000e+04  3.078189e+03 -6.655577e-02  5.919447e-02 -4.183194e-02 
 4.885000e+04  3.089763e+03 -6.664478e-02  5.927460e-02 -4.189552e-02 
 4.890000e+04  3.101337e+03 -6.673399e-02  5.935459e-02 -4.195922e-02 
 4.895000e+04  3.112912e+03 -6.682317e-02  5.943421e-02 -4.202282e-02 
 4.900000e+04  3.124486e+03 -6.691219e-02  5.951355e-02 -4.208617e-02 
 4.905000e+04  3.136060e+03 -6.700073e-02  5.959299e-02 -4.214935e-02 
 4.910000e+04  3.147634e+03 -6.708906e-02  5.967227e-02 -4.221233e-02 
 4.915000e+04  3.159208e+03 -6.717731e-02  5.975141e-02 -4.227514e-02 
 4.920000e+04  3.170782e+03 -6.726556e-02  5.983010e-02 -4.233799e-02 
 4.925000e+04  3.182356e+03 -6.735362e-02  5.990858e-02 -4.240077e-02 
 4.930000e+04  3.193930e+03 -6.744126e-02  5.998708e-02 -4.246339e-02 
 4.935000e+04  3.205504e+03 -6.752837e-02  6.006568e-02 -4.252581e-02 
 4.940000e+04  3.217078e+03 -6.761494e-02  6.014427e-02 -4.258823e-02 
 4.945000e+04  3.228652e+03 -6.770117e-02  6.022283e-02 -4.265066e-02 
 4.950000e+04  3.240226e+03 -6.778718e-02  6.030158e-02 -4.271303e-02 
 4.955000e+04  3.251800e+03 -6.787276e-02  6.038063e-02 -4.277536e-02 
 4.960000e+04  3.263375e+03 -6.795819e-02  6.046003e-02 -4.283768e-02 
 4.965000e+04  3.274949e+03 -6.804353e-02  6.053963e-02 -4.289977e-02 
 4.970000e+04  3.286523e+03 -6.812898e-02  6.061917e-02 -4.296170e-02 
 4.975000e+04  3.298097e+03 -6.821456e-02  6.069832e-02 -4.302364e-02 
 4.980000e+04  3.309671e+03 -6.830023e-02  6.077703e-02 -4.308562e-02 
 4.985000e+04  3.321245e+03 -6.838591e-02  6.085512e-02 -4.314762e-02 
 4.990000e+04  3.332819e+03 -6.847154e-02  6.093276e-02 -4.320963e-02 
 4.995000e+04  3.344393e+03 -6.855731e-02  6.101032e-02 -4.327150e-02 
 5.000000e+04  3.355967e+03 -6.864326e-02  6.108768e-02 -4.333329e-02 
 5.005000e+04  3.367541e+03 -6.872948e-02  6.116481e-02 -4.339493e-02 
 5.010000e+04  3.379115e+03 -6.881591e-02  6.124135e-02 -4.345652e-02 
 5.015000e+04  3.390689e+03 -6.890242e-02  6.131755e-02 -4.351807e-02 
 5.020000e+04  3.402263e+03 -6.898884e-02  6.139356e-02 -4.357978e-02 
 5.025000e+04  3.413837e+03 -6.907508e-02  6.146963e-02 -4.364152e-02 
 5.030000e+04  3.425412e+03 -6.916109e-02  6.154568e-02 -4.370322e-02 
 5.035000e+04  3.436986e+03 -6.924677e-02  6.162165e-02 -4.376477e-02 
 5.040000e+04  3.448560e+03 -6.933182e-02  6.169758e-02 -4.382629e-02 
 5.045000e+04  3.460134e+03 -6.941650e-02  6.177357e-02 -4.388767e-02 
 5.050000e+04  3.471708e+03 -6.950104e-02  6.184978e-02 -4.394883e-02 
 5.055000e+04  3.483282e+03 -6.958558e-02  6.192630e-02 -4.400989e-02 
 5.060000e+04  3.494856e+03 -6.967014e-02  6.200305e-02 -4.407085e-02 
 5.065000e+04  3.506430e+03 -6.975462e-02  6.207969e-02 -4.413176e-02 
 5.070000e+04  3.518004e+03 -6.983889e-02  6.215612e-02 -4.419263e-02 
 5.075000e+04  3.529578e+03 -6.992322e-02  6.223237e-02 -4.425344e-02 
 5.080000e+04  3.541152e+03 -7.000776e-02  6.230841e-02 -4.431423e-02 
 5.085000e+04  3.552726e+03 -7.009259e-02  6.238411e-02 -4.437502e-02 
 5.090000e+04  3.564300e+03 -7.017775e-02  6.245946e-02 -4.443570e-02 
 5.095000e+04  3.575875e+03 -7.026319e-02  6.253465e-02 -4.449626e-02 
 5.100000e+04  3.587449e+03 -7.034894e-02  6.260968e-02 -4.455666e-02 
 5.105000e+04  3.599023e+03 -7.043442e-02  6.268457e-02 -4.461664e-02 
 5.110000e+04  3.610597e+03 -7.051999e-02  6.275927e-02 -4.467619e-02 
 5.115000e+04  3.622171e+03 -7.060581e-02  6.283407e-02 -4.473594e-02 
 5.120000e+04  3.633745e+03 -7.069177e-02  6.290938e-02 -4.479599e-02 
 5.125000e+04  3.645319e+03 -7.077792e-02  6.298467e-02 -4.485616e-02 
 5.130000e+04  3.656893e+03 -7.086415e-02  6.305968e-02 -4.491638e-02 
 5.135000e+04  3.668467e+03 -7.095012e-02  6.313467e-02 -4.497660e-02 
 5.140000e+04  3.680041e+03 -7.103596e-02  6.320952e-02 -4.503652e-02 
 5.145000e+04  3.691615e+03 -7.112204e-02  6.328431e-02 -4.509643e-02 
 5.150000e+04  3.703189e+03 -7.120837e-02  6.335884e-02 -4.515645e-02 
 5.155000e+04  3.714763e+03 -7.129514e-02  6.343267e-02 -4.521654e-02 
 5.160000e+04  3.726337e+03 -7.138222e-02  6.350322e-02 -4.527649e-02 
 5.165000e+04  3.731615e+03 -7.142197e-02  6.353489e-02 -4.530307e-02 
 5.170000e+04  3.733930e+03 -7.143959e-02  6.354938e-02 -4.531487e-02 
 5.175000e+04  3.736245e+03 -7.145804e-02  6.356475e-02 -4.532707e-02 
 5.180000e+04  3.738560e+03 -7.147735e-02  6.357947e-02 -4.533917e-02 
 5.185000e+04  3.740875e+03 -7.149486e-02  6.359319e-02 -4.535059e-02 
 5.190000e+04  3.743189e+03 -7.151191e-02  6.360723e-02 -4.536183e-02 
 5.195000e+04  3.745504e+03 -7.152956e-02  6.362197e-02 -4.537389e-02 
 5.200000e+04  3.747819e+03 -7.154731e-02  6.363689e-02 -4.538658e-02 
 5.205000e+04  3.750134e+03 -7.156376e-02  6.365146e-02 -4.539899e-02 
 5.210000e+04  3.752449e+03 -7.158030e-02  6.366655e-02 -4.541103e-02 
 5.215000e+04  3.754763e+03 -7.159741e-02  6.368197e-02 -4.542321e-02 
 5.220000e+04  3.757078e+03 -7.161407e-02  6.369703e-02 -4.543493e-02 
 5.225000e+04  3.759393e+03 -7.163002e-02  6.371221e-02 -4.544644e-02 
 5.230000e+04  3.761708e+03 -7.164642e-02  6.372837e-02 -4.545834e-02 
 5.235000e+04  3.764023e+03 -7.166293e-02  6.374490e-02 -4.547070e-02 
 5.240000e+04  3.766337e+03 -7.167936e-02  6.376053e-02 -4.548286e-02 
 5.245000e+04  3.768652e+03 -7.169604e-02  6.377549e-02 -4.549493e-02 
 5.250000e+04  3.770967e+03 -7.171295e-02  6.379060e-02 -4.550706e-02 
 5.255000e+04  3.773282e+03 -7.172968e-02  6.380549e-02 -4.551910e-02 
 5.260000e+04  3.775597e+03 -7.174633e-02  6.382014e-02 -4.553099e-02 
 5.265000e+04  3.777912e+03 -7.176355e-02  6.383507e-02 -4.554302e-02 
 5.270000e+04  3.780226e+03 -7.178140e-02  6.385037e-02 -4.555516e-02 
 5.275000e+04  3.782541e+03 -7.179890e-02  6.386551e-02 -4.556697e-02 
 5.280000e+04  3.784856e+03 -7.181590e-02  6.388032e-02 -4.557883e-02 
 5.285000e+04  3.787171e+03 -7.183306e-02  6.389532e-02 -4.559098e-02 
 5.290000e+04  3.789486e+03 -7.185028e-02  6.391013e-02 -4.560310e-02 
 5.295000e+04  3.791800e+03 -7.186742e-02  6.392469e-02 -4.561513e-02 
 5.300000e+04  3.794115e+03 -7.188455e-02  6.393927e-02 -4.562728e-02 
 5.305000e+04  3.796430e+03 -7.190176e-02  6.395426e-02 -4.563946e-02 
 5.310000e+04  3.798745e+03 -7.191887e-02  6.396925e-02 -4.565149e-02 
 5.315000e+04  3.801060e+03 -7.193567e-02  6.398413e-02 -4.566334e-02 
 5.320000e+04  3.803375e+03 -7.195249e-02  6.399925e-02 -4.567529e-02 
 5.325000e+04  3.805689e+03 -7.196927e-02  6.401454e-02 -4.568741e-02 
 5.330000e+04  3.808004e+03 -7.198590e-02  6.402983e-02 -4.569948e-02 
 5.335000e+04  3.810319e+03 -7.200258e-02  6.404499e-02 -4.571150e-02 
 5.340000e+04  3.812634e+03 -7.201948e-02  6.406006e-02 -4.572359e-02 
 5.345000e+04  3.814949e+03 -7.203635e-02  6.407500e-02 -4.573563e-02 
 5.350000e+04  3.817263e+03 -7.205312e-02  6.408978e-02 -4.574766e-02 
 5.355000e+04  3.819578e+03 -7.206992e-02  6.410459e-02 -4.575971e-02 
 5.360000e+04  3.821893e+03 -7.208682e-02  6.411950e-02 -4.577174e-02 
 5.365000e+04  3.824208e+03 -7.210378e-02  6.413439e-02 -4.578372e-02 
 5.370000e+04  3.826523e+03 -7.212073e-02  6.414929e-02 -4.579578e-02 
 5.375000e+04  3.828837e+03 -7.213766e-02  6.416420e-02 -4.580789e-02 
 5.380000e+04  3.831152e+03 -7.215444e-02  6.417908e-02 -4.582000e-02 
 5.385000e+04  3.833467e+03 -7.217132e-02  6.419388e-02 -4.583204e-02 
 5.390000e+04  3.835782e+03 -7.218832e-02  6.420858e-02 -4.584407e-02 
 5.395000e+04  3.838097e+03 -7.220539e-02  6.422327e-02 -4.585606e-02 
 5.400000e+04  3.840412e+03 -7.222243e-02  6.423794e-02 -4.586808e-02 
 5.405000e+04  3.842726e+03 -7.223936e-02  6.425266e-02 -4.588017e-02 
 5.410000e+04  3.845041e+03 -7.225604e-02  6.426733e-02 -4.589226e-02 
 5.415000e+04  3.847356e+03 -7.227267e-02  6.428221e-02 -4.590433e-02 
 5.420000e+04  3.849671e+03 -7.228945e-02  6.429717e-02 -4.591643e-02 
 5.425000e+04  3.851986e+03 -7.230621e-02  6.431214e-02 -4.592847e-02 
 5.430000e+04  3.854300e+03 -7.232291e-02  6.432705e-02 -4.594049e-02 
 5.435000e+04  3.856615e+03 -7.233959e-02  6.434194e-02 -4.595254e-02 
 5.440000e+04  3.858930e+03 -7.235637e-02  6.435673e-02 -4.596459e-02 
 5.445000e+04  3.861245e+03 -7.237311e-02  6.437146e-02 -4.597667e-02 
 5.450000e+04  3.863560e+03 -7.238992e-02  6.438616e-02 -4.598872e-02 
 5.455000e+04  3.865875e+03 -7.240668e-02  6.440089e-02 -4.600074e-02 
 5.460000e+04  3.868189e+03 -7.242336e-02  6.441570e-02 -4.601281e-02 
 5.465000e+04  3.870504e+03 -7.243998e-02  6.443046e-02 -4.602493e-02 
 5.470000e+04  3.872819e+03 -7.245667e-02  6.444524e-02 -4.603700e-02 
 5.475000e+04  3.875134e+03 -7.247337e-02  6.446000e-02 -4.604904e-02 
 5.480000e+04  3.877449e+03 -7.249018e-02  6.447475e-02 -4.606099e-02 
 5.485000e+04  3.879763e+03 -7.250707e-02  6.448937e-02 -4.607297e-02 
 5.490000e+04  3.882078e+03 -7.252395e-02  6.450395e-02 -4.608501e-02 
 5.495000e+04  3.884393e+03 -7.254074e-02  6.451846e-02 -4.609711e-02 
 5.500000e+04  3.886708e+03 -7.255738e-02  6.453292e-02 -4.610916e-02 
 5.505000e+04  3.889023e+03 -7.257405e-02  6.454754e-02 -4.612124e-02 
 5.510000e+04  3.891337e+03 -7.259078e-02  6.456218e-02 -4.613333e-02 
 5.515000e+04  3.893652e+03 -7.260747e-02  6.457686e-02 -4.614533e-02 
 5.520000e+04  3.895967e+03 -7.262415e-02  6.459157e-02 -4.615730e-02 
 5.525000e+04  3.898282e+03 -7.264080e-02  6.460631e-02 -4.616927e-02 
 5.530000e+04  3.900597e+03 -7.265733e-02  6.462100e-02 -4.618126e-02 
 5.535000e+04  3.902912e+03 -7.267385e-02  6.463563e-02 -4.619320e-02 
 5.540000e+04  3.905226e+03 -7.269044e-02  6.465023e-02 -4.620516e-02 
 5.545000e+04  3.907541e+03 -7.270709e-02  6.466480e-02 -4.621711e-02 
 5.550000e+04  3.909856e+03 -7.272366e-02  6.467936e-02 -4.622909e-02 
 5.555000e+04  3.912171e+03 -7.274010e-02  6.469400e-02 -4.624112e-02 
 5.560000e+04  3.914486e+03 -7.275655e-02  6.470868e-02 -4.625312e-02 
 5.565000e+04  3.916800e+03 -7.277313e-02  6.472335e-02 -4.626504e-02 
 5.570000e+04  3.919115e+03 -7.278974e-02  6.473800e-02 -4.627694e-02 
 5.575000e+04  3.921430e+03 -7.280635e-02  6.475263e-02 -4.628879e-02 
 5.580000e+04  3.923745e+03 -7.282295e-02  6.476724e-02 -4.630065e-02 
 5.585000e+04  3.926060e+03 -7.283952e-02  6.478173e-02 -4.631259e-02 
 5.590000e+04  3.928437e+03 -7.285648e-02  6.479652e-02 -4.632485e-02 
 5.595000e+04  3.930868e+03 -7.287367e-02  6.481165e-02 -4.633738e-02 
 5.600000e+04  3.933298e+03 -7.289085e-02  6.482684e-02 -4.634986e-02 
 5.605000e+04  3.935729e+03 -7.290807e-02  6.484204e-02 -4.636232e-02 
 5.610000e+04  3.938159e+03 -7.292533e-02  6.485735e-02 -4.637476e-02 
 5.615000e+04  3.940595e+03 -7.294259e-02  6.487272e-02 -4.638725e-02 
 5.620000e+04  3.943147e+03 -7.296059e-02  6.488883e-02 -4.640032e-02 
 5.625000e+04  3.945699e+03 -7.297859e-02  6.490486e-02 -4.641338e-02 
 5.630000e+04  3.948251e+03 -7.299663e-02  6.492082e-02 -4.642641e-02 
 5.635000e+04  3.950854e+03 -7.301504e-02  6.493701e-02 -4.643974e-02 
 5.640000e+04  3.953534e+03 -7.303402e-02  6.495366e-02 -4.645347e-02 
 5.645000e+04  3.956213e+03 -7.305300e-02  6.497041e-02 -4.646722e-02 
 5.650000e+04  3.958893e+03 -7.307196e-02  6.498716e-02 -4.648100e-02 
 5.655000e+04  3.961701e+03 -7.309184e-02  6.500475e-02 -4.649539e-02 
 5.660000e+04  3.964515e+03 -7.311171e-02  6.502239e-02 -4.650972e-02 
 5.665000e+04  3.967329e+03 -7.313170e-02  6.504000e-02 -4.652402e-02 
 5.670000e+04  3.970213e+03 -7.315210e-02  6.505801e-02 -4.653873e-02 
 5.675000e+04  3.973167e+03 -7.317299e-02  6.507645e-02 -4.655379e-02 
 5.680000e+04  3.976121e+03 -7.319392e-02  6.509482e-02 -4.656889e-02 
 5.685000e+04  3.979076e+03 -7.321480e-02  6.511317e-02 -4.658399e-02 
 5.690000e+04  3.982116e+03 -7.323634e-02  6.513199e-02 -4.659956e-02 
 5.695000e+04  3.985218e+03 -7.325835e-02  6.515121e-02 -4.661540e-02 
 5.700000e+04  3.988320e+03 -7.328026e-02  6.517047e-02 -4.663115e-02 
 5.705000e+04  3.991447e+03 -7.330241e-02  6.518991e-02 -4.664701e-02 
 5.710000e+04  3.994704e+03 -7.332551e-02  6.521017e-02 -4.666357e-02 
 5.715000e+04  3.997961e+03 -7.334864e-02  6.523043e-02 -4.668012e-02 
 5.720000e+04  4.001313e+03 -7.337244e-02  6.525118e-02 -4.669715e-02 
 5.725000e+04  4.004733e+03 -7.339660e-02  6.527231e-02 -4.671452e-02 
 5.730000e+04  4.008153e+03 -7.342067e-02  6.529339e-02 -4.673190e-02 
 5.735000e+04  4.011573e+03 -7.344466e-02  6.531444e-02 -4.674927e-02 
 5.740000e+04  4.014993e+03 -7.346861e-02  6.533555e-02 -4.676665e-02 
 5.745000e+04  4.018574e+03 -7.349364e-02  6.535769e-02 -4.678478e-02 
 5.750000e+04  4.022165e+03 -7.351874e-02  6.537994e-02 -4.680293e-02 
 5.755000e+04  4.025756e+03 -7.354383e-02  6.540221e-02 -4.682103e-02 
 5.760000e+04  4.029444e+03 -7.356955e-02  6.542506e-02 -4.683963e-02 
 5.765000e+04  4.033214e+03 -7.359585e-02  6.544838e-02 -4.685866e-02 
 5.770000e+04  4.036985e+03 -7.362218e-02  6.547161e-02 -4.687772e-02 
 5.775000e+04  4.040782e+03 -7.364871e-02  6.549495e-02 -4.689690e-02 
 5.780000e+04  4.044741e+03 -7.367642e-02  6.551925e-02 -4.691692e-02 
 5.785000e+04  4.048700e+03 -7.370413e-02  6.554366e-02 -4.693689e-02 
 5.790000e+04  4.052659e+03 -7.373175e-02  6.556806e-02 -4.695685e-02 
 5.795000e+04  4.056805e+03 -7.376066e-02  6.559360e-02 -4.697773e-02 
 5.800000e+04  4.060962e+03 -7.378971e-02  6.561921e-02 -4.699867e-02 
 5.805000e+04  4.065260e+03 -7.381977e-02  6.564569e-02 -4.702028e-02 
 5.810000e+04  4.069625e+03 -7.385028e-02  6.567259e-02 -4.704221e-02 
 5.815000e+04  4.073990e+03 -7.388062e-02  6.569949e-02 -4.706414e-02 
 5.820000e+04  4.078477e+03 -7.391185e-02  6.572707e-02 -4.708672e-02 
 5.825000e+04  4.083060e+03 -7.394380e-02  6.575520e-02 -4.710980e-02 
 5.830000e+04  4.087643e+03 -7.397576e-02  6.578328e-02 -4.713281e-02 
 5.835000e+04  4.092424e+03 -7.400913e-02  6.581259e-02 -4.715678e-02 
 5.840000e+04  4.097236e+03 -7.404270e-02  6.584219e-02 -4.718091e-02 
 5.845000e+04  4.102048e+03 -7.407624e-02  6.587181e-02 -4.720505e-02 
 5.850000e+04  4.107101e+03 -7.411144e-02  6.590286e-02 -4.723035e-02 
 5.855000e+04  4.112361e+03 -7.414803e-02  6.593520e-02 -4.725671e-02 
 5.860000e+04  4.117667e+03 -7.418496e-02  6.596777e-02 -4.728329e-02 
 5.865000e+04  4.122973e+03 -7.422181e-02  6.600024e-02 -4.730989e-02 
 5.870000e+04  4.128416e+03 -7.425959e-02  6.603353e-02 -4.733714e-02 
 5.875000e+04  4.133987e+03 -7.429831e-02  6.606763e-02 -4.736504e-02 
 5.880000e+04  4.139558e+03 -7.433698e-02  6.610179e-02 -4.739293e-02 
 5.885000e+04  4.145129e+03 -7.437540e-02  6.613597e-02 -4.742074e-02 
 5.890000e+04  4.150856e+03 -7.441450e-02  6.617112e-02 -4.744933e-02 
 5.895000e+04  4.156705e+03 -7.445455e-02  6.620697e-02 -4.747858e-02 
 5.900000e+04  4.162555e+03 -7.449469e-02  6.624270e-02 -4.750774e-02 
 5.905000e+04  4.168492e+03 -7.453551e-02  6.627897e-02 -4.753724e-02 
 5.910000e+04  4.174677e+03 -7.457807e-02  6.631692e-02 -4.756804e-02 
 5.915000e+04  4.181126e+03 -7.462245e-02  6.635659e-02 -4.760020e-02 
 5.920000e+04  4.187575e+03 -7.466673e-02  6.639617e-02 -4.763230e-02 
 5.925000e+04  4.194230e+03 -7.471236e-02  6.643685e-02 -4.766538e-02 
 5.930000e+04  4.201001e+03 -7.475878e-02  6.647828e-02 -4.769911e-02 
 5.935000e+04  4.207773e+03 -7.480510e-02  6.651980e-02 -4.773277e-02 
 5.940000e+04  4.214544e+03 -7.485133e-02  6.656130e-02 -4.776634e-02 
 5.945000e+04  4.221519e+03 -7.489900e-02  6.660402e-02 -4.780084e-02 
 5.950000e+04  4.228629e+03 -7.494768e-02  6.664749e-02 -4.783604e-02 
 5.955000e+04  4.235789e+03 -7.499680e-02  6.669121e-02 -4.787149e-02 
 5.960000e+04  4.243381e+03 -7.504881e-02  6.673751e-02 -4.790908e-02 
 5.965000e+04  4.251220e+03 -7.510241e-02  6.678532e-02 -4.794783e-02 
 5.970000e+04  4.259411e+03 -7.515835e-02  6.683525e-02 -4.798835e-02 
 5.975000e+04  4.267642e+03 -7.521450e-02  6.688526e-02 -4.802903e-02 
 5.980000e+04  4.276235e+03 -7.527314e-02  6.693740e-02 -4.807145e-02 
 5.985000e+04  4.284877e+03 -7.533197e-02  6.698993e-02 -4.811413e-02 
 5.990000e+04  4.293926e+03 -7.539340e-02  6.704502e-02 -4.815878e-02 
 5.995000e+04  4.303000e+03 -7.545498e-02  6.710019e-02 -4.820349e-02 
 6.000000e+04  4.312437e+03 -7.551910e-02  6.715728e-02 -4.824992e-02 
 6.005000e+04  4.322270e+03 -7.558594e-02  6.721655e-02 -4.829832e-02 
 6.010000e+04  4.332275e+03 -7.565376e-02  6.727681e-02 -4.834755e-02 
 6.015000e+04  4.342329e+03 -7.572173e-02  6.733735e-02 -4.839701e-02 
 6.020000e+04  4.352834e+03 -7.579267e-02  6.740062e-02 -4.844865e-02 
 6.025000e+04  4.363339e+03 -7.586365e-02  6.746392e-02 -4.850029e-02 
 6.030000e+04  4.374054e+03 -7.593612e-02  6.752839e-02 -4.855283e-02 
 6.035000e+04  4.385454e+03 -7.601310e-02  6.759689e-02 -4.860864e-02 
 6.040000e+04  4.397028e+03 -7.609117e-02  6.766647e-02 -4.866532e-02 
 6.045000e+04  4.408602e+03 -7.616911e-02  6.773604e-02 -4.872198e-02 
 6.050000e+04  4.420176e+03 -7.624691e-02  6.780542e-02 -4.877858e-02 
 6.055000e+04  4.431750e+03 -7.632469e-02  6.787459e-02 -4.883515e-02 
 6.060000e+04  4.443324e+03 -7.640246e-02  6.794362e-02 -4.889165e-02 
 6.065000e+04  4.454898e+03 -7.647996e-02  6.801253e-02 -4.894797e-02 
 6.070000e+04  4.466472e+03 -7.655718e-02  6.808139e-02 -4.900387e-02 
 6.075000e+04  4.478046e+03 -7.663436e-02  6.815019e-02 -4.905959e-02 
 6.080000e+04  4.489620e+03 -7.671142e-02  6.821872e-02 -4.911537e-02 
 6.085000e+04  4.501194e+03 -7.678833e-02  6.828718e-02 -4.917115e-02 
 6.090000e+04  4.512768e+03 -7.686520e-02  6.835574e-02 -4.922719e-02 
 6.095000e+04  4.524342e+03 -7.694203e-02  6.842438e-02 -4.928333e-02 
 6.100000e+04  4.535917e+03 -7.701878e-02  6.849293e-02 -4.933938e-02 
 6.105000e+04  4.547491e+03 -7.709558e-02  6.856133e-02 -4.939526e-02 
 6.110000e+04  4.559065e+03 -7.717251e-02  6.862975e-02 -4.945094e-02 
 6.115000e+04  4.570639e+03 -7.724930e-02  6.869824e-02 -4.950630e-02 
 6.120000e+04  4.582213e+03 -7.732587e-02  6.876678e-02 -4.956157e-02 
 6.125000e+04  4.593787e+03 -7.740235e-02  6.883523e-02 -4.961692e-02 
 6.130000e+04  4.605361e+03 -7.747887e-02  6.890350e-02 -4.967246e-02 
 6.135000e+04  4.616935e+03 -7.755552e-02  6.897159e-02 -4.972811e-02 
 6.140000e+04  4.628509e+03 -7.763218e-02  6.903950e-02 -4.978380e-02 
 6.145000e+04  4.640083e+03 -7.770872e-02  6.910733e-02 -4.983940e-02 
 6.150000e+04  4.651657e+03 -7.778525e-02  6.917505e-02 -4.989490e-02 
 6.155000e+04  4.663231e+03 -7.786190e-02  6.924275e-02 -4.995029e-02 
 6.160000e+04  4.674805e+03 -7.793868e-02  6.931050e-02 -5.000559e-02 
 6.165000e+04  4.686379e+03 -7.801537e-02  6.937828e-02 -5.006089e-02 
 6.170000e+04  4.697954e+03 -7.809192e-02  6.944612e-02 -5.011609e-02 
 6.175000e+04  4.709528e+03 -7.816836e-02  6.951392e-02 -5.017134e-02 
 6.180000e+04  4.721102e+03 -7.824446e-02  6.958157e-02 -5.022663e-02 
 6.185000e+04  4.732676e+03 -7.832030e-02  6.964910e-02 -5.028190e-02 
 6.190000e+04  4.744250e+03 -7.839624e-02  6.971669e-02 -5.033724e-02 
 6.195000e+04  4.755824e+03 -7.847221e-02  6.978444e-02 -5.039258e-02 
 6.200000e+04  4.767398e+03 -7.854816e-02  6.985237e-02 -5.044786e-02 
 6.205000e+04  4.778972e+03 -7.862413e-02  6.992048e-02 -5.050292e-02 
 6.210000e+04  4.790546e+03 -7.870017e-02  6.998877e-02 -5.055789e-02 
 6.215000e+04  4.802120e+03 -7.877625e-02  7.005707e-02 -5.061290e-02 
 6.220000e+04  4.813694e+03 -7.885230e-02  7.012530e-02 -5.066795e-02 
 6.225000e+04  4.825268e+03 -7.892827e-02  7.019354e-02 -5.072301e-02 
 6.230000e+04  4.836842e+03 -7.900434e-02  7.026176e-02 -5.077807e-02 
 6.235000e+04  4.848417e+03 -7.908031e-02  7.032995e-02 -5.083319e-02 
 6.240000e+04  4.859991e+03 -7.915644e-02  7.039810e-02 -5.088837e-02 
 6.245000e+04  4.871565e+03 -7.923278e-02  7.046600e-02 -5.094365e-02 
 6.250000e+04  4.883139e+03 -7.930931e-02  7.053368e-02 -5.099892e-02 
 6.255000e+04  4.894713e+03 -7.938602e-02  7.060121e-02 -5.105410e-02 
 6.260000e+04  4.906287e+03 -7.946288e-02  7.066880e-02 -5.110926e-02 
 6.265000e+04  4.917861e+03 -7.953989e-02  7.073648e-02 -5.116440e-02 
 6.270000e+04  4.929435e+03 -7.961703e-02  7.080416e-02 -5.121949e-02 
 6.275000e+04  4.941009e+03 -7.969429e-02  7.087181e-02 -5.127456e-02 
 6.280000e+04  4.952583e+03 -7.977150e-02  7.093941e-02 -5.132971e-02 
 6.285000e+04  4.964157e+03 -7.984870e-02  7.100702e-02 -5.138487e-02 
 6.290000e+04  4.975731e+03 -7.992556e-02  7.107453e-02 -5.144005e-02 
 6.295000e+04  4.987305e+03 -8.000219e-02  7.114195e-02 -5.149511e-02 
 6.300000e+04  4.998879e+03 -8.007878e-02  7.120924e-02 -5.155007e-02 
 6.305000e+04  5.010454e+03 -8.015518e-02  7.127662e-02 -5.160501e-02 
 6.310000e+04  5.022028e+03 -8.023144e-02  7.134425e-02 -5.165986e-02 
 6.315000e+04  5.033602e+03 -8.030758e-02  7.141217e-02 -5.171472e-02 
 6.320000e+04  5.045176e+03 -8.038358e-02  7.148029e-02 -5.176910e-02 
 6.325000e+04  5.056750e+03 -8.045938e-02  7.154768e-02 -5.182313e-02 
 6.330000e+04  5.068324e+03 -8.053517e-02  7.161432e-02 -5.187724e-02 
 6.335000e+04  5.079898e+03 -8.061098e-02  7.168123e-02 -5.193179e-02 
 6.340000e+04  5.091472e+03 -8.068652e-02  7.174854e-02 -5.198657e-02 
 6.345000e+04  5.103046e+03 -8.076169e-02  7.181492e-02 -5.204069e-02 
 6.350000e+04  5.105361e+03 -8.077674e-02  7.182680e-02 -5.205057e-02 
 6.355000e+04  5.107676e+03 -8.079214e-02  7.183853e-02 -5.206062e-02 
 6.360000e+04  5.109991e+03 -8.080836e-02  7.185143e-02 -5.207171e-02 
 6.365000e+04  5.112305e+03 -8.082427e-02  7.186466e-02 -5.208227e-02 
 6.370000e+04  5.114620e+03 -8.083819e-02  7.187805e-02 -5.209293e-02 
 6.375000e+04  5.116935e+03 -8.085306e-02  7.189225e-02 -5.210412e-02 
 6.380000e+04  5.119250e+03 -8.086796e-02  7.190633e-02 -5.211541e-02 
 6.385000e+04  5.121565e+03 -8.088239e-02  7.191986e-02 -5.212594e-02 
 6.390000e+04  5.123879e+03 -8.089618e-02  7.193363e-02 -5.213656e-02 
 6.395000e+04  5.126194e+03 -8.091023e-02  7.194851e-02 -5.214747e-02 
 6.400000e+04  5.128509e+03 -8.092496e-02  7.196324e-02 -5.215817e-02 
 6.405000e+04  5.130824e+03 -8.093978e-02  7.197696e-02 -5.216879e-02 
 6.410000e+04  5.133139e+03 -8.095429e-02  7.199085e-02 -5.217969e-02 
 6.415000e+04  5.135454e+03 -8.096852e-02  7.200519e-02 -5.219071e-02 
 6.420000e+04  5.137768e+03 -8.098221e-02  7.201948e-02 -5.220156e-02 
 6.425000e+04  5.140083e+03 -8.099636e-02  7.203346e-02 -5.221241e-02 
 6.430000e+04  5.142398e+03 -8.101148e-02  7.204739e-02 -5.222333e-02 
 6.435000e+04  5.144713e+03 -8.102683e-02  7.206147e-02 -5.223418e-02 
 6.440000e+04  5.147028e+03 -8.104188e-02  7.207538e-02 -5.224483e-02 
 6.445000e+04  5.149342e+03 -8.105684e-02  7.208909e-02 -5.225551e-02 
 6.450000e+04  5.151657e+03 -8.107216e-02  7.210265e-02 -5.226620e-02 
 6.455000e+04  5.153972e+03 -8.108756e-02  7.211597e-02 -5.227700e-02 
 6.460000e+04  5.156287e+03 -8.110267e-02  7.212926e-02 -5.228789e-02 
 6.465000e+04  5.158602e+03 -8.111736e-02  7.214293e-02 -5.229889e-02 
 6.470000e+04  5.160917e+03 -8.113208e-02  7.215682e-02 -5.230988e-02 
 6.475000e+04  5.163231e+03 -8.114693e-02  7.217080e-02 -5.232078e-02 
 6.480000e+04  5.165546e+03 -8.116190e-02  7.218451e-02 -5.233146e-02 
 6.485000e+04  5.167861e+03 -8.117716e-02  7.219823e-02 -5.234210e-02 
 6.490000e+04  5.170176e+03 -8.119222e-02  7.221217e-02 -5.235277e-02 
 6.495000e+04  5.172491e+03 -8.120712e-02  7.222607e-02 -5.236344e-02 
 6.500000e+04  5.174805e+03 -8.122179e-02  7.223974e-02 -5.237431e-02 
 6.505000e+04  5.177120e+03 -8.123655e-02  7.225339e-02 -5.238529e-02 
 6.510000e+04  5.179435e+03 -8.125128e-02  7.226702e-02 -5.239627e-02 
 6.515000e+04  5.181750e+03 -8.126582e-02  7.228084e-02 -5.240715e-02 
 6.520000e+04  5.184065e+03 -8.128043e-02  7.229475e-02 -5.241792e-02 
 6.525000e+04  5.186379e+03 -8.129541e-02  7.230881e-02 -5.242861e-02 
 6.530000e+04  5.188694e+03 -8.131069e-02  7.232271e-02 -5.243922e-02 
 6.535000e+04  5.191009e+03 -8.132593e-02  7.233629e-02 -5.244990e-02 
 6.540000e+04  5.193324e+03 -8.134101e-02  7.234985e-02 -5.246069e-02 
 6.545000e+04  5.195639e+03 -8.135593e-02  7.236339e-02 -5.247158e-02 
 6.550000e+04  5.197954e+03 -8.137077e-02  7.237681e-02 -5.248244e-02 
 6.555000e+04  5.200268e+03 -8.138563e-02  7.239023e-02 -5.249336e-02 
 6.560000e+04  5.202583e+03 -8.140056e-02  7.240380e-02 -5.250425e-02 
 6.565000e+04  5.204898e+03 -8.141556e-02  7.241757e-02 -5.251503e-02 
 6.570000e+04  5.207213e+03 -8.143056e-02  7.243143e-02 -5.252568e-02 
 6.575000e+04  5.209528e+03 -8.144578e-02  7.244529e-02 -5.253628e-02 
 6.580000e+04  5.211842e+03 -8.146104e-02  7.245908e-02 -5.254694e-02 
 6.585000e+04  5.214157e+03 -8.147617e-02  7.247257e-02 -5.255763e-02 
 6.590000e+04  5.216472e+03 -8.149109e-02  7.248595e-02 -5.256846e-02 
 6.595000e+04  5.218787e+03 -8.150582e-02  7.249941e-02 -5.257944e-02 
 6.600000e+04  5.221102e+03 -8.152057e-02  7.251293e-02 -5.259043e-02 
 6.605000e+04  5.223417e+03 -8.153542e-02  7.252649e-02 -5.260124e-02 
 6.610000e+04  5.225731e+03 -8.155047e-02  7.254011e-02 -5.261193e-02 
 6.615000e+04  5.228046e+03 -8.156556e-02  7.255397e-02 -5.262263e-02 
 6.620000e+04  5.230361e+03 -8.158060e-02  7.256791e-02 -5.263320e-02 
 6.625000e+04  5.232676e+03 -8.159560e-02  7.258171e-02 -5.264380e-02 
 6.630000e+04  5.234991e+03 -8.161065e-02  7.259535e-02 -5.265454e-02 
 6.635000e+04  5.237305e+03 -8.162572e-02  7.260878e-02 -5.266539e-02 
 6.640000e+04  5.239620e+03 -8.164062e-02  7.262218e-02 -5.267628e-02 
 6.645000e+04  5.241935e+03 -8.165536e-02  7.263561e-02 -5.268716e-02 
 6.650000e+04  5.244250e+03 -8.167018e-02  7.264911e-02 -5.269801e-02 
 6.655000e+04  5.246565e+03 -8.168516e-02  7.266276e-02 -5.270877e-02 
 6.660000e+04  5.248879e+03 -8.170024e-02  7.267641e-02 -5.271939e-02 
 6.665000e+04  5.251194e+03 -8.171538e-02  7.269021e-02 -5.272999e-02 
 6.670000e+04  5.253509e+03 -8.173044e-02  7.270396e-02 -5.274064e-02 
 6.675000e+04  5.255824e+03 -8.174541e-02  7.271759e-02 -5.275135e-02 
 6.680000e+04  5.258139e+03 -8.176031e-02  7.273113e-02 -5.276214e-02 
 6.685000e+04  5.260454e+03 -8.177519e-02  7.274444e-02 -5.277291e-02 
 6.690000e+04  5.262768e+03 -8.179004e-02  7.275721e-02 -5.278327e-02 
 6.695000e+04  5.265083e+03 -8.180499e-02  7.276947e-02 -5.279345e-02 
 6.700000e+04  5.267398e+03 -8.182054e-02  7.278238e-02 -5.280418e-02 
 6.705000e+04  5.269713e+03 -8.183656e-02  7.279620e-02 -5.281518e-02 
 6.710000e+04  5.272028e+03 -8.185189e-02  7.281006e-02 -5.282605e-02 
 6.715000e+04  5.274342e+03 -8.186675e-02  7.282392e-02 -5.283660e-02 
 6.720000e+04  5.276657e+03 -8.188154e-02  7.283760e-02 -5.284729e-02 
 6.725000e+04  5.278972e+03 -8.189667e-02  7.285102e-02 -5.285768e-02 
 6.730000e+04  5.281287e+03 -8.191170e-02  7.286448e-02 -5.286822e-02 
 6.735000e+04  5.283602e+03 -8.192634e-02  7.287851e-02 -5.287909e-02 
 6.740000e+04  5.285917e+03 -8.194100e-02  7.289275e-02 -5.289009e-02 
 6.745000e+04  5.288231e+03 -8.195570e-02  7.290683e-02 -5.290090e-02 
 6.750000e+04  5.290546e+03 -8.197041e-02  7.292051e-02 -5.291152e-02 
