         Step [creep.tim... Z Displace... Z Displace... X Displace... 
------------- ------------- ------------- ------------- ------------- 
 5.250000e+03  1.276223e-07 -4.629353e-03  4.524540e-03 -2.433365e-03 
 5.300000e+03  3.886505e-06 -4.629658e-03  4.524744e-03 -2.433694e-03 
 5.350000e+03  2.577482e-05 -4.631553e-03  4.525611e-03 -2.435520e-03 
 5.400000e+03  6.392190e-05 -4.633944e-03  4.527158e-03 -2.437435e-03 
 5.450000e+03  1.079924e-04 -4.635481e-03  4.529452e-03 -2.439120e-03 
 5.500000e+03  1.558371e-04 -4.638042e-03  4.532926e-03 -2.441737e-03 
 5.550000e+03  2.072957e-04 -4.642022e-03  4.537875e-03 -2.445520e-03 
 5.600000e+03  2.660092e-04 -4.646857e-03  4.543857e-03 -2.449711e-03 
 5.650000e+03  3.382089e-04 -4.652334e-03  4.550182e-03 -2.454267e-03 
 5.700000e+03  4.173531e-04 -4.657170e-03  4.556051e-03 -2.458857e-03 
 5.750000e+03  4.972584e-04 -4.661160e-03  4.560345e-03 -2.462762e-03 
 5.800000e+03  5.771637e-04 -4.664784e-03  4.563626e-03 -2.466284e-03 
 5.850000e+03  6.570690e-04 -4.668944e-03  4.567375e-03 -2.470296e-03 
 5.900000e+03  7.371341e-04 -4.674262e-03  4.572066e-03 -2.474954e-03 
 5.950000e+03  8.275140e-04 -4.680851e-03  4.578368e-03 -2.480440e-03 
 6.000000e+03  9.316715e-04 -4.687864e-03  4.585836e-03 -2.486227e-03 
 6.050000e+03  1.045905e-03 -4.694780e-03  4.593158e-03 -2.491693e-03 
 6.100000e+03  1.167858e-03 -4.701409e-03  4.599829e-03 -2.496915e-03 
 6.150000e+03  1.291817e-03 -4.707646e-03  4.605693e-03 -2.501916e-03 
 6.200000e+03  1.415776e-03 -4.713711e-03  4.611473e-03 -2.507115e-03 
 6.250000e+03  1.541843e-03 -4.720112e-03  4.618004e-03 -2.512897e-03 
 6.300000e+03  1.684760e-03 -4.727795e-03  4.625980e-03 -2.519893e-03 
 6.350000e+03  1.844308e-03 -4.736285e-03  4.634747e-03 -2.527564e-03 
 6.400000e+03  2.010425e-03 -4.744577e-03  4.643150e-03 -2.534889e-03 
 6.450000e+03  2.184848e-03 -4.752520e-03  4.651447e-03 -2.541738e-03 
 6.500000e+03  2.359271e-03 -4.760018e-03  4.659679e-03 -2.547986e-03 
 6.550000e+03  2.533695e-03 -4.767484e-03  4.668057e-03 -2.554100e-03 
 6.600000e+03  2.712827e-03 -4.775375e-03  4.676915e-03 -2.560624e-03 
 6.650000e+03  2.911561e-03 -4.784303e-03  4.686747e-03 -2.568233e-03 
 6.700000e+03  3.132690e-03 -4.794248e-03  4.697047e-03 -2.576807e-03 
 6.750000e+03  3.363317e-03 -4.804071e-03  4.706759e-03 -2.585436e-03 
 6.800000e+03  3.608748e-03 -4.813841e-03  4.716193e-03 -2.594126e-03 
 6.850000e+03  3.854179e-03 -4.823238e-03  4.725370e-03 -2.602273e-03 
 6.900000e+03  4.099610e-03 -4.832504e-03  4.734712e-03 -2.609929e-03 
 6.950000e+03  4.345041e-03 -4.841979e-03  4.744407e-03 -2.617411e-03 
 7.000000e+03  4.601332e-03 -4.852023e-03  4.754916e-03 -2.625353e-03 
 7.050000e+03  4.879496e-03 -4.862660e-03  4.766457e-03 -2.633971e-03 
 7.100000e+03  5.174978e-03 -4.873500e-03  4.778012e-03 -2.642911e-03 
 7.150000e+03  5.492916e-03 -4.884567e-03  4.789250e-03 -2.652222e-03 
 7.200000e+03  5.823132e-03 -4.895561e-03  4.800065e-03 -2.661598e-03 
 7.250000e+03  6.168478e-03 -4.906723e-03  4.810938e-03 -2.671116e-03 
 7.300000e+03  6.513824e-03 -4.917595e-03  4.821839e-03 -2.680369e-03 
 7.350000e+03  6.859170e-03 -4.928469e-03  4.833021e-03 -2.689387e-03 
 7.400000e+03  7.213841e-03 -4.939741e-03  4.844870e-03 -2.698481e-03 
 7.450000e+03  7.590233e-03 -4.951447e-03  4.857549e-03 -2.707836e-03 
 7.500000e+03  7.989653e-03 -4.963293e-03  4.870508e-03 -2.717377e-03 
 7.550000e+03  8.415300e-03 -4.975380e-03  4.883526e-03 -2.727252e-03 
 7.600000e+03  8.856058e-03 -4.987500e-03  4.896207e-03 -2.737364e-03 
 7.650000e+03  9.296817e-03 -4.999307e-03  4.908228e-03 -2.747341e-03 
 7.700000e+03  9.743747e-03 -5.011101e-03  4.920079e-03 -2.757355e-03 
 7.750000e+03  1.021904e-02 -5.023705e-03  4.932636e-03 -2.767799e-03 
 7.800000e+03  1.070498e-02 -5.036572e-03  4.945440e-03 -2.778085e-03 
 7.850000e+03  1.119286e-02 -5.049193e-03  4.958126e-03 -2.787874e-03 
 7.900000e+03  1.171431e-02 -5.062246e-03  4.971491e-03 -2.797967e-03 
 7.950000e+03  1.225810e-02 -5.075379e-03  4.985247e-03 -2.808327e-03 
 8.000000e+03  1.282063e-02 -5.088519e-03  4.999152e-03 -2.818883e-03 
 8.050000e+03  1.339610e-02 -5.101642e-03  5.012742e-03 -2.829526e-03 
 8.100000e+03  1.400743e-02 -5.115473e-03  5.026534e-03 -2.840744e-03 
 8.150000e+03  1.465553e-02 -5.129940e-03  5.040659e-03 -2.852411e-03 
 8.200000e+03  1.530673e-02 -5.144035e-03  5.054427e-03 -2.863732e-03 
 8.250000e+03  1.595793e-02 -5.157635e-03  5.067967e-03 -2.874607e-03 
 8.300000e+03  1.661695e-02 -5.171121e-03  5.081726e-03 -2.885229e-03 
 8.350000e+03  1.730071e-02 -5.184861e-03  5.096088e-03 -2.895964e-03 
 8.400000e+03  1.798584e-02 -5.198345e-03  5.110379e-03 -2.906442e-03 
 8.450000e+03  1.873193e-02 -5.212672e-03  5.125598e-03 -2.917732e-03 
 8.500000e+03  1.952347e-02 -5.227526e-03  5.141252e-03 -2.929637e-03 
 8.550000e+03  2.031501e-02 -5.241893e-03  5.156045e-03 -2.941375e-03 
 8.600000e+03  2.114454e-02 -5.256565e-03  5.170769e-03 -2.953320e-03 
 8.650000e+03  2.201057e-02 -5.271717e-03  5.185731e-03 -2.965397e-03 
 8.700000e+03  2.288324e-02 -5.286937e-03  5.200682e-03 -2.977184e-03 
 8.750000e+03  2.375591e-02 -5.301952e-03  5.215514e-03 -2.988571e-03 
 8.800000e+03  2.463644e-02 -5.316692e-03  5.230390e-03 -2.999787e-03 
 8.850000e+03  2.557015e-02 -5.331899e-03  5.246165e-03 -3.011587e-03 
 8.900000e+03  2.653227e-02 -5.347093e-03  5.262146e-03 -3.023572e-03 
 8.950000e+03  2.753408e-02 -5.362442e-03  5.278095e-03 -3.035728e-03 
 9.000000e+03  2.859482e-02 -5.378444e-03  5.294283e-03 -3.048324e-03 
 9.050000e+03  2.970860e-02 -5.395153e-03  5.310755e-03 -3.061265e-03 
 9.100000e+03  3.082237e-02 -5.411557e-03  5.326748e-03 -3.073861e-03 
 9.150000e+03  3.193615e-02 -5.427536e-03  5.342407e-03 -3.086160e-03 
 9.200000e+03  3.304992e-02 -5.443152e-03  5.357968e-03 -3.098233e-03 
 9.250000e+03  3.421159e-02 -5.459104e-03  5.374195e-03 -3.110476e-03 
 9.300000e+03  3.538222e-02 -5.474767e-03  5.390437e-03 -3.122471e-03 
 9.350000e+03  3.664086e-02 -5.491142e-03  5.407533e-03 -3.135139e-03 
 9.400000e+03  3.797145e-02 -5.508092e-03  5.425230e-03 -3.148380e-03 
 9.450000e+03  3.932525e-02 -5.524939e-03  5.442659e-03 -3.161633e-03 
 9.500000e+03  4.069395e-02 -5.541654e-03  5.459607e-03 -3.174695e-03 
 9.550000e+03  4.211544e-02 -5.558921e-03  5.476688e-03 -3.187931e-03 
 9.600000e+03  4.359521e-02 -5.576707e-03  5.494122e-03 -3.201353e-03 
 9.650000e+03  4.508778e-02 -5.594220e-03  5.511401e-03 -3.214558e-03 
 9.700000e+03  4.658034e-02 -5.611236e-03  5.528424e-03 -3.227442e-03 
 9.750000e+03  4.810425e-02 -5.628176e-03  5.545713e-03 -3.240450e-03 
 9.800000e+03  4.967144e-02 -5.645241e-03  5.563396e-03 -3.253677e-03 
 9.850000e+03  5.133361e-02 -5.662932e-03  5.581756e-03 -3.267395e-03 
 9.900000e+03  5.309600e-02 -5.681432e-03  5.600620e-03 -3.281525e-03 
 9.950000e+03  5.491022e-02 -5.700390e-03  5.619451e-03 -3.295719e-03 
 1.000000e+04  5.672444e-02 -5.719108e-03  5.637601e-03 -3.309576e-03 
 1.005000e+04  5.859309e-02 -5.737861e-03  5.655766e-03 -3.323574e-03 
 1.010000e+04  6.049803e-02 -5.756451e-03  5.674062e-03 -3.337649e-03 
 1.015000e+04  6.240296e-02 -5.774588e-03  5.692264e-03 -3.351465e-03 
 1.020000e+04  6.430789e-02 -5.792299e-03  5.710333e-03 -3.364941e-03 
 1.025000e+04  6.632284e-02 -5.810683e-03  5.729289e-03 -3.378965e-03 
 1.030000e+04  6.847973e-02 -5.829995e-03  5.749380e-03 -3.393713e-03 
 1.035000e+04  7.068493e-02 -5.849392e-03  5.769429e-03 -3.408420e-03 
 1.040000e+04  7.292762e-02 -5.868767e-03  5.789059e-03 -3.423003e-03 
 1.045000e+04  7.524308e-02 -5.888563e-03  5.808688e-03 -3.437777e-03 
 1.050000e+04  7.755854e-02 -5.908128e-03  5.827817e-03 -3.452290e-03 
 1.055000e+04  7.987400e-02 -5.927233e-03  5.846498e-03 -3.466558e-03 
 1.060000e+04  8.218946e-02 -5.945844e-03  5.864977e-03 -3.480591e-03 
 1.065000e+04  8.458596e-02 -5.964679e-03  5.884090e-03 -3.494903e-03 
 1.070000e+04  8.706338e-02 -5.983740e-03  5.903783e-03 -3.509448e-03 
 1.075000e+04  8.965702e-02 -6.003406e-03  5.924129e-03 -3.524288e-03 
 1.080000e+04  9.241251e-02 -6.024088e-03  5.945251e-03 -3.539635e-03 
 1.085000e+04  9.522696e-02 -6.045132e-03  5.966174e-03 -3.554982e-03 
 1.090000e+04  9.804142e-02 -6.065818e-03  5.986326e-03 -3.570068e-03 
 1.095000e+04  1.009319e-01 -6.086531e-03  6.006399e-03 -3.585372e-03 
 1.100000e+04  1.038870e-01 -6.107260e-03  6.026587e-03 -3.600855e-03 
 1.105000e+04  1.068422e-01 -6.127529e-03  6.046625e-03 -3.616068e-03 
 1.110000e+04  1.097974e-01 -6.147372e-03  6.066523e-03 -3.630913e-03 
 1.115000e+04  1.129364e-01 -6.168107e-03  6.087597e-03 -3.646331e-03 
 1.120000e+04  1.162010e-01 -6.189323e-03  6.109395e-03 -3.662069e-03 
 1.125000e+04  1.196220e-01 -6.211162e-03  6.131872e-03 -3.678220e-03 
 1.130000e+04  1.230430e-01 -6.232624e-03  6.153609e-03 -3.694018e-03 
 1.135000e+04  1.266076e-01 -6.254748e-03  6.175463e-03 -3.710256e-03 
 1.140000e+04  1.301997e-01 -6.276733e-03  6.196950e-03 -3.726457e-03 
 1.145000e+04  1.337917e-01 -6.298209e-03  6.217947e-03 -3.742362e-03 
 1.150000e+04  1.373837e-01 -6.319170e-03  6.238691e-03 -3.757999e-03 
 1.155000e+04  1.410728e-01 -6.340312e-03  6.259968e-03 -3.773834e-03 
 1.160000e+04  1.448444e-01 -6.361630e-03  6.281663e-03 -3.789676e-03 
 1.165000e+04  1.487330e-01 -6.383258e-03  6.303835e-03 -3.805600e-03 
 1.170000e+04  1.528753e-01 -6.406114e-03  6.327060e-03 -3.822185e-03 
 1.175000e+04  1.570336e-01 -6.428845e-03  6.349740e-03 -3.838536e-03 
 1.180000e+04  1.611918e-01 -6.451196e-03  6.371619e-03 -3.854696e-03 
 1.185000e+04  1.655081e-01 -6.473857e-03  6.393643e-03 -3.871361e-03 
 1.190000e+04  1.698742e-01 -6.496326e-03  6.415580e-03 -3.888046e-03 
 1.195000e+04  1.742403e-01 -6.518448e-03  6.437317e-03 -3.904404e-03 
 1.200000e+04  1.786196e-01 -6.540247e-03  6.459001e-03 -3.920450e-03 
 1.205000e+04  1.832315e-01 -6.562926e-03  6.481777e-03 -3.936977e-03 
 1.210000e+04  1.880452e-01 -6.586314e-03  6.505450e-03 -3.953848e-03 
 1.215000e+04  1.930851e-01 -6.610330e-03  6.529890e-03 -3.971213e-03 
 1.220000e+04  1.981547e-01 -6.634080e-03  6.553752e-03 -3.988435e-03 
 1.225000e+04  2.034617e-01 -6.658568e-03  6.577996e-03 -4.006270e-03 
 1.230000e+04  2.087688e-01 -6.682699e-03  6.601579e-03 -4.023964e-03 
 1.235000e+04  2.140759e-01 -6.706367e-03  6.624662e-03 -4.041353e-03 
 1.240000e+04  2.193829e-01 -6.729617e-03  6.647494e-03 -4.058402e-03 
 1.245000e+04  2.246900e-01 -6.752554e-03  6.670278e-03 -4.075150e-03 
 1.250000e+04  2.301775e-01 -6.775908e-03  6.693806e-03 -4.092129e-03 
 1.255000e+04  2.359004e-01 -6.799924e-03  6.718198e-03 -4.109470e-03 
 1.260000e+04  2.419387e-01 -6.824940e-03  6.743551e-03 -4.127479e-03 
 1.265000e+04  2.480823e-01 -6.850078e-03  6.768774e-03 -4.145530e-03 
 1.270000e+04  2.544471e-01 -6.875728e-03  6.794064e-03 -4.163999e-03 
 1.275000e+04  2.608979e-01 -6.901301e-03  6.818928e-03 -4.182603e-03 
 1.280000e+04  2.673486e-01 -6.926435e-03  6.843286e-03 -4.200978e-03 
 1.285000e+04  2.737994e-01 -6.951145e-03  6.867419e-03 -4.218980e-03 
 1.290000e+04  2.803147e-01 -6.975773e-03  6.891686e-03 -4.236787e-03 
 1.295000e+04  2.871287e-01 -7.001214e-03  6.917019e-03 -4.255034e-03 
 1.300000e+04  2.942407e-01 -7.027404e-03  6.943365e-03 -4.273744e-03 
 1.305000e+04  3.016940e-01 -7.054348e-03  6.970585e-03 -4.293028e-03 
 1.310000e+04  3.092587e-01 -7.081248e-03  6.997613e-03 -4.312355e-03 
 1.315000e+04  3.170997e-01 -7.108708e-03  7.024808e-03 -4.332218e-03 
 1.320000e+04  3.249406e-01 -7.135763e-03  7.051280e-03 -4.351858e-03 
 1.325000e+04  3.328992e-01 -7.162781e-03  7.077602e-03 -4.371501e-03 
 1.330000e+04  3.411322e-01 -7.190359e-03  7.104555e-03 -4.391436e-03 
 1.335000e+04  3.493652e-01 -7.217599e-03  7.131317e-03 -4.410946e-03 
 1.340000e+04  3.575983e-01 -7.244475e-03  7.157954e-03 -4.430104e-03 
 1.345000e+04  3.660453e-01 -7.271570e-03  7.185102e-03 -4.449473e-03 
 1.350000e+04  3.748197e-01 -7.299222e-03  7.213056e-03 -4.469289e-03 
 1.355000e+04  3.838966e-01 -7.327410e-03  7.241440e-03 -4.489511e-03 
 1.360000e+04  3.932095e-01 -7.355952e-03  7.269818e-03 -4.509996e-03 
 1.365000e+04  4.027402e-01 -7.384815e-03  7.298032e-03 -4.530778e-03 
 1.370000e+04  4.125569e-01 -7.414109e-03  7.326526e-03 -4.551914e-03 
 1.375000e+04  4.225641e-01 -7.443540e-03  7.355237e-03 -4.573060e-03 
 1.380000e+04  4.325714e-01 -7.472543e-03  7.383700e-03 -4.593772e-03 
 1.385000e+04  4.425787e-01 -7.501250e-03  7.411942e-03 -4.614116e-03 
 1.390000e+04  4.530163e-01 -7.530804e-03  7.441193e-03 -4.635020e-03 
 1.395000e+04  4.637551e-01 -7.560595e-03  7.470969e-03 -4.656237e-03 
 1.400000e+04  4.748102e-01 -7.590755e-03  7.501107e-03 -4.677793e-03 
 1.405000e+04  4.863949e-01 -7.621961e-03  7.531985e-03 -4.700163e-03 
 1.410000e+04  4.980143e-01 -7.652892e-03  7.562234e-03 -4.722315e-03 
 1.415000e+04  5.101782e-01 -7.684882e-03  7.593209e-03 -4.745176e-03 
 1.420000e+04  5.223421e-01 -7.716445e-03  7.623773e-03 -4.767556e-03 
 1.425000e+04  5.345061e-01 -7.747569e-03  7.654092e-03 -4.789525e-03 
 1.430000e+04  5.466700e-01 -7.778171e-03  7.684207e-03 -4.811188e-03 
 1.435000e+04  5.591745e-01 -7.809122e-03  7.714875e-03 -4.833187e-03 
 1.440000e+04  5.721509e-01 -7.840701e-03  7.746405e-03 -4.855719e-03 
 1.445000e+04  5.857494e-01 -7.873271e-03  7.779042e-03 -4.879047e-03 
 1.450000e+04  5.998306e-01 -7.906567e-03  7.812153e-03 -4.902858e-03 
 1.455000e+04  6.143907e-01 -7.940562e-03  7.845611e-03 -4.927111e-03 
 1.460000e+04  6.291760e-01 -7.974660e-03  7.878939e-03 -4.951374e-03 
 1.465000e+04  6.439613e-01 -8.008357e-03  7.911709e-03 -4.975227e-03 
 1.470000e+04  6.587466e-01 -8.041573e-03  7.944094e-03 -4.998679e-03 
 1.475000e+04  6.735319e-01 -8.074353e-03  7.976213e-03 -5.021837e-03 
 1.480000e+04  6.886425e-01 -8.107356e-03  8.008779e-03 -5.045233e-03 
 1.485000e+04  7.042757e-01 -8.140948e-03  8.042108e-03 -5.069067e-03 
 1.490000e+04  7.205765e-01 -8.175468e-03  8.076301e-03 -5.093613e-03 
 1.495000e+04  7.375946e-01 -8.211054e-03  8.111418e-03 -5.118899e-03 
 1.500000e+04  7.547104e-01 -8.246463e-03  8.145967e-03 -5.143979e-03 
 1.505000e+04  7.718263e-01 -8.281450e-03  8.179934e-03 -5.168649e-03 
 1.510000e+04  7.893187e-01 -8.316824e-03  8.214156e-03 -5.193497e-03 
 1.515000e+04  8.072903e-01 -8.352660e-03  8.248889e-03 -5.218654e-03 
 1.520000e+04  8.252619e-01 -8.387853e-03  8.283276e-03 -5.243496e-03 
 1.525000e+04  8.432336e-01 -8.422473e-03  8.317342e-03 -5.268046e-03 
 1.530000e+04  8.619600e-01 -8.458047e-03  8.352533e-03 -5.293302e-03 
 1.535000e+04  8.808302e-01 -8.493412e-03  8.387548e-03 -5.318369e-03 
 1.540000e+04  9.006062e-01 -8.530009e-03  8.423653e-03 -5.344304e-03 
 1.545000e+04  9.210144e-01 -8.567434e-03  8.460292e-03 -5.370693e-03 
 1.550000e+04  9.418188e-01 -8.605182e-03  8.496966e-03 -5.397241e-03 
 1.555000e+04  9.626232e-01 -8.642447e-03  8.533050e-03 -5.423378e-03 
 1.560000e+04  9.834276e-01 -8.679154e-03  8.568639e-03 -5.449170e-03 
 1.565000e+04  1.004232e+00 -8.715380e-03  8.603851e-03 -5.474682e-03 
 1.570000e+04  1.025931e+00 -8.752571e-03  8.640255e-03 -5.500982e-03 
 1.575000e+04  1.047776e+00 -8.789444e-03  8.676575e-03 -5.527114e-03 
 1.580000e+04  1.071063e+00 -8.828287e-03  8.714898e-03 -5.554592e-03 
 1.585000e+04  1.095147e+00 -8.868075e-03  8.754034e-03 -5.582577e-03 
 1.590000e+04  1.119231e+00 -8.907422e-03  8.792449e-03 -5.610148e-03 
 1.595000e+04  1.143507e+00 -8.946559e-03  8.830403e-03 -5.637578e-03 
 1.600000e+04  1.168795e+00 -8.986861e-03  8.869358e-03 -5.665817e-03 
 1.605000e+04  1.194083e+00 -9.026589e-03  8.907853e-03 -5.693770e-03 
 1.610000e+04  1.219371e+00 -9.065686e-03  8.945854e-03 -5.721372e-03 
 1.615000e+04  1.244734e+00 -9.104303e-03  8.983624e-03 -5.748702e-03 
 1.620000e+04  1.271287e+00 -9.144307e-03  9.022871e-03 -5.776923e-03 
 1.625000e+04  1.297839e+00 -9.183840e-03  9.061802e-03 -5.804708e-03 
 1.630000e+04  1.324922e+00 -9.223673e-03  9.100889e-03 -5.832648e-03 
 1.635000e+04  1.353611e+00 -9.265456e-03  9.141666e-03 -5.861924e-03 
 1.640000e+04  1.382885e+00 -9.307625e-03  9.182650e-03 -5.891488e-03 
 1.645000e+04  1.412159e+00 -9.349194e-03  9.222860e-03 -5.920678e-03 
 1.650000e+04  1.441433e+00 -9.390269e-03  9.262395e-03 -5.949489e-03 
 1.655000e+04  1.470706e+00 -9.430889e-03  9.301637e-03 -5.977997e-03 
 1.660000e+04  1.499980e+00 -9.470892e-03  9.340559e-03 -6.006172e-03 
 1.665000e+04  1.529810e+00 -9.511101e-03  9.379859e-03 -6.034463e-03 
 1.670000e+04  1.561624e+00 -9.553627e-03  9.421398e-03 -6.064239e-03 
 1.675000e+04  1.593898e+00 -9.596398e-03  9.463104e-03 -6.094094e-03 
 1.680000e+04  1.626270e+00 -9.638725e-03  9.504208e-03 -6.123651e-03 
 1.685000e+04  1.660158e+00 -9.682455e-03  9.546470e-03 -6.154249e-03 
 1.690000e+04  1.694046e+00 -9.725751e-03  9.588190e-03 -6.184536e-03 
 1.695000e+04  1.727934e+00 -9.768413e-03  9.629347e-03 -6.214514e-03 
 1.700000e+04  1.761822e+00 -9.810463e-03  9.670006e-03 -6.244119e-03 
 1.705000e+04  1.797134e+00 -9.853794e-03  9.712098e-03 -6.274577e-03 
 1.710000e+04  1.832717e+00 -9.897042e-03  9.754290e-03 -6.304864e-03 
 1.715000e+04  1.869260e+00 -9.940895e-03  9.797159e-03 -6.335535e-03 
 1.720000e+04  1.907369e+00 -9.986070e-03  9.841339e-03 -6.367131e-03 
 1.725000e+04  1.947658e+00 -1.003334e-02  9.887377e-03 -6.400222e-03 
 1.730000e+04  1.988849e+00 -1.008111e-02  9.933632e-03 -6.433706e-03 
 1.735000e+04  2.030041e+00 -1.012829e-02  9.978996e-03 -6.466728e-03 
 1.740000e+04  2.071726e+00 -1.017546e-02  1.002438e-02 -6.499757e-03 
 1.745000e+04  2.114977e+00 -1.022386e-02  1.007105e-02 -6.533695e-03 
 1.750000e+04  2.158228e+00 -1.027154e-02  1.011721e-02 -6.567154e-03 
 1.755000e+04  2.201479e+00 -1.031859e-02  1.016295e-02 -6.600102e-03 
 1.760000e+04  2.246676e+00 -1.036735e-02  1.021038e-02 -6.634152e-03 
 1.765000e+04  2.292089e+00 -1.041581e-02  1.025750e-02 -6.667968e-03 
 1.770000e+04  2.337685e+00 -1.046378e-02  1.030404e-02 -6.701499e-03 
 1.775000e+04  2.385607e+00 -1.051371e-02  1.035222e-02 -6.736388e-03 
 1.780000e+04  2.435675e+00 -1.056536e-02  1.040177e-02 -6.772509e-03 
 1.785000e+04  2.485744e+00 -1.061631e-02  1.045062e-02 -6.808167e-03 
 1.790000e+04  2.535812e+00 -1.066663e-02  1.049897e-02 -6.843309e-03 
 1.795000e+04  2.585880e+00 -1.071646e-02  1.054695e-02 -6.877979e-03 
 1.800000e+04  2.635949e+00 -1.076565e-02  1.059447e-02 -6.912260e-03 
 1.805000e+04  2.686718e+00 -1.081482e-02  1.064222e-02 -6.946679e-03 
 1.810000e+04  2.742171e+00 -1.086791e-02  1.069377e-02 -6.983910e-03 
 1.815000e+04  2.800131e+00 -1.092290e-02  1.074700e-02 -7.022374e-03 
 1.820000e+04  2.858091e+00 -1.097727e-02  1.079935e-02 -7.060330e-03 
 1.825000e+04  2.916341e+00 -1.103129e-02  1.085107e-02 -7.097999e-03 
 1.830000e+04  2.977200e+00 -1.108713e-02  1.090445e-02 -7.136829e-03 
 1.835000e+04  3.038058e+00 -1.114220e-02  1.095725e-02 -7.175222e-03 
 1.840000e+04  3.098916e+00 -1.119648e-02  1.100959e-02 -7.213204e-03 
 1.845000e+04  3.160201e+00 -1.125047e-02  1.106183e-02 -7.250973e-03 
 1.850000e+04  3.224102e+00 -1.130619e-02  1.111579e-02 -7.289946e-03 
 1.855000e+04  3.288003e+00 -1.136129e-02  1.116914e-02 -7.328465e-03 
 1.860000e+04  3.353381e+00 -1.141699e-02  1.122289e-02 -7.367307e-03 
 1.865000e+04  3.423832e+00 -1.147640e-02  1.128000e-02 -7.408736e-03 
 1.870000e+04  3.494283e+00 -1.153527e-02  1.133631e-02 -7.449782e-03 
 1.875000e+04  3.564734e+00 -1.159339e-02  1.139181e-02 -7.490262e-03 
 1.880000e+04  3.635185e+00 -1.165086e-02  1.144666e-02 -7.530218e-03 
 1.885000e+04  3.705636e+00 -1.170768e-02  1.150104e-02 -7.569764e-03 
 1.890000e+04  3.776088e+00 -1.176370e-02  1.155492e-02 -7.608860e-03 
 1.895000e+04  3.848163e+00 -1.182026e-02  1.160949e-02 -7.648423e-03 
 1.900000e+04  3.926223e+00 -1.188101e-02  1.166806e-02 -7.690836e-03 
 1.905000e+04  4.007779e+00 -1.194391e-02  1.172850e-02 -7.734650e-03 
 1.910000e+04  4.089335e+00 -1.200610e-02  1.178795e-02 -7.777844e-03 
 1.915000e+04  4.171625e+00 -1.206811e-02  1.184697e-02 -7.820867e-03 
 1.920000e+04  4.257259e+00 -1.213200e-02  1.190767e-02 -7.865163e-03 
 1.925000e+04  4.342893e+00 -1.219503e-02  1.196767e-02 -7.909023e-03 
 1.930000e+04  4.428527e+00 -1.225712e-02  1.202705e-02 -7.952385e-03 
 1.935000e+04  4.516558e+00 -1.232019e-02  1.208760e-02 -7.996403e-03 
 1.940000e+04  4.606474e+00 -1.238396e-02  1.214897e-02 -8.040870e-03 
 1.945000e+04  4.696389e+00 -1.244696e-02  1.220963e-02 -8.084772e-03 
 1.950000e+04  4.790558e+00 -1.251218e-02  1.227230e-02 -8.130155e-03 
 1.955000e+04  4.889690e+00 -1.258025e-02  1.233747e-02 -8.177441e-03 
 1.960000e+04  4.988821e+00 -1.264756e-02  1.240165e-02 -8.224229e-03 
 1.965000e+04  5.087953e+00 -1.271401e-02  1.246485e-02 -8.270445e-03 
 1.970000e+04  5.189167e+00 -1.278112e-02  1.252861e-02 -8.317133e-03 
 1.975000e+04  5.293255e+00 -1.284938e-02  1.259362e-02 -8.364605e-03 
 1.980000e+04  5.397344e+00 -1.291667e-02  1.265799e-02 -8.411443e-03 
 1.985000e+04  5.503618e+00 -1.298460e-02  1.272304e-02 -8.458672e-03 
 1.990000e+04  5.615534e+00 -1.305555e-02  1.279090e-02 -8.507919e-03 
 1.995000e+04  5.730291e+00 -1.312753e-02  1.285958e-02 -8.557841e-03 
 2.000000e+04  5.845049e+00 -1.319854e-02  1.292716e-02 -8.607129e-03 
 2.005000e+04  5.963479e+00 -1.327110e-02  1.299588e-02 -8.657409e-03 
 2.010000e+04  6.083974e+00 -1.334416e-02  1.306498e-02 -8.708029e-03 
 2.015000e+04  6.204469e+00 -1.341623e-02  1.313329e-02 -8.758113e-03 
 2.020000e+04  6.324965e+00 -1.348732e-02  1.320086e-02 -8.807530e-03 
 2.025000e+04  6.451485e+00 -1.356123e-02  1.327132e-02 -8.858795e-03 
 2.030000e+04  6.578005e+00 -1.363433e-02  1.334114e-02 -8.909501e-03 
 2.035000e+04  6.704778e+00 -1.370666e-02  1.341023e-02 -8.959674e-03 
 2.040000e+04  6.841477e+00 -1.378383e-02  1.348379e-02 -9.013163e-03 
 2.045000e+04  6.980965e+00 -1.386178e-02  1.355786e-02 -9.067245e-03 
 2.050000e+04  7.120454e+00 -1.393881e-02  1.363081e-02 -9.120687e-03 
 2.055000e+04  7.260082e+00 -1.401503e-02  1.370284e-02 -9.173493e-03 
 2.060000e+04  7.406544e+00 -1.409417e-02  1.377764e-02 -9.228272e-03 
 2.065000e+04  7.553007e+00 -1.417239e-02  1.385176e-02 -9.282411e-03 
 2.070000e+04  7.699470e+00 -1.424958e-02  1.392503e-02 -9.335825e-03 
 2.075000e+04  7.850327e+00 -1.432819e-02  1.399978e-02 -9.390229e-03 
 2.080000e+04  8.011648e+00 -1.441145e-02  1.407887e-02 -9.447852e-03 
 2.085000e+04  8.173124e+00 -1.449375e-02  1.415700e-02 -9.504894e-03 
 2.090000e+04  8.335568e+00 -1.457556e-02  1.423439e-02 -9.561512e-03 
 2.095000e+04  8.508169e+00 -1.466172e-02  1.431557e-02 -9.620962e-03 
 2.100000e+04  8.686195e+00 -1.474968e-02  1.439834e-02 -9.681624e-03 
 2.105000e+04  8.864222e+00 -1.483638e-02  1.448000e-02 -9.741474e-03 
 2.110000e+04  9.042248e+00 -1.492202e-02  1.456076e-02 -9.800563e-03 
 2.115000e+04  9.220275e+00 -1.500671e-02  1.464076e-02 -9.859026e-03 
 2.120000e+04  9.398302e+00 -1.509035e-02  1.471988e-02 -9.916793e-03 
 2.125000e+04  9.579737e+00 -1.517449e-02  1.479960e-02 -9.974962e-03 
 2.130000e+04  9.776011e+00 -1.526478e-02  1.488487e-02 -1.003729e-02 
 2.135000e+04  9.972286e+00 -1.535411e-02  1.496909e-02 -1.009889e-02 
 2.140000e+04  1.016856e+01 -1.544227e-02  1.505208e-02 -1.015971e-02 
 2.145000e+04  1.036876e+01 -1.553124e-02  1.513563e-02 -1.022093e-02 
 2.150000e+04  1.057485e+01 -1.562191e-02  1.522078e-02 -1.028327e-02 
 2.155000e+04  1.078094e+01 -1.571148e-02  1.530502e-02 -1.034491e-02 
 2.160000e+04  1.098867e+01 -1.580055e-02  1.538893e-02 -1.040627e-02 
 2.165000e+04  1.120961e+01 -1.589431e-02  1.547728e-02 -1.047088e-02 
 2.170000e+04  1.143682e+01 -1.598966e-02  1.556715e-02 -1.053666e-02 
 2.175000e+04  1.166403e+01 -1.608386e-02  1.565585e-02 -1.060152e-02 
 2.180000e+04  1.189852e+01 -1.618017e-02  1.574609e-02 -1.066751e-02 
 2.185000e+04  1.213709e+01 -1.627726e-02  1.583677e-02 -1.073395e-02 
 2.190000e+04  1.237566e+01 -1.637310e-02  1.592626e-02 -1.079968e-02 
 2.195000e+04  1.261495e+01 -1.646790e-02  1.601491e-02 -1.086483e-02 
 2.200000e+04  1.287046e+01 -1.656805e-02  1.610865e-02 -1.093361e-02 
 2.205000e+04  1.313349e+01 -1.667008e-02  1.620423e-02 -1.100358e-02 
 2.210000e+04  1.339651e+01 -1.677072e-02  1.629866e-02 -1.107259e-02 
 2.215000e+04  1.366936e+01 -1.687392e-02  1.639545e-02 -1.114325e-02 
 2.220000e+04  1.395935e+01 -1.698245e-02  1.649710e-02 -1.121760e-02 
 2.225000e+04  1.424934e+01 -1.708957e-02  1.659732e-02 -1.129106e-02 
 2.230000e+04  1.453932e+01 -1.719535e-02  1.669599e-02 -1.136350e-02 
 2.235000e+04  1.484120e+01 -1.730437e-02  1.679751e-02 -1.143801e-02 
 2.240000e+04  1.514568e+01 -1.741308e-02  1.689878e-02 -1.151225e-02 
 2.245000e+04  1.545017e+01 -1.752027e-02  1.699876e-02 -1.158551e-02 
 2.250000e+04  1.576545e+01 -1.762983e-02  1.710106e-02 -1.166042e-02 
 2.255000e+04  1.610115e+01 -1.774532e-02  1.720890e-02 -1.173934e-02 
 2.260000e+04  1.643684e+01 -1.785936e-02  1.731536e-02 -1.181726e-02 
 2.265000e+04  1.677254e+01 -1.797200e-02  1.742024e-02 -1.189405e-02 
 2.270000e+04  1.713599e+01 -1.809268e-02  1.753223e-02 -1.197620e-02 
 2.275000e+04  1.750610e+01 -1.821409e-02  1.764489e-02 -1.205889e-02 
 2.280000e+04  1.787620e+01 -1.833378e-02  1.775588e-02 -1.214041e-02 
 2.285000e+04  1.824631e+01 -1.845207e-02  1.786545e-02 -1.222084e-02 
 2.290000e+04  1.861641e+01 -1.856904e-02  1.797375e-02 -1.230029e-02 
 2.295000e+04  1.898652e+01 -1.868440e-02  1.808080e-02 -1.237874e-02 
 2.300000e+04  1.936937e+01 -1.880229e-02  1.819015e-02 -1.245882e-02 
 2.305000e+04  1.977741e+01 -1.892665e-02  1.830540e-02 -1.254326e-02 
 2.310000e+04  2.018545e+01 -1.904953e-02  1.841914e-02 -1.262673e-02 
 2.315000e+04  2.059349e+01 -1.917074e-02  1.853126e-02 -1.270900e-02 
 2.320000e+04  2.101908e+01 -1.929572e-02  1.864668e-02 -1.279362e-02 
 2.325000e+04  2.144752e+01 -1.942012e-02  1.876147e-02 -1.287781e-02 
 2.330000e+04  2.187596e+01 -1.954286e-02  1.887488e-02 -1.296099e-02 
 2.335000e+04  2.232223e+01 -1.966903e-02  1.899154e-02 -1.304647e-02 
 2.340000e+04  2.279458e+01 -1.980113e-02  1.911363e-02 -1.313596e-02 
 2.345000e+04  2.326694e+01 -1.993161e-02  1.923418e-02 -1.322428e-02 
 2.350000e+04  2.374738e+01 -2.006265e-02  1.935506e-02 -1.331277e-02 
 2.355000e+04  2.426815e+01 -2.020305e-02  1.948433e-02 -1.340749e-02 
 2.360000e+04  2.478892e+01 -2.034177e-02  1.961183e-02 -1.350103e-02 
 2.365000e+04  2.530970e+01 -2.047859e-02  1.973748e-02 -1.359329e-02 
 2.370000e+04  2.585794e+01 -2.062080e-02  1.986792e-02 -1.368907e-02 
 2.375000e+04  2.643210e+01 -2.076799e-02  2.000283e-02 -1.378811e-02 
 2.380000e+04  2.700625e+01 -2.091311e-02  2.013599e-02 -1.388574e-02 
 2.385000e+04  2.758844e+01 -2.105820e-02  2.026910e-02 -1.398326e-02 
 2.390000e+04  2.821843e+01 -2.121330e-02  2.041117e-02 -1.408745e-02 
 2.395000e+04  2.885143e+01 -2.136706e-02  2.055197e-02 -1.419075e-02 
 2.400000e+04  2.948444e+01 -2.151863e-02  2.069064e-02 -1.429242e-02 
 2.405000e+04  3.014276e+01 -2.167420e-02  2.083272e-02 -1.439664e-02 
 2.410000e+04  3.080742e+01 -2.182923e-02  2.097417e-02 -1.450043e-02 
 2.415000e+04  3.147207e+01 -2.198195e-02  2.111364e-02 -1.460275e-02 
 2.420000e+04  3.218215e+01 -2.214286e-02  2.126061e-02 -1.471048e-02 
 2.425000e+04  3.291494e+01 -2.230687e-02  2.141032e-02 -1.482019e-02 
 2.430000e+04  3.364772e+01 -2.246855e-02  2.155791e-02 -1.492827e-02 
 2.435000e+04  3.439589e+01 -2.263120e-02  2.170624e-02 -1.503686e-02 
 2.440000e+04  3.519608e+01 -2.280288e-02  2.186256e-02 -1.515143e-02 
 2.445000e+04  3.600398e+01 -2.297387e-02  2.201810e-02 -1.526545e-02 
 2.450000e+04  3.681187e+01 -2.314234e-02  2.217121e-02 -1.537767e-02 
 2.455000e+04  3.766843e+01 -2.331848e-02  2.233094e-02 -1.549482e-02 
 2.460000e+04  3.855913e+01 -2.349923e-02  2.249477e-02 -1.561497e-02 
 2.465000e+04  3.944983e+01 -2.367719e-02  2.265615e-02 -1.573321e-02 
 2.470000e+04  4.035211e+01 -2.385471e-02  2.281691e-02 -1.585099e-02 
 2.475000e+04  4.128735e+01 -2.403612e-02  2.298108e-02 -1.597134e-02 
 2.480000e+04  4.222258e+01 -2.421488e-02  2.314290e-02 -1.608993e-02 
 2.485000e+04  4.317372e+01 -2.439396e-02  2.330486e-02 -1.620855e-02 
 2.490000e+04  4.420383e+01 -2.458528e-02  2.347772e-02 -1.633512e-02 
 2.495000e+04  4.523493e+01 -2.477400e-02  2.364816e-02 -1.645995e-02 
 2.500000e+04  4.626603e+01 -2.495971e-02  2.381587e-02 -1.658274e-02 
 2.505000e+04  4.736095e+01 -2.515394e-02  2.399106e-02 -1.671098e-02 
 2.510000e+04  4.849773e+01 -2.535273e-02  2.417034e-02 -1.684216e-02 
 2.515000e+04  4.963452e+01 -2.554839e-02  2.434674e-02 -1.697120e-02 
 2.520000e+04  5.079858e+01 -2.574554e-02  2.452433e-02 -1.710112e-02 
 2.525000e+04  5.199221e+01 -2.594470e-02  2.470352e-02 -1.723232e-02 
 2.530000e+04  5.318583e+01 -2.614079e-02  2.487986e-02 -1.736139e-02 
 2.535000e+04  5.444361e+01 -2.634421e-02  2.506270e-02 -1.749511e-02 
 2.540000e+04  5.575958e+01 -2.655405e-02  2.525106e-02 -1.763282e-02 
 2.545000e+04  5.707555e+01 -2.676063e-02  2.543636e-02 -1.776833e-02 
 2.550000e+04  5.839152e+01 -2.696378e-02  2.561848e-02 -1.790152e-02 
 2.555000e+04  5.980507e+01 -2.717846e-02  2.581083e-02 -1.804222e-02 
 2.560000e+04  6.125593e+01 -2.739547e-02  2.600520e-02 -1.818438e-02 
 2.565000e+04  6.270679e+01 -2.760900e-02  2.619632e-02 -1.832409e-02 
 2.570000e+04  6.421278e+01 -2.782708e-02  2.639127e-02 -1.846657e-02 
 2.575000e+04  6.573617e+01 -2.804420e-02  2.658514e-02 -1.860833e-02 
 2.580000e+04  6.729309e+01 -2.826232e-02  2.677989e-02 -1.875071e-02 
 2.585000e+04  6.892145e+01 -2.848676e-02  2.698020e-02 -1.889711e-02 
 2.590000e+04  7.060100e+01 -2.871461e-02  2.718342e-02 -1.904564e-02 
 2.595000e+04  7.228055e+01 -2.893868e-02  2.738312e-02 -1.919159e-02 
 2.600000e+04  7.403064e+01 -2.916819e-02  2.758758e-02 -1.934095e-02 
 2.605000e+04  7.581709e+01 -2.939853e-02  2.779262e-02 -1.949073e-02 
 2.610000e+04  7.766879e+01 -2.963331e-02  2.800152e-02 -1.964332e-02 
 2.615000e+04  7.952049e+01 -2.986406e-02  2.820672e-02 -1.979325e-02 
 2.620000e+04  8.145737e+01 -3.010132e-02  2.841753e-02 -1.994728e-02 
 2.625000e+04  8.340166e+01 -3.033546e-02  2.862546e-02 -2.009917e-02 
 2.630000e+04  8.541594e+01 -3.057383e-02  2.883708e-02 -2.025368e-02 
 2.635000e+04  8.745744e+01 -3.081136e-02  2.904779e-02 -2.040752e-02 
 2.640000e+04  8.955406e+01 -3.105107e-02  2.926028e-02 -2.056271e-02 
 2.645000e+04  9.169764e+01 -3.129196e-02  2.947372e-02 -2.071862e-02 
 2.650000e+04  9.389481e+01 -3.153451e-02  2.968853e-02 -2.087554e-02 
 2.655000e+04  9.614556e+01 -3.177868e-02  2.990472e-02 -2.103342e-02 
 2.660000e+04  9.843008e+01 -3.202218e-02  3.012015e-02 -2.119072e-02 
 2.665000e+04  1.007934e+02 -3.226974e-02  3.033905e-02 -2.135056e-02 
 2.670000e+04  1.031567e+02 -3.251291e-02  3.055395e-02 -2.150749e-02 
 2.675000e+04  1.056263e+02 -3.276249e-02  3.077442e-02 -2.166849e-02 
 2.680000e+04  1.081078e+02 -3.300889e-02  3.099191e-02 -2.182737e-02 
 2.685000e+04  1.106761e+02 -3.325936e-02  3.121289e-02 -2.198882e-02 
 2.690000e+04  1.132816e+02 -3.350903e-02  3.143305e-02 -2.214970e-02 
 2.695000e+04  1.159340e+02 -3.375858e-02  3.165301e-02 -2.231042e-02 
 2.700000e+04  1.186698e+02 -3.401145e-02  3.187580e-02 -2.247319e-02 
 2.705000e+04  1.214056e+02 -3.425977e-02  3.209452e-02 -2.263298e-02 
 2.710000e+04  1.241934e+02 -3.450814e-02  3.231319e-02 -2.279278e-02 
 2.715000e+04  1.270660e+02 -3.475955e-02  3.253449e-02 -2.295455e-02 
 2.720000e+04  1.299530e+02 -3.500766e-02  3.275286e-02 -2.311421e-02 
 2.725000e+04  1.329692e+02 -3.526234e-02  3.297691e-02 -2.327800e-02 
 2.730000e+04  1.359854e+02 -3.551255e-02  3.319690e-02 -2.343883e-02 
 2.735000e+04  1.390560e+02 -3.576262e-02  3.341667e-02 -2.359953e-02 
 2.740000e+04  1.422230e+02 -3.601597e-02  3.363918e-02 -2.376230e-02 
 2.745000e+04  1.455231e+02 -3.627521e-02  3.386679e-02 -2.392892e-02 
 2.750000e+04  1.488484e+02 -3.653176e-02  3.409198e-02 -2.409380e-02 
 2.755000e+04  1.521738e+02 -3.678359e-02  3.431290e-02 -2.425555e-02 
 2.760000e+04  1.554992e+02 -3.703077e-02  3.452960e-02 -2.441424e-02 
 2.765000e+04  1.590152e+02 -3.728732e-02  3.475442e-02 -2.457895e-02 
 2.770000e+04  1.626814e+02 -3.755029e-02  3.498480e-02 -2.474780e-02 
 2.775000e+04  1.663477e+02 -3.780851e-02  3.521095e-02 -2.491365e-02 
 2.780000e+04  1.700139e+02 -3.806194e-02  3.543280e-02 -2.507640e-02 
 2.785000e+04  1.736801e+02 -3.831056e-02  3.565033e-02 -2.523602e-02 
 2.790000e+04  1.774894e+02 -3.856407e-02  3.587210e-02 -2.539879e-02 
 2.795000e+04  1.813389e+02 -3.881570e-02  3.609220e-02 -2.556039e-02 
 2.800000e+04  1.851885e+02 -3.906278e-02  3.630834e-02 -2.571913e-02 
 2.805000e+04  1.890380e+02 -3.930540e-02  3.652056e-02 -2.587504e-02 
 2.810000e+04  1.929184e+02 -3.954549e-02  3.673063e-02 -2.602935e-02 
 2.815000e+04  1.971585e+02 -3.980332e-02  3.695637e-02 -2.619513e-02 
 2.820000e+04  2.014026e+02 -4.005697e-02  3.717851e-02 -2.635828e-02 
 2.825000e+04  2.056467e+02 -4.030604e-02  3.739659e-02 -2.651850e-02 
 2.830000e+04  2.098909e+02 -4.055050e-02  3.761049e-02 -2.667577e-02 
 2.835000e+04  2.141350e+02 -4.079045e-02  3.782027e-02 -2.683016e-02 
 2.840000e+04  2.183791e+02 -4.102606e-02  3.802610e-02 -2.698176e-02 
 2.845000e+04  2.226233e+02 -4.125767e-02  3.822825e-02 -2.713074e-02 
 2.850000e+04  2.270457e+02 -4.149513e-02  3.843533e-02 -2.728342e-02 
 2.855000e+04  2.315020e+02 -4.173061e-02  3.864062e-02 -2.743484e-02 
 2.860000e+04  2.359584e+02 -4.196210e-02  3.884251e-02 -2.758378e-02 
 2.865000e+04  2.404147e+02 -4.218962e-02  3.904099e-02 -2.773026e-02 
 2.870000e+04  2.449111e+02 -4.241522e-02  3.923787e-02 -2.787563e-02 
 2.875000e+04  2.495903e+02 -4.264618e-02  3.943941e-02 -2.802451e-02 
 2.880000e+04  2.542695e+02 -4.287346e-02  3.963764e-02 -2.817101e-02 
 2.885000e+04  2.590094e+02 -4.309992e-02  3.983503e-02 -2.831701e-02 
 2.890000e+04  2.639226e+02 -4.333096e-02  4.003626e-02 -2.846595e-02 
 2.895000e+04  2.688357e+02 -4.355821e-02  4.023414e-02 -2.861248e-02 
 2.900000e+04  2.737488e+02 -4.378165e-02  4.042869e-02 -2.875656e-02 
 2.905000e+04  2.786619e+02 -4.400134e-02  4.062000e-02 -2.889829e-02 
 2.910000e+04  2.835750e+02 -4.421735e-02  4.080814e-02 -2.903776e-02 
 2.915000e+04  2.886110e+02 -4.443514e-02  4.099787e-02 -2.917846e-02 
 2.920000e+04  2.937697e+02 -4.465487e-02  4.118933e-02 -2.932045e-02 
 2.925000e+04  2.989285e+02 -4.487121e-02  4.137782e-02 -2.946019e-02 
 2.930000e+04  3.040873e+02 -4.508409e-02  4.156307e-02 -2.959758e-02 
 2.935000e+04  3.092461e+02 -4.529349e-02  4.174517e-02 -2.973286e-02 
 2.940000e+04  3.144048e+02 -4.549949e-02  4.192450e-02 -2.986617e-02 
 2.945000e+04  3.195636e+02 -4.570231e-02  4.210121e-02 -2.999756e-02 
 2.950000e+04  3.247224e+02 -4.590214e-02  4.227536e-02 -3.012704e-02 
 2.955000e+04  3.298812e+02 -4.609915e-02  4.244701e-02 -3.025470e-02 
 2.960000e+04  3.350399e+02 -4.629341e-02  4.261626e-02 -3.038062e-02 
 2.965000e+04  3.402451e+02 -4.648665e-02  4.278464e-02 -3.050591e-02 
 2.970000e+04  3.456618e+02 -4.668505e-02  4.295747e-02 -3.063453e-02 
 2.975000e+04  3.510785e+02 -4.688072e-02  4.312766e-02 -3.076131e-02 
 2.980000e+04  3.564953e+02 -4.707359e-02  4.329522e-02 -3.088636e-02 
 2.985000e+04  3.619120e+02 -4.726369e-02  4.346040e-02 -3.100972e-02 
 2.990000e+04  3.673287e+02 -4.745110e-02  4.362331e-02 -3.113139e-02 
 2.995000e+04  3.727454e+02 -4.763592e-02  4.378406e-02 -3.125142e-02 
 3.000000e+04  3.781621e+02 -4.781836e-02  4.394266e-02 -3.136989e-02 
 3.005000e+04  3.835788e+02 -4.799844e-02  4.409917e-02 -3.148686e-02 
 3.010000e+04  3.891201e+02 -4.818029e-02  4.425721e-02 -3.160507e-02 
 3.015000e+04  3.948077e+02 -4.836464e-02  4.441741e-02 -3.172488e-02 
 3.020000e+04  4.004952e+02 -4.854662e-02  4.457508e-02 -3.184306e-02 
 3.025000e+04  4.061827e+02 -4.872617e-02  4.473060e-02 -3.195977e-02 
 3.030000e+04  4.118703e+02 -4.890325e-02  4.488428e-02 -3.207506e-02 
 3.035000e+04  4.175578e+02 -4.907796e-02  4.503615e-02 -3.218890e-02 
 3.040000e+04  4.232454e+02 -4.925048e-02  4.518624e-02 -3.230133e-02 
 3.045000e+04  4.289329e+02 -4.942084e-02  4.533453e-02 -3.241240e-02 
 3.050000e+04  4.346205e+02 -4.958910e-02  4.548107e-02 -3.252218e-02 
 3.055000e+04  4.403080e+02 -4.975525e-02  4.562586e-02 -3.263071e-02 
 3.060000e+04  4.459956e+02 -4.991937e-02  4.576884e-02 -3.273797e-02 
 3.065000e+04  4.516831e+02 -5.008157e-02  4.591006e-02 -3.284399e-02 
 3.070000e+04  4.573707e+02 -5.024196e-02  4.604967e-02 -3.294880e-02 
 3.075000e+04  4.633426e+02 -5.040849e-02  4.619465e-02 -3.305761e-02 
 3.080000e+04  4.693145e+02 -5.057318e-02  4.633789e-02 -3.316523e-02 
 3.085000e+04  4.752864e+02 -5.073598e-02  4.647942e-02 -3.327167e-02 
 3.090000e+04  4.812584e+02 -5.089693e-02  4.661928e-02 -3.337692e-02 
 3.095000e+04  4.872303e+02 -5.105603e-02  4.675754e-02 -3.348097e-02 
 3.100000e+04  4.932022e+02 -5.121338e-02  4.689430e-02 -3.358389e-02 
 3.105000e+04  4.991741e+02 -5.136894e-02  4.702946e-02 -3.368567e-02 
 3.110000e+04  5.051461e+02 -5.152278e-02  4.716307e-02 -3.378636e-02 
 3.115000e+04  5.111180e+02 -5.167501e-02  4.729525e-02 -3.388604e-02 
 3.120000e+04  5.170899e+02 -5.182562e-02  4.742612e-02 -3.398472e-02 
 3.125000e+04  5.230618e+02 -5.197454e-02  4.755565e-02 -3.408239e-02 
 3.130000e+04  5.290338e+02 -5.212189e-02  4.768381e-02 -3.417904e-02 
 3.135000e+04  5.350057e+02 -5.226771e-02  4.781072e-02 -3.427477e-02 
 3.140000e+04  5.409776e+02 -5.241203e-02  4.793642e-02 -3.436956e-02 
 3.145000e+04  5.469495e+02 -5.255492e-02  4.806091e-02 -3.446344e-02 
 3.150000e+04  5.529692e+02 -5.269749e-02  4.818521e-02 -3.455716e-02 
 3.155000e+04  5.592397e+02 -5.284458e-02  4.831348e-02 -3.465390e-02 
 3.160000e+04  5.655103e+02 -5.299027e-02  4.844050e-02 -3.474972e-02 
 3.165000e+04  5.717808e+02 -5.313448e-02  4.856619e-02 -3.484460e-02 
 3.170000e+04  5.780513e+02 -5.327723e-02  4.869060e-02 -3.493854e-02 
 3.175000e+04  5.843218e+02 -5.341861e-02  4.881368e-02 -3.503151e-02 
 3.180000e+04  5.905923e+02 -5.355865e-02  4.893546e-02 -3.512368e-02 
 3.185000e+04  5.968629e+02 -5.369734e-02  4.905607e-02 -3.521484e-02 
 3.190000e+04  6.031334e+02 -5.383477e-02  4.917544e-02 -3.530514e-02 
 3.195000e+04  6.094039e+02 -5.397098e-02  4.929364e-02 -3.539468e-02 
 3.200000e+04  6.156744e+02 -5.410587e-02  4.941080e-02 -3.548351e-02 
 3.205000e+04  6.219449e+02 -5.423954e-02  4.952697e-02 -3.557156e-02 
 3.210000e+04  6.282155e+02 -5.437207e-02  4.964220e-02 -3.565883e-02 
 3.215000e+04  6.344860e+02 -5.450345e-02  4.975642e-02 -3.574540e-02 
 3.220000e+04  6.407565e+02 -5.463364e-02  4.986970e-02 -3.583128e-02 
 3.225000e+04  6.470270e+02 -5.476263e-02  4.998212e-02 -3.591647e-02 
 3.230000e+04  6.535170e+02 -5.489497e-02  5.009758e-02 -3.600394e-02 
 3.235000e+04  6.601011e+02 -5.502806e-02  5.021376e-02 -3.609191e-02 
 3.240000e+04  6.666851e+02 -5.515999e-02  5.032897e-02 -3.617919e-02 
 3.245000e+04  6.732691e+02 -5.529078e-02  5.044330e-02 -3.626560e-02 
 3.250000e+04  6.798532e+02 -5.542046e-02  5.055656e-02 -3.635128e-02 
 3.255000e+04  6.864372e+02 -5.554900e-02  5.066868e-02 -3.643624e-02 
 3.260000e+04  6.931332e+02 -5.567853e-02  5.078179e-02 -3.652197e-02 
 3.265000e+04  7.000465e+02 -5.581123e-02  5.089751e-02 -3.660976e-02 
 3.270000e+04  7.069597e+02 -5.594302e-02  5.101209e-02 -3.669674e-02 
 3.275000e+04  7.138730e+02 -5.607375e-02  5.112568e-02 -3.678301e-02 
 3.280000e+04  7.207862e+02 -5.620331e-02  5.123833e-02 -3.686855e-02 
 3.285000e+04  7.279345e+02 -5.633623e-02  5.135400e-02 -3.695641e-02 
 3.290000e+04  7.351934e+02 -5.647020e-02  5.147085e-02 -3.704505e-02 
 3.295000e+04  7.424523e+02 -5.660304e-02  5.158674e-02 -3.713291e-02 
 3.300000e+04  7.497112e+02 -5.673477e-02  5.170153e-02 -3.722000e-02 
 3.305000e+04  7.569701e+02 -5.686541e-02  5.181536e-02 -3.730641e-02 
 3.310000e+04  7.642291e+02 -5.699490e-02  5.192817e-02 -3.739227e-02 
 3.315000e+04  7.715606e+02 -5.712460e-02  5.204126e-02 -3.747824e-02 
 3.320000e+04  7.791824e+02 -5.725850e-02  5.215786e-02 -3.756687e-02 
 3.325000e+04  7.868043e+02 -5.739111e-02  5.227361e-02 -3.765455e-02 
 3.330000e+04  7.944261e+02 -5.752253e-02  5.238826e-02 -3.774153e-02 
 3.335000e+04  8.020480e+02 -5.765287e-02  5.250191e-02 -3.782783e-02 
 3.340000e+04  8.096698e+02 -5.778221e-02  5.261476e-02 -3.791349e-02 
 3.345000e+04  8.172917e+02 -5.791046e-02  5.272668e-02 -3.799860e-02 
 3.350000e+04  8.249136e+02 -5.803745e-02  5.283793e-02 -3.808302e-02 
 3.355000e+04  8.325354e+02 -5.816352e-02  5.294859e-02 -3.816693e-02 
 3.360000e+04  8.401573e+02 -5.828876e-02  5.305860e-02 -3.825039e-02 
 3.365000e+04  8.477791e+02 -5.841321e-02  5.316799e-02 -3.833336e-02 
 3.370000e+04  8.554010e+02 -5.853662e-02  5.327651e-02 -3.841557e-02 
 3.375000e+04  8.630228e+02 -5.865909e-02  5.338426e-02 -3.849715e-02 
 3.380000e+04  8.706447e+02 -5.878067e-02  5.349119e-02 -3.857811e-02 
 3.385000e+04  8.782665e+02 -5.890112e-02  5.359716e-02 -3.865839e-02 
 3.390000e+04  8.858884e+02 -5.902076e-02  5.370220e-02 -3.873818e-02 
 3.395000e+04  8.935103e+02 -5.913978e-02  5.380650e-02 -3.881752e-02 
 3.400000e+04  9.011321e+02 -5.925793e-02  5.391001e-02 -3.889628e-02 
 3.405000e+04  9.087540e+02 -5.937538e-02  5.401271e-02 -3.897450e-02 
 3.410000e+04  9.163758e+02 -5.949210e-02  5.411478e-02 -3.905228e-02 
 3.415000e+04  9.239977e+02 -5.960806e-02  5.421640e-02 -3.912975e-02 
 3.420000e+04  9.316195e+02 -5.972325e-02  5.431744e-02 -3.920672e-02 
 3.425000e+04  9.392414e+02 -5.983781e-02  5.441782e-02 -3.928331e-02 
 3.430000e+04  9.468633e+02 -5.995170e-02  5.451771e-02 -3.935960e-02 
 3.435000e+04  9.544851e+02 -6.006494e-02  5.461706e-02 -3.943542e-02 
 3.440000e+04  9.621070e+02 -6.017766e-02  5.471580e-02 -3.951079e-02 
 3.445000e+04  9.697288e+02 -6.028972e-02  5.481381e-02 -3.958577e-02 
 3.450000e+04  9.773507e+02 -6.040098e-02  5.491123e-02 -3.966021e-02 
 3.455000e+04  9.849725e+02 -6.051154e-02  5.500797e-02 -3.973420e-02 
 3.460000e+04  9.925944e+02 -6.062139e-02  5.510416e-02 -3.980772e-02 
 3.465000e+04  1.000216e+03 -6.073036e-02  5.519987e-02 -3.988080e-02 
 3.470000e+04  1.007838e+03 -6.083871e-02  5.529493e-02 -3.995348e-02 
 3.475000e+04  1.015460e+03 -6.094654e-02  5.538947e-02 -4.002577e-02 
 3.480000e+04  1.023082e+03 -6.105368e-02  5.548355e-02 -4.009772e-02 
 3.485000e+04  1.030704e+03 -6.116023e-02  5.557714e-02 -4.016928e-02 
 3.490000e+04  1.038326e+03 -6.126626e-02  5.567020e-02 -4.024053e-02 
 3.495000e+04  1.045947e+03 -6.137171e-02  5.576277e-02 -4.031142e-02 
 3.500000e+04  1.053569e+03 -6.147656e-02  5.585488e-02 -4.038191e-02 
 3.505000e+04  1.061191e+03 -6.158090e-02  5.594653e-02 -4.045206e-02 
 3.510000e+04  1.068813e+03 -6.168465e-02  5.603770e-02 -4.052190e-02 
 3.515000e+04  1.076435e+03 -6.178782e-02  5.612845e-02 -4.059134e-02 
 3.520000e+04  1.084057e+03 -6.189056e-02  5.621876e-02 -4.066049e-02 
 3.525000e+04  1.091679e+03 -6.199278e-02  5.630852e-02 -4.072924e-02 
 3.530000e+04  1.099300e+03 -6.209445e-02  5.639783e-02 -4.079769e-02 
 3.535000e+04  1.106922e+03 -6.219572e-02  5.648657e-02 -4.086582e-02 
 3.540000e+04  1.114597e+03 -6.229718e-02  5.657546e-02 -4.093410e-02 
 3.545000e+04  1.122600e+03 -6.240239e-02  5.666773e-02 -4.100500e-02 
 3.550000e+04  1.130603e+03 -6.250709e-02  5.675958e-02 -4.107548e-02 
 3.555000e+04  1.138606e+03 -6.261117e-02  5.685098e-02 -4.114551e-02 
 3.560000e+04  1.146609e+03 -6.271456e-02  5.694194e-02 -4.121516e-02 
 3.565000e+04  1.154612e+03 -6.281746e-02  5.703257e-02 -4.128455e-02 
 3.570000e+04  1.162615e+03 -6.291996e-02  5.712283e-02 -4.135374e-02 
 3.575000e+04  1.170618e+03 -6.302198e-02  5.721267e-02 -4.142266e-02 
 3.580000e+04  1.178621e+03 -6.312344e-02  5.730222e-02 -4.149122e-02 
 3.585000e+04  1.186624e+03 -6.322446e-02  5.739132e-02 -4.155954e-02 
 3.590000e+04  1.194643e+03 -6.332520e-02  5.748030e-02 -4.162769e-02 
 3.595000e+04  1.203046e+03 -6.343018e-02  5.757330e-02 -4.169873e-02 
 3.600000e+04  1.211449e+03 -6.353475e-02  5.766593e-02 -4.176937e-02 
 3.605000e+04  1.219852e+03 -6.363870e-02  5.775798e-02 -4.183946e-02 
 3.610000e+04  1.228255e+03 -6.374211e-02  5.784938e-02 -4.190919e-02 
 3.615000e+04  1.236658e+03 -6.384504e-02  5.794028e-02 -4.197873e-02 
 3.620000e+04  1.245120e+03 -6.394839e-02  5.803149e-02 -4.204860e-02 
 3.625000e+04  1.253944e+03 -6.405585e-02  5.812631e-02 -4.212123e-02 
 3.630000e+04  1.262811e+03 -6.416329e-02  5.822127e-02 -4.219379e-02 
 3.635000e+04  1.272075e+03 -6.427512e-02  5.832006e-02 -4.226933e-02 
 3.640000e+04  1.281340e+03 -6.438641e-02  5.841832e-02 -4.234442e-02 
 3.645000e+04  1.290604e+03 -6.449715e-02  5.851604e-02 -4.241910e-02 
 3.650000e+04  1.300323e+03 -6.461288e-02  5.861808e-02 -4.249715e-02 
 3.655000e+04  1.310050e+03 -6.472806e-02  5.871984e-02 -4.257482e-02 
 3.660000e+04  1.319778e+03 -6.484241e-02  5.882102e-02 -4.265197e-02 
 3.665000e+04  1.329505e+03 -6.495612e-02  5.892164e-02 -4.272864e-02 
 3.670000e+04  1.339564e+03 -6.507312e-02  5.902527e-02 -4.280765e-02 
 3.675000e+04  1.349778e+03 -6.519140e-02  5.913015e-02 -4.288767e-02 
 3.680000e+04  1.359992e+03 -6.530901e-02  5.923468e-02 -4.296719e-02 
 3.685000e+04  1.370206e+03 -6.542573e-02  5.933879e-02 -4.304601e-02 
 3.690000e+04  1.380420e+03 -6.554177e-02  5.944241e-02 -4.312438e-02 
 3.695000e+04  1.390634e+03 -6.565720e-02  5.954559e-02 -4.320246e-02 
 3.700000e+04  1.400848e+03 -6.577221e-02  5.964838e-02 -4.328037e-02 
 3.705000e+04  1.411062e+03 -6.588693e-02  5.975078e-02 -4.335795e-02 
 3.710000e+04  1.421276e+03 -6.600107e-02  5.985272e-02 -4.343522e-02 
 3.715000e+04  1.431490e+03 -6.611479e-02  5.995413e-02 -4.351220e-02 
 3.720000e+04  1.442010e+03 -6.623159e-02  6.005787e-02 -4.359117e-02 
 3.725000e+04  1.452735e+03 -6.635042e-02  6.016287e-02 -4.367128e-02 
 3.730000e+04  1.463610e+03 -6.647055e-02  6.026859e-02 -4.375202e-02 
 3.735000e+04  1.474871e+03 -6.659452e-02  6.037755e-02 -4.383527e-02 
 3.740000e+04  1.486132e+03 -6.671781e-02  6.048614e-02 -4.391795e-02 
 3.745000e+04  1.497574e+03 -6.684246e-02  6.059599e-02 -4.400153e-02 
 3.750000e+04  1.509149e+03 -6.696812e-02  6.070651e-02 -4.408593e-02 
 3.755000e+04  1.520723e+03 -6.709335e-02  6.081648e-02 -4.416986e-02 
 3.760000e+04  1.532297e+03 -6.721819e-02  6.092602e-02 -4.425353e-02 
 3.765000e+04  1.543871e+03 -6.734255e-02  6.103505e-02 -4.433712e-02 
 3.770000e+04  1.555445e+03 -6.746626e-02  6.114363e-02 -4.442059e-02 
 3.775000e+04  1.567019e+03 -6.758936e-02  6.125183e-02 -4.450373e-02 
 3.780000e+04  1.578593e+03 -6.771190e-02  6.135972e-02 -4.458638e-02 
 3.785000e+04  1.590167e+03 -6.783381e-02  6.146751e-02 -4.466876e-02 
 3.790000e+04  1.601741e+03 -6.795519e-02  6.157516e-02 -4.475087e-02 
 3.795000e+04  1.613315e+03 -6.807605e-02  6.168248e-02 -4.483243e-02 
 3.800000e+04  1.624889e+03 -6.819663e-02  6.178934e-02 -4.491374e-02 
 3.805000e+04  1.636463e+03 -6.831673e-02  6.189575e-02 -4.499464e-02 
 3.810000e+04  1.648037e+03 -6.843622e-02  6.200166e-02 -4.507516e-02 
 3.815000e+04  1.659612e+03 -6.855535e-02  6.210710e-02 -4.515549e-02 
 3.820000e+04  1.671186e+03 -6.867400e-02  6.221214e-02 -4.523578e-02 
 3.825000e+04  1.682760e+03 -6.879219e-02  6.231676e-02 -4.531590e-02 
 3.830000e+04  1.694334e+03 -6.891002e-02  6.242097e-02 -4.539582e-02 
 3.835000e+04  1.705908e+03 -6.902771e-02  6.252492e-02 -4.547541e-02 
 3.840000e+04  1.717482e+03 -6.914512e-02  6.262860e-02 -4.555471e-02 
 3.845000e+04  1.729056e+03 -6.926218e-02  6.273190e-02 -4.563358e-02 
 3.850000e+04  1.740630e+03 -6.937875e-02  6.283474e-02 -4.571201e-02 
 3.855000e+04  1.752204e+03 -6.949478e-02  6.293724e-02 -4.579003e-02 
 3.860000e+04  1.763778e+03 -6.961025e-02  6.303936e-02 -4.586784e-02 
 3.865000e+04  1.775352e+03 -6.972509e-02  6.314109e-02 -4.594552e-02 
 3.870000e+04  1.786926e+03 -6.983951e-02  6.324251e-02 -4.602312e-02 
 3.875000e+04  1.798500e+03 -6.995361e-02  6.334373e-02 -4.610063e-02 
 3.880000e+04  1.810074e+03 -7.006740e-02  6.344472e-02 -4.617786e-02 
 3.885000e+04  1.821649e+03 -7.018072e-02  6.354542e-02 -4.625471e-02 
 3.890000e+04  1.833223e+03 -7.029360e-02  6.364595e-02 -4.633121e-02 
 3.895000e+04  1.844797e+03 -7.040608e-02  6.374640e-02 -4.640738e-02 
 3.900000e+04  1.856371e+03 -7.051809e-02  6.384663e-02 -4.648331e-02 
 3.905000e+04  1.867945e+03 -7.062958e-02  6.394651e-02 -4.655896e-02 
 3.910000e+04  1.879519e+03 -7.074068e-02  6.404600e-02 -4.663446e-02 
 3.915000e+04  1.891093e+03 -7.085136e-02  6.414513e-02 -4.670967e-02 
 3.920000e+04  1.902667e+03 -7.096181e-02  6.424380e-02 -4.678471e-02 
 3.925000e+04  1.914241e+03 -7.107197e-02  6.434207e-02 -4.685952e-02 
 3.930000e+04  1.925815e+03 -7.118177e-02  6.444006e-02 -4.693410e-02 
 3.935000e+04  1.937389e+03 -7.129134e-02  6.453789e-02 -4.700851e-02 
 3.940000e+04  1.948963e+03 -7.140061e-02  6.463551e-02 -4.708263e-02 
 3.945000e+04  1.960537e+03 -7.150962e-02  6.473280e-02 -4.715651e-02 
 3.950000e+04  1.972112e+03 -7.161835e-02  6.482977e-02 -4.723015e-02 
 3.955000e+04  1.983686e+03 -7.172673e-02  6.492630e-02 -4.730362e-02 
 3.960000e+04  1.995260e+03 -7.183484e-02  6.502230e-02 -4.737688e-02 
 3.965000e+04  2.006834e+03 -7.194266e-02  6.511799e-02 -4.744994e-02 
 3.970000e+04  2.018408e+03 -7.205023e-02  6.521352e-02 -4.752283e-02 
 3.975000e+04  2.029982e+03 -7.215749e-02  6.530894e-02 -4.759560e-02 
 3.980000e+04  2.041556e+03 -7.226435e-02  6.540425e-02 -4.766820e-02 
 3.985000e+04  2.053130e+03 -7.237094e-02  6.549941e-02 -4.774064e-02 
 3.990000e+04  2.064704e+03 -7.247733e-02  6.559441e-02 -4.781292e-02 
 3.995000e+04  2.076278e+03 -7.258342e-02  6.568922e-02 -4.788503e-02 
 4.000000e+04  2.087852e+03 -7.268921e-02  6.578380e-02 -4.795694e-02 
 4.005000e+04  2.099426e+03 -7.279478e-02  6.587813e-02 -4.802868e-02 
 4.010000e+04  2.111000e+03 -7.290014e-02  6.597217e-02 -4.810027e-02 
 4.015000e+04  2.122574e+03 -7.300525e-02  6.606595e-02 -4.817169e-02 
 4.020000e+04  2.134149e+03 -7.311019e-02  6.615951e-02 -4.824265e-02 
 4.025000e+04  2.145723e+03 -7.321482e-02  6.625287e-02 -4.831358e-02 
 4.030000e+04  2.157297e+03 -7.331893e-02  6.634604e-02 -4.838443e-02 
 4.035000e+04  2.168871e+03 -7.342292e-02  6.643900e-02 -4.845535e-02 
 4.040000e+04  2.180445e+03 -7.352696e-02  6.653178e-02 -4.852642e-02 
 4.045000e+04  2.192019e+03 -7.363102e-02  6.662443e-02 -4.859733e-02 
 4.050000e+04  2.203593e+03 -7.373508e-02  6.671696e-02 -4.866779e-02 
 4.055000e+04  2.215167e+03 -7.383881e-02  6.680930e-02 -4.873817e-02 
 4.060000e+04  2.226741e+03 -7.394218e-02  6.690161e-02 -4.880815e-02 
 4.065000e+04  2.238315e+03 -7.404549e-02  6.699382e-02 -4.887765e-02 
 4.070000e+04  2.249889e+03 -7.414865e-02  6.708533e-02 -4.894747e-02 
 4.075000e+04  2.261463e+03 -7.425168e-02  6.717636e-02 -4.901748e-02 
 4.080000e+04  2.273037e+03 -7.435440e-02  6.726734e-02 -4.908768e-02 
 4.085000e+04  2.284612e+03 -7.445723e-02  6.735850e-02 -4.915791e-02 
 4.090000e+04  2.296186e+03 -7.455992e-02  6.744986e-02 -4.922793e-02 
 4.095000e+04  2.307760e+03 -7.466234e-02  6.754131e-02 -4.929749e-02 
 4.100000e+04  2.319334e+03 -7.476450e-02  6.763277e-02 -4.936674e-02 
 4.105000e+04  2.330908e+03 -7.486655e-02  6.772425e-02 -4.943609e-02 
 4.110000e+04  2.342482e+03 -7.496826e-02  6.781561e-02 -4.950526e-02 
 4.115000e+04  2.354056e+03 -7.506984e-02  6.790660e-02 -4.957397e-02 
 4.120000e+04  2.365630e+03 -7.517124e-02  6.799733e-02 -4.964275e-02 
 4.125000e+04  2.377204e+03 -7.527212e-02  6.808798e-02 -4.971128e-02 
 4.130000e+04  2.388778e+03 -7.537266e-02  6.817841e-02 -4.977998e-02 
 4.135000e+04  2.400352e+03 -7.547309e-02  6.826869e-02 -4.984907e-02 
 4.140000e+04  2.411926e+03 -7.557379e-02  6.835904e-02 -4.991822e-02 
 4.145000e+04  2.423500e+03 -7.567482e-02  6.844925e-02 -4.998730e-02 
 4.150000e+04  2.435074e+03 -7.577597e-02  6.853936e-02 -5.005607e-02 
 4.155000e+04  2.446649e+03 -7.587705e-02  6.862951e-02 -5.012443e-02 
 4.160000e+04  2.458223e+03 -7.597786e-02  6.871948e-02 -5.019229e-02 
 4.165000e+04  2.469797e+03 -7.607765e-02  6.880911e-02 -5.025976e-02 
 4.170000e+04  2.481371e+03 -7.617645e-02  6.889840e-02 -5.032740e-02 
 4.175000e+04  2.492945e+03 -7.627488e-02  6.898720e-02 -5.039494e-02 
 4.180000e+04  2.504519e+03 -7.637330e-02  6.907573e-02 -5.046231e-02 
 4.185000e+04  2.516093e+03 -7.647162e-02  6.916441e-02 -5.052992e-02 
 4.190000e+04  2.527667e+03 -7.657073e-02  6.925354e-02 -5.059787e-02 
 4.195000e+04  2.539241e+03 -7.667068e-02  6.934297e-02 -5.066595e-02 
 4.200000e+04  2.550815e+03 -7.677095e-02  6.943260e-02 -5.073385e-02 
 4.205000e+04  2.562389e+03 -7.687113e-02  6.952229e-02 -5.080131e-02 
 4.210000e+04  2.573963e+03 -7.697067e-02  6.961178e-02 -5.086836e-02 
 4.215000e+04  2.585537e+03 -7.706963e-02  6.970072e-02 -5.093525e-02 
 4.220000e+04  2.597112e+03 -7.716806e-02  6.978889e-02 -5.100220e-02 
 4.225000e+04  2.608686e+03 -7.726548e-02  6.987607e-02 -5.106909e-02 
 4.230000e+04  2.620260e+03 -7.736224e-02  6.996229e-02 -5.113594e-02 
 4.235000e+04  2.631834e+03 -7.745849e-02  7.004881e-02 -5.120255e-02 
 4.240000e+04  2.643408e+03 -7.755501e-02  7.013572e-02 -5.126905e-02 
 4.245000e+04  2.654982e+03 -7.765179e-02  7.022287e-02 -5.133500e-02 
 4.250000e+04  2.666556e+03 -7.774929e-02  7.031050e-02 -5.140090e-02 
 4.255000e+04  2.678130e+03 -7.784818e-02  7.039831e-02 -5.146717e-02 
 4.260000e+04  2.689704e+03 -7.794705e-02  7.048600e-02 -5.153348e-02 
 4.265000e+04  2.701278e+03 -7.804553e-02  7.057326e-02 -5.159992e-02 
 4.270000e+04  2.712852e+03 -7.814308e-02  7.065959e-02 -5.166651e-02 
 4.275000e+04  2.724426e+03 -7.823984e-02  7.074620e-02 -5.173324e-02 
 4.280000e+04  2.736000e+03 -7.833627e-02  7.083309e-02 -5.179971e-02 
 4.285000e+04  2.747574e+03 -7.843255e-02  7.092002e-02 -5.186587e-02 
 4.290000e+04  2.759149e+03 -7.852934e-02  7.100704e-02 -5.193166e-02 
 4.295000e+04  2.770723e+03 -7.862588e-02  7.109395e-02 -5.199732e-02 
 4.300000e+04  2.782297e+03 -7.872267e-02  7.118105e-02 -5.206294e-02 
 4.305000e+04  2.793871e+03 -7.881964e-02  7.126767e-02 -5.212844e-02 
 4.310000e+04  2.805445e+03 -7.891662e-02  7.135398e-02 -5.219381e-02 
 4.315000e+04  2.817019e+03 -7.901349e-02  7.143980e-02 -5.225920e-02 
 4.320000e+04  2.828593e+03 -7.911014e-02  7.152616e-02 -5.232447e-02 
 4.325000e+04  2.840167e+03 -7.920545e-02  7.161268e-02 -5.238950e-02 
 4.330000e+04  2.851741e+03 -7.929958e-02  7.169887e-02 -5.245443e-02 
 4.335000e+04  2.863315e+03 -7.939343e-02  7.178522e-02 -5.251969e-02 
 4.340000e+04  2.874889e+03 -7.948757e-02  7.187147e-02 -5.258502e-02 
 4.345000e+04  2.886463e+03 -7.958221e-02  7.195737e-02 -5.264952e-02 
 4.350000e+04  2.898037e+03 -7.967754e-02  7.204300e-02 -5.271365e-02 
 4.355000e+04  2.909612e+03 -7.977342e-02  7.212807e-02 -5.277786e-02 
 4.360000e+04  2.921186e+03 -7.986939e-02  7.221314e-02 -5.284213e-02 
 4.365000e+04  2.932760e+03 -7.996519e-02  7.229733e-02 -5.290653e-02 
 4.370000e+04  2.944334e+03 -8.006065e-02  7.238026e-02 -5.297084e-02 
 4.375000e+04  2.955908e+03 -8.015613e-02  7.246302e-02 -5.303482e-02 
 4.380000e+04  2.967482e+03 -8.025187e-02  7.254676e-02 -5.309852e-02 
 4.385000e+04  2.979056e+03 -8.034772e-02  7.263173e-02 -5.316224e-02 
 4.390000e+04  2.990630e+03 -8.044299e-02  7.271761e-02 -5.322601e-02 
 4.395000e+04  3.002204e+03 -8.053766e-02  7.280395e-02 -5.328995e-02 
 4.400000e+04  3.013778e+03 -8.063271e-02  7.289008e-02 -5.335437e-02 
 4.405000e+04  3.025352e+03 -8.072820e-02  7.297542e-02 -5.341904e-02 
 4.410000e+04  3.036926e+03 -8.082341e-02  7.306023e-02 -5.348363e-02 
 4.415000e+04  3.048500e+03 -8.091779e-02  7.314439e-02 -5.354783e-02 
 4.420000e+04  3.060074e+03 -8.101135e-02  7.322808e-02 -5.361181e-02 
 4.425000e+04  3.071649e+03 -8.110426e-02  7.331228e-02 -5.367554e-02 
 4.430000e+04  3.083223e+03 -8.119678e-02  7.339624e-02 -5.373888e-02 
 4.435000e+04  3.094797e+03 -8.128885e-02  7.348014e-02 -5.380180e-02 
 4.440000e+04  3.106371e+03 -8.138092e-02  7.356537e-02 -5.386430e-02 
 4.445000e+04  3.117945e+03 -8.147331e-02  7.365149e-02 -5.392686e-02 
 4.450000e+04  3.129519e+03 -8.156628e-02  7.373762e-02 -5.398947e-02 
 4.455000e+04  3.141093e+03 -8.165834e-02  7.382352e-02 -5.405200e-02 
 4.460000e+04  3.152667e+03 -8.175067e-02  7.390884e-02 -5.411509e-02 
 4.465000e+04  3.164241e+03 -8.184370e-02  7.399337e-02 -5.417898e-02 
 4.470000e+04  3.175815e+03 -8.193729e-02  7.407701e-02 -5.424305e-02 
 4.475000e+04  3.187389e+03 -8.203098e-02  7.415946e-02 -5.430682e-02 
 4.480000e+04  3.198963e+03 -8.212462e-02  7.424199e-02 -5.437019e-02 
 4.485000e+04  3.210537e+03 -8.221839e-02  7.432517e-02 -5.443301e-02 
 4.490000e+04  3.222112e+03 -8.231223e-02  7.440867e-02 -5.449547e-02 
 4.495000e+04  3.233686e+03 -8.240613e-02  7.449234e-02 -5.455763e-02 
 4.500000e+04  3.245260e+03 -8.250027e-02  7.457596e-02 -5.461986e-02 
 4.505000e+04  3.256834e+03 -8.259447e-02  7.465940e-02 -5.468246e-02 
 4.510000e+04  3.268408e+03 -8.268784e-02  7.474254e-02 -5.474539e-02 
 4.515000e+04  3.279982e+03 -8.278083e-02  7.482524e-02 -5.480855e-02 
 4.520000e+04  3.291556e+03 -8.287375e-02  7.490780e-02 -5.487189e-02 
 4.525000e+04  3.303130e+03 -8.296659e-02  7.499045e-02 -5.493512e-02 
 4.530000e+04  3.314704e+03 -8.305914e-02  7.507329e-02 -5.499794e-02 
 4.535000e+04  3.326278e+03 -8.315124e-02  7.515641e-02 -5.506024e-02 
 4.540000e+04  3.337852e+03 -8.324292e-02  7.524001e-02 -5.512239e-02 
 4.545000e+04  3.349426e+03 -8.333427e-02  7.532344e-02 -5.518456e-02 
 4.550000e+04  3.361000e+03 -8.342557e-02  7.540658e-02 -5.524668e-02 
 4.555000e+04  3.372574e+03 -8.351697e-02  7.548957e-02 -5.530862e-02 
 4.560000e+04  3.384149e+03 -8.360799e-02  7.557232e-02 -5.537058e-02 
 4.565000e+04  3.395723e+03 -8.369916e-02  7.565503e-02 -5.543234e-02 
 4.570000e+04  3.407297e+03 -8.379031e-02  7.573755e-02 -5.549386e-02 
 4.575000e+04  3.418871e+03 -8.388172e-02  7.581955e-02 -5.555538e-02 
 4.580000e+04  3.430445e+03 -8.397334e-02  7.590191e-02 -5.561714e-02 
 4.585000e+04  3.442019e+03 -8.406456e-02  7.598469e-02 -5.567918e-02 
 4.590000e+04  3.453593e+03 -8.415560e-02  7.606752e-02 -5.574111e-02 
 4.595000e+04  3.465167e+03 -8.424670e-02  7.615019e-02 -5.580305e-02 
 4.600000e+04  3.476741e+03 -8.433814e-02  7.623269e-02 -5.586501e-02 
 4.605000e+04  3.488315e+03 -8.443004e-02  7.631480e-02 -5.592695e-02 
 4.610000e+04  3.499889e+03 -8.452203e-02  7.639624e-02 -5.598857e-02 
 4.615000e+04  3.511463e+03 -8.461387e-02  7.647682e-02 -5.604980e-02 
 4.620000e+04  3.523037e+03 -8.470562e-02  7.655703e-02 -5.611108e-02 
 4.625000e+04  3.534612e+03 -8.479691e-02  7.663748e-02 -5.617243e-02 
 4.630000e+04  3.546186e+03 -8.488793e-02  7.671856e-02 -5.623341e-02 
 4.635000e+04  3.557760e+03 -8.497894e-02  7.680009e-02 -5.629435e-02 
 4.640000e+04  3.569334e+03 -8.506968e-02  7.688207e-02 -5.635530e-02 
 4.645000e+04  3.580908e+03 -8.515987e-02  7.696430e-02 -5.641612e-02 
 4.650000e+04  3.592482e+03 -8.524989e-02  7.704665e-02 -5.647719e-02 
 4.655000e+04  3.604056e+03 -8.534003e-02  7.712890e-02 -5.653859e-02 
 4.660000e+04  3.615630e+03 -8.543027e-02  7.721085e-02 -5.660014e-02 
 4.665000e+04  3.627204e+03 -8.552056e-02  7.729263e-02 -5.666157e-02 
 4.670000e+04  3.638778e+03 -8.561076e-02  7.737435e-02 -5.672278e-02 
 4.675000e+04  3.650352e+03 -8.570029e-02  7.745611e-02 -5.678361e-02 
 4.680000e+04  3.661926e+03 -8.578878e-02  7.753781e-02 -5.684419e-02 
 4.685000e+04  3.673500e+03 -8.587669e-02  7.761878e-02 -5.690478e-02 
 4.690000e+04  3.685074e+03 -8.596507e-02  7.769936e-02 -5.696527e-02 
 4.695000e+04  3.696649e+03 -8.605369e-02  7.777955e-02 -5.702563e-02 
 4.700000e+04  3.708223e+03 -8.614258e-02  7.785976e-02 -5.708557e-02 
 4.705000e+04  3.719797e+03 -8.623145e-02  7.793958e-02 -5.714555e-02 
 4.710000e+04  3.731371e+03 -8.632086e-02  7.801937e-02 -5.720570e-02 
 4.715000e+04  3.742945e+03 -8.641076e-02  7.809960e-02 -5.726602e-02 
 4.720000e+04  3.754519e+03 -8.650072e-02  7.818017e-02 -5.732635e-02 
 4.725000e+04  3.766093e+03 -8.659039e-02  7.826095e-02 -5.738652e-02 
 4.730000e+04  3.777667e+03 -8.667965e-02  7.834204e-02 -5.744675e-02 
 4.735000e+04  3.789241e+03 -8.676875e-02  7.842300e-02 -5.750700e-02 
 4.740000e+04  3.800815e+03 -8.685776e-02  7.850385e-02 -5.756721e-02 
 4.745000e+04  3.812389e+03 -8.694684e-02  7.858460e-02 -5.762750e-02 
 4.750000e+04  3.823963e+03 -8.703610e-02  7.866523e-02 -5.768786e-02 
 4.755000e+04  3.835537e+03 -8.712545e-02  7.874569e-02 -5.774797e-02 
 4.760000e+04  3.847112e+03 -8.721462e-02  7.882608e-02 -5.780780e-02 
 4.765000e+04  3.858686e+03 -8.730382e-02  7.890636e-02 -5.786749e-02 
 4.770000e+04  3.870260e+03 -8.739302e-02  7.898592e-02 -5.792720e-02 
 4.775000e+04  3.881834e+03 -8.748181e-02  7.906556e-02 -5.798695e-02 
 4.780000e+04  3.893408e+03 -8.757074e-02  7.914528e-02 -5.804698e-02 
 4.785000e+04  3.904982e+03 -8.765975e-02  7.922515e-02 -5.810711e-02 
 4.790000e+04  3.916556e+03 -8.774878e-02  7.930519e-02 -5.816700e-02 
 4.795000e+04  3.928130e+03 -8.783793e-02  7.938524e-02 -5.822668e-02 
 4.800000e+04  3.939704e+03 -8.792737e-02  7.946534e-02 -5.828648e-02 
 4.805000e+04  3.951278e+03 -8.801681e-02  7.954540e-02 -5.834634e-02 
 4.810000e+04  3.962852e+03 -8.810602e-02  7.962537e-02 -5.840613e-02 
 4.815000e+04  3.974426e+03 -8.819484e-02  7.970539e-02 -5.846599e-02 
 4.820000e+04  3.986000e+03 -8.828351e-02  7.978549e-02 -5.852592e-02 
 4.825000e+04  3.997574e+03 -8.837207e-02  7.986564e-02 -5.858578e-02 
 4.830000e+04  4.009149e+03 -8.846051e-02  7.994578e-02 -5.864554e-02 
 4.835000e+04  4.020723e+03 -8.854884e-02  8.002601e-02 -5.870522e-02 
 4.840000e+04  4.032297e+03 -8.863701e-02  8.010635e-02 -5.876468e-02 
 4.845000e+04  4.043871e+03 -8.872485e-02  8.018668e-02 -5.882391e-02 
 4.850000e+04  4.055445e+03 -8.881262e-02  8.026696e-02 -5.888314e-02 
 4.855000e+04  4.067019e+03 -8.890051e-02  8.034702e-02 -5.894258e-02 
 4.860000e+04  4.078593e+03 -8.898841e-02  8.042689e-02 -5.900225e-02 
 4.865000e+04  4.090167e+03 -8.907637e-02  8.050677e-02 -5.906206e-02 
 4.870000e+04  4.101741e+03 -8.916434e-02  8.058673e-02 -5.912179e-02 
 4.875000e+04  4.113315e+03 -8.925225e-02  8.066676e-02 -5.918125e-02 
 4.880000e+04  4.124889e+03 -8.934020e-02  8.074680e-02 -5.924053e-02 
 4.885000e+04  4.136463e+03 -8.942837e-02  8.082652e-02 -5.929980e-02 
 4.890000e+04  4.148037e+03 -8.951677e-02  8.090556e-02 -5.935892e-02 
 4.895000e+04  4.159612e+03 -8.960506e-02  8.098433e-02 -5.941775e-02 
 4.900000e+04  4.171186e+03 -8.969330e-02  8.106333e-02 -5.947654e-02 
 4.905000e+04  4.182760e+03 -8.978136e-02  8.114199e-02 -5.953570e-02 
 4.910000e+04  4.194334e+03 -8.986883e-02  8.122076e-02 -5.959501e-02 
 4.915000e+04  4.205908e+03 -8.995624e-02  8.129941e-02 -5.965444e-02 
 4.920000e+04  4.217482e+03 -9.004394e-02  8.137817e-02 -5.971382e-02 
 4.925000e+04  4.229056e+03 -9.013143e-02  8.145728e-02 -5.977303e-02 
 4.930000e+04  4.240630e+03 -9.021869e-02  8.153691e-02 -5.983202e-02 
 4.935000e+04  4.252204e+03 -9.030603e-02  8.161691e-02 -5.989094e-02 
 4.940000e+04  4.263778e+03 -9.039346e-02  8.169710e-02 -5.994996e-02 
 4.945000e+04  4.275352e+03 -9.048092e-02  8.177727e-02 -6.000901e-02 
 4.950000e+04  4.286926e+03 -9.056790e-02  8.185714e-02 -6.006807e-02 
 4.955000e+04  4.298500e+03 -9.065450e-02  8.193691e-02 -6.012716e-02 
 4.960000e+04  4.310074e+03 -9.074109e-02  8.201645e-02 -6.018612e-02 
 4.965000e+04  4.321649e+03 -9.082765e-02  8.209588e-02 -6.024497e-02 
 4.970000e+04  4.333223e+03 -9.091432e-02  8.217525e-02 -6.030377e-02 
 4.975000e+04  4.344797e+03 -9.100110e-02  8.225465e-02 -6.036242e-02 
 4.980000e+04  4.356371e+03 -9.108804e-02  8.233393e-02 -6.042111e-02 
 4.985000e+04  4.367945e+03 -9.117517e-02  8.241291e-02 -6.047985e-02 
 4.990000e+04  4.379519e+03 -9.126264e-02  8.249166e-02 -6.053874e-02 
 4.995000e+04  4.391093e+03 -9.135031e-02  8.257045e-02 -6.059775e-02 
 5.000000e+04  4.402667e+03 -9.143810e-02  8.264919e-02 -6.065673e-02 
 5.005000e+04  4.414241e+03 -9.152580e-02  8.272787e-02 -6.071554e-02 
 5.010000e+04  4.425815e+03 -9.161307e-02  8.280629e-02 -6.077418e-02 
 5.015000e+04  4.437389e+03 -9.170026e-02  8.288466e-02 -6.083262e-02 
 5.020000e+04  4.448963e+03 -9.178738e-02  8.296303e-02 -6.089098e-02 
 5.025000e+04  4.460537e+03 -9.187461e-02  8.304125e-02 -6.094951e-02 
 5.030000e+04  4.472112e+03 -9.196193e-02  8.311976e-02 -6.100821e-02 
 5.035000e+04  4.483686e+03 -9.204888e-02  8.319809e-02 -6.106705e-02 
 5.040000e+04  4.495260e+03 -9.213562e-02  8.327602e-02 -6.112585e-02 
 5.045000e+04  4.506834e+03 -9.222197e-02  8.335382e-02 -6.118449e-02 
 5.050000e+04  4.518408e+03 -9.230833e-02  8.343214e-02 -6.124291e-02 
 5.055000e+04  4.529982e+03 -9.239464e-02  8.351098e-02 -6.130131e-02 
 5.060000e+04  4.541556e+03 -9.248081e-02  8.359008e-02 -6.135950e-02 
 5.065000e+04  4.553130e+03 -9.256692e-02  8.366949e-02 -6.141779e-02 
 5.070000e+04  4.564704e+03 -9.265307e-02  8.374897e-02 -6.147624e-02 
 5.075000e+04  4.576278e+03 -9.273943e-02  8.382798e-02 -6.153482e-02 
 5.080000e+04  4.587852e+03 -9.282590e-02  8.390652e-02 -6.159347e-02 
 5.085000e+04  4.599426e+03 -9.291231e-02  8.398488e-02 -6.165203e-02 
 5.090000e+04  4.611000e+03 -9.299843e-02  8.406318e-02 -6.171039e-02 
 5.095000e+04  4.622574e+03 -9.308430e-02  8.414144e-02 -6.176848e-02 
 5.100000e+04  4.634149e+03 -9.317026e-02  8.421950e-02 -6.182650e-02 
 5.105000e+04  4.645723e+03 -9.325660e-02  8.429753e-02 -6.188461e-02 
 5.110000e+04  4.657297e+03 -9.334325e-02  8.437560e-02 -6.194292e-02 
 5.115000e+04  4.668871e+03 -9.343001e-02  8.445327e-02 -6.200128e-02 
 5.120000e+04  4.680445e+03 -9.351640e-02  8.453089e-02 -6.205968e-02 
 5.125000e+04  4.692019e+03 -9.360278e-02  8.460847e-02 -6.211790e-02 
 5.130000e+04  4.703593e+03 -9.368931e-02  8.468605e-02 -6.217600e-02 
 5.135000e+04  4.715167e+03 -9.377608e-02  8.476347e-02 -6.223398e-02 
 5.140000e+04  4.726741e+03 -9.386299e-02  8.484005e-02 -6.229184e-02 
 5.145000e+04  4.738315e+03 -9.394973e-02  8.491611e-02 -6.234971e-02 
 5.150000e+04  4.749889e+03 -9.403612e-02  8.499174e-02 -6.240748e-02 
 5.155000e+04  4.761463e+03 -9.412147e-02  8.506775e-02 -6.246527e-02 
 5.160000e+04  4.773037e+03 -9.420669e-02  8.514421e-02 -6.252322e-02 
 5.165000e+04  4.784612e+03 -9.429223e-02  8.522101e-02 -6.258110e-02 
 5.170000e+04  4.796186e+03 -9.437797e-02  8.529745e-02 -6.263888e-02 
 5.175000e+04  4.807760e+03 -9.446375e-02  8.537383e-02 -6.269647e-02 
 5.180000e+04  4.819334e+03 -9.454935e-02  8.545074e-02 -6.275409e-02 
 5.185000e+04  4.830908e+03 -9.463478e-02  8.552823e-02 -6.281179e-02 
 5.190000e+04  4.842482e+03 -9.472009e-02  8.560599e-02 -6.286951e-02 
 5.195000e+04  4.854056e+03 -9.480524e-02  8.568356e-02 -6.292717e-02 
 5.200000e+04  4.865630e+03 -9.489036e-02  8.576106e-02 -6.298494e-02 
 5.205000e+04  4.877204e+03 -9.497549e-02  8.583861e-02 -6.304279e-02 
 5.210000e+04  4.888778e+03 -9.506022e-02  8.591614e-02 -6.310047e-02 
 5.215000e+04  4.900352e+03 -9.514412e-02  8.599371e-02 -6.315815e-02 
 5.220000e+04  4.911926e+03 -9.522800e-02  8.607129e-02 -6.321593e-02 
 5.225000e+04  4.923500e+03 -9.531199e-02  8.614860e-02 -6.327359e-02 
 5.230000e+04  4.935074e+03 -9.539590e-02  8.622567e-02 -6.333108e-02 
 5.235000e+04  4.946649e+03 -9.548009e-02  8.630275e-02 -6.338843e-02 
 5.240000e+04  4.958223e+03 -9.556470e-02  8.637969e-02 -6.344562e-02 
 5.245000e+04  4.969797e+03 -9.564929e-02  8.645640e-02 -6.350285e-02 
 5.250000e+04  4.981371e+03 -9.573393e-02  8.653304e-02 -6.356027e-02 
 5.255000e+04  4.992945e+03 -9.581865e-02  8.660970e-02 -6.361781e-02 
 5.260000e+04  5.004519e+03 -9.590350e-02  8.668643e-02 -6.367542e-02 
 5.265000e+04  5.016093e+03 -9.598843e-02  8.676319e-02 -6.373301e-02 
 5.270000e+04  5.027667e+03 -9.607352e-02  8.683989e-02 -6.379048e-02 
 5.275000e+04  5.039241e+03 -9.615868e-02  8.691648e-02 -6.384788e-02 
 5.280000e+04  5.050815e+03 -9.624388e-02  8.699300e-02 -6.390524e-02 
 5.285000e+04  5.062389e+03 -9.632907e-02  8.706910e-02 -6.396242e-02 
 5.290000e+04  5.073963e+03 -9.641417e-02  8.714490e-02 -6.401950e-02 
 5.295000e+04  5.085537e+03 -9.649919e-02  8.722089e-02 -6.407676e-02 
 5.300000e+04  5.097112e+03 -9.658419e-02  8.729671e-02 -6.413420e-02 
 5.305000e+04  5.108686e+03 -9.666891e-02  8.737237e-02 -6.419145e-02 
 5.310000e+04  5.120260e+03 -9.675309e-02  8.744823e-02 -6.424857e-02 
 5.315000e+04  5.131834e+03 -9.683738e-02  8.752452e-02 -6.430584e-02 
 5.320000e+04  5.143408e+03 -9.692185e-02  8.760118e-02 -6.436320e-02 
 5.325000e+04  5.154982e+03 -9.700642e-02  8.767799e-02 -6.442042e-02 
 5.330000e+04  5.166556e+03 -9.709102e-02  8.775490e-02 -6.447753e-02 
 5.335000e+04  5.178130e+03 -9.717554e-02  8.783172e-02 -6.453468e-02 
 5.340000e+04  5.189704e+03 -9.725987e-02  8.790825e-02 -6.459177e-02 
 5.345000e+04  5.201278e+03 -9.734401e-02  8.798456e-02 -6.464882e-02 
 5.350000e+04  5.212852e+03 -9.742819e-02  8.806074e-02 -6.470585e-02 
 5.355000e+04  5.224426e+03 -9.751223e-02  8.813692e-02 -6.476283e-02 
 5.360000e+04  5.236000e+03 -9.759616e-02  8.821321e-02 -6.481986e-02 
 5.365000e+04  5.247574e+03 -9.768032e-02  8.828955e-02 -6.487692e-02 
 5.370000e+04  5.259149e+03 -9.776471e-02  8.836578e-02 -6.493404e-02 
 5.375000e+04  5.270723e+03 -9.784927e-02  8.844195e-02 -6.499112e-02 
 5.380000e+04  5.282297e+03 -9.793399e-02  8.851813e-02 -6.504816e-02 
