         Step [creep.tim... Z Displace... Z Displace... X Displace... 
------------- ------------- ------------- ------------- ------------- 
 5.250000e+03  1.276223e-07 -4.629353e-03  4.524540e-03 -2.433365e-03 
 5.300000e+03  3.886505e-06 -4.629564e-03  4.524651e-03 -2.433579e-03 
 5.350000e+03  2.733667e-05 -4.630741e-03  4.524973e-03 -2.434378e-03 
 5.400000e+03  1.146425e-04 -4.631763e-03  4.525191e-03 -2.434565e-03 
 5.450000e+03  3.548798e-04 -4.632320e-03  4.526581e-03 -2.435399e-03 
 5.500000e+03  6.125823e-04 -4.635288e-03  4.529766e-03 -2.437709e-03 
 5.550000e+03  8.702848e-04 -4.640363e-03  4.534758e-03 -2.441186e-03 
 5.600000e+03  1.131699e-03 -4.646287e-03  4.541221e-03 -2.444871e-03 
 5.650000e+03  1.493107e-03 -4.654151e-03  4.550337e-03 -2.449142e-03 
 5.700000e+03  1.897791e-03 -4.661292e-03  4.558930e-03 -2.452415e-03 
 5.750000e+03  2.338549e-03 -4.666507e-03  4.564277e-03 -2.454072e-03 
 5.800000e+03  2.779308e-03 -4.670771e-03  4.567763e-03 -2.455851e-03 
 5.850000e+03  3.220067e-03 -4.675850e-03  4.572129e-03 -2.459402e-03 
 5.900000e+03  3.660826e-03 -4.682236e-03  4.578194e-03 -2.464755e-03 
 5.950000e+03  4.107932e-03 -4.689309e-03  4.585896e-03 -2.470859e-03 
 6.000000e+03  4.725928e-03 -4.699056e-03  4.597185e-03 -2.478345e-03 
 6.050000e+03  5.382339e-03 -4.709215e-03  4.607802e-03 -2.484122e-03 
 6.100000e+03  6.100494e-03 -4.718961e-03  4.616720e-03 -2.487298e-03 
 6.150000e+03  6.854341e-03 -4.728038e-03  4.624811e-03 -2.489876e-03 
 6.200000e+03  7.608188e-03 -4.737442e-03  4.633981e-03 -2.493989e-03 
 6.250000e+03  8.362035e-03 -4.747455e-03  4.644765e-03 -2.500418e-03 
 6.300000e+03  9.115882e-03 -4.757741e-03  4.656243e-03 -2.508721e-03 
 6.350000e+03  1.012154e-02 -4.771256e-03  4.670424e-03 -2.520276e-03 
 6.400000e+03  1.123532e-02 -4.785140e-03  4.683870e-03 -2.530708e-03 
 6.450000e+03  1.236803e-02 -4.797858e-03  4.695725e-03 -2.537820e-03 
 6.500000e+03  1.353749e-02 -4.809910e-03  4.707646e-03 -2.543082e-03 
 6.550000e+03  1.470695e-02 -4.822681e-03  4.720834e-03 -2.548838e-03 
 6.600000e+03  1.587642e-02 -4.837203e-03  4.736211e-03 -2.556460e-03 
 6.650000e+03  1.704588e-02 -4.852672e-03  4.753330e-03 -2.566143e-03 
 6.700000e+03  1.835299e-02 -4.869039e-03  4.771722e-03 -2.578183e-03 
 6.750000e+03  1.996735e-02 -4.886818e-03  4.790282e-03 -2.591954e-03 
 6.800000e+03  2.171188e-02 -4.903654e-03  4.806926e-03 -2.604229e-03 
 6.850000e+03  2.352611e-02 -4.920289e-03  4.823252e-03 -2.614711e-03 
 6.900000e+03  2.534033e-02 -4.937372e-03  4.840385e-03 -2.624677e-03 
 6.950000e+03  2.715455e-02 -4.955963e-03  4.859618e-03 -2.635556e-03 
 7.000000e+03  2.896877e-02 -4.976654e-03  4.881209e-03 -2.647820e-03 
 7.050000e+03  3.092181e-02 -4.999706e-03  4.905583e-03 -2.661831e-03 
 7.100000e+03  3.312701e-02 -5.022963e-03  4.929793e-03 -2.676654e-03 
 7.150000e+03  3.558668e-02 -5.045015e-03  4.952403e-03 -2.691676e-03 
 7.200000e+03  3.840114e-02 -5.068621e-03  4.976705e-03 -2.708034e-03 
 7.250000e+03  4.121559e-02 -5.092060e-03  5.000863e-03 -2.723962e-03 
 7.300000e+03  4.403005e-02 -5.116302e-03  5.026021e-03 -2.740245e-03 
 7.350000e+03  4.684450e-02 -5.142393e-03  5.052727e-03 -2.757327e-03 
 7.400000e+03  5.012139e-02 -5.174677e-03  5.084782e-03 -2.777138e-03 
 7.450000e+03  5.354238e-02 -5.206071e-03  5.115574e-03 -2.795760e-03 
 7.500000e+03  5.701810e-02 -5.234241e-03  5.144009e-03 -2.812975e-03 
 7.550000e+03  6.061014e-02 -5.261798e-03  5.172408e-03 -2.830790e-03 
 7.600000e+03  6.420217e-02 -5.288764e-03  5.200460e-03 -2.848893e-03 
 7.650000e+03  6.779421e-02 -5.315832e-03  5.228551e-03 -2.867626e-03 
 7.700000e+03  7.204654e-02 -5.348819e-03  5.262241e-03 -2.890665e-03 
 7.750000e+03  7.710089e-02 -5.388600e-03  5.301855e-03 -2.917386e-03 
 7.800000e+03  8.215525e-02 -5.426256e-03  5.338100e-03 -2.941005e-03 
 7.850000e+03  8.750327e-02 -5.463916e-03  5.374254e-03 -2.963752e-03 
 7.900000e+03  9.307569e-02 -5.502652e-03  5.411738e-03 -2.987044e-03 
 7.950000e+03  9.864812e-02 -5.540557e-03  5.449255e-03 -3.010641e-03 
 8.000000e+03  1.042206e-01 -5.577378e-03  5.486579e-03 -3.035036e-03 
 8.050000e+03  1.101696e-01 -5.615824e-03  5.525886e-03 -3.061884e-03 
 8.100000e+03  1.169171e-01 -5.657537e-03  5.568607e-03 -3.091789e-03 
 8.150000e+03  1.236904e-01 -5.697175e-03  5.608602e-03 -3.118944e-03 
 8.200000e+03  1.305586e-01 -5.736641e-03  5.648220e-03 -3.144438e-03 
 8.250000e+03  1.376706e-01 -5.777989e-03  5.689135e-03 -3.170051e-03 
 8.300000e+03  1.447826e-01 -5.819363e-03  5.729642e-03 -3.195577e-03 
 8.350000e+03  1.518945e-01 -5.859948e-03  5.769592e-03 -3.221392e-03 
 8.400000e+03  1.591559e-01 -5.899493e-03  5.809122e-03 -3.247974e-03 
 8.450000e+03  1.669222e-01 -5.939010e-03  5.849679e-03 -3.275861e-03 
 8.500000e+03  1.747631e-01 -5.977170e-03  5.888903e-03 -3.302774e-03 
 8.550000e+03  1.827139e-01 -6.015710e-03  5.928009e-03 -3.328817e-03 
 8.600000e+03  1.913421e-01 -6.057920e-03  5.970516e-03 -3.356283e-03 
 8.650000e+03  1.999867e-01 -6.100428e-03  6.012988e-03 -3.383305e-03 
 8.700000e+03  2.086314e-01 -6.142609e-03  6.054315e-03 -3.409836e-03 
 8.750000e+03  2.180450e-01 -6.187392e-03  6.097030e-03 -3.438071e-03 
 8.800000e+03  2.275758e-01 -6.230770e-03  6.138353e-03 -3.466031e-03 
 8.850000e+03  2.371065e-01 -6.272054e-03  6.178640e-03 -3.493679e-03 
 8.900000e+03  2.466372e-01 -6.312201e-03  6.218213e-03 -3.520967e-03 
 8.950000e+03  2.564758e-01 -6.353335e-03  6.258968e-03 -3.548743e-03 
 9.000000e+03  2.674353e-01 -6.399092e-03  6.304554e-03 -3.579069e-03 
 9.050000e+03  2.784683e-01 -6.444419e-03  6.350109e-03 -3.608308e-03 
 9.100000e+03  2.899388e-01 -6.490579e-03  6.395692e-03 -3.637112e-03 
 9.150000e+03  3.021027e-01 -6.538726e-03  6.442124e-03 -3.667164e-03 
 9.200000e+03  3.142666e-01 -6.585534e-03  6.486994e-03 -3.697204e-03 
 9.250000e+03  3.264306e-01 -6.630234e-03  6.530486e-03 -3.727162e-03 
 9.300000e+03  3.385945e-01 -6.673603e-03  6.573463e-03 -3.756991e-03 
 9.350000e+03  3.507584e-01 -6.716452e-03  6.616453e-03 -3.786451e-03 
 9.400000e+03  3.629223e-01 -6.758525e-03  6.659176e-03 -3.814650e-03 
 9.450000e+03  3.755473e-01 -6.801549e-03  6.702968e-03 -3.842359e-03 
 9.500000e+03  3.896286e-01 -6.849368e-03  6.751373e-03 -3.872563e-03 
 9.550000e+03  4.037098e-01 -6.896661e-03  6.798363e-03 -3.902546e-03 
 9.600000e+03  4.177911e-01 -6.942664e-03  6.843149e-03 -3.932463e-03 
 9.650000e+03  4.319990e-01 -6.987883e-03  6.886600e-03 -3.962682e-03 
 9.700000e+03  4.467843e-01 -7.034147e-03  6.931011e-03 -3.993785e-03 
 9.750000e+03  4.615697e-01 -7.079443e-03  6.974786e-03 -4.023935e-03 
 9.800000e+03  4.763550e-01 -7.123993e-03  7.018161e-03 -4.053022e-03 
 9.850000e+03  4.913916e-01 -7.169083e-03  7.062357e-03 -4.081703e-03 
 9.900000e+03  5.069162e-01 -7.215143e-03  7.108081e-03 -4.110855e-03 
 9.950000e+03  5.224408e-01 -7.260235e-03  7.153035e-03 -4.139590e-03 
 1.000000e+04  5.386461e-01 -7.306350e-03  7.198134e-03 -4.169248e-03 
 1.005000e+04  5.564124e-01 -7.356247e-03  7.245770e-03 -4.201620e-03 
 1.010000e+04  5.743840e-01 -7.405540e-03  7.292554e-03 -4.234154e-03 
 1.015000e+04  5.923556e-01 -7.453229e-03  7.338442e-03 -4.265969e-03 
 1.020000e+04  6.103273e-01 -7.500329e-03  7.384211e-03 -4.296901e-03 
 1.025000e+04  6.282989e-01 -7.547311e-03  7.430104e-03 -4.327096e-03 
 1.030000e+04  6.462705e-01 -7.593445e-03  7.475936e-03 -4.356538e-03 
 1.035000e+04  6.645297e-01 -7.639163e-03  7.522008e-03 -4.385813e-03 
 1.040000e+04  6.843057e-01 -7.687803e-03  7.571182e-03 -4.417370e-03 
 1.045000e+04  7.041195e-01 -7.735671e-03  7.618848e-03 -4.448925e-03 
 1.050000e+04  7.239332e-01 -7.782488e-03  7.664516e-03 -4.480181e-03 
 1.055000e+04  7.450120e-01 -7.831703e-03  7.712082e-03 -4.512899e-03 
 1.060000e+04  7.668567e-01 -7.882488e-03  7.761101e-03 -4.546103e-03 
 1.065000e+04  7.887013e-01 -7.932812e-03  7.809663e-03 -4.578310e-03 
 1.070000e+04  8.105459e-01 -7.982324e-03  7.857545e-03 -4.609691e-03 
 1.075000e+04  8.323906e-01 -8.030922e-03  7.905105e-03 -4.640664e-03 
 1.080000e+04  8.542352e-01 -8.078540e-03  7.952388e-03 -4.671445e-03 
 1.085000e+04  8.760799e-01 -8.125159e-03  7.998696e-03 -4.701983e-03 
 1.090000e+04  8.995068e-01 -8.174491e-03  8.046882e-03 -4.734380e-03 
 1.095000e+04  9.247947e-01 -8.227500e-03  8.097754e-03 -4.768958e-03 
 1.100000e+04  9.500826e-01 -8.280053e-03  8.147612e-03 -4.802938e-03 
 1.105000e+04  9.753705e-01 -8.331554e-03  8.196525e-03 -4.835944e-03 
 1.110000e+04  1.000658e+00 -8.382528e-03  8.244978e-03 -4.868219e-03 
 1.115000e+04  1.025946e+00 -8.432965e-03  8.293259e-03 -4.900137e-03 
 1.120000e+04  1.051234e+00 -8.482099e-03  8.341194e-03 -4.931668e-03 
 1.125000e+04  1.076724e+00 -8.530285e-03  8.388868e-03 -4.963163e-03 
 1.130000e+04  1.104722e+00 -8.582438e-03  8.440789e-03 -4.997611e-03 
 1.135000e+04  1.133996e+00 -8.636273e-03  8.494174e-03 -5.033205e-03 
 1.140000e+04  1.163270e+00 -8.689303e-03  8.546138e-03 -5.067947e-03 
 1.145000e+04  1.193452e+00 -8.743608e-03  8.598725e-03 -5.102924e-03 
 1.150000e+04  1.224189e+00 -8.798740e-03  8.651601e-03 -5.137959e-03 
 1.155000e+04  1.254927e+00 -8.853007e-03  8.703537e-03 -5.172509e-03 
 1.160000e+04  1.285664e+00 -8.906033e-03  8.754561e-03 -5.206650e-03 
 1.165000e+04  1.316402e+00 -8.957954e-03  8.805292e-03 -5.240594e-03 
 1.170000e+04  1.347140e+00 -9.009084e-03  8.855707e-03 -5.274241e-03 
 1.175000e+04  1.377877e+00 -9.059389e-03  8.905421e-03 -5.307312e-03 
 1.180000e+04  1.410146e+00 -9.111852e-03  8.956774e-03 -5.341325e-03 
 1.185000e+04  1.444034e+00 -9.166961e-03  9.009892e-03 -5.376500e-03 
 1.190000e+04  1.477922e+00 -9.221641e-03  9.061872e-03 -5.411185e-03 
 1.195000e+04  1.511810e+00 -9.275401e-03  9.112449e-03 -5.445308e-03 
 1.200000e+04  1.545698e+00 -9.328433e-03  9.162363e-03 -5.479098e-03 
 1.205000e+04  1.579587e+00 -9.380757e-03  9.211930e-03 -5.512704e-03 
 1.210000e+04  1.613475e+00 -9.431868e-03  9.260964e-03 -5.545860e-03 
 1.215000e+04  1.647736e+00 -9.482569e-03  9.310164e-03 -5.578873e-03 
 1.220000e+04  1.684635e+00 -9.536648e-03  9.363139e-03 -5.614043e-03 
 1.225000e+04  1.721997e+00 -9.590851e-03  9.416455e-03 -5.649154e-03 
 1.230000e+04  1.759396e+00 -9.644399e-03  9.468741e-03 -5.683542e-03 
 1.235000e+04  1.799959e+00 -9.702090e-03  9.524239e-03 -5.720307e-03 
 1.240000e+04  1.841151e+00 -9.760220e-03  9.579563e-03 -5.757310e-03 
 1.245000e+04  1.882342e+00 -9.817163e-03  9.633735e-03 -5.793955e-03 
 1.250000e+04  1.923533e+00 -9.872841e-03  9.687116e-03 -5.830211e-03 
 1.255000e+04  1.964725e+00 -9.927820e-03  9.740294e-03 -5.866147e-03 
 1.260000e+04  2.005916e+00 -9.982148e-03  9.793299e-03 -5.901590e-03 
 1.265000e+04  2.047107e+00 -1.003568e-02  9.845876e-03 -5.936297e-03 
 1.270000e+04  2.091949e+00 -1.009352e-02  9.902562e-03 -5.973408e-03 
 1.275000e+04  2.139633e+00 -1.015479e-02  9.962030e-03 -6.012456e-03 
 1.280000e+04  2.187317e+00 -1.021535e-02  1.001984e-02 -6.051065e-03 
 1.285000e+04  2.235001e+00 -1.027497e-02  1.007605e-02 -6.089254e-03 
 1.290000e+04  2.282686e+00 -1.033391e-02  1.013142e-02 -6.127093e-03 
 1.295000e+04  2.330370e+00 -1.039210e-02  1.018631e-02 -6.164528e-03 
 1.300000e+04  2.378054e+00 -1.044931e-02  1.024068e-02 -6.201390e-03 
 1.305000e+04  2.426072e+00 -1.050611e-02  1.029514e-02 -6.237835e-03 
 1.310000e+04  2.478093e+00 -1.056708e-02  1.035407e-02 -6.276829e-03 
 1.315000e+04  2.530664e+00 -1.062789e-02  1.041321e-02 -6.315770e-03 
 1.320000e+04  2.583604e+00 -1.068819e-02  1.047157e-02 -6.354364e-03 
 1.325000e+04  2.641178e+00 -1.075321e-02  1.053361e-02 -6.395905e-03 
 1.330000e+04  2.699138e+00 -1.081804e-02  1.059484e-02 -6.437410e-03 
 1.335000e+04  2.757099e+00 -1.088160e-02  1.065494e-02 -6.478370e-03 
 1.340000e+04  2.815059e+00 -1.094404e-02  1.071439e-02 -6.518696e-03 
 1.345000e+04  2.873019e+00 -1.100601e-02  1.077354e-02 -6.558487e-03 
 1.350000e+04  2.930980e+00 -1.106713e-02  1.083248e-02 -6.597697e-03 
 1.355000e+04  2.988940e+00 -1.112723e-02  1.089091e-02 -6.636241e-03 
 1.360000e+04  3.052043e+00 -1.119194e-02  1.095389e-02 -6.677675e-03 
 1.365000e+04  3.119139e+00 -1.126017e-02  1.101988e-02 -6.721448e-03 
 1.370000e+04  3.186235e+00 -1.132743e-02  1.108419e-02 -6.764701e-03 
 1.375000e+04  3.253332e+00 -1.139384e-02  1.114696e-02 -6.807339e-03 
 1.380000e+04  3.323246e+00 -1.146250e-02  1.121144e-02 -6.851201e-03 
 1.385000e+04  3.393697e+00 -1.153097e-02  1.127583e-02 -6.894754e-03 
 1.390000e+04  3.464148e+00 -1.159833e-02  1.133946e-02 -6.937587e-03 
 1.395000e+04  3.534600e+00 -1.166467e-02  1.140256e-02 -6.979781e-03 
 1.400000e+04  3.605051e+00 -1.173018e-02  1.146532e-02 -7.021564e-03 
 1.405000e+04  3.675502e+00 -1.179471e-02  1.152745e-02 -7.062915e-03 
 1.410000e+04  3.750582e+00 -1.186258e-02  1.159256e-02 -7.106396e-03 
 1.415000e+04  3.834830e+00 -1.193819e-02  1.166436e-02 -7.154584e-03 
 1.420000e+04  3.920464e+00 -1.201432e-02  1.173599e-02 -7.202997e-03 
 1.425000e+04  4.006097e+00 -1.208907e-02  1.180617e-02 -7.250574e-03 
 1.430000e+04  4.091731e+00 -1.216272e-02  1.187541e-02 -7.297371e-03 
 1.435000e+04  4.177365e+00 -1.223555e-02  1.194412e-02 -7.343575e-03 
 1.440000e+04  4.262999e+00 -1.230709e-02  1.201228e-02 -7.389174e-03 
 1.445000e+04  4.348804e+00 -1.237747e-02  1.207991e-02 -7.434236e-03 
 1.450000e+04  4.442226e+00 -1.245321e-02  1.215294e-02 -7.482774e-03 
 1.455000e+04  4.536637e+00 -1.252892e-02  1.222574e-02 -7.531275e-03 
 1.460000e+04  4.631049e+00 -1.260357e-02  1.229695e-02 -7.578966e-03 
 1.465000e+04  4.731417e+00 -1.268212e-02  1.237119e-02 -7.628846e-03 
 1.470000e+04  4.835506e+00 -1.276294e-02  1.244705e-02 -7.679909e-03 
 1.475000e+04  4.939594e+00 -1.284267e-02  1.252170e-02 -7.730303e-03 
 1.480000e+04  5.043683e+00 -1.292102e-02  1.259528e-02 -7.779922e-03 
 1.485000e+04  5.147771e+00 -1.299814e-02  1.266815e-02 -7.828912e-03 
 1.490000e+04  5.251859e+00 -1.307413e-02  1.274041e-02 -7.877301e-03 
 1.495000e+04  5.355948e+00 -1.314907e-02  1.281184e-02 -7.924953e-03 
 1.500000e+04  5.472739e+00 -1.323233e-02  1.289082e-02 -7.977648e-03 
 1.505000e+04  5.599259e+00 -1.332181e-02  1.297514e-02 -8.034068e-03 
 1.510000e+04  5.725779e+00 -1.340997e-02  1.305763e-02 -8.089607e-03 
 1.515000e+04  5.852299e+00 -1.349666e-02  1.313832e-02 -8.144169e-03 
 1.520000e+04  5.978819e+00 -1.358222e-02  1.321775e-02 -8.197947e-03 
 1.525000e+04  6.105339e+00 -1.366648e-02  1.329636e-02 -8.251028e-03 
 1.530000e+04  6.231859e+00 -1.374917e-02  1.337419e-02 -8.303323e-03 
 1.535000e+04  6.361321e+00 -1.383242e-02  1.345310e-02 -8.356069e-03 
 1.540000e+04  6.500810e+00 -1.392106e-02  1.353744e-02 -8.412209e-03 
 1.545000e+04  6.640298e+00 -1.400839e-02  1.362054e-02 -8.467502e-03 
 1.550000e+04  6.781739e+00 -1.409564e-02  1.370309e-02 -8.522534e-03 
 1.555000e+04  6.933768e+00 -1.418847e-02  1.379015e-02 -8.580839e-03 
 1.560000e+04  7.087554e+00 -1.428126e-02  1.387671e-02 -8.639106e-03 
 1.565000e+04  7.241340e+00 -1.437244e-02  1.396169e-02 -8.696467e-03 
 1.570000e+04  7.395126e+00 -1.446220e-02  1.404545e-02 -8.752924e-03 
 1.575000e+04  7.554294e+00 -1.455386e-02  1.413129e-02 -8.810533e-03 
 1.580000e+04  7.715770e+00 -1.464541e-02  1.421735e-02 -8.868076e-03 
 1.585000e+04  7.878698e+00 -1.473639e-02  1.430294e-02 -8.925085e-03 
 1.590000e+04  8.060845e+00 -1.483703e-02  1.439728e-02 -8.987945e-03 
 1.595000e+04  8.247773e+00 -1.493906e-02  1.449236e-02 -9.051648e-03 
 1.600000e+04  8.434701e+00 -1.503927e-02  1.458523e-02 -9.114271e-03 
 1.605000e+04  8.624993e+00 -1.513974e-02  1.467781e-02 -9.176883e-03 
 1.610000e+04  8.821267e+00 -1.524208e-02  1.477194e-02 -9.240492e-03 
 1.615000e+04  9.017542e+00 -1.534260e-02  1.486486e-02 -9.303065e-03 
 1.620000e+04  9.213816e+00 -1.544122e-02  1.495655e-02 -9.364516e-03 
 1.625000e+04  9.417156e+00 -1.554184e-02  1.505050e-02 -9.427197e-03 
 1.630000e+04  9.623244e+00 -1.564228e-02  1.514452e-02 -9.489870e-03 
 1.635000e+04  9.829332e+00 -1.574095e-02  1.523691e-02 -9.551458e-03 
 1.640000e+04  1.005012e+01 -1.584522e-02  1.533407e-02 -9.616370e-03 
 1.645000e+04  1.028779e+01 -1.595610e-02  1.543689e-02 -9.685279e-03 
 1.650000e+04  1.052636e+01 -1.606548e-02  1.553811e-02 -9.753316e-03 
 1.655000e+04  1.076493e+01 -1.617294e-02  1.563736e-02 -9.819951e-03 
 1.660000e+04  1.100351e+01 -1.627876e-02  1.573511e-02 -9.885408e-03 
 1.665000e+04  1.124208e+01 -1.638288e-02  1.583162e-02 -9.949902e-03 
 1.670000e+04  1.148065e+01 -1.648523e-02  1.592666e-02 -1.001330e-02 
 1.675000e+04  1.174866e+01 -1.659858e-02  1.603176e-02 -1.008342e-02 
 1.680000e+04  1.203865e+01 -1.671974e-02  1.614366e-02 -1.015826e-02 
 1.685000e+04  1.232864e+01 -1.683877e-02  1.625312e-02 -1.023166e-02 
 1.690000e+04  1.261862e+01 -1.695572e-02  1.636003e-02 -1.030343e-02 
 1.695000e+04  1.292021e+01 -1.707558e-02  1.646895e-02 -1.037670e-02 
 1.700000e+04  1.322470e+01 -1.719450e-02  1.657716e-02 -1.044949e-02 
 1.705000e+04  1.352918e+01 -1.731102e-02  1.668361e-02 -1.052095e-02 
 1.710000e+04  1.384317e+01 -1.742900e-02  1.679169e-02 -1.059334e-02 
 1.715000e+04  1.417886e+01 -1.755307e-02  1.690558e-02 -1.066953e-02 
 1.720000e+04  1.451456e+01 -1.767477e-02  1.701750e-02 -1.074420e-02 
 1.725000e+04  1.486125e+01 -1.779815e-02  1.713077e-02 -1.081964e-02 
 1.730000e+04  1.524986e+01 -1.793440e-02  1.725535e-02 -1.090280e-02 
 1.735000e+04  1.563847e+01 -1.806809e-02  1.737733e-02 -1.098444e-02 
 1.740000e+04  1.602708e+01 -1.819885e-02  1.749653e-02 -1.106429e-02 
 1.745000e+04  1.641569e+01 -1.832713e-02  1.761322e-02 -1.114244e-02 
 1.750000e+04  1.680430e+01 -1.845307e-02  1.772793e-02 -1.121922e-02 
 1.755000e+04  1.719291e+01 -1.857654e-02  1.784074e-02 -1.129446e-02 
 1.760000e+04  1.761497e+01 -1.870841e-02  1.796110e-02 -1.137454e-02 
 1.765000e+04  1.806484e+01 -1.884688e-02  1.808710e-02 -1.145851e-02 
 1.770000e+04  1.851470e+01 -1.898271e-02  1.821028e-02 -1.154082e-02 
 1.775000e+04  1.896456e+01 -1.911581e-02  1.833043e-02 -1.162119e-02 
 1.780000e+04  1.945156e+01 -1.925735e-02  1.845749e-02 -1.170638e-02 
 1.785000e+04  1.994754e+01 -1.939891e-02  1.858442e-02 -1.179161e-02 
 1.790000e+04  2.044351e+01 -1.953741e-02  1.870873e-02 -1.187500e-02 
 1.795000e+04  2.095707e+01 -1.967786e-02  1.883477e-02 -1.195940e-02 
 1.800000e+04  2.150389e+01 -1.982461e-02  1.896662e-02 -1.204758e-02 
 1.805000e+04  2.205070e+01 -1.996821e-02  1.909581e-02 -1.213381e-02 
 1.810000e+04  2.261487e+01 -2.011316e-02  1.922604e-02 -1.222064e-02 
 1.815000e+04  2.321773e+01 -2.026514e-02  1.936218e-02 -1.231163e-02 
 1.820000e+04  2.382059e+01 -2.041381e-02  1.949524e-02 -1.240076e-02 
 1.825000e+04  2.442345e+01 -2.055906e-02  1.962514e-02 -1.248773e-02 
 1.830000e+04  2.506237e+01 -2.070970e-02  1.975974e-02 -1.257774e-02 
 1.835000e+04  2.572702e+01 -2.086328e-02  1.989709e-02 -1.266944e-02 
 1.840000e+04  2.639168e+01 -2.101341e-02  2.003149e-02 -1.275899e-02 
 1.845000e+04  2.708411e+01 -2.116631e-02  2.016816e-02 -1.285006e-02 
 1.850000e+04  2.781689e+01 -2.132489e-02  2.030965e-02 -1.294445e-02 
 1.855000e+04  2.854967e+01 -2.147989e-02  2.044776e-02 -1.303671e-02 
 1.860000e+04  2.928905e+01 -2.163274e-02  2.058340e-02 -1.312737e-02 
 1.865000e+04  3.009387e+01 -2.179583e-02  2.072749e-02 -1.322383e-02 
 1.870000e+04  3.090176e+01 -2.195603e-02  2.086883e-02 -1.331855e-02 
 1.875000e+04  3.170965e+01 -2.211235e-02  2.100664e-02 -1.341083e-02 
 1.880000e+04  3.256613e+01 -2.227424e-02  2.114916e-02 -1.350619e-02 
 1.885000e+04  3.345683e+01 -2.243899e-02  2.129417e-02 -1.360322e-02 
 1.890000e+04  3.434753e+01 -2.259976e-02  2.143565e-02 -1.369792e-02 
 1.895000e+04  3.526522e+01 -2.276138e-02  2.157762e-02 -1.379294e-02 
 1.900000e+04  3.624722e+01 -2.293052e-02  2.172599e-02 -1.389232e-02 
 1.905000e+04  3.722922e+01 -2.309560e-02  2.187066e-02 -1.398924e-02 
 1.910000e+04  3.821711e+01 -2.325743e-02  2.201232e-02 -1.408409e-02 
 1.915000e+04  3.928326e+01 -2.342796e-02  2.216145e-02 -1.418396e-02 
 1.920000e+04  4.036591e+01 -2.359698e-02  2.230937e-02 -1.428299e-02 
 1.925000e+04  4.144856e+01 -2.376160e-02  2.245344e-02 -1.437937e-02 
 1.930000e+04  4.261352e+01 -2.393428e-02  2.260439e-02 -1.448031e-02 
 1.935000e+04  4.386683e+01 -2.411591e-02  2.276296e-02 -1.458644e-02 
 1.940000e+04  4.512013e+01 -2.429286e-02  2.291716e-02 -1.468974e-02 
 1.945000e+04  4.637344e+01 -2.446506e-02  2.306667e-02 -1.478997e-02 
 1.950000e+04  4.764805e+01 -2.463566e-02  2.321420e-02 -1.488908e-02 
 1.955000e+04  4.896402e+01 -2.480742e-02  2.336250e-02 -1.498882e-02 
 1.960000e+04  5.031585e+01 -2.497938e-02  2.351084e-02 -1.508858e-02 
 1.965000e+04  5.176670e+01 -2.515965e-02  2.366617e-02 -1.519302e-02 
 1.970000e+04  5.321756e+01 -2.533531e-02  2.381742e-02 -1.529478e-02 
 1.975000e+04  5.466842e+01 -2.550603e-02  2.396435e-02 -1.539359e-02 
 1.980000e+04  5.620060e+01 -2.568136e-02  2.411513e-02 -1.549495e-02 
 1.985000e+04  5.780016e+01 -2.585984e-02  2.426857e-02 -1.559819e-02 
 1.990000e+04  5.939973e+01 -2.603353e-02  2.441775e-02 -1.569870e-02 
 1.995000e+04  6.106201e+01 -2.620913e-02  2.456829e-02 -1.580017e-02 
 2.000000e+04  6.282553e+01 -2.639065e-02  2.472377e-02 -1.590499e-02 
 2.005000e+04  6.458906e+01 -2.656717e-02  2.487501e-02 -1.600690e-02 
 2.010000e+04  6.635258e+01 -2.673863e-02  2.502187e-02 -1.610579e-02 
 2.015000e+04  6.818356e+01 -2.691171e-02  2.516997e-02 -1.620557e-02 
 2.020000e+04  7.012785e+01 -2.709081e-02  2.532313e-02 -1.630888e-02 
 2.025000e+04  7.207214e+01 -2.726516e-02  2.547202e-02 -1.640944e-02 
 2.030000e+04  7.401643e+01 -2.743479e-02  2.561659e-02 -1.650718e-02 
 2.035000e+04  7.610955e+01 -2.761260e-02  2.576781e-02 -1.660947e-02 
 2.040000e+04  7.825312e+01 -2.779001e-02  2.591845e-02 -1.671137e-02 
 2.045000e+04  8.039670e+01 -2.796243e-02  2.606468e-02 -1.681042e-02 
 2.050000e+04  8.254028e+01 -2.812997e-02  2.620659e-02 -1.690673e-02 
 2.055000e+04  8.468385e+01 -2.829285e-02  2.634444e-02 -1.700038e-02 
 2.060000e+04  8.695079e+01 -2.846059e-02  2.648636e-02 -1.709674e-02 
 2.065000e+04  8.931409e+01 -2.863133e-02  2.663074e-02 -1.719475e-02 
 2.070000e+04  9.167738e+01 -2.879773e-02  2.677130e-02 -1.729029e-02 
 2.075000e+04  9.404067e+01 -2.895954e-02  2.690781e-02 -1.738320e-02 
 2.080000e+04  9.640397e+01 -2.911677e-02  2.704045e-02 -1.747352e-02 
 2.085000e+04  9.895833e+01 -2.928217e-02  2.718012e-02 -1.756860e-02 
 2.090000e+04  1.015639e+02 -2.944675e-02  2.731913e-02 -1.766323e-02 
 2.095000e+04  1.041694e+02 -2.960713e-02  2.745441e-02 -1.775542e-02 
 2.100000e+04  1.067749e+02 -2.976332e-02  2.758587e-02 -1.784516e-02 
 2.105000e+04  1.093805e+02 -2.991542e-02  2.771371e-02 -1.793255e-02 
 2.110000e+04  1.120485e+02 -3.006704e-02  2.784114e-02 -1.801968e-02 
 2.115000e+04  1.148746e+02 -3.022383e-02  2.797284e-02 -1.810972e-02 
 2.120000e+04  1.177472e+02 -3.037958e-02  2.810353e-02 -1.819915e-02 
 2.125000e+04  1.206198e+02 -3.053144e-02  2.823085e-02 -1.828641e-02 
 2.130000e+04  1.234924e+02 -3.067932e-02  2.835482e-02 -1.837140e-02 
 2.135000e+04  1.263650e+02 -3.082335e-02  2.847559e-02 -1.845415e-02 
 2.140000e+04  1.296189e+02 -3.098258e-02  2.860910e-02 -1.854556e-02 
 2.145000e+04  1.329443e+02 -3.114172e-02  2.874238e-02 -1.863678e-02 
 2.150000e+04  1.362697e+02 -3.129691e-02  2.887221e-02 -1.872574e-02 
 2.155000e+04  1.395951e+02 -3.144803e-02  2.899850e-02 -1.881233e-02 
 2.160000e+04  1.429205e+02 -3.159514e-02  2.912139e-02 -1.889646e-02 
 2.165000e+04  1.462459e+02 -3.173839e-02  2.924110e-02 -1.897823e-02 
 2.170000e+04  1.496710e+02 -3.188245e-02  2.936136e-02 -1.906047e-02 
 2.175000e+04  1.531627e+02 -3.202625e-02  2.948123e-02 -1.914268e-02 
 2.180000e+04  1.566543e+02 -3.216690e-02  2.959840e-02 -1.922324e-02 
 2.185000e+04  1.601460e+02 -3.230438e-02  2.971284e-02 -1.930207e-02 
 2.190000e+04  1.636376e+02 -3.243875e-02  2.982453e-02 -1.937929e-02 
 2.195000e+04  1.671293e+02 -3.257016e-02  2.993351e-02 -1.945502e-02 
 2.200000e+04  1.706454e+02 -3.269985e-02  3.004074e-02 -1.952981e-02 
 2.205000e+04  1.743886e+02 -3.283561e-02  3.015292e-02 -1.960817e-02 
 2.210000e+04  1.782382e+02 -3.297329e-02  3.026672e-02 -1.968771e-02 
 2.215000e+04  1.820878e+02 -3.310913e-02  3.037905e-02 -1.976621e-02 
 2.220000e+04  1.859373e+02 -3.324316e-02  3.049002e-02 -1.984374e-02 
 2.225000e+04  1.897869e+02 -3.337537e-02  3.059968e-02 -1.992043e-02 
 2.230000e+04  1.936364e+02 -3.350566e-02  3.070825e-02 -1.999620e-02 
 2.235000e+04  1.974860e+02 -3.363416e-02  3.081568e-02 -2.007100e-02 
 2.240000e+04  2.013355e+02 -3.376109e-02  3.092184e-02 -2.014485e-02 
 2.245000e+04  2.051851e+02 -3.388661e-02  3.102658e-02 -2.021778e-02 
 2.250000e+04  2.090346e+02 -3.401075e-02  3.112978e-02 -2.028972e-02 
 2.255000e+04  2.128842e+02 -3.413345e-02  3.123147e-02 -2.036064e-02 
 2.260000e+04  2.167338e+02 -3.425474e-02  3.133178e-02 -2.043051e-02 
 2.265000e+04  2.205833e+02 -3.437457e-02  3.143078e-02 -2.049931e-02 
 2.270000e+04  2.244329e+02 -3.449279e-02  3.152851e-02 -2.056709e-02 
 2.275000e+04  2.282824e+02 -3.460937e-02  3.162502e-02 -2.063391e-02 
 2.280000e+04  2.321320e+02 -3.472436e-02  3.172033e-02 -2.069975e-02 
 2.285000e+04  2.360662e+02 -3.484020e-02  3.181656e-02 -2.076600e-02 
 2.290000e+04  2.401083e+02 -3.495757e-02  3.191450e-02 -2.083303e-02 
 2.295000e+04  2.441503e+02 -3.507321e-02  3.201146e-02 -2.089897e-02 
 2.300000e+04  2.481923e+02 -3.518706e-02  3.210739e-02 -2.096380e-02 
 2.305000e+04  2.522343e+02 -3.529914e-02  3.220218e-02 -2.102764e-02 
 2.310000e+04  2.564623e+02 -3.541460e-02  3.230021e-02 -2.109341e-02 
 2.315000e+04  2.607065e+02 -3.552885e-02  3.239743e-02 -2.115835e-02 
 2.320000e+04  2.649506e+02 -3.564147e-02  3.249325e-02 -2.122232e-02 
 2.325000e+04  2.691947e+02 -3.575244e-02  3.258780e-02 -2.128532e-02 
 2.330000e+04  2.734389e+02 -3.586180e-02  3.268115e-02 -2.134734e-02 
 2.335000e+04  2.776830e+02 -3.596970e-02  3.277315e-02 -2.140841e-02 
 2.340000e+04  2.819271e+02 -3.607609e-02  3.286357e-02 -2.146849e-02 
 2.345000e+04  2.861713e+02 -3.618089e-02  3.295227e-02 -2.152769e-02 
 2.350000e+04  2.904154e+02 -3.628410e-02  3.303939e-02 -2.158609e-02 
 2.355000e+04  2.946595e+02 -3.638574e-02  3.312514e-02 -2.164362e-02 
 2.360000e+04  2.989037e+02 -3.648589e-02  3.320960e-02 -2.170025e-02 
 2.365000e+04  3.031478e+02 -3.658470e-02  3.329288e-02 -2.175606e-02 
 2.370000e+04  3.075235e+02 -3.668527e-02  3.337747e-02 -2.181288e-02 
 2.375000e+04  3.119798e+02 -3.678648e-02  3.346235e-02 -2.186996e-02 
 2.380000e+04  3.164362e+02 -3.688641e-02  3.354584e-02 -2.192630e-02 
 2.385000e+04  3.208925e+02 -3.698494e-02  3.362813e-02 -2.198192e-02 
 2.390000e+04  3.253489e+02 -3.708211e-02  3.370935e-02 -2.203685e-02 
 2.395000e+04  3.300147e+02 -3.718254e-02  3.379329e-02 -2.209365e-02 
 2.400000e+04  3.346938e+02 -3.728204e-02  3.387635e-02 -2.214989e-02 
 2.405000e+04  3.393730e+02 -3.738028e-02  3.395826e-02 -2.220534e-02 
 2.410000e+04  3.440521e+02 -3.747715e-02  3.403923e-02 -2.226004e-02 
 2.415000e+04  3.487313e+02 -3.757265e-02  3.411937e-02 -2.231408e-02 
 2.420000e+04  3.534104e+02 -3.766688e-02  3.419868e-02 -2.236746e-02 
 2.425000e+04  3.582159e+02 -3.776248e-02  3.427920e-02 -2.242156e-02 
 2.430000e+04  3.633059e+02 -3.786267e-02  3.436349e-02 -2.247817e-02 
 2.435000e+04  3.684647e+02 -3.796297e-02  3.444785e-02 -2.253489e-02 
 2.440000e+04  3.736235e+02 -3.806184e-02  3.453105e-02 -2.259097e-02 
 2.445000e+04  3.787823e+02 -3.815924e-02  3.461323e-02 -2.264639e-02 
 2.450000e+04  3.839410e+02 -3.825534e-02  3.469445e-02 -2.270114e-02 
 2.455000e+04  3.891875e+02 -3.835194e-02  3.477608e-02 -2.275616e-02 
 2.460000e+04  3.946042e+02 -3.845060e-02  3.485930e-02 -2.281228e-02 
 2.465000e+04  4.000209e+02 -3.854822e-02  3.494142e-02 -2.286769e-02 
 2.470000e+04  4.054376e+02 -3.864482e-02  3.502237e-02 -2.292240e-02 
 2.475000e+04  4.109898e+02 -3.874264e-02  3.510405e-02 -2.297774e-02 
 2.480000e+04  4.166773e+02 -3.884157e-02  3.518654e-02 -2.303376e-02 
 2.485000e+04  4.223648e+02 -3.893903e-02  3.526790e-02 -2.308908e-02 
 2.490000e+04  4.280524e+02 -3.903511e-02  3.534815e-02 -2.314365e-02 
 2.495000e+04  4.337399e+02 -3.912997e-02  3.542729e-02 -2.319760e-02 
 2.500000e+04  4.394275e+02 -3.922366e-02  3.550540e-02 -2.325095e-02 
 2.505000e+04  4.451207e+02 -3.931624e-02  3.558254e-02 -2.330382e-02 
 2.510000e+04  4.510926e+02 -3.941212e-02  3.566231e-02 -2.335880e-02 
 2.515000e+04  4.570646e+02 -3.950672e-02  3.574100e-02 -2.341332e-02 
 2.520000e+04  4.630365e+02 -3.960006e-02  3.581856e-02 -2.346744e-02 
 2.525000e+04  4.690084e+02 -3.969223e-02  3.589511e-02 -2.352118e-02 
 2.530000e+04  4.749803e+02 -3.978344e-02  3.597067e-02 -2.357452e-02 
 2.535000e+04  4.809523e+02 -3.987363e-02  3.604528e-02 -2.362741e-02 
 2.540000e+04  4.869242e+02 -3.996269e-02  3.611888e-02 -2.367979e-02 
 2.545000e+04  4.930514e+02 -4.005290e-02  3.619344e-02 -2.373304e-02 
 2.550000e+04  4.993219e+02 -4.014417e-02  3.626893e-02 -2.378699e-02 
 2.555000e+04  5.055924e+02 -4.023422e-02  3.634348e-02 -2.384023e-02 
 2.560000e+04  5.118629e+02 -4.032330e-02  3.641692e-02 -2.389282e-02 
 2.565000e+04  5.181335e+02 -4.041154e-02  3.648929e-02 -2.394494e-02 
 2.570000e+04  5.244040e+02 -4.049905e-02  3.656082e-02 -2.399664e-02 
 2.575000e+04  5.307748e+02 -4.058702e-02  3.663273e-02 -2.404868e-02 
 2.580000e+04  5.373589e+02 -4.067697e-02  3.670631e-02 -2.410195e-02 
 2.585000e+04  5.439429e+02 -4.076596e-02  3.677917e-02 -2.415454e-02 
 2.590000e+04  5.505270e+02 -4.085413e-02  3.685114e-02 -2.420657e-02 
 2.595000e+04  5.571110e+02 -4.094150e-02  3.692227e-02 -2.425814e-02 
 2.600000e+04  5.638926e+02 -4.103066e-02  3.699470e-02 -2.431077e-02 
 2.605000e+04  5.708058e+02 -4.112057e-02  3.706789e-02 -2.436379e-02 
 2.610000e+04  5.777191e+02 -4.120920e-02  3.714038e-02 -2.441606e-02 
 2.615000e+04  5.846323e+02 -4.129715e-02  3.721206e-02 -2.446787e-02 
 2.620000e+04  5.918774e+02 -4.138854e-02  3.728632e-02 -2.452175e-02 
 2.625000e+04  5.991363e+02 -4.147931e-02  3.735996e-02 -2.457516e-02 
 2.630000e+04  6.063952e+02 -4.156915e-02  3.743296e-02 -2.462787e-02 
 2.635000e+04  6.136541e+02 -4.165800e-02  3.750545e-02 -2.467986e-02 
 2.640000e+04  6.210800e+02 -4.174797e-02  3.757921e-02 -2.473251e-02 
 2.645000e+04  6.287019e+02 -4.183942e-02  3.765454e-02 -2.478650e-02 
 2.650000e+04  6.363237e+02 -4.193022e-02  3.772917e-02 -2.484048e-02 
 2.655000e+04  6.442276e+02 -4.202380e-02  3.780549e-02 -2.489626e-02 
 2.660000e+04  6.524626e+02 -4.212042e-02  3.788376e-02 -2.495358e-02 
 2.665000e+04  6.608657e+02 -4.221762e-02  3.796232e-02 -2.501118e-02 
 2.670000e+04  6.694873e+02 -4.231597e-02  3.804159e-02 -2.506953e-02 
 2.675000e+04  6.783105e+02 -4.241553e-02  3.812172e-02 -2.512831e-02 
 2.680000e+04  6.871338e+02 -4.251396e-02  3.820121e-02 -2.518670e-02 
 2.685000e+04  6.959570e+02 -4.261111e-02  3.828006e-02 -2.524499e-02 
 2.690000e+04  7.047803e+02 -4.270652e-02  3.835865e-02 -2.530303e-02 
 2.695000e+04  7.136035e+02 -4.280099e-02  3.843693e-02 -2.536092e-02 
 2.700000e+04  7.224268e+02 -4.289500e-02  3.851536e-02 -2.541841e-02 
 2.705000e+04  7.314971e+02 -4.299107e-02  3.859572e-02 -2.547691e-02 
 2.710000e+04  7.407615e+02 -4.308784e-02  3.867742e-02 -2.553595e-02 
 2.715000e+04  7.500259e+02 -4.318341e-02  3.875866e-02 -2.559456e-02 
 2.720000e+04  7.592903e+02 -4.327759e-02  3.883935e-02 -2.565268e-02 
 2.725000e+04  7.685548e+02 -4.336985e-02  3.891881e-02 -2.571008e-02 
 2.730000e+04  7.778192e+02 -4.346167e-02  3.899792e-02 -2.576719e-02 
 2.735000e+04  7.870836e+02 -4.355334e-02  3.907686e-02 -2.582367e-02 
 2.740000e+04  7.963480e+02 -4.364449e-02  3.915553e-02 -2.588008e-02 
 2.745000e+04  8.056124e+02 -4.373507e-02  3.923383e-02 -2.593629e-02 
 2.750000e+04  8.149509e+02 -4.382681e-02  3.931211e-02 -2.599351e-02 
 2.755000e+04  8.251105e+02 -4.392682e-02  3.939676e-02 -2.605603e-02 
 2.760000e+04  8.358352e+02 -4.403209e-02  3.948580e-02 -2.612153e-02 
 2.765000e+04  8.471642e+02 -4.414328e-02  3.958005e-02 -2.618965e-02 
 2.770000e+04  8.587383e+02 -4.425685e-02  3.967631e-02 -2.625789e-02 
 2.775000e+04  8.703123e+02 -4.436899e-02  3.977146e-02 -2.632459e-02 
 2.780000e+04  8.818864e+02 -4.447950e-02  3.986480e-02 -2.639038e-02 
 2.785000e+04  8.934605e+02 -4.458771e-02  3.995641e-02 -2.645586e-02 
 2.790000e+04  9.050345e+02 -4.469509e-02  4.004715e-02 -2.652152e-02 
 2.795000e+04  9.166086e+02 -4.480250e-02  4.013676e-02 -2.658729e-02 
 2.800000e+04  9.281827e+02 -4.490963e-02  4.022649e-02 -2.665305e-02 
 2.805000e+04  9.397568e+02 -4.501636e-02  4.031798e-02 -2.671800e-02 
 2.810000e+04  9.513308e+02 -4.512251e-02  4.041110e-02 -2.678222e-02 
 2.815000e+04  9.629049e+02 -4.522722e-02  4.050491e-02 -2.684504e-02 
 2.820000e+04  9.744790e+02 -4.533065e-02  4.059802e-02 -2.690768e-02 
 2.825000e+04  9.860531e+02 -4.543281e-02  4.068960e-02 -2.697059e-02 
 2.830000e+04  9.976271e+02 -4.553335e-02  4.077943e-02 -2.703413e-02 
 2.835000e+04  1.009201e+03 -4.563273e-02  4.086788e-02 -2.709814e-02 
 2.840000e+04  1.020775e+03 -4.573146e-02  4.095563e-02 -2.716090e-02 
 2.845000e+04  1.032349e+03 -4.583028e-02  4.104243e-02 -2.722194e-02 
 2.850000e+04  1.043923e+03 -4.592878e-02  4.112776e-02 -2.728217e-02 
 2.855000e+04  1.055498e+03 -4.602677e-02  4.121318e-02 -2.734179e-02 
 2.860000e+04  1.067072e+03 -4.612329e-02  4.129846e-02 -2.740185e-02 
 2.865000e+04  1.078646e+03 -4.621933e-02  4.138385e-02 -2.746138e-02 
 2.870000e+04  1.090220e+03 -4.631597e-02  4.146856e-02 -2.752108e-02 
 2.875000e+04  1.101794e+03 -4.641274e-02  4.155279e-02 -2.758091e-02 
 2.880000e+04  1.113368e+03 -4.650941e-02  4.163678e-02 -2.764067e-02 
 2.885000e+04  1.124942e+03 -4.660590e-02  4.171993e-02 -2.770080e-02 
 2.890000e+04  1.136516e+03 -4.670234e-02  4.180191e-02 -2.776095e-02 
 2.895000e+04  1.148090e+03 -4.679878e-02  4.188310e-02 -2.782082e-02 
 2.900000e+04  1.159664e+03 -4.689514e-02  4.196302e-02 -2.788051e-02 
 2.905000e+04  1.171238e+03 -4.699081e-02  4.204243e-02 -2.793995e-02 
 2.910000e+04  1.182812e+03 -4.708566e-02  4.212162e-02 -2.799913e-02 
 2.915000e+04  1.194386e+03 -4.717923e-02  4.220034e-02 -2.805812e-02 
 2.920000e+04  1.205960e+03 -4.727243e-02  4.227896e-02 -2.811726e-02 
 2.925000e+04  1.217535e+03 -4.736580e-02  4.235823e-02 -2.817660e-02 
 2.930000e+04  1.229109e+03 -4.745903e-02  4.243787e-02 -2.823593e-02 
 2.935000e+04  1.240683e+03 -4.755162e-02  4.251700e-02 -2.829525e-02 
 2.940000e+04  1.252257e+03 -4.764385e-02  4.259574e-02 -2.835435e-02 
 2.945000e+04  1.263831e+03 -4.773479e-02  4.267462e-02 -2.841297e-02 
 2.950000e+04  1.275405e+03 -4.782460e-02  4.275317e-02 -2.847097e-02 
 2.955000e+04  1.286979e+03 -4.791414e-02  4.283073e-02 -2.852850e-02 
 2.960000e+04  1.298553e+03 -4.800378e-02  4.290767e-02 -2.858579e-02 
 2.965000e+04  1.310127e+03 -4.809343e-02  4.298415e-02 -2.864295e-02 
 2.970000e+04  1.321701e+03 -4.818329e-02  4.306074e-02 -2.869998e-02 
 2.975000e+04  1.333275e+03 -4.827356e-02  4.313725e-02 -2.875697e-02 
 2.980000e+04  1.344849e+03 -4.836489e-02  4.321365e-02 -2.881408e-02 
 2.985000e+04  1.356423e+03 -4.845728e-02  4.328954e-02 -2.887095e-02 
 2.990000e+04  1.367998e+03 -4.855048e-02  4.336500e-02 -2.892730e-02 
 2.995000e+04  1.379572e+03 -4.864380e-02  4.343952e-02 -2.898325e-02 
 3.000000e+04  1.391146e+03 -4.873473e-02  4.351362e-02 -2.903884e-02 
 3.005000e+04  1.402720e+03 -4.882459e-02  4.358724e-02 -2.909385e-02 
 3.010000e+04  1.414294e+03 -4.891462e-02  4.366038e-02 -2.914892e-02 
 3.015000e+04  1.425868e+03 -4.900497e-02  4.373323e-02 -2.920433e-02 
 3.020000e+04  1.437442e+03 -4.909572e-02  4.380569e-02 -2.925989e-02 
 3.025000e+04  1.449016e+03 -4.918631e-02  4.387768e-02 -2.931514e-02 
 3.030000e+04  1.460590e+03 -4.927560e-02  4.394915e-02 -2.937013e-02 
 3.035000e+04  1.472164e+03 -4.936301e-02  4.402027e-02 -2.942480e-02 
 3.040000e+04  1.483738e+03 -4.944876e-02  4.409085e-02 -2.947892e-02 
 3.045000e+04  1.495312e+03 -4.953414e-02  4.416024e-02 -2.953240e-02 
 3.050000e+04  1.506886e+03 -4.961992e-02  4.422944e-02 -2.958562e-02 
 3.055000e+04  1.518460e+03 -4.970550e-02  4.429892e-02 -2.963890e-02 
 3.060000e+04  1.530035e+03 -4.979076e-02  4.436851e-02 -2.969225e-02 
 3.065000e+04  1.541609e+03 -4.987529e-02  4.443786e-02 -2.974548e-02 
 3.070000e+04  1.553183e+03 -4.995935e-02  4.450677e-02 -2.979846e-02 
 3.075000e+04  1.564757e+03 -5.004303e-02  4.457517e-02 -2.985112e-02 
 3.080000e+04  1.576331e+03 -5.012604e-02  4.464310e-02 -2.990319e-02 
 3.085000e+04  1.587905e+03 -5.020822e-02  4.471101e-02 -2.995528e-02 
 3.090000e+04  1.599479e+03 -5.029007e-02  4.477950e-02 -3.000754e-02 
 3.095000e+04  1.611053e+03 -5.037154e-02  4.484842e-02 -3.006001e-02 
 3.100000e+04  1.622627e+03 -5.045302e-02  4.491754e-02 -3.011251e-02 
 3.105000e+04  1.634201e+03 -5.053497e-02  4.498662e-02 -3.016472e-02 
 3.110000e+04  1.645775e+03 -5.061748e-02  4.505531e-02 -3.021642e-02 
 3.115000e+04  1.657349e+03 -5.069973e-02  4.512368e-02 -3.026761e-02 
 3.120000e+04  1.668923e+03 -5.078118e-02  4.519162e-02 -3.031903e-02 
 3.125000e+04  1.680498e+03 -5.086207e-02  4.525897e-02 -3.037077e-02 
 3.130000e+04  1.692072e+03 -5.094247e-02  4.532540e-02 -3.042277e-02 
 3.135000e+04  1.703646e+03 -5.102293e-02  4.539146e-02 -3.047480e-02 
 3.140000e+04  1.715220e+03 -5.110320e-02  4.545734e-02 -3.052656e-02 
 3.145000e+04  1.726794e+03 -5.118318e-02  4.552377e-02 -3.057813e-02 
 3.150000e+04  1.738368e+03 -5.126340e-02  4.559076e-02 -3.062945e-02 
 3.155000e+04  1.749942e+03 -5.134371e-02  4.565810e-02 -3.068040e-02 
 3.160000e+04  1.761516e+03 -5.142363e-02  4.572569e-02 -3.073129e-02 
 3.165000e+04  1.773090e+03 -5.150279e-02  4.579317e-02 -3.078231e-02 
 3.170000e+04  1.784664e+03 -5.158113e-02  4.586073e-02 -3.083355e-02 
 3.175000e+04  1.796238e+03 -5.165883e-02  4.592843e-02 -3.088479e-02 
 3.180000e+04  1.807812e+03 -5.173664e-02  4.599575e-02 -3.093615e-02 
 3.185000e+04  1.819386e+03 -5.181465e-02  4.606329e-02 -3.098768e-02 
 3.190000e+04  1.830960e+03 -5.189245e-02  4.613151e-02 -3.103886e-02 
 3.195000e+04  1.842535e+03 -5.197036e-02  4.620051e-02 -3.108984e-02 
 3.200000e+04  1.854109e+03 -5.204849e-02  4.626996e-02 -3.114062e-02 
 3.205000e+04  1.865683e+03 -5.212651e-02  4.633931e-02 -3.119116e-02 
 3.210000e+04  1.877257e+03 -5.220424e-02  4.640817e-02 -3.124151e-02 
 3.215000e+04  1.888831e+03 -5.228156e-02  4.647663e-02 -3.129183e-02 
 3.220000e+04  1.900405e+03 -5.235805e-02  4.654480e-02 -3.134217e-02 
 3.225000e+04  1.911979e+03 -5.243422e-02  4.661272e-02 -3.139252e-02 
 3.230000e+04  1.923553e+03 -5.250994e-02  4.668047e-02 -3.144268e-02 
 3.235000e+04  1.935127e+03 -5.258596e-02  4.674826e-02 -3.149254e-02 
 3.240000e+04  1.946701e+03 -5.266173e-02  4.681630e-02 -3.154227e-02 
 3.245000e+04  1.958275e+03 -5.273719e-02  4.688473e-02 -3.159192e-02 
 3.250000e+04  1.969849e+03 -5.281250e-02  4.695359e-02 -3.164157e-02 
 3.255000e+04  1.981423e+03 -5.288761e-02  4.702293e-02 -3.169110e-02 
 3.260000e+04  1.992998e+03 -5.296156e-02  4.709235e-02 -3.174061e-02 
 3.265000e+04  2.004572e+03 -5.303518e-02  4.716180e-02 -3.179006e-02 
 3.270000e+04  2.016146e+03 -5.310897e-02  4.723133e-02 -3.183980e-02 
 3.275000e+04  2.027720e+03 -5.318263e-02  4.730017e-02 -3.188951e-02 
 3.280000e+04  2.039294e+03 -5.325546e-02  4.736825e-02 -3.193853e-02 
 3.285000e+04  2.050868e+03 -5.332822e-02  4.743608e-02 -3.198747e-02 
 3.290000e+04  2.062442e+03 -5.340147e-02  4.750383e-02 -3.203619e-02 
 3.295000e+04  2.074016e+03 -5.347484e-02  4.757137e-02 -3.208459e-02 
 3.300000e+04  2.085590e+03 -5.354826e-02  4.763902e-02 -3.213318e-02 
 3.305000e+04  2.097164e+03 -5.362171e-02  4.770680e-02 -3.218221e-02 
 3.310000e+04  2.108738e+03 -5.369438e-02  4.777445e-02 -3.223115e-02 
 3.315000e+04  2.120312e+03 -5.376653e-02  4.784142e-02 -3.227987e-02 
 3.320000e+04  2.131886e+03 -5.383869e-02  4.790776e-02 -3.232868e-02 
 3.325000e+04  2.143460e+03 -5.391063e-02  4.797326e-02 -3.237749e-02 
 3.330000e+04  2.155035e+03 -5.398283e-02  4.803852e-02 -3.242604e-02 
 3.335000e+04  2.166609e+03 -5.405523e-02  4.810384e-02 -3.247437e-02 
 3.340000e+04  2.178183e+03 -5.412764e-02  4.816891e-02 -3.252186e-02 
 3.345000e+04  2.189757e+03 -5.420003e-02  4.823358e-02 -3.256929e-02 
 3.350000e+04  2.201331e+03 -5.427279e-02  4.829848e-02 -3.261696e-02 
 3.355000e+04  2.212905e+03 -5.434591e-02  4.836365e-02 -3.266485e-02 
 3.360000e+04  2.224479e+03 -5.441950e-02  4.842917e-02 -3.271267e-02 
 3.365000e+04  2.236053e+03 -5.449371e-02  4.849485e-02 -3.276048e-02 
 3.370000e+04  2.247627e+03 -5.456923e-02  4.856010e-02 -3.280854e-02 
 3.375000e+04  2.259201e+03 -5.464562e-02  4.862484e-02 -3.285663e-02 
 3.380000e+04  2.270775e+03 -5.472210e-02  4.868947e-02 -3.290471e-02 
 3.385000e+04  2.282349e+03 -5.479780e-02  4.875372e-02 -3.295261e-02 
 3.390000e+04  2.293923e+03 -5.487228e-02  4.881700e-02 -3.300015e-02 
 3.395000e+04  2.305498e+03 -5.494595e-02  4.887935e-02 -3.304696e-02 
 3.400000e+04  2.317072e+03 -5.501946e-02  4.894144e-02 -3.309369e-02 
 3.405000e+04  2.328646e+03 -5.509324e-02  4.900352e-02 -3.314070e-02 
 3.410000e+04  2.340220e+03 -5.516600e-02  4.906594e-02 -3.318796e-02 
 3.415000e+04  2.351794e+03 -5.523746e-02  4.912863e-02 -3.323529e-02 
 3.420000e+04  2.363368e+03 -5.530809e-02  4.919128e-02 -3.328252e-02 
 3.425000e+04  2.374942e+03 -5.537790e-02  4.925337e-02 -3.332936e-02 
 3.430000e+04  2.386516e+03 -5.544740e-02  4.931499e-02 -3.337589e-02 
 3.435000e+04  2.398090e+03 -5.551669e-02  4.937665e-02 -3.342219e-02 
 3.440000e+04  2.409664e+03 -5.558556e-02  4.943874e-02 -3.346829e-02 
 3.445000e+04  2.421238e+03 -5.565401e-02  4.950119e-02 -3.351449e-02 
 3.450000e+04  2.432812e+03 -5.572159e-02  4.956420e-02 -3.356084e-02 
 3.455000e+04  2.444386e+03 -5.578878e-02  4.962761e-02 -3.360726e-02 
 3.460000e+04  2.455960e+03 -5.585580e-02  4.969125e-02 -3.365354e-02 
 3.465000e+04  2.467535e+03 -5.592257e-02  4.975495e-02 -3.369985e-02 
 3.470000e+04  2.479109e+03 -5.598987e-02  4.981847e-02 -3.374610e-02 
 3.475000e+04  2.490683e+03 -5.605801e-02  4.988144e-02 -3.379217e-02 
 3.480000e+04  2.502257e+03 -5.612682e-02  4.994371e-02 -3.383827e-02 
 3.485000e+04  2.513831e+03 -5.619628e-02  5.000531e-02 -3.388421e-02 
 3.490000e+04  2.525405e+03 -5.626604e-02  5.006647e-02 -3.393009e-02 
 3.495000e+04  2.536979e+03 -5.633579e-02  5.012749e-02 -3.397601e-02 
 3.500000e+04  2.548553e+03 -5.640563e-02  5.018801e-02 -3.402202e-02 
 3.505000e+04  2.560127e+03 -5.647561e-02  5.024809e-02 -3.406805e-02 
 3.510000e+04  2.571701e+03 -5.654574e-02  5.030808e-02 -3.411411e-02 
 3.515000e+04  2.583275e+03 -5.661584e-02  5.036793e-02 -3.416019e-02 
 3.520000e+04  2.594849e+03 -5.668538e-02  5.042661e-02 -3.420603e-02 
 3.525000e+04  2.606423e+03 -5.675464e-02  5.048436e-02 -3.425088e-02 
 3.530000e+04  2.617998e+03 -5.682396e-02  5.054173e-02 -3.429581e-02 
 3.535000e+04  2.629572e+03 -5.689341e-02  5.059960e-02 -3.434139e-02 
 3.540000e+04  2.641146e+03 -5.696214e-02  5.065838e-02 -3.438744e-02 
 3.545000e+04  2.652720e+03 -5.702958e-02  5.071806e-02 -3.443349e-02 
 3.550000e+04  2.664294e+03 -5.709595e-02  5.077851e-02 -3.447961e-02 
 3.555000e+04  2.675868e+03 -5.716207e-02  5.083946e-02 -3.452559e-02 
 3.560000e+04  2.687442e+03 -5.722808e-02  5.090052e-02 -3.457129e-02 
 3.565000e+04  2.699016e+03 -5.729397e-02  5.096148e-02 -3.461683e-02 
 3.570000e+04  2.710590e+03 -5.735979e-02  5.102252e-02 -3.466233e-02 
 3.575000e+04  2.722164e+03 -5.742581e-02  5.108331e-02 -3.470776e-02 
 3.580000e+04  2.733738e+03 -5.749208e-02  5.114359e-02 -3.475309e-02 
 3.585000e+04  2.745312e+03 -5.755871e-02  5.120342e-02 -3.479844e-02 
 3.590000e+04  2.756886e+03 -5.762542e-02  5.126312e-02 -3.484380e-02 
 3.595000e+04  2.768460e+03 -5.769161e-02  5.132278e-02 -3.488909e-02 
 3.600000e+04  2.780035e+03 -5.775792e-02  5.138249e-02 -3.493424e-02 
 3.605000e+04  2.791609e+03 -5.782508e-02  5.144214e-02 -3.497928e-02 
 3.610000e+04  2.803183e+03 -5.789326e-02  5.150167e-02 -3.502429e-02 
 3.615000e+04  2.814757e+03 -5.796235e-02  5.156097e-02 -3.506928e-02 
 3.620000e+04  2.826331e+03 -5.803155e-02  5.162007e-02 -3.511420e-02 
 3.625000e+04  2.837905e+03 -5.810073e-02  5.167861e-02 -3.515893e-02 
 3.630000e+04  2.849479e+03 -5.816968e-02  5.173654e-02 -3.520367e-02 
 3.635000e+04  2.861053e+03 -5.823856e-02  5.179424e-02 -3.524867e-02 
 3.640000e+04  2.872627e+03 -5.830715e-02  5.185204e-02 -3.529385e-02 
 3.645000e+04  2.884201e+03 -5.837536e-02  5.190995e-02 -3.533896e-02 
 3.650000e+04  2.895775e+03 -5.844326e-02  5.196835e-02 -3.538406e-02 
 3.655000e+04  2.907349e+03 -5.851099e-02  5.202711e-02 -3.542927e-02 
 3.660000e+04  2.918923e+03 -5.857859e-02  5.208618e-02 -3.547427e-02 
 3.665000e+04  2.930498e+03 -5.864594e-02  5.214539e-02 -3.551912e-02 
 3.670000e+04  2.942072e+03 -5.871332e-02  5.220471e-02 -3.556401e-02 
 3.675000e+04  2.953646e+03 -5.878039e-02  5.226404e-02 -3.560909e-02 
 3.680000e+04  2.965220e+03 -5.884705e-02  5.232336e-02 -3.565426e-02 
 3.685000e+04  2.976794e+03 -5.891335e-02  5.238250e-02 -3.569954e-02 
 3.690000e+04  2.988368e+03 -5.897955e-02  5.244157e-02 -3.574488e-02 
 3.695000e+04  2.999942e+03 -5.904576e-02  5.250054e-02 -3.579023e-02 
 3.700000e+04  3.011516e+03 -5.911193e-02  5.255941e-02 -3.583548e-02 
 3.705000e+04  3.023090e+03 -5.917812e-02  5.261829e-02 -3.588060e-02 
 3.710000e+04  3.034664e+03 -5.924443e-02  5.267702e-02 -3.592578e-02 
 3.715000e+04  3.046238e+03 -5.931094e-02  5.273558e-02 -3.597092e-02 
 3.720000e+04  3.057812e+03 -5.937740e-02  5.279373e-02 -3.601602e-02 
 3.725000e+04  3.069386e+03 -5.944399e-02  5.285158e-02 -3.606111e-02 
 3.730000e+04  3.080960e+03 -5.951054e-02  5.290907e-02 -3.610625e-02 
 3.735000e+04  3.092535e+03 -5.957728e-02  5.296638e-02 -3.615151e-02 
 3.740000e+04  3.104109e+03 -5.964420e-02  5.302332e-02 -3.619668e-02 
 3.745000e+04  3.115683e+03 -5.971100e-02  5.307969e-02 -3.624174e-02 
 3.750000e+04  3.127257e+03 -5.977794e-02  5.313582e-02 -3.628668e-02 
 3.755000e+04  3.138831e+03 -5.984506e-02  5.319175e-02 -3.633165e-02 
 3.760000e+04  3.150405e+03 -5.991238e-02  5.324756e-02 -3.637640e-02 
 3.765000e+04  3.161979e+03 -5.997964e-02  5.330333e-02 -3.642098e-02 
 3.770000e+04  3.173553e+03 -6.004683e-02  5.335923e-02 -3.646553e-02 
 3.775000e+04  3.185127e+03 -6.011373e-02  5.341535e-02 -3.651006e-02 
 3.780000e+04  3.196701e+03 -6.018000e-02  5.347156e-02 -3.655446e-02 
 3.785000e+04  3.208275e+03 -6.024328e-02  5.352788e-02 -3.659848e-02 
 3.790000e+04  3.219849e+03 -6.030675e-02  5.358423e-02 -3.664123e-02 
 3.795000e+04  3.231423e+03 -6.037131e-02  5.364068e-02 -3.668448e-02 
 3.800000e+04  3.242998e+03 -6.043699e-02  5.369779e-02 -3.672862e-02 
 3.805000e+04  3.254572e+03 -6.050352e-02  5.375603e-02 -3.677335e-02 
 3.810000e+04  3.266146e+03 -6.057055e-02  5.381451e-02 -3.681842e-02 
 3.815000e+04  3.277720e+03 -6.063742e-02  5.387268e-02 -3.686331e-02 
 3.820000e+04  3.289294e+03 -6.070368e-02  5.393004e-02 -3.690772e-02 
 3.825000e+04  3.300868e+03 -6.076968e-02  5.398686e-02 -3.695197e-02 
 3.830000e+04  3.312442e+03 -6.083592e-02  5.404335e-02 -3.699638e-02 
 3.835000e+04  3.324016e+03 -6.090260e-02  5.409952e-02 -3.704078e-02 
 3.840000e+04  3.335590e+03 -6.096999e-02  5.415543e-02 -3.708524e-02 
 3.845000e+04  3.347164e+03 -6.103824e-02  5.421110e-02 -3.712979e-02 
 3.850000e+04  3.358738e+03 -6.110717e-02  5.426625e-02 -3.717419e-02 
 3.855000e+04  3.370312e+03 -6.117647e-02  5.432088e-02 -3.721815e-02 
 3.860000e+04  3.381886e+03 -6.124602e-02  5.437530e-02 -3.726193e-02 
 3.865000e+04  3.393460e+03 -6.131467e-02  5.442975e-02 -3.730574e-02 
 3.870000e+04  3.405035e+03 -6.138236e-02  5.448432e-02 -3.734942e-02 
 3.875000e+04  3.416609e+03 -6.144941e-02  5.453909e-02 -3.739318e-02 
 3.880000e+04  3.428183e+03 -6.151598e-02  5.459429e-02 -3.743725e-02 
 3.885000e+04  3.439757e+03 -6.158202e-02  5.464987e-02 -3.748047e-02 
 3.890000e+04  3.451331e+03 -6.164794e-02  5.470532e-02 -3.752291e-02 
 3.895000e+04  3.462905e+03 -6.171403e-02  5.476079e-02 -3.756550e-02 
 3.900000e+04  3.474479e+03 -6.177997e-02  5.481736e-02 -3.760864e-02 
 3.905000e+04  3.486053e+03 -6.184468e-02  5.487509e-02 -3.765193e-02 
 3.910000e+04  3.497627e+03 -6.190839e-02  5.493382e-02 -3.769491e-02 
 3.915000e+04  3.508460e+03 -6.196787e-02  5.498886e-02 -3.773478e-02 
 3.920000e+04  3.510775e+03 -6.198087e-02  5.499972e-02 -3.774275e-02 
 3.925000e+04  3.513090e+03 -6.199452e-02  5.501082e-02 -3.775045e-02 
 3.930000e+04  3.515405e+03 -6.200868e-02  5.502281e-02 -3.775873e-02 
 3.935000e+04  3.517720e+03 -6.202318e-02  5.503517e-02 -3.776672e-02 
 3.940000e+04  3.520035e+03 -6.203698e-02  5.504793e-02 -3.777492e-02 
 3.945000e+04  3.522349e+03 -6.205114e-02  5.506069e-02 -3.778348e-02 
 3.950000e+04  3.524664e+03 -6.206448e-02  5.507318e-02 -3.779245e-02 
 3.955000e+04  3.526979e+03 -6.207698e-02  5.508535e-02 -3.780125e-02 
 3.960000e+04  3.529294e+03 -6.208909e-02  5.509724e-02 -3.781017e-02 
 3.965000e+04  3.531609e+03 -6.210096e-02  5.510958e-02 -3.781909e-02 
 3.970000e+04  3.533923e+03 -6.211289e-02  5.512244e-02 -3.782779e-02 
 3.975000e+04  3.536238e+03 -6.212497e-02  5.513576e-02 -3.783600e-02 
 3.980000e+04  3.538553e+03 -6.213708e-02  5.514955e-02 -3.784436e-02 
 3.985000e+04  3.540868e+03 -6.214918e-02  5.516355e-02 -3.785280e-02 
 3.990000e+04  3.543183e+03 -6.216126e-02  5.517716e-02 -3.786117e-02 
 3.995000e+04  3.545498e+03 -6.217347e-02  5.519038e-02 -3.786968e-02 
 4.000000e+04  3.547812e+03 -6.218576e-02  5.520309e-02 -3.787854e-02 
 4.005000e+04  3.550127e+03 -6.219812e-02  5.521533e-02 -3.788749e-02 
 4.010000e+04  3.552442e+03 -6.221098e-02  5.522729e-02 -3.789629e-02 
 4.015000e+04  3.554757e+03 -6.222411e-02  5.523911e-02 -3.790500e-02 
 4.020000e+04  3.557072e+03 -6.223740e-02  5.525092e-02 -3.791342e-02 
 4.025000e+04  3.559386e+03 -6.225076e-02  5.526274e-02 -3.792168e-02 
 4.030000e+04  3.561701e+03 -6.226414e-02  5.527486e-02 -3.792998e-02 
 4.035000e+04  3.564016e+03 -6.227746e-02  5.528704e-02 -3.793850e-02 
 4.040000e+04  3.566331e+03 -6.229057e-02  5.529908e-02 -3.794710e-02 
 4.045000e+04  3.568646e+03 -6.230354e-02  5.531091e-02 -3.795587e-02 
 4.050000e+04  3.570960e+03 -6.231660e-02  5.532255e-02 -3.796474e-02 
 4.055000e+04  3.573275e+03 -6.232945e-02  5.533408e-02 -3.797346e-02 
 4.060000e+04  3.575590e+03 -6.234225e-02  5.534561e-02 -3.798198e-02 
 4.065000e+04  3.577905e+03 -6.235503e-02  5.535737e-02 -3.799043e-02 
 4.070000e+04  3.580220e+03 -6.236789e-02  5.536942e-02 -3.799887e-02 
 4.075000e+04  3.582535e+03 -6.238066e-02  5.538162e-02 -3.800730e-02 
 4.080000e+04  3.584849e+03 -6.239323e-02  5.539392e-02 -3.801584e-02 
 4.085000e+04  3.587164e+03 -6.240572e-02  5.540625e-02 -3.802449e-02 
 4.090000e+04  3.589479e+03 -6.241819e-02  5.541832e-02 -3.803312e-02 
 4.095000e+04  3.591794e+03 -6.243074e-02  5.543013e-02 -3.804171e-02 
 4.100000e+04  3.594109e+03 -6.244346e-02  5.544174e-02 -3.805032e-02 
 4.105000e+04  3.596423e+03 -6.245619e-02  5.545334e-02 -3.805896e-02 
 4.110000e+04  3.598738e+03 -6.246902e-02  5.546494e-02 -3.806745e-02 
 4.115000e+04  3.601053e+03 -6.248195e-02  5.547655e-02 -3.807595e-02 
 4.120000e+04  3.603368e+03 -6.249497e-02  5.548820e-02 -3.808443e-02 
 4.125000e+04  3.605683e+03 -6.250790e-02  5.549982e-02 -3.809294e-02 
 4.130000e+04  3.607998e+03 -6.252079e-02  5.551140e-02 -3.810148e-02 
 4.135000e+04  3.610312e+03 -6.253360e-02  5.552298e-02 -3.811012e-02 
 4.140000e+04  3.612627e+03 -6.254644e-02  5.553448e-02 -3.811872e-02 
 4.145000e+04  3.614942e+03 -6.255937e-02  5.554580e-02 -3.812727e-02 
 4.150000e+04  3.617257e+03 -6.257237e-02  5.555714e-02 -3.813583e-02 
 4.155000e+04  3.619572e+03 -6.258535e-02  5.556849e-02 -3.814434e-02 
 4.160000e+04  3.621886e+03 -6.259824e-02  5.557988e-02 -3.815280e-02 
 4.165000e+04  3.624201e+03 -6.261100e-02  5.559140e-02 -3.816125e-02 
 4.170000e+04  3.626516e+03 -6.262371e-02  5.560300e-02 -3.816979e-02 
 4.175000e+04  3.628831e+03 -6.263635e-02  5.561465e-02 -3.817836e-02 
 4.180000e+04  3.631146e+03 -6.264894e-02  5.562626e-02 -3.818688e-02 
 4.185000e+04  3.633460e+03 -6.266157e-02  5.563780e-02 -3.819544e-02 
 4.190000e+04  3.635775e+03 -6.267422e-02  5.564931e-02 -3.820399e-02 
 4.195000e+04  3.638090e+03 -6.268694e-02  5.566073e-02 -3.821249e-02 
 4.200000e+04  3.640405e+03 -6.269980e-02  5.567207e-02 -3.822092e-02 
 4.205000e+04  3.642720e+03 -6.271267e-02  5.568340e-02 -3.822936e-02 
 4.210000e+04  3.645035e+03 -6.272554e-02  5.569472e-02 -3.823780e-02 
 4.215000e+04  3.647349e+03 -6.273825e-02  5.570608e-02 -3.824626e-02 
 4.220000e+04  3.649664e+03 -6.275099e-02  5.571743e-02 -3.825475e-02 
 4.225000e+04  3.651979e+03 -6.276378e-02  5.572875e-02 -3.826325e-02 
 4.230000e+04  3.654294e+03 -6.277663e-02  5.574000e-02 -3.827171e-02 
 4.235000e+04  3.656646e+03 -6.278975e-02  5.575138e-02 -3.828028e-02 
 4.240000e+04  3.659076e+03 -6.280333e-02  5.576313e-02 -3.828914e-02 
 4.245000e+04  3.661507e+03 -6.281693e-02  5.577484e-02 -3.829794e-02 
 4.250000e+04  3.663937e+03 -6.283054e-02  5.578642e-02 -3.830674e-02 
 4.255000e+04  3.666368e+03 -6.284407e-02  5.579811e-02 -3.831560e-02 
 4.260000e+04  3.668798e+03 -6.285755e-02  5.580980e-02 -3.832455e-02 
 4.265000e+04  3.671229e+03 -6.287088e-02  5.582162e-02 -3.833348e-02 
 4.270000e+04  3.673762e+03 -6.288475e-02  5.583397e-02 -3.834272e-02 
 4.275000e+04  3.676326e+03 -6.289888e-02  5.584645e-02 -3.835203e-02 
 4.280000e+04  3.679006e+03 -6.291362e-02  5.585950e-02 -3.836175e-02 
 4.285000e+04  3.681686e+03 -6.292829e-02  5.587244e-02 -3.837146e-02 
 4.290000e+04  3.684366e+03 -6.294303e-02  5.588536e-02 -3.838120e-02 
 4.295000e+04  3.687045e+03 -6.295777e-02  5.589829e-02 -3.839101e-02 
 4.300000e+04  3.689725e+03 -6.297251e-02  5.591114e-02 -3.840080e-02 
 4.305000e+04  3.692405e+03 -6.298723e-02  5.592390e-02 -3.841063e-02 
 4.310000e+04  3.695151e+03 -6.300224e-02  5.593699e-02 -3.842066e-02 
 4.315000e+04  3.697965e+03 -6.301766e-02  5.595039e-02 -3.843086e-02 
 4.320000e+04  3.700779e+03 -6.303309e-02  5.596386e-02 -3.844103e-02 
 4.325000e+04  3.703592e+03 -6.304862e-02  5.597728e-02 -3.845121e-02 
 4.330000e+04  3.706451e+03 -6.306453e-02  5.599087e-02 -3.846166e-02 
 4.335000e+04  3.709405e+03 -6.308098e-02  5.600485e-02 -3.847243e-02 
 4.340000e+04  3.712360e+03 -6.309726e-02  5.601871e-02 -3.848318e-02 
 4.345000e+04  3.715314e+03 -6.311351e-02  5.603259e-02 -3.849390e-02 
 4.350000e+04  3.718268e+03 -6.312973e-02  5.604638e-02 -3.850471e-02 
 4.355000e+04  3.721362e+03 -6.314676e-02  5.606090e-02 -3.851601e-02 
 4.360000e+04  3.724464e+03 -6.316375e-02  5.607547e-02 -3.852733e-02 
 4.365000e+04  3.727566e+03 -6.318067e-02  5.609007e-02 -3.853861e-02 
 4.370000e+04  3.730814e+03 -6.319845e-02  5.610539e-02 -3.855043e-02 
 4.375000e+04  3.734071e+03 -6.321626e-02  5.612066e-02 -3.856225e-02 
 4.380000e+04  3.737328e+03 -6.323409e-02  5.613583e-02 -3.857403e-02 
 4.385000e+04  3.740585e+03 -6.325186e-02  5.615099e-02 -3.858587e-02 
 4.390000e+04  3.743842e+03 -6.326967e-02  5.616624e-02 -3.859771e-02 
 4.395000e+04  3.747100e+03 -6.328743e-02  5.618145e-02 -3.860958e-02 
 4.400000e+04  3.750500e+03 -6.330596e-02  5.619726e-02 -3.862195e-02 
 4.405000e+04  3.753920e+03 -6.332458e-02  5.621300e-02 -3.863442e-02 
 4.410000e+04  3.757340e+03 -6.334324e-02  5.622877e-02 -3.864682e-02 
 4.415000e+04  3.760760e+03 -6.336190e-02  5.624462e-02 -3.865925e-02 
 4.420000e+04  3.764320e+03 -6.338138e-02  5.626122e-02 -3.867217e-02 
 4.425000e+04  3.767926e+03 -6.340113e-02  5.627794e-02 -3.868526e-02 
 4.430000e+04  3.771696e+03 -6.342177e-02  5.629532e-02 -3.869901e-02 
 4.435000e+04  3.775467e+03 -6.344228e-02  5.631265e-02 -3.871275e-02 
 4.440000e+04  3.779238e+03 -6.346269e-02  5.633001e-02 -3.872651e-02 
 4.445000e+04  3.783163e+03 -6.348398e-02  5.634823e-02 -3.874083e-02 
 4.450000e+04  3.787122e+03 -6.350539e-02  5.636660e-02 -3.875531e-02 
 4.455000e+04  3.791101e+03 -6.352693e-02  5.638504e-02 -3.876980e-02 
 4.460000e+04  3.795258e+03 -6.354935e-02  5.640426e-02 -3.878492e-02 
 4.465000e+04  3.799415e+03 -6.357183e-02  5.642355e-02 -3.880005e-02 
 4.470000e+04  3.803572e+03 -6.359424e-02  5.644284e-02 -3.881523e-02 
 4.475000e+04  3.807796e+03 -6.361694e-02  5.646224e-02 -3.883062e-02 
 4.480000e+04  3.812161e+03 -6.364038e-02  5.648224e-02 -3.884655e-02 
 4.485000e+04  3.816525e+03 -6.366382e-02  5.650218e-02 -3.886248e-02 
 4.490000e+04  3.820890e+03 -6.368714e-02  5.652209e-02 -3.887838e-02 
 4.495000e+04  3.825408e+03 -6.371126e-02  5.654273e-02 -3.889484e-02 
 4.500000e+04  3.829991e+03 -6.373578e-02  5.656378e-02 -3.891156e-02 
 4.505000e+04  3.834597e+03 -6.376055e-02  5.658497e-02 -3.892837e-02 
 4.510000e+04  3.839410e+03 -6.378637e-02  5.660712e-02 -3.894594e-02 
 4.515000e+04  3.844222e+03 -6.381216e-02  5.662914e-02 -3.896345e-02 
 4.520000e+04  3.849034e+03 -6.383788e-02  5.665087e-02 -3.898099e-02 
 4.525000e+04  3.854005e+03 -6.386437e-02  5.667333e-02 -3.899914e-02 
 4.530000e+04  3.859058e+03 -6.389121e-02  5.669622e-02 -3.901760e-02 
 4.535000e+04  3.864111e+03 -6.391806e-02  5.671907e-02 -3.903599e-02 
 4.540000e+04  3.869326e+03 -6.394581e-02  5.674275e-02 -3.905503e-02 
 4.545000e+04  3.874632e+03 -6.397418e-02  5.676695e-02 -3.907439e-02 
 4.550000e+04  3.879937e+03 -6.400241e-02  5.679122e-02 -3.909375e-02 
 4.555000e+04  3.885476e+03 -6.403185e-02  5.681662e-02 -3.911392e-02 
 4.560000e+04  3.891047e+03 -6.406150e-02  5.684214e-02 -3.913421e-02 
 4.565000e+04  3.896618e+03 -6.409113e-02  5.686768e-02 -3.915449e-02 
 4.570000e+04  3.902417e+03 -6.412198e-02  5.689421e-02 -3.917565e-02 
 4.575000e+04  3.908267e+03 -6.415310e-02  5.692099e-02 -3.919705e-02 
 4.580000e+04  3.914186e+03 -6.418459e-02  5.694815e-02 -3.921869e-02 
 4.585000e+04  3.920328e+03 -6.421731e-02  5.697634e-02 -3.924111e-02 
 4.590000e+04  3.926470e+03 -6.425005e-02  5.700457e-02 -3.926349e-02 
 4.595000e+04  3.932612e+03 -6.428282e-02  5.703267e-02 -3.928589e-02 
 4.600000e+04  3.939043e+03 -6.431711e-02  5.706205e-02 -3.930931e-02 
 4.605000e+04  3.945492e+03 -6.435146e-02  5.709140e-02 -3.933278e-02 
 4.610000e+04  3.952044e+03 -6.438639e-02  5.712126e-02 -3.935659e-02 
 4.615000e+04  3.958815e+03 -6.442256e-02  5.715208e-02 -3.938120e-02 
 4.620000e+04  3.965749e+03 -6.445962e-02  5.718353e-02 -3.940641e-02 
 4.625000e+04  3.972859e+03 -6.449765e-02  5.721581e-02 -3.943225e-02 
 4.630000e+04  3.979969e+03 -6.453562e-02  5.724802e-02 -3.945811e-02 
 4.635000e+04  3.987435e+03 -6.457549e-02  5.728182e-02 -3.948520e-02 
 4.640000e+04  3.994900e+03 -6.461536e-02  5.731572e-02 -3.951227e-02 
 4.645000e+04  4.002366e+03 -6.465524e-02  5.734969e-02 -3.953931e-02 
 4.650000e+04  4.009831e+03 -6.469490e-02  5.738372e-02 -3.956636e-02 
 4.655000e+04  4.017297e+03 -6.473441e-02  5.741773e-02 -3.959343e-02 
 4.660000e+04  4.024912e+03 -6.477481e-02  5.745244e-02 -3.962108e-02 
 4.665000e+04  4.032750e+03 -6.481650e-02  5.748800e-02 -3.964962e-02 
 4.670000e+04  4.040589e+03 -6.485819e-02  5.752350e-02 -3.967807e-02 
 4.675000e+04  4.048428e+03 -6.489966e-02  5.755897e-02 -3.970653e-02 
 4.680000e+04  4.056267e+03 -6.494109e-02  5.759454e-02 -3.973497e-02 
 4.685000e+04  4.064364e+03 -6.498402e-02  5.763111e-02 -3.976442e-02 
 4.690000e+04  4.072595e+03 -6.502773e-02  5.766782e-02 -3.979431e-02 
 4.695000e+04  4.080826e+03 -6.507151e-02  5.770431e-02 -3.982406e-02 
 4.700000e+04  4.089056e+03 -6.511523e-02  5.774086e-02 -3.985381e-02 
 4.705000e+04  4.097287e+03 -6.515880e-02  5.777759e-02 -3.988355e-02 
 4.710000e+04  4.105518e+03 -6.520241e-02  5.781431e-02 -3.991250e-02 
 4.715000e+04  4.113748e+03 -6.524442e-02  5.785089e-02 -3.994055e-02 
 4.720000e+04  4.121979e+03 -6.528375e-02  5.788765e-02 -3.996868e-02 
 4.725000e+04  4.130210e+03 -6.532423e-02  5.792536e-02 -3.999756e-02 
 4.730000e+04  4.138441e+03 -6.536574e-02  5.796393e-02 -4.002806e-02 
 4.735000e+04  4.146671e+03 -6.540826e-02  5.800172e-02 -4.005877e-02 
 4.740000e+04  4.154902e+03 -6.545064e-02  5.803831e-02 -4.008931e-02 
 4.745000e+04  4.159841e+03 -6.547582e-02  5.806052e-02 -4.010729e-02 
 4.750000e+04  4.161487e+03 -6.548329e-02  5.806825e-02 -4.011179e-02 
 4.755000e+04  4.163133e+03 -6.548875e-02  5.807578e-02 -4.011533e-02 
 4.760000e+04  4.164779e+03 -6.549505e-02  5.808373e-02 -4.011975e-02 
 4.765000e+04  4.166425e+03 -6.550382e-02  5.809300e-02 -4.012662e-02 
 4.770000e+04  4.168071e+03 -6.551301e-02  5.810157e-02 -4.013395e-02 
 4.775000e+04  4.169717e+03 -6.552212e-02  5.810736e-02 -4.014033e-02 
 4.780000e+04  4.171364e+03 -6.553025e-02  5.811282e-02 -4.014647e-02 
 4.785000e+04  4.173010e+03 -6.553859e-02  5.811862e-02 -4.015227e-02 
 4.790000e+04  4.174656e+03 -6.554735e-02  5.812493e-02 -4.015735e-02 
 4.795000e+04  4.176302e+03 -6.555649e-02  5.813219e-02 -4.016268e-02 
 4.800000e+04  4.177948e+03 -6.556707e-02  5.814069e-02 -4.016887e-02 
 4.805000e+04  4.179594e+03 -6.557716e-02  5.814875e-02 -4.017535e-02 
 4.810000e+04  4.181240e+03 -6.558588e-02  5.815508e-02 -4.018097e-02 
 4.815000e+04  4.182887e+03 -6.559469e-02  5.816048e-02 -4.018689e-02 
 4.820000e+04  4.184533e+03 -6.560389e-02  5.816630e-02 -4.019325e-02 
 4.825000e+04  4.186179e+03 -6.561313e-02  5.817253e-02 -4.019930e-02 
 4.830000e+04  4.187825e+03 -6.562230e-02  5.817926e-02 -4.020522e-02 
 4.835000e+04  4.189471e+03 -6.563173e-02  5.818690e-02 -4.021138e-02 
 4.840000e+04  4.191117e+03 -6.564111e-02  5.819442e-02 -4.021736e-02 
 4.845000e+04  4.192763e+03 -6.564961e-02  5.820135e-02 -4.022282e-02 
 4.850000e+04  4.194410e+03 -6.565812e-02  5.820806e-02 -4.022840e-02 
 4.855000e+04  4.196056e+03 -6.566661e-02  5.821541e-02 -4.023419e-02 
 4.860000e+04  4.197702e+03 -6.567285e-02  5.822305e-02 -4.023965e-02 
 4.865000e+04  4.199348e+03 -6.567887e-02  5.823065e-02 -4.024491e-02 
 4.870000e+04  4.200994e+03 -6.568712e-02  5.823928e-02 -4.025139e-02 
 4.875000e+04  4.202640e+03 -6.569585e-02  5.824770e-02 -4.025794e-02 
 4.880000e+04  4.204286e+03 -6.570439e-02  5.825446e-02 -4.026358e-02 
 4.885000e+04  4.205933e+03 -6.571250e-02  5.826102e-02 -4.026936e-02 
 4.890000e+04  4.207579e+03 -6.572115e-02  5.826848e-02 -4.027544e-02 
 4.895000e+04  4.209225e+03 -6.573003e-02  5.827554e-02 -4.028120e-02 
 4.900000e+04  4.210871e+03 -6.573874e-02  5.828242e-02 -4.028693e-02 
 4.905000e+04  4.212517e+03 -6.574887e-02  5.828957e-02 -4.029334e-02 
 4.910000e+04  4.214163e+03 -6.575890e-02  5.829654e-02 -4.029974e-02 
 4.915000e+04  4.215809e+03 -6.576787e-02  5.830287e-02 -4.030534e-02 
 4.920000e+04  4.217456e+03 -6.577678e-02  5.830897e-02 -4.031116e-02 
 4.925000e+04  4.219102e+03 -6.578647e-02  5.831575e-02 -4.031737e-02 
 4.930000e+04  4.220748e+03 -6.579618e-02  5.832242e-02 -4.032334e-02 
 4.935000e+04  4.222394e+03 -6.580539e-02  5.832890e-02 -4.032915e-02 
 4.940000e+04  4.224040e+03 -6.581419e-02  5.833604e-02 -4.033538e-02 
 4.945000e+04  4.225686e+03 -6.582282e-02  5.834345e-02 -4.034170e-02 
 4.950000e+04  4.227332e+03 -6.583128e-02  5.835036e-02 -4.034757e-02 
 4.955000e+04  4.228979e+03 -6.584000e-02  5.835728e-02 -4.035334e-02 
 4.960000e+04  4.230625e+03 -6.584925e-02  5.836464e-02 -4.035924e-02 
 4.965000e+04  4.232271e+03 -6.585805e-02  5.837208e-02 -4.036520e-02 
 4.970000e+04  4.233917e+03 -6.586655e-02  5.837939e-02 -4.037106e-02 
 4.975000e+04  4.235563e+03 -6.587531e-02  5.838639e-02 -4.037716e-02 
 4.980000e+04  4.237209e+03 -6.588431e-02  5.839347e-02 -4.038318e-02 
 4.985000e+04  4.238855e+03 -6.589293e-02  5.840027e-02 -4.038914e-02 
 4.990000e+04  4.240502e+03 -6.590136e-02  5.840725e-02 -4.039512e-02 
 4.995000e+04  4.242148e+03 -6.590994e-02  5.841469e-02 -4.040122e-02 
 5.000000e+04  4.243794e+03 -6.591875e-02  5.842219e-02 -4.040711e-02 
 5.005000e+04  4.245440e+03 -6.592779e-02  5.842933e-02 -4.041297e-02 
 5.010000e+04  4.247086e+03 -6.593681e-02  5.843643e-02 -4.041888e-02 
 5.015000e+04  4.248732e+03 -6.594568e-02  5.844348e-02 -4.042472e-02 
 5.020000e+04  4.250378e+03 -6.595421e-02  5.845053e-02 -4.043040e-02 
 5.025000e+04  4.252025e+03 -6.596205e-02  5.845750e-02 -4.043618e-02 
 5.030000e+04  4.253671e+03 -6.597030e-02  5.846475e-02 -4.044222e-02 
 5.035000e+04  4.255317e+03 -6.597889e-02  5.847240e-02 -4.044846e-02 
 5.040000e+04  4.256963e+03 -6.598743e-02  5.847988e-02 -4.045450e-02 
 5.045000e+04  4.258609e+03 -6.599610e-02  5.848704e-02 -4.046037e-02 
 5.050000e+04  4.260255e+03 -6.600464e-02  5.849422e-02 -4.046624e-02 
 5.055000e+04  4.261901e+03 -6.601332e-02  5.850142e-02 -4.047198e-02 
 5.060000e+04  4.263548e+03 -6.602197e-02  5.850847e-02 -4.047779e-02 
 5.065000e+04  4.265194e+03 -6.603080e-02  5.851558e-02 -4.048375e-02 
 5.070000e+04  4.266840e+03 -6.603975e-02  5.852273e-02 -4.048989e-02 
 5.075000e+04  4.268486e+03 -6.604846e-02  5.852984e-02 -4.049599e-02 
 5.080000e+04  4.270132e+03 -6.605697e-02  5.853684e-02 -4.050189e-02 
 5.085000e+04  4.271778e+03 -6.606571e-02  5.854374e-02 -4.050778e-02 
 5.090000e+04  4.273424e+03 -6.607464e-02  5.855086e-02 -4.051363e-02 
 5.095000e+04  4.275071e+03 -6.608345e-02  5.855803e-02 -4.051942e-02 
 5.100000e+04  4.276717e+03 -6.609219e-02  5.856525e-02 -4.052529e-02 
 5.105000e+04  4.278363e+03 -6.610092e-02  5.857243e-02 -4.053128e-02 
 5.110000e+04  4.280009e+03 -6.610960e-02  5.857945e-02 -4.053727e-02 
 5.115000e+04  4.281655e+03 -6.611794e-02  5.858633e-02 -4.054326e-02 
 5.120000e+04  4.283301e+03 -6.612632e-02  5.859340e-02 -4.054918e-02 
 5.125000e+04  4.284948e+03 -6.613471e-02  5.860070e-02 -4.055504e-02 
 5.130000e+04  4.286594e+03 -6.614309e-02  5.860801e-02 -4.056083e-02 
 5.135000e+04  4.288240e+03 -6.615155e-02  5.861547e-02 -4.056656e-02 
 5.140000e+04  4.289886e+03 -6.616013e-02  5.862307e-02 -4.057256e-02 
 5.145000e+04  4.291532e+03 -6.616861e-02  5.863044e-02 -4.057851e-02 
 5.150000e+04  4.293178e+03 -6.617702e-02  5.863739e-02 -4.058441e-02 
 5.155000e+04  4.294824e+03 -6.618538e-02  5.864433e-02 -4.059042e-02 
 5.160000e+04  4.296471e+03 -6.619375e-02  5.865140e-02 -4.059644e-02 
 5.165000e+04  4.298117e+03 -6.620209e-02  5.865853e-02 -4.060237e-02 
 5.170000e+04  4.299763e+03 -6.621065e-02  5.866579e-02 -4.060831e-02 
 5.175000e+04  4.301409e+03 -6.621942e-02  5.867312e-02 -4.061423e-02 
 5.180000e+04  4.303055e+03 -6.622826e-02  5.868039e-02 -4.062008e-02 
 5.185000e+04  4.304701e+03 -6.623693e-02  5.868749e-02 -4.062581e-02 
 5.190000e+04  4.306347e+03 -6.624552e-02  5.869445e-02 -4.063164e-02 
 5.195000e+04  4.307994e+03 -6.625415e-02  5.870153e-02 -4.063765e-02 
 5.200000e+04  4.309640e+03 -6.626266e-02  5.870858e-02 -4.064366e-02 
 5.205000e+04  4.311286e+03 -6.627114e-02  5.871554e-02 -4.064965e-02 
 5.210000e+04  4.312932e+03 -6.627962e-02  5.872262e-02 -4.065571e-02 
 5.215000e+04  4.314578e+03 -6.628812e-02  5.872989e-02 -4.066162e-02 
 5.220000e+04  4.316224e+03 -6.629651e-02  5.873715e-02 -4.066743e-02 
 5.225000e+04  4.317870e+03 -6.630500e-02  5.874450e-02 -4.067319e-02 
 5.230000e+04  4.319517e+03 -6.631353e-02  5.875192e-02 -4.067903e-02 
 5.235000e+04  4.321163e+03 -6.632199e-02  5.875927e-02 -4.068495e-02 
 5.240000e+04  4.322809e+03 -6.633036e-02  5.876651e-02 -4.069091e-02 
 5.245000e+04  4.324455e+03 -6.633869e-02  5.877366e-02 -4.069682e-02 
 5.250000e+04  4.326101e+03 -6.634706e-02  5.878081e-02 -4.070276e-02 
 5.255000e+04  4.327747e+03 -6.635538e-02  5.878792e-02 -4.070875e-02 
 5.260000e+04  4.329393e+03 -6.636378e-02  5.879512e-02 -4.071470e-02 
 5.265000e+04  4.331040e+03 -6.637217e-02  5.880239e-02 -4.072056e-02 
 5.270000e+04  4.332686e+03 -6.638067e-02  5.880978e-02 -4.072638e-02 
 5.275000e+04  4.334332e+03 -6.638918e-02  5.881710e-02 -4.073224e-02 
 5.280000e+04  4.335978e+03 -6.639766e-02  5.882434e-02 -4.073803e-02 
 5.285000e+04  4.337624e+03 -6.640614e-02  5.883152e-02 -4.074391e-02 
 5.290000e+04  4.339270e+03 -6.641461e-02  5.883870e-02 -4.074988e-02 
 5.295000e+04  4.340916e+03 -6.642297e-02  5.884578e-02 -4.075582e-02 
 5.300000e+04  4.342563e+03 -6.643132e-02  5.885291e-02 -4.076177e-02 
 5.305000e+04  4.344209e+03 -6.643979e-02  5.886012e-02 -4.076770e-02 
 5.310000e+04  4.345855e+03 -6.644827e-02  5.886732e-02 -4.077353e-02 
 5.315000e+04  4.347501e+03 -6.645665e-02  5.887463e-02 -4.077931e-02 
 5.320000e+04  4.349147e+03 -6.646503e-02  5.888199e-02 -4.078516e-02 
 5.325000e+04  4.350867e+03 -6.647380e-02  5.888973e-02 -4.079132e-02 
 5.330000e+04  4.352596e+03 -6.648250e-02  5.889734e-02 -4.079748e-02 
 5.335000e+04  4.354324e+03 -6.649114e-02  5.890489e-02 -4.080369e-02 
 5.340000e+04  4.356117e+03 -6.650019e-02  5.891278e-02 -4.081018e-02 
 5.345000e+04  4.357932e+03 -6.650933e-02  5.892076e-02 -4.081668e-02 
 5.350000e+04  4.359746e+03 -6.651838e-02  5.892881e-02 -4.082316e-02 
 5.355000e+04  4.361561e+03 -6.652750e-02  5.893689e-02 -4.082962e-02 
 5.360000e+04  4.363434e+03 -6.653705e-02  5.894523e-02 -4.083627e-02 
 5.365000e+04  4.365340e+03 -6.654670e-02  5.895373e-02 -4.084303e-02 
 5.370000e+04  4.367245e+03 -6.655630e-02  5.896216e-02 -4.084978e-02 
 5.375000e+04  4.369151e+03 -6.656583e-02  5.897060e-02 -4.085659e-02 
 5.380000e+04  4.371120e+03 -6.657568e-02  5.897932e-02 -4.086371e-02 
 5.385000e+04  4.373121e+03 -6.658581e-02  5.898809e-02 -4.087094e-02 
 5.390000e+04  4.375121e+03 -6.659591e-02  5.899683e-02 -4.087809e-02 
 5.395000e+04  4.377172e+03 -6.660637e-02  5.900584e-02 -4.088537e-02 
 5.400000e+04  4.379273e+03 -6.661706e-02  5.901508e-02 -4.089285e-02 
 5.405000e+04  4.381374e+03 -6.662767e-02  5.902439e-02 -4.090029e-02 
 5.410000e+04  4.383475e+03 -6.663828e-02  5.903371e-02 -4.090778e-02 
 5.415000e+04  4.385656e+03 -6.664931e-02  5.904340e-02 -4.091562e-02 
 5.420000e+04  4.387862e+03 -6.666044e-02  5.905322e-02 -4.092356e-02 
 5.425000e+04  4.390068e+03 -6.667153e-02  5.906287e-02 -4.093146e-02 
 5.430000e+04  4.392274e+03 -6.668263e-02  5.907255e-02 -4.093931e-02 
 5.435000e+04  4.394551e+03 -6.669416e-02  5.908260e-02 -4.094744e-02 
 5.440000e+04  4.396867e+03 -6.670588e-02  5.909282e-02 -4.095577e-02 
 5.445000e+04  4.399183e+03 -6.671751e-02  5.910307e-02 -4.096401e-02 
 5.450000e+04  4.401499e+03 -6.672917e-02  5.911337e-02 -4.097220e-02 
 5.455000e+04  4.403816e+03 -6.674091e-02  5.912373e-02 -4.098045e-02 
 5.460000e+04  4.406132e+03 -6.675259e-02  5.913410e-02 -4.098872e-02 
 5.465000e+04  4.408557e+03 -6.676479e-02  5.914489e-02 -4.099738e-02 
 5.470000e+04  4.410989e+03 -6.677701e-02  5.915562e-02 -4.100605e-02 
 5.475000e+04  4.413421e+03 -6.678927e-02  5.916638e-02 -4.101476e-02 
 5.480000e+04  4.415853e+03 -6.680156e-02  5.917708e-02 -4.102347e-02 
 5.485000e+04  4.418385e+03 -6.681437e-02  5.918829e-02 -4.103250e-02 
 5.490000e+04  4.420939e+03 -6.682739e-02  5.919955e-02 -4.104160e-02 
 5.495000e+04  4.423493e+03 -6.684035e-02  5.921078e-02 -4.105069e-02 
 5.500000e+04  4.426095e+03 -6.685350e-02  5.922227e-02 -4.105992e-02 
 5.505000e+04  4.428776e+03 -6.686710e-02  5.923415e-02 -4.106949e-02 
 5.510000e+04  4.431458e+03 -6.688072e-02  5.924608e-02 -4.107902e-02 
 5.515000e+04  4.434177e+03 -6.689448e-02  5.925803e-02 -4.108868e-02 
 5.520000e+04  4.436992e+03 -6.690875e-02  5.927040e-02 -4.109872e-02 
 5.525000e+04  4.439808e+03 -6.692295e-02  5.928279e-02 -4.110881e-02 
 5.530000e+04  4.442623e+03 -6.693715e-02  5.929517e-02 -4.111886e-02 
 5.535000e+04  4.445438e+03 -6.695136e-02  5.930757e-02 -4.112885e-02 
 5.540000e+04  4.448310e+03 -6.696595e-02  5.932032e-02 -4.113906e-02 
 5.545000e+04  4.451267e+03 -6.698092e-02  5.933350e-02 -4.114954e-02 
 5.550000e+04  4.454223e+03 -6.699575e-02  5.934654e-02 -4.115994e-02 
 5.555000e+04  4.457200e+03 -6.701070e-02  5.935976e-02 -4.117046e-02 
 5.560000e+04  4.460304e+03 -6.702629e-02  5.937356e-02 -4.118153e-02 
 5.565000e+04  4.463408e+03 -6.704184e-02  5.938735e-02 -4.119256e-02 
 5.570000e+04  4.466512e+03 -6.705740e-02  5.940102e-02 -4.120356e-02 
 5.575000e+04  4.469697e+03 -6.707346e-02  5.941515e-02 -4.121482e-02 
 5.580000e+04  4.472956e+03 -6.708988e-02  5.942962e-02 -4.122637e-02 
 5.585000e+04  4.476215e+03 -6.710620e-02  5.944399e-02 -4.123786e-02 
 5.590000e+04  4.479474e+03 -6.712248e-02  5.945834e-02 -4.124934e-02 
 5.595000e+04  4.482734e+03 -6.713884e-02  5.947253e-02 -4.126081e-02 
 5.600000e+04  4.485993e+03 -6.715530e-02  5.948658e-02 -4.127211e-02 
 5.605000e+04  4.489252e+03 -6.717181e-02  5.950065e-02 -4.128351e-02 
 5.610000e+04  4.492511e+03 -6.718864e-02  5.951504e-02 -4.129501e-02 
 5.615000e+04  4.495771e+03 -6.720535e-02  5.952951e-02 -4.130656e-02 
 5.620000e+04  4.499030e+03 -6.722170e-02  5.954408e-02 -4.131797e-02 
 5.625000e+04  4.502289e+03 -6.723802e-02  5.955862e-02 -4.132932e-02 
 5.630000e+04  4.505548e+03 -6.725441e-02  5.957312e-02 -4.134065e-02 
 5.635000e+04  4.508808e+03 -6.727083e-02  5.958756e-02 -4.135203e-02 
 5.640000e+04  4.512067e+03 -6.728699e-02  5.960205e-02 -4.136348e-02 
 5.645000e+04  4.515326e+03 -6.730300e-02  5.961673e-02 -4.137499e-02 
 5.650000e+04  4.518585e+03 -6.731912e-02  5.963141e-02 -4.138648e-02 
 5.655000e+04  4.521845e+03 -6.733525e-02  5.964605e-02 -4.139787e-02 
 5.660000e+04  4.525104e+03 -6.735132e-02  5.966067e-02 -4.140920e-02 
 5.665000e+04  4.528363e+03 -6.736737e-02  5.967552e-02 -4.142052e-02 
 5.670000e+04  4.531622e+03 -6.738326e-02  5.969045e-02 -4.143189e-02 
 5.675000e+04  4.534882e+03 -6.739921e-02  5.970522e-02 -4.144334e-02 
 5.680000e+04  4.538141e+03 -6.741531e-02  5.971989e-02 -4.145480e-02 
 5.685000e+04  4.541400e+03 -6.743155e-02  5.973449e-02 -4.146621e-02 
 5.690000e+04  4.544659e+03 -6.744785e-02  5.974892e-02 -4.147756e-02 
 5.695000e+04  4.547919e+03 -6.746408e-02  5.976332e-02 -4.148896e-02 
 5.700000e+04  4.551178e+03 -6.748029e-02  5.977772e-02 -4.150037e-02 
 5.705000e+04  4.554437e+03 -6.749657e-02  5.979216e-02 -4.151175e-02 
 5.710000e+04  4.557784e+03 -6.751341e-02  5.980705e-02 -4.152339e-02 
 5.715000e+04  4.561248e+03 -6.753081e-02  5.982235e-02 -4.153542e-02 
 5.720000e+04  4.564841e+03 -6.754876e-02  5.983826e-02 -4.154789e-02 
 5.725000e+04  4.568434e+03 -6.756662e-02  5.985417e-02 -4.156038e-02 
 5.730000e+04  4.572028e+03 -6.758446e-02  5.987004e-02 -4.157286e-02 
 5.735000e+04  4.575621e+03 -6.760232e-02  5.988588e-02 -4.158536e-02 
 5.740000e+04  4.579222e+03 -6.762004e-02  5.990183e-02 -4.159795e-02 
 5.745000e+04  4.582995e+03 -6.763862e-02  5.991860e-02 -4.161112e-02 
 5.750000e+04  4.586768e+03 -6.765709e-02  5.993540e-02 -4.162425e-02 
 5.755000e+04  4.590541e+03 -6.767559e-02  5.995219e-02 -4.163732e-02 
 5.760000e+04  4.594397e+03 -6.769452e-02  5.996935e-02 -4.165072e-02 
 5.765000e+04  4.598358e+03 -6.771393e-02  5.998709e-02 -4.166449e-02 
 5.770000e+04  4.602320e+03 -6.773326e-02  6.000476e-02 -4.167820e-02 
 5.775000e+04  4.606321e+03 -6.775283e-02  6.002258e-02 -4.169204e-02 
 5.780000e+04  4.610481e+03 -6.777330e-02  6.004099e-02 -4.170645e-02 
 5.785000e+04  4.614641e+03 -6.779376e-02  6.005929e-02 -4.172088e-02 
 5.790000e+04  4.618800e+03 -6.781415e-02  6.007753e-02 -4.173532e-02 
 5.795000e+04  4.623126e+03 -6.783539e-02  6.009653e-02 -4.175034e-02 
 5.800000e+04  4.627494e+03 -6.785690e-02  6.011576e-02 -4.176549e-02 
 5.805000e+04  4.631884e+03 -6.787859e-02  6.013504e-02 -4.178066e-02 
 5.810000e+04  4.636470e+03 -6.790125e-02  6.015512e-02 -4.179642e-02 
 5.815000e+04  4.641056e+03 -6.792387e-02  6.017519e-02 -4.181220e-02 
 5.820000e+04  4.645830e+03 -6.794739e-02  6.019609e-02 -4.182868e-02 
 5.825000e+04  4.650645e+03 -6.797099e-02  6.021710e-02 -4.184529e-02 
 5.830000e+04  4.655461e+03 -6.799461e-02  6.023809e-02 -4.186187e-02 
 5.835000e+04  4.660276e+03 -6.801825e-02  6.025912e-02 -4.187853e-02 
 5.840000e+04  4.665149e+03 -6.804218e-02  6.028052e-02 -4.189536e-02 
 5.845000e+04  4.670206e+03 -6.806678e-02  6.030262e-02 -4.191279e-02 
 5.850000e+04  4.675262e+03 -6.809132e-02  6.032483e-02 -4.193019e-02 
 5.855000e+04  4.680318e+03 -6.811591e-02  6.034707e-02 -4.194755e-02 
 5.860000e+04  4.685597e+03 -6.814166e-02  6.037032e-02 -4.196563e-02 
 5.865000e+04  4.690906e+03 -6.816751e-02  6.039367e-02 -4.198381e-02 
 5.870000e+04  4.696214e+03 -6.819332e-02  6.041694e-02 -4.200199e-02 
 5.875000e+04  4.701523e+03 -6.821904e-02  6.044015e-02 -4.202023e-02 
 5.880000e+04  4.706944e+03 -6.824529e-02  6.046379e-02 -4.203889e-02 
 5.885000e+04  4.712518e+03 -6.827229e-02  6.048808e-02 -4.205803e-02 
 5.890000e+04  4.718093e+03 -6.829932e-02  6.051236e-02 -4.207698e-02 
 5.895000e+04  4.723667e+03 -6.832622e-02  6.053669e-02 -4.209575e-02 
 5.900000e+04  4.729242e+03 -6.835300e-02  6.056111e-02 -4.211453e-02 
 5.905000e+04  4.734816e+03 -6.837990e-02  6.058577e-02 -4.213351e-02 
 5.910000e+04  4.740391e+03 -6.840690e-02  6.061032e-02 -4.215259e-02 
 5.915000e+04  4.745965e+03 -6.843401e-02  6.063459e-02 -4.217167e-02 
 5.920000e+04  4.751539e+03 -6.846111e-02  6.065870e-02 -4.219080e-02 
 5.925000e+04  4.757114e+03 -6.848814e-02  6.068281e-02 -4.220989e-02 
 5.930000e+04  4.762688e+03 -6.851514e-02  6.070691e-02 -4.222887e-02 
 5.935000e+04  4.768263e+03 -6.854227e-02  6.073099e-02 -4.224783e-02 
 5.940000e+04  4.774049e+03 -6.857068e-02  6.075591e-02 -4.226754e-02 
 5.945000e+04  4.779902e+03 -6.859949e-02  6.078116e-02 -4.228753e-02 
 5.950000e+04  4.786048e+03 -6.862973e-02  6.080767e-02 -4.230842e-02 
 5.955000e+04  4.792194e+03 -6.865998e-02  6.083419e-02 -4.232930e-02 
 5.960000e+04  4.798407e+03 -6.869055e-02  6.086092e-02 -4.235046e-02 
 5.965000e+04  4.804860e+03 -6.872233e-02  6.088853e-02 -4.237250e-02 
 5.970000e+04  4.811313e+03 -6.875397e-02  6.091619e-02 -4.239461e-02 
 5.975000e+04  4.817960e+03 -6.878647e-02  6.094484e-02 -4.241739e-02 
 5.980000e+04  4.824736e+03 -6.881963e-02  6.097423e-02 -4.244060e-02 
 5.985000e+04  4.831512e+03 -6.885279e-02  6.100370e-02 -4.246377e-02 
 5.990000e+04  4.838341e+03 -6.888624e-02  6.103350e-02 -4.248713e-02 
 5.995000e+04  4.845456e+03 -6.892114e-02  6.106464e-02 -4.251147e-02 
 6.000000e+04  4.852571e+03 -6.895589e-02  6.109581e-02 -4.253583e-02 
 6.005000e+04  4.859685e+03 -6.899052e-02  6.112700e-02 -4.256020e-02 
 6.010000e+04  4.866800e+03 -6.902514e-02  6.115812e-02 -4.258467e-02 
 6.015000e+04  4.873950e+03 -6.905997e-02  6.118928e-02 -4.260928e-02 
 6.020000e+04  4.881420e+03 -6.909637e-02  6.122170e-02 -4.263496e-02 
 6.025000e+04  4.888890e+03 -6.913278e-02  6.125411e-02 -4.266065e-02 
 6.030000e+04  4.896615e+03 -6.917045e-02  6.128772e-02 -4.268718e-02 
 6.035000e+04  4.904458e+03 -6.920884e-02  6.132182e-02 -4.271406e-02 
 6.040000e+04  4.912302e+03 -6.924726e-02  6.135596e-02 -4.274093e-02 
 6.045000e+04  4.920420e+03 -6.928711e-02  6.139126e-02 -4.276874e-02 
 6.050000e+04  4.928698e+03 -6.932776e-02  6.142709e-02 -4.279705e-02 
 6.055000e+04  4.937345e+03 -6.937009e-02  6.146443e-02 -4.282667e-02 
 6.060000e+04  4.945993e+03 -6.941235e-02  6.150173e-02 -4.285637e-02 
 6.065000e+04  4.954701e+03 -6.945482e-02  6.153930e-02 -4.288633e-02 
 6.070000e+04  4.963782e+03 -6.949911e-02  6.157851e-02 -4.291754e-02 
 6.075000e+04  4.972862e+03 -6.954350e-02  6.161767e-02 -4.294873e-02 
 6.080000e+04  4.981942e+03 -6.958789e-02  6.165680e-02 -4.297982e-02 
 6.085000e+04  4.991022e+03 -6.963218e-02  6.169594e-02 -4.301081e-02 
 6.090000e+04  5.000102e+03 -6.967629e-02  6.173515e-02 -4.304183e-02 
 6.095000e+04  5.009182e+03 -6.972050e-02  6.177447e-02 -4.307292e-02 
 6.100000e+04  5.018263e+03 -6.976482e-02  6.181365e-02 -4.310414e-02 
 6.105000e+04  5.027343e+03 -6.980931e-02  6.185273e-02 -4.313539e-02 
 6.110000e+04  5.036423e+03 -6.985385e-02  6.189162e-02 -4.316660e-02 
 6.115000e+04  5.045503e+03 -6.989830e-02  6.193037e-02 -4.319773e-02 
 6.120000e+04  5.054583e+03 -6.994262e-02  6.196913e-02 -4.322891e-02 
 6.125000e+04  5.063663e+03 -6.998711e-02  6.200802e-02 -4.326033e-02 
 6.130000e+04  5.068240e+03 -7.000879e-02  6.202759e-02 -4.327567e-02 
 6.135000e+04  5.070056e+03 -7.001565e-02  6.203540e-02 -4.328057e-02 
 6.140000e+04  5.071872e+03 -7.002175e-02  6.204358e-02 -4.328564e-02 
 6.145000e+04  5.073688e+03 -7.002848e-02  6.205298e-02 -4.329177e-02 
 6.150000e+04  5.075504e+03 -7.003514e-02  6.206302e-02 -4.329822e-02 
 6.155000e+04  5.077320e+03 -7.004328e-02  6.207219e-02 -4.330536e-02 
 6.160000e+04  5.079136e+03 -7.005156e-02  6.208069e-02 -4.331215e-02 
 6.165000e+04  5.080952e+03 -7.005985e-02  6.208791e-02 -4.331812e-02 
 6.170000e+04  5.082768e+03 -7.006816e-02  6.209463e-02 -4.332371e-02 
 6.175000e+04  5.084584e+03 -7.007704e-02  6.210198e-02 -4.332954e-02 
 6.180000e+04  5.086400e+03 -7.008739e-02  6.210970e-02 -4.333571e-02 
 6.185000e+04  5.088216e+03 -7.009795e-02  6.211737e-02 -4.334220e-02 
 6.190000e+04  5.090032e+03 -7.010817e-02  6.212489e-02 -4.334853e-02 
 6.195000e+04  5.091848e+03 -7.011794e-02  6.213175e-02 -4.335487e-02 
 6.200000e+04  5.093664e+03 -7.012757e-02  6.213837e-02 -4.336095e-02 
 6.205000e+04  5.095480e+03 -7.013707e-02  6.214470e-02 -4.336715e-02 
 6.210000e+04  5.097296e+03 -7.014671e-02  6.215172e-02 -4.337343e-02 
 6.215000e+04  5.099112e+03 -7.015645e-02  6.215926e-02 -4.337997e-02 
 6.220000e+04  5.100928e+03 -7.016629e-02  6.216699e-02 -4.338637e-02 
 6.225000e+04  5.102744e+03 -7.017577e-02  6.217431e-02 -4.339258e-02 
 6.230000e+04  5.104560e+03 -7.018489e-02  6.218173e-02 -4.339856e-02 
 6.235000e+04  5.106376e+03 -7.019366e-02  6.218931e-02 -4.340455e-02 
 6.240000e+04  5.108192e+03 -7.020231e-02  6.219703e-02 -4.341087e-02 
 6.245000e+04  5.110009e+03 -7.021099e-02  6.220515e-02 -4.341743e-02 
 6.250000e+04  5.111825e+03 -7.021992e-02  6.221333e-02 -4.342407e-02 
 6.255000e+04  5.113641e+03 -7.022906e-02  6.222131e-02 -4.343044e-02 
 6.260000e+04  5.115457e+03 -7.023809e-02  6.222879e-02 -4.343651e-02 
 6.265000e+04  5.117273e+03 -7.024725e-02  6.223616e-02 -4.344244e-02 
 6.270000e+04  5.119089e+03 -7.025643e-02  6.224373e-02 -4.344862e-02 
 6.275000e+04  5.120905e+03 -7.026564e-02  6.225166e-02 -4.345482e-02 
 6.280000e+04  5.122721e+03 -7.027498e-02  6.225941e-02 -4.346121e-02 
 6.285000e+04  5.124537e+03 -7.028416e-02  6.226714e-02 -4.346770e-02 
 6.290000e+04  5.126353e+03 -7.029333e-02  6.227477e-02 -4.347415e-02 
 6.295000e+04  5.128169e+03 -7.030237e-02  6.228214e-02 -4.348036e-02 
 6.300000e+04  5.129985e+03 -7.031154e-02  6.228965e-02 -4.348650e-02 
 6.305000e+04  5.131801e+03 -7.032083e-02  6.229729e-02 -4.349271e-02 
 6.310000e+04  5.133617e+03 -7.033034e-02  6.230498e-02 -4.349891e-02 
 6.315000e+04  5.135433e+03 -7.033983e-02  6.231269e-02 -4.350521e-02 
 6.320000e+04  5.137249e+03 -7.034904e-02  6.232023e-02 -4.351152e-02 
 6.325000e+04  5.139065e+03 -7.035807e-02  6.232774e-02 -4.351778e-02 
 6.330000e+04  5.140881e+03 -7.036690e-02  6.233531e-02 -4.352401e-02 
 6.335000e+04  5.142697e+03 -7.037582e-02  6.234305e-02 -4.353034e-02 
 6.340000e+04  5.144513e+03 -7.038478e-02  6.235090e-02 -4.353670e-02 
 6.345000e+04  5.146329e+03 -7.039386e-02  6.235879e-02 -4.354293e-02 
 6.350000e+04  5.148145e+03 -7.040305e-02  6.236662e-02 -4.354914e-02 
 6.355000e+04  5.149961e+03 -7.041219e-02  6.237429e-02 -4.355523e-02 
 6.360000e+04  5.151777e+03 -7.042126e-02  6.238187e-02 -4.356134e-02 
 6.365000e+04  5.153593e+03 -7.043028e-02  6.238966e-02 -4.356760e-02 
 6.370000e+04  5.155409e+03 -7.043922e-02  6.239733e-02 -4.357388e-02 
 6.375000e+04  5.157225e+03 -7.044823e-02  6.240506e-02 -4.358023e-02 
 6.380000e+04  5.159041e+03 -7.045717e-02  6.241280e-02 -4.358655e-02 
 6.385000e+04  5.160857e+03 -7.046622e-02  6.242055e-02 -4.359281e-02 
 6.390000e+04  5.162673e+03 -7.047530e-02  6.242833e-02 -4.359896e-02 
 6.395000e+04  5.164489e+03 -7.048443e-02  6.243607e-02 -4.360507e-02 
 6.400000e+04  5.166305e+03 -7.049377e-02  6.244374e-02 -4.361122e-02 
 6.405000e+04  5.168122e+03 -7.050310e-02  6.245130e-02 -4.361749e-02 
 6.410000e+04  5.169938e+03 -7.051229e-02  6.245880e-02 -4.362374e-02 
 6.415000e+04  5.171754e+03 -7.052131e-02  6.246625e-02 -4.362996e-02 
 6.420000e+04  5.173570e+03 -7.053032e-02  6.247380e-02 -4.363624e-02 
 6.425000e+04  5.175386e+03 -7.053940e-02  6.248149e-02 -4.364261e-02 
 6.430000e+04  5.177202e+03 -7.054841e-02  6.248926e-02 -4.364884e-02 
 6.435000e+04  5.179018e+03 -7.055749e-02  6.249712e-02 -4.365495e-02 
 6.440000e+04  5.180834e+03 -7.056673e-02  6.250498e-02 -4.366105e-02 
 6.445000e+04  5.182650e+03 -7.057590e-02  6.251279e-02 -4.366719e-02 
 6.450000e+04  5.184466e+03 -7.058497e-02  6.252042e-02 -4.367334e-02 
 6.455000e+04  5.186282e+03 -7.059403e-02  6.252802e-02 -4.367954e-02 
 6.460000e+04  5.188098e+03 -7.060306e-02  6.253559e-02 -4.368586e-02 
 6.465000e+04  5.189914e+03 -7.061195e-02  6.254314e-02 -4.369222e-02 
 6.470000e+04  5.191730e+03 -7.062080e-02  6.255076e-02 -4.369853e-02 
 6.475000e+04  5.193546e+03 -7.062976e-02  6.255858e-02 -4.370475e-02 
 6.480000e+04  5.195362e+03 -7.063888e-02  6.256642e-02 -4.371088e-02 
 6.485000e+04  5.197178e+03 -7.064808e-02  6.257415e-02 -4.371695e-02 
 6.490000e+04  5.198994e+03 -7.065732e-02  6.258188e-02 -4.372307e-02 
 6.495000e+04  5.200810e+03 -7.066650e-02  6.258959e-02 -4.372922e-02 
 6.500000e+04  5.202626e+03 -7.067559e-02  6.259718e-02 -4.373546e-02 
 6.505000e+04  5.204442e+03 -7.068464e-02  6.260469e-02 -4.374174e-02 
 6.510000e+04  5.206258e+03 -7.069367e-02  6.261216e-02 -4.374803e-02 
 6.515000e+04  5.208074e+03 -7.070263e-02  6.261972e-02 -4.375431e-02 
 6.520000e+04  5.209890e+03 -7.071161e-02  6.262741e-02 -4.376051e-02 
 6.525000e+04  5.211706e+03 -7.072070e-02  6.263512e-02 -4.376665e-02 
 6.530000e+04  5.213522e+03 -7.072984e-02  6.264290e-02 -4.377275e-02 
 6.535000e+04  5.215338e+03 -7.073900e-02  6.265063e-02 -4.377883e-02 
 6.540000e+04  5.217154e+03 -7.074808e-02  6.265834e-02 -4.378498e-02 
 6.545000e+04  5.218970e+03 -7.075709e-02  6.266595e-02 -4.379118e-02 
 6.550000e+04  5.220786e+03 -7.076605e-02  6.267350e-02 -4.379740e-02 
 6.555000e+04  5.222602e+03 -7.077502e-02  6.268103e-02 -4.380368e-02 
 6.560000e+04  5.224419e+03 -7.078391e-02  6.268862e-02 -4.380994e-02 
 6.565000e+04  5.226235e+03 -7.079286e-02  6.269626e-02 -4.381612e-02 
 6.570000e+04  5.228051e+03 -7.080185e-02  6.270399e-02 -4.382225e-02 
 6.575000e+04  5.229867e+03 -7.081095e-02  6.271176e-02 -4.382835e-02 
 6.580000e+04  5.231683e+03 -7.082001e-02  6.271947e-02 -4.383445e-02 
 6.585000e+04  5.233499e+03 -7.082906e-02  6.272710e-02 -4.384060e-02 
 6.590000e+04  5.235315e+03 -7.083803e-02  6.273461e-02 -4.384683e-02 
 6.595000e+04  5.237131e+03 -7.084692e-02  6.274217e-02 -4.385304e-02 
 6.600000e+04  5.238947e+03 -7.085582e-02  6.274973e-02 -4.385927e-02 
 6.605000e+04  5.240763e+03 -7.086476e-02  6.275736e-02 -4.386547e-02 
 6.610000e+04  5.242579e+03 -7.087373e-02  6.276503e-02 -4.387166e-02 
 6.615000e+04  5.244395e+03 -7.088271e-02  6.277277e-02 -4.387775e-02 
 6.620000e+04  5.246211e+03 -7.089171e-02  6.278047e-02 -4.388385e-02 
 6.625000e+04  5.248027e+03 -7.090062e-02  6.278819e-02 -4.388997e-02 
 6.630000e+04  5.249843e+03 -7.090956e-02  6.279591e-02 -4.389611e-02 
 6.635000e+04  5.251659e+03 -7.091854e-02  6.280347e-02 -4.390226e-02 
 6.640000e+04  5.253475e+03 -7.092745e-02  6.281099e-02 -4.390845e-02 
 6.645000e+04  5.255291e+03 -7.093630e-02  6.281852e-02 -4.391470e-02 
 6.650000e+04  5.257107e+03 -7.094508e-02  6.282613e-02 -4.392087e-02 
 6.655000e+04  5.258923e+03 -7.095390e-02  6.283381e-02 -4.392701e-02 
 6.660000e+04  5.260739e+03 -7.096282e-02  6.284151e-02 -4.393311e-02 
 6.665000e+04  5.262555e+03 -7.097185e-02  6.284921e-02 -4.393920e-02 
 6.670000e+04  5.264371e+03 -7.098081e-02  6.285695e-02 -4.394524e-02 
 6.675000e+04  5.266187e+03 -7.098970e-02  6.286460e-02 -4.395139e-02 
 6.680000e+04  5.268003e+03 -7.099858e-02  6.287225e-02 -4.395755e-02 
 6.685000e+04  5.269819e+03 -7.100739e-02  6.287974e-02 -4.396372e-02 
 6.690000e+04  5.271635e+03 -7.101626e-02  6.288724e-02 -4.396990e-02 
 6.695000e+04  5.273451e+03 -7.102516e-02  6.289478e-02 -4.397611e-02 
 6.700000e+04  5.275267e+03 -7.103402e-02  6.290239e-02 -4.398222e-02 
 6.705000e+04  5.277083e+03 -7.104287e-02  6.291003e-02 -4.398830e-02 
 6.710000e+04  5.278899e+03 -7.105182e-02  6.291770e-02 -4.399439e-02 
 6.715000e+04  5.280716e+03 -7.106081e-02  6.292542e-02 -4.400049e-02 
 6.720000e+04  5.282584e+03 -7.106997e-02  6.293326e-02 -4.400673e-02 
 6.725000e+04  5.284491e+03 -7.107927e-02  6.294122e-02 -4.401311e-02 
 6.730000e+04  5.286398e+03 -7.108851e-02  6.294912e-02 -4.401958e-02 
 6.735000e+04  5.288305e+03 -7.109775e-02  6.295704e-02 -4.402605e-02 
 6.740000e+04  5.290212e+03 -7.110698e-02  6.296493e-02 -4.403255e-02 
 6.745000e+04  5.292128e+03 -7.111640e-02  6.297294e-02 -4.403903e-02 
