         Step [creep.tim... Z Displace... Z Displace... X Displace... 
------------- ------------- ------------- ------------- ------------- 
 5.250000e+03  1.276223e-07 -4.629353e-03  4.524540e-03 -2.433365e-03 
 5.300000e+03  3.886505e-06 -4.629533e-03  4.524621e-03 -2.433545e-03 
 5.350000e+03  3.308826e-05 -4.630219e-03  4.524698e-03 -2.433938e-03 
 5.400000e+03  2.272085e-04 -4.630378e-03  4.524800e-03 -2.433972e-03 
 5.450000e+03  1.009091e-03 -4.630932e-03  4.525542e-03 -2.434679e-03 
 5.500000e+03  2.461788e-03 -4.633360e-03  4.527677e-03 -2.436627e-03 
 5.550000e+03  5.088034e-03 -4.638719e-03  4.532733e-03 -2.440738e-03 
 5.600000e+03  7.902489e-03 -4.644859e-03  4.539507e-03 -2.445255e-03 
 5.650000e+03  1.127055e-02 -4.653091e-03  4.549092e-03 -2.451039e-03 
 5.700000e+03  1.560987e-02 -4.664092e-03  4.562128e-03 -2.458169e-03 
 5.750000e+03  2.019432e-02 -4.674691e-03  4.573900e-03 -2.464493e-03 
 5.800000e+03  2.477877e-02 -4.683664e-03  4.583024e-03 -2.470059e-03 
 5.850000e+03  2.936322e-02 -4.692341e-03  4.591934e-03 -2.475989e-03 
 5.900000e+03  3.394767e-02 -4.701549e-03  4.601626e-03 -2.482838e-03 
 5.950000e+03  3.853212e-02 -4.711205e-03  4.612029e-03 -2.490486e-03 
 6.000000e+03  4.342453e-02 -4.722087e-03  4.623161e-03 -2.499180e-03 
 6.050000e+03  4.950839e-02 -4.736259e-03  4.636711e-03 -2.509215e-03 
 6.100000e+03  5.595917e-02 -4.750452e-03  4.650120e-03 -2.517884e-03 
 6.150000e+03  6.240996e-02 -4.763426e-03  4.662422e-03 -2.525025e-03 
 6.200000e+03  6.886074e-02 -4.775966e-03  4.674853e-03 -2.532284e-03 
 6.250000e+03  7.531152e-02 -4.789125e-03  4.688312e-03 -2.540506e-03 
 6.300000e+03  8.176230e-02 -4.802880e-03  4.702510e-03 -2.550000e-03 
 6.350000e+03  8.849282e-02 -4.816811e-03  4.717079e-03 -2.560707e-03 
 6.400000e+03  9.683987e-02 -4.833046e-03  4.733694e-03 -2.573627e-03 
 6.450000e+03  1.054845e-01 -4.848851e-03  4.749540e-03 -2.585317e-03 
 6.500000e+03  1.141292e-01 -4.864024e-03  4.764590e-03 -2.595350e-03 
 6.550000e+03  1.227739e-01 -4.879596e-03  4.779927e-03 -2.604802e-03 
 6.600000e+03  1.314185e-01 -4.895952e-03  4.796386e-03 -2.614823e-03 
 6.650000e+03  1.400632e-01 -4.912934e-03  4.814148e-03 -2.625901e-03 
 6.700000e+03  1.487079e-01 -4.929489e-03  4.832411e-03 -2.637597e-03 
 6.750000e+03  1.585103e-01 -4.946890e-03  4.851297e-03 -2.650602e-03 
 6.800000e+03  1.695281e-01 -4.965159e-03  4.870171e-03 -2.664198e-03 
 6.850000e+03  1.811127e-01 -4.983716e-03  4.888842e-03 -2.677689e-03 
 6.900000e+03  1.926974e-01 -5.002278e-03  4.907490e-03 -2.690660e-03 
 6.950000e+03  2.042821e-01 -5.021324e-03  4.927075e-03 -2.703719e-03 
 7.000000e+03  2.158668e-01 -5.041410e-03  4.947759e-03 -2.717167e-03 
 7.050000e+03  2.274515e-01 -5.062442e-03  4.968817e-03 -2.730609e-03 
 7.100000e+03  2.395881e-01 -5.083559e-03  4.989440e-03 -2.744016e-03 
 7.150000e+03  2.527817e-01 -5.104445e-03  5.010307e-03 -2.758011e-03 
 7.200000e+03  2.661924e-01 -5.124479e-03  5.030840e-03 -2.772231e-03 
 7.250000e+03  2.796032e-01 -5.144073e-03  5.050995e-03 -2.786466e-03 
 7.300000e+03  2.930139e-01 -5.163967e-03  5.071261e-03 -2.800857e-03 
 7.350000e+03  3.074819e-01 -5.186422e-03  5.093571e-03 -2.816592e-03 
 7.400000e+03  3.237827e-01 -5.212325e-03  5.118809e-03 -2.833916e-03 
 7.450000e+03  3.400835e-01 -5.237201e-03  5.142836e-03 -2.849975e-03 
 7.500000e+03  3.571993e-01 -5.261773e-03  5.167053e-03 -2.865898e-03 
 7.550000e+03  3.743152e-01 -5.285901e-03  5.191055e-03 -2.881842e-03 
 7.600000e+03  3.914310e-01 -5.309529e-03  5.215039e-03 -2.898019e-03 
 7.650000e+03  4.085469e-01 -5.332654e-03  5.239003e-03 -2.914519e-03 
 7.700000e+03  4.269383e-01 -5.357515e-03  5.264831e-03 -2.932626e-03 
 7.750000e+03  4.476635e-01 -5.385177e-03  5.293475e-03 -2.952667e-03 
 7.800000e+03  4.684679e-01 -5.412122e-03  5.320600e-03 -2.971300e-03 
 7.850000e+03  4.892723e-01 -5.438617e-03  5.346805e-03 -2.988936e-03 
 7.900000e+03  5.100767e-01 -5.465282e-03  5.372978e-03 -3.006360e-03 
 7.950000e+03  5.308812e-01 -5.491816e-03  5.399272e-03 -3.023791e-03 
 8.000000e+03  5.516856e-01 -5.517846e-03  5.425487e-03 -3.041330e-03 
 8.050000e+03  5.728645e-01 -5.543883e-03  5.451757e-03 -3.059510e-03 
 8.100000e+03  5.956921e-01 -5.570985e-03  5.479376e-03 -3.079031e-03 
 8.150000e+03  6.186290e-01 -5.597064e-03  5.506089e-03 -3.097874e-03 
 8.200000e+03  6.418640e-01 -5.623170e-03  5.532519e-03 -3.116122e-03 
 8.250000e+03  6.659478e-01 -5.650616e-03  5.559963e-03 -3.134593e-03 
 8.300000e+03  6.900315e-01 -5.678536e-03  5.587358e-03 -3.152857e-03 
 8.350000e+03  7.141152e-01 -5.706520e-03  5.614411e-03 -3.171037e-03 
 8.400000e+03  7.397667e-01 -5.735592e-03  5.642498e-03 -3.190314e-03 
 8.450000e+03  7.663190e-01 -5.764426e-03  5.670821e-03 -3.210014e-03 
 8.500000e+03  7.928713e-01 -5.791901e-03  5.698533e-03 -3.229385e-03 
 8.550000e+03  8.194236e-01 -5.818897e-03  5.725738e-03 -3.248450e-03 
 8.600000e+03  8.462414e-01 -5.846205e-03  5.753204e-03 -3.267464e-03 
 8.650000e+03  8.747068e-01 -5.875255e-03  5.782605e-03 -3.287455e-03 
 8.700000e+03  9.039807e-01 -5.905041e-03  5.812841e-03 -3.307586e-03 
 8.750000e+03  9.346130e-01 -5.935746e-03  5.843460e-03 -3.328026e-03 
 8.800000e+03  9.668874e-01 -5.967683e-03  5.874621e-03 -3.349056e-03 
 8.850000e+03  9.991619e-01 -5.999053e-03  5.904877e-03 -3.369883e-03 
 8.900000e+03  1.031436e+00 -6.029378e-03  5.934656e-03 -3.390609e-03 
 8.950000e+03  1.063711e+00 -6.058852e-03  5.964211e-03 -3.411301e-03 
 9.000000e+03  1.095985e+00 -6.088183e-03  5.993897e-03 -3.432039e-03 
 9.050000e+03  1.129454e+00 -6.118382e-03  6.024674e-03 -3.453263e-03 
 9.100000e+03  1.164054e+00 -6.149179e-03  6.055892e-03 -3.474180e-03 
 9.150000e+03  1.202019e+00 -6.182773e-03  6.089625e-03 -3.496351e-03 
 9.200000e+03  1.241249e+00 -6.217430e-03  6.123760e-03 -3.518950e-03 
 9.250000e+03  1.280478e+00 -6.251481e-03  6.156833e-03 -3.541461e-03 
 9.300000e+03  1.319708e+00 -6.284719e-03  6.189042e-03 -3.563954e-03 
 9.350000e+03  1.358938e+00 -6.317374e-03  6.220859e-03 -3.586531e-03 
 9.400000e+03  1.398168e+00 -6.349332e-03  6.252540e-03 -3.608916e-03 
 9.450000e+03  1.437398e+00 -6.380503e-03  6.283834e-03 -3.630662e-03 
 9.500000e+03  1.478526e+00 -6.413021e-03  6.316478e-03 -3.652714e-03 
 9.550000e+03  1.521777e+00 -6.447292e-03  6.350902e-03 -3.675446e-03 
 9.600000e+03  1.565028e+00 -6.481299e-03  6.384919e-03 -3.697802e-03 
 9.650000e+03  1.608322e+00 -6.514824e-03  6.418143e-03 -3.719950e-03 
 9.700000e+03  1.653736e+00 -6.549553e-03  6.452007e-03 -3.743174e-03 
 9.750000e+03  1.699149e+00 -6.583761e-03  6.485005e-03 -3.766308e-03 
 9.800000e+03  1.744562e+00 -6.616977e-03  6.517168e-03 -3.789116e-03 
 9.850000e+03  1.789976e+00 -6.649465e-03  6.549071e-03 -3.811590e-03 
 9.900000e+03  1.835389e+00 -6.681807e-03  6.581220e-03 -3.833792e-03 
 9.950000e+03  1.880803e+00 -6.714049e-03  6.613651e-03 -3.855554e-03 
 1.000000e+04  1.927361e+00 -6.746865e-03  6.646739e-03 -3.877231e-03 
 1.005000e+04  1.978981e+00 -6.783009e-03  6.682896e-03 -3.900803e-03 
 1.010000e+04  2.031553e+00 -6.819420e-03  6.718789e-03 -3.924706e-03 
 1.015000e+04  2.084125e+00 -6.855011e-03  6.753337e-03 -3.948526e-03 
 1.020000e+04  2.136696e+00 -6.889667e-03  6.786939e-03 -3.972299e-03 
 1.025000e+04  2.189268e+00 -6.923956e-03  6.820322e-03 -3.995943e-03 
 1.030000e+04  2.241840e+00 -6.958034e-03  6.853720e-03 -4.019283e-03 
 1.035000e+04  2.294411e+00 -6.991793e-03  6.887070e-03 -4.042056e-03 
 1.040000e+04  2.349165e+00 -7.026616e-03  6.921683e-03 -4.065071e-03 
 1.045000e+04  2.407125e+00 -7.063198e-03  6.958323e-03 -4.089046e-03 
 1.050000e+04  2.465086e+00 -7.099236e-03  6.994468e-03 -4.112820e-03 
 1.055000e+04  2.523046e+00 -7.134611e-03  7.029630e-03 -4.136433e-03 
 1.060000e+04  2.584588e+00 -7.171831e-03  7.066013e-03 -4.161516e-03 
 1.065000e+04  2.648489e+00 -7.210232e-03  7.103060e-03 -4.187468e-03 
 1.070000e+04  2.712391e+00 -7.247822e-03  7.139472e-03 -4.213001e-03 
 1.075000e+04  2.776292e+00 -7.284793e-03  7.175555e-03 -4.238005e-03 
 1.080000e+04  2.840193e+00 -7.321666e-03  7.211731e-03 -4.262606e-03 
 1.085000e+04  2.904094e+00 -7.358252e-03  7.247981e-03 -4.286773e-03 
 1.090000e+04  2.967996e+00 -7.394316e-03  7.284032e-03 -4.310445e-03 
 1.095000e+04  3.035590e+00 -7.432093e-03  7.321716e-03 -4.335304e-03 
 1.100000e+04  3.106042e+00 -7.471137e-03  7.360239e-03 -4.361205e-03 
 1.105000e+04  3.176493e+00 -7.509455e-03  7.397492e-03 -4.387003e-03 
 1.110000e+04  3.247296e+00 -7.547237e-03  7.434021e-03 -4.412658e-03 
 1.115000e+04  3.321270e+00 -7.586510e-03  7.471894e-03 -4.439144e-03 
 1.120000e+04  3.395244e+00 -7.625588e-03  7.509715e-03 -4.465188e-03 
 1.125000e+04  3.469217e+00 -7.664291e-03  7.547394e-03 -4.490672e-03 
 1.130000e+04  3.543413e+00 -7.702688e-03  7.585034e-03 -4.515767e-03 
 1.135000e+04  3.621085e+00 -7.742351e-03  7.624395e-03 -4.541827e-03 
 1.140000e+04  3.698758e+00 -7.781341e-03  7.663319e-03 -4.567735e-03 
 1.145000e+04  3.777362e+00 -7.820113e-03  7.701747e-03 -4.593762e-03 
 1.150000e+04  3.862262e+00 -7.861686e-03  7.742400e-03 -4.621697e-03 
 1.155000e+04  3.947896e+00 -7.903430e-03  7.782779e-03 -4.649643e-03 
 1.160000e+04  4.033530e+00 -7.944629e-03  7.822519e-03 -4.677140e-03 
 1.165000e+04  4.119163e+00 -7.985288e-03  7.861877e-03 -4.704118e-03 
 1.170000e+04  4.204797e+00 -8.025743e-03  7.901229e-03 -4.730781e-03 
 1.175000e+04  4.290431e+00 -8.065727e-03  7.940542e-03 -4.757113e-03 
 1.180000e+04  4.376065e+00 -8.105088e-03  7.979504e-03 -4.783048e-03 
 1.185000e+04  4.468506e+00 -8.146996e-03  8.021102e-03 -4.810884e-03 
 1.190000e+04  4.562918e+00 -8.189458e-03  8.063074e-03 -4.839218e-03 
 1.195000e+04  4.657329e+00 -8.231410e-03  8.104001e-03 -4.867349e-03 
 1.200000e+04  4.753628e+00 -8.273682e-03  8.144884e-03 -4.895615e-03 
 1.205000e+04  4.856230e+00 -8.318631e-03  8.188005e-03 -4.925363e-03 
 1.210000e+04  4.960318e+00 -8.363965e-03  8.231524e-03 -4.955078e-03 
 1.215000e+04  5.064407e+00 -8.408600e-03  8.274584e-03 -4.984290e-03 
 1.220000e+04  5.168495e+00 -8.452620e-03  8.317382e-03 -5.013150e-03 
 1.225000e+04  5.272584e+00 -8.495999e-03  8.360074e-03 -5.041894e-03 
 1.230000e+04  5.376672e+00 -8.538728e-03  8.402436e-03 -5.070436e-03 
 1.235000e+04  5.481593e+00 -8.581225e-03  8.444410e-03 -5.098868e-03 
 1.240000e+04  5.594383e+00 -8.626695e-03  8.488925e-03 -5.129114e-03 
 1.245000e+04  5.709141e+00 -8.672832e-03  8.533499e-03 -5.159600e-03 
 1.250000e+04  5.823898e+00 -8.718386e-03  8.577245e-03 -5.189661e-03 
 1.255000e+04  5.938656e+00 -8.763394e-03  8.620459e-03 -5.219270e-03 
 1.260000e+04  6.053413e+00 -8.808114e-03  8.663503e-03 -5.248631e-03 
 1.265000e+04  6.168171e+00 -8.852347e-03  8.706390e-03 -5.277690e-03 
 1.270000e+04  6.282928e+00 -8.895796e-03  8.748883e-03 -5.306419e-03 
 1.275000e+04  6.402787e+00 -8.940569e-03  8.792960e-03 -5.336201e-03 
 1.280000e+04  6.529307e+00 -8.987503e-03  8.839155e-03 -5.367470e-03 
 1.285000e+04  6.655827e+00 -9.033914e-03  8.884652e-03 -5.398364e-03 
 1.290000e+04  6.784498e+00 -9.080666e-03  8.930001e-03 -5.429295e-03 
 1.295000e+04  6.921329e+00 -9.130265e-03  8.977676e-03 -5.461813e-03 
 1.300000e+04  7.060818e+00 -9.180522e-03  9.025736e-03 -5.494622e-03 
 1.305000e+04  7.200306e+00 -9.230006e-03  9.073139e-03 -5.527042e-03 
 1.310000e+04  7.339795e+00 -9.278676e-03  9.120135e-03 -5.559144e-03 
 1.315000e+04  7.479283e+00 -9.326750e-03  9.166959e-03 -5.591105e-03 
 1.320000e+04  7.618772e+00 -9.374192e-03  9.213570e-03 -5.622736e-03 
 1.325000e+04  7.759376e+00 -9.421470e-03  9.260051e-03 -5.654173e-03 
 1.330000e+04  7.912430e+00 -9.472773e-03  9.310089e-03 -5.687966e-03 
 1.335000e+04  8.066216e+00 -9.524103e-03  9.359734e-03 -5.721605e-03 
 1.340000e+04  8.220002e+00 -9.574861e-03  9.408334e-03 -5.754830e-03 
 1.345000e+04  8.373788e+00 -9.625001e-03  9.456192e-03 -5.787707e-03 
 1.350000e+04  8.535263e+00 -9.677283e-03  9.506022e-03 -5.821984e-03 
 1.355000e+04  8.696738e+00 -9.728964e-03  9.555567e-03 -5.855945e-03 
 1.360000e+04  8.858214e+00 -9.779676e-03  9.604594e-03 -5.889515e-03 
 1.365000e+04  9.021788e+00 -9.830452e-03  9.654048e-03 -5.923163e-03 
 1.370000e+04  9.191337e+00 -9.882663e-03  9.705175e-03 -5.957769e-03 
 1.375000e+04  9.360886e+00 -9.934444e-03  9.755742e-03 -5.991929e-03 
 1.380000e+04  9.534165e+00 -9.986832e-03  9.806570e-03 -6.026312e-03 
 1.385000e+04  9.719135e+00 -1.004257e-02  9.860035e-03 -6.062640e-03 
 1.390000e+04  9.906063e+00 -1.009849e-02  9.913286e-03 -6.099165e-03 
 1.395000e+04  1.009299e+01 -1.015338e-02  9.965671e-03 -6.135306e-03 
 1.400000e+04  1.027992e+01 -1.020745e-02  1.001752e-02 -6.171099e-03 
 1.405000e+04  1.046685e+01 -1.026105e-02  1.006932e-02 -6.206624e-03 
 1.410000e+04  1.065377e+01 -1.031405e-02  1.012089e-02 -6.241739e-03 
 1.415000e+04  1.084276e+01 -1.036705e-02  1.017267e-02 -6.276673e-03 
 1.420000e+04  1.105077e+01 -1.042499e-02  1.022927e-02 -6.314692e-03 
 1.425000e+04  1.126716e+01 -1.048501e-02  1.028727e-02 -6.353947e-03 
 1.430000e+04  1.148355e+01 -1.054425e-02  1.034402e-02 -6.392778e-03 
 1.435000e+04  1.169995e+01 -1.060285e-02  1.039973e-02 -6.431189e-03 
 1.440000e+04  1.191634e+01 -1.066103e-02  1.045488e-02 -6.469345e-03 
 1.445000e+04  1.213273e+01 -1.071850e-02  1.050957e-02 -6.507145e-03 
 1.450000e+04  1.234912e+01 -1.077512e-02  1.056379e-02 -6.544474e-03 
 1.455000e+04  1.256617e+01 -1.083137e-02  1.061800e-02 -6.581471e-03 
 1.460000e+04  1.279338e+01 -1.088985e-02  1.067460e-02 -6.619829e-03 
 1.465000e+04  1.302059e+01 -1.094761e-02  1.073076e-02 -6.657714e-03 
 1.470000e+04  1.325701e+01 -1.100713e-02  1.078827e-02 -6.696657e-03 
 1.475000e+04  1.350752e+01 -1.106989e-02  1.084821e-02 -6.737605e-03 
 1.480000e+04  1.375802e+01 -1.113212e-02  1.090718e-02 -6.778300e-03 
 1.485000e+04  1.400852e+01 -1.119338e-02  1.096520e-02 -6.818587e-03 
 1.490000e+04  1.425902e+01 -1.125387e-02  1.102275e-02 -6.858394e-03 
 1.495000e+04  1.450952e+01 -1.131391e-02  1.108014e-02 -6.897786e-03 
 1.500000e+04  1.476002e+01 -1.137331e-02  1.113722e-02 -6.936759e-03 
 1.505000e+04  1.501403e+01 -1.143282e-02  1.119471e-02 -6.975728e-03 
 1.510000e+04  1.528942e+01 -1.149673e-02  1.125659e-02 -7.017569e-03 
 1.515000e+04  1.556560e+01 -1.156031e-02  1.131799e-02 -7.059256e-03 
 1.520000e+04  1.584177e+01 -1.162320e-02  1.137812e-02 -7.100495e-03 
 1.525000e+04  1.612596e+01 -1.168735e-02  1.143893e-02 -7.142522e-03 
 1.530000e+04  1.641595e+01 -1.175241e-02  1.150041e-02 -7.185040e-03 
 1.535000e+04  1.670593e+01 -1.181670e-02  1.156129e-02 -7.227083e-03 
 1.540000e+04  1.699592e+01 -1.188009e-02  1.162163e-02 -7.268556e-03 
 1.545000e+04  1.728591e+01 -1.194295e-02  1.168173e-02 -7.309624e-03 
 1.550000e+04  1.757589e+01 -1.200519e-02  1.174156e-02 -7.350356e-03 
 1.555000e+04  1.786588e+01 -1.206666e-02  1.180085e-02 -7.390646e-03 
 1.560000e+04  1.818405e+01 -1.213345e-02  1.186504e-02 -7.434368e-03 
 1.565000e+04  1.851974e+01 -1.220354e-02  1.193197e-02 -7.480169e-03 
 1.570000e+04  1.885544e+01 -1.227303e-02  1.199771e-02 -7.525551e-03 
 1.575000e+04  1.919114e+01 -1.234163e-02  1.206246e-02 -7.570376e-03 
 1.580000e+04  1.952683e+01 -1.240959e-02  1.212663e-02 -7.614680e-03 
 1.585000e+04  1.986253e+01 -1.247696e-02  1.219047e-02 -7.658541e-03 
 1.590000e+04  2.019822e+01 -1.254342e-02  1.225375e-02 -7.701922e-03 
 1.595000e+04  2.053862e+01 -1.261004e-02  1.231750e-02 -7.745437e-03 
 1.600000e+04  2.090731e+01 -1.268156e-02  1.238615e-02 -7.792188e-03 
 1.605000e+04  2.127742e+01 -1.275270e-02  1.245430e-02 -7.838677e-03 
 1.610000e+04  2.165011e+01 -1.282353e-02  1.252171e-02 -7.884955e-03 
 1.615000e+04  2.205038e+01 -1.289904e-02  1.259308e-02 -7.934119e-03 
 1.620000e+04  2.245842e+01 -1.297545e-02  1.266496e-02 -7.983761e-03 
 1.625000e+04  2.286646e+01 -1.305092e-02  1.273598e-02 -8.032792e-03 
 1.630000e+04  2.327450e+01 -1.312545e-02  1.280630e-02 -8.081225e-03 
 1.635000e+04  2.368254e+01 -1.319915e-02  1.287625e-02 -8.129249e-03 
 1.640000e+04  2.409058e+01 -1.327200e-02  1.294565e-02 -8.176779e-03 
 1.645000e+04  2.450719e+01 -1.334545e-02  1.301582e-02 -8.224746e-03 
 1.650000e+04  2.495448e+01 -1.342369e-02  1.309037e-02 -8.275684e-03 
 1.655000e+04  2.542414e+01 -1.350526e-02  1.316767e-02 -8.328684e-03 
 1.660000e+04  2.589650e+01 -1.358638e-02  1.324415e-02 -8.381393e-03 
 1.665000e+04  2.636886e+01 -1.366655e-02  1.331952e-02 -8.433446e-03 
 1.670000e+04  2.684121e+01 -1.374594e-02  1.339407e-02 -8.484889e-03 
 1.675000e+04  2.731357e+01 -1.382446e-02  1.346795e-02 -8.535825e-03 
 1.680000e+04  2.778593e+01 -1.390196e-02  1.354121e-02 -8.586213e-03 
 1.685000e+04  2.826820e+01 -1.398019e-02  1.361546e-02 -8.637132e-03 
 1.690000e+04  2.878551e+01 -1.406331e-02  1.369449e-02 -8.691235e-03 
 1.695000e+04  2.930628e+01 -1.414613e-02  1.377305e-02 -8.745050e-03 
 1.700000e+04  2.983278e+01 -1.422906e-02  1.385126e-02 -8.798738e-03 
 1.705000e+04  3.037960e+01 -1.431455e-02  1.393138e-02 -8.853920e-03 
 1.710000e+04  3.092641e+01 -1.439916e-02  1.401049e-02 -8.908536e-03 
 1.715000e+04  3.147322e+01 -1.448268e-02  1.408861e-02 -8.962539e-03 
 1.720000e+04  3.202003e+01 -1.456530e-02  1.416589e-02 -9.015980e-03 
 1.725000e+04  3.259036e+01 -1.465058e-02  1.424593e-02 -9.071162e-03 
 1.730000e+04  3.316451e+01 -1.473535e-02  1.432580e-02 -9.126084e-03 
 1.735000e+04  3.374785e+01 -1.482040e-02  1.440617e-02 -9.181157e-03 
 1.740000e+04  3.437724e+01 -1.491141e-02  1.449199e-02 -9.239954e-03 
 1.745000e+04  3.501024e+01 -1.500213e-02  1.457715e-02 -9.298512e-03 
 1.750000e+04  3.564325e+01 -1.509176e-02  1.466105e-02 -9.356351e-03 
 1.755000e+04  3.629904e+01 -1.518357e-02  1.474671e-02 -9.415560e-03 
 1.760000e+04  3.696369e+01 -1.527575e-02  1.483257e-02 -9.474890e-03 
 1.765000e+04  3.762835e+01 -1.536682e-02  1.491751e-02 -9.533563e-03 
 1.770000e+04  3.829300e+01 -1.545666e-02  1.500155e-02 -9.591542e-03 
 1.775000e+04  3.898624e+01 -1.554926e-02  1.508855e-02 -9.651358e-03 
 1.780000e+04  3.968412e+01 -1.564162e-02  1.517536e-02 -9.710911e-03 
 1.785000e+04  4.038341e+01 -1.573312e-02  1.526122e-02 -9.769843e-03 
 1.790000e+04  4.113890e+01 -1.583097e-02  1.535269e-02 -9.832754e-03 
 1.795000e+04  4.190832e+01 -1.592969e-02  1.544464e-02 -9.896191e-03 
 1.800000e+04  4.267774e+01 -1.602722e-02  1.553526e-02 -9.958894e-03 
 1.805000e+04  4.344717e+01 -1.612356e-02  1.562466e-02 -1.002080e-02 
 1.810000e+04  4.424198e+01 -1.622206e-02  1.571608e-02 -1.008400e-02 
 1.815000e+04  4.504987e+01 -1.632105e-02  1.580817e-02 -1.014752e-02 
 1.820000e+04  4.585776e+01 -1.641875e-02  1.589925e-02 -1.021019e-02 
 1.825000e+04  4.672749e+01 -1.652273e-02  1.599626e-02 -1.027690e-02 
 1.830000e+04  4.761820e+01 -1.662814e-02  1.609444e-02 -1.034452e-02 
 1.835000e+04  4.850890e+01 -1.673228e-02  1.619121e-02 -1.041129e-02 
 1.840000e+04  4.944230e+01 -1.684013e-02  1.629107e-02 -1.048032e-02 
 1.845000e+04  5.042430e+01 -1.695254e-02  1.639476e-02 -1.055205e-02 
 1.850000e+04  5.140630e+01 -1.706355e-02  1.649704e-02 -1.062288e-02 
 1.855000e+04  5.238830e+01 -1.717301e-02  1.659803e-02 -1.069280e-02 
 1.860000e+04  5.339288e+01 -1.728351e-02  1.670016e-02 -1.076343e-02 
 1.865000e+04  5.442398e+01 -1.739560e-02  1.680392e-02 -1.083503e-02 
 1.870000e+04  5.545507e+01 -1.750624e-02  1.690644e-02 -1.090569e-02 
 1.875000e+04  5.655123e+01 -1.762240e-02  1.701397e-02 -1.097986e-02 
 1.880000e+04  5.773121e+01 -1.774619e-02  1.712819e-02 -1.105877e-02 
 1.885000e+04  5.892484e+01 -1.786974e-02  1.724205e-02 -1.113751e-02 
 1.890000e+04  6.011846e+01 -1.799153e-02  1.735404e-02 -1.121503e-02 
 1.895000e+04  6.134551e+01 -1.811518e-02  1.746749e-02 -1.129361e-02 
 1.900000e+04  6.259881e+01 -1.823988e-02  1.758198e-02 -1.137289e-02 
 1.905000e+04  6.385212e+01 -1.836276e-02  1.769498e-02 -1.145108e-02 
 1.910000e+04  6.516652e+01 -1.848989e-02  1.781190e-02 -1.153192e-02 
 1.915000e+04  6.654829e+01 -1.862193e-02  1.793332e-02 -1.161590e-02 
 1.920000e+04  6.793006e+01 -1.875222e-02  1.805297e-02 -1.169864e-02 
 1.925000e+04  6.933829e+01 -1.888318e-02  1.817292e-02 -1.178161e-02 
 1.930000e+04  7.086169e+01 -1.902318e-02  1.830075e-02 -1.187016e-02 
 1.935000e+04  7.238508e+01 -1.916126e-02  1.842669e-02 -1.195756e-02 
 1.940000e+04  7.390848e+01 -1.929718e-02  1.855059e-02 -1.204361e-02 
 1.945000e+04  7.549366e+01 -1.943656e-02  1.867765e-02 -1.213178e-02 
 1.950000e+04  7.717321e+01 -1.958243e-02  1.881057e-02 -1.222399e-02 
 1.955000e+04  7.885275e+01 -1.972598e-02  1.894163e-02 -1.231476e-02 
 1.960000e+04  8.055414e+01 -1.986922e-02  1.907226e-02 -1.240518e-02 
 1.965000e+04  8.240231e+01 -2.002282e-02  1.921207e-02 -1.250208e-02 
 1.970000e+04  8.425401e+01 -2.017444e-02  1.934994e-02 -1.259782e-02 
 1.975000e+04  8.610572e+01 -2.032364e-02  1.948534e-02 -1.269189e-02 
 1.980000e+04  8.802593e+01 -2.047616e-02  1.962350e-02 -1.278790e-02 
 1.985000e+04  8.997022e+01 -2.062841e-02  1.976135e-02 -1.288374e-02 
 1.990000e+04  9.191450e+01 -2.077815e-02  1.989710e-02 -1.297812e-02 
 1.995000e+04  9.396777e+01 -2.093395e-02  2.003830e-02 -1.307621e-02 
 2.000000e+04  9.611135e+01 -2.109446e-02  2.018370e-02 -1.317715e-02 
 2.005000e+04  9.825492e+01 -2.125252e-02  2.032678e-02 -1.327649e-02 
 2.010000e+04  1.004371e+02 -2.141090e-02  2.046981e-02 -1.337589e-02 
 2.015000e+04  1.027959e+02 -2.157974e-02  2.062189e-02 -1.348179e-02 
 2.020000e+04  1.051592e+02 -2.174637e-02  2.077176e-02 -1.358630e-02 
 2.025000e+04  1.075225e+02 -2.191025e-02  2.091902e-02 -1.368901e-02 
 2.030000e+04  1.100521e+02 -2.208302e-02  2.107400e-02 -1.379713e-02 
 2.035000e+04  1.126577e+02 -2.225836e-02  2.123123e-02 -1.390685e-02 
 2.040000e+04  1.152632e+02 -2.243074e-02  2.138590e-02 -1.401472e-02 
 2.045000e+04  1.179590e+02 -2.260611e-02  2.154308e-02 -1.412433e-02 
 2.050000e+04  1.208316e+02 -2.279020e-02  2.170794e-02 -1.423942e-02 
 2.055000e+04  1.237042e+02 -2.297127e-02  2.186996e-02 -1.435264e-02 
 2.060000e+04  1.265883e+02 -2.315000e-02  2.202957e-02 -1.446424e-02 
 2.065000e+04  1.297161e+02 -2.334074e-02  2.219970e-02 -1.458327e-02 
 2.070000e+04  1.328832e+02 -2.353073e-02  2.236916e-02 -1.470189e-02 
 2.075000e+04  1.360502e+02 -2.371733e-02  2.253559e-02 -1.481834e-02 
 2.080000e+04  1.393287e+02 -2.390715e-02  2.270480e-02 -1.493679e-02 
 2.085000e+04  1.428204e+02 -2.410615e-02  2.288211e-02 -1.506100e-02 
 2.090000e+04  1.463120e+02 -2.430167e-02  2.305639e-02 -1.518301e-02 
 2.095000e+04  1.498665e+02 -2.449720e-02  2.323039e-02 -1.530493e-02 
 2.100000e+04  1.537124e+02 -2.470545e-02  2.341535e-02 -1.543473e-02 
 2.105000e+04  1.575620e+02 -2.491037e-02  2.359711e-02 -1.556246e-02 
 2.110000e+04  1.614115e+02 -2.511157e-02  2.377534e-02 -1.568770e-02 
 2.115000e+04  1.655877e+02 -2.532617e-02  2.396510e-02 -1.582117e-02 
 2.120000e+04  1.698319e+02 -2.554062e-02  2.415463e-02 -1.595467e-02 
 2.125000e+04  1.740760e+02 -2.575107e-02  2.434060e-02 -1.608572e-02 
 2.130000e+04  1.784965e+02 -2.596631e-02  2.453059e-02 -1.621964e-02 
 2.135000e+04  1.834002e+02 -2.620123e-02  2.473780e-02 -1.636579e-02 
 2.140000e+04  1.883134e+02 -2.643239e-02  2.494154e-02 -1.650963e-02 
 2.145000e+04  1.932265e+02 -2.665901e-02  2.514099e-02 -1.665061e-02 
 2.150000e+04  1.981396e+02 -2.688132e-02  2.533632e-02 -1.678894e-02 
 2.155000e+04  2.032247e+02 -2.710716e-02  2.553479e-02 -1.692958e-02 
 2.160000e+04  2.083834e+02 -2.733218e-02  2.573264e-02 -1.706969e-02 
 2.165000e+04  2.139883e+02 -2.757242e-02  2.594378e-02 -1.721929e-02 
 2.170000e+04  2.199602e+02 -2.782424e-02  2.616504e-02 -1.737623e-02 
 2.175000e+04  2.259321e+02 -2.807118e-02  2.638199e-02 -1.753020e-02 
 2.180000e+04  2.319041e+02 -2.831310e-02  2.659429e-02 -1.768100e-02 
 2.185000e+04  2.379596e+02 -2.855368e-02  2.680512e-02 -1.783106e-02 
 2.190000e+04  2.442301e+02 -2.879835e-02  2.701944e-02 -1.798381e-02 
 2.195000e+04  2.506323e+02 -2.904372e-02  2.723417e-02 -1.813701e-02 
 2.200000e+04  2.574929e+02 -2.930228e-02  2.746023e-02 -1.829846e-02 
 2.205000e+04  2.644061e+02 -2.955835e-02  2.768401e-02 -1.845840e-02 
 2.210000e+04  2.713194e+02 -2.980956e-02  2.790345e-02 -1.861533e-02 
 2.215000e+04  2.785721e+02 -3.006804e-02  2.812910e-02 -1.877687e-02 
 2.220000e+04  2.865751e+02 -3.034847e-02  2.837385e-02 -1.895240e-02 
 2.225000e+04  2.945780e+02 -3.062381e-02  2.861413e-02 -1.912507e-02 
 2.230000e+04  3.025810e+02 -3.089385e-02  2.884953e-02 -1.929447e-02 
 2.235000e+04  3.106880e+02 -3.116226e-02  2.908324e-02 -1.946288e-02 
 2.240000e+04  3.190911e+02 -3.143551e-02  2.932114e-02 -1.963445e-02 
 2.245000e+04  3.276715e+02 -3.170947e-02  2.955970e-02 -1.980660e-02 
 2.250000e+04  3.369359e+02 -3.200026e-02  2.981295e-02 -1.998961e-02 
 2.255000e+04  3.462003e+02 -3.228593e-02  3.006187e-02 -2.016980e-02 
 2.260000e+04  3.554647e+02 -3.256625e-02  3.030626e-02 -2.034689e-02 
 2.265000e+04  3.652790e+02 -3.285776e-02  3.056047e-02 -2.053129e-02 
 2.270000e+04  3.754930e+02 -3.315615e-02  3.082076e-02 -2.072033e-02 
 2.275000e+04  3.857070e+02 -3.344946e-02  3.107655e-02 -2.090648e-02 
 2.280000e+04  3.963342e+02 -3.374949e-02  3.133802e-02 -2.109718e-02 
 2.285000e+04  4.078832e+02 -3.407072e-02  3.161783e-02 -2.130160e-02 
 2.290000e+04  4.194573e+02 -3.438772e-02  3.189397e-02 -2.150360e-02 
 2.295000e+04  4.310313e+02 -3.469962e-02  3.216550e-02 -2.170267e-02 
 2.300000e+04  4.426054e+02 -3.500662e-02  3.243266e-02 -2.189721e-02 
 2.305000e+04  4.541795e+02 -3.530887e-02  3.269565e-02 -2.208748e-02 
 2.310000e+04  4.657536e+02 -3.560575e-02  3.295328e-02 -2.227737e-02 
 2.315000e+04  4.773276e+02 -3.589740e-02  3.320721e-02 -2.246666e-02 
 2.320000e+04  4.889017e+02 -3.618567e-02  3.345883e-02 -2.265460e-02 
 2.325000e+04  5.004758e+02 -3.647072e-02  3.370879e-02 -2.284137e-02 
 2.330000e+04  5.120499e+02 -3.674991e-02  3.395667e-02 -2.302593e-02 
 2.335000e+04  5.236239e+02 -3.702707e-02  3.420120e-02 -2.320722e-02 
 2.340000e+04  5.351980e+02 -3.729845e-02  3.444358e-02 -2.338612e-02 
 2.345000e+04  5.467721e+02 -3.756446e-02  3.468319e-02 -2.356197e-02 
 2.350000e+04  5.583462e+02 -3.782975e-02  3.492108e-02 -2.373614e-02 
 2.355000e+04  5.699202e+02 -3.809428e-02  3.515696e-02 -2.390858e-02 
 2.360000e+04  5.814943e+02 -3.835654e-02  3.539062e-02 -2.408009e-02 
 2.365000e+04  5.930684e+02 -3.861631e-02  3.561895e-02 -2.425185e-02 
 2.370000e+04  6.046425e+02 -3.887649e-02  3.584253e-02 -2.442285e-02 
 2.375000e+04  6.162165e+02 -3.913431e-02  3.606386e-02 -2.459203e-02 
 2.380000e+04  6.277906e+02 -3.938977e-02  3.628490e-02 -2.475935e-02 
 2.385000e+04  6.393647e+02 -3.964344e-02  3.650650e-02 -2.492498e-02 
 2.390000e+04  6.509387e+02 -3.989502e-02  3.672532e-02 -2.508949e-02 
 2.395000e+04  6.625128e+02 -4.014589e-02  3.694291e-02 -2.525299e-02 
 2.400000e+04  6.729758e+02 -4.037161e-02  3.713779e-02 -2.540009e-02 
 2.405000e+04  6.752906e+02 -4.042054e-02  3.717926e-02 -2.543205e-02 
 2.410000e+04  6.776054e+02 -4.046906e-02  3.722069e-02 -2.546350e-02 
 2.415000e+04  6.799202e+02 -4.051702e-02  3.726257e-02 -2.549536e-02 
 2.420000e+04  6.822350e+02 -4.056453e-02  3.730550e-02 -2.552681e-02 
 2.425000e+04  6.845499e+02 -4.061119e-02  3.734963e-02 -2.555858e-02 
 2.430000e+04  6.868647e+02 -4.065881e-02  3.739480e-02 -2.559110e-02 
 2.435000e+04  6.891795e+02 -4.070620e-02  3.744021e-02 -2.562421e-02 
 2.440000e+04  6.914943e+02 -4.075275e-02  3.748491e-02 -2.565682e-02 
 2.445000e+04  6.938091e+02 -4.079938e-02  3.752918e-02 -2.568934e-02 
 2.450000e+04  6.961239e+02 -4.084676e-02  3.757302e-02 -2.572184e-02 
 2.455000e+04  6.984387e+02 -4.089484e-02  3.761572e-02 -2.575398e-02 
 2.460000e+04  7.007536e+02 -4.094345e-02  3.765777e-02 -2.578599e-02 
 2.465000e+04  7.030684e+02 -4.099280e-02  3.769986e-02 -2.581823e-02 
 2.470000e+04  7.053832e+02 -4.104226e-02  3.774176e-02 -2.585054e-02 
 2.475000e+04  7.076980e+02 -4.109188e-02  3.778342e-02 -2.588257e-02 
 2.480000e+04  7.100128e+02 -4.114194e-02  3.782480e-02 -2.591449e-02 
 2.485000e+04  7.123276e+02 -4.119243e-02  3.786623e-02 -2.594640e-02 
 2.490000e+04  7.146425e+02 -4.124278e-02  3.790726e-02 -2.597852e-02 
 2.495000e+04  7.169573e+02 -4.129280e-02  3.794802e-02 -2.601074e-02 
 2.500000e+04  7.192721e+02 -4.134260e-02  3.798861e-02 -2.604315e-02 
 2.505000e+04  7.215869e+02 -4.139238e-02  3.802932e-02 -2.607535e-02 
 2.510000e+04  7.239017e+02 -4.144210e-02  3.806996e-02 -2.610718e-02 
 2.515000e+04  7.262165e+02 -4.149123e-02  3.811097e-02 -2.613879e-02 
 2.520000e+04  7.285313e+02 -4.153914e-02  3.815234e-02 -2.617053e-02 
 2.525000e+04  7.308462e+02 -4.158629e-02  3.819421e-02 -2.620247e-02 
 2.530000e+04  7.331610e+02 -4.163308e-02  3.823688e-02 -2.623457e-02 
 2.535000e+04  7.354758e+02 -4.167975e-02  3.827970e-02 -2.626636e-02 
 2.540000e+04  7.377906e+02 -4.172623e-02  3.832249e-02 -2.629793e-02 
 2.545000e+04  7.401054e+02 -4.177276e-02  3.836534e-02 -2.632937e-02 
 2.550000e+04  7.424202e+02 -4.181927e-02  3.840778e-02 -2.636082e-02 
 2.555000e+04  7.447350e+02 -4.186584e-02  3.844985e-02 -2.639228e-02 
 2.560000e+04  7.470499e+02 -4.191233e-02  3.849167e-02 -2.642385e-02 
 2.565000e+04  7.493647e+02 -4.195910e-02  3.853350e-02 -2.645551e-02 
 2.570000e+04  7.516795e+02 -4.200619e-02  3.857515e-02 -2.648712e-02 
 2.575000e+04  7.539943e+02 -4.205356e-02  3.861655e-02 -2.651855e-02 
 2.580000e+04  7.563091e+02 -4.210111e-02  3.865794e-02 -2.654984e-02 
 2.585000e+04  7.586239e+02 -4.214892e-02  3.869907e-02 -2.658127e-02 
 2.590000e+04  7.609387e+02 -4.219704e-02  3.873971e-02 -2.661269e-02 
 2.595000e+04  7.632536e+02 -4.224541e-02  3.878004e-02 -2.664401e-02 
 2.600000e+04  7.655684e+02 -4.229387e-02  3.882012e-02 -2.667532e-02 
 2.605000e+04  7.678832e+02 -4.234231e-02  3.886019e-02 -2.670664e-02 
 2.610000e+04  7.701980e+02 -4.239046e-02  3.890014e-02 -2.673793e-02 
 2.615000e+04  7.725128e+02 -4.243823e-02  3.894013e-02 -2.676923e-02 
 2.620000e+04  7.748276e+02 -4.248551e-02  3.898058e-02 -2.680058e-02 
 2.625000e+04  7.771425e+02 -4.253257e-02  3.902142e-02 -2.683191e-02 
 2.630000e+04  7.794573e+02 -4.257938e-02  3.906265e-02 -2.686316e-02 
 2.635000e+04  7.817721e+02 -4.262602e-02  3.910413e-02 -2.689433e-02 
 2.640000e+04  7.840869e+02 -4.267254e-02  3.914546e-02 -2.692552e-02 
 2.645000e+04  7.864017e+02 -4.271825e-02  3.918660e-02 -2.695672e-02 
 2.650000e+04  7.887165e+02 -4.276370e-02  3.922769e-02 -2.698788e-02 
 2.655000e+04  7.910313e+02 -4.280925e-02  3.926869e-02 -2.701896e-02 
 2.660000e+04  7.933462e+02 -4.285479e-02  3.930948e-02 -2.704983e-02 
 2.665000e+04  7.956610e+02 -4.290046e-02  3.934992e-02 -2.708070e-02 
 2.670000e+04  7.979758e+02 -4.294627e-02  3.939050e-02 -2.711172e-02 
 2.675000e+04  8.002906e+02 -4.299218e-02  3.943112e-02 -2.714264e-02 
 2.680000e+04  8.026054e+02 -4.303831e-02  3.947152e-02 -2.717338e-02 
 2.685000e+04  8.049202e+02 -4.308462e-02  3.951171e-02 -2.720404e-02 
 2.690000e+04  8.072350e+02 -4.313115e-02  3.955157e-02 -2.723466e-02 
 2.695000e+04  8.095499e+02 -4.317792e-02  3.959134e-02 -2.726540e-02 
 2.700000e+04  8.118647e+02 -4.322477e-02  3.963102e-02 -2.729628e-02 
 2.705000e+04  8.141795e+02 -4.327152e-02  3.967052e-02 -2.732716e-02 
 2.710000e+04  8.165892e+02 -4.332004e-02  3.971164e-02 -2.735918e-02 
 2.715000e+04  8.190708e+02 -4.336998e-02  3.975393e-02 -2.739220e-02 
 2.720000e+04  8.216229e+02 -4.342110e-02  3.979755e-02 -2.742600e-02 
 2.725000e+04  8.241903e+02 -4.347197e-02  3.984145e-02 -2.745990e-02 
 2.730000e+04  8.268700e+02 -4.352491e-02  3.988754e-02 -2.749531e-02 
 2.735000e+04  8.295497e+02 -4.357785e-02  3.993369e-02 -2.753081e-02 
 2.740000e+04  8.322293e+02 -4.363063e-02  3.997988e-02 -2.756610e-02 
 2.745000e+04  8.350377e+02 -4.368549e-02  4.002844e-02 -2.760299e-02 
 2.750000e+04  8.379132e+02 -4.374165e-02  4.007849e-02 -2.764078e-02 
 2.755000e+04  8.408676e+02 -4.379911e-02  4.012995e-02 -2.767970e-02 
 2.760000e+04  8.439233e+02 -4.385816e-02  4.018304e-02 -2.771981e-02 
 2.765000e+04  8.471805e+02 -4.392105e-02  4.023927e-02 -2.776270e-02 
 2.770000e+04  8.504376e+02 -4.398369e-02  4.029557e-02 -2.780558e-02 
 2.775000e+04  8.536948e+02 -4.404629e-02  4.035167e-02 -2.784811e-02 
 2.780000e+04  8.569520e+02 -4.410892e-02  4.040747e-02 -2.789047e-02 
 2.785000e+04  8.602092e+02 -4.417179e-02  4.046291e-02 -2.793295e-02 
 2.790000e+04  8.634663e+02 -4.423493e-02  4.051840e-02 -2.797540e-02 
 2.795000e+04  8.667235e+02 -4.429837e-02  4.057380e-02 -2.801766e-02 
 2.800000e+04  8.699807e+02 -4.436195e-02  4.062899e-02 -2.805994e-02 
 2.805000e+04  8.732379e+02 -4.442539e-02  4.068398e-02 -2.810192e-02 
 2.810000e+04  8.764950e+02 -4.448907e-02  4.073785e-02 -2.814389e-02 
 2.815000e+04  8.797522e+02 -4.455280e-02  4.079122e-02 -2.818612e-02 
 2.820000e+04  8.830094e+02 -4.461629e-02  4.084449e-02 -2.822846e-02 
 2.825000e+04  8.863578e+02 -4.468138e-02  4.089947e-02 -2.827176e-02 
 2.830000e+04  8.897778e+02 -4.474798e-02  4.095620e-02 -2.831592e-02 
 2.835000e+04  8.931979e+02 -4.481417e-02  4.101337e-02 -2.836001e-02 
 2.840000e+04  8.969604e+02 -4.488654e-02  4.107634e-02 -2.840825e-02 
 2.845000e+04  9.009195e+02 -4.496253e-02  4.114278e-02 -2.845901e-02 
 2.850000e+04  9.048786e+02 -4.503829e-02  4.120946e-02 -2.850962e-02 
 2.855000e+04  9.089248e+02 -4.511492e-02  4.127749e-02 -2.856130e-02 
 2.860000e+04  9.132731e+02 -4.519666e-02  4.135079e-02 -2.861686e-02 
 2.865000e+04  9.176380e+02 -4.527822e-02  4.142438e-02 -2.867291e-02 
 2.870000e+04  9.220030e+02 -4.535934e-02  4.149686e-02 -2.872895e-02 
 2.875000e+04  9.263679e+02 -4.544066e-02  4.156924e-02 -2.878480e-02 
 2.880000e+04  9.307328e+02 -4.552230e-02  4.164207e-02 -2.884027e-02 
 2.885000e+04  9.350978e+02 -4.560402e-02  4.171483e-02 -2.889521e-02 
 2.890000e+04  9.394627e+02 -4.568584e-02  4.178760e-02 -2.895005e-02 
 2.895000e+04  9.440328e+02 -4.577184e-02  4.186381e-02 -2.900764e-02 
 2.900000e+04  9.488618e+02 -4.586272e-02  4.194385e-02 -2.906876e-02 
 2.905000e+04  9.540815e+02 -4.596104e-02  4.202978e-02 -2.913489e-02 
 2.910000e+04  9.596898e+02 -4.606641e-02  4.212162e-02 -2.920604e-02 
 2.915000e+04  9.658083e+02 -4.618140e-02  4.222110e-02 -2.928340e-02 
 2.920000e+04  9.719502e+02 -4.629653e-02  4.232063e-02 -2.936077e-02 
 2.925000e+04  9.780921e+02 -4.641167e-02  4.241924e-02 -2.943802e-02 
 2.930000e+04  9.842585e+02 -4.652713e-02  4.251824e-02 -2.951522e-02 
 2.935000e+04  9.907075e+02 -4.664755e-02  4.262215e-02 -2.959567e-02 
 2.940000e+04  9.971565e+02 -4.676720e-02  4.272666e-02 -2.967608e-02 
 2.945000e+04  1.003606e+03 -4.688641e-02  4.283148e-02 -2.975622e-02 
 2.950000e+04  1.010054e+03 -4.700546e-02  4.293619e-02 -2.983631e-02 
 2.955000e+04  1.016736e+03 -4.712845e-02  4.304446e-02 -2.991931e-02 
 2.960000e+04  1.023846e+03 -4.725827e-02  4.315932e-02 -3.000753e-02 
 2.965000e+04  1.031099e+03 -4.738891e-02  4.327643e-02 -3.009750e-02 
 2.970000e+04  1.039136e+03 -4.753408e-02  4.340620e-02 -3.019727e-02 
 2.975000e+04  1.047366e+03 -4.768284e-02  4.353887e-02 -3.029902e-02 
 2.980000e+04  1.055597e+03 -4.783125e-02  4.367074e-02 -3.040007e-02 
 2.985000e+04  1.063828e+03 -4.797978e-02  4.380071e-02 -3.050086e-02 
 2.990000e+04  1.072058e+03 -4.812834e-02  4.393028e-02 -3.060159e-02 
 2.995000e+04  1.080289e+03 -4.827629e-02  4.405995e-02 -3.070164e-02 
 3.000000e+04  1.088520e+03 -4.842360e-02  4.418954e-02 -3.080165e-02 
 3.005000e+04  1.096751e+03 -4.857097e-02  4.431922e-02 -3.090128e-02 
 3.010000e+04  1.104981e+03 -4.871864e-02  4.444864e-02 -3.100118e-02 
 3.015000e+04  1.113212e+03 -4.886616e-02  4.457685e-02 -3.110083e-02 
 3.020000e+04  1.121443e+03 -4.901366e-02  4.470455e-02 -3.120022e-02 
 3.025000e+04  1.129673e+03 -4.916121e-02  4.483238e-02 -3.129960e-02 
 3.030000e+04  1.137904e+03 -4.930823e-02  4.496021e-02 -3.139886e-02 
 3.035000e+04  1.146135e+03 -4.945462e-02  4.508769e-02 -3.149763e-02 
 3.040000e+04  1.154366e+03 -4.960024e-02  4.521504e-02 -3.159623e-02 
 3.045000e+04  1.162596e+03 -4.974552e-02  4.534155e-02 -3.169474e-02 
 3.050000e+04  1.170827e+03 -4.989030e-02  4.546709e-02 -3.179302e-02 
 3.055000e+04  1.179058e+03 -5.003483e-02  4.559303e-02 -3.189123e-02 
 3.060000e+04  1.187289e+03 -5.017893e-02  4.571988e-02 -3.198940e-02 
 3.065000e+04  1.195519e+03 -5.032144e-02  4.584729e-02 -3.208724e-02 
 3.070000e+04  1.203750e+03 -5.046299e-02  4.597433e-02 -3.218487e-02 
 3.075000e+04  1.211981e+03 -5.060495e-02  4.609981e-02 -3.228247e-02 
 3.080000e+04  1.220211e+03 -5.074758e-02  4.622491e-02 -3.237950e-02 
 3.085000e+04  1.228442e+03 -5.088952e-02  4.635021e-02 -3.247618e-02 
 3.090000e+04  1.236673e+03 -5.103020e-02  4.647583e-02 -3.257306e-02 
 3.095000e+04  1.244904e+03 -5.117111e-02  4.660176e-02 -3.267015e-02 
 3.100000e+04  1.253480e+03 -5.131811e-02  4.673254e-02 -3.277114e-02 
 3.105000e+04  1.262122e+03 -5.146582e-02  4.686333e-02 -3.287224e-02 
 3.110000e+04  1.270816e+03 -5.161441e-02  4.699435e-02 -3.297386e-02 
 3.115000e+04  1.280217e+03 -5.177532e-02  4.713593e-02 -3.308360e-02 
 3.120000e+04  1.290031e+03 -5.194307e-02  4.728322e-02 -3.319796e-02 
 3.125000e+04  1.300526e+03 -5.212226e-02  4.744032e-02 -3.331984e-02 
 3.130000e+04  1.311031e+03 -5.230061e-02  4.759593e-02 -3.344169e-02 
 3.135000e+04  1.321536e+03 -5.247817e-02  4.775091e-02 -3.356346e-02 
 3.140000e+04  1.332040e+03 -5.265572e-02  4.790605e-02 -3.368479e-02 
 3.145000e+04  1.342545e+03 -5.283351e-02  4.806149e-02 -3.380553e-02 
 3.150000e+04  1.353050e+03 -5.301005e-02  4.821673e-02 -3.392604e-02 
 3.155000e+04  1.363903e+03 -5.319208e-02  4.837748e-02 -3.405061e-02 
 3.160000e+04  1.375477e+03 -5.338611e-02  4.854911e-02 -3.418348e-02 
 3.165000e+04  1.387051e+03 -5.357980e-02  4.872039e-02 -3.431572e-02 
 3.170000e+04  1.398626e+03 -5.377267e-02  4.889149e-02 -3.444781e-02 
 3.175000e+04  1.410200e+03 -5.396416e-02  4.906227e-02 -3.457984e-02 
 3.180000e+04  1.421774e+03 -5.415523e-02  4.923202e-02 -3.471172e-02 
 3.185000e+04  1.433348e+03 -5.434602e-02  4.939895e-02 -3.484346e-02 
 3.190000e+04  1.444922e+03 -5.453588e-02  4.956590e-02 -3.497437e-02 
 3.195000e+04  1.456496e+03 -5.472475e-02  4.973350e-02 -3.510445e-02 
 3.200000e+04  1.468070e+03 -5.491296e-02  4.990162e-02 -3.523426e-02 
 3.205000e+04  1.479644e+03 -5.510195e-02  5.006974e-02 -3.536409e-02 
 3.210000e+04  1.491218e+03 -5.529141e-02  5.023754e-02 -3.549369e-02 
 3.215000e+04  1.502792e+03 -5.548052e-02  5.040508e-02 -3.562308e-02 
 3.220000e+04  1.514366e+03 -5.566917e-02  5.057189e-02 -3.575267e-02 
 3.225000e+04  1.525940e+03 -5.585736e-02  5.073676e-02 -3.588185e-02 
 3.230000e+04  1.537514e+03 -5.604508e-02  5.090028e-02 -3.601082e-02 
 3.235000e+04  1.549089e+03 -5.623278e-02  5.106368e-02 -3.613952e-02 
 3.240000e+04  1.560663e+03 -5.642003e-02  5.122761e-02 -3.626784e-02 
 3.245000e+04  1.572237e+03 -5.660680e-02  5.139204e-02 -3.639598e-02 
 3.250000e+04  1.583811e+03 -5.679340e-02  5.155686e-02 -3.652410e-02 
 3.255000e+04  1.595385e+03 -5.697850e-02  5.172176e-02 -3.665211e-02 
 3.260000e+04  1.606959e+03 -5.716280e-02  5.188654e-02 -3.677973e-02 
 3.265000e+04  1.618533e+03 -5.734714e-02  5.205105e-02 -3.690709e-02 
 3.270000e+04  1.630107e+03 -5.753137e-02  5.221519e-02 -3.703445e-02 
 3.275000e+04  1.641681e+03 -5.771502e-02  5.237866e-02 -3.716136e-02 
 3.280000e+04  1.653255e+03 -5.789847e-02  5.254176e-02 -3.728814e-02 
 3.285000e+04  1.664829e+03 -5.808152e-02  5.270480e-02 -3.741499e-02 
 3.290000e+04  1.676403e+03 -5.826421e-02  5.286631e-02 -3.754148e-02 
 3.295000e+04  1.687977e+03 -5.844649e-02  5.302641e-02 -3.766739e-02 
 3.300000e+04  1.699551e+03 -5.862846e-02  5.318614e-02 -3.779294e-02 
 3.305000e+04  1.711126e+03 -5.880910e-02  5.334647e-02 -3.791817e-02 
 3.310000e+04  1.722700e+03 -5.898985e-02  5.350754e-02 -3.804317e-02 
 3.315000e+04  1.734274e+03 -5.917106e-02  5.366878e-02 -3.816778e-02 
 3.320000e+04  1.745848e+03 -5.935251e-02  5.382956e-02 -3.829222e-02 
 3.325000e+04  1.757422e+03 -5.953420e-02  5.399008e-02 -3.841688e-02 
 3.330000e+04  1.768996e+03 -5.971529e-02  5.415031e-02 -3.854185e-02 
 3.335000e+04  1.780570e+03 -5.989565e-02  5.430998e-02 -3.866662e-02 
 3.340000e+04  1.792144e+03 -6.007560e-02  5.446882e-02 -3.879113e-02 
 3.345000e+04  1.803718e+03 -6.025526e-02  5.462736e-02 -3.891522e-02 
 3.350000e+04  1.815292e+03 -6.043389e-02  5.478598e-02 -3.903846e-02 
 3.355000e+04  1.826866e+03 -6.061177e-02  5.494362e-02 -3.916171e-02 
 3.360000e+04  1.838440e+03 -6.078846e-02  5.510129e-02 -3.928486e-02 
 3.365000e+04  1.850014e+03 -6.096545e-02  5.525929e-02 -3.940789e-02 
 3.370000e+04  1.861589e+03 -6.114285e-02  5.541764e-02 -3.953076e-02 
 3.375000e+04  1.873163e+03 -6.132050e-02  5.557611e-02 -3.965367e-02 
 3.380000e+04  1.884737e+03 -6.149811e-02  5.573447e-02 -3.977644e-02 
 3.385000e+04  1.896311e+03 -6.167497e-02  5.589233e-02 -3.989902e-02 
 3.390000e+04  1.907885e+03 -6.185121e-02  5.604950e-02 -4.002127e-02 
 3.395000e+04  1.919459e+03 -6.202726e-02  5.620614e-02 -4.014352e-02 
 3.400000e+04  1.931033e+03 -6.220327e-02  5.636244e-02 -4.026561e-02 
 3.405000e+04  1.942607e+03 -6.237902e-02  5.651842e-02 -4.038753e-02 
 3.410000e+04  1.954181e+03 -6.255478e-02  5.667410e-02 -4.050895e-02 
 3.415000e+04  1.965755e+03 -6.272991e-02  5.682856e-02 -4.063028e-02 
 3.420000e+04  1.977329e+03 -6.290454e-02  5.698291e-02 -4.075125e-02 
 3.425000e+04  1.988903e+03 -6.307925e-02  5.713723e-02 -4.087184e-02 
 3.430000e+04  2.000477e+03 -6.325421e-02  5.729163e-02 -4.099232e-02 
 3.435000e+04  2.012051e+03 -6.342936e-02  5.744601e-02 -4.111296e-02 
 3.440000e+04  2.023626e+03 -6.360387e-02  5.760015e-02 -4.123369e-02 
 3.445000e+04  2.035200e+03 -6.377678e-02  5.775363e-02 -4.135446e-02 
 3.450000e+04  2.046774e+03 -6.394950e-02  5.790666e-02 -4.147494e-02 
 3.455000e+04  2.058348e+03 -6.412224e-02  5.805990e-02 -4.159477e-02 
 3.460000e+04  2.069922e+03 -6.429508e-02  5.821313e-02 -4.171427e-02 
 3.465000e+04  2.081496e+03 -6.446763e-02  5.836588e-02 -4.183378e-02 
 3.470000e+04  2.093070e+03 -6.463993e-02  5.851896e-02 -4.195312e-02 
 3.475000e+04  2.104644e+03 -6.481195e-02  5.867235e-02 -4.207263e-02 
 3.480000e+04  2.116218e+03 -6.498366e-02  5.882576e-02 -4.219198e-02 
 3.485000e+04  2.127792e+03 -6.515469e-02  5.897890e-02 -4.231120e-02 
 3.490000e+04  2.139366e+03 -6.532493e-02  5.913181e-02 -4.243012e-02 
 3.495000e+04  2.150940e+03 -6.549404e-02  5.928450e-02 -4.254875e-02 
 3.500000e+04  2.162514e+03 -6.566319e-02  5.943702e-02 -4.266723e-02 
 3.505000e+04  2.174089e+03 -6.583265e-02  5.958942e-02 -4.278557e-02 
 3.510000e+04  2.185663e+03 -6.600260e-02  5.974157e-02 -4.290385e-02 
 3.515000e+04  2.197237e+03 -6.617283e-02  5.989345e-02 -4.302207e-02 
 3.520000e+04  2.208811e+03 -6.634254e-02  6.004501e-02 -4.314009e-02 
 3.525000e+04  2.220385e+03 -6.651202e-02  6.019613e-02 -4.325755e-02 
 3.530000e+04  2.231959e+03 -6.668140e-02  6.034672e-02 -4.337484e-02 
 3.535000e+04  2.243533e+03 -6.685047e-02  6.049665e-02 -4.349199e-02 
 3.540000e+04  2.255107e+03 -6.701939e-02  6.064536e-02 -4.360912e-02 
 3.545000e+04  2.266681e+03 -6.718818e-02  6.079416e-02 -4.372632e-02 
 3.550000e+04  2.278255e+03 -6.735718e-02  6.094325e-02 -4.384335e-02 
 3.555000e+04  2.289829e+03 -6.752620e-02  6.109230e-02 -4.396022e-02 
 3.560000e+04  2.301403e+03 -6.769536e-02  6.124044e-02 -4.407673e-02 
 3.565000e+04  2.312977e+03 -6.786424e-02  6.138862e-02 -4.419308e-02 
 3.570000e+04  2.324551e+03 -6.803227e-02  6.153713e-02 -4.430936e-02 
 3.575000e+04  2.336126e+03 -6.819961e-02  6.168591e-02 -4.442544e-02 
 3.580000e+04  2.347700e+03 -6.836651e-02  6.183496e-02 -4.454136e-02 
 3.585000e+04  2.359274e+03 -6.853340e-02  6.198401e-02 -4.465732e-02 
 3.590000e+04  2.370848e+03 -6.869994e-02  6.213320e-02 -4.477328e-02 
 3.595000e+04  2.382422e+03 -6.886588e-02  6.228248e-02 -4.488912e-02 
 3.600000e+04  2.393996e+03 -6.903075e-02  6.243157e-02 -4.500468e-02 
 3.605000e+04  2.405570e+03 -6.919475e-02  6.258035e-02 -4.512013e-02 
 3.610000e+04  2.417144e+03 -6.935900e-02  6.272899e-02 -4.523539e-02 
 3.615000e+04  2.428718e+03 -6.952359e-02  6.287734e-02 -4.535041e-02 
 3.620000e+04  2.440292e+03 -6.968833e-02  6.302556e-02 -4.546501e-02 
 3.625000e+04  2.451866e+03 -6.985313e-02  6.317338e-02 -4.557952e-02 
 3.630000e+04  2.463440e+03 -7.001781e-02  6.332112e-02 -4.569395e-02 
 3.635000e+04  2.475014e+03 -7.018221e-02  6.346857e-02 -4.580849e-02 
 3.640000e+04  2.486589e+03 -7.034673e-02  6.361577e-02 -4.592308e-02 
 3.645000e+04  2.498163e+03 -7.051126e-02  6.376267e-02 -4.603760e-02 
 3.650000e+04  2.509737e+03 -7.067580e-02  6.390919e-02 -4.615191e-02 
 3.655000e+04  2.521311e+03 -7.084053e-02  6.405547e-02 -4.626610e-02 
 3.660000e+04  2.532885e+03 -7.100538e-02  6.420163e-02 -4.638022e-02 
 3.665000e+04  2.544459e+03 -7.117009e-02  6.434759e-02 -4.649412e-02 
 3.670000e+04  2.556033e+03 -7.133446e-02  6.449332e-02 -4.660788e-02 
 3.675000e+04  2.567607e+03 -7.149852e-02  6.463896e-02 -4.672152e-02 
 3.680000e+04  2.579181e+03 -7.166226e-02  6.478461e-02 -4.683496e-02 
 3.685000e+04  2.590755e+03 -7.182533e-02  6.493026e-02 -4.694824e-02 
 3.690000e+04  2.602329e+03 -7.198781e-02  6.507576e-02 -4.706133e-02 
 3.695000e+04  2.613903e+03 -7.214973e-02  6.522129e-02 -4.717441e-02 
 3.700000e+04  2.625477e+03 -7.231169e-02  6.536698e-02 -4.728743e-02 
 3.705000e+04  2.637051e+03 -7.247355e-02  6.551280e-02 -4.740012e-02 
 3.710000e+04  2.648626e+03 -7.263519e-02  6.565864e-02 -4.751263e-02 
 3.715000e+04  2.660200e+03 -7.279616e-02  6.580319e-02 -4.762513e-02 
 3.720000e+04  2.671774e+03 -7.295674e-02  6.594670e-02 -4.773705e-02 
 3.725000e+04  2.683348e+03 -7.311743e-02  6.608976e-02 -4.784851e-02 
 3.730000e+04  2.694922e+03 -7.327792e-02  6.623326e-02 -4.796007e-02 
 3.735000e+04  2.706496e+03 -7.343730e-02  6.637749e-02 -4.807191e-02 
 3.740000e+04  2.718070e+03 -7.359653e-02  6.652182e-02 -4.818358e-02 
 3.745000e+04  2.729644e+03 -7.375623e-02  6.666616e-02 -4.829534e-02 
 3.750000e+04  2.741218e+03 -7.391653e-02  6.681037e-02 -4.840690e-02 
 3.755000e+04  2.752792e+03 -7.407712e-02  6.695415e-02 -4.851828e-02 
 3.760000e+04  2.764366e+03 -7.423754e-02  6.709786e-02 -4.862935e-02 
 3.765000e+04  2.775940e+03 -7.439769e-02  6.724133e-02 -4.874025e-02 
 3.770000e+04  2.787514e+03 -7.455746e-02  6.738439e-02 -4.885120e-02 
 3.775000e+04  2.799089e+03 -7.471695e-02  6.752690e-02 -4.896216e-02 
 3.780000e+04  2.810663e+03 -7.487648e-02  6.766920e-02 -4.907302e-02 
 3.785000e+04  2.822237e+03 -7.503604e-02  6.781156e-02 -4.918354e-02 
 3.790000e+04  2.833811e+03 -7.519523e-02  6.795406e-02 -4.929396e-02 
 3.795000e+04  2.845385e+03 -7.535403e-02  6.809665e-02 -4.940432e-02 
 3.800000e+04  2.856959e+03 -7.551282e-02  6.823856e-02 -4.951467e-02 
 3.805000e+04  2.868533e+03 -7.567068e-02  6.837959e-02 -4.962492e-02 
 3.810000e+04  2.880107e+03 -7.582847e-02  6.852054e-02 -4.973477e-02 
 3.815000e+04  2.891681e+03 -7.598634e-02  6.866165e-02 -4.984442e-02 
 3.820000e+04  2.903255e+03 -7.614423e-02  6.880305e-02 -4.995410e-02 
 3.825000e+04  2.914829e+03 -7.630221e-02  6.894473e-02 -5.006391e-02 
 3.830000e+04  2.926403e+03 -7.646007e-02  6.908667e-02 -5.017378e-02 
 3.835000e+04  2.937977e+03 -7.661761e-02  6.922856e-02 -5.028352e-02 
 3.840000e+04  2.949551e+03 -7.677478e-02  6.937020e-02 -5.039308e-02 
 3.845000e+04  2.961126e+03 -7.693174e-02  6.951126e-02 -5.050252e-02 
 3.850000e+04  2.972700e+03 -7.708851e-02  6.965101e-02 -5.061178e-02 
 3.855000e+04  2.984274e+03 -7.724517e-02  6.979051e-02 -5.072069e-02 
 3.860000e+04  2.995848e+03 -7.740188e-02  6.993018e-02 -5.082960e-02 
 3.865000e+04  3.007422e+03 -7.755877e-02  7.007015e-02 -5.093856e-02 
 3.870000e+04  3.018996e+03 -7.771572e-02  7.021034e-02 -5.104740e-02 
 3.875000e+04  3.030570e+03 -7.787250e-02  7.035058e-02 -5.115595e-02 
 3.880000e+04  3.042144e+03 -7.802892e-02  7.049076e-02 -5.126426e-02 
 3.885000e+04  3.053718e+03 -7.818505e-02  7.063062e-02 -5.137237e-02 
 3.890000e+04  3.065292e+03 -7.834064e-02  7.077027e-02 -5.148045e-02 
 3.895000e+04  3.076866e+03 -7.849541e-02  7.090996e-02 -5.158844e-02 
 3.900000e+04  3.088440e+03 -7.864939e-02  7.104959e-02 -5.169639e-02 
 3.905000e+04  3.100014e+03 -7.880361e-02  7.118912e-02 -5.180433e-02 
 3.910000e+04  3.111589e+03 -7.895806e-02  7.132848e-02 -5.191219e-02 
 3.915000e+04  3.123163e+03 -7.911262e-02  7.146750e-02 -5.201978e-02 
 3.920000e+04  3.134737e+03 -7.926694e-02  7.160670e-02 -5.212731e-02 
 3.925000e+04  3.146311e+03 -7.942096e-02  7.174623e-02 -5.223482e-02 
 3.930000e+04  3.157885e+03 -7.957463e-02  7.188575e-02 -5.234222e-02 
 3.935000e+04  3.169459e+03 -7.972742e-02  7.202494e-02 -5.244948e-02 
 3.940000e+04  3.181033e+03 -7.988037e-02  7.216366e-02 -5.255646e-02 
 3.945000e+04  3.192607e+03 -8.003382e-02  7.230203e-02 -5.266345e-02 
 3.950000e+04  3.204181e+03 -8.018766e-02  7.244029e-02 -5.277049e-02 
 3.955000e+04  3.215755e+03 -8.034164e-02  7.257837e-02 -5.287742e-02 
 3.960000e+04  3.227329e+03 -8.049548e-02  7.271565e-02 -5.298413e-02 
 3.965000e+04  3.238903e+03 -8.064899e-02  7.285220e-02 -5.309057e-02 
 3.970000e+04  3.250477e+03 -8.080201e-02  7.298863e-02 -5.319653e-02 
 3.975000e+04  3.262051e+03 -8.095454e-02  7.312531e-02 -5.330213e-02 
 3.980000e+04  3.273626e+03 -8.110693e-02  7.326252e-02 -5.340785e-02 
 3.985000e+04  3.285200e+03 -8.125902e-02  7.339997e-02 -5.351370e-02 
 3.990000e+04  3.296774e+03 -8.141069e-02  7.353752e-02 -5.361926e-02 
 3.995000e+04  3.308348e+03 -8.156176e-02  7.367496e-02 -5.372475e-02 
 4.000000e+04  3.319922e+03 -8.171224e-02  7.381229e-02 -5.383030e-02 
 4.005000e+04  3.331496e+03 -8.186221e-02  7.394982e-02 -5.393599e-02 
 4.010000e+04  3.343070e+03 -8.201207e-02  7.408754e-02 -5.404174e-02 
 4.015000e+04  3.354644e+03 -8.216216e-02  7.422523e-02 -5.414764e-02 
 4.020000e+04  3.366218e+03 -8.231239e-02  7.436199e-02 -5.425356e-02 
 4.025000e+04  3.377792e+03 -8.246263e-02  7.449763e-02 -5.435899e-02 
 4.030000e+04  3.389366e+03 -8.261300e-02  7.463298e-02 -5.446398e-02 
 4.035000e+04  3.400940e+03 -8.276350e-02  7.476859e-02 -5.456871e-02 
 4.040000e+04  3.412514e+03 -8.291436e-02  7.490435e-02 -5.467335e-02 
 4.045000e+04  3.424089e+03 -8.306569e-02  7.504014e-02 -5.477818e-02 
 4.050000e+04  3.435663e+03 -8.321749e-02  7.517560e-02 -5.488318e-02 
 4.055000e+04  3.447237e+03 -8.336947e-02  7.531048e-02 -5.498818e-02 
 4.060000e+04  3.458811e+03 -8.352128e-02  7.544496e-02 -5.509311e-02 
 4.065000e+04  3.470385e+03 -8.367294e-02  7.557866e-02 -5.519805e-02 
 4.070000e+04  3.481959e+03 -8.382456e-02  7.571183e-02 -5.530276e-02 
 4.075000e+04  3.493533e+03 -8.397609e-02  7.584516e-02 -5.540728e-02 
 4.080000e+04  3.505107e+03 -8.412754e-02  7.597884e-02 -5.551173e-02 
 4.085000e+04  3.516681e+03 -8.427857e-02  7.611305e-02 -5.561603e-02 
 4.090000e+04  3.528255e+03 -8.442905e-02  7.624777e-02 -5.572019e-02 
 4.095000e+04  3.539829e+03 -8.457893e-02  7.638285e-02 -5.582431e-02 
 4.100000e+04  3.551403e+03 -8.472827e-02  7.651817e-02 -5.592836e-02 
 4.105000e+04  3.562977e+03 -8.487694e-02  7.665352e-02 -5.603236e-02 
 4.110000e+04  3.574551e+03 -8.502511e-02  7.678882e-02 -5.613622e-02 
 4.115000e+04  3.586126e+03 -8.517276e-02  7.692414e-02 -5.624004e-02 
 4.120000e+04  3.597700e+03 -8.532010e-02  7.705936e-02 -5.634372e-02 
 4.125000e+04  3.609274e+03 -8.546727e-02  7.719434e-02 -5.644722e-02 
 4.130000e+04  3.620848e+03 -8.561479e-02  7.732933e-02 -5.655073e-02 
 4.135000e+04  3.632422e+03 -8.576245e-02  7.746424e-02 -5.665426e-02 
 4.140000e+04  3.643996e+03 -8.590991e-02  7.759876e-02 -5.675735e-02 
 4.145000e+04  3.655570e+03 -8.605724e-02  7.773299e-02 -5.686032e-02 
 4.150000e+04  3.667144e+03 -8.620467e-02  7.786681e-02 -5.696328e-02 
 4.155000e+04  3.678718e+03 -8.635236e-02  7.799957e-02 -5.706611e-02 
 4.160000e+04  3.690292e+03 -8.650032e-02  7.813199e-02 -5.716888e-02 
 4.165000e+04  3.701866e+03 -8.664858e-02  7.826444e-02 -5.727165e-02 
 4.170000e+04  3.713440e+03 -8.679704e-02  7.839698e-02 -5.737443e-02 
 4.175000e+04  3.725014e+03 -8.694575e-02  7.852933e-02 -5.747722e-02 
 4.180000e+04  3.736589e+03 -8.709451e-02  7.866155e-02 -5.757989e-02 
 4.185000e+04  3.748163e+03 -8.724312e-02  7.879369e-02 -5.768243e-02 
 4.190000e+04  3.759737e+03 -8.739136e-02  7.892583e-02 -5.778491e-02 
 4.195000e+04  3.771311e+03 -8.753921e-02  7.905807e-02 -5.788735e-02 
 4.200000e+04  3.782885e+03 -8.768674e-02  7.919043e-02 -5.798972e-02 
 4.205000e+04  3.794459e+03 -8.783394e-02  7.932288e-02 -5.809196e-02 
 4.210000e+04  3.806033e+03 -8.798084e-02  7.945525e-02 -5.819412e-02 
 4.215000e+04  3.817607e+03 -8.812734e-02  7.958763e-02 -5.829622e-02 
 4.220000e+04  3.829181e+03 -8.827350e-02  7.972006e-02 -5.839823e-02 
 4.225000e+04  3.840755e+03 -8.841924e-02  7.985257e-02 -5.850012e-02 
 4.230000e+04  3.852329e+03 -8.856476e-02  7.998452e-02 -5.860188e-02 
 4.235000e+04  3.863903e+03 -8.871004e-02  8.011633e-02 -5.870361e-02 
 4.240000e+04  3.875477e+03 -8.885511e-02  8.024832e-02 -5.880520e-02 
 4.245000e+04  3.887051e+03 -8.900008e-02  8.038051e-02 -5.890661e-02 
 4.250000e+04  3.898626e+03 -8.914530e-02  8.051233e-02 -5.900795e-02 
 4.255000e+04  3.910200e+03 -8.929074e-02  8.064323e-02 -5.910927e-02 
 4.260000e+04  3.921774e+03 -8.943623e-02  8.077390e-02 -5.921046e-02 
 4.265000e+04  3.933348e+03 -8.958153e-02  8.090472e-02 -5.931151e-02 
 4.270000e+04  3.944922e+03 -8.972695e-02  8.103565e-02 -5.941249e-02 
 4.275000e+04  3.956496e+03 -8.987259e-02  8.116662e-02 -5.951350e-02 
 4.280000e+04  3.968070e+03 -9.001839e-02  8.129737e-02 -5.961451e-02 
 4.285000e+04  3.979644e+03 -9.016411e-02  8.142782e-02 -5.971549e-02 
 4.290000e+04  3.991218e+03 -9.030960e-02  8.155809e-02 -5.981643e-02 
 4.295000e+04  4.002792e+03 -9.045510e-02  8.168833e-02 -5.991727e-02 
 4.300000e+04  4.014366e+03 -9.060063e-02  8.181848e-02 -6.001806e-02 
 4.305000e+04  4.025940e+03 -9.074594e-02  8.194846e-02 -6.011883e-02 
 4.310000e+04  4.037514e+03 -9.089054e-02  8.207835e-02 -6.021959e-02 
 4.315000e+04  4.049089e+03 -9.103486e-02  8.220832e-02 -6.032025e-02 
 4.320000e+04  4.060663e+03 -9.117914e-02  8.233839e-02 -6.042068e-02 
 4.325000e+04  4.072237e+03 -9.132334e-02  8.246862e-02 -6.052094e-02 
 4.330000e+04  4.083811e+03 -9.146739e-02  8.259902e-02 -6.062127e-02 
 4.335000e+04  4.095385e+03 -9.161141e-02  8.272943e-02 -6.072186e-02 
 4.340000e+04  4.106959e+03 -9.175555e-02  8.285967e-02 -6.082253e-02 
 4.345000e+04  4.118533e+03 -9.189982e-02  8.298962e-02 -6.092306e-02 
 4.350000e+04  4.130107e+03 -9.204410e-02  8.311877e-02 -6.102339e-02 
 4.355000e+04  4.141681e+03 -9.218830e-02  8.324802e-02 -6.112354e-02 
 4.360000e+04  4.153255e+03 -9.233243e-02  8.337744e-02 -6.122353e-02 
 4.365000e+04  4.164829e+03 -9.247647e-02  8.350695e-02 -6.132334e-02 
 4.370000e+04  4.176403e+03 -9.262049e-02  8.363650e-02 -6.142309e-02 
 4.375000e+04  4.187977e+03 -9.276458e-02  8.376599e-02 -6.152298e-02 
 4.380000e+04  4.199551e+03 -9.290846e-02  8.389537e-02 -6.162286e-02 
 4.385000e+04  4.211126e+03 -9.305175e-02  8.402453e-02 -6.172246e-02 
 4.390000e+04  4.222700e+03 -9.319463e-02  8.415351e-02 -6.182197e-02 
 4.395000e+04  4.234274e+03 -9.333754e-02  8.428244e-02 -6.192165e-02 
 4.400000e+04  4.245848e+03 -9.348073e-02  8.441128e-02 -6.202129e-02 
 4.405000e+04  4.257422e+03 -9.362405e-02  8.454015e-02 -6.212083e-02 
 4.410000e+04  4.268996e+03 -9.376730e-02  8.466924e-02 -6.222023e-02 
 4.415000e+04  4.280570e+03 -9.391031e-02  8.479852e-02 -6.231946e-02 
 4.420000e+04  4.292144e+03 -9.405294e-02  8.492771e-02 -6.241851e-02 
 4.425000e+04  4.303718e+03 -9.419526e-02  8.505675e-02 -6.251734e-02 
 4.430000e+04  4.315292e+03 -9.433737e-02  8.518560e-02 -6.261614e-02 
 4.435000e+04  4.326866e+03 -9.447937e-02  8.531440e-02 -6.271500e-02 
 4.440000e+04  4.338440e+03 -9.462118e-02  8.544310e-02 -6.281394e-02 
 4.445000e+04  4.350014e+03 -9.476300e-02  8.557174e-02 -6.291295e-02 
 4.450000e+04  4.361589e+03 -9.490485e-02  8.570027e-02 -6.301200e-02 
 4.455000e+04  4.373163e+03 -9.504668e-02  8.582860e-02 -6.311108e-02 
 4.460000e+04  4.384737e+03 -9.518863e-02  8.595686e-02 -6.320996e-02 
 4.465000e+04  4.396311e+03 -9.533068e-02  8.608502e-02 -6.330879e-02 
 4.470000e+04  4.407885e+03 -9.547289e-02  8.621317e-02 -6.340750e-02 
 4.475000e+04  4.419459e+03 -9.561509e-02  8.634113e-02 -6.350613e-02 
 4.480000e+04  4.431033e+03 -9.575749e-02  8.646890e-02 -6.360470e-02 
 4.485000e+04  4.442607e+03 -9.590008e-02  8.659643e-02 -6.370326e-02 
 4.490000e+04  4.454181e+03 -9.604276e-02  8.672370e-02 -6.380181e-02 
 4.495000e+04  4.465755e+03 -9.618551e-02  8.685075e-02 -6.390032e-02 
 4.500000e+04  4.477329e+03 -9.632813e-02  8.697761e-02 -6.399869e-02 
 4.505000e+04  4.488903e+03 -9.647070e-02  8.710436e-02 -6.409700e-02 
 4.510000e+04  4.500477e+03 -9.661320e-02  8.723102e-02 -6.419534e-02 
 4.515000e+04  4.512051e+03 -9.675548e-02  8.735781e-02 -6.429363e-02 
 4.520000e+04  4.523626e+03 -9.689754e-02  8.748470e-02 -6.439186e-02 
 4.525000e+04  4.535200e+03 -9.703937e-02  8.761177e-02 -6.449004e-02 
 4.530000e+04  4.546774e+03 -9.718090e-02  8.773895e-02 -6.458815e-02 
 4.535000e+04  4.558348e+03 -9.732203e-02  8.786618e-02 -6.468621e-02 
 4.540000e+04  4.569922e+03 -9.746295e-02  8.799350e-02 -6.478424e-02 
 4.545000e+04  4.581496e+03 -9.760377e-02  8.812081e-02 -6.488224e-02 
 4.550000e+04  4.593070e+03 -9.774446e-02  8.824809e-02 -6.498012e-02 
 4.555000e+04  4.604644e+03 -9.788462e-02  8.837534e-02 -6.507794e-02 
 4.560000e+04  4.616218e+03 -9.802429e-02  8.850259e-02 -6.517570e-02 
 4.565000e+04  4.627792e+03 -9.816414e-02  8.862976e-02 -6.527325e-02 
 4.570000e+04  4.639366e+03 -9.830420e-02  8.875683e-02 -6.537073e-02 
 4.575000e+04  4.650940e+03 -9.844450e-02  8.888385e-02 -6.546806e-02 
 4.580000e+04  4.662514e+03 -9.858465e-02  8.901071e-02 -6.556540e-02 
 4.585000e+04  4.674089e+03 -9.872493e-02  8.913744e-02 -6.566277e-02 
 4.590000e+04  4.685663e+03 -9.886540e-02  8.926367e-02 -6.576015e-02 
 4.595000e+04  4.697237e+03 -9.900598e-02  8.938952e-02 -6.585737e-02 
 4.600000e+04  4.708811e+03 -9.914661e-02  8.951519e-02 -6.595463e-02 
 4.605000e+04  4.720385e+03 -9.928732e-02  8.964010e-02 -6.605185e-02 
 4.610000e+04  4.731959e+03 -9.942795e-02  8.976492e-02 -6.614896e-02 
 4.615000e+04  4.743533e+03 -9.956861e-02  8.988988e-02 -6.624585e-02 
 4.620000e+04  4.755107e+03 -9.970919e-02  9.001515e-02 -6.634277e-02 
 4.625000e+04  4.766681e+03 -9.984987e-02  9.014064e-02 -6.643972e-02 
 4.630000e+04  4.778255e+03 -9.999042e-02  9.026615e-02 -6.653665e-02 
 4.635000e+04  4.789829e+03 -1.001307e-01  9.039166e-02 -6.663347e-02 
 4.640000e+04  4.801403e+03 -1.002706e-01  9.051718e-02 -6.673019e-02 
 4.645000e+04  4.812977e+03 -1.004099e-01  9.064272e-02 -6.682689e-02 
 4.650000e+04  4.824551e+03 -1.005491e-01  9.076839e-02 -6.692358e-02 
 4.655000e+04  4.836126e+03 -1.006882e-01  9.089420e-02 -6.702035e-02 
 4.660000e+04  4.847700e+03 -1.008271e-01  9.102012e-02 -6.711703e-02 
 4.665000e+04  4.859274e+03 -1.009658e-01  9.114606e-02 -6.721359e-02 
 4.670000e+04  4.870848e+03 -1.011043e-01  9.127172e-02 -6.731002e-02 
 4.675000e+04  4.882422e+03 -1.012428e-01  9.139614e-02 -6.740641e-02 
 4.680000e+04  4.893996e+03 -1.013811e-01  9.152010e-02 -6.750253e-02 
 4.685000e+04  4.905570e+03 -1.015195e-01  9.164416e-02 -6.759863e-02 
 4.690000e+04  4.917144e+03 -1.016581e-01  9.176806e-02 -6.769484e-02 
 4.695000e+04  4.928718e+03 -1.017970e-01  9.189208e-02 -6.779088e-02 
 4.700000e+04  4.940292e+03 -1.019360e-01  9.201629e-02 -6.788689e-02 
 4.705000e+04  4.951866e+03 -1.020750e-01  9.214058e-02 -6.798276e-02 
 4.710000e+04  4.963440e+03 -1.022137e-01  9.226490e-02 -6.807856e-02 
 4.715000e+04  4.975014e+03 -1.023523e-01  9.238923e-02 -6.817424e-02 
 4.720000e+04  4.986589e+03 -1.024908e-01  9.251343e-02 -6.827010e-02 
 4.725000e+04  4.998163e+03 -1.026290e-01  9.263743e-02 -6.836598e-02 
 4.730000e+04  5.009737e+03 -1.027671e-01  9.276126e-02 -6.846182e-02 
 4.735000e+04  5.021311e+03 -1.029053e-01  9.288517e-02 -6.855773e-02 
 4.740000e+04  5.032885e+03 -1.030433e-01  9.300936e-02 -6.865365e-02 
 4.745000e+04  5.044459e+03 -1.031812e-01  9.313361e-02 -6.874935e-02 
 4.750000e+04  5.056033e+03 -1.033188e-01  9.325801e-02 -6.884491e-02 
 4.755000e+04  5.067607e+03 -1.034564e-01  9.338251e-02 -6.894042e-02 
 4.760000e+04  5.079181e+03 -1.035938e-01  9.350698e-02 -6.903587e-02 
 4.765000e+04  5.090755e+03 -1.037312e-01  9.363140e-02 -6.913129e-02 
 4.770000e+04  5.102329e+03 -1.038685e-01  9.375560e-02 -6.922674e-02 
 4.775000e+04  5.113903e+03 -1.040060e-01  9.387955e-02 -6.932223e-02 
 4.780000e+04  5.125477e+03 -1.041434e-01  9.400323e-02 -6.941762e-02 
 4.785000e+04  5.137051e+03 -1.042809e-01  9.412677e-02 -6.951290e-02 
 4.790000e+04  5.148626e+03 -1.044184e-01  9.425028e-02 -6.960810e-02 
 4.795000e+04  5.160200e+03 -1.045559e-01  9.437380e-02 -6.970322e-02 
 4.800000e+04  5.171774e+03 -1.046934e-01  9.449732e-02 -6.979827e-02 
 4.805000e+04  5.183348e+03 -1.048308e-01  9.462085e-02 -6.989329e-02 
 4.810000e+04  5.194922e+03 -1.049682e-01  9.474434e-02 -6.998827e-02 
 4.815000e+04  5.206496e+03 -1.051055e-01  9.486773e-02 -7.008324e-02 
 4.820000e+04  5.218070e+03 -1.052426e-01  9.499096e-02 -7.017821e-02 
 4.825000e+04  5.229644e+03 -1.053797e-01  9.511410e-02 -7.027314e-02 
 4.830000e+04  5.241218e+03 -1.055167e-01  9.523721e-02 -7.036800e-02 
 4.835000e+04  5.252792e+03 -1.056535e-01  9.536036e-02 -7.046278e-02 
 4.840000e+04  5.264366e+03 -1.057902e-01  9.548357e-02 -7.055748e-02 
 4.845000e+04  5.275940e+03 -1.059266e-01  9.560689e-02 -7.065212e-02 
 4.850000e+04  5.287514e+03 -1.060620e-01  9.573027e-02 -7.074672e-02 
