         Step [creep.tim... Z Displace... Z Displace... X Displace... 
------------- ------------- ------------- ------------- ------------- 
 5.250000e+03  1.276223e-07 -4.629353e-03  4.524540e-03 -2.433365e-03 
 5.300000e+03  3.886505e-06 -4.629535e-03  4.524621e-03 -2.433546e-03 
 5.350000e+03  3.396559e-05 -4.630221e-03  4.524705e-03 -2.433932e-03 
 5.400000e+03  2.286925e-04 -4.630353e-03  4.524806e-03 -2.433978e-03 
 5.450000e+03  9.882516e-04 -4.630839e-03  4.525457e-03 -2.434727e-03 
 5.500000e+03  2.532021e-03 -4.632930e-03  4.527373e-03 -2.436768e-03 
 5.550000e+03  5.478723e-03 -4.637741e-03  4.531938e-03 -2.441173e-03 
 5.600000e+03  8.736806e-03 -4.643561e-03  4.538266e-03 -2.446107e-03 
 5.650000e+03  1.232462e-02 -4.650810e-03  4.546650e-03 -2.451988e-03 
 5.700000e+03  1.704122e-02 -4.661026e-03  4.558775e-03 -2.459624e-03 
 5.750000e+03  2.229775e-02 -4.671545e-03  4.570714e-03 -2.467153e-03 
 5.800000e+03  2.760482e-02 -4.680554e-03  4.580075e-03 -2.473732e-03 
 5.850000e+03  3.291190e-02 -4.688919e-03  4.588674e-03 -2.480444e-03 
 5.900000e+03  3.821897e-02 -4.697650e-03  4.597811e-03 -2.487753e-03 
 5.950000e+03  4.352605e-02 -4.706947e-03  4.607715e-03 -2.495847e-03 
 6.000000e+03  4.888646e-02 -4.716897e-03  4.617935e-03 -2.504661e-03 
 6.050000e+03  5.537380e-02 -4.729669e-03  4.630221e-03 -2.514854e-03 
 6.100000e+03  6.214712e-02 -4.742434e-03  4.642324e-03 -2.523913e-03 
 6.150000e+03  6.892044e-02 -4.754054e-03  4.653290e-03 -2.531466e-03 
 6.200000e+03  7.569376e-02 -4.765038e-03  4.664105e-03 -2.538787e-03 
 6.250000e+03  8.246708e-02 -4.776367e-03  4.675635e-03 -2.546745e-03 
 6.300000e+03  8.924040e-02 -4.788344e-03  4.687893e-03 -2.555735e-03 
 6.350000e+03  9.629321e-02 -4.800598e-03  4.700694e-03 -2.565973e-03 
 6.400000e+03  1.049415e-01 -4.814728e-03  4.715219e-03 -2.578424e-03 
 6.450000e+03  1.143633e-01 -4.829232e-03  4.729580e-03 -2.590545e-03 
 6.500000e+03  1.238940e-01 -4.843165e-03  4.743266e-03 -2.601137e-03 
 6.550000e+03  1.334248e-01 -4.857257e-03  4.757104e-03 -2.610977e-03 
 6.600000e+03  1.429555e-01 -4.871819e-03  4.771895e-03 -2.621056e-03 
 6.650000e+03  1.524863e-01 -4.886913e-03  4.787846e-03 -2.631989e-03 
 6.700000e+03  1.620170e-01 -4.901846e-03  4.804510e-03 -2.643561e-03 
 6.750000e+03  1.718961e-01 -4.916254e-03  4.820516e-03 -2.655381e-03 
 6.800000e+03  1.829785e-01 -4.931237e-03  4.836203e-03 -2.667881e-03 
 6.850000e+03  1.945632e-01 -4.946285e-03  4.851524e-03 -2.680299e-03 
 6.900000e+03  2.061479e-01 -4.961227e-03  4.866647e-03 -2.692138e-03 
 6.950000e+03  2.177325e-01 -4.976567e-03  4.882407e-03 -2.703823e-03 
 7.000000e+03  2.293172e-01 -4.992802e-03  4.899085e-03 -2.715760e-03 
 7.050000e+03  2.409019e-01 -5.009883e-03  4.916242e-03 -2.727702e-03 
 7.100000e+03  2.526140e-01 -5.026562e-03  4.932727e-03 -2.739299e-03 
 7.150000e+03  2.652158e-01 -5.042743e-03  4.949099e-03 -2.751256e-03 
 7.200000e+03  2.784222e-01 -5.058681e-03  4.965626e-03 -2.763779e-03 
 7.250000e+03  2.918329e-01 -5.074504e-03  4.981985e-03 -2.776520e-03 
 7.300000e+03  3.052436e-01 -5.090476e-03  4.998263e-03 -2.789261e-03 
 7.350000e+03  3.189675e-01 -5.107516e-03  5.015245e-03 -2.802392e-03 
 7.400000e+03  3.339893e-01 -5.126809e-03  5.034187e-03 -2.816460e-03 
 7.450000e+03  3.495139e-01 -5.146242e-03  5.052985e-03 -2.830036e-03 
 7.500000e+03  3.650385e-01 -5.164322e-03  5.070873e-03 -2.842778e-03 
 7.550000e+03  3.805631e-01 -5.181818e-03  5.088532e-03 -2.855508e-03 
 7.600000e+03  3.960876e-01 -5.199088e-03  5.106295e-03 -2.868471e-03 
 7.650000e+03  4.116122e-01 -5.215943e-03  5.124082e-03 -2.881653e-03 
 7.700000e+03  4.281415e-01 -5.233854e-03  5.142965e-03 -2.895938e-03 
 7.750000e+03  4.469578e-01 -5.254245e-03  5.164203e-03 -2.911958e-03 
 7.800000e+03  4.658280e-01 -5.274215e-03  5.184314e-03 -2.926921e-03 
 7.850000e+03  4.846982e-01 -5.293723e-03  5.203521e-03 -2.940992e-03 
 7.900000e+03  5.035684e-01 -5.313170e-03  5.222707e-03 -2.954840e-03 
 7.950000e+03  5.224386e-01 -5.332639e-03  5.242192e-03 -2.968671e-03 
 8.000000e+03  5.413089e-01 -5.351771e-03  5.261782e-03 -2.982641e-03 
 8.050000e+03  5.602357e-01 -5.370559e-03  5.281112e-03 -2.996898e-03 
 8.100000e+03  5.806835e-01 -5.390245e-03  5.301469e-03 -3.012296e-03 
 8.150000e+03  6.014879e-01 -5.409455e-03  5.321448e-03 -3.027397e-03 
 8.200000e+03  6.222923e-01 -5.428338e-03  5.340783e-03 -3.041730e-03 
 8.250000e+03  6.430967e-01 -5.447484e-03  5.360027e-03 -3.055646e-03 
 8.300000e+03  6.639011e-01 -5.467109e-03  5.379381e-03 -3.069405e-03 
 8.350000e+03  6.847056e-01 -5.486920e-03  5.398535e-03 -3.083101e-03 
 8.400000e+03  7.067541e-01 -5.507419e-03  5.418402e-03 -3.097674e-03 
 8.450000e+03  7.301497e-01 -5.528109e-03  5.438968e-03 -3.113008e-03 
 8.500000e+03  7.542334e-01 -5.548370e-03  5.459695e-03 -3.128501e-03 
 8.550000e+03  7.783171e-01 -5.568194e-03  5.480038e-03 -3.143721e-03 
 8.600000e+03  8.026898e-01 -5.588300e-03  5.500501e-03 -3.158835e-03 
 8.650000e+03  8.283318e-01 -5.609654e-03  5.522208e-03 -3.174498e-03 
 8.700000e+03  8.548841e-01 -5.631821e-03  5.544765e-03 -3.190463e-03 
 8.750000e+03  8.820205e-01 -5.654075e-03  5.567189e-03 -3.206388e-03 
 8.800000e+03  9.108762e-01 -5.677321e-03  5.590080e-03 -3.222845e-03 
 8.850000e+03  9.401501e-01 -5.700449e-03  5.612671e-03 -3.239363e-03 
 8.900000e+03  9.694240e-01 -5.722883e-03  5.634912e-03 -3.255797e-03 
 8.950000e+03  9.986979e-01 -5.744526e-03  5.656964e-03 -3.272165e-03 
 9.000000e+03  1.027972e+00 -5.765979e-03  5.679175e-03 -3.288567e-03 
 9.050000e+03  1.058475e+00 -5.788300e-03  5.702419e-03 -3.305539e-03 
 9.100000e+03  1.089643e+00 -5.810891e-03  5.725728e-03 -3.322086e-03 
 9.150000e+03  1.122757e+00 -5.834801e-03  5.749913e-03 -3.338869e-03 
 9.200000e+03  1.156645e+00 -5.859259e-03  5.774135e-03 -3.355791e-03 
 9.250000e+03  1.190533e+00 -5.883330e-03  5.797712e-03 -3.372664e-03 
 9.300000e+03  1.224421e+00 -5.906709e-03  5.820617e-03 -3.389554e-03 
 9.350000e+03  1.258310e+00 -5.929631e-03  5.843291e-03 -3.406572e-03 
 9.400000e+03  1.292198e+00 -5.952156e-03  5.865888e-03 -3.423576e-03 
 9.450000e+03  1.326086e+00 -5.974156e-03  5.888245e-03 -3.440070e-03 
 9.500000e+03  1.362601e+00 -5.997621e-03  5.912170e-03 -3.457220e-03 
 9.550000e+03  1.401158e+00 -6.022459e-03  5.937437e-03 -3.474859e-03 
 9.600000e+03  1.440388e+00 -6.047748e-03  5.962868e-03 -3.492432e-03 
 9.650000e+03  1.479618e+00 -6.072661e-03  5.987661e-03 -3.509800e-03 
 9.700000e+03  1.518847e+00 -6.097277e-03  6.011844e-03 -3.527233e-03 
 9.750000e+03  1.559803e+00 -6.122582e-03  6.036441e-03 -3.545358e-03 
 9.800000e+03  1.600995e+00 -6.147126e-03  6.060580e-03 -3.563360e-03 
 9.850000e+03  1.642186e+00 -6.171058e-03  6.084374e-03 -3.581148e-03 
 9.900000e+03  1.683377e+00 -6.194704e-03  6.108269e-03 -3.598715e-03 
 9.950000e+03  1.726381e+00 -6.219396e-03  6.133525e-03 -3.616640e-03 
 1.000000e+04  1.769632e+00 -6.244138e-03  6.158957e-03 -3.634118e-03 
 1.005000e+04  1.816226e+00 -6.270694e-03  6.186008e-03 -3.652497e-03 
 1.010000e+04  1.863910e+00 -6.297763e-03  6.212836e-03 -3.671108e-03 
 1.015000e+04  1.911594e+00 -6.324249e-03  6.238606e-03 -3.689667e-03 
 1.020000e+04  1.959278e+00 -6.349820e-03  6.263578e-03 -3.708264e-03 
 1.025000e+04  2.006963e+00 -6.374881e-03  6.288265e-03 -3.726794e-03 
 1.030000e+04  2.054647e+00 -6.399751e-03  6.313044e-03 -3.745152e-03 
 1.035000e+04  2.102474e+00 -6.424659e-03  6.337947e-03 -3.763178e-03 
 1.040000e+04  2.153894e+00 -6.451225e-03  6.364657e-03 -3.781906e-03 
 1.045000e+04  2.209094e+00 -6.479511e-03  6.393354e-03 -3.801459e-03 
 1.050000e+04  2.264295e+00 -6.507472e-03  6.421632e-03 -3.820751e-03 
 1.055000e+04  2.319495e+00 -6.534954e-03  6.449043e-03 -3.839907e-03 
 1.060000e+04  2.376793e+00 -6.563148e-03  6.476607e-03 -3.859765e-03 
 1.065000e+04  2.434753e+00 -6.591258e-03  6.503896e-03 -3.879893e-03 
 1.070000e+04  2.492713e+00 -6.618684e-03  6.530787e-03 -3.899932e-03 
 1.075000e+04  2.550674e+00 -6.645480e-03  6.557446e-03 -3.919571e-03 
 1.080000e+04  2.608808e+00 -6.672248e-03  6.584218e-03 -3.938751e-03 
 1.085000e+04  2.669666e+00 -6.700313e-03  6.612488e-03 -3.958352e-03 
 1.090000e+04  2.730525e+00 -6.728159e-03  6.640688e-03 -3.977503e-03 
 1.095000e+04  2.795004e+00 -6.757288e-03  6.670148e-03 -3.997481e-03 
 1.100000e+04  2.862100e+00 -6.787278e-03  6.700054e-03 -4.018300e-03 
 1.105000e+04  2.929197e+00 -6.816770e-03  6.728855e-03 -4.039150e-03 
 1.110000e+04  2.996696e+00 -6.845696e-03  6.756907e-03 -4.060008e-03 
 1.115000e+04  3.067147e+00 -6.875410e-03  6.785907e-03 -4.081526e-03 
 1.120000e+04  3.137598e+00 -6.904992e-03  6.815016e-03 -4.102647e-03 
 1.125000e+04  3.208049e+00 -6.934379e-03  6.844196e-03 -4.123228e-03 
 1.130000e+04  3.278782e+00 -6.963667e-03  6.873439e-03 -4.143367e-03 
 1.135000e+04  3.353052e+00 -6.994164e-03  6.904137e-03 -4.164205e-03 
 1.140000e+04  3.430724e+00 -7.025543e-03  6.935844e-03 -4.185868e-03 
 1.145000e+04  3.508396e+00 -7.056227e-03  6.966603e-03 -4.207359e-03 
 1.150000e+04  3.588244e+00 -7.087260e-03  6.997232e-03 -4.229429e-03 
 1.155000e+04  3.669800e+00 -7.118792e-03  7.027885e-03 -4.251904e-03 
 1.160000e+04  3.751356e+00 -7.149909e-03  7.058126e-03 -4.274089e-03 
 1.165000e+04  3.832912e+00 -7.180541e-03  7.088206e-03 -4.295787e-03 
 1.170000e+04  3.914468e+00 -7.210998e-03  7.118371e-03 -4.316985e-03 
 1.175000e+04  3.996024e+00 -7.241339e-03  7.148669e-03 -4.337755e-03 
 1.180000e+04  4.078232e+00 -7.271559e-03  7.179056e-03 -4.358371e-03 
 1.185000e+04  4.166521e+00 -7.303523e-03  7.211191e-03 -4.380358e-03 
 1.190000e+04  4.260752e+00 -7.337090e-03  7.244813e-03 -4.403823e-03 
 1.195000e+04  4.355163e+00 -7.370233e-03  7.277505e-03 -4.427296e-03 
 1.200000e+04  4.449952e+00 -7.403017e-03  7.309439e-03 -4.450634e-03 
 1.205000e+04  4.549084e+00 -7.437088e-03  7.342415e-03 -4.474639e-03 
 1.210000e+04  4.648216e+00 -7.471123e-03  7.375291e-03 -4.498160e-03 
 1.215000e+04  4.747348e+00 -7.504696e-03  7.408172e-03 -4.521128e-03 
 1.220000e+04  4.846479e+00 -7.537834e-03  7.440980e-03 -4.543742e-03 
 1.225000e+04  4.947891e+00 -7.571246e-03  7.474438e-03 -4.566711e-03 
 1.230000e+04  5.051980e+00 -7.604998e-03  7.508477e-03 -4.590169e-03 
 1.235000e+04  5.156693e+00 -7.638429e-03  7.541895e-03 -4.613550e-03 
 1.240000e+04  5.267953e+00 -7.673508e-03  7.576615e-03 -4.638190e-03 
 1.245000e+04  5.382710e+00 -7.709504e-03  7.611725e-03 -4.663413e-03 
 1.250000e+04  5.497468e+00 -7.745135e-03  7.646284e-03 -4.688257e-03 
 1.255000e+04  5.612225e+00 -7.780360e-03  7.680573e-03 -4.712611e-03 
 1.260000e+04  5.726983e+00 -7.815394e-03  7.714785e-03 -4.736525e-03 
 1.265000e+04  5.841740e+00 -7.850034e-03  7.749004e-03 -4.760145e-03 
 1.270000e+04  5.956498e+00 -7.884082e-03  7.782991e-03 -4.783553e-03 
 1.275000e+04  6.074968e+00 -7.918635e-03  7.817605e-03 -4.807545e-03 
 1.280000e+04  6.201488e+00 -7.955146e-03  7.854044e-03 -4.833018e-03 
 1.285000e+04  6.328008e+00 -7.991353e-03  7.889735e-03 -4.858309e-03 
 1.290000e+04  6.455667e+00 -8.027489e-03  7.925006e-03 -4.883480e-03 
 1.295000e+04  6.588513e+00 -8.064910e-03  7.961197e-03 -4.909246e-03 
 1.300000e+04  6.721359e+00 -8.102245e-03  7.997167e-03 -4.934609e-03 
 1.305000e+04  6.854205e+00 -8.139140e-03  8.032839e-03 -4.959578e-03 
 1.310000e+04  6.987051e+00 -8.175355e-03  8.068209e-03 -4.984283e-03 
 1.315000e+04  7.123750e+00 -8.212012e-03  8.104485e-03 -5.009600e-03 
 1.320000e+04  7.263238e+00 -8.248928e-03  8.141330e-03 -5.035275e-03 
 1.325000e+04  7.404261e+00 -8.285795e-03  8.178017e-03 -5.060891e-03 
 1.330000e+04  7.555997e+00 -8.325187e-03  8.216826e-03 -5.088074e-03 
 1.335000e+04  7.709783e+00 -8.364920e-03  8.255557e-03 -5.115363e-03 
 1.340000e+04  7.863569e+00 -8.404216e-03  8.293734e-03 -5.142282e-03 
 1.345000e+04  8.017355e+00 -8.443066e-03  8.331318e-03 -5.168806e-03 
 1.350000e+04  8.171141e+00 -8.481560e-03  8.368617e-03 -5.195035e-03 
 1.355000e+04  8.324927e+00 -8.519624e-03  8.405803e-03 -5.221082e-03 
 1.360000e+04  8.478713e+00 -8.557026e-03  8.442772e-03 -5.246861e-03 
 1.365000e+04  8.639827e+00 -8.595603e-03  8.481091e-03 -5.273600e-03 
 1.370000e+04  8.809376e+00 -8.635934e-03  8.521145e-03 -5.301491e-03 
 1.375000e+04  8.978925e+00 -8.675978e-03  8.560653e-03 -5.329067e-03 
 1.380000e+04  9.150508e+00 -8.716205e-03  8.599858e-03 -5.356528e-03 
 1.385000e+04  9.328535e+00 -8.757690e-03  8.639914e-03 -5.384661e-03 
 1.390000e+04  9.506562e+00 -8.798930e-03  8.679550e-03 -5.412526e-03 
 1.395000e+04  9.684588e+00 -8.839564e-03  8.718678e-03 -5.440144e-03 
 1.400000e+04  9.862615e+00 -8.879509e-03  8.757404e-03 -5.467526e-03 
 1.405000e+04  1.004491e+01 -8.919896e-03  8.796913e-03 -5.495379e-03 
 1.410000e+04  1.023184e+01 -8.960832e-03  8.837360e-03 -5.523659e-03 
 1.415000e+04  1.041952e+01 -9.001520e-03  8.877564e-03 -5.551590e-03 
 1.420000e+04  1.062266e+01 -9.045270e-03  8.920581e-03 -5.581360e-03 
 1.425000e+04  1.082875e+01 -9.089498e-03  8.963636e-03 -5.611288e-03 
 1.430000e+04  1.103484e+01 -9.133254e-03  9.005916e-03 -5.640917e-03 
 1.435000e+04  1.124092e+01 -9.176326e-03  9.047504e-03 -5.670275e-03 
 1.440000e+04  1.144701e+01 -9.218926e-03  9.088689e-03 -5.699429e-03 
 1.445000e+04  1.165310e+01 -9.261059e-03  9.129619e-03 -5.728351e-03 
 1.450000e+04  1.185919e+01 -9.302600e-03  9.170243e-03 -5.756899e-03 
 1.455000e+04  1.207338e+01 -9.345346e-03  9.212285e-03 -5.786212e-03 
 1.460000e+04  1.230059e+01 -9.390360e-03  9.256714e-03 -5.817003e-03 
 1.465000e+04  1.252780e+01 -9.434983e-03  9.300631e-03 -5.847392e-03 
 1.470000e+04  1.275501e+01 -9.479204e-03  9.343782e-03 -5.877344e-03 
 1.475000e+04  1.299290e+01 -9.525269e-03  9.388239e-03 -5.908466e-03 
 1.480000e+04  1.323148e+01 -9.571125e-03  9.432122e-03 -5.939494e-03 
 1.485000e+04  1.347005e+01 -9.616218e-03  9.475445e-03 -5.970223e-03 
 1.490000e+04  1.370862e+01 -9.660711e-03  9.518425e-03 -6.000682e-03 
 1.495000e+04  1.394719e+01 -9.704831e-03  9.561248e-03 -6.030866e-03 
 1.500000e+04  1.418577e+01 -9.748518e-03  9.603860e-03 -6.060664e-03 
 1.505000e+04  1.442983e+01 -9.792823e-03  9.647170e-03 -6.090705e-03 
 1.510000e+04  1.469210e+01 -9.840112e-03  9.693351e-03 -6.122650e-03 
 1.515000e+04  1.495513e+01 -9.887154e-03  9.739048e-03 -6.154346e-03 
 1.520000e+04  1.521815e+01 -9.933715e-03  9.783871e-03 -6.185841e-03 
 1.525000e+04  1.548670e+01 -9.980698e-03  9.828931e-03 -6.217784e-03 
 1.530000e+04  1.576288e+01 -1.002854e-02  9.874781e-03 -6.250345e-03 
 1.535000e+04  1.603906e+01 -1.007582e-02  9.920354e-03 -6.282552e-03 
 1.540000e+04  1.631524e+01 -1.012257e-02  9.965665e-03 -6.314402e-03 
 1.545000e+04  1.659832e+01 -1.016999e-02  1.001190e-02 -6.346628e-03 
 1.550000e+04  1.688830e+01 -1.021814e-02  1.005907e-02 -6.379291e-03 
 1.555000e+04  1.717829e+01 -1.026585e-02  1.010580e-02 -6.411612e-03 
 1.560000e+04  1.748220e+01 -1.031541e-02  1.015400e-02 -6.445153e-03 
 1.565000e+04  1.780069e+01 -1.036694e-02  1.020380e-02 -6.480013e-03 
 1.570000e+04  1.812040e+01 -1.041816e-02  1.025304e-02 -6.514779e-03 
 1.575000e+04  1.844011e+01 -1.046883e-02  1.030160e-02 -6.549234e-03 
 1.580000e+04  1.875982e+01 -1.051890e-02  1.034971e-02 -6.583252e-03 
 1.585000e+04  1.907953e+01 -1.056858e-02  1.039761e-02 -6.616929e-03 
 1.590000e+04  1.939924e+01 -1.061782e-02  1.044525e-02 -6.650233e-03 
 1.595000e+04  1.972342e+01 -1.066724e-02  1.049324e-02 -6.683550e-03 
 1.600000e+04  2.007188e+01 -1.071997e-02  1.054436e-02 -6.719085e-03 
 1.605000e+04  2.042436e+01 -1.077286e-02  1.059548e-02 -6.754739e-03 
 1.610000e+04  2.077684e+01 -1.082510e-02  1.064569e-02 -6.790083e-03 
 1.615000e+04  2.114342e+01 -1.087893e-02  1.069714e-02 -6.826528e-03 
 1.620000e+04  2.151352e+01 -1.093289e-02  1.074858e-02 -6.862982e-03 
 1.625000e+04  2.188363e+01 -1.098626e-02  1.079960e-02 -6.899005e-03 
 1.630000e+04  2.225373e+01 -1.103897e-02  1.085025e-02 -6.934622e-03 
 1.635000e+04  2.263568e+01 -1.109286e-02  1.090232e-02 -6.970981e-03 
 1.640000e+04  2.302429e+01 -1.114712e-02  1.095499e-02 -7.007687e-03 
 1.645000e+04  2.341562e+01 -1.120116e-02  1.100750e-02 -7.044237e-03 
 1.650000e+04  2.383590e+01 -1.125863e-02  1.106325e-02 -7.083099e-03 
 1.655000e+04  2.426434e+01 -1.131689e-02  1.111927e-02 -7.122377e-03 
 1.660000e+04  2.469278e+01 -1.137448e-02  1.117444e-02 -7.161314e-03 
 1.665000e+04  2.512122e+01 -1.143144e-02  1.122897e-02 -7.199849e-03 
 1.670000e+04  2.554967e+01 -1.148790e-02  1.128297e-02 -7.237973e-03 
 1.675000e+04  2.597811e+01 -1.154389e-02  1.133666e-02 -7.275677e-03 
 1.680000e+04  2.640784e+01 -1.159946e-02  1.139012e-02 -7.313095e-03 
 1.685000e+04  2.686400e+01 -1.165786e-02  1.144647e-02 -7.352409e-03 
 1.690000e+04  2.733636e+01 -1.171776e-02  1.150434e-02 -7.392796e-03 
 1.695000e+04  2.780871e+01 -1.177710e-02  1.156151e-02 -7.432803e-03 
 1.700000e+04  2.830436e+01 -1.183874e-02  1.162057e-02 -7.474363e-03 
 1.705000e+04  2.882513e+01 -1.190307e-02  1.168186e-02 -7.517614e-03 
 1.710000e+04  2.934591e+01 -1.196682e-02  1.174239e-02 -7.560354e-03 
 1.715000e+04  2.986668e+01 -1.202984e-02  1.180227e-02 -7.602619e-03 
 1.720000e+04  3.038745e+01 -1.209224e-02  1.186167e-02 -7.644448e-03 
 1.725000e+04  3.090823e+01 -1.215385e-02  1.192068e-02 -7.685886e-03 
 1.730000e+04  3.143056e+01 -1.221499e-02  1.197945e-02 -7.727032e-03 
 1.735000e+04  3.198667e+01 -1.227937e-02  1.204148e-02 -7.770444e-03 
 1.740000e+04  3.256083e+01 -1.234529e-02  1.210484e-02 -7.814782e-03 
 1.745000e+04  3.313498e+01 -1.241055e-02  1.216744e-02 -7.858654e-03 
 1.750000e+04  3.371947e+01 -1.247636e-02  1.223030e-02 -7.902867e-03 
 1.755000e+04  3.432233e+01 -1.254361e-02  1.229435e-02 -7.947983e-03 
 1.760000e+04  3.492519e+01 -1.261014e-02  1.235781e-02 -7.992645e-03 
 1.765000e+04  3.552805e+01 -1.267597e-02  1.242067e-02 -8.036863e-03 
 1.770000e+04  3.613393e+01 -1.274144e-02  1.248328e-02 -8.080815e-03 
 1.775000e+04  3.676693e+01 -1.280912e-02  1.254821e-02 -8.126335e-03 
 1.780000e+04  3.739993e+01 -1.287621e-02  1.261253e-02 -8.171385e-03 
 1.785000e+04  3.806016e+01 -1.294550e-02  1.267888e-02 -8.217861e-03 
 1.790000e+04  3.875206e+01 -1.301753e-02  1.274756e-02 -8.266065e-03 
 1.795000e+04  3.944995e+01 -1.308953e-02  1.281593e-02 -8.314160e-03 
 1.800000e+04  4.014784e+01 -1.316091e-02  1.288342e-02 -8.361757e-03 
 1.805000e+04  4.086038e+01 -1.323302e-02  1.295156e-02 -8.409838e-03 
 1.810000e+04  4.159316e+01 -1.330635e-02  1.302100e-02 -8.458783e-03 
 1.815000e+04  4.232594e+01 -1.337883e-02  1.308985e-02 -8.507260e-03 
 1.820000e+04  4.306971e+01 -1.345160e-02  1.315902e-02 -8.555910e-03 
 1.825000e+04  4.386145e+01 -1.352828e-02  1.323206e-02 -8.607195e-03 
 1.830000e+04  4.466934e+01 -1.360578e-02  1.330596e-02 -8.658958e-03 
 1.835000e+04  4.547723e+01 -1.368246e-02  1.337889e-02 -8.710026e-03 
 1.840000e+04  4.632471e+01 -1.376205e-02  1.345436e-02 -8.763061e-03 
 1.845000e+04  4.717299e+01 -1.384092e-02  1.352900e-02 -8.815675e-03 
 1.850000e+04  4.802128e+01 -1.391886e-02  1.360279e-02 -8.867710e-03 
 1.855000e+04  4.887550e+01 -1.399646e-02  1.367635e-02 -8.919530e-03 
 1.860000e+04  4.976621e+01 -1.407661e-02  1.375241e-02 -8.972948e-03 
 1.865000e+04  5.065691e+01 -1.415589e-02  1.382780e-02 -9.025807e-03 
 1.870000e+04  5.156097e+01 -1.423544e-02  1.390348e-02 -9.078858e-03 
 1.875000e+04  5.251865e+01 -1.431892e-02  1.398284e-02 -9.134402e-03 
 1.880000e+04  5.350064e+01 -1.440373e-02  1.406322e-02 -9.190797e-03 
 1.885000e+04  5.448264e+01 -1.448766e-02  1.414253e-02 -9.246574e-03 
 1.890000e+04  5.546660e+01 -1.457087e-02  1.422096e-02 -9.301794e-03 
 1.895000e+04  5.649770e+01 -1.465726e-02  1.430221e-02 -9.359055e-03 
 1.900000e+04  5.752880e+01 -1.474267e-02  1.438255e-02 -9.415707e-03 
 1.905000e+04  5.855989e+01 -1.482704e-02  1.446209e-02 -9.471677e-03 
 1.910000e+04  5.962295e+01 -1.491313e-02  1.454343e-02 -9.528793e-03 
 1.915000e+04  6.074891e+01 -1.500341e-02  1.462873e-02 -9.588618e-03 
 1.920000e+04  6.188570e+01 -1.509359e-02  1.471378e-02 -9.648332e-03 
 1.925000e+04  6.303499e+01 -1.518370e-02  1.479873e-02 -9.707924e-03 
 1.930000e+04  6.422861e+01 -1.527639e-02  1.488581e-02 -9.769178e-03 
 1.935000e+04  6.542223e+01 -1.536807e-02  1.497179e-02 -9.829743e-03 
 1.940000e+04  6.661586e+01 -1.545864e-02  1.505682e-02 -9.889620e-03 
 1.945000e+04  6.783455e+01 -1.555007e-02  1.514267e-02 -9.950050e-03 
 1.950000e+04  6.908785e+01 -1.564313e-02  1.523015e-02 -1.001154e-02 
 1.955000e+04  7.034115e+01 -1.573503e-02  1.531679e-02 -1.007228e-02 
 1.960000e+04  7.164516e+01 -1.582960e-02  1.540597e-02 -1.013471e-02 
 1.965000e+04  7.302692e+01 -1.592884e-02  1.549942e-02 -1.020019e-02 
 1.970000e+04  7.440869e+01 -1.602696e-02  1.559161e-02 -1.026491e-02 
 1.975000e+04  7.579046e+01 -1.612398e-02  1.568254e-02 -1.032879e-02 
 1.980000e+04  7.722612e+01 -1.622380e-02  1.577582e-02 -1.039440e-02 
 1.985000e+04  7.867698e+01 -1.632354e-02  1.586903e-02 -1.046000e-02 
 1.990000e+04  8.012783e+01 -1.642203e-02  1.596120e-02 -1.052480e-02 
 1.995000e+04  8.160626e+01 -1.652127e-02  1.605405e-02 -1.059002e-02 
 2.000000e+04  8.314794e+01 -1.662370e-02  1.614988e-02 -1.065723e-02 
 2.005000e+04  8.474751e+01 -1.672882e-02  1.624830e-02 -1.072621e-02 
 2.010000e+04  8.634708e+01 -1.683270e-02  1.634541e-02 -1.079431e-02 
 2.015000e+04  8.806197e+01 -1.694274e-02  1.644809e-02 -1.086641e-02 
 2.020000e+04  8.982550e+01 -1.705480e-02  1.655239e-02 -1.093974e-02 
 2.025000e+04  9.158903e+01 -1.716540e-02  1.665527e-02 -1.101211e-02 
 2.030000e+04  9.335608e+01 -1.727486e-02  1.675698e-02 -1.108364e-02 
 2.035000e+04  9.520778e+01 -1.738830e-02  1.686244e-02 -1.115768e-02 
 2.040000e+04  9.705948e+01 -1.750028e-02  1.696669e-02 -1.123078e-02 
 2.045000e+04  9.892415e+01 -1.761151e-02  1.707036e-02 -1.130345e-02 
 2.050000e+04  1.009248e+02 -1.772960e-02  1.718030e-02 -1.138052e-02 
 2.055000e+04  1.029663e+02 -1.784872e-02  1.729114e-02 -1.145819e-02 
 2.060000e+04  1.050078e+02 -1.796626e-02  1.740037e-02 -1.153476e-02 
 2.065000e+04  1.071006e+02 -1.808530e-02  1.751073e-02 -1.161215e-02 
 2.070000e+04  1.093513e+02 -1.821190e-02  1.762794e-02 -1.169443e-02 
 2.075000e+04  1.116021e+02 -1.833679e-02  1.774364e-02 -1.177565e-02 
 2.080000e+04  1.138528e+02 -1.845996e-02  1.785776e-02 -1.185564e-02 
 2.085000e+04  1.161936e+02 -1.858649e-02  1.797500e-02 -1.193773e-02 
 2.090000e+04  1.185569e+02 -1.871268e-02  1.809179e-02 -1.201958e-02 
 2.095000e+04  1.209202e+02 -1.883719e-02  1.820696e-02 -1.210029e-02 
 2.100000e+04  1.234079e+02 -1.896669e-02  1.832656e-02 -1.218405e-02 
 2.105000e+04  1.260135e+02 -1.910084e-02  1.845021e-02 -1.227071e-02 
 2.110000e+04  1.286190e+02 -1.923316e-02  1.857205e-02 -1.235617e-02 
 2.115000e+04  1.312245e+02 -1.936366e-02  1.869206e-02 -1.244031e-02 
 2.120000e+04  1.339551e+02 -1.949863e-02  1.881616e-02 -1.252733e-02 
 2.125000e+04  1.366909e+02 -1.963210e-02  1.893897e-02 -1.261339e-02 
 2.130000e+04  1.394267e+02 -1.976367e-02  1.906016e-02 -1.269818e-02 
 2.135000e+04  1.423803e+02 -1.990397e-02  1.918926e-02 -1.278849e-02 
 2.140000e+04  1.453965e+02 -2.004554e-02  1.931938e-02 -1.287953e-02 
 2.145000e+04  1.484128e+02 -2.018505e-02  1.944754e-02 -1.296924e-02 
 2.150000e+04  1.515320e+02 -2.032731e-02  1.957802e-02 -1.306054e-02 
 2.155000e+04  1.548574e+02 -2.047715e-02  1.971521e-02 -1.315657e-02 
 2.160000e+04  1.581828e+02 -2.062493e-02  1.985039e-02 -1.325126e-02 
 2.165000e+04  1.615082e+02 -2.077042e-02  1.998353e-02 -1.334442e-02 
 2.170000e+04  1.650848e+02 -2.092478e-02  2.012468e-02 -1.344316e-02 
 2.175000e+04  1.687510e+02 -2.108090e-02  2.026739e-02 -1.354297e-02 
 2.180000e+04  1.724173e+02 -2.123465e-02  2.040793e-02 -1.364119e-02 
 2.185000e+04  1.761605e+02 -2.138936e-02  2.054911e-02 -1.373987e-02 
 2.190000e+04  1.802025e+02 -2.155429e-02  2.069925e-02 -1.384492e-02 
 2.195000e+04  1.842446e+02 -2.171677e-02  2.084707e-02 -1.394837e-02 
 2.200000e+04  1.882866e+02 -2.187673e-02  2.099244e-02 -1.405004e-02 
 2.205000e+04  1.924863e+02 -2.204056e-02  2.114106e-02 -1.415404e-02 
 2.210000e+04  1.967304e+02 -2.220365e-02  2.128909e-02 -1.425760e-02 
 2.215000e+04  2.009745e+02 -2.236416e-02  2.143487e-02 -1.435947e-02 
 2.220000e+04  2.055875e+02 -2.253610e-02  2.159090e-02 -1.446845e-02 
 2.225000e+04  2.102667e+02 -2.270804e-02  2.174691e-02 -1.457742e-02 
 2.230000e+04  2.149458e+02 -2.287726e-02  2.190037e-02 -1.468460e-02 
 2.235000e+04  2.198215e+02 -2.305080e-02  2.205745e-02 -1.479430e-02 
 2.240000e+04  2.249803e+02 -2.323187e-02  2.222103e-02 -1.490859e-02 
 2.245000e+04  2.301390e+02 -2.341009e-02  2.238195e-02 -1.502109e-02 
 2.250000e+04  2.352978e+02 -2.358535e-02  2.254008e-02 -1.513159e-02 
 2.255000e+04  2.407870e+02 -2.376890e-02  2.270551e-02 -1.524722e-02 
 2.260000e+04  2.464745e+02 -2.395626e-02  2.287435e-02 -1.536520e-02 
 2.265000e+04  2.521621e+02 -2.414051e-02  2.304038e-02 -1.548112e-02 
 2.270000e+04  2.579918e+02 -2.432631e-02  2.320748e-02 -1.559781e-02 
 2.275000e+04  2.642325e+02 -2.452222e-02  2.338338e-02 -1.572075e-02 
 2.280000e+04  2.705030e+02 -2.471579e-02  2.355712e-02 -1.584220e-02 
 2.285000e+04  2.767735e+02 -2.490597e-02  2.372763e-02 -1.596140e-02 
 2.290000e+04  2.833325e+02 -2.510165e-02  2.390287e-02 -1.608395e-02 
 2.295000e+04  2.899165e+02 -2.529482e-02  2.407589e-02 -1.620492e-02 
 2.300000e+04  2.965006e+02 -2.548468e-02  2.424595e-02 -1.632370e-02 
 2.305000e+04  3.037263e+02 -2.568975e-02  2.442949e-02 -1.645188e-02 
 2.310000e+04  3.113482e+02 -2.590268e-02  2.461996e-02 -1.658495e-02 
 2.315000e+04  3.189700e+02 -2.611181e-02  2.480684e-02 -1.671555e-02 
 2.320000e+04  3.265919e+02 -2.631712e-02  2.498996e-02 -1.684357e-02 
 2.325000e+04  3.343509e+02 -2.652242e-02  2.517279e-02 -1.697150e-02 
 2.330000e+04  3.423539e+02 -2.673054e-02  2.535809e-02 -1.710122e-02 
 2.335000e+04  3.503968e+02 -2.693606e-02  2.554095e-02 -1.722921e-02 
 2.340000e+04  3.591865e+02 -2.715708e-02  2.573737e-02 -1.736670e-02 
 2.345000e+04  3.680097e+02 -2.737528e-02  2.593114e-02 -1.750238e-02 
 2.350000e+04  3.768330e+02 -2.758942e-02  2.612118e-02 -1.763540e-02 
 2.355000e+04  3.857709e+02 -2.780229e-02  2.630983e-02 -1.776749e-02 
 2.360000e+04  3.954152e+02 -2.802800e-02  2.650977e-02 -1.790767e-02 
 2.365000e+04  4.051428e+02 -2.825171e-02  2.670783e-02 -1.804663e-02 
 2.370000e+04  4.148705e+02 -2.847130e-02  2.690203e-02 -1.818290e-02 
 2.375000e+04  4.251321e+02 -2.869880e-02  2.710302e-02 -1.832399e-02 
 2.380000e+04  4.358569e+02 -2.893246e-02  2.730942e-02 -1.846886e-02 
 2.385000e+04  4.465816e+02 -2.916166e-02  2.751179e-02 -1.861089e-02 
 2.390000e+04  4.573063e+02 -2.938652e-02  2.771013e-02 -1.875022e-02 
 2.395000e+04  4.685672e+02 -2.961837e-02  2.791446e-02 -1.889396e-02 
 2.400000e+04  4.798282e+02 -2.984592e-02  2.811498e-02 -1.903504e-02 
 2.405000e+04  4.912520e+02 -3.007251e-02  2.831451e-02 -1.917545e-02 
 2.410000e+04  5.028261e+02 -3.029809e-02  2.851301e-02 -1.931522e-02 
 2.415000e+04  5.144001e+02 -3.051965e-02  2.870792e-02 -1.945255e-02 
 2.420000e+04  5.259742e+02 -3.073723e-02  2.889926e-02 -1.958735e-02 
 2.425000e+04  5.375483e+02 -3.095099e-02  2.908720e-02 -1.971981e-02 
 2.430000e+04  5.491223e+02 -3.116115e-02  2.927196e-02 -1.985017e-02 
 2.435000e+04  5.606964e+02 -3.136784e-02  2.945364e-02 -1.997843e-02 
 2.440000e+04  5.722705e+02 -3.157118e-02  2.963231e-02 -2.010458e-02 
 2.445000e+04  5.838446e+02 -3.177141e-02  2.980816e-02 -2.022883e-02 
 2.450000e+04  5.954186e+02 -3.196859e-02  2.998130e-02 -2.035123e-02 
 2.455000e+04  6.069927e+02 -3.216276e-02  3.015169e-02 -2.047173e-02 
 2.460000e+04  6.185668e+02 -3.235410e-02  3.031944e-02 -2.059048e-02 
 2.465000e+04  6.301409e+02 -3.254274e-02  3.048471e-02 -2.070765e-02 
 2.470000e+04  6.417149e+02 -3.272867e-02  3.064755e-02 -2.082317e-02 
 2.475000e+04  6.532890e+02 -3.291202e-02  3.080798e-02 -2.093707e-02 
 2.480000e+04  6.648631e+02 -3.309293e-02  3.096617e-02 -2.104947e-02 
 2.485000e+04  6.764372e+02 -3.327145e-02  3.112222e-02 -2.116043e-02 
 2.490000e+04  6.880112e+02 -3.344761e-02  3.127617e-02 -2.126994e-02 
 2.495000e+04  6.995853e+02 -3.362151e-02  3.142805e-02 -2.137804e-02 
 2.500000e+04  7.111594e+02 -3.379318e-02  3.157792e-02 -2.148487e-02 
 2.505000e+04  7.227335e+02 -3.396267e-02  3.172588e-02 -2.159046e-02 
 2.510000e+04  7.343075e+02 -3.413004e-02  3.187198e-02 -2.169476e-02 
 2.515000e+04  7.458816e+02 -3.429537e-02  3.201632e-02 -2.179783e-02 
 2.520000e+04  7.574557e+02 -3.445873e-02  3.215896e-02 -2.189974e-02 
 2.525000e+04  7.690298e+02 -3.462013e-02  3.229992e-02 -2.200047e-02 
 2.530000e+04  7.806038e+02 -3.477962e-02  3.243924e-02 -2.210008e-02 
 2.535000e+04  7.921779e+02 -3.493728e-02  3.257696e-02 -2.219863e-02 
 2.540000e+04  8.037520e+02 -3.509315e-02  3.271313e-02 -2.229616e-02 
 2.545000e+04  8.153261e+02 -3.524728e-02  3.284774e-02 -2.239264e-02 
 2.550000e+04  8.269001e+02 -3.539981e-02  3.298088e-02 -2.248814e-02 
 2.555000e+04  8.384742e+02 -3.555074e-02  3.311259e-02 -2.258267e-02 
 2.560000e+04  8.500483e+02 -3.570006e-02  3.324286e-02 -2.267623e-02 
 2.565000e+04  8.616223e+02 -3.584781e-02  3.337174e-02 -2.276887e-02 
 2.570000e+04  8.731964e+02 -3.599407e-02  3.349929e-02 -2.286063e-02 
 2.575000e+04  8.847705e+02 -3.613893e-02  3.362558e-02 -2.295156e-02 
 2.580000e+04  8.963446e+02 -3.628237e-02  3.375060e-02 -2.304164e-02 
 2.585000e+04  9.079186e+02 -3.642441e-02  3.387436e-02 -2.313089e-02 
 2.590000e+04  9.194927e+02 -3.656510e-02  3.399689e-02 -2.321936e-02 
 2.595000e+04  9.310668e+02 -3.670446e-02  3.411820e-02 -2.330707e-02 
 2.600000e+04  9.426409e+02 -3.684249e-02  3.423841e-02 -2.339401e-02 
 2.605000e+04  9.542149e+02 -3.697928e-02  3.435754e-02 -2.348018e-02 
 2.610000e+04  9.657890e+02 -3.711484e-02  3.447560e-02 -2.356560e-02 
 2.615000e+04  9.773631e+02 -3.724915e-02  3.459260e-02 -2.365031e-02 
 2.620000e+04  9.889372e+02 -3.738222e-02  3.470857e-02 -2.373436e-02 
 2.625000e+04  1.000511e+03 -3.751406e-02  3.482353e-02 -2.381775e-02 
 2.630000e+04  1.012085e+03 -3.764475e-02  3.493752e-02 -2.390048e-02 
 2.635000e+04  1.023659e+03 -3.777436e-02  3.505058e-02 -2.398252e-02 
 2.640000e+04  1.035233e+03 -3.790293e-02  3.516268e-02 -2.406393e-02 
 2.645000e+04  1.046808e+03 -3.803043e-02  3.527384e-02 -2.414474e-02 
 2.650000e+04  1.058382e+03 -3.815688e-02  3.538408e-02 -2.422498e-02 
 2.655000e+04  1.069956e+03 -3.828232e-02  3.549342e-02 -2.430462e-02 
 2.660000e+04  1.081530e+03 -3.840681e-02  3.560188e-02 -2.438368e-02 
 2.665000e+04  1.093104e+03 -3.853040e-02  3.570949e-02 -2.446219e-02 
 2.670000e+04  1.104678e+03 -3.865311e-02  3.581628e-02 -2.454017e-02 
 2.675000e+04  1.116252e+03 -3.877489e-02  3.592220e-02 -2.461760e-02 
 2.680000e+04  1.127826e+03 -3.889577e-02  3.602730e-02 -2.469454e-02 
 2.685000e+04  1.139400e+03 -3.901575e-02  3.613162e-02 -2.477098e-02 
 2.690000e+04  1.150974e+03 -3.913489e-02  3.623522e-02 -2.484692e-02 
 2.695000e+04  1.162548e+03 -3.925316e-02  3.633812e-02 -2.492237e-02 
 2.700000e+04  1.174122e+03 -3.937056e-02  3.644035e-02 -2.499734e-02 
 2.705000e+04  1.185696e+03 -3.948712e-02  3.654189e-02 -2.507185e-02 
 2.710000e+04  1.197270e+03 -3.960287e-02  3.664276e-02 -2.514592e-02 
 2.715000e+04  1.208845e+03 -3.971781e-02  3.674301e-02 -2.521954e-02 
 2.720000e+04  1.220419e+03 -3.983200e-02  3.684261e-02 -2.529273e-02 
 2.725000e+04  1.231993e+03 -3.994544e-02  3.694155e-02 -2.536549e-02 
 2.730000e+04  1.243567e+03 -4.005815e-02  3.703985e-02 -2.543783e-02 
 2.735000e+04  1.255141e+03 -4.017018e-02  3.713752e-02 -2.550977e-02 
 2.740000e+04  1.266715e+03 -4.028156e-02  3.723456e-02 -2.558131e-02 
 2.745000e+04  1.278289e+03 -4.039228e-02  3.733099e-02 -2.565244e-02 
 2.750000e+04  1.289863e+03 -4.050237e-02  3.742684e-02 -2.572319e-02 
 2.755000e+04  1.301437e+03 -4.061185e-02  3.752208e-02 -2.579357e-02 
 2.760000e+04  1.313011e+03 -4.072069e-02  3.761674e-02 -2.586359e-02 
 2.765000e+04  1.324585e+03 -4.082889e-02  3.771083e-02 -2.593290e-02 
 2.770000e+04  1.336159e+03 -4.093650e-02  3.780415e-02 -2.600154e-02 
 2.775000e+04  1.347733e+03 -4.104353e-02  3.789640e-02 -2.607021e-02 
 2.780000e+04  1.359308e+03 -4.114967e-02  3.798842e-02 -2.613883e-02 
 2.785000e+04  1.370882e+03 -4.125533e-02  3.808042e-02 -2.620728e-02 
 2.790000e+04  1.382456e+03 -4.136061e-02  3.817222e-02 -2.627511e-02 
 2.795000e+04  1.394030e+03 -4.146546e-02  3.826345e-02 -2.634250e-02 
 2.800000e+04  1.405604e+03 -4.156947e-02  3.835386e-02 -2.640955e-02 
 2.805000e+04  1.417178e+03 -4.167256e-02  3.844394e-02 -2.647623e-02 
 2.810000e+04  1.428752e+03 -4.177475e-02  3.853386e-02 -2.654271e-02 
 2.815000e+04  1.440326e+03 -4.187643e-02  3.862321e-02 -2.660910e-02 
 2.820000e+04  1.451900e+03 -4.197796e-02  3.871195e-02 -2.667533e-02 
 2.825000e+04  1.463474e+03 -4.207927e-02  3.880032e-02 -2.674124e-02 
 2.830000e+04  1.475048e+03 -4.218000e-02  3.888846e-02 -2.680680e-02 
 2.835000e+04  1.486622e+03 -4.227988e-02  3.897604e-02 -2.687197e-02 
 2.840000e+04  1.498196e+03 -4.237923e-02  3.906309e-02 -2.693676e-02 
 2.845000e+04  1.509770e+03 -4.247816e-02  3.914968e-02 -2.700123e-02 
 2.850000e+04  1.521345e+03 -4.257708e-02  3.923573e-02 -2.706543e-02 
 2.855000e+04  1.532919e+03 -4.267554e-02  3.932129e-02 -2.712941e-02 
 2.860000e+04  1.544493e+03 -4.277367e-02  3.940626e-02 -2.719320e-02 
 2.865000e+04  1.556067e+03 -4.287153e-02  3.949045e-02 -2.725663e-02 
 2.870000e+04  1.567641e+03 -4.296883e-02  3.957456e-02 -2.732013e-02 
 2.875000e+04  1.579215e+03 -4.306565e-02  3.965847e-02 -2.738366e-02 
 2.880000e+04  1.590789e+03 -4.316219e-02  3.974203e-02 -2.744669e-02 
 2.885000e+04  1.602363e+03 -4.325820e-02  3.982547e-02 -2.750926e-02 
 2.890000e+04  1.613937e+03 -4.335397e-02  3.990873e-02 -2.757161e-02 
 2.895000e+04  1.625511e+03 -4.344877e-02  3.999140e-02 -2.763385e-02 
 2.900000e+04  1.637085e+03 -4.354305e-02  4.007382e-02 -2.769600e-02 
 2.905000e+04  1.648659e+03 -4.363701e-02  4.015590e-02 -2.775774e-02 
 2.910000e+04  1.660233e+03 -4.373068e-02  4.023778e-02 -2.781933e-02 
 2.915000e+04  1.671808e+03 -4.382406e-02  4.031918e-02 -2.788061e-02 
 2.920000e+04  1.683382e+03 -4.391659e-02  4.040034e-02 -2.794174e-02 
 2.925000e+04  1.694956e+03 -4.400875e-02  4.048137e-02 -2.800288e-02 
 2.930000e+04  1.706530e+03 -4.410084e-02  4.056215e-02 -2.806378e-02 
 2.935000e+04  1.718104e+03 -4.419245e-02  4.064250e-02 -2.812389e-02 
 2.940000e+04  1.729678e+03 -4.428421e-02  4.072250e-02 -2.818366e-02 
 2.945000e+04  1.741252e+03 -4.437546e-02  4.080191e-02 -2.824385e-02 
 2.950000e+04  1.752826e+03 -4.446606e-02  4.088071e-02 -2.830398e-02 
 2.955000e+04  1.764400e+03 -4.455631e-02  4.095928e-02 -2.836389e-02 
 2.960000e+04  1.775974e+03 -4.464676e-02  4.103783e-02 -2.842366e-02 
 2.965000e+04  1.787548e+03 -4.473737e-02  4.111612e-02 -2.848342e-02 
 2.970000e+04  1.799122e+03 -4.482787e-02  4.119395e-02 -2.854270e-02 
 2.975000e+04  1.810696e+03 -4.491810e-02  4.127161e-02 -2.860152e-02 
 2.980000e+04  1.822270e+03 -4.500777e-02  4.134909e-02 -2.865984e-02 
 2.985000e+04  1.833845e+03 -4.509637e-02  4.142585e-02 -2.871781e-02 
 2.990000e+04  1.845419e+03 -4.518432e-02  4.150222e-02 -2.877606e-02 
 2.995000e+04  1.856993e+03 -4.527212e-02  4.157860e-02 -2.883464e-02 
 3.000000e+04  1.868567e+03 -4.535967e-02  4.165488e-02 -2.889283e-02 
 3.005000e+04  1.880141e+03 -4.544718e-02  4.173113e-02 -2.895102e-02 
 3.010000e+04  1.891715e+03 -4.553437e-02  4.180745e-02 -2.900919e-02 
 3.015000e+04  1.903289e+03 -4.562084e-02  4.188349e-02 -2.906654e-02 
 3.020000e+04  1.914863e+03 -4.570711e-02  4.195907e-02 -2.912383e-02 
 3.025000e+04  1.926437e+03 -4.579256e-02  4.203463e-02 -2.918087e-02 
 3.030000e+04  1.938011e+03 -4.587734e-02  4.210988e-02 -2.923760e-02 
 3.035000e+04  1.949585e+03 -4.596225e-02  4.218505e-02 -2.929451e-02 
 3.040000e+04  1.961159e+03 -4.604721e-02  4.225997e-02 -2.935148e-02 
 3.045000e+04  1.972733e+03 -4.613181e-02  4.233430e-02 -2.940796e-02 
 3.050000e+04  1.984308e+03 -4.621597e-02  4.240816e-02 -2.946410e-02 
 3.055000e+04  1.995882e+03 -4.630011e-02  4.248101e-02 -2.952029e-02 
 3.060000e+04  2.007456e+03 -4.638471e-02  4.255396e-02 -2.957637e-02 
 3.065000e+04  2.019030e+03 -4.646918e-02  4.262704e-02 -2.963220e-02 
 3.070000e+04  2.030604e+03 -4.655307e-02  4.270012e-02 -2.968750e-02 
 3.075000e+04  2.042178e+03 -4.663696e-02  4.277314e-02 -2.974288e-02 
 3.080000e+04  2.053752e+03 -4.672076e-02  4.284560e-02 -2.979833e-02 
 3.085000e+04  2.065326e+03 -4.680412e-02  4.291753e-02 -2.985394e-02 
 3.090000e+04  2.076900e+03 -4.688712e-02  4.298940e-02 -2.990968e-02 
 3.095000e+04  2.088474e+03 -4.697012e-02  4.306135e-02 -2.996513e-02 
 3.100000e+04  2.100048e+03 -4.705307e-02  4.313323e-02 -3.002011e-02 
 3.105000e+04  2.111622e+03 -4.713578e-02  4.320502e-02 -3.007460e-02 
 3.110000e+04  2.123196e+03 -4.721770e-02  4.327678e-02 -3.012872e-02 
 3.115000e+04  2.134770e+03 -4.729927e-02  4.334767e-02 -3.018268e-02 
 3.120000e+04  2.146345e+03 -4.738087e-02  4.341806e-02 -3.023696e-02 
 3.125000e+04  2.157919e+03 -4.746206e-02  4.348841e-02 -3.029124e-02 
 3.130000e+04  2.169493e+03 -4.754311e-02  4.355882e-02 -3.034548e-02 
 3.135000e+04  2.181067e+03 -4.762388e-02  4.362964e-02 -3.039979e-02 
 3.140000e+04  2.192641e+03 -4.770467e-02  4.370048e-02 -3.045419e-02 
 3.145000e+04  2.204215e+03 -4.778477e-02  4.377106e-02 -3.050779e-02 
 3.150000e+04  2.215789e+03 -4.786500e-02  4.384149e-02 -3.056083e-02 
 3.155000e+04  2.227363e+03 -4.794523e-02  4.391126e-02 -3.061374e-02 
 3.160000e+04  2.238937e+03 -4.802502e-02  4.398069e-02 -3.066686e-02 
 3.165000e+04  2.250511e+03 -4.810443e-02  4.405020e-02 -3.072018e-02 
 3.170000e+04  2.262085e+03 -4.818323e-02  4.411943e-02 -3.077373e-02 
 3.175000e+04  2.273659e+03 -4.826258e-02  4.418836e-02 -3.082669e-02 
 3.180000e+04  2.285233e+03 -4.834152e-02  4.425685e-02 -3.087952e-02 
 3.185000e+04  2.296808e+03 -4.842054e-02  4.432524e-02 -3.093200e-02 
 3.190000e+04  2.308382e+03 -4.849920e-02  4.439373e-02 -3.098447e-02 
 3.195000e+04  2.319956e+03 -4.857784e-02  4.446272e-02 -3.103695e-02 
 3.200000e+04  2.331530e+03 -4.865639e-02  4.453159e-02 -3.108937e-02 
 3.205000e+04  2.343104e+03 -4.873462e-02  4.460025e-02 -3.114168e-02 
 3.210000e+04  2.354678e+03 -4.881282e-02  4.466869e-02 -3.119402e-02 
 3.215000e+04  2.366252e+03 -4.889065e-02  4.473640e-02 -3.124647e-02 
 3.220000e+04  2.377826e+03 -4.896853e-02  4.480387e-02 -3.129884e-02 
 3.225000e+04  2.389400e+03 -4.904599e-02  4.487128e-02 -3.135092e-02 
 3.230000e+04  2.400974e+03 -4.912308e-02  4.493891e-02 -3.140268e-02 
 3.235000e+04  2.412548e+03 -4.920020e-02  4.500634e-02 -3.145416e-02 
 3.240000e+04  2.424122e+03 -4.927714e-02  4.507325e-02 -3.150530e-02 
 3.245000e+04  2.435696e+03 -4.935336e-02  4.513970e-02 -3.155647e-02 
 3.250000e+04  2.447270e+03 -4.942975e-02  4.520628e-02 -3.160781e-02 
 3.255000e+04  2.458845e+03 -4.950620e-02  4.527270e-02 -3.165919e-02 
 3.260000e+04  2.470419e+03 -4.958271e-02  4.533890e-02 -3.171052e-02 
 3.265000e+04  2.481993e+03 -4.965879e-02  4.540513e-02 -3.176175e-02 
 3.270000e+04  2.493567e+03 -4.973411e-02  4.547138e-02 -3.181276e-02 
 3.275000e+04  2.505141e+03 -4.980922e-02  4.553737e-02 -3.186319e-02 
 3.280000e+04  2.516715e+03 -4.988442e-02  4.560341e-02 -3.191352e-02 
 3.285000e+04  2.528289e+03 -4.995936e-02  4.566965e-02 -3.196382e-02 
 3.290000e+04  2.539863e+03 -5.003424e-02  4.573577e-02 -3.201393e-02 
 3.295000e+04  2.551437e+03 -5.010932e-02  4.580156e-02 -3.206443e-02 
 3.300000e+04  2.563011e+03 -5.018457e-02  4.586748e-02 -3.211532e-02 
 3.305000e+04  2.574585e+03 -5.025944e-02  4.593310e-02 -3.216629e-02 
 3.310000e+04  2.586159e+03 -5.033406e-02  4.599810e-02 -3.221704e-02 
 3.315000e+04  2.597733e+03 -5.040858e-02  4.606298e-02 -3.226731e-02 
 3.320000e+04  2.609308e+03 -5.048315e-02  4.612783e-02 -3.231725e-02 
 3.325000e+04  2.620882e+03 -5.055760e-02  4.619288e-02 -3.236691e-02 
 3.330000e+04  2.632456e+03 -5.063183e-02  4.625804e-02 -3.241646e-02 
 3.335000e+04  2.644030e+03 -5.070585e-02  4.632316e-02 -3.246624e-02 
 3.340000e+04  2.655604e+03 -5.077954e-02  4.638785e-02 -3.251622e-02 
 3.345000e+04  2.667178e+03 -5.085294e-02  4.645183e-02 -3.256608e-02 
 3.350000e+04  2.678752e+03 -5.092656e-02  4.651542e-02 -3.261575e-02 
 3.355000e+04  2.690326e+03 -5.100008e-02  4.657914e-02 -3.266541e-02 
 3.360000e+04  2.701900e+03 -5.107335e-02  4.664312e-02 -3.271461e-02 
 3.365000e+04  2.713474e+03 -5.114618e-02  4.670696e-02 -3.276369e-02 
 3.370000e+04  2.725048e+03 -5.121918e-02  4.677074e-02 -3.281290e-02 
 3.375000e+04  2.736622e+03 -5.129199e-02  4.683460e-02 -3.286196e-02 
 3.380000e+04  2.748196e+03 -5.136444e-02  4.689841e-02 -3.291073e-02 
 3.385000e+04  2.759770e+03 -5.143656e-02  4.696190e-02 -3.295949e-02 
 3.390000e+04  2.771345e+03 -5.150853e-02  4.702536e-02 -3.300855e-02 
 3.395000e+04  2.782919e+03 -5.158062e-02  4.708880e-02 -3.305766e-02 
 3.400000e+04  2.794493e+03 -5.165278e-02  4.715190e-02 -3.310651e-02 
 3.405000e+04  2.806067e+03 -5.172507e-02  4.721493e-02 -3.315522e-02 
 3.410000e+04  2.817641e+03 -5.179718e-02  4.727802e-02 -3.320377e-02 
 3.415000e+04  2.829215e+03 -5.186843e-02  4.734121e-02 -3.325223e-02 
 3.420000e+04  2.840789e+03 -5.193954e-02  4.740439e-02 -3.330053e-02 
 3.425000e+04  2.852363e+03 -5.201093e-02  4.746711e-02 -3.334895e-02 
 3.430000e+04  2.863937e+03 -5.208230e-02  4.752960e-02 -3.339743e-02 
 3.435000e+04  2.875511e+03 -5.215348e-02  4.759164e-02 -3.344572e-02 
 3.440000e+04  2.887085e+03 -5.222449e-02  4.765378e-02 -3.349398e-02 
 3.445000e+04  2.898659e+03 -5.229539e-02  4.771599e-02 -3.354219e-02 
 3.450000e+04  2.910233e+03 -5.236634e-02  4.777812e-02 -3.359004e-02 
 3.455000e+04  2.921808e+03 -5.243746e-02  4.784022e-02 -3.363775e-02 
 3.460000e+04  2.933382e+03 -5.250797e-02  4.790206e-02 -3.368552e-02 
 3.465000e+04  2.944956e+03 -5.257851e-02  4.796386e-02 -3.373346e-02 
 3.470000e+04  2.956530e+03 -5.264887e-02  4.802573e-02 -3.378131e-02 
 3.475000e+04  2.968104e+03 -5.271909e-02  4.808686e-02 -3.382882e-02 
 3.480000e+04  2.979678e+03 -5.278914e-02  4.814759e-02 -3.387643e-02 
 3.485000e+04  2.991252e+03 -5.285885e-02  4.820805e-02 -3.392398e-02 
 3.490000e+04  3.002826e+03 -5.292862e-02  4.826819e-02 -3.397125e-02 
 3.495000e+04  3.014400e+03 -5.299856e-02  4.832841e-02 -3.401832e-02 
 3.500000e+04  3.025974e+03 -5.306777e-02  4.838906e-02 -3.406557e-02 
 3.505000e+04  3.037548e+03 -5.313728e-02  4.844997e-02 -3.411295e-02 
 3.510000e+04  3.049122e+03 -5.320672e-02  4.851111e-02 -3.416019e-02 
 3.515000e+04  3.060696e+03 -5.327623e-02  4.857247e-02 -3.420738e-02 
 3.520000e+04  3.072270e+03 -5.334561e-02  4.863368e-02 -3.425463e-02 
 3.525000e+04  3.083845e+03 -5.341455e-02  4.869476e-02 -3.430176e-02 
 3.530000e+04  3.095419e+03 -5.348335e-02  4.875536e-02 -3.434879e-02 
 3.535000e+04  3.106993e+03 -5.355189e-02  4.881586e-02 -3.439572e-02 
 3.540000e+04  3.118567e+03 -5.362051e-02  4.887583e-02 -3.444264e-02 
 3.545000e+04  3.130141e+03 -5.368940e-02  4.893516e-02 -3.448942e-02 
 3.550000e+04  3.141715e+03 -5.375819e-02  4.899447e-02 -3.453601e-02 
 3.555000e+04  3.153289e+03 -5.382653e-02  4.905359e-02 -3.458234e-02 
 3.560000e+04  3.164863e+03 -5.389478e-02  4.911306e-02 -3.462869e-02 
 3.565000e+04  3.176437e+03 -5.396295e-02  4.917308e-02 -3.467511e-02 
 3.570000e+04  3.188011e+03 -5.403105e-02  4.923318e-02 -3.472165e-02 
 3.575000e+04  3.199585e+03 -5.409935e-02  4.929318e-02 -3.476812e-02 
 3.580000e+04  3.211159e+03 -5.416762e-02  4.935302e-02 -3.481472e-02 
 3.585000e+04  3.222733e+03 -5.423573e-02  4.941270e-02 -3.486113e-02 
 3.590000e+04  3.234308e+03 -5.430331e-02  4.947223e-02 -3.490753e-02 
 3.595000e+04  3.245882e+03 -5.437032e-02  4.953153e-02 -3.495387e-02 
 3.600000e+04  3.257456e+03 -5.443756e-02  4.959082e-02 -3.500002e-02 
 3.605000e+04  3.269030e+03 -5.450486e-02  4.964990e-02 -3.504602e-02 
 3.610000e+04  3.280604e+03 -5.457217e-02  4.970855e-02 -3.509195e-02 
 3.615000e+04  3.292178e+03 -5.463943e-02  4.976752e-02 -3.513787e-02 
 3.620000e+04  3.303752e+03 -5.470668e-02  4.982680e-02 -3.518379e-02 
 3.625000e+04  3.315326e+03 -5.477396e-02  4.988572e-02 -3.522954e-02 
 3.630000e+04  3.326900e+03 -5.484132e-02  4.994445e-02 -3.527541e-02 
 3.635000e+04  3.338474e+03 -5.490860e-02  5.000327e-02 -3.532142e-02 
 3.640000e+04  3.350048e+03 -5.497561e-02  5.006198e-02 -3.536725e-02 
 3.645000e+04  3.361622e+03 -5.504213e-02  5.012060e-02 -3.541295e-02 
 3.650000e+04  3.373196e+03 -5.510819e-02  5.017904e-02 -3.545871e-02 
 3.655000e+04  3.384770e+03 -5.517404e-02  5.023753e-02 -3.550423e-02 
 3.660000e+04  3.396345e+03 -5.524025e-02  5.029593e-02 -3.554961e-02 
 3.665000e+04  3.407919e+03 -5.530645e-02  5.035429e-02 -3.559464e-02 
 3.670000e+04  3.419493e+03 -5.537284e-02  5.041228e-02 -3.563971e-02 
 3.675000e+04  3.431067e+03 -5.543930e-02  5.047026e-02 -3.568500e-02 
 3.680000e+04  3.442641e+03 -5.550563e-02  5.052814e-02 -3.573044e-02 
 3.685000e+04  3.454215e+03 -5.557157e-02  5.058597e-02 -3.577603e-02 
 3.690000e+04  3.465789e+03 -5.563703e-02  5.064391e-02 -3.582131e-02 
 3.695000e+04  3.477363e+03 -5.570210e-02  5.070192e-02 -3.586636e-02 
 3.700000e+04  3.488937e+03 -5.576744e-02  5.075991e-02 -3.591135e-02 
 3.705000e+04  3.500511e+03 -5.583312e-02  5.081808e-02 -3.595625e-02 
 3.710000e+04  3.512085e+03 -5.589884e-02  5.087617e-02 -3.600114e-02 
 3.715000e+04  3.523659e+03 -5.596464e-02  5.093416e-02 -3.604612e-02 
 3.720000e+04  3.535233e+03 -5.602984e-02  5.099198e-02 -3.609112e-02 
 3.725000e+04  3.546808e+03 -5.609425e-02  5.104943e-02 -3.613604e-02 
 3.730000e+04  3.558382e+03 -5.615879e-02  5.110682e-02 -3.618087e-02 
 3.735000e+04  3.569956e+03 -5.622374e-02  5.116418e-02 -3.622543e-02 
 3.740000e+04  3.581530e+03 -5.628891e-02  5.122159e-02 -3.627004e-02 
 3.745000e+04  3.593104e+03 -5.635397e-02  5.127907e-02 -3.631454e-02 
 3.750000e+04  3.604678e+03 -5.641907e-02  5.133655e-02 -3.635902e-02 
 3.755000e+04  3.616252e+03 -5.648433e-02  5.139397e-02 -3.640367e-02 
 3.760000e+04  3.627826e+03 -5.654946e-02  5.145091e-02 -3.644830e-02 
 3.765000e+04  3.639400e+03 -5.661436e-02  5.150716e-02 -3.649279e-02 
 3.770000e+04  3.650974e+03 -5.667919e-02  5.156237e-02 -3.653733e-02 
 3.775000e+04  3.662548e+03 -5.674346e-02  5.161773e-02 -3.658175e-02 
 3.780000e+04  3.674122e+03 -5.680768e-02  5.167359e-02 -3.662594e-02 
 3.785000e+04  3.685696e+03 -5.687215e-02  5.172984e-02 -3.666997e-02 
 3.790000e+04  3.697270e+03 -5.693703e-02  5.178654e-02 -3.671393e-02 
 3.795000e+04  3.708845e+03 -5.700205e-02  5.184346e-02 -3.675803e-02 
 3.800000e+04  3.720419e+03 -5.706641e-02  5.190046e-02 -3.680208e-02 
 3.805000e+04  3.731993e+03 -5.713032e-02  5.195737e-02 -3.684624e-02 
 3.810000e+04  3.743567e+03 -5.719369e-02  5.201406e-02 -3.689050e-02 
 3.815000e+04  3.755141e+03 -5.725663e-02  5.207043e-02 -3.693474e-02 
 3.820000e+04  3.766715e+03 -5.731972e-02  5.212665e-02 -3.697880e-02 
 3.825000e+04  3.778289e+03 -5.738298e-02  5.218305e-02 -3.702283e-02 
 3.830000e+04  3.789863e+03 -5.744640e-02  5.223949e-02 -3.706671e-02 
 3.835000e+04  3.801437e+03 -5.750988e-02  5.229608e-02 -3.711041e-02 
 3.840000e+04  3.813011e+03 -5.757329e-02  5.235283e-02 -3.715415e-02 
 3.845000e+04  3.824585e+03 -5.763653e-02  5.240949e-02 -3.719790e-02 
 3.850000e+04  3.836159e+03 -5.769957e-02  5.246568e-02 -3.724159e-02 
 3.855000e+04  3.847733e+03 -5.776246e-02  5.252087e-02 -3.728526e-02 
 3.860000e+04  3.859308e+03 -5.782534e-02  5.257606e-02 -3.732896e-02 
 3.865000e+04  3.870882e+03 -5.788836e-02  5.263141e-02 -3.737250e-02 
 3.870000e+04  3.882456e+03 -5.795164e-02  5.268674e-02 -3.741572e-02 
 3.875000e+04  3.894030e+03 -5.801538e-02  5.274218e-02 -3.745898e-02 
 3.880000e+04  3.905604e+03 -5.807946e-02  5.279767e-02 -3.750233e-02 
 3.885000e+04  3.917178e+03 -5.814314e-02  5.285286e-02 -3.754567e-02 
 3.890000e+04  3.928752e+03 -5.820640e-02  5.290809e-02 -3.758899e-02 
 3.895000e+04  3.940326e+03 -5.826947e-02  5.296347e-02 -3.763249e-02 
 3.900000e+04  3.951900e+03 -5.833246e-02  5.301891e-02 -3.767602e-02 
 3.905000e+04  3.963474e+03 -5.839530e-02  5.307414e-02 -3.771941e-02 
 3.910000e+04  3.975048e+03 -5.845815e-02  5.312930e-02 -3.776276e-02 
 3.915000e+04  3.986622e+03 -5.852101e-02  5.318453e-02 -3.780585e-02 
 3.920000e+04  3.998196e+03 -5.858351e-02  5.323968e-02 -3.784868e-02 
 3.925000e+04  4.009770e+03 -5.864563e-02  5.329482e-02 -3.789134e-02 
 3.930000e+04  4.021345e+03 -5.870758e-02  5.335014e-02 -3.793414e-02 
 3.935000e+04  4.032919e+03 -5.876944e-02  5.340545e-02 -3.797713e-02 
 3.940000e+04  4.044493e+03 -5.883122e-02  5.346066e-02 -3.802021e-02 
 3.945000e+04  4.056067e+03 -5.889294e-02  5.351587e-02 -3.806325e-02 
 3.950000e+04  4.067641e+03 -5.895468e-02  5.357115e-02 -3.810632e-02 
 3.955000e+04  4.079215e+03 -5.901648e-02  5.362647e-02 -3.814919e-02 
 3.960000e+04  4.090789e+03 -5.907835e-02  5.368143e-02 -3.819185e-02 
 3.965000e+04  4.102363e+03 -5.914029e-02  5.373564e-02 -3.823437e-02 
 3.970000e+04  4.113937e+03 -5.920222e-02  5.378956e-02 -3.827706e-02 
 3.975000e+04  4.125511e+03 -5.926426e-02  5.384370e-02 -3.831971e-02 
 3.980000e+04  4.137085e+03 -5.932635e-02  5.389790e-02 -3.836220e-02 
 3.985000e+04  4.148659e+03 -5.938845e-02  5.395227e-02 -3.840467e-02 
 3.990000e+04  4.160233e+03 -5.945035e-02  5.400661e-02 -3.844720e-02 
 3.995000e+04  4.171808e+03 -5.951231e-02  5.406093e-02 -3.848969e-02 
 4.000000e+04  4.183382e+03 -5.957419e-02  5.411520e-02 -3.853220e-02 
 4.005000e+04  4.194956e+03 -5.963598e-02  5.416931e-02 -3.857474e-02 
 4.010000e+04  4.206530e+03 -5.969775e-02  5.422343e-02 -3.861728e-02 
 4.015000e+04  4.218104e+03 -5.975943e-02  5.427757e-02 -3.865976e-02 
 4.020000e+04  4.229678e+03 -5.982084e-02  5.433169e-02 -3.870219e-02 
 4.025000e+04  4.241252e+03 -5.988189e-02  5.438581e-02 -3.874455e-02 
 4.030000e+04  4.252826e+03 -5.994261e-02  5.444007e-02 -3.878670e-02 
 4.035000e+04  4.264400e+03 -6.000328e-02  5.449441e-02 -3.882885e-02 
 4.040000e+04  4.275974e+03 -6.006377e-02  5.454892e-02 -3.887096e-02 
 4.045000e+04  4.287548e+03 -6.012429e-02  5.460342e-02 -3.891304e-02 
 4.050000e+04  4.299122e+03 -6.018494e-02  5.465786e-02 -3.895518e-02 
 4.055000e+04  4.310696e+03 -6.024554e-02  5.471212e-02 -3.899731e-02 
 4.060000e+04  4.322270e+03 -6.030607e-02  5.476605e-02 -3.903944e-02 
 4.065000e+04  4.333845e+03 -6.036669e-02  5.481974e-02 -3.908159e-02 
 4.070000e+04  4.345419e+03 -6.042718e-02  5.487346e-02 -3.912366e-02 
 4.075000e+04  4.356993e+03 -6.048757e-02  5.492716e-02 -3.916559e-02 
 4.080000e+04  4.368567e+03 -6.054808e-02  5.498092e-02 -3.920749e-02 
 4.085000e+04  4.380141e+03 -6.060882e-02  5.503467e-02 -3.924946e-02 
 4.090000e+04  4.391715e+03 -6.066977e-02  5.508838e-02 -3.929137e-02 
 4.095000e+04  4.403289e+03 -6.073080e-02  5.514185e-02 -3.933326e-02 
 4.100000e+04  4.414863e+03 -6.079166e-02  5.519523e-02 -3.937499e-02 
 4.105000e+04  4.426437e+03 -6.085245e-02  5.524835e-02 -3.941671e-02 
 4.110000e+04  4.438011e+03 -6.091318e-02  5.530134e-02 -3.945849e-02 
 4.115000e+04  4.449585e+03 -6.097367e-02  5.535422e-02 -3.950025e-02 
 4.120000e+04  4.461159e+03 -6.103396e-02  5.540659e-02 -3.954197e-02 
 4.125000e+04  4.472733e+03 -6.109406e-02  5.545929e-02 -3.958347e-02 
 4.130000e+04  4.484308e+03 -6.115392e-02  5.551220e-02 -3.962504e-02 
 4.135000e+04  4.495882e+03 -6.121391e-02  5.556542e-02 -3.966657e-02 
 4.140000e+04  4.507456e+03 -6.127402e-02  5.561862e-02 -3.970811e-02 
 4.145000e+04  4.519030e+03 -6.133425e-02  5.567199e-02 -3.974968e-02 
 4.150000e+04  4.530604e+03 -6.139418e-02  5.572538e-02 -3.979133e-02 
 4.155000e+04  4.542178e+03 -6.145382e-02  5.577871e-02 -3.983291e-02 
 4.160000e+04  4.553752e+03 -6.151322e-02  5.583190e-02 -3.987440e-02 
 4.165000e+04  4.565326e+03 -6.157273e-02  5.588502e-02 -3.991586e-02 
 4.170000e+04  4.576900e+03 -6.163225e-02  5.593811e-02 -3.995730e-02 
 4.175000e+04  4.588474e+03 -6.169174e-02  5.599120e-02 -3.999861e-02 
 4.180000e+04  4.600048e+03 -6.175115e-02  5.604403e-02 -4.003980e-02 
 4.185000e+04  4.611622e+03 -6.181065e-02  5.609683e-02 -4.008094e-02 
 4.190000e+04  4.623196e+03 -6.187032e-02  5.614950e-02 -4.012216e-02 
 4.195000e+04  4.634770e+03 -6.192988e-02  5.620152e-02 -4.016338e-02 
 4.200000e+04  4.646345e+03 -6.198939e-02  5.625345e-02 -4.020463e-02 
 4.205000e+04  4.657919e+03 -6.204887e-02  5.630549e-02 -4.024588e-02 
 4.210000e+04  4.669493e+03 -6.210843e-02  5.635774e-02 -4.028710e-02 
 4.215000e+04  4.681067e+03 -6.216812e-02  5.641000e-02 -4.032820e-02 
 4.220000e+04  4.692641e+03 -6.222796e-02  5.646226e-02 -4.036922e-02 
 4.225000e+04  4.704215e+03 -6.228775e-02  5.651455e-02 -4.041031e-02 
 4.230000e+04  4.715789e+03 -6.234734e-02  5.656685e-02 -4.045138e-02 
 4.235000e+04  4.727363e+03 -6.240659e-02  5.661866e-02 -4.049238e-02 
 4.240000e+04  4.738937e+03 -6.246577e-02  5.667019e-02 -4.053334e-02 
 4.245000e+04  4.750511e+03 -6.252484e-02  5.672188e-02 -4.057436e-02 
 4.250000e+04  4.762085e+03 -6.258366e-02  5.677372e-02 -4.061537e-02 
 4.255000e+04  4.773659e+03 -6.264241e-02  5.682566e-02 -4.065618e-02 
 4.260000e+04  4.785233e+03 -6.270114e-02  5.687783e-02 -4.069702e-02 
 4.265000e+04  4.796808e+03 -6.275989e-02  5.693027e-02 -4.073780e-02 
 4.270000e+04  4.808382e+03 -6.281848e-02  5.698283e-02 -4.077845e-02 
 4.275000e+04  4.819956e+03 -6.287697e-02  5.703527e-02 -4.081902e-02 
 4.280000e+04  4.831530e+03 -6.293543e-02  5.708753e-02 -4.085972e-02 
 4.285000e+04  4.843104e+03 -6.299378e-02  5.713966e-02 -4.090053e-02 
 4.290000e+04  4.854678e+03 -6.305203e-02  5.719162e-02 -4.094135e-02 
 4.295000e+04  4.866252e+03 -6.311031e-02  5.724353e-02 -4.098211e-02 
 4.300000e+04  4.877826e+03 -6.316871e-02  5.729531e-02 -4.102277e-02 
 4.305000e+04  4.889400e+03 -6.322729e-02  5.734707e-02 -4.106334e-02 
 4.310000e+04  4.900974e+03 -6.328596e-02  5.739881e-02 -4.110378e-02 
 4.315000e+04  4.912548e+03 -6.334463e-02  5.745053e-02 -4.114395e-02 
 4.320000e+04  4.924122e+03 -6.340323e-02  5.750230e-02 -4.118426e-02 
 4.325000e+04  4.935696e+03 -6.346161e-02  5.755404e-02 -4.122466e-02 
 4.330000e+04  4.947270e+03 -6.351998e-02  5.760538e-02 -4.126511e-02 
 4.335000e+04  4.958845e+03 -6.357843e-02  5.765612e-02 -4.130566e-02 
 4.340000e+04  4.970419e+03 -6.363681e-02  5.770682e-02 -4.134626e-02 
 4.345000e+04  4.981993e+03 -6.369484e-02  5.775767e-02 -4.138670e-02 
 4.350000e+04  4.993567e+03 -6.375279e-02  5.780874e-02 -4.142697e-02 
 4.355000e+04  5.005141e+03 -6.381098e-02  5.786009e-02 -4.146710e-02 
 4.360000e+04  5.016715e+03 -6.386932e-02  5.791168e-02 -4.150717e-02 
 4.365000e+04  5.028289e+03 -6.392749e-02  5.796339e-02 -4.154720e-02 
 4.370000e+04  5.039863e+03 -6.398534e-02  5.801513e-02 -4.158725e-02 
 4.375000e+04  5.051437e+03 -6.404308e-02  5.806673e-02 -4.162749e-02 
 4.380000e+04  5.063011e+03 -6.410068e-02  5.811805e-02 -4.166782e-02 
 4.385000e+04  5.074585e+03 -6.415816e-02  5.816920e-02 -4.170814e-02 
 4.390000e+04  5.086159e+03 -6.421567e-02  5.822033e-02 -4.174832e-02 
 4.395000e+04  5.097733e+03 -6.427316e-02  5.827153e-02 -4.178839e-02 
 4.400000e+04  5.109308e+03 -6.433053e-02  5.832237e-02 -4.182833e-02 
 4.405000e+04  5.120882e+03 -6.438783e-02  5.837322e-02 -4.186804e-02 
 4.410000e+04  5.132456e+03 -6.444509e-02  5.842419e-02 -4.190774e-02 
 4.415000e+04  5.144030e+03 -6.450200e-02  5.847527e-02 -4.194758e-02 
 4.420000e+04  5.155604e+03 -6.455903e-02  5.852631e-02 -4.198751e-02 
 4.425000e+04  5.167178e+03 -6.461602e-02  5.857728e-02 -4.202747e-02 
 4.430000e+04  5.178752e+03 -6.467327e-02  5.862814e-02 -4.206735e-02 
 4.435000e+04  5.190326e+03 -6.473052e-02  5.867892e-02 -4.210718e-02 
 4.440000e+04  5.201900e+03 -6.478784e-02  5.872965e-02 -4.214699e-02 
 4.445000e+04  5.213474e+03 -6.484532e-02  5.878030e-02 -4.218680e-02 
 4.450000e+04  5.225048e+03 -6.490276e-02  5.883100e-02 -4.222658e-02 
 4.455000e+04  5.236622e+03 -6.496018e-02  5.888159e-02 -4.226631e-02 
 4.460000e+04  5.248196e+03 -6.501745e-02  5.893217e-02 -4.230600e-02 
 4.465000e+04  5.259770e+03 -6.507456e-02  5.898283e-02 -4.234573e-02 
 4.470000e+04  5.271345e+03 -6.513173e-02  5.903339e-02 -4.238551e-02 
 4.475000e+04  5.282919e+03 -6.518873e-02  5.908397e-02 -4.242530e-02 
