         Step [creep.tim... Z Displace... Z Displace... X Displace... 
------------- ------------- ------------- ------------- ------------- 
 5.250000e+03  1.276223e-07 -4.629353e-03  4.524540e-03 -2.433365e-03 
 5.300000e+03  3.886505e-06 -4.629547e-03  4.524639e-03 -2.433563e-03 
 5.350000e+03  3.138673e-05 -4.630375e-03  4.524768e-03 -2.434122e-03 
 5.400000e+03  1.995417e-04 -4.630695e-03  4.524953e-03 -2.434241e-03 
 5.450000e+03  8.210597e-04 -4.631572e-03  4.526169e-03 -2.435698e-03 
 5.500000e+03  1.642100e-03 -4.634439e-03  4.529002e-03 -2.438662e-03 
 5.550000e+03  2.680334e-03 -4.639623e-03  4.534232e-03 -2.443512e-03 
 5.600000e+03  4.074210e-03 -4.647499e-03  4.542911e-03 -2.450042e-03 
 5.650000e+03  6.111273e-03 -4.658832e-03  4.556022e-03 -2.459044e-03 
 5.700000e+03  8.340730e-03 -4.669925e-03  4.568607e-03 -2.467172e-03 
 5.750000e+03  1.065619e-02 -4.679241e-03  4.578138e-03 -2.473801e-03 
 5.800000e+03  1.297165e-02 -4.687934e-03  4.586495e-03 -2.480371e-03 
 5.850000e+03  1.528711e-02 -4.697592e-03  4.595898e-03 -2.488321e-03 
 5.900000e+03  1.760257e-02 -4.708304e-03  4.606899e-03 -2.497420e-03 
 5.950000e+03  2.001746e-02 -4.719846e-03  4.619346e-03 -2.507889e-03 
 6.000000e+03  2.318140e-02 -4.734794e-03  4.634766e-03 -2.521263e-03 
 6.050000e+03  2.653723e-02 -4.749761e-03  4.648933e-03 -2.532779e-03 
 6.100000e+03  3.006085e-02 -4.764224e-03  4.661843e-03 -2.542212e-03 
 6.150000e+03  3.365288e-02 -4.778359e-03  4.674762e-03 -2.551212e-03 
 6.200000e+03  3.724492e-02 -4.792488e-03  4.688678e-03 -2.561125e-03 
 6.250000e+03  4.083696e-02 -4.807196e-03  4.704179e-03 -2.572462e-03 
 6.300000e+03  4.442900e-02 -4.822377e-03  4.720395e-03 -2.585122e-03 
 6.350000e+03  4.860005e-02 -4.839058e-03  4.737691e-03 -2.600129e-03 
 6.400000e+03  5.324890e-02 -4.855117e-03  4.754254e-03 -2.614952e-03 
 6.450000e+03  5.806258e-02 -4.870393e-03  4.770480e-03 -2.627936e-03 
 6.500000e+03  6.287625e-02 -4.885865e-03  4.786899e-03 -2.639607e-03 
 6.550000e+03  6.768992e-02 -4.902194e-03  4.803981e-03 -2.651187e-03 
 6.600000e+03  7.250359e-02 -4.919477e-03  4.822093e-03 -2.663535e-03 
 6.650000e+03  7.731727e-02 -4.937428e-03  4.841109e-03 -2.676814e-03 
 6.700000e+03  8.240051e-02 -4.955199e-03  4.860147e-03 -2.691084e-03 
 6.750000e+03  8.798753e-02 -4.972118e-03  4.878009e-03 -2.705758e-03 
 6.800000e+03  9.422387e-02 -4.989786e-03  4.896050e-03 -2.721175e-03 
 6.850000e+03  1.006747e-01 -5.008268e-03  4.914521e-03 -2.736326e-03 
 6.900000e+03  1.071254e-01 -5.027105e-03  4.933515e-03 -2.751008e-03 
 6.950000e+03  1.135762e-01 -5.046716e-03  4.953464e-03 -2.765613e-03 
 7.000000e+03  1.201044e-01 -5.067686e-03  4.974663e-03 -2.780448e-03 
 7.050000e+03  1.271690e-01 -5.090358e-03  4.996932e-03 -2.795900e-03 
 7.100000e+03  1.343236e-01 -5.111039e-03  5.016841e-03 -2.810530e-03 
 7.150000e+03  1.417912e-01 -5.130672e-03  5.036136e-03 -2.825635e-03 
 7.200000e+03  1.492588e-01 -5.149412e-03  5.055057e-03 -2.841121e-03 
 7.250000e+03  1.567264e-01 -5.167795e-03  5.074107e-03 -2.856654e-03 
 7.300000e+03  1.643068e-01 -5.186885e-03  5.093822e-03 -2.872371e-03 
 7.350000e+03  1.731358e-01 -5.210173e-03  5.117414e-03 -2.890130e-03 
 7.400000e+03  1.822127e-01 -5.234103e-03  5.141265e-03 -2.907067e-03 
 7.450000e+03  1.912896e-01 -5.256450e-03  5.163534e-03 -2.922524e-03 
 7.500000e+03  2.003665e-01 -5.277617e-03  5.185015e-03 -2.937688e-03 
 7.550000e+03  2.094434e-01 -5.298386e-03  5.206364e-03 -2.953233e-03 
 7.600000e+03  2.185203e-01 -5.318540e-03  5.227487e-03 -2.969208e-03 
 7.650000e+03  2.278287e-01 -5.338737e-03  5.248726e-03 -2.985900e-03 
 7.700000e+03  2.389057e-01 -5.362638e-03  5.273744e-03 -3.005724e-03 
 7.750000e+03  2.504904e-01 -5.387255e-03  5.299013e-03 -3.025125e-03 
 7.800000e+03  2.620751e-01 -5.411390e-03  5.323149e-03 -3.042601e-03 
 7.850000e+03  2.736598e-01 -5.435309e-03  5.347030e-03 -3.059364e-03 
 7.900000e+03  2.852445e-01 -5.459312e-03  5.371052e-03 -3.076126e-03 
 7.950000e+03  2.968291e-01 -5.482973e-03  5.394872e-03 -3.093047e-03 
 8.000000e+03  3.084138e-01 -5.505931e-03  5.417966e-03 -3.110227e-03 
 8.050000e+03  3.209886e-01 -5.529918e-03  5.441945e-03 -3.129123e-03 
 8.100000e+03  3.343993e-01 -5.554296e-03  5.466568e-03 -3.148808e-03 
 8.150000e+03  3.478101e-01 -5.577926e-03  5.490431e-03 -3.167352e-03 
 8.200000e+03  3.612208e-01 -5.601693e-03  5.514258e-03 -3.184963e-03 
 8.250000e+03  3.746315e-01 -5.625992e-03  5.538343e-03 -3.202068e-03 
 8.300000e+03  3.880422e-01 -5.650591e-03  5.562493e-03 -3.218819e-03 
 8.350000e+03  4.016943e-01 -5.675133e-03  5.586627e-03 -3.235799e-03 
 8.400000e+03  4.168373e-01 -5.701104e-03  5.612344e-03 -3.254647e-03 
 8.450000e+03  4.327965e-01 -5.726872e-03  5.638336e-03 -3.274413e-03 
 8.500000e+03  4.490974e-01 -5.751971e-03  5.664059e-03 -3.294355e-03 
 8.550000e+03  4.653982e-01 -5.776827e-03  5.689326e-03 -3.313824e-03 
 8.600000e+03  4.821717e-01 -5.802662e-03  5.715502e-03 -3.333251e-03 
 8.650000e+03  4.992875e-01 -5.829237e-03  5.742511e-03 -3.352490e-03 
 8.700000e+03  5.164034e-01 -5.855667e-03  5.769251e-03 -3.370994e-03 
 8.750000e+03  5.341885e-01 -5.882377e-03  5.796133e-03 -3.389673e-03 
 8.800000e+03  5.530587e-01 -5.910048e-03  5.823698e-03 -3.409330e-03 
 8.850000e+03  5.719289e-01 -5.936757e-03  5.850416e-03 -3.429062e-03 
 8.900000e+03  5.907991e-01 -5.962457e-03  5.876410e-03 -3.448704e-03 
 8.950000e+03  6.099146e-01 -5.988076e-03  5.902308e-03 -3.468503e-03 
 9.000000e+03  6.304219e-01 -6.015588e-03  5.930077e-03 -3.489458e-03 
 9.050000e+03  6.512263e-01 -6.043352e-03  5.957988e-03 -3.509883e-03 
 9.100000e+03  6.721763e-01 -6.071013e-03  5.985608e-03 -3.529284e-03 
 9.150000e+03  6.940210e-01 -6.099752e-03  6.014031e-03 -3.548985e-03 
 9.200000e+03  7.158656e-01 -6.128225e-03  6.041917e-03 -3.568535e-03 
 9.250000e+03  7.377102e-01 -6.155785e-03  6.068888e-03 -3.588078e-03 
 9.300000e+03  7.595549e-01 -6.182333e-03  6.095039e-03 -3.607761e-03 
 9.350000e+03  7.823170e-01 -6.209390e-03  6.121978e-03 -3.628408e-03 
 9.400000e+03  8.052539e-01 -6.236032e-03  6.148854e-03 -3.648783e-03 
 9.450000e+03  8.283742e-01 -6.262590e-03  6.175567e-03 -3.668394e-03 
 9.500000e+03  8.534695e-01 -6.291631e-03  6.204553e-03 -3.688860e-03 
 9.550000e+03  8.787574e-01 -6.320994e-03  6.233729e-03 -3.709023e-03 
 9.600000e+03  9.040453e-01 -6.349761e-03  6.262305e-03 -3.728832e-03 
 9.650000e+03  9.296113e-01 -6.378024e-03  6.290385e-03 -3.748811e-03 
 9.700000e+03  9.561636e-01 -6.406691e-03  6.318874e-03 -3.769693e-03 
 9.750000e+03  9.827159e-01 -6.434511e-03  6.346640e-03 -3.790528e-03 
 9.800000e+03  1.009268e+00 -6.461519e-03  6.373793e-03 -3.810965e-03 
 9.850000e+03  1.036856e+00 -6.489414e-03  6.401956e-03 -3.831642e-03 
 9.900000e+03  1.065377e+00 -6.518446e-03  6.431212e-03 -3.852496e-03 
 9.950000e+03  1.094651e+00 -6.548098e-03  6.461130e-03 -3.873289e-03 
 1.000000e+04  1.123925e+00 -6.577335e-03  6.490461e-03 -3.893503e-03 
 1.005000e+04  1.154458e+00 -6.607486e-03  6.520443e-03 -3.914389e-03 
 1.010000e+04  1.185195e+00 -6.637322e-03  6.549867e-03 -3.935426e-03 
 1.015000e+04  1.215933e+00 -6.666227e-03  6.578200e-03 -3.956414e-03 
 1.020000e+04  1.246670e+00 -6.694334e-03  6.605956e-03 -3.977287e-03 
 1.025000e+04  1.278730e+00 -6.723522e-03  6.634856e-03 -3.998843e-03 
 1.030000e+04  1.311004e+00 -6.752815e-03  6.663971e-03 -4.020012e-03 
 1.035000e+04  1.343279e+00 -6.781910e-03  6.692849e-03 -4.040380e-03 
 1.040000e+04  1.378560e+00 -6.813644e-03  6.724153e-03 -4.061995e-03 
 1.045000e+04  1.414142e+00 -6.845432e-03  6.755414e-03 -4.083597e-03 
 1.050000e+04  1.449725e+00 -6.876370e-03  6.785780e-03 -4.105107e-03 
 1.055000e+04  1.485307e+00 -6.906329e-03  6.815175e-03 -4.126578e-03 
 1.060000e+04  1.522562e+00 -6.937132e-03  6.845492e-03 -4.149144e-03 
 1.065000e+04  1.559924e+00 -6.967701e-03  6.875626e-03 -4.171580e-03 
 1.070000e+04  1.597286e+00 -6.997733e-03  6.905522e-03 -4.193371e-03 
 1.075000e+04  1.636856e+00 -7.029371e-03  6.937033e-03 -4.215676e-03 
 1.080000e+04  1.678047e+00 -7.062345e-03  6.969906e-03 -4.238405e-03 
 1.085000e+04  1.719238e+00 -7.094883e-03  7.002548e-03 -4.260804e-03 
 1.090000e+04  1.760430e+00 -7.126657e-03  7.034318e-03 -4.282946e-03 
 1.095000e+04  1.803186e+00 -7.159122e-03  7.066534e-03 -4.305863e-03 
 1.100000e+04  1.846437e+00 -7.191477e-03  7.098533e-03 -4.329075e-03 
 1.105000e+04  1.889688e+00 -7.223044e-03  7.129773e-03 -4.352101e-03 
 1.110000e+04  1.933328e+00 -7.254381e-03  7.160840e-03 -4.374851e-03 
 1.115000e+04  1.978742e+00 -7.287063e-03  7.193176e-03 -4.398076e-03 
 1.120000e+04  2.024155e+00 -7.319753e-03  7.225473e-03 -4.420801e-03 
 1.125000e+04  2.069569e+00 -7.352048e-03  7.257389e-03 -4.442924e-03 
 1.130000e+04  2.117198e+00 -7.385568e-03  7.290465e-03 -4.465802e-03 
 1.135000e+04  2.167266e+00 -7.420420e-03  7.324729e-03 -4.489810e-03 
 1.140000e+04  2.217335e+00 -7.454454e-03  7.357961e-03 -4.513780e-03 
 1.145000e+04  2.267403e+00 -7.487599e-03  7.390317e-03 -4.537547e-03 
 1.150000e+04  2.319324e+00 -7.521678e-03  7.423628e-03 -4.562031e-03 
 1.155000e+04  2.371896e+00 -7.556092e-03  7.457309e-03 -4.586398e-03 
 1.160000e+04  2.424467e+00 -7.590132e-03  7.490696e-03 -4.610088e-03 
 1.165000e+04  2.478038e+00 -7.624524e-03  7.524384e-03 -4.633620e-03 
 1.170000e+04  2.534894e+00 -7.660747e-03  7.560059e-03 -4.658353e-03 
 1.175000e+04  2.592855e+00 -7.696996e-03  7.595996e-03 -4.683375e-03 
 1.180000e+04  2.650815e+00 -7.732410e-03  7.631022e-03 -4.708206e-03 
 1.185000e+04  2.709703e+00 -7.767836e-03  7.665934e-03 -4.733339e-03 
 1.190000e+04  2.770561e+00 -7.804055e-03  7.701611e-03 -4.759195e-03 
 1.195000e+04  2.831419e+00 -7.839722e-03  7.736772e-03 -4.784630e-03 
 1.200000e+04  2.892278e+00 -7.874970e-03  7.771590e-03 -4.809453e-03 
 1.205000e+04  2.955753e+00 -7.911727e-03  7.807809e-03 -4.834872e-03 
 1.210000e+04  3.019654e+00 -7.948511e-03  7.844127e-03 -4.860075e-03 
 1.215000e+04  3.083555e+00 -7.984734e-03  7.879914e-03 -4.884903e-03 
 1.220000e+04  3.147840e+00 -8.020620e-03  7.915142e-03 -4.909713e-03 
 1.225000e+04  3.214936e+00 -8.057601e-03  7.951404e-03 -4.935628e-03 
 1.230000e+04  3.282033e+00 -8.093976e-03  7.987088e-03 -4.961363e-03 
 1.235000e+04  3.349129e+00 -8.129759e-03  8.022118e-03 -4.986700e-03 
 1.240000e+04  3.420869e+00 -8.167856e-03  8.059273e-03 -5.013408e-03 
 1.245000e+04  3.494842e+00 -8.207162e-03  8.097447e-03 -5.040485e-03 
 1.250000e+04  3.568816e+00 -8.246054e-03  8.135253e-03 -5.067025e-03 
 1.255000e+04  3.642790e+00 -8.284332e-03  8.172578e-03 -5.093107e-03 
 1.260000e+04  3.720092e+00 -8.323854e-03  8.211185e-03 -5.120224e-03 
 1.265000e+04  3.797765e+00 -8.363008e-03  8.249562e-03 -5.147408e-03 
 1.270000e+04  3.875437e+00 -8.401267e-03  8.287105e-03 -5.174332e-03 
 1.275000e+04  3.955288e+00 -8.440109e-03  8.325157e-03 -5.201697e-03 
 1.280000e+04  4.040922e+00 -8.481656e-03  8.365789e-03 -5.230747e-03 
 1.285000e+04  4.126556e+00 -8.522823e-03  8.406062e-03 -5.259304e-03 
 1.290000e+04  4.212189e+00 -8.563367e-03  8.445764e-03 -5.287267e-03 
 1.295000e+04  4.299279e+00 -8.604371e-03  8.485826e-03 -5.315288e-03 
 1.300000e+04  4.389194e+00 -8.646339e-03  8.526915e-03 -5.344018e-03 
 1.305000e+04  4.479110e+00 -8.687486e-03  8.567320e-03 -5.372518e-03 
 1.310000e+04  4.569385e+00 -8.728027e-03  8.607145e-03 -5.400874e-03 
 1.315000e+04  4.663796e+00 -8.770092e-03  8.648470e-03 -5.430381e-03 
 1.320000e+04  4.758208e+00 -8.811790e-03  8.689334e-03 -5.459615e-03 
 1.325000e+04  4.852619e+00 -8.852888e-03  8.729595e-03 -5.488261e-03 
 1.330000e+04  4.950335e+00 -8.895272e-03  8.770940e-03 -5.517360e-03 
 1.335000e+04  5.049466e+00 -8.938276e-03  8.812567e-03 -5.546584e-03 
 1.340000e+04  5.148598e+00 -8.980668e-03  8.853661e-03 -5.575480e-03 
 1.345000e+04  5.247730e+00 -9.022269e-03  8.894036e-03 -5.604059e-03 
 1.350000e+04  5.353187e+00 -9.066044e-03  8.936600e-03 -5.634365e-03 
 1.355000e+04  5.462479e+00 -9.110932e-03  8.980317e-03 -5.665618e-03 
 1.360000e+04  5.571772e+00 -9.155163e-03  9.023328e-03 -5.696378e-03 
 1.365000e+04  5.683688e+00 -9.199995e-03  9.066839e-03 -5.727365e-03 
 1.370000e+04  5.798446e+00 -9.245856e-03  9.111245e-03 -5.758788e-03 
 1.375000e+04  5.913203e+00 -9.291186e-03  9.155226e-03 -5.789803e-03 
 1.380000e+04  6.027961e+00 -9.335839e-03  9.198573e-03 -5.820345e-03 
 1.385000e+04  6.147894e+00 -9.382056e-03  9.243385e-03 -5.852042e-03 
 1.390000e+04  6.274414e+00 -9.430297e-03  9.290276e-03 -5.885286e-03 
 1.395000e+04  6.400934e+00 -9.477706e-03  9.336494e-03 -5.918156e-03 
 1.400000e+04  6.527454e+00 -9.524404e-03  9.382064e-03 -5.950620e-03 
 1.405000e+04  6.656631e+00 -9.571834e-03  9.428267e-03 -5.983439e-03 
 1.410000e+04  6.789477e+00 -9.620202e-03  9.475382e-03 -6.016796e-03 
 1.415000e+04  6.922323e+00 -9.667906e-03  9.521906e-03 -6.049606e-03 
 1.420000e+04  7.056498e+00 -9.715674e-03  9.568381e-03 -6.082314e-03 
 1.425000e+04  7.195986e+00 -9.765043e-03  9.616228e-03 -6.116071e-03 
 1.430000e+04  7.335475e+00 -9.813705e-03  9.663398e-03 -6.149588e-03 
 1.435000e+04  7.474963e+00 -9.861581e-03  9.709834e-03 -6.182708e-03 
 1.440000e+04  7.619613e+00 -9.910843e-03  9.757601e-03 -6.216721e-03 
 1.445000e+04  7.766076e+00 -9.960433e-03  9.805599e-03 -6.250858e-03 
 1.450000e+04  7.912538e+00 -1.000944e-02  9.852932e-03 -6.284560e-03 
 1.455000e+04  8.061491e+00 -1.005872e-02  9.900560e-03 -6.318268e-03 
 1.460000e+04  8.215277e+00 -1.010933e-02  9.949339e-03 -6.352767e-03 
 1.465000e+04  8.369063e+00 -1.015947e-02  9.997609e-03 -6.387010e-03 
 1.470000e+04  8.522849e+00 -1.020873e-02  1.004520e-02 -6.420860e-03 
 1.475000e+04  8.682172e+00 -1.025932e-02  1.009394e-02 -6.455586e-03 
 1.480000e+04  8.849137e+00 -1.031197e-02  1.014467e-02 -6.491726e-03 
 1.485000e+04  9.018686e+00 -1.036468e-02  1.019560e-02 -6.528008e-03 
 1.490000e+04  9.188235e+00 -1.041671e-02  1.024591e-02 -6.563783e-03 
 1.495000e+04  9.365753e+00 -1.047078e-02  1.029822e-02 -6.600881e-03 
 1.500000e+04  9.543780e+00 -1.052457e-02  1.035022e-02 -6.637688e-03 
 1.505000e+04  9.721806e+00 -1.057760e-02  1.040152e-02 -6.674044e-03 
 1.510000e+04  9.904461e+00 -1.063146e-02  1.045357e-02 -6.710957e-03 
 1.515000e+04  1.010055e+01 -1.068883e-02  1.050899e-02 -6.750322e-03 
 1.520000e+04  1.029682e+01 -1.074550e-02  1.056383e-02 -6.789302e-03 
 1.525000e+04  1.049310e+01 -1.080142e-02  1.061784e-02 -6.827773e-03 
 1.530000e+04  1.069271e+01 -1.085782e-02  1.067226e-02 -6.866463e-03 
 1.535000e+04  1.089880e+01 -1.091566e-02  1.072802e-02 -6.906087e-03 
 1.540000e+04  1.110488e+01 -1.097280e-02  1.078312e-02 -6.945224e-03 
 1.545000e+04  1.131200e+01 -1.102955e-02  1.083776e-02 -6.984059e-03 
 1.550000e+04  1.152839e+01 -1.108845e-02  1.089435e-02 -7.024301e-03 
 1.555000e+04  1.174479e+01 -1.114681e-02  1.095034e-02 -7.064201e-03 
 1.560000e+04  1.196118e+01 -1.120444e-02  1.100550e-02 -7.103608e-03 
 1.565000e+04  1.218644e+01 -1.126384e-02  1.106233e-02 -7.144142e-03 
 1.570000e+04  1.241366e+01 -1.132329e-02  1.111930e-02 -7.184713e-03 
 1.575000e+04  1.264087e+01 -1.138199e-02  1.117558e-02 -7.224913e-03 
 1.580000e+04  1.287103e+01 -1.144066e-02  1.123189e-02 -7.265107e-03 
 1.585000e+04  1.311819e+01 -1.150329e-02  1.129199e-02 -7.307854e-03 
 1.590000e+04  1.336870e+01 -1.156618e-02  1.135238e-02 -7.350755e-03 
 1.595000e+04  1.361920e+01 -1.162816e-02  1.141194e-02 -7.393107e-03 
 1.600000e+04  1.387220e+01 -1.169003e-02  1.147140e-02 -7.435464e-03 
 1.605000e+04  1.413523e+01 -1.175391e-02  1.153269e-02 -7.479194e-03 
 1.610000e+04  1.439826e+01 -1.181701e-02  1.159333e-02 -7.522444e-03 
 1.615000e+04  1.466128e+01 -1.187931e-02  1.165323e-02 -7.565117e-03 
 1.620000e+04  1.493588e+01 -1.194389e-02  1.171528e-02 -7.609253e-03 
 1.625000e+04  1.521206e+01 -1.200832e-02  1.177710e-02 -7.653252e-03 
 1.630000e+04  1.548824e+01 -1.207195e-02  1.183813e-02 -7.696742e-03 
 1.635000e+04  1.577298e+01 -1.213687e-02  1.190034e-02 -7.741089e-03 
 1.640000e+04  1.607630e+01 -1.220554e-02  1.196600e-02 -7.787908e-03 
 1.645000e+04  1.638079e+01 -1.227380e-02  1.203119e-02 -7.834452e-03 
 1.650000e+04  1.668527e+01 -1.234121e-02  1.209548e-02 -7.880475e-03 
 1.655000e+04  1.699859e+01 -1.240997e-02  1.216093e-02 -7.927268e-03 
 1.660000e+04  1.731830e+01 -1.247950e-02  1.222721e-02 -7.974603e-03 
 1.665000e+04  1.763801e+01 -1.254819e-02  1.229275e-02 -8.021455e-03 
 1.670000e+04  1.795804e+01 -1.261617e-02  1.235761e-02 -8.067756e-03 
 1.675000e+04  1.829373e+01 -1.268697e-02  1.242507e-02 -8.115911e-03 
 1.680000e+04  1.862943e+01 -1.275709e-02  1.249189e-02 -8.163645e-03 
 1.685000e+04  1.896513e+01 -1.282623e-02  1.255779e-02 -8.210767e-03 
 1.690000e+04  1.931190e+01 -1.289700e-02  1.262518e-02 -8.258932e-03 
 1.695000e+04  1.966438e+01 -1.296840e-02  1.269318e-02 -8.307556e-03 
 1.700000e+04  2.001686e+01 -1.303889e-02  1.276045e-02 -8.355646e-03 
 1.705000e+04  2.037533e+01 -1.310972e-02  1.282807e-02 -8.403968e-03 
 1.710000e+04  2.076098e+01 -1.318543e-02  1.290026e-02 -8.455454e-03 
 1.715000e+04  2.114959e+01 -1.326105e-02  1.297232e-02 -8.506851e-03 
 1.720000e+04  2.153820e+01 -1.333564e-02  1.304344e-02 -8.557611e-03 
 1.725000e+04  2.193653e+01 -1.341134e-02  1.311551e-02 -8.609126e-03 
 1.730000e+04  2.234457e+01 -1.348828e-02  1.318865e-02 -8.661425e-03 
 1.735000e+04  2.275261e+01 -1.356438e-02  1.326095e-02 -8.713211e-03 
 1.740000e+04  2.316105e+01 -1.363976e-02  1.333245e-02 -8.764443e-03 
 1.745000e+04  2.358950e+01 -1.371818e-02  1.340677e-02 -8.817636e-03 
 1.750000e+04  2.401794e+01 -1.379590e-02  1.348043e-02 -8.870319e-03 
 1.755000e+04  2.444638e+01 -1.387270e-02  1.355319e-02 -8.922421e-03 
 1.760000e+04  2.488860e+01 -1.395120e-02  1.362749e-02 -8.975598e-03 
 1.765000e+04  2.536095e+01 -1.403440e-02  1.370621e-02 -9.031923e-03 
 1.770000e+04  2.583331e+01 -1.411666e-02  1.378404e-02 -9.087714e-03 
 1.775000e+04  2.630567e+01 -1.419791e-02  1.386090e-02 -9.142786e-03 
 1.780000e+04  2.680164e+01 -1.428247e-02  1.394081e-02 -9.200032e-03 
 1.785000e+04  2.729762e+01 -1.436627e-02  1.401995e-02 -9.256785e-03 
 1.790000e+04  2.779359e+01 -1.444895e-02  1.409817e-02 -9.312870e-03 
 1.795000e+04  2.830715e+01 -1.453361e-02  1.417843e-02 -9.370280e-03 
 1.800000e+04  2.885396e+01 -1.462315e-02  1.426315e-02 -9.430873e-03 
 1.805000e+04  2.940078e+01 -1.471173e-02  1.434687e-02 -9.490804e-03 
 1.810000e+04  2.994759e+01 -1.479917e-02  1.442953e-02 -9.549998e-03 
 1.815000e+04  3.051901e+01 -1.488971e-02  1.451501e-02 -9.611228e-03 
 1.820000e+04  3.109316e+01 -1.497982e-02  1.459995e-02 -9.672133e-03 
 1.825000e+04  3.166732e+01 -1.506888e-02  1.468396e-02 -9.732373e-03 
 1.830000e+04  3.225763e+01 -1.515949e-02  1.476938e-02 -9.793627e-03 
 1.835000e+04  3.289064e+01 -1.525591e-02  1.486014e-02 -9.858656e-03 
 1.840000e+04  3.352364e+01 -1.535123e-02  1.494989e-02 -9.922970e-03 
 1.845000e+04  3.415664e+01 -1.544538e-02  1.503849e-02 -9.986473e-03 
 1.850000e+04  3.481687e+01 -1.554267e-02  1.512985e-02 -1.005198e-02 
 1.855000e+04  3.548152e+01 -1.563965e-02  1.522086e-02 -1.011732e-02 
 1.860000e+04  3.614618e+01 -1.573550e-02  1.531083e-02 -1.018197e-02 
 1.865000e+04  3.682479e+01 -1.583226e-02  1.540164e-02 -1.024715e-02 
 1.870000e+04  3.755478e+01 -1.593547e-02  1.549840e-02 -1.031656e-02 
 1.875000e+04  3.828756e+01 -1.603790e-02  1.559452e-02 -1.038548e-02 
 1.880000e+04  3.902034e+01 -1.613898e-02  1.568939e-02 -1.045352e-02 
 1.885000e+04  3.977804e+01 -1.624245e-02  1.578645e-02 -1.052310e-02 
 1.890000e+04  4.054746e+01 -1.634652e-02  1.588402e-02 -1.059307e-02 
 1.895000e+04  4.131688e+01 -1.644927e-02  1.598043e-02 -1.066223e-02 
 1.900000e+04  4.211511e+01 -1.655468e-02  1.607929e-02 -1.073309e-02 
 1.905000e+04  4.296340e+01 -1.666578e-02  1.618324e-02 -1.080769e-02 
 1.910000e+04  4.381168e+01 -1.677561e-02  1.628598e-02 -1.088144e-02 
 1.915000e+04  4.465997e+01 -1.688416e-02  1.638736e-02 -1.095417e-02 
 1.920000e+04  4.558736e+01 -1.700166e-02  1.649691e-02 -1.103282e-02 
 1.925000e+04  4.652259e+01 -1.711891e-02  1.660614e-02 -1.111129e-02 
 1.930000e+04  4.745783e+01 -1.723465e-02  1.671397e-02 -1.118878e-02 
 1.935000e+04  4.840242e+01 -1.735012e-02  1.682147e-02 -1.126606e-02 
 1.940000e+04  4.938441e+01 -1.746905e-02  1.693205e-02 -1.134553e-02 
 1.945000e+04  5.036641e+01 -1.758657e-02  1.704143e-02 -1.142409e-02 
 1.950000e+04  5.135037e+01 -1.770285e-02  1.714964e-02 -1.150179e-02 
 1.955000e+04  5.242065e+01 -1.782806e-02  1.726594e-02 -1.158532e-02 
 1.960000e+04  5.350330e+01 -1.795339e-02  1.738229e-02 -1.166896e-02 
 1.965000e+04  5.458595e+01 -1.807707e-02  1.749709e-02 -1.175149e-02 
 1.970000e+04  5.570709e+01 -1.820359e-02  1.761445e-02 -1.183580e-02 
 1.975000e+04  5.690072e+01 -1.833692e-02  1.773807e-02 -1.192462e-02 
 1.980000e+04  5.809434e+01 -1.846851e-02  1.786015e-02 -1.201234e-02 
 1.985000e+04  5.928796e+01 -1.859838e-02  1.798060e-02 -1.209884e-02 
 1.990000e+04  6.056043e+01 -1.873533e-02  1.810746e-02 -1.218995e-02 
 1.995000e+04  6.187640e+01 -1.887542e-02  1.823715e-02 -1.228314e-02 
 2.000000e+04  6.319237e+01 -1.901357e-02  1.836502e-02 -1.237495e-02 
 2.005000e+04  6.452281e+01 -1.915158e-02  1.849245e-02 -1.246653e-02 
 2.010000e+04  6.590458e+01 -1.929340e-02  1.862320e-02 -1.256060e-02 
 2.015000e+04  6.728635e+01 -1.943330e-02  1.875229e-02 -1.265347e-02 
 2.020000e+04  6.866812e+01 -1.957139e-02  1.887967e-02 -1.274504e-02 
 2.025000e+04  7.014834e+01 -1.971777e-02  1.901450e-02 -1.284196e-02 
 2.030000e+04  7.167174e+01 -1.986669e-02  1.915170e-02 -1.294055e-02 
 2.035000e+04  7.319514e+01 -2.001359e-02  1.928699e-02 -1.303776e-02 
 2.040000e+04  7.474596e+01 -2.016133e-02  1.942275e-02 -1.313530e-02 
 2.045000e+04  7.634553e+01 -2.031199e-02  1.956098e-02 -1.323480e-02 
 2.050000e+04  7.794510e+01 -2.046070e-02  1.969739e-02 -1.333303e-02 
 2.055000e+04  7.955746e+01 -2.060866e-02  1.983307e-02 -1.343065e-02 
 2.060000e+04  8.131259e+01 -2.076794e-02  1.997899e-02 -1.353565e-02 
 2.065000e+04  8.307612e+01 -2.092604e-02  2.012383e-02 -1.363982e-02 
 2.070000e+04  8.483964e+01 -2.108191e-02  2.026665e-02 -1.374249e-02 
 2.075000e+04  8.665960e+01 -2.124070e-02  2.041205e-02 -1.384698e-02 
 2.080000e+04  8.859463e+01 -2.140762e-02  2.056474e-02 -1.395678e-02 
 2.085000e+04  9.053892e+01 -2.157312e-02  2.071612e-02 -1.406562e-02 
 2.090000e+04  9.248320e+01 -2.173639e-02  2.086518e-02 -1.417287e-02 
 2.095000e+04  9.452082e+01 -2.190547e-02  2.101928e-02 -1.428384e-02 
 2.100000e+04  9.656232e+01 -2.207265e-02  2.117170e-02 -1.439357e-02 
 2.105000e+04  9.860382e+01 -2.223759e-02  2.132203e-02 -1.450168e-02 
 2.110000e+04  1.008060e+02 -2.241338e-02  2.148200e-02 -1.461673e-02 
 2.115000e+04  1.030567e+02 -2.259087e-02  2.164349e-02 -1.473294e-02 
 2.120000e+04  1.053075e+02 -2.276591e-02  2.180270e-02 -1.484749e-02 
 2.125000e+04  1.076062e+02 -2.294225e-02  2.196283e-02 -1.496272e-02 
 2.130000e+04  1.100877e+02 -2.313032e-02  2.213335e-02 -1.508553e-02 
 2.135000e+04  1.125691e+02 -2.331583e-02  2.230156e-02 -1.520669e-02 
 2.140000e+04  1.150506e+02 -2.349874e-02  2.246729e-02 -1.532598e-02 
 2.145000e+04  1.176499e+02 -2.368780e-02  2.263836e-02 -1.544915e-02 
 2.150000e+04  1.203857e+02 -2.388427e-02  2.281610e-02 -1.557716e-02 
 2.155000e+04  1.231215e+02 -2.407783e-02  2.299128e-02 -1.570326e-02 
 2.160000e+04  1.259153e+02 -2.427268e-02  2.316744e-02 -1.583006e-02 
 2.165000e+04  1.289315e+02 -2.448041e-02  2.335497e-02 -1.596513e-02 
 2.170000e+04  1.319478e+02 -2.468516e-02  2.353975e-02 -1.609821e-02 
 2.175000e+04  1.349640e+02 -2.488685e-02  2.372165e-02 -1.622917e-02 
 2.180000e+04  1.380948e+02 -2.509329e-02  2.390762e-02 -1.636315e-02 
 2.185000e+04  1.412619e+02 -2.529924e-02  2.409306e-02 -1.649680e-02 
 2.190000e+04  1.444289e+02 -2.550220e-02  2.427574e-02 -1.662841e-02 
 2.195000e+04  1.478189e+02 -2.571653e-02  2.446840e-02 -1.676721e-02 
 2.200000e+04  1.513106e+02 -2.593445e-02  2.466417e-02 -1.690826e-02 
 2.205000e+04  1.548022e+02 -2.614909e-02  2.485696e-02 -1.704717e-02 
 2.210000e+04  1.583464e+02 -2.636362e-02  2.504948e-02 -1.718592e-02 
 2.215000e+04  1.621960e+02 -2.659347e-02  2.525558e-02 -1.733456e-02 
 2.220000e+04  1.660456e+02 -2.682006e-02  2.545870e-02 -1.748103e-02 
 2.225000e+04  1.698951e+02 -2.704327e-02  2.565860e-02 -1.762512e-02 
 2.230000e+04  1.739154e+02 -2.727296e-02  2.586398e-02 -1.777328e-02 
 2.235000e+04  1.781595e+02 -2.751202e-02  2.607770e-02 -1.792755e-02 
 2.240000e+04  1.824037e+02 -2.774744e-02  2.628818e-02 -1.807943e-02 
 2.245000e+04  1.866648e+02 -2.798020e-02  2.649605e-02 -1.822942e-02 
 2.250000e+04  1.911211e+02 -2.822013e-02  2.671017e-02 -1.838400e-02 
 2.255000e+04  1.955775e+02 -2.845648e-02  2.692107e-02 -1.853627e-02 
 2.260000e+04  2.001408e+02 -2.869480e-02  2.713365e-02 -1.868973e-02 
 2.265000e+04  2.050445e+02 -2.894735e-02  2.735875e-02 -1.885229e-02 
 2.270000e+04  2.099576e+02 -2.919670e-02  2.758087e-02 -1.901278e-02 
 2.275000e+04  2.148707e+02 -2.944213e-02  2.779941e-02 -1.917067e-02 
 2.280000e+04  2.201482e+02 -2.970179e-02  2.803042e-02 -1.933762e-02 
 2.285000e+04  2.255649e+02 -2.996447e-02  2.826395e-02 -1.950652e-02 
 2.290000e+04  2.309816e+02 -3.022306e-02  2.849370e-02 -1.967276e-02 
 2.295000e+04  2.364693e+02 -3.048097e-02  2.872257e-02 -1.983845e-02 
 2.300000e+04  2.424412e+02 -3.075761e-02  2.896783e-02 -2.001612e-02 
 2.305000e+04  2.484131e+02 -3.103001e-02  2.920928e-02 -2.019107e-02 
 2.310000e+04  2.543850e+02 -3.129807e-02  2.944674e-02 -2.036316e-02 
 2.315000e+04  2.606550e+02 -3.157508e-02  2.969192e-02 -2.054095e-02 
 2.320000e+04  2.672390e+02 -3.186168e-02  2.994556e-02 -2.072497e-02 
 2.325000e+04  2.738230e+02 -3.214366e-02  3.019514e-02 -2.090611e-02 
 2.330000e+04  2.804071e+02 -3.242105e-02  3.044056e-02 -2.108428e-02 
 2.335000e+04  2.872940e+02 -3.270667e-02  3.069318e-02 -2.126780e-02 
 2.340000e+04  2.942073e+02 -3.298897e-02  3.094281e-02 -2.144919e-02 
 2.345000e+04  3.012864e+02 -3.327352e-02  3.119438e-02 -2.163199e-02 
 2.350000e+04  3.088938e+02 -3.357485e-02  3.146073e-02 -2.182565e-02 
 2.355000e+04  3.165156e+02 -3.387210e-02  3.172346e-02 -2.201681e-02 
 2.360000e+04  3.241375e+02 -3.416450e-02  3.198179e-02 -2.220487e-02 
 2.365000e+04  3.317593e+02 -3.445223e-02  3.223586e-02 -2.238997e-02 
 2.370000e+04  3.397547e+02 -3.474948e-02  3.249835e-02 -2.258131e-02 
 2.375000e+04  3.477576e+02 -3.504258e-02  3.275711e-02 -2.276998e-02 
 2.380000e+04  3.560623e+02 -3.534225e-02  3.302146e-02 -2.296284e-02 
 2.385000e+04  3.648855e+02 -3.565629e-02  3.329831e-02 -2.316505e-02 
 2.390000e+04  3.737088e+02 -3.596562e-02  3.357093e-02 -2.336436e-02 
 2.395000e+04  3.825320e+02 -3.627003e-02  3.383908e-02 -2.356056e-02 
 2.400000e+04  3.913553e+02 -3.656972e-02  3.410294e-02 -2.375380e-02 
 2.405000e+04  4.001785e+02 -3.686496e-02  3.436284e-02 -2.394430e-02 
 2.410000e+04  4.091518e+02 -3.716087e-02  3.462332e-02 -2.413532e-02 
 2.415000e+04  4.188701e+02 -3.747709e-02  3.490171e-02 -2.433957e-02 
 2.420000e+04  4.285978e+02 -3.778937e-02  3.517669e-02 -2.454144e-02 
 2.425000e+04  4.383254e+02 -3.809713e-02  3.544773e-02 -2.474054e-02 
 2.430000e+04  4.480530e+02 -3.840032e-02  3.571473e-02 -2.493681e-02 
 2.435000e+04  4.581114e+02 -3.870926e-02  3.598688e-02 -2.513706e-02 
 2.440000e+04  4.687238e+02 -3.903085e-02  3.627026e-02 -2.534572e-02 
 2.445000e+04  4.794485e+02 -3.935153e-02  3.655281e-02 -2.555392e-02 
 2.450000e+04  4.901732e+02 -3.966783e-02  3.683138e-02 -2.575942e-02 
 2.455000e+04  5.008979e+02 -3.997980e-02  3.710603e-02 -2.596229e-02 
 2.460000e+04  5.116763e+02 -4.028903e-02  3.737825e-02 -2.616354e-02 
 2.465000e+04  5.231689e+02 -4.061455e-02  3.766479e-02 -2.637555e-02 
 2.470000e+04  5.347430e+02 -4.093834e-02  3.794975e-02 -2.658665e-02 
 2.475000e+04  5.463171e+02 -4.125804e-02  3.823105e-02 -2.679533e-02 
 2.480000e+04  5.578911e+02 -4.157360e-02  3.850875e-02 -2.700158e-02 
 2.485000e+04  5.694652e+02 -4.188510e-02  3.878297e-02 -2.720541e-02 
 2.490000e+04  5.810393e+02 -4.219279e-02  3.905395e-02 -2.740698e-02 
 2.495000e+04  5.926134e+02 -4.249691e-02  3.932194e-02 -2.760647e-02 
 2.500000e+04  6.041874e+02 -4.279768e-02  3.958707e-02 -2.780394e-02 
 2.505000e+04  6.157615e+02 -4.309526e-02  3.984948e-02 -2.799954e-02 
 2.510000e+04  6.273356e+02 -4.338972e-02  4.010928e-02 -2.819337e-02 
 2.515000e+04  6.389097e+02 -4.368118e-02  4.036651e-02 -2.838548e-02 
 2.520000e+04  6.504837e+02 -4.396979e-02  4.062124e-02 -2.857550e-02 
 2.525000e+04  6.620578e+02 -4.425572e-02  4.087339e-02 -2.876254e-02 
 2.530000e+04  6.736319e+02 -4.453916e-02  4.112198e-02 -2.894834e-02 
 2.535000e+04  6.852060e+02 -4.481864e-02  4.136884e-02 -2.913297e-02 
 2.540000e+04  6.967800e+02 -4.509578e-02  4.161390e-02 -2.931663e-02 
 2.545000e+04  7.083541e+02 -4.537125e-02  4.185688e-02 -2.949970e-02 
 2.550000e+04  7.199282e+02 -4.564446e-02  4.209807e-02 -2.968177e-02 
 2.555000e+04  7.315023e+02 -4.591530e-02  4.233754e-02 -2.986205e-02 
 2.560000e+04  7.430763e+02 -4.618375e-02  4.257508e-02 -3.004069e-02 
 2.565000e+04  7.546504e+02 -4.645055e-02  4.281117e-02 -3.021768e-02 
 2.570000e+04  7.662245e+02 -4.671516e-02  4.304502e-02 -3.039382e-02 
 2.575000e+04  7.777986e+02 -4.697669e-02  4.327722e-02 -3.056923e-02 
 2.580000e+04  7.893726e+02 -4.723735e-02  4.350795e-02 -3.074400e-02 
 2.585000e+04  8.009467e+02 -4.749697e-02  4.373709e-02 -3.091770e-02 
 2.590000e+04  8.125208e+02 -4.775444e-02  4.396438e-02 -3.108971e-02 
 2.595000e+04  8.240949e+02 -4.801075e-02  4.418959e-02 -3.126122e-02 
 2.600000e+04  8.356689e+02 -4.826461e-02  4.441360e-02 -3.143197e-02 
 2.605000e+04  8.472430e+02 -4.851656e-02  4.463684e-02 -3.160174e-02 
 2.610000e+04  8.588171e+02 -4.876708e-02  4.485889e-02 -3.176995e-02 
 2.615000e+04  8.703911e+02 -4.901442e-02  4.507953e-02 -3.193636e-02 
 2.620000e+04  8.819652e+02 -4.925839e-02  4.529879e-02 -3.210234e-02 
 2.625000e+04  8.935393e+02 -4.950046e-02  4.551678e-02 -3.226751e-02 
 2.630000e+04  9.051134e+02 -4.974178e-02  4.573310e-02 -3.243084e-02 
 2.635000e+04  9.166874e+02 -4.998187e-02  4.594895e-02 -3.259305e-02 
 2.640000e+04  9.282615e+02 -5.022117e-02  4.616451e-02 -3.275607e-02 
 2.645000e+04  9.398356e+02 -5.046155e-02  4.637890e-02 -3.291845e-02 
 2.650000e+04  9.514097e+02 -5.070173e-02  4.659235e-02 -3.307971e-02 
 2.655000e+04  9.629837e+02 -5.094154e-02  4.680330e-02 -3.323990e-02 
 2.660000e+04  9.745578e+02 -5.118049e-02  4.701220e-02 -3.339959e-02 
 2.665000e+04  9.861319e+02 -5.141727e-02  4.721808e-02 -3.355905e-02 
 2.670000e+04  9.977060e+02 -5.165305e-02  4.742254e-02 -3.371768e-02 
 2.675000e+04  1.009280e+03 -5.188720e-02  4.762710e-02 -3.387521e-02 
 2.680000e+04  1.020854e+03 -5.212144e-02  4.783225e-02 -3.403221e-02 
 2.685000e+04  1.032428e+03 -5.235361e-02  4.803696e-02 -3.418787e-02 
 2.690000e+04  1.044002e+03 -5.258399e-02  4.824088e-02 -3.434332e-02 
 2.695000e+04  1.055576e+03 -5.281592e-02  4.844302e-02 -3.449954e-02 
 2.700000e+04  1.067150e+03 -5.304773e-02  4.864287e-02 -3.465575e-02 
 2.705000e+04  1.078724e+03 -5.327860e-02  4.884184e-02 -3.480974e-02 
 2.710000e+04  1.090299e+03 -5.350694e-02  4.903994e-02 -3.496307e-02 
 2.715000e+04  1.101873e+03 -5.373219e-02  4.923854e-02 -3.511631e-02 
 2.720000e+04  1.113447e+03 -5.395378e-02  4.943648e-02 -3.526740e-02 
 2.725000e+04  1.125021e+03 -5.417601e-02  4.963503e-02 -3.541747e-02 
 2.730000e+04  1.136595e+03 -5.439839e-02  4.983274e-02 -3.556771e-02 
 2.735000e+04  1.148169e+03 -5.461946e-02  5.003045e-02 -3.571765e-02 
 2.740000e+04  1.159743e+03 -5.483923e-02  5.022737e-02 -3.586805e-02 
 2.745000e+04  1.171317e+03 -5.505921e-02  5.042440e-02 -3.601883e-02 
 2.750000e+04  1.182891e+03 -5.527868e-02  5.062023e-02 -3.616862e-02 
 2.755000e+04  1.194465e+03 -5.549626e-02  5.081573e-02 -3.631742e-02 
 2.760000e+04  1.206039e+03 -5.571204e-02  5.101114e-02 -3.646556e-02 
 2.765000e+04  1.217613e+03 -5.592692e-02  5.120494e-02 -3.661315e-02 
 2.770000e+04  1.229187e+03 -5.614120e-02  5.139569e-02 -3.675962e-02 
 2.775000e+04  1.240762e+03 -5.635536e-02  5.158620e-02 -3.690537e-02 
 2.780000e+04  1.252336e+03 -5.656905e-02  5.177634e-02 -3.705117e-02 
 2.785000e+04  1.263910e+03 -5.678141e-02  5.196643e-02 -3.719600e-02 
 2.790000e+04  1.275484e+03 -5.699348e-02  5.215642e-02 -3.733999e-02 
 2.795000e+04  1.287058e+03 -5.720599e-02  5.234597e-02 -3.748396e-02 
 2.800000e+04  1.295113e+03 -5.735319e-02  5.247815e-02 -3.758417e-02 
 2.805000e+04  1.297428e+03 -5.739381e-02  5.251574e-02 -3.761308e-02 
 2.810000e+04  1.299743e+03 -5.743462e-02  5.255318e-02 -3.764223e-02 
 2.815000e+04  1.302058e+03 -5.747611e-02  5.259081e-02 -3.767121e-02 
 2.820000e+04  1.304373e+03 -5.751734e-02  5.262826e-02 -3.769980e-02 
 2.825000e+04  1.306687e+03 -5.755856e-02  5.266597e-02 -3.772825e-02 
 2.830000e+04  1.309002e+03 -5.760009e-02  5.270424e-02 -3.775716e-02 
 2.835000e+04  1.311317e+03 -5.764230e-02  5.274205e-02 -3.778631e-02 
 2.840000e+04  1.313632e+03 -5.768484e-02  5.277912e-02 -3.781548e-02 
 2.845000e+04  1.315947e+03 -5.772732e-02  5.281588e-02 -3.784451e-02 
 2.850000e+04  1.318262e+03 -5.776965e-02  5.285296e-02 -3.787367e-02 
 2.855000e+04  1.320576e+03 -5.781157e-02  5.289016e-02 -3.790279e-02 
 2.860000e+04  1.322891e+03 -5.785393e-02  5.292728e-02 -3.793177e-02 
 2.865000e+04  1.325206e+03 -5.789717e-02  5.296432e-02 -3.796067e-02 
 2.870000e+04  1.327521e+03 -5.794126e-02  5.300133e-02 -3.798955e-02 
 2.875000e+04  1.329836e+03 -5.798522e-02  5.303791e-02 -3.801839e-02 
 2.880000e+04  1.332150e+03 -5.802863e-02  5.307422e-02 -3.804722e-02 
 2.885000e+04  1.334465e+03 -5.807194e-02  5.311041e-02 -3.807611e-02 
 2.890000e+04  1.336780e+03 -5.811540e-02  5.314644e-02 -3.810516e-02 
 2.895000e+04  1.339095e+03 -5.815858e-02  5.318249e-02 -3.813414e-02 
 2.900000e+04  1.341410e+03 -5.820115e-02  5.321878e-02 -3.816309e-02 
 2.905000e+04  1.343724e+03 -5.824333e-02  5.325591e-02 -3.819211e-02 
 2.910000e+04  1.346039e+03 -5.828529e-02  5.329368e-02 -3.822108e-02 
 2.915000e+04  1.348354e+03 -5.832734e-02  5.333148e-02 -3.824975e-02 
 2.920000e+04  1.350669e+03 -5.836952e-02  5.336920e-02 -3.827834e-02 
 2.925000e+04  1.352984e+03 -5.841162e-02  5.340690e-02 -3.830702e-02 
 2.930000e+04  1.355299e+03 -5.845325e-02  5.344446e-02 -3.833578e-02 
 2.935000e+04  1.357613e+03 -5.849444e-02  5.348186e-02 -3.836458e-02 
 2.940000e+04  1.359928e+03 -5.853569e-02  5.351922e-02 -3.839348e-02 
 2.945000e+04  1.362243e+03 -5.857705e-02  5.355660e-02 -3.842242e-02 
 2.950000e+04  1.364558e+03 -5.861839e-02  5.359406e-02 -3.845121e-02 
 2.955000e+04  1.366873e+03 -5.865985e-02  5.363158e-02 -3.847991e-02 
 2.960000e+04  1.369187e+03 -5.870159e-02  5.366917e-02 -3.850854e-02 
 2.965000e+04  1.371502e+03 -5.874359e-02  5.370645e-02 -3.853697e-02 
 2.970000e+04  1.373817e+03 -5.878593e-02  5.374340e-02 -3.856533e-02 
 2.975000e+04  1.376132e+03 -5.882855e-02  5.378002e-02 -3.859385e-02 
 2.980000e+04  1.378447e+03 -5.887086e-02  5.381644e-02 -3.862243e-02 
 2.985000e+04  1.380762e+03 -5.891298e-02  5.385275e-02 -3.865115e-02 
 2.990000e+04  1.383076e+03 -5.895510e-02  5.388913e-02 -3.867995e-02 
 2.995000e+04  1.385391e+03 -5.899732e-02  5.392556e-02 -3.870864e-02 
 3.000000e+04  1.387706e+03 -5.903961e-02  5.396216e-02 -3.873724e-02 
 3.005000e+04  1.390021e+03 -5.908179e-02  5.399897e-02 -3.876577e-02 
 3.010000e+04  1.392336e+03 -5.912384e-02  5.403601e-02 -3.879418e-02 
 3.015000e+04  1.394650e+03 -5.916557e-02  5.407298e-02 -3.882255e-02 
 3.020000e+04  1.396965e+03 -5.920732e-02  5.410984e-02 -3.885105e-02 
 3.025000e+04  1.399280e+03 -5.924889e-02  5.414663e-02 -3.887962e-02 
 3.030000e+04  1.401595e+03 -5.929017e-02  5.418345e-02 -3.890816e-02 
 3.035000e+04  1.403910e+03 -5.933124e-02  5.422054e-02 -3.893669e-02 
 3.040000e+04  1.406224e+03 -5.937222e-02  5.425753e-02 -3.896515e-02 
 3.045000e+04  1.408539e+03 -5.941328e-02  5.429444e-02 -3.899358e-02 
 3.050000e+04  1.410854e+03 -5.945449e-02  5.433148e-02 -3.902193e-02 
 3.055000e+04  1.413169e+03 -5.949572e-02  5.436860e-02 -3.905025e-02 
 3.060000e+04  1.415484e+03 -5.953704e-02  5.440576e-02 -3.907852e-02 
 3.065000e+04  1.417799e+03 -5.957837e-02  5.444274e-02 -3.910689e-02 
 3.070000e+04  1.420113e+03 -5.961973e-02  5.447939e-02 -3.913527e-02 
 3.075000e+04  1.422428e+03 -5.966114e-02  5.451580e-02 -3.916370e-02 
 3.080000e+04  1.424743e+03 -5.970260e-02  5.455214e-02 -3.919206e-02 
 3.085000e+04  1.427058e+03 -5.974407e-02  5.458826e-02 -3.922029e-02 
 3.090000e+04  1.429373e+03 -5.978562e-02  5.462450e-02 -3.924843e-02 
 3.095000e+04  1.431687e+03 -5.982718e-02  5.466072e-02 -3.927659e-02 
 3.100000e+04  1.434002e+03 -5.986875e-02  5.469702e-02 -3.930475e-02 
 3.105000e+04  1.436317e+03 -5.991009e-02  5.473342e-02 -3.933291e-02 
 3.110000e+04  1.438632e+03 -5.995135e-02  5.476983e-02 -3.936115e-02 
 3.115000e+04  1.440947e+03 -5.999263e-02  5.480588e-02 -3.938942e-02 
 3.120000e+04  1.443262e+03 -6.003384e-02  5.484186e-02 -3.941768e-02 
 3.125000e+04  1.445576e+03 -6.007501e-02  5.487804e-02 -3.944587e-02 
 3.130000e+04  1.447891e+03 -6.011601e-02  5.491446e-02 -3.947396e-02 
 3.135000e+04  1.450206e+03 -6.015667e-02  5.495100e-02 -3.950207e-02 
 3.140000e+04  1.452521e+03 -6.019732e-02  5.498759e-02 -3.953025e-02 
 3.145000e+04  1.454836e+03 -6.023809e-02  5.502419e-02 -3.955838e-02 
 3.150000e+04  1.457150e+03 -6.027880e-02  5.506081e-02 -3.958642e-02 
 3.155000e+04  1.459484e+03 -6.031982e-02  5.509777e-02 -3.961469e-02 
 3.160000e+04  1.461914e+03 -6.036244e-02  5.513628e-02 -3.964422e-02 
 3.165000e+04  1.464401e+03 -6.040605e-02  5.517553e-02 -3.967440e-02 
 3.170000e+04  1.466953e+03 -6.045096e-02  5.521551e-02 -3.970540e-02 
 3.175000e+04  1.469505e+03 -6.049587e-02  5.525552e-02 -3.973634e-02 
 3.180000e+04  1.472057e+03 -6.054074e-02  5.529544e-02 -3.976726e-02 
 3.185000e+04  1.474614e+03 -6.058575e-02  5.533509e-02 -3.979826e-02 
 3.190000e+04  1.477294e+03 -6.063307e-02  5.537666e-02 -3.983068e-02 
 3.195000e+04  1.479974e+03 -6.068047e-02  5.541832e-02 -3.986303e-02 
 3.200000e+04  1.482750e+03 -6.072957e-02  5.546155e-02 -3.989652e-02 
 3.205000e+04  1.485665e+03 -6.078111e-02  5.550698e-02 -3.993175e-02 
 3.210000e+04  1.488761e+03 -6.083595e-02  5.555518e-02 -3.996917e-02 
 3.215000e+04  1.491863e+03 -6.089084e-02  5.560341e-02 -4.000656e-02 
 3.220000e+04  1.495018e+03 -6.094653e-02  5.565234e-02 -4.004446e-02 
 3.225000e+04  1.498275e+03 -6.100373e-02  5.570286e-02 -4.008365e-02 
 3.230000e+04  1.501532e+03 -6.106024e-02  5.575351e-02 -4.012288e-02 
 3.235000e+04  1.504789e+03 -6.111684e-02  5.580417e-02 -4.016215e-02 
 3.240000e+04  1.508190e+03 -6.117603e-02  5.585711e-02 -4.020312e-02 
 3.245000e+04  1.511777e+03 -6.123866e-02  5.591312e-02 -4.024627e-02 
 3.250000e+04  1.515368e+03 -6.130133e-02  5.596927e-02 -4.028936e-02 
 3.255000e+04  1.518959e+03 -6.136379e-02  5.602555e-02 -4.033226e-02 
 3.260000e+04  1.522712e+03 -6.142885e-02  5.608424e-02 -4.037708e-02 
 3.265000e+04  1.526483e+03 -6.149425e-02  5.614290e-02 -4.042215e-02 
 3.270000e+04  1.530253e+03 -6.155936e-02  5.620126e-02 -4.046715e-02 
 3.275000e+04  1.534024e+03 -6.162444e-02  5.625942e-02 -4.051215e-02 
 3.280000e+04  1.537794e+03 -6.168971e-02  5.631768e-02 -4.055731e-02 
 3.285000e+04  1.541565e+03 -6.175517e-02  5.637601e-02 -4.060236e-02 
 3.290000e+04  1.545426e+03 -6.182241e-02  5.643565e-02 -4.064847e-02 
 3.295000e+04  1.549584e+03 -6.189495e-02  5.649977e-02 -4.069810e-02 
 3.300000e+04  1.553741e+03 -6.196744e-02  5.656305e-02 -4.074767e-02 
 3.305000e+04  1.557898e+03 -6.203987e-02  5.662640e-02 -4.079715e-02 
 3.310000e+04  1.562084e+03 -6.211271e-02  5.669033e-02 -4.084691e-02 
 3.315000e+04  1.566449e+03 -6.218869e-02  5.675718e-02 -4.089873e-02 
 3.320000e+04  1.570953e+03 -6.226712e-02  5.682614e-02 -4.095230e-02 
 3.325000e+04  1.575537e+03 -6.234685e-02  5.689616e-02 -4.100674e-02 
 3.330000e+04  1.580317e+03 -6.242976e-02  5.696938e-02 -4.106338e-02 
 3.335000e+04  1.585360e+03 -6.251704e-02  5.704655e-02 -4.112318e-02 
 3.340000e+04  1.590605e+03 -6.260753e-02  5.712685e-02 -4.118530e-02 
 3.345000e+04  1.595911e+03 -6.269887e-02  5.720804e-02 -4.124805e-02 
 3.350000e+04  1.601370e+03 -6.279278e-02  5.729163e-02 -4.131257e-02 
 3.355000e+04  1.606941e+03 -6.288821e-02  5.737683e-02 -4.137838e-02 
 3.360000e+04  1.612512e+03 -6.298318e-02  5.746192e-02 -4.144403e-02 
 3.365000e+04  1.618083e+03 -6.307758e-02  5.754698e-02 -4.150950e-02 
 3.370000e+04  1.623654e+03 -6.317197e-02  5.763225e-02 -4.157489e-02 
 3.375000e+04  1.629225e+03 -6.326657e-02  5.771768e-02 -4.164000e-02 
 3.380000e+04  1.634795e+03 -6.336145e-02  5.780264e-02 -4.170501e-02 
 3.385000e+04  1.640366e+03 -6.345646e-02  5.788755e-02 -4.177019e-02 
 3.390000e+04  1.645937e+03 -6.355101e-02  5.797239e-02 -4.183561e-02 
 3.395000e+04  1.651508e+03 -6.364567e-02  5.805692e-02 -4.190092e-02 
 3.400000e+04  1.657079e+03 -6.374040e-02  5.814121e-02 -4.196625e-02 
 3.405000e+04  1.662650e+03 -6.383517e-02  5.822441e-02 -4.203157e-02 
 3.410000e+04  1.668221e+03 -6.393004e-02  5.830745e-02 -4.209667e-02 
 3.415000e+04  1.673792e+03 -6.402469e-02  5.839083e-02 -4.216148e-02 
 3.420000e+04  1.679508e+03 -6.412202e-02  5.847666e-02 -4.222784e-02 
 3.425000e+04  1.685911e+03 -6.423137e-02  5.857291e-02 -4.230244e-02 
 3.430000e+04  1.692980e+03 -6.435231e-02  5.867914e-02 -4.238489e-02 
 3.435000e+04  1.700090e+03 -6.447364e-02  5.878583e-02 -4.246772e-02 
 3.440000e+04  1.707200e+03 -6.459385e-02  5.889211e-02 -4.255028e-02 
 3.445000e+04  1.714310e+03 -6.471360e-02  5.899804e-02 -4.263276e-02 
 3.450000e+04  1.721420e+03 -6.483348e-02  5.910395e-02 -4.271500e-02 
 3.455000e+04  1.728530e+03 -6.495290e-02  5.920942e-02 -4.279701e-02 
 3.460000e+04  1.735640e+03 -6.507198e-02  5.931520e-02 -4.287878e-02 
 3.465000e+04  1.742750e+03 -6.519062e-02  5.942159e-02 -4.296078e-02 
 3.470000e+04  1.750074e+03 -6.531289e-02  5.953177e-02 -4.304551e-02 
 3.475000e+04  1.757808e+03 -6.544186e-02  5.964799e-02 -4.313478e-02 
 3.480000e+04  1.765884e+03 -6.557632e-02  5.976907e-02 -4.322786e-02 
 3.485000e+04  1.774889e+03 -6.572566e-02  5.990383e-02 -4.333157e-02 
 3.490000e+04  1.783964e+03 -6.587481e-02  6.003908e-02 -4.343571e-02 
 3.495000e+04  1.793038e+03 -6.602393e-02  6.017416e-02 -4.353945e-02 
 3.500000e+04  1.802112e+03 -6.617367e-02  6.030905e-02 -4.364294e-02 
 3.505000e+04  1.811187e+03 -6.632397e-02  6.044332e-02 -4.374611e-02 
 3.510000e+04  1.820261e+03 -6.647432e-02  6.057614e-02 -4.384950e-02 
 3.515000e+04  1.829336e+03 -6.662472e-02  6.070842e-02 -4.395315e-02 
 3.520000e+04  1.838410e+03 -6.677445e-02  6.083975e-02 -4.405662e-02 
 3.525000e+04  1.847484e+03 -6.692401e-02  6.097158e-02 -4.415921e-02 
 3.530000e+04  1.856559e+03 -6.707412e-02  6.110388e-02 -4.426185e-02 
 3.535000e+04  1.865633e+03 -6.722482e-02  6.123653e-02 -4.436474e-02 
 3.540000e+04  1.874707e+03 -6.737551e-02  6.136897e-02 -4.446748e-02 
 3.545000e+04  1.883782e+03 -6.752558e-02  6.150014e-02 -4.457017e-02 
 3.550000e+04  1.892856e+03 -6.767498e-02  6.163166e-02 -4.467288e-02 
 3.555000e+04  1.901931e+03 -6.782343e-02  6.176321e-02 -4.477532e-02 
 3.560000e+04  1.911279e+03 -6.797618e-02  6.189867e-02 -4.488056e-02 
 3.565000e+04  1.921284e+03 -6.813982e-02  6.204380e-02 -4.499335e-02 
 3.570000e+04  1.931288e+03 -6.830343e-02  6.218905e-02 -4.510595e-02 
 3.575000e+04  1.941292e+03 -6.846593e-02  6.233452e-02 -4.521825e-02 
 3.580000e+04  1.951297e+03 -6.862753e-02  6.248020e-02 -4.533033e-02 
 3.585000e+04  1.961301e+03 -6.878857e-02  6.262500e-02 -4.544231e-02 
 3.590000e+04  1.971306e+03 -6.894951e-02  6.276867e-02 -4.555392e-02 
 3.595000e+04  1.981310e+03 -6.911040e-02  6.291261e-02 -4.566540e-02 
 3.600000e+04  1.991315e+03 -6.927106e-02  6.305715e-02 -4.577656e-02 
 3.605000e+04  2.001319e+03 -6.943183e-02  6.320195e-02 -4.588780e-02 
 3.610000e+04  2.011324e+03 -6.959298e-02  6.334598e-02 -4.599913e-02 
 3.615000e+04  2.022342e+03 -6.977083e-02  6.350403e-02 -4.612174e-02 
 3.620000e+04  2.033916e+03 -6.995706e-02  6.366996e-02 -4.625042e-02 
 3.625000e+04  2.045490e+03 -7.014281e-02  6.383578e-02 -4.637857e-02 
 3.630000e+04  2.057064e+03 -7.032809e-02  6.400099e-02 -4.650660e-02 
 3.635000e+04  2.068638e+03 -7.051341e-02  6.416594e-02 -4.663458e-02 
 3.640000e+04  2.080212e+03 -7.069865e-02  6.433063e-02 -4.676243e-02 
 3.645000e+04  2.091787e+03 -7.088377e-02  6.449513e-02 -4.689004e-02 
 3.650000e+04  2.103361e+03 -7.106787e-02  6.465715e-02 -4.701766e-02 
 3.655000e+04  2.114935e+03 -7.125159e-02  6.481841e-02 -4.714484e-02 
 3.660000e+04  2.126509e+03 -7.143533e-02  6.498000e-02 -4.727096e-02 
 3.665000e+04  2.138083e+03 -7.161937e-02  6.514222e-02 -4.739651e-02 
 3.670000e+04  2.149657e+03 -7.180331e-02  6.530445e-02 -4.752191e-02 
 3.675000e+04  2.161231e+03 -7.198558e-02  6.546694e-02 -4.764770e-02 
 3.680000e+04  2.172805e+03 -7.216740e-02  6.562985e-02 -4.777404e-02 
 3.685000e+04  2.184379e+03 -7.234858e-02  6.579322e-02 -4.790027e-02 
 3.690000e+04  2.195953e+03 -7.252964e-02  6.595646e-02 -4.802589e-02 
 3.695000e+04  2.207527e+03 -7.270921e-02  6.611969e-02 -4.815159e-02 
 3.700000e+04  2.219101e+03 -7.288898e-02  6.628310e-02 -4.827756e-02 
 3.705000e+04  2.230675e+03 -7.306903e-02  6.644601e-02 -4.840328e-02 
 3.710000e+04  2.242249e+03 -7.324944e-02  6.660859e-02 -4.852828e-02 
 3.715000e+04  2.253824e+03 -7.342994e-02  6.677057e-02 -4.865330e-02 
 3.720000e+04  2.265398e+03 -7.361001e-02  6.693249e-02 -4.877791e-02 
 3.725000e+04  2.276972e+03 -7.378878e-02  6.709420e-02 -4.890221e-02 
 3.730000e+04  2.288546e+03 -7.396744e-02  6.725578e-02 -4.902649e-02 
 3.735000e+04  2.300120e+03 -7.414647e-02  6.741703e-02 -4.915106e-02 
 3.740000e+04  2.311694e+03 -7.432609e-02  6.757771e-02 -4.927546e-02 
 3.745000e+04  2.323268e+03 -7.450617e-02  6.773783e-02 -4.939978e-02 
 3.750000e+04  2.334842e+03 -7.468659e-02  6.789735e-02 -4.952415e-02 
 3.755000e+04  2.346416e+03 -7.486580e-02  6.805659e-02 -4.964790e-02 
 3.760000e+04  2.357990e+03 -7.504370e-02  6.821561e-02 -4.977125e-02 
 3.765000e+04  2.369564e+03 -7.522212e-02  6.837269e-02 -4.989436e-02 
 3.770000e+04  2.381138e+03 -7.540105e-02  6.852895e-02 -5.001755e-02 
 3.775000e+04  2.392712e+03 -7.558028e-02  6.868522e-02 -5.014073e-02 
 3.780000e+04  2.404287e+03 -7.575906e-02  6.884273e-02 -5.026340e-02 
 3.785000e+04  2.415861e+03 -7.593746e-02  6.900131e-02 -5.038629e-02 
 3.790000e+04  2.427435e+03 -7.611542e-02  6.916023e-02 -5.050940e-02 
 3.795000e+04  2.439009e+03 -7.629297e-02  6.931914e-02 -5.063239e-02 
 3.800000e+04  2.450583e+03 -7.647034e-02  6.947773e-02 -5.075533e-02 
 3.805000e+04  2.462157e+03 -7.664715e-02  6.963631e-02 -5.087816e-02 
 3.810000e+04  2.473731e+03 -7.682313e-02  6.979372e-02 -5.100085e-02 
 3.815000e+04  2.485305e+03 -7.699814e-02  6.995049e-02 -5.112308e-02 
 3.820000e+04  2.496879e+03 -7.717281e-02  7.010736e-02 -5.124451e-02 
 3.825000e+04  2.508453e+03 -7.734766e-02  7.026441e-02 -5.136589e-02 
 3.830000e+04  2.520027e+03 -7.752295e-02  7.042158e-02 -5.148752e-02 
 3.835000e+04  2.531601e+03 -7.769827e-02  7.057864e-02 -5.160896e-02 
 3.840000e+04  2.543175e+03 -7.787368e-02  7.073577e-02 -5.173024e-02 
 3.845000e+04  2.554749e+03 -7.804903e-02  7.089319e-02 -5.185168e-02 
 3.850000e+04  2.566324e+03 -7.822360e-02  7.105047e-02 -5.197313e-02 
 3.855000e+04  2.577898e+03 -7.839713e-02  7.120721e-02 -5.209438e-02 
 3.860000e+04  2.589472e+03 -7.857028e-02  7.136346e-02 -5.221558e-02 
 3.865000e+04  2.601046e+03 -7.874392e-02  7.151924e-02 -5.233652e-02 
 3.870000e+04  2.612620e+03 -7.891818e-02  7.167475e-02 -5.245691e-02 
 3.875000e+04  2.624194e+03 -7.909247e-02  7.183001e-02 -5.257717e-02 
 3.880000e+04  2.635768e+03 -7.926636e-02  7.198537e-02 -5.269725e-02 
 3.885000e+04  2.647342e+03 -7.944029e-02  7.214081e-02 -5.281751e-02 
 3.890000e+04  2.658916e+03 -7.961413e-02  7.229613e-02 -5.293778e-02 
 3.895000e+04  2.670490e+03 -7.978771e-02  7.245098e-02 -5.305795e-02 
 3.900000e+04  2.682064e+03 -7.996067e-02  7.260573e-02 -5.317821e-02 
 3.905000e+04  2.693638e+03 -8.013328e-02  7.276061e-02 -5.329846e-02 
 3.910000e+04  2.705212e+03 -8.030560e-02  7.291536e-02 -5.341851e-02 
 3.915000e+04  2.716787e+03 -8.047804e-02  7.306992e-02 -5.353797e-02 
 3.920000e+04  2.728361e+03 -8.065077e-02  7.322322e-02 -5.365711e-02 
 3.925000e+04  2.739935e+03 -8.082353e-02  7.337627e-02 -5.377627e-02 
 3.930000e+04  2.751509e+03 -8.099606e-02  7.352843e-02 -5.389552e-02 
 3.935000e+04  2.763083e+03 -8.116830e-02  7.368073e-02 -5.401461e-02 
 3.940000e+04  2.774657e+03 -8.134019e-02  7.383245e-02 -5.413361e-02 
 3.945000e+04  2.786231e+03 -8.151185e-02  7.398430e-02 -5.425214e-02 
 3.950000e+04  2.797805e+03 -8.168297e-02  7.413673e-02 -5.437042e-02 
 3.955000e+04  2.809379e+03 -8.185293e-02  7.428968e-02 -5.448895e-02 
 3.960000e+04  2.820953e+03 -8.202282e-02  7.444309e-02 -5.460768e-02 
 3.965000e+04  2.832527e+03 -8.219301e-02  7.459667e-02 -5.472618e-02 
 3.970000e+04  2.844101e+03 -8.236350e-02  7.475011e-02 -5.484454e-02 
 3.975000e+04  2.855675e+03 -8.253356e-02  7.490347e-02 -5.496286e-02 
 3.980000e+04  2.867249e+03 -8.270301e-02  7.505674e-02 -5.508097e-02 
 3.985000e+04  2.878824e+03 -8.287203e-02  7.520972e-02 -5.519880e-02 
 3.990000e+04  2.890398e+03 -8.304032e-02  7.536254e-02 -5.531665e-02 
 3.995000e+04  2.901972e+03 -8.320833e-02  7.551526e-02 -5.543448e-02 
 4.000000e+04  2.913546e+03 -8.337644e-02  7.566763e-02 -5.555201e-02 
 4.005000e+04  2.925120e+03 -8.354493e-02  7.581860e-02 -5.566944e-02 
 4.010000e+04  2.936694e+03 -8.371363e-02  7.596927e-02 -5.578587e-02 
 4.015000e+04  2.948268e+03 -8.388258e-02  7.612000e-02 -5.590228e-02 
 4.020000e+04  2.959842e+03 -8.405149e-02  7.627074e-02 -5.601867e-02 
 4.025000e+04  2.971416e+03 -8.422013e-02  7.642056e-02 -5.613520e-02 
 4.030000e+04  2.982990e+03 -8.438797e-02  7.657022e-02 -5.625198e-02 
 4.035000e+04  2.994564e+03 -8.455600e-02  7.672023e-02 -5.636910e-02 
 4.040000e+04  3.006138e+03 -8.472451e-02  7.687043e-02 -5.648604e-02 
 4.045000e+04  3.017712e+03 -8.489318e-02  7.702060e-02 -5.660281e-02 
 4.050000e+04  3.029287e+03 -8.506186e-02  7.717109e-02 -5.671933e-02 
 4.055000e+04  3.040861e+03 -8.523008e-02  7.732162e-02 -5.683586e-02 
 4.060000e+04  3.052435e+03 -8.539749e-02  7.747217e-02 -5.695213e-02 
 4.065000e+04  3.064009e+03 -8.556446e-02  7.762272e-02 -5.706816e-02 
 4.070000e+04  3.075583e+03 -8.573145e-02  7.777290e-02 -5.718423e-02 
 4.075000e+04  3.087157e+03 -8.589831e-02  7.792267e-02 -5.730033e-02 
 4.080000e+04  3.098731e+03 -8.606492e-02  7.807164e-02 -5.741649e-02 
 4.085000e+04  3.110305e+03 -8.623088e-02  7.822034e-02 -5.753250e-02 
 4.090000e+04  3.121879e+03 -8.639610e-02  7.836941e-02 -5.764819e-02 
 4.095000e+04  3.133453e+03 -8.656127e-02  7.851899e-02 -5.776368e-02 
 4.100000e+04  3.145027e+03 -8.672700e-02  7.866875e-02 -5.787897e-02 
 4.105000e+04  3.156601e+03 -8.689330e-02  7.881848e-02 -5.799435e-02 
 4.110000e+04  3.168175e+03 -8.705970e-02  7.896805e-02 -5.810957e-02 
 4.115000e+04  3.179749e+03 -8.722587e-02  7.911725e-02 -5.822475e-02 
 4.120000e+04  3.191324e+03 -8.739165e-02  7.926594e-02 -5.833997e-02 
 4.125000e+04  3.202898e+03 -8.755701e-02  7.941363e-02 -5.845486e-02 
 4.130000e+04  3.214472e+03 -8.772240e-02  7.956095e-02 -5.856950e-02 
 4.135000e+04  3.226046e+03 -8.788791e-02  7.970829e-02 -5.868438e-02 
 4.140000e+04  3.237620e+03 -8.805365e-02  7.985568e-02 -5.879922e-02 
 4.145000e+04  3.249194e+03 -8.821806e-02  8.000326e-02 -5.891401e-02 
 4.150000e+04  3.260768e+03 -8.838253e-02  8.015103e-02 -5.902861e-02 
 4.155000e+04  3.272342e+03 -8.854736e-02  8.029898e-02 -5.914292e-02 
 4.160000e+04  3.283916e+03 -8.871233e-02  8.044700e-02 -5.925700e-02 
 4.165000e+04  3.295490e+03 -8.887674e-02  8.059517e-02 -5.937104e-02 
 4.170000e+04  3.307064e+03 -8.904062e-02  8.074341e-02 -5.948520e-02 
 4.175000e+04  3.318638e+03 -8.920422e-02  8.089149e-02 -5.959943e-02 
 4.180000e+04  3.330212e+03 -8.936780e-02  8.103926e-02 -5.971372e-02 
 4.185000e+04  3.341787e+03 -8.953115e-02  8.118685e-02 -5.982784e-02 
 4.190000e+04  3.353361e+03 -8.969433e-02  8.133432e-02 -5.994171e-02 
 4.195000e+04  3.364935e+03 -8.985745e-02  8.148065e-02 -6.005544e-02 
 4.200000e+04  3.376509e+03 -9.002060e-02  8.162643e-02 -6.016901e-02 
 4.205000e+04  3.388083e+03 -9.018363e-02  8.177184e-02 -6.028225e-02 
 4.210000e+04  3.399657e+03 -9.034650e-02  8.191624e-02 -6.039523e-02 
 4.215000e+04  3.411231e+03 -9.050975e-02  8.206066e-02 -6.050795e-02 
 4.220000e+04  3.422805e+03 -9.067335e-02  8.220557e-02 -6.062075e-02 
 4.225000e+04  3.434379e+03 -9.083727e-02  8.235101e-02 -6.073369e-02 
 4.230000e+04  3.445953e+03 -9.100124e-02  8.249672e-02 -6.084668e-02 
 4.235000e+04  3.457527e+03 -9.116491e-02  8.264245e-02 -6.095960e-02 
 4.240000e+04  3.469101e+03 -9.132778e-02  8.278820e-02 -6.107261e-02 
 4.245000e+04  3.480675e+03 -9.149028e-02  8.293388e-02 -6.118563e-02 
 4.250000e+04  3.492249e+03 -9.165241e-02  8.307943e-02 -6.129857e-02 
 4.255000e+04  3.503824e+03 -9.181310e-02  8.322489e-02 -6.141122e-02 
 4.260000e+04  3.515398e+03 -9.197374e-02  8.337047e-02 -6.152359e-02 
 4.265000e+04  3.526972e+03 -9.213458e-02  8.351617e-02 -6.163578e-02 
 4.270000e+04  3.538546e+03 -9.229534e-02  8.366210e-02 -6.174793e-02 
 4.275000e+04  3.550120e+03 -9.245612e-02  8.380825e-02 -6.186014e-02 
 4.280000e+04  3.561694e+03 -9.261681e-02  8.395451e-02 -6.197243e-02 
 4.285000e+04  3.573268e+03 -9.277733e-02  8.410057e-02 -6.208466e-02 
 4.290000e+04  3.584842e+03 -9.293769e-02  8.424615e-02 -6.219678e-02 
 4.295000e+04  3.596416e+03 -9.309808e-02  8.439133e-02 -6.230876e-02 
 4.300000e+04  3.607990e+03 -9.325858e-02  8.453600e-02 -6.242031e-02 
 4.305000e+04  3.619564e+03 -9.341931e-02  8.468007e-02 -6.253174e-02 
 4.310000e+04  3.631138e+03 -9.358033e-02  8.482294e-02 -6.264315e-02 
 4.315000e+04  3.642712e+03 -9.374050e-02  8.496550e-02 -6.275449e-02 
 4.320000e+04  3.654287e+03 -9.390073e-02  8.510844e-02 -6.286579e-02 
 4.325000e+04  3.665861e+03 -9.406127e-02  8.525177e-02 -6.297706e-02 
 4.330000e+04  3.677435e+03 -9.422237e-02  8.539535e-02 -6.308834e-02 
 4.335000e+04  3.689009e+03 -9.438364e-02  8.553916e-02 -6.319966e-02 
 4.340000e+04  3.700583e+03 -9.454441e-02  8.568303e-02 -6.331084e-02 
 4.345000e+04  3.712157e+03 -9.470451e-02  8.582692e-02 -6.342201e-02 
 4.350000e+04  3.723731e+03 -9.486415e-02  8.597079e-02 -6.353314e-02 
 4.355000e+04  3.735305e+03 -9.502367e-02  8.611458e-02 -6.364407e-02 
 4.360000e+04  3.746879e+03 -9.518270e-02  8.625835e-02 -6.375493e-02 
 4.365000e+04  3.758453e+03 -9.534135e-02  8.640218e-02 -6.386577e-02 
 4.370000e+04  3.770027e+03 -9.549983e-02  8.654607e-02 -6.397661e-02 
 4.375000e+04  3.781601e+03 -9.565782e-02  8.669003e-02 -6.408743e-02 
 4.380000e+04  3.793175e+03 -9.581586e-02  8.683392e-02 -6.419792e-02 
 4.385000e+04  3.804749e+03 -9.597413e-02  8.697771e-02 -6.430815e-02 
 4.390000e+04  3.816324e+03 -9.613229e-02  8.712128e-02 -6.441839e-02 
 4.395000e+04  3.827898e+03 -9.629036e-02  8.726446e-02 -6.452863e-02 
 4.400000e+04  3.839472e+03 -9.644865e-02  8.740744e-02 -6.463885e-02 
 4.405000e+04  3.851046e+03 -9.660717e-02  8.755022e-02 -6.474917e-02 
 4.410000e+04  3.862620e+03 -9.676597e-02  8.769277e-02 -6.485932e-02 
 4.415000e+04  3.874194e+03 -9.692490e-02  8.783476e-02 -6.496936e-02 
 4.420000e+04  3.885768e+03 -9.708375e-02  8.797643e-02 -6.507926e-02 
 4.425000e+04  3.897342e+03 -9.724242e-02  8.811813e-02 -6.518893e-02 
 4.430000e+04  3.908916e+03 -9.740080e-02  8.825996e-02 -6.529844e-02 
 4.435000e+04  3.920490e+03 -9.755924e-02  8.840193e-02 -6.540806e-02 
 4.440000e+04  3.932064e+03 -9.771778e-02  8.854367e-02 -6.551794e-02 
 4.445000e+04  3.943638e+03 -9.787635e-02  8.868529e-02 -6.562789e-02 
 4.450000e+04  3.955212e+03 -9.803461e-02  8.882700e-02 -6.573782e-02 
 4.455000e+04  3.966787e+03 -9.819237e-02  8.896883e-02 -6.584757e-02 
 4.460000e+04  3.978361e+03 -9.834969e-02  8.911075e-02 -6.595715e-02 
 4.465000e+04  3.989935e+03 -9.850689e-02  8.925268e-02 -6.606654e-02 
 4.470000e+04  4.001509e+03 -9.866402e-02  8.939466e-02 -6.617578e-02 
 4.475000e+04  4.013083e+03 -9.882099e-02  8.953672e-02 -6.628486e-02 
 4.480000e+04  4.024657e+03 -9.897770e-02  8.967845e-02 -6.639390e-02 
 4.485000e+04  4.036231e+03 -9.913376e-02  8.982016e-02 -6.650297e-02 
 4.490000e+04  4.047805e+03 -9.928906e-02  8.996179e-02 -6.661201e-02 
 4.495000e+04  4.059379e+03 -9.944428e-02  9.010330e-02 -6.672077e-02 
 4.500000e+04  4.070953e+03 -9.959988e-02  9.024480e-02 -6.682946e-02 
 4.505000e+04  4.082527e+03 -9.975568e-02  9.038631e-02 -6.693814e-02 
 4.510000e+04  4.094101e+03 -9.991173e-02  9.052757e-02 -6.704688e-02 
 4.515000e+04  4.105675e+03 -1.000679e-01  9.066774e-02 -6.715560e-02 
 4.520000e+04  4.117249e+03 -1.002241e-01  9.080758e-02 -6.726398e-02 
 4.525000e+04  4.128824e+03 -1.003803e-01  9.094654e-02 -6.737216e-02 
 4.530000e+04  4.140398e+03 -1.005365e-01  9.108536e-02 -6.748025e-02 
 4.535000e+04  4.151972e+03 -1.006929e-01  9.122357e-02 -6.758827e-02 
 4.540000e+04  4.163546e+03 -1.008493e-01  9.136199e-02 -6.769610e-02 
 4.545000e+04  4.175120e+03 -1.010058e-01  9.150092e-02 -6.780403e-02 
 4.550000e+04  4.186694e+03 -1.011621e-01  9.164039e-02 -6.791202e-02 
 4.555000e+04  4.198268e+03 -1.013184e-01  9.178019e-02 -6.801998e-02 
 4.560000e+04  4.209842e+03 -1.014744e-01  9.192011e-02 -6.812795e-02 
 4.565000e+04  4.221416e+03 -1.016301e-01  9.205989e-02 -6.823600e-02 
 4.570000e+04  4.232990e+03 -1.017855e-01  9.219948e-02 -6.834405e-02 
 4.575000e+04  4.244564e+03 -1.019404e-01  9.233906e-02 -6.845203e-02 
 4.580000e+04  4.256138e+03 -1.020949e-01  9.247878e-02 -6.855991e-02 
 4.585000e+04  4.267712e+03 -1.022492e-01  9.261869e-02 -6.866763e-02 
 4.590000e+04  4.279287e+03 -1.024030e-01  9.275879e-02 -6.877513e-02 
 4.595000e+04  4.290861e+03 -1.025568e-01  9.289900e-02 -6.888241e-02 
 4.600000e+04  4.302435e+03 -1.027107e-01  9.303923e-02 -6.898976e-02 
 4.605000e+04  4.314009e+03 -1.028646e-01  9.317935e-02 -6.909709e-02 
 4.610000e+04  4.325583e+03 -1.030184e-01  9.331911e-02 -6.920437e-02 
 4.615000e+04  4.337157e+03 -1.031723e-01  9.345857e-02 -6.931170e-02 
 4.620000e+04  4.348731e+03 -1.033263e-01  9.359766e-02 -6.941906e-02 
 4.625000e+04  4.360305e+03 -1.034805e-01  9.373640e-02 -6.952626e-02 
 4.630000e+04  4.371879e+03 -1.036347e-01  9.387497e-02 -6.963322e-02 
 4.635000e+04  4.383453e+03 -1.037891e-01  9.401349e-02 -6.974014e-02 
 4.640000e+04  4.395027e+03 -1.039435e-01  9.415202e-02 -6.984704e-02 
 4.645000e+04  4.406601e+03 -1.040981e-01  9.429042e-02 -6.995392e-02 
 4.650000e+04  4.418175e+03 -1.042528e-01  9.442873e-02 -7.006079e-02 
 4.655000e+04  4.429749e+03 -1.044074e-01  9.456687e-02 -7.016769e-02 
 4.660000e+04  4.441324e+03 -1.045617e-01  9.470487e-02 -7.027452e-02 
 4.665000e+04  4.452898e+03 -1.047159e-01  9.484277e-02 -7.038132e-02 
 4.670000e+04  4.464472e+03 -1.048698e-01  9.498065e-02 -7.048805e-02 
 4.675000e+04  4.476046e+03 -1.050229e-01  9.511759e-02 -7.059466e-02 
 4.680000e+04  4.487620e+03 -1.051753e-01  9.525438e-02 -7.070066e-02 
 4.685000e+04  4.499194e+03 -1.053276e-01  9.539164e-02 -7.080624e-02 
 4.690000e+04  4.510768e+03 -1.054799e-01  9.552936e-02 -7.091155e-02 
 4.695000e+04  4.522342e+03 -1.056319e-01  9.566767e-02 -7.101694e-02 
 4.700000e+04  4.533916e+03 -1.057838e-01  9.580651e-02 -7.112273e-02 
 4.705000e+04  4.545490e+03 -1.059359e-01  9.594554e-02 -7.122891e-02 
 4.710000e+04  4.557064e+03 -1.060880e-01  9.608421e-02 -7.133522e-02 
 4.715000e+04  4.568638e+03 -1.062398e-01  9.622240e-02 -7.144137e-02 
 4.720000e+04  4.580212e+03 -1.063914e-01  9.636040e-02 -7.154737e-02 
 4.725000e+04  4.591787e+03 -1.065430e-01  9.649830e-02 -7.165283e-02 
 4.730000e+04  4.603361e+03 -1.066947e-01  9.663592e-02 -7.175790e-02 
 4.735000e+04  4.614935e+03 -1.068466e-01  9.677234e-02 -7.186305e-02 
 4.740000e+04  4.626509e+03 -1.069987e-01  9.690834e-02 -7.196830e-02 
 4.745000e+04  4.638083e+03 -1.071511e-01  9.704420e-02 -7.207341e-02 
 4.750000e+04  4.649657e+03 -1.073037e-01  9.718020e-02 -7.217872e-02 
 4.755000e+04  4.661231e+03 -1.074564e-01  9.731647e-02 -7.228416e-02 
 4.760000e+04  4.672805e+03 -1.076086e-01  9.745277e-02 -7.238954e-02 
 4.765000e+04  4.684379e+03 -1.077605e-01  9.758914e-02 -7.249424e-02 
 4.770000e+04  4.695953e+03 -1.079119e-01  9.772547e-02 -7.259870e-02 
 4.775000e+04  4.707527e+03 -1.080630e-01  9.786201e-02 -7.270319e-02 
 4.780000e+04  4.719101e+03 -1.082143e-01  9.799857e-02 -7.280795e-02 
 4.785000e+04  4.730675e+03 -1.083656e-01  9.813508e-02 -7.291308e-02 
 4.790000e+04  4.742249e+03 -1.085166e-01  9.827168e-02 -7.301829e-02 
 4.795000e+04  4.753824e+03 -1.086674e-01  9.840833e-02 -7.312344e-02 
 4.800000e+04  4.765398e+03 -1.088177e-01  9.854513e-02 -7.322847e-02 
 4.805000e+04  4.776972e+03 -1.089680e-01  9.868205e-02 -7.333329e-02 
 4.810000e+04  4.788546e+03 -1.091182e-01  9.881900e-02 -7.343793e-02 
 4.815000e+04  4.800120e+03 -1.092685e-01  9.895600e-02 -7.354251e-02 
 4.820000e+04  4.811694e+03 -1.094181e-01  9.909292e-02 -7.364709e-02 
 4.825000e+04  4.823268e+03 -1.095675e-01  9.922952e-02 -7.375156e-02 
 4.830000e+04  4.834842e+03 -1.097173e-01  9.936554e-02 -7.385567e-02 
 4.835000e+04  4.846416e+03 -1.098676e-01  9.950106e-02 -7.395971e-02 
 4.840000e+04  4.857990e+03 -1.100183e-01  9.963647e-02 -7.406377e-02 
 4.845000e+04  4.869564e+03 -1.101691e-01  9.977163e-02 -7.416792e-02 
 4.850000e+04  4.881138e+03 -1.103197e-01  9.990697e-02 -7.427225e-02 
 4.855000e+04  4.892712e+03 -1.104702e-01  1.000425e-01 -7.437658e-02 
 4.860000e+04  4.904287e+03 -1.106207e-01  1.001779e-01 -7.448081e-02 
 4.865000e+04  4.915861e+03 -1.107714e-01  1.003133e-01 -7.458493e-02 
 4.870000e+04  4.927435e+03 -1.109220e-01  1.004486e-01 -7.468907e-02 
 4.875000e+04  4.939009e+03 -1.110725e-01  1.005838e-01 -7.479309e-02 
 4.880000e+04  4.950583e+03 -1.112228e-01  1.007191e-01 -7.489710e-02 
 4.885000e+04  4.962157e+03 -1.113730e-01  1.008543e-01 -7.500114e-02 
 4.890000e+04  4.973731e+03 -1.115231e-01  1.009894e-01 -7.510515e-02 
 4.895000e+04  4.985305e+03 -1.116729e-01  1.011245e-01 -7.520902e-02 
 4.900000e+04  4.996879e+03 -1.118224e-01  1.012596e-01 -7.531276e-02 
 4.905000e+04  5.008453e+03 -1.119716e-01  1.013949e-01 -7.541647e-02 
 4.910000e+04  5.020027e+03 -1.121205e-01  1.015302e-01 -7.552002e-02 
 4.915000e+04  5.031601e+03 -1.122693e-01  1.016654e-01 -7.562352e-02 
 4.920000e+04  5.043175e+03 -1.124182e-01  1.018008e-01 -7.572711e-02 
 4.925000e+04  5.054749e+03 -1.125672e-01  1.019363e-01 -7.583074e-02 
 4.930000e+04  5.066324e+03 -1.127162e-01  1.020716e-01 -7.593429e-02 
 4.935000e+04  5.077898e+03 -1.128649e-01  1.022066e-01 -7.603782e-02 
 4.940000e+04  5.089472e+03 -1.130135e-01  1.023412e-01 -7.614117e-02 
 4.945000e+04  5.101046e+03 -1.131622e-01  1.024747e-01 -7.624448e-02 
 4.950000e+04  5.112620e+03 -1.133110e-01  1.026081e-01 -7.634755e-02 
 4.955000e+04  5.124194e+03 -1.134599e-01  1.027414e-01 -7.645031e-02 
 4.960000e+04  5.135768e+03 -1.136089e-01  1.028749e-01 -7.655310e-02 
 4.965000e+04  5.147342e+03 -1.137579e-01  1.030088e-01 -7.665590e-02 
 4.970000e+04  5.158916e+03 -1.139071e-01  1.031427e-01 -7.675881e-02 
 4.975000e+04  5.170490e+03 -1.140559e-01  1.032768e-01 -7.686182e-02 
 4.980000e+04  5.182064e+03 -1.142047e-01  1.034110e-01 -7.696492e-02 
 4.985000e+04  5.193638e+03 -1.143535e-01  1.035451e-01 -7.706810e-02 
 4.990000e+04  5.205212e+03 -1.145020e-01  1.036792e-01 -7.717124e-02 
 4.995000e+04  5.216787e+03 -1.146499e-01  1.038131e-01 -7.727414e-02 
 5.000000e+04  5.228361e+03 -1.147977e-01  1.039471e-01 -7.737694e-02 
 5.005000e+04  5.239935e+03 -1.149455e-01  1.040813e-01 -7.747971e-02 
 5.010000e+04  5.251509e+03 -1.150935e-01  1.042154e-01 -7.758220e-02 
 5.015000e+04  5.263083e+03 -1.152410e-01  1.043497e-01 -7.768460e-02 
 5.020000e+04  5.274657e+03 -1.153881e-01  1.044840e-01 -7.778713e-02 
 5.025000e+04  5.286231e+03 -1.155342e-01  1.046184e-01 -7.788982e-02 
