         Step [creep.tim... Z Displace... Z Displace... X Displace... 
------------- ------------- ------------- ------------- ------------- 
 5.250000e+03  1.276223e-07 -4.629353e-03  4.524540e-03 -2.433365e-03 
 5.300000e+03  3.886505e-06 -4.629534e-03  4.524624e-03 -2.433544e-03 
 5.350000e+03  3.333346e-05 -4.630234e-03  4.524714e-03 -2.433933e-03 
 5.400000e+03  2.243293e-04 -4.630397e-03  4.524828e-03 -2.433970e-03 
 5.450000e+03  9.833856e-04 -4.631007e-03  4.525687e-03 -2.434729e-03 
 5.500000e+03  2.355923e-03 -4.633664e-03  4.528205e-03 -2.436801e-03 
 5.550000e+03  4.661946e-03 -4.639315e-03  4.533750e-03 -2.441048e-03 
 5.600000e+03  7.140222e-03 -4.645857e-03  4.541151e-03 -2.445735e-03 
 5.650000e+03  1.052490e-02 -4.655604e-03  4.552587e-03 -2.452408e-03 
 5.700000e+03  1.470828e-02 -4.667701e-03  4.566882e-03 -2.460144e-03 
 5.750000e+03  1.907442e-02 -4.678852e-03  4.579233e-03 -2.466702e-03 
 5.800000e+03  2.344057e-02 -4.688332e-03  4.589229e-03 -2.472564e-03 
 5.850000e+03  2.780671e-02 -4.697951e-03  4.599488e-03 -2.479154e-03 
 5.900000e+03  3.217285e-02 -4.708433e-03  4.610764e-03 -2.486754e-03 
 5.950000e+03  3.653900e-02 -4.719463e-03  4.622788e-03 -2.495169e-03 
 6.000000e+03  4.127920e-02 -4.731688e-03  4.635538e-03 -2.504671e-03 
 6.050000e+03  4.693071e-02 -4.746510e-03  4.650051e-03 -2.514915e-03 
 6.100000e+03  5.278176e-02 -4.760913e-03  4.663751e-03 -2.523429e-03 
 6.150000e+03  5.863281e-02 -4.774332e-03  4.676546e-03 -2.530638e-03 
 6.200000e+03  6.448386e-02 -4.787616e-03  4.689742e-03 -2.538221e-03 
 6.250000e+03  7.033491e-02 -4.801659e-03  4.704148e-03 -2.546969e-03 
 6.300000e+03  7.618595e-02 -4.816100e-03  4.719338e-03 -2.556878e-03 
 6.350000e+03  8.241615e-02 -4.830750e-03  4.734885e-03 -2.568144e-03 
 6.400000e+03  8.990223e-02 -4.847169e-03  4.751795e-03 -2.580923e-03 
 6.450000e+03  9.774320e-02 -4.863328e-03  4.768181e-03 -2.592466e-03 
 6.500000e+03  1.055842e-01 -4.879162e-03  4.784090e-03 -2.602512e-03 
 6.550000e+03  1.134251e-01 -4.895421e-03  4.800503e-03 -2.612340e-03 
 6.600000e+03  1.212661e-01 -4.912497e-03  4.818278e-03 -2.622871e-03 
 6.650000e+03  1.291071e-01 -4.930162e-03  4.837157e-03 -2.634378e-03 
 6.700000e+03  1.369480e-01 -4.947235e-03  4.855938e-03 -2.646260e-03 
 6.750000e+03  1.456586e-01 -4.964544e-03  4.874513e-03 -2.659014e-03 
 6.800000e+03  1.553350e-01 -4.982495e-03  4.893275e-03 -2.672204e-03 
 6.850000e+03  1.653423e-01 -5.000706e-03  4.912041e-03 -2.685233e-03 
 6.900000e+03  1.753495e-01 -5.019080e-03  4.930993e-03 -2.697940e-03 
 6.950000e+03  1.853568e-01 -5.038212e-03  4.950868e-03 -2.710847e-03 
 7.000000e+03  1.953641e-01 -5.058532e-03  4.971727e-03 -2.724022e-03 
 7.050000e+03  2.055115e-01 -5.079553e-03  4.992728e-03 -2.737147e-03 
 7.100000e+03  2.161452e-01 -5.100066e-03  5.012953e-03 -2.750052e-03 
 7.150000e+03  2.276306e-01 -5.120425e-03  5.033461e-03 -2.763544e-03 
 7.200000e+03  2.392153e-01 -5.140311e-03  5.053717e-03 -2.777382e-03 
 7.250000e+03  2.508000e-01 -5.159932e-03  5.073839e-03 -2.791444e-03 
 7.300000e+03  2.623846e-01 -5.179833e-03  5.094183e-03 -2.805670e-03 
 7.350000e+03  2.754115e-01 -5.203073e-03  5.117534e-03 -2.821691e-03 
 7.400000e+03  2.894928e-01 -5.228399e-03  5.142464e-03 -2.838263e-03 
 7.450000e+03  3.035740e-01 -5.252450e-03  5.165929e-03 -2.853399e-03 
 7.500000e+03  3.176553e-01 -5.275365e-03  5.188717e-03 -2.867950e-03 
 7.550000e+03  3.317365e-01 -5.298065e-03  5.211512e-03 -2.882765e-03 
 7.600000e+03  3.458178e-01 -5.320315e-03  5.234455e-03 -2.897957e-03 
 7.650000e+03  3.599413e-01 -5.342159e-03  5.257409e-03 -2.913561e-03 
 7.700000e+03  3.761332e-01 -5.367112e-03  5.283570e-03 -2.931665e-03 
 7.750000e+03  3.932490e-01 -5.392942e-03  5.310355e-03 -2.950065e-03 
 7.800000e+03  4.103649e-01 -5.417987e-03  5.335681e-03 -2.966940e-03 
 7.850000e+03  4.274807e-01 -5.442826e-03  5.360579e-03 -2.983143e-03 
 7.900000e+03  4.445966e-01 -5.467972e-03  5.385772e-03 -2.999349e-03 
 7.950000e+03  4.617124e-01 -5.493036e-03  5.411089e-03 -3.015740e-03 
 8.000000e+03  4.788283e-01 -5.517601e-03  5.436134e-03 -3.032252e-03 
 8.050000e+03  4.970680e-01 -5.543128e-03  5.462041e-03 -3.050014e-03 
 8.100000e+03  5.168817e-01 -5.569764e-03  5.489303e-03 -3.069005e-03 
 8.150000e+03  5.366954e-01 -5.595412e-03  5.515572e-03 -3.087074e-03 
 8.200000e+03  5.565092e-01 -5.621064e-03  5.541453e-03 -3.104516e-03 
 8.250000e+03  5.763229e-01 -5.647177e-03  5.567595e-03 -3.121698e-03 
 8.300000e+03  5.961366e-01 -5.673662e-03  5.593774e-03 -3.138789e-03 
 8.350000e+03  6.160890e-01 -5.700150e-03  5.619732e-03 -3.155852e-03 
 8.400000e+03  6.377048e-01 -5.727869e-03  5.646934e-03 -3.174135e-03 
 8.450000e+03  6.595495e-01 -5.754665e-03  5.673652e-03 -3.192310e-03 
 8.500000e+03  6.813941e-01 -5.780374e-03  5.699744e-03 -3.210280e-03 
 8.550000e+03  7.032388e-01 -5.805746e-03  5.725576e-03 -3.228062e-03 
 8.600000e+03  7.255421e-01 -5.831838e-03  5.752033e-03 -3.246062e-03 
 8.650000e+03  7.493047e-01 -5.859768e-03  5.780465e-03 -3.264976e-03 
 8.700000e+03  7.733884e-01 -5.887910e-03  5.808906e-03 -3.283596e-03 
 8.750000e+03  7.992363e-01 -5.917551e-03  5.838462e-03 -3.302862e-03 
 8.800000e+03  8.257886e-01 -5.947510e-03  5.867959e-03 -3.322280e-03 
 8.850000e+03  8.523409e-01 -5.976816e-03  5.896739e-03 -3.341654e-03 
 8.900000e+03  8.788932e-01 -6.005091e-03  5.925136e-03 -3.361046e-03 
 8.950000e+03  9.054455e-01 -6.032863e-03  5.953350e-03 -3.380465e-03 
 9.000000e+03  9.326616e-01 -6.061257e-03  5.982247e-03 -3.400366e-03 
 9.050000e+03  9.605415e-01 -6.090019e-03  6.011572e-03 -3.420220e-03 
 9.100000e+03  9.894655e-01 -6.119485e-03  6.041320e-03 -3.439696e-03 
 9.150000e+03  1.020203e+00 -6.150678e-03  6.072550e-03 -3.459883e-03 
 9.200000e+03  1.050941e+00 -6.181734e-03  6.103264e-03 -3.479943e-03 
 9.250000e+03  1.081678e+00 -6.212196e-03  6.133178e-03 -3.499944e-03 
 9.300000e+03  1.112416e+00 -6.242028e-03  6.162468e-03 -3.519979e-03 
 9.350000e+03  1.143153e+00 -6.271273e-03  6.191408e-03 -3.540083e-03 
 9.400000e+03  1.173891e+00 -6.299792e-03  6.220058e-03 -3.559925e-03 
 9.450000e+03  1.205120e+00 -6.328111e-03  6.248680e-03 -3.579457e-03 
 9.500000e+03  1.238686e+00 -6.358650e-03  6.279416e-03 -3.599822e-03 
 9.550000e+03  1.272574e+00 -6.389628e-03  6.310484e-03 -3.619992e-03 
 9.600000e+03  1.306462e+00 -6.420355e-03  6.341093e-03 -3.639836e-03 
 9.650000e+03  1.341164e+00 -6.451264e-03  6.371730e-03 -3.660016e-03 
 9.700000e+03  1.378170e+00 -6.483720e-03  6.403618e-03 -3.681510e-03 
 9.750000e+03  1.415532e+00 -6.515738e-03  6.434980e-03 -3.703029e-03 
 9.800000e+03  1.452893e+00 -6.546740e-03  6.465699e-03 -3.724217e-03 
 9.850000e+03  1.490255e+00 -6.577359e-03  6.496298e-03 -3.745200e-03 
 9.900000e+03  1.527617e+00 -6.607901e-03  6.527070e-03 -3.765913e-03 
 9.950000e+03  1.564979e+00 -6.638277e-03  6.557934e-03 -3.786126e-03 
 1.000000e+04  1.603655e+00 -6.669461e-03  6.589457e-03 -3.806463e-03 
 1.005000e+04  1.646000e+00 -6.703351e-03  6.623368e-03 -3.828369e-03 
 1.010000e+04  1.689251e+00 -6.737570e-03  6.657078e-03 -3.850591e-03 
 1.015000e+04  1.732502e+00 -6.770921e-03  6.689695e-03 -3.872764e-03 
 1.020000e+04  1.775753e+00 -6.803500e-03  6.721683e-03 -3.894838e-03 
 1.025000e+04  1.819004e+00 -6.835773e-03  6.753512e-03 -3.916800e-03 
 1.030000e+04  1.862255e+00 -6.867741e-03  6.785323e-03 -3.938505e-03 
 1.035000e+04  1.905505e+00 -6.899333e-03  6.816860e-03 -3.959568e-03 
 1.040000e+04  1.950313e+00 -6.931854e-03  6.849429e-03 -3.980767e-03 
 1.045000e+04  1.995727e+00 -6.964620e-03  6.882303e-03 -4.001881e-03 
 1.050000e+04  2.041140e+00 -6.996963e-03  6.914578e-03 -4.022825e-03 
 1.055000e+04  2.087144e+00 -7.029131e-03  6.946390e-03 -4.043968e-03 
 1.060000e+04  2.134828e+00 -7.062165e-03  6.978657e-03 -4.065984e-03 
 1.065000e+04  2.182512e+00 -7.094731e-03  7.010402e-03 -4.087889e-03 
 1.070000e+04  2.230196e+00 -7.126575e-03  7.041631e-03 -4.109390e-03 
 1.075000e+04  2.279263e+00 -7.158992e-03  7.073606e-03 -4.131050e-03 
 1.080000e+04  2.329332e+00 -7.192034e-03  7.106383e-03 -4.152787e-03 
 1.085000e+04  2.379400e+00 -7.224850e-03  7.139156e-03 -4.174100e-03 
 1.090000e+04  2.430470e+00 -7.257869e-03  7.172227e-03 -4.195405e-03 
 1.095000e+04  2.485249e+00 -7.292876e-03  7.207241e-03 -4.218156e-03 
 1.100000e+04  2.540450e+00 -7.327756e-03  7.241761e-03 -4.241074e-03 
 1.105000e+04  2.595650e+00 -7.361859e-03  7.275185e-03 -4.263872e-03 
 1.110000e+04  2.650850e+00 -7.395346e-03  7.307942e-03 -4.286434e-03 
 1.115000e+04  2.708259e+00 -7.429961e-03  7.341931e-03 -4.309634e-03 
 1.120000e+04  2.766219e+00 -7.464694e-03  7.376211e-03 -4.332688e-03 
 1.125000e+04  2.824179e+00 -7.499132e-03  7.410315e-03 -4.355161e-03 
 1.130000e+04  2.883531e+00 -7.534138e-03  7.445058e-03 -4.377693e-03 
 1.135000e+04  2.944389e+00 -7.569664e-03  7.480541e-03 -4.400623e-03 
 1.140000e+04  3.005247e+00 -7.604491e-03  7.515375e-03 -4.423417e-03 
 1.145000e+04  3.067445e+00 -7.639457e-03  7.550045e-03 -4.446569e-03 
 1.150000e+04  3.134285e+00 -7.676793e-03  7.586619e-03 -4.471427e-03 
 1.155000e+04  3.201382e+00 -7.714007e-03  7.622846e-03 -4.496126e-03 
 1.160000e+04  3.268478e+00 -7.750649e-03  7.658552e-03 -4.520347e-03 
 1.165000e+04  3.335574e+00 -7.786934e-03  7.694013e-03 -4.544045e-03 
 1.170000e+04  3.402671e+00 -7.823056e-03  7.729554e-03 -4.567462e-03 
 1.175000e+04  3.469767e+00 -7.858757e-03  7.764899e-03 -4.590502e-03 
 1.180000e+04  3.537199e+00 -7.894000e-03  7.799993e-03 -4.613341e-03 
 1.185000e+04  3.609975e+00 -7.931581e-03  7.837398e-03 -4.637950e-03 
 1.190000e+04  3.687277e+00 -7.971135e-03  7.876503e-03 -4.664068e-03 
 1.195000e+04  3.764950e+00 -8.010197e-03  7.914875e-03 -4.689973e-03 
 1.200000e+04  3.842622e+00 -8.048764e-03  7.952509e-03 -4.715487e-03 
 1.205000e+04  3.924100e+00 -8.089103e-03  7.991757e-03 -4.741865e-03 
 1.210000e+04  4.005656e+00 -8.129162e-03  8.030807e-03 -4.767833e-03 
 1.215000e+04  4.087212e+00 -8.168651e-03  8.069510e-03 -4.793346e-03 
 1.220000e+04  4.168768e+00 -8.207603e-03  8.107978e-03 -4.818539e-03 
 1.225000e+04  4.253994e+00 -8.247861e-03  8.147919e-03 -4.844736e-03 
 1.230000e+04  4.339628e+00 -8.287568e-03  8.187512e-03 -4.870883e-03 
 1.235000e+04  4.425861e+00 -8.326948e-03  8.226540e-03 -4.896904e-03 
 1.240000e+04  4.515777e+00 -8.367769e-03  8.266571e-03 -4.923779e-03 
 1.245000e+04  4.605692e+00 -8.408441e-03  8.306126e-03 -4.950305e-03 
 1.250000e+04  4.695608e+00 -8.448616e-03  8.345163e-03 -4.976398e-03 
 1.255000e+04  4.785523e+00 -8.488356e-03  8.383811e-03 -5.002092e-03 
 1.260000e+04  4.875439e+00 -8.527774e-03  8.422307e-03 -5.027534e-03 
 1.265000e+04  4.965354e+00 -8.566681e-03  8.460586e-03 -5.052705e-03 
 1.270000e+04  5.055899e+00 -8.605158e-03  8.498629e-03 -5.077826e-03 
 1.275000e+04  5.153615e+00 -8.646198e-03  8.539239e-03 -5.104679e-03 
 1.280000e+04  5.255721e+00 -8.688830e-03  8.581214e-03 -5.132569e-03 
 1.285000e+04  5.359809e+00 -8.731742e-03  8.623269e-03 -5.160697e-03 
 1.290000e+04  5.463898e+00 -8.774163e-03  8.664572e-03 -5.188282e-03 
 1.295000e+04  5.572774e+00 -8.818281e-03  8.707358e-03 -5.216754e-03 
 1.300000e+04  5.682067e+00 -8.862266e-03  8.749959e-03 -5.245066e-03 
 1.305000e+04  5.791360e+00 -8.905483e-03  8.792073e-03 -5.272939e-03 
 1.310000e+04  5.900653e+00 -8.947989e-03  8.833805e-03 -5.300538e-03 
 1.315000e+04  6.009945e+00 -8.990076e-03  8.875311e-03 -5.328008e-03 
 1.320000e+04  6.119238e+00 -9.031557e-03  8.916418e-03 -5.355229e-03 
 1.325000e+04  6.230280e+00 -9.073188e-03  8.957499e-03 -5.382471e-03 
 1.330000e+04  6.349742e+00 -9.117764e-03  9.001215e-03 -5.411433e-03 
 1.335000e+04  6.470238e+00 -9.162523e-03  9.044819e-03 -5.440297e-03 
 1.340000e+04  6.590733e+00 -9.206768e-03  9.087666e-03 -5.468748e-03 
 1.345000e+04  6.711228e+00 -9.250502e-03  9.129905e-03 -5.496847e-03 
 1.350000e+04  6.831724e+00 -9.293805e-03  9.171805e-03 -5.524757e-03 
 1.355000e+04  6.952219e+00 -9.336527e-03  9.213428e-03 -5.552454e-03 
 1.360000e+04  7.072715e+00 -9.378448e-03  9.254642e-03 -5.579845e-03 
 1.365000e+04  7.202530e+00 -9.423228e-03  9.298660e-03 -5.609005e-03 
 1.370000e+04  7.335376e+00 -9.468829e-03  9.343375e-03 -5.638539e-03 
 1.375000e+04  7.468222e+00 -9.513996e-03  9.387500e-03 -5.667662e-03 
 1.380000e+04  7.604815e+00 -9.559913e-03  9.432096e-03 -5.697169e-03 
 1.385000e+04  7.751278e+00 -9.608722e-03  9.479384e-03 -5.728454e-03 
 1.390000e+04  7.897741e+00 -9.657068e-03  9.526136e-03 -5.759477e-03 
 1.395000e+04  8.044203e+00 -9.704655e-03  9.572153e-03 -5.790139e-03 
 1.400000e+04  8.190666e+00 -9.751513e-03  9.617712e-03 -5.820539e-03 
 1.405000e+04  8.337129e+00 -9.797863e-03  9.663070e-03 -5.850688e-03 
 1.410000e+04  8.483592e+00 -9.843672e-03  9.708106e-03 -5.880474e-03 
 1.415000e+04  8.633892e+00 -9.890167e-03  9.753748e-03 -5.910531e-03 
 1.420000e+04  8.795529e+00 -9.939924e-03  9.802324e-03 -5.942440e-03 
 1.425000e+04  8.965078e+00 -9.991766e-03  9.852655e-03 -5.975585e-03 
 1.430000e+04  9.134627e+00 -1.004291e-02  9.901982e-03 -6.008278e-03 
 1.435000e+04  9.304176e+00 -1.009332e-02  9.950570e-03 -6.040621e-03 
 1.440000e+04  9.473725e+00 -1.014324e-02  9.998717e-03 -6.072777e-03 
 1.445000e+04  9.643274e+00 -1.019243e-02  1.004642e-02 -6.104658e-03 
 1.450000e+04  9.812823e+00 -1.024081e-02  1.009365e-02 -6.136023e-03 
 1.455000e+04  9.989765e+00 -1.029095e-02  1.014266e-02 -6.168361e-03 
 1.460000e+04  1.017669e+01 -1.034359e-02  1.019411e-02 -6.202094e-03 
 1.465000e+04  1.036362e+01 -1.039561e-02  1.024480e-02 -6.235351e-03 
 1.470000e+04  1.055260e+01 -1.044762e-02  1.029519e-02 -6.268550e-03 
 1.475000e+04  1.074888e+01 -1.050120e-02  1.034680e-02 -6.302728e-03 
 1.480000e+04  1.094515e+01 -1.055413e-02  1.039760e-02 -6.336610e-03 
 1.485000e+04  1.114143e+01 -1.060621e-02  1.044771e-02 -6.370110e-03 
 1.490000e+04  1.133770e+01 -1.065763e-02  1.049741e-02 -6.403259e-03 
 1.495000e+04  1.154300e+01 -1.071094e-02  1.054917e-02 -6.437533e-03 
 1.500000e+04  1.174909e+01 -1.076380e-02  1.060072e-02 -6.471452e-03 
 1.505000e+04  1.195518e+01 -1.081605e-02  1.065173e-02 -6.504835e-03 
 1.510000e+04  1.217677e+01 -1.087180e-02  1.070594e-02 -6.540292e-03 
 1.515000e+04  1.240398e+01 -1.092847e-02  1.076069e-02 -6.576317e-03 
 1.520000e+04  1.263119e+01 -1.098424e-02  1.081451e-02 -6.612034e-03 
 1.525000e+04  1.285840e+01 -1.103928e-02  1.086747e-02 -6.647343e-03 
 1.530000e+04  1.308561e+01 -1.109378e-02  1.091984e-02 -6.682307e-03 
 1.535000e+04  1.331283e+01 -1.114765e-02  1.097180e-02 -6.716877e-03 
 1.540000e+04  1.354004e+01 -1.120084e-02  1.102335e-02 -6.750877e-03 
 1.545000e+04  1.377774e+01 -1.125601e-02  1.107692e-02 -6.785931e-03 
 1.550000e+04  1.402824e+01 -1.131369e-02  1.113290e-02 -6.822512e-03 
 1.555000e+04  1.427874e+01 -1.137062e-02  1.118805e-02 -6.858695e-03 
 1.560000e+04  1.453199e+01 -1.142742e-02  1.124280e-02 -6.894880e-03 
 1.565000e+04  1.479502e+01 -1.148585e-02  1.129885e-02 -6.932111e-03 
 1.570000e+04  1.505805e+01 -1.154364e-02  1.135416e-02 -6.968963e-03 
 1.575000e+04  1.532107e+01 -1.160067e-02  1.140877e-02 -7.005293e-03 
 1.580000e+04  1.558410e+01 -1.165706e-02  1.146287e-02 -7.041158e-03 
 1.585000e+04  1.585423e+01 -1.171443e-02  1.151817e-02 -7.077552e-03 
 1.590000e+04  1.613041e+01 -1.177234e-02  1.157426e-02 -7.114284e-03 
 1.595000e+04  1.640658e+01 -1.182952e-02  1.162967e-02 -7.150522e-03 
 1.600000e+04  1.669802e+01 -1.188928e-02  1.168745e-02 -7.188321e-03 
 1.605000e+04  1.700251e+01 -1.195111e-02  1.174697e-02 -7.227539e-03 
 1.610000e+04  1.730699e+01 -1.201204e-02  1.180546e-02 -7.266306e-03 
 1.615000e+04  1.761148e+01 -1.207212e-02  1.186309e-02 -7.304519e-03 
 1.620000e+04  1.791596e+01 -1.213174e-02  1.192019e-02 -7.342322e-03 
 1.625000e+04  1.822045e+01 -1.219075e-02  1.197679e-02 -7.379645e-03 
 1.630000e+04  1.852493e+01 -1.224900e-02  1.203277e-02 -7.416402e-03 
 1.635000e+04  1.884504e+01 -1.230957e-02  1.209113e-02 -7.454574e-03 
 1.640000e+04  1.918074e+01 -1.237249e-02  1.215180e-02 -7.494268e-03 
 1.645000e+04  1.951643e+01 -1.243455e-02  1.221148e-02 -7.533508e-03 
 1.650000e+04  1.985683e+01 -1.249660e-02  1.227099e-02 -7.572792e-03 
 1.655000e+04  2.020931e+01 -1.256043e-02  1.233197e-02 -7.613005e-03 
 1.660000e+04  2.056179e+01 -1.262354e-02  1.239214e-02 -7.652754e-03 
 1.665000e+04  2.091427e+01 -1.268575e-02  1.245142e-02 -7.691933e-03 
 1.670000e+04  2.127979e+01 -1.274960e-02  1.251238e-02 -7.732038e-03 
 1.675000e+04  2.164989e+01 -1.281359e-02  1.257364e-02 -7.772220e-03 
 1.680000e+04  2.202000e+01 -1.287666e-02  1.263413e-02 -7.811853e-03 
 1.685000e+04  2.240013e+01 -1.294058e-02  1.269551e-02 -7.852049e-03 
 1.690000e+04  2.280817e+01 -1.300857e-02  1.276067e-02 -7.894759e-03 
 1.695000e+04  2.321621e+01 -1.307579e-02  1.282491e-02 -7.936964e-03 
 1.700000e+04  2.362425e+01 -1.314205e-02  1.288811e-02 -7.978567e-03 
 1.705000e+04  2.405147e+01 -1.321069e-02  1.295345e-02 -8.021585e-03 
 1.710000e+04  2.449876e+01 -1.328179e-02  1.302106e-02 -8.066066e-03 
 1.715000e+04  2.494863e+01 -1.335234e-02  1.308819e-02 -8.110153e-03 
 1.720000e+04  2.539849e+01 -1.342186e-02  1.315453e-02 -8.153614e-03 
 1.725000e+04  2.586590e+01 -1.349328e-02  1.322272e-02 -8.198218e-03 
 1.730000e+04  2.633826e+01 -1.356448e-02  1.329081e-02 -8.242778e-03 
 1.735000e+04  2.681062e+01 -1.363465e-02  1.335792e-02 -8.286694e-03 
 1.740000e+04  2.731831e+01 -1.370927e-02  1.342903e-02 -8.333230e-03 
 1.745000e+04  2.783908e+01 -1.378510e-02  1.350098e-02 -8.380433e-03 
 1.750000e+04  2.835985e+01 -1.385978e-02  1.357186e-02 -8.426981e-03 
 1.755000e+04  2.888063e+01 -1.393339e-02  1.364166e-02 -8.472753e-03 
 1.760000e+04  2.940140e+01 -1.400619e-02  1.371059e-02 -8.517878e-03 
 1.765000e+04  2.992218e+01 -1.407807e-02  1.377878e-02 -8.562504e-03 
 1.770000e+04  3.044295e+01 -1.414886e-02  1.384611e-02 -8.606548e-03 
 1.775000e+04  3.100247e+01 -1.422399e-02  1.391760e-02 -8.653227e-03 
 1.780000e+04  3.157662e+01 -1.430032e-02  1.399013e-02 -8.700538e-03 
 1.785000e+04  3.215078e+01 -1.437562e-02  1.406153e-02 -8.747197e-03 
 1.790000e+04  3.273699e+01 -1.445140e-02  1.413321e-02 -8.794059e-03 
 1.795000e+04  3.333985e+01 -1.452850e-02  1.420599e-02 -8.841587e-03 
 1.800000e+04  3.394271e+01 -1.460460e-02  1.427783e-02 -8.888549e-03 
 1.805000e+04  3.454557e+01 -1.467953e-02  1.434863e-02 -8.934865e-03 
 1.810000e+04  3.517315e+01 -1.475649e-02  1.442143e-02 -8.982433e-03 
 1.815000e+04  3.583717e+01 -1.483698e-02  1.449767e-02 -9.032110e-03 
 1.820000e+04  3.650182e+01 -1.491641e-02  1.457293e-02 -9.081093e-03 
 1.825000e+04  3.717113e+01 -1.499530e-02  1.464752e-02 -9.129559e-03 
 1.830000e+04  3.789344e+01 -1.507946e-02  1.472693e-02 -9.181191e-03 
 1.835000e+04  3.862622e+01 -1.516372e-02  1.480626e-02 -9.232922e-03 
 1.840000e+04  3.935901e+01 -1.524658e-02  1.488417e-02 -9.283825e-03 
 1.845000e+04  4.010937e+01 -1.533029e-02  1.496285e-02 -9.335166e-03 
 1.850000e+04  4.087879e+01 -1.541508e-02  1.504250e-02 -9.387085e-03 
 1.855000e+04  4.164822e+01 -1.549852e-02  1.512099e-02 -9.438155e-03 
 1.860000e+04  4.243687e+01 -1.558279e-02  1.520029e-02 -9.489680e-03 
 1.865000e+04  4.327708e+01 -1.567155e-02  1.528374e-02 -9.543830e-03 
 1.870000e+04  4.412536e+01 -1.575990e-02  1.536668e-02 -9.597700e-03 
 1.875000e+04  4.497365e+01 -1.584681e-02  1.544810e-02 -9.650660e-03 
 1.880000e+04  4.587097e+01 -1.593754e-02  1.553285e-02 -9.705794e-03 
 1.885000e+04  4.680620e+01 -1.603084e-02  1.561995e-02 -9.762459e-03 
 1.890000e+04  4.774144e+01 -1.612254e-02  1.570551e-02 -9.818186e-03 
 1.895000e+04  4.867667e+01 -1.621280e-02  1.578977e-02 -9.872933e-03 
 1.900000e+04  4.965493e+01 -1.630590e-02  1.587668e-02 -9.929338e-03 
 1.905000e+04  5.063693e+01 -1.639786e-02  1.596266e-02 -9.985104e-03 
 1.910000e+04  5.162580e+01 -1.648893e-02  1.604782e-02 -1.004025e-02 
 1.915000e+04  5.271861e+01 -1.658830e-02  1.614053e-02 -1.010021e-02 
 1.920000e+04  5.385539e+01 -1.669019e-02  1.623540e-02 -1.016172e-02 
 1.925000e+04  5.499217e+01 -1.679018e-02  1.632838e-02 -1.022210e-02 
 1.930000e+04  5.613578e+01 -1.688905e-02  1.642017e-02 -1.028164e-02 
 1.935000e+04  5.732940e+01 -1.699071e-02  1.651440e-02 -1.034277e-02 
 1.940000e+04  5.852303e+01 -1.709068e-02  1.660710e-02 -1.040289e-02 
 1.945000e+04  5.971665e+01 -1.718890e-02  1.669826e-02 -1.046189e-02 
 1.950000e+04  6.101645e+01 -1.729436e-02  1.679595e-02 -1.052510e-02 
 1.955000e+04  6.233242e+01 -1.739949e-02  1.689318e-02 -1.058806e-02 
 1.960000e+04  6.364839e+01 -1.750266e-02  1.698847e-02 -1.064977e-02 
 1.965000e+04  6.499068e+01 -1.760608e-02  1.708381e-02 -1.071147e-02 
 1.970000e+04  6.637244e+01 -1.771100e-02  1.718026e-02 -1.077403e-02 
 1.975000e+04  6.775421e+01 -1.781407e-02  1.727503e-02 -1.083552e-02 
 1.980000e+04  6.915256e+01 -1.791652e-02  1.736922e-02 -1.089655e-02 
 1.985000e+04  7.067016e+01 -1.802604e-02  1.746978e-02 -1.096166e-02 
 1.990000e+04  7.219356e+01 -1.813415e-02  1.756906e-02 -1.102592e-02 
 1.995000e+04  7.371696e+01 -1.824020e-02  1.766638e-02 -1.108888e-02 
 2.000000e+04  7.532902e+01 -1.835050e-02  1.776733e-02 -1.115419e-02 
 2.005000e+04  7.700857e+01 -1.846358e-02  1.787075e-02 -1.122118e-02 
 2.010000e+04  7.868812e+01 -1.857453e-02  1.797216e-02 -1.128692e-02 
 2.015000e+04  8.037942e+01 -1.868422e-02  1.807214e-02 -1.135170e-02 
 2.020000e+04  8.218174e+01 -1.879915e-02  1.817678e-02 -1.141951e-02 
 2.025000e+04  8.403345e+01 -1.891516e-02  1.828238e-02 -1.148795e-02 
 2.030000e+04  8.588515e+01 -1.902886e-02  1.838585e-02 -1.155492e-02 
 2.035000e+04  8.778685e+01 -1.914354e-02  1.848997e-02 -1.162235e-02 
 2.040000e+04  8.973113e+01 -1.925883e-02  1.859442e-02 -1.169014e-02 
 2.045000e+04  9.167542e+01 -1.937184e-02  1.869683e-02 -1.175657e-02 
 2.050000e+04  9.368484e+01 -1.948647e-02  1.880050e-02 -1.182374e-02 
 2.055000e+04  9.590130e+01 -1.961102e-02  1.891285e-02 -1.189657e-02 
 2.060000e+04  9.815205e+01 -1.973508e-02  1.902468e-02 -1.196924e-02 
 2.065000e+04  1.004028e+02 -1.985642e-02  1.913397e-02 -1.204023e-02 
 2.070000e+04  1.027121e+02 -1.997849e-02  1.924364e-02 -1.211143e-02 
 2.075000e+04  1.050754e+02 -2.010112e-02  1.935373e-02 -1.218295e-02 
 2.080000e+04  1.074387e+02 -2.022125e-02  1.946156e-02 -1.225300e-02 
 2.085000e+04  1.099414e+02 -2.034605e-02  1.957340e-02 -1.232566e-02 
 2.090000e+04  1.125469e+02 -2.047371e-02  1.968764e-02 -1.239997e-02 
 2.095000e+04  1.151525e+02 -2.059875e-02  1.979944e-02 -1.247278e-02 
 2.100000e+04  1.177762e+02 -2.072198e-02  1.990948e-02 -1.254432e-02 
 2.105000e+04  1.206242e+02 -2.085322e-02  2.002653e-02 -1.262037e-02 
 2.110000e+04  1.234968e+02 -2.098300e-02  2.014219e-02 -1.269566e-02 
 2.115000e+04  1.263694e+02 -2.110995e-02  2.025529e-02 -1.276933e-02 
 2.120000e+04  1.294383e+02 -2.124280e-02  2.037343e-02 -1.284630e-02 
 2.125000e+04  1.326054e+02 -2.137732e-02  2.049292e-02 -1.292421e-02 
 2.130000e+04  1.357724e+02 -2.150897e-02  2.060974e-02 -1.300039e-02 
 2.135000e+04  1.390196e+02 -2.164115e-02  2.072667e-02 -1.307656e-02 
 2.140000e+04  1.425112e+02 -2.178064e-02  2.084967e-02 -1.315686e-02 
 2.145000e+04  1.460029e+02 -2.191714e-02  2.096992e-02 -1.323559e-02 
 2.150000e+04  1.495085e+02 -2.205105e-02  2.108782e-02 -1.331279e-02 
 2.155000e+04  1.532958e+02 -2.219279e-02  2.121229e-02 -1.339430e-02 
 2.160000e+04  1.573108e+02 -2.234007e-02  2.134149e-02 -1.347899e-02 
 2.165000e+04  1.613529e+02 -2.248501e-02  2.146854e-02 -1.356231e-02 
 2.170000e+04  1.653949e+02 -2.262657e-02  2.159237e-02 -1.364351e-02 
 2.175000e+04  1.697670e+02 -2.277632e-02  2.172314e-02 -1.372939e-02 
 2.180000e+04  1.742233e+02 -2.292557e-02  2.185340e-02 -1.381506e-02 
 2.185000e+04  1.786797e+02 -2.307122e-02  2.198038e-02 -1.389860e-02 
 2.190000e+04  1.833858e+02 -2.322159e-02  2.211124e-02 -1.398477e-02 
 2.195000e+04  1.882989e+02 -2.337519e-02  2.224496e-02 -1.407291e-02 
 2.200000e+04  1.932120e+02 -2.352504e-02  2.237538e-02 -1.415884e-02 
 2.205000e+04  1.982185e+02 -2.367409e-02  2.250495e-02 -1.424417e-02 
 2.210000e+04  2.035062e+02 -2.382811e-02  2.263869e-02 -1.433240e-02 
 2.215000e+04  2.089229e+02 -2.398230e-02  2.277242e-02 -1.442077e-02 
 2.220000e+04  2.143396e+02 -2.413285e-02  2.290269e-02 -1.450695e-02 
 2.225000e+04  2.201529e+02 -2.429085e-02  2.303915e-02 -1.459735e-02 
 2.230000e+04  2.261248e+02 -2.444962e-02  2.317612e-02 -1.468823e-02 
 2.235000e+04  2.320967e+02 -2.460452e-02  2.330950e-02 -1.477684e-02 
 2.240000e+04  2.382866e+02 -2.476127e-02  2.344421e-02 -1.486636e-02 
 2.245000e+04  2.448706e+02 -2.492443e-02  2.358430e-02 -1.495961e-02 
 2.250000e+04  2.514547e+02 -2.508373e-02  2.372094e-02 -1.505077e-02 
 2.255000e+04  2.581250e+02 -2.524112e-02  2.385577e-02 -1.514079e-02 
 2.260000e+04  2.653839e+02 -2.540870e-02  2.399913e-02 -1.523663e-02 
 2.265000e+04  2.726428e+02 -2.557244e-02  2.413906e-02 -1.533037e-02 
 2.270000e+04  2.799017e+02 -2.573206e-02  2.427532e-02 -1.542173e-02 
 2.275000e+04  2.880053e+02 -2.590605e-02  2.442371e-02 -1.552130e-02 
 2.280000e+04  2.964084e+02 -2.608253e-02  2.457419e-02 -1.562245e-02 
 2.285000e+04  3.048115e+02 -2.625448e-02  2.472076e-02 -1.572115e-02 
 2.290000e+04  3.132145e+02 -2.642192e-02  2.486332e-02 -1.581722e-02 
 2.295000e+04  3.220126e+02 -2.659295e-02  2.500882e-02 -1.591541e-02 
 2.300000e+04  3.308358e+02 -2.676031e-02  2.515119e-02 -1.601165e-02 
 2.305000e+04  3.403164e+02 -2.693588e-02  2.530033e-02 -1.611266e-02 
 2.310000e+04  3.500441e+02 -2.711218e-02  2.544991e-02 -1.621418e-02 
 2.315000e+04  3.597717e+02 -2.728433e-02  2.559574e-02 -1.631351e-02 
 2.320000e+04  3.695869e+02 -2.745359e-02  2.573914e-02 -1.641126e-02 
 2.325000e+04  3.801380e+02 -2.763125e-02  2.588974e-02 -1.651389e-02 
 2.330000e+04  3.908627e+02 -2.780796e-02  2.603950e-02 -1.661611e-02 
 2.335000e+04  4.015874e+02 -2.798071e-02  2.618573e-02 -1.671628e-02 
 2.340000e+04  4.128288e+02 -2.815792e-02  2.633543e-02 -1.681933e-02 
 2.345000e+04  4.244028e+02 -2.833692e-02  2.648626e-02 -1.692380e-02 
 2.350000e+04  4.359769e+02 -2.851233e-02  2.663368e-02 -1.702668e-02 
 2.355000e+04  4.475510e+02 -2.868422e-02  2.677770e-02 -1.712776e-02 
 2.360000e+04  4.591251e+02 -2.885287e-02  2.691861e-02 -1.722695e-02 
 2.365000e+04  4.706991e+02 -2.901846e-02  2.705665e-02 -1.732426e-02 
 2.370000e+04  4.822732e+02 -2.918108e-02  2.719189e-02 -1.741984e-02 
 2.375000e+04  4.938473e+02 -2.934096e-02  2.732460e-02 -1.751382e-02 
 2.380000e+04  5.054214e+02 -2.949831e-02  2.745502e-02 -1.760632e-02 
 2.385000e+04  5.169954e+02 -2.965307e-02  2.758334e-02 -1.769743e-02 
 2.390000e+04  5.285695e+02 -2.980516e-02  2.770965e-02 -1.778720e-02 
 2.395000e+04  5.401436e+02 -2.995472e-02  2.783419e-02 -1.787572e-02 
 2.400000e+04  5.517177e+02 -3.010179e-02  2.795711e-02 -1.796306e-02 
 2.405000e+04  5.632917e+02 -3.024646e-02  2.807846e-02 -1.804932e-02 
 2.410000e+04  5.748658e+02 -3.038897e-02  2.819827e-02 -1.813465e-02 
 2.415000e+04  5.864399e+02 -3.052959e-02  2.831658e-02 -1.821916e-02 
 2.420000e+04  5.980140e+02 -3.066841e-02  2.843351e-02 -1.830278e-02 
 2.425000e+04  6.095880e+02 -3.080550e-02  2.854913e-02 -1.838529e-02 
 2.430000e+04  6.211621e+02 -3.094101e-02  2.866332e-02 -1.846661e-02 
 2.435000e+04  6.327362e+02 -3.107517e-02  2.877546e-02 -1.854741e-02 
 2.440000e+04  6.443102e+02 -3.120768e-02  2.888665e-02 -1.862757e-02 
 2.445000e+04  6.558843e+02 -3.133931e-02  2.899711e-02 -1.870662e-02 
 2.450000e+04  6.674584e+02 -3.147006e-02  2.910659e-02 -1.878442e-02 
 2.455000e+04  6.790325e+02 -3.159963e-02  2.921445e-02 -1.886151e-02 
 2.460000e+04  6.906065e+02 -3.172713e-02  2.932132e-02 -1.893862e-02 
 2.465000e+04  7.021806e+02 -3.185361e-02  2.942727e-02 -1.901502e-02 
 2.470000e+04  7.137547e+02 -3.197949e-02  2.953259e-02 -1.909077e-02 
 2.475000e+04  7.253288e+02 -3.210504e-02  2.963734e-02 -1.916579e-02 
 2.480000e+04  7.369028e+02 -3.222953e-02  2.974140e-02 -1.924011e-02 
 2.485000e+04  7.484769e+02 -3.235263e-02  2.984469e-02 -1.931399e-02 
 2.490000e+04  7.600510e+02 -3.247409e-02  2.994760e-02 -1.938667e-02 
 2.495000e+04  7.716251e+02 -3.259328e-02  3.004994e-02 -1.945910e-02 
 2.500000e+04  7.831991e+02 -3.271163e-02  3.015114e-02 -1.953101e-02 
 2.505000e+04  7.947732e+02 -3.282995e-02  3.025147e-02 -1.960232e-02 
 2.510000e+04  8.063473e+02 -3.294822e-02  3.035129e-02 -1.967369e-02 
 2.515000e+04  8.179214e+02 -3.306604e-02  3.045077e-02 -1.974489e-02 
 2.520000e+04  8.294954e+02 -3.318267e-02  3.054905e-02 -1.981519e-02 
 2.525000e+04  8.410695e+02 -3.329878e-02  3.064639e-02 -1.988490e-02 
 2.530000e+04  8.526436e+02 -3.341394e-02  3.074212e-02 -1.995435e-02 
 2.535000e+04  8.642177e+02 -3.352688e-02  3.083656e-02 -2.002300e-02 
 2.540000e+04  8.757917e+02 -3.363918e-02  3.093102e-02 -2.009159e-02 
 2.545000e+04  8.873658e+02 -3.375066e-02  3.102567e-02 -2.015965e-02 
 2.550000e+04  8.989399e+02 -3.386185e-02  3.111991e-02 -2.022682e-02 
 2.555000e+04  9.105140e+02 -3.397356e-02  3.121312e-02 -2.029354e-02 
 2.560000e+04  9.220880e+02 -3.408397e-02  3.130547e-02 -2.036011e-02 
 2.565000e+04  9.336621e+02 -3.419275e-02  3.139675e-02 -2.042604e-02 
 2.570000e+04  9.452362e+02 -3.430017e-02  3.148671e-02 -2.049203e-02 
 2.575000e+04  9.568102e+02 -3.440712e-02  3.157631e-02 -2.055801e-02 
 2.580000e+04  9.683843e+02 -3.451316e-02  3.166589e-02 -2.062344e-02 
 2.585000e+04  9.799584e+02 -3.461794e-02  3.175553e-02 -2.068783e-02 
 2.590000e+04  9.915325e+02 -3.472143e-02  3.184521e-02 -2.075167e-02 
 2.595000e+04  1.003107e+03 -3.482441e-02  3.193398e-02 -2.081524e-02 
 2.600000e+04  1.014681e+03 -3.492667e-02  3.202125e-02 -2.087864e-02 
 2.605000e+04  1.026255e+03 -3.502918e-02  3.210756e-02 -2.094231e-02 
 2.610000e+04  1.037829e+03 -3.513162e-02  3.219365e-02 -2.100604e-02 
 2.615000e+04  1.049403e+03 -3.523291e-02  3.227934e-02 -2.106891e-02 
 2.620000e+04  1.060977e+03 -3.533395e-02  3.236413e-02 -2.113072e-02 
 2.625000e+04  1.072551e+03 -3.543468e-02  3.244766e-02 -2.119222e-02 
 2.630000e+04  1.084125e+03 -3.553423e-02  3.253050e-02 -2.125373e-02 
 2.635000e+04  1.095699e+03 -3.563233e-02  3.261309e-02 -2.131519e-02 
 2.640000e+04  1.107273e+03 -3.572994e-02  3.269589e-02 -2.137673e-02 
 2.645000e+04  1.118847e+03 -3.582791e-02  3.277889e-02 -2.143830e-02 
 2.650000e+04  1.130421e+03 -3.592618e-02  3.286161e-02 -2.149942e-02 
 2.655000e+04  1.141995e+03 -3.602399e-02  3.294395e-02 -2.155990e-02 
 2.660000e+04  1.153570e+03 -3.612021e-02  3.302584e-02 -2.162019e-02 
 2.665000e+04  1.165144e+03 -3.621521e-02  3.310632e-02 -2.168046e-02 
 2.670000e+04  1.176718e+03 -3.630904e-02  3.318549e-02 -2.174052e-02 
 2.675000e+04  1.188292e+03 -3.640192e-02  3.326378e-02 -2.180016e-02 
 2.680000e+04  1.199866e+03 -3.649469e-02  3.334181e-02 -2.185955e-02 
 2.685000e+04  1.211440e+03 -3.658729e-02  3.342093e-02 -2.191835e-02 
 2.690000e+04  1.223014e+03 -3.667953e-02  3.350057e-02 -2.197687e-02 
 2.695000e+04  1.234588e+03 -3.677111e-02  3.357967e-02 -2.203524e-02 
 2.700000e+04  1.246162e+03 -3.686242e-02  3.365776e-02 -2.209356e-02 
 2.705000e+04  1.257736e+03 -3.695320e-02  3.373533e-02 -2.215188e-02 
 2.710000e+04  1.269310e+03 -3.704299e-02  3.381246e-02 -2.220983e-02 
 2.715000e+04  1.280884e+03 -3.713226e-02  3.388915e-02 -2.226750e-02 
 2.720000e+04  1.292458e+03 -3.722181e-02  3.396551e-02 -2.232496e-02 
 2.725000e+04  1.304032e+03 -3.731125e-02  3.404148e-02 -2.238209e-02 
 2.730000e+04  1.315607e+03 -3.740050e-02  3.411694e-02 -2.243874e-02 
 2.735000e+04  1.327181e+03 -3.748928e-02  3.419200e-02 -2.249525e-02 
 2.740000e+04  1.338755e+03 -3.757762e-02  3.426688e-02 -2.255165e-02 
 2.745000e+04  1.350329e+03 -3.766574e-02  3.434164e-02 -2.260807e-02 
 2.750000e+04  1.361903e+03 -3.775377e-02  3.441629e-02 -2.266417e-02 
 2.755000e+04  1.373477e+03 -3.784164e-02  3.449046e-02 -2.272005e-02 
 2.760000e+04  1.385051e+03 -3.792900e-02  3.456421e-02 -2.277566e-02 
 2.765000e+04  1.396625e+03 -3.801555e-02  3.463794e-02 -2.283138e-02 
 2.770000e+04  1.408199e+03 -3.810179e-02  3.471133e-02 -2.288695e-02 
 2.775000e+04  1.419773e+03 -3.818768e-02  3.478436e-02 -2.294216e-02 
 2.780000e+04  1.431347e+03 -3.827342e-02  3.485749e-02 -2.299687e-02 
 2.785000e+04  1.442921e+03 -3.835896e-02  3.493024e-02 -2.305129e-02 
 2.790000e+04  1.454495e+03 -3.844371e-02  3.500301e-02 -2.310564e-02 
 2.795000e+04  1.466070e+03 -3.852804e-02  3.507526e-02 -2.316005e-02 
 2.800000e+04  1.477644e+03 -3.861233e-02  3.514596e-02 -2.321456e-02 
 2.805000e+04  1.489218e+03 -3.869615e-02  3.521716e-02 -2.326897e-02 
 2.810000e+04  1.500792e+03 -3.877990e-02  3.528812e-02 -2.332291e-02 
 2.815000e+04  1.512366e+03 -3.886336e-02  3.535903e-02 -2.337662e-02 
 2.820000e+04  1.523940e+03 -3.894688e-02  3.542993e-02 -2.343025e-02 
 2.825000e+04  1.535514e+03 -3.903047e-02  3.550033e-02 -2.348366e-02 
 2.830000e+04  1.547088e+03 -3.911377e-02  3.557044e-02 -2.353680e-02 
 2.835000e+04  1.558662e+03 -3.919699e-02  3.564062e-02 -2.358983e-02 
 2.840000e+04  1.570236e+03 -3.927982e-02  3.571062e-02 -2.364296e-02 
 2.845000e+04  1.581810e+03 -3.936237e-02  3.577972e-02 -2.369594e-02 
 2.850000e+04  1.593384e+03 -3.944479e-02  3.584829e-02 -2.374885e-02 
 2.855000e+04  1.604958e+03 -3.952678e-02  3.591634e-02 -2.380173e-02 
 2.860000e+04  1.616532e+03 -3.960850e-02  3.598455e-02 -2.385453e-02 
 2.865000e+04  1.628107e+03 -3.969009e-02  3.605293e-02 -2.390718e-02 
 2.870000e+04  1.639681e+03 -3.977145e-02  3.612161e-02 -2.395947e-02 
 2.875000e+04  1.651255e+03 -3.985234e-02  3.619048e-02 -2.401163e-02 
 2.880000e+04  1.662829e+03 -3.993280e-02  3.625916e-02 -2.406384e-02 
 2.885000e+04  1.674403e+03 -4.001276e-02  3.632726e-02 -2.411616e-02 
 2.890000e+04  1.685977e+03 -4.009242e-02  3.639516e-02 -2.416837e-02 
 2.895000e+04  1.697551e+03 -4.017186e-02  3.646286e-02 -2.422030e-02 
 2.900000e+04  1.709125e+03 -4.025103e-02  3.653040e-02 -2.427213e-02 
 2.905000e+04  1.720699e+03 -4.033015e-02  3.659775e-02 -2.432395e-02 
 2.910000e+04  1.732273e+03 -4.040910e-02  3.666485e-02 -2.437569e-02 
 2.915000e+04  1.743847e+03 -4.048750e-02  3.673195e-02 -2.442726e-02 
 2.920000e+04  1.755421e+03 -4.056598e-02  3.679893e-02 -2.447868e-02 
 2.925000e+04  1.766995e+03 -4.064420e-02  3.686560e-02 -2.452988e-02 
 2.930000e+04  1.778570e+03 -4.072224e-02  3.693196e-02 -2.458092e-02 
 2.935000e+04  1.790144e+03 -4.080016e-02  3.699822e-02 -2.463208e-02 
 2.940000e+04  1.801718e+03 -4.087783e-02  3.706446e-02 -2.468309e-02 
 2.945000e+04  1.813292e+03 -4.095542e-02  3.713023e-02 -2.473400e-02 
 2.950000e+04  1.824866e+03 -4.103313e-02  3.719589e-02 -2.478495e-02 
 2.955000e+04  1.836440e+03 -4.111065e-02  3.726120e-02 -2.483585e-02 
 2.960000e+04  1.848014e+03 -4.118765e-02  3.732613e-02 -2.488649e-02 
 2.965000e+04  1.859588e+03 -4.126418e-02  3.739086e-02 -2.493705e-02 
 2.970000e+04  1.871162e+03 -4.134073e-02  3.745535e-02 -2.498760e-02 
 2.975000e+04  1.882736e+03 -4.141703e-02  3.752001e-02 -2.503794e-02 
 2.980000e+04  1.894310e+03 -4.149329e-02  3.758493e-02 -2.508815e-02 
 2.985000e+04  1.905884e+03 -4.156921e-02  3.765012e-02 -2.513823e-02 
 2.990000e+04  1.917458e+03 -4.164488e-02  3.771529e-02 -2.518816e-02 
 2.995000e+04  1.929032e+03 -4.172045e-02  3.778030e-02 -2.523807e-02 
 3.000000e+04  1.940607e+03 -4.179557e-02  3.784513e-02 -2.528804e-02 
 3.005000e+04  1.952181e+03 -4.187022e-02  3.790976e-02 -2.533798e-02 
 3.010000e+04  1.963755e+03 -4.194472e-02  3.797431e-02 -2.538776e-02 
 3.015000e+04  1.975329e+03 -4.201934e-02  3.803873e-02 -2.543729e-02 
 3.020000e+04  1.986903e+03 -4.209374e-02  3.810303e-02 -2.548660e-02 
 3.025000e+04  1.998477e+03 -4.216801e-02  3.816708e-02 -2.553570e-02 
 3.030000e+04  2.010051e+03 -4.224208e-02  3.823100e-02 -2.558483e-02 
 3.035000e+04  2.021625e+03 -4.231567e-02  3.829487e-02 -2.563387e-02 
 3.040000e+04  2.033199e+03 -4.238920e-02  3.835870e-02 -2.568299e-02 
 3.045000e+04  2.044773e+03 -4.246277e-02  3.842251e-02 -2.573200e-02 
 3.050000e+04  2.056347e+03 -4.253613e-02  3.848603e-02 -2.578097e-02 
 3.055000e+04  2.067921e+03 -4.260945e-02  3.854938e-02 -2.582974e-02 
 3.060000e+04  2.079495e+03 -4.268255e-02  3.861202e-02 -2.587839e-02 
 3.065000e+04  2.091070e+03 -4.275553e-02  3.867455e-02 -2.592683e-02 
 3.070000e+04  2.102644e+03 -4.282846e-02  3.873706e-02 -2.597519e-02 
 3.075000e+04  2.114218e+03 -4.290136e-02  3.879969e-02 -2.602355e-02 
 3.080000e+04  2.125792e+03 -4.297410e-02  3.886247e-02 -2.607189e-02 
 3.085000e+04  2.137366e+03 -4.304643e-02  3.892536e-02 -2.612021e-02 
 3.090000e+04  2.148940e+03 -4.311850e-02  3.898832e-02 -2.616863e-02 
 3.095000e+04  2.160514e+03 -4.319023e-02  3.905124e-02 -2.621699e-02 
 3.100000e+04  2.172088e+03 -4.326186e-02  3.911401e-02 -2.626517e-02 
 3.105000e+04  2.183662e+03 -4.333343e-02  3.917674e-02 -2.631309e-02 
 3.110000e+04  2.195236e+03 -4.340481e-02  3.923937e-02 -2.636092e-02 
 3.115000e+04  2.206810e+03 -4.347596e-02  3.930183e-02 -2.640874e-02 
 3.120000e+04  2.218384e+03 -4.354697e-02  3.936413e-02 -2.645651e-02 
 3.125000e+04  2.229958e+03 -4.361788e-02  3.942631e-02 -2.650414e-02 
 3.130000e+04  2.241532e+03 -4.368856e-02  3.948830e-02 -2.655176e-02 
 3.135000e+04  2.253107e+03 -4.375907e-02  3.955011e-02 -2.659931e-02 
 3.140000e+04  2.264681e+03 -4.382944e-02  3.961168e-02 -2.664676e-02 
 3.145000e+04  2.276255e+03 -4.389982e-02  3.967320e-02 -2.669422e-02 
 3.150000e+04  2.287829e+03 -4.396993e-02  3.973457e-02 -2.674170e-02 
 3.155000e+04  2.299403e+03 -4.404009e-02  3.979568e-02 -2.678906e-02 
 3.160000e+04  2.310977e+03 -4.411040e-02  3.985607e-02 -2.683628e-02 
 3.165000e+04  2.322551e+03 -4.418076e-02  3.991610e-02 -2.688330e-02 
 3.170000e+04  2.334125e+03 -4.425096e-02  3.997606e-02 -2.693025e-02 
 3.175000e+04  2.345699e+03 -4.432100e-02  4.003608e-02 -2.697717e-02 
 3.180000e+04  2.357273e+03 -4.439093e-02  4.009578e-02 -2.702417e-02 
 3.185000e+04  2.368847e+03 -4.446082e-02  4.015538e-02 -2.707113e-02 
 3.190000e+04  2.380421e+03 -4.453020e-02  4.021454e-02 -2.711808e-02 
 3.195000e+04  2.391995e+03 -4.459920e-02  4.027369e-02 -2.716490e-02 
 3.200000e+04  2.403570e+03 -4.466812e-02  4.033293e-02 -2.721141e-02 
 3.205000e+04  2.415144e+03 -4.473715e-02  4.039231e-02 -2.725769e-02 
 3.210000e+04  2.426718e+03 -4.480620e-02  4.045174e-02 -2.730394e-02 
 3.215000e+04  2.438292e+03 -4.487493e-02  4.051094e-02 -2.735020e-02 
 3.220000e+04  2.449866e+03 -4.494348e-02  4.057003e-02 -2.739652e-02 
 3.225000e+04  2.461440e+03 -4.501144e-02  4.062898e-02 -2.744300e-02 
 3.230000e+04  2.473014e+03 -4.507893e-02  4.068779e-02 -2.748942e-02 
 3.235000e+04  2.484588e+03 -4.514645e-02  4.074641e-02 -2.753565e-02 
 3.240000e+04  2.496162e+03 -4.521411e-02  4.080503e-02 -2.758172e-02 
 3.245000e+04  2.507736e+03 -4.528194e-02  4.086328e-02 -2.762746e-02 
 3.250000e+04  2.519310e+03 -4.534980e-02  4.092134e-02 -2.767302e-02 
 3.255000e+04  2.530884e+03 -4.541758e-02  4.097934e-02 -2.771851e-02 
 3.260000e+04  2.542458e+03 -4.548531e-02  4.103680e-02 -2.776406e-02 
 3.265000e+04  2.554032e+03 -4.555281e-02  4.109410e-02 -2.780957e-02 
 3.270000e+04  2.565607e+03 -4.562013e-02  4.115105e-02 -2.785513e-02 
 3.275000e+04  2.577181e+03 -4.568747e-02  4.120794e-02 -2.790069e-02 
 3.280000e+04  2.588755e+03 -4.575485e-02  4.126489e-02 -2.794622e-02 
 3.285000e+04  2.600329e+03 -4.582221e-02  4.132194e-02 -2.799164e-02 
 3.290000e+04  2.611903e+03 -4.588944e-02  4.137909e-02 -2.803690e-02 
 3.295000e+04  2.623477e+03 -4.595653e-02  4.143638e-02 -2.808196e-02 
 3.300000e+04  2.635051e+03 -4.602344e-02  4.149342e-02 -2.812690e-02 
 3.305000e+04  2.646625e+03 -4.609012e-02  4.154998e-02 -2.817192e-02 
 3.310000e+04  2.658199e+03 -4.615639e-02  4.160649e-02 -2.821695e-02 
 3.315000e+04  2.669773e+03 -4.622232e-02  4.166300e-02 -2.826205e-02 
 3.320000e+04  2.681347e+03 -4.628821e-02  4.171967e-02 -2.830702e-02 
 3.325000e+04  2.692921e+03 -4.635407e-02  4.177635e-02 -2.835205e-02 
 3.330000e+04  2.704495e+03 -4.641993e-02  4.183303e-02 -2.839695e-02 
 3.335000e+04  2.716070e+03 -4.648571e-02  4.188947e-02 -2.844176e-02 
 3.340000e+04  2.727644e+03 -4.655152e-02  4.194589e-02 -2.848637e-02 
 3.345000e+04  2.739218e+03 -4.661716e-02  4.200232e-02 -2.853103e-02 
 3.350000e+04  2.750792e+03 -4.668259e-02  4.205858e-02 -2.857571e-02 
 3.355000e+04  2.762366e+03 -4.674795e-02  4.211470e-02 -2.862042e-02 
 3.360000e+04  2.773940e+03 -4.681339e-02  4.217075e-02 -2.866514e-02 
 3.365000e+04  2.785514e+03 -4.687879e-02  4.222673e-02 -2.870973e-02 
 3.370000e+04  2.797088e+03 -4.694408e-02  4.228258e-02 -2.875413e-02 
 3.375000e+04  2.808662e+03 -4.700928e-02  4.233835e-02 -2.879848e-02 
 3.380000e+04  2.820236e+03 -4.707447e-02  4.239382e-02 -2.884277e-02 
 3.385000e+04  2.831810e+03 -4.713962e-02  4.244884e-02 -2.888704e-02 
 3.390000e+04  2.843384e+03 -4.720423e-02  4.250379e-02 -2.893125e-02 
 3.395000e+04  2.854958e+03 -4.726847e-02  4.255887e-02 -2.897548e-02 
 3.400000e+04  2.866532e+03 -4.733281e-02  4.261419e-02 -2.901963e-02 
 3.405000e+04  2.878107e+03 -4.739730e-02  4.266965e-02 -2.906370e-02 
 3.410000e+04  2.889681e+03 -4.746179e-02  4.272521e-02 -2.910775e-02 
 3.415000e+04  2.901255e+03 -4.752616e-02  4.278084e-02 -2.915176e-02 
 3.420000e+04  2.912829e+03 -4.759030e-02  4.283651e-02 -2.919575e-02 
 3.425000e+04  2.924403e+03 -4.765418e-02  4.289205e-02 -2.923967e-02 
 3.430000e+04  2.935977e+03 -4.771780e-02  4.294729e-02 -2.928353e-02 
 3.435000e+04  2.947551e+03 -4.778132e-02  4.300239e-02 -2.932739e-02 
 3.440000e+04  2.959125e+03 -4.784482e-02  4.305742e-02 -2.937121e-02 
 3.445000e+04  2.970699e+03 -4.790828e-02  4.311242e-02 -2.941498e-02 
 3.450000e+04  2.982273e+03 -4.797172e-02  4.316733e-02 -2.945867e-02 
 3.455000e+04  2.993847e+03 -4.803510e-02  4.322192e-02 -2.950229e-02 
 3.460000e+04  3.005421e+03 -4.809844e-02  4.327641e-02 -2.954575e-02 
 3.465000e+04  3.016995e+03 -4.816162e-02  4.333085e-02 -2.958904e-02 
 3.470000e+04  3.028570e+03 -4.822479e-02  4.338525e-02 -2.963233e-02 
 3.475000e+04  3.040144e+03 -4.828802e-02  4.343955e-02 -2.967567e-02 
 3.480000e+04  3.051718e+03 -4.835127e-02  4.349384e-02 -2.971906e-02 
 3.485000e+04  3.063292e+03 -4.841461e-02  4.354796e-02 -2.976253e-02 
 3.490000e+04  3.074866e+03 -4.847771e-02  4.360196e-02 -2.980599e-02 
 3.495000e+04  3.086440e+03 -4.854024e-02  4.365594e-02 -2.984942e-02 
 3.500000e+04  3.098014e+03 -4.860257e-02  4.370989e-02 -2.989264e-02 
 3.505000e+04  3.109588e+03 -4.866488e-02  4.376373e-02 -2.993574e-02 
 3.510000e+04  3.121162e+03 -4.872731e-02  4.381733e-02 -2.997886e-02 
 3.515000e+04  3.132736e+03 -4.878984e-02  4.387090e-02 -3.002210e-02 
 3.520000e+04  3.144310e+03 -4.885221e-02  4.392454e-02 -3.006537e-02 
 3.525000e+04  3.155884e+03 -4.891453e-02  4.397820e-02 -3.010866e-02 
 3.530000e+04  3.167458e+03 -4.897686e-02  4.403158e-02 -3.015201e-02 
 3.535000e+04  3.179032e+03 -4.903918e-02  4.408465e-02 -3.019533e-02 
 3.540000e+04  3.190607e+03 -4.910130e-02  4.413758e-02 -3.023852e-02 
 3.545000e+04  3.202181e+03 -4.916306e-02  4.419064e-02 -3.028159e-02 
 3.550000e+04  3.213755e+03 -4.922497e-02  4.424363e-02 -3.032457e-02 
 3.555000e+04  3.225329e+03 -4.928697e-02  4.429643e-02 -3.036755e-02 
 3.560000e+04  3.236903e+03 -4.934916e-02  4.434920e-02 -3.041052e-02 
 3.565000e+04  3.248477e+03 -4.941144e-02  4.440189e-02 -3.045352e-02 
 3.570000e+04  3.260051e+03 -4.947366e-02  4.445458e-02 -3.049646e-02 
 3.575000e+04  3.271625e+03 -4.953577e-02  4.450719e-02 -3.053946e-02 
 3.580000e+04  3.283199e+03 -4.959765e-02  4.455966e-02 -3.058249e-02 
 3.585000e+04  3.294773e+03 -4.965877e-02  4.461209e-02 -3.062548e-02 
 3.590000e+04  3.306347e+03 -4.971992e-02  4.466450e-02 -3.066832e-02 
 3.595000e+04  3.317921e+03 -4.978125e-02  4.471697e-02 -3.071100e-02 
 3.600000e+04  3.329495e+03 -4.984265e-02  4.476953e-02 -3.075353e-02 
 3.605000e+04  3.341070e+03 -4.990404e-02  4.482216e-02 -3.079600e-02 
 3.610000e+04  3.352644e+03 -4.996538e-02  4.487479e-02 -3.083846e-02 
 3.615000e+04  3.364218e+03 -5.002666e-02  4.492731e-02 -3.088091e-02 
 3.620000e+04  3.375792e+03 -5.008784e-02  4.497958e-02 -3.092339e-02 
 3.625000e+04  3.387366e+03 -5.014871e-02  4.503177e-02 -3.096584e-02 
 3.630000e+04  3.398940e+03 -5.020950e-02  4.508401e-02 -3.100832e-02 
 3.635000e+04  3.410514e+03 -5.027015e-02  4.513630e-02 -3.105083e-02 
 3.640000e+04  3.422088e+03 -5.033060e-02  4.518865e-02 -3.109318e-02 
 3.645000e+04  3.433662e+03 -5.039113e-02  4.524101e-02 -3.113538e-02 
 3.650000e+04  3.445236e+03 -5.045184e-02  4.529343e-02 -3.117758e-02 
 3.655000e+04  3.456810e+03 -5.051272e-02  4.534577e-02 -3.121976e-02 
 3.660000e+04  3.468384e+03 -5.057360e-02  4.539779e-02 -3.126190e-02 
 3.665000e+04  3.479958e+03 -5.063435e-02  4.544900e-02 -3.130394e-02 
 3.670000e+04  3.491532e+03 -5.069483e-02  4.549950e-02 -3.134537e-02 
 3.675000e+04  3.503107e+03 -5.075535e-02  4.554996e-02 -3.138694e-02 
 3.680000e+04  3.514681e+03 -5.081622e-02  4.560075e-02 -3.142907e-02 
 3.685000e+04  3.526255e+03 -5.087732e-02  4.565200e-02 -3.147139e-02 
 3.690000e+04  3.537829e+03 -5.093832e-02  4.570351e-02 -3.151357e-02 
 3.695000e+04  3.549403e+03 -5.099928e-02  4.575515e-02 -3.155569e-02 
 3.700000e+04  3.560977e+03 -5.106021e-02  4.580655e-02 -3.159771e-02 
 3.705000e+04  3.572551e+03 -5.112091e-02  4.585770e-02 -3.163940e-02 
 3.710000e+04  3.584125e+03 -5.118142e-02  4.590867e-02 -3.168100e-02 
 3.715000e+04  3.595699e+03 -5.124177e-02  4.595975e-02 -3.172277e-02 
 3.720000e+04  3.607273e+03 -5.130207e-02  4.601091e-02 -3.176462e-02 
 3.725000e+04  3.618847e+03 -5.136226e-02  4.606207e-02 -3.180646e-02 
 3.730000e+04  3.630421e+03 -5.142234e-02  4.611334e-02 -3.184828e-02 
 3.735000e+04  3.641995e+03 -5.148210e-02  4.616469e-02 -3.188997e-02 
 3.740000e+04  3.653570e+03 -5.154156e-02  4.621602e-02 -3.193138e-02 
 3.745000e+04  3.665144e+03 -5.160104e-02  4.626731e-02 -3.197274e-02 
 3.750000e+04  3.676718e+03 -5.166027e-02  4.631861e-02 -3.201405e-02 
 3.755000e+04  3.688292e+03 -5.171941e-02  4.636976e-02 -3.205535e-02 
 3.760000e+04  3.699866e+03 -5.177874e-02  4.642073e-02 -3.209670e-02 
 3.765000e+04  3.711440e+03 -5.183819e-02  4.647151e-02 -3.213809e-02 
 3.770000e+04  3.723014e+03 -5.189774e-02  4.652194e-02 -3.217950e-02 
 3.775000e+04  3.734588e+03 -5.195722e-02  4.657223e-02 -3.222077e-02 
 3.780000e+04  3.746162e+03 -5.201671e-02  4.662259e-02 -3.226194e-02 
 3.785000e+04  3.757736e+03 -5.207625e-02  4.667302e-02 -3.230315e-02 
 3.790000e+04  3.769310e+03 -5.213580e-02  4.672347e-02 -3.234426e-02 
 3.795000e+04  3.780884e+03 -5.219535e-02  4.677381e-02 -3.238529e-02 
 3.800000e+04  3.792458e+03 -5.225490e-02  4.682408e-02 -3.242631e-02 
 3.805000e+04  3.804032e+03 -5.231438e-02  4.687420e-02 -3.246736e-02 
 3.810000e+04  3.815607e+03 -5.237384e-02  4.692408e-02 -3.250835e-02 
 3.815000e+04  3.827181e+03 -5.243312e-02  4.697373e-02 -3.254935e-02 
 3.820000e+04  3.838755e+03 -5.249228e-02  4.702318e-02 -3.259037e-02 
 3.825000e+04  3.850329e+03 -5.255130e-02  4.707256e-02 -3.263112e-02 
 3.830000e+04  3.861903e+03 -5.261011e-02  4.712215e-02 -3.267182e-02 
 3.835000e+04  3.873477e+03 -5.266890e-02  4.717216e-02 -3.271246e-02 
 3.840000e+04  3.885051e+03 -5.272735e-02  4.722261e-02 -3.275309e-02 
 3.845000e+04  3.896625e+03 -5.278542e-02  4.727316e-02 -3.279363e-02 
 3.850000e+04  3.908199e+03 -5.284353e-02  4.732344e-02 -3.283418e-02 
 3.855000e+04  3.919773e+03 -5.290168e-02  4.737345e-02 -3.287476e-02 
 3.860000e+04  3.931347e+03 -5.295988e-02  4.742323e-02 -3.291536e-02 
 3.865000e+04  3.942921e+03 -5.301807e-02  4.747289e-02 -3.295595e-02 
 3.870000e+04  3.954495e+03 -5.307629e-02  4.752242e-02 -3.299645e-02 
 3.875000e+04  3.966070e+03 -5.313462e-02  4.757159e-02 -3.303691e-02 
 3.880000e+04  3.977644e+03 -5.319313e-02  4.762059e-02 -3.307716e-02 
 3.885000e+04  3.989218e+03 -5.325177e-02  4.766965e-02 -3.311727e-02 
 3.890000e+04  4.000792e+03 -5.331049e-02  4.771883e-02 -3.315734e-02 
 3.895000e+04  4.012366e+03 -5.336907e-02  4.776804e-02 -3.319749e-02 
 3.900000e+04  4.023940e+03 -5.342760e-02  4.781713e-02 -3.323774e-02 
 3.905000e+04  4.035514e+03 -5.348613e-02  4.786605e-02 -3.327807e-02 
 3.910000e+04  4.047088e+03 -5.354452e-02  4.791485e-02 -3.331832e-02 
 3.915000e+04  4.058662e+03 -5.360262e-02  4.796338e-02 -3.335849e-02 
 3.920000e+04  4.070236e+03 -5.366063e-02  4.801173e-02 -3.339850e-02 
 3.925000e+04  4.081810e+03 -5.371847e-02  4.806018e-02 -3.343843e-02 
 3.930000e+04  4.093384e+03 -5.377624e-02  4.810891e-02 -3.347830e-02 
 3.935000e+04  4.104958e+03 -5.383386e-02  4.815801e-02 -3.351819e-02 
 3.940000e+04  4.116532e+03 -5.389122e-02  4.820739e-02 -3.355813e-02 
 3.945000e+04  4.128107e+03 -5.394847e-02  4.825703e-02 -3.359808e-02 
 3.950000e+04  4.139681e+03 -5.400557e-02  4.830664e-02 -3.363801e-02 
 3.955000e+04  4.151255e+03 -5.406257e-02  4.835615e-02 -3.367789e-02 
 3.960000e+04  4.162829e+03 -5.411957e-02  4.840560e-02 -3.371780e-02 
 3.965000e+04  4.174403e+03 -5.417660e-02  4.845500e-02 -3.375765e-02 
 3.970000e+04  4.185977e+03 -5.423365e-02  4.850431e-02 -3.379741e-02 
 3.975000e+04  4.197551e+03 -5.429071e-02  4.855348e-02 -3.383712e-02 
 3.980000e+04  4.209125e+03 -5.434792e-02  4.860260e-02 -3.387679e-02 
 3.985000e+04  4.220699e+03 -5.440529e-02  4.865171e-02 -3.391645e-02 
 3.990000e+04  4.232273e+03 -5.446273e-02  4.870081e-02 -3.395599e-02 
 3.995000e+04  4.243847e+03 -5.452021e-02  4.874977e-02 -3.399548e-02 
 4.000000e+04  4.255421e+03 -5.457765e-02  4.879871e-02 -3.403497e-02 
 4.005000e+04  4.266995e+03 -5.463505e-02  4.884755e-02 -3.407447e-02 
 4.010000e+04  4.278570e+03 -5.469250e-02  4.889633e-02 -3.411395e-02 
 4.015000e+04  4.290144e+03 -5.475007e-02  4.894507e-02 -3.415345e-02 
 4.020000e+04  4.301718e+03 -5.480766e-02  4.899378e-02 -3.419293e-02 
 4.025000e+04  4.313292e+03 -5.486509e-02  4.904251e-02 -3.423233e-02 
 4.030000e+04  4.324866e+03 -5.492231e-02  4.909129e-02 -3.427165e-02 
 4.035000e+04  4.336440e+03 -5.497928e-02  4.914018e-02 -3.431088e-02 
 4.040000e+04  4.348014e+03 -5.503607e-02  4.918919e-02 -3.435006e-02 
 4.045000e+04  4.359588e+03 -5.509278e-02  4.923824e-02 -3.438927e-02 
 4.050000e+04  4.371162e+03 -5.514934e-02  4.928734e-02 -3.442851e-02 
 4.055000e+04  4.382736e+03 -5.520582e-02  4.933631e-02 -3.446768e-02 
 4.060000e+04  4.394310e+03 -5.526220e-02  4.938516e-02 -3.450675e-02 
 4.065000e+04  4.405884e+03 -5.531854e-02  4.943375e-02 -3.454587e-02 
 4.070000e+04  4.417458e+03 -5.537483e-02  4.948225e-02 -3.458485e-02 
 4.075000e+04  4.429032e+03 -5.543095e-02  4.953092e-02 -3.462367e-02 
 4.080000e+04  4.440607e+03 -5.548698e-02  4.957977e-02 -3.466250e-02 
 4.085000e+04  4.452181e+03 -5.554284e-02  4.962872e-02 -3.470139e-02 
 4.090000e+04  4.463755e+03 -5.559878e-02  4.967765e-02 -3.474029e-02 
 4.095000e+04  4.475329e+03 -5.565465e-02  4.972646e-02 -3.477919e-02 
 4.100000e+04  4.486903e+03 -5.571049e-02  4.977519e-02 -3.481801e-02 
 4.105000e+04  4.498477e+03 -5.576615e-02  4.982380e-02 -3.485679e-02 
 4.110000e+04  4.510051e+03 -5.582179e-02  4.987235e-02 -3.489555e-02 
 4.115000e+04  4.521625e+03 -5.587750e-02  4.992081e-02 -3.493433e-02 
 4.120000e+04  4.533199e+03 -5.593326e-02  4.996923e-02 -3.497310e-02 
 4.125000e+04  4.544773e+03 -5.598895e-02  5.001766e-02 -3.501186e-02 
 4.130000e+04  4.556347e+03 -5.604453e-02  5.006612e-02 -3.505063e-02 
 4.135000e+04  4.567921e+03 -5.610000e-02  5.011467e-02 -3.508924e-02 
 4.140000e+04  4.579495e+03 -5.615541e-02  5.016324e-02 -3.512769e-02 
 4.145000e+04  4.591070e+03 -5.621080e-02  5.021175e-02 -3.516614e-02 
 4.150000e+04  4.602644e+03 -5.626620e-02  5.026017e-02 -3.520464e-02 
 4.155000e+04  4.614218e+03 -5.632153e-02  5.030863e-02 -3.524320e-02 
 4.160000e+04  4.625792e+03 -5.637665e-02  5.035710e-02 -3.528178e-02 
 4.165000e+04  4.637366e+03 -5.643163e-02  5.040556e-02 -3.532040e-02 
 4.170000e+04  4.648940e+03 -5.648661e-02  5.045402e-02 -3.535899e-02 
 4.175000e+04  4.660514e+03 -5.654157e-02  5.050247e-02 -3.539743e-02 
 4.180000e+04  4.672088e+03 -5.659637e-02  5.055103e-02 -3.543575e-02 
 4.185000e+04  4.683662e+03 -5.665106e-02  5.059967e-02 -3.547404e-02 
 4.190000e+04  4.695236e+03 -5.670570e-02  5.064833e-02 -3.551234e-02 
 4.195000e+04  4.706810e+03 -5.676034e-02  5.069686e-02 -3.555066e-02 
 4.200000e+04  4.718384e+03 -5.681509e-02  5.074522e-02 -3.558904e-02 
 4.205000e+04  4.729958e+03 -5.686985e-02  5.079339e-02 -3.562747e-02 
 4.210000e+04  4.741532e+03 -5.692456e-02  5.084151e-02 -3.566589e-02 
 4.215000e+04  4.753107e+03 -5.697921e-02  5.088943e-02 -3.570428e-02 
 4.220000e+04  4.764681e+03 -5.703384e-02  5.093717e-02 -3.574261e-02 
 4.225000e+04  4.776255e+03 -5.708856e-02  5.098481e-02 -3.578086e-02 
 4.230000e+04  4.787829e+03 -5.714336e-02  5.103221e-02 -3.581905e-02 
 4.235000e+04  4.799403e+03 -5.719821e-02  5.107962e-02 -3.585722e-02 
 4.240000e+04  4.810977e+03 -5.725309e-02  5.112707e-02 -3.589541e-02 
 4.245000e+04  4.822551e+03 -5.730795e-02  5.117453e-02 -3.593369e-02 
 4.250000e+04  4.834125e+03 -5.736280e-02  5.122196e-02 -3.597198e-02 
 4.255000e+04  4.845699e+03 -5.741754e-02  5.126931e-02 -3.601028e-02 
 4.260000e+04  4.857273e+03 -5.747215e-02  5.131667e-02 -3.604853e-02 
 4.265000e+04  4.868847e+03 -5.752665e-02  5.136405e-02 -3.608674e-02 
 4.270000e+04  4.880421e+03 -5.758098e-02  5.141146e-02 -3.612481e-02 
 4.275000e+04  4.891995e+03 -5.763508e-02  5.145890e-02 -3.616280e-02 
 4.280000e+04  4.903570e+03 -5.768916e-02  5.150637e-02 -3.620081e-02 
 4.285000e+04  4.915144e+03 -5.774316e-02  5.155381e-02 -3.623882e-02 
 4.290000e+04  4.926718e+03 -5.779706e-02  5.160124e-02 -3.627685e-02 
 4.295000e+04  4.938292e+03 -5.785095e-02  5.164858e-02 -3.631492e-02 
 4.300000e+04  4.949866e+03 -5.790473e-02  5.169586e-02 -3.635300e-02 
 4.305000e+04  4.961440e+03 -5.795843e-02  5.174303e-02 -3.639103e-02 
 4.310000e+04  4.973014e+03 -5.801214e-02  5.179012e-02 -3.642896e-02 
 4.315000e+04  4.984588e+03 -5.806582e-02  5.183713e-02 -3.646680e-02 
 4.320000e+04  4.996162e+03 -5.811943e-02  5.188412e-02 -3.650455e-02 
 4.325000e+04  5.007736e+03 -5.817294e-02  5.193094e-02 -3.654229e-02 
 4.330000e+04  5.019310e+03 -5.822659e-02  5.197749e-02 -3.658005e-02 
 4.335000e+04  5.030884e+03 -5.828046e-02  5.202394e-02 -3.661786e-02 
 4.340000e+04  5.042458e+03 -5.833433e-02  5.207037e-02 -3.665567e-02 
 4.345000e+04  5.054032e+03 -5.838815e-02  5.211676e-02 -3.669340e-02 
 4.350000e+04  5.065607e+03 -5.844191e-02  5.216311e-02 -3.673110e-02 
 4.355000e+04  5.077181e+03 -5.849564e-02  5.220937e-02 -3.676875e-02 
 4.360000e+04  5.088755e+03 -5.854929e-02  5.225553e-02 -3.680631e-02 
 4.365000e+04  5.100329e+03 -5.860278e-02  5.230170e-02 -3.684381e-02 
 4.370000e+04  5.111903e+03 -5.865604e-02  5.234792e-02 -3.688135e-02 
 4.375000e+04  5.123477e+03 -5.870930e-02  5.239414e-02 -3.691882e-02 
 4.380000e+04  5.135051e+03 -5.876255e-02  5.244030e-02 -3.695626e-02 
 4.385000e+04  5.146625e+03 -5.881569e-02  5.248647e-02 -3.699368e-02 
 4.390000e+04  5.158199e+03 -5.886873e-02  5.253259e-02 -3.703110e-02 
 4.395000e+04  5.169773e+03 -5.892159e-02  5.257873e-02 -3.706851e-02 
 4.400000e+04  5.181347e+03 -5.897440e-02  5.262487e-02 -3.710586e-02 
 4.405000e+04  5.192921e+03 -5.902722e-02  5.267096e-02 -3.714320e-02 
 4.410000e+04  5.204495e+03 -5.908007e-02  5.271700e-02 -3.718050e-02 
 4.415000e+04  5.216070e+03 -5.913291e-02  5.276294e-02 -3.721779e-02 
 4.420000e+04  5.227644e+03 -5.918574e-02  5.280874e-02 -3.725501e-02 
 4.425000e+04  5.239218e+03 -5.923841e-02  5.285429e-02 -3.729223e-02 
 4.430000e+04  5.250792e+03 -5.929104e-02  5.289972e-02 -3.732945e-02 
 4.435000e+04  5.262366e+03 -5.934376e-02  5.294503e-02 -3.736659e-02 
 4.440000e+04  5.273940e+03 -5.939655e-02  5.299032e-02 -3.740372e-02 
 4.445000e+04  5.285514e+03 -5.944946e-02  5.303565e-02 -3.744095e-02 
