         Step [creep.tim... Z Displace... Z Displace... X Displace... 
------------- ------------- ------------- ------------- ------------- 
 5.250000e+03  1.276223e-07 -4.629353e-03  4.524540e-03 -2.433365e-03 
 5.300000e+03  3.886505e-06 -4.629535e-03  4.524621e-03 -2.433547e-03 
 5.350000e+03  3.389657e-05 -4.630225e-03  4.524705e-03 -2.433943e-03 
 5.400000e+03  2.271323e-04 -4.630363e-03  4.524798e-03 -2.433988e-03 
 5.450000e+03  1.004211e-03 -4.630881e-03  4.525464e-03 -2.434782e-03 
 5.500000e+03  2.520466e-03 -4.633140e-03  4.527434e-03 -2.436930e-03 
 5.550000e+03  5.258080e-03 -4.638093e-03  4.532012e-03 -2.441364e-03 
 5.600000e+03  8.213258e-03 -4.643798e-03  4.538256e-03 -2.446190e-03 
 5.650000e+03  1.170206e-02 -4.651430e-03  4.547233e-03 -2.452296e-03 
 5.700000e+03  1.620023e-02 -4.661912e-03  4.559676e-03 -2.460119e-03 
 5.750000e+03  2.101390e-02 -4.672139e-03  4.571088e-03 -2.467251e-03 
 5.800000e+03  2.582758e-02 -4.680746e-03  4.579799e-03 -2.473378e-03 
 5.850000e+03  3.064125e-02 -4.688977e-03  4.588247e-03 -2.479892e-03 
 5.900000e+03  3.545492e-02 -4.697747e-03  4.597486e-03 -2.487143e-03 
 5.950000e+03  4.026859e-02 -4.706941e-03  4.607349e-03 -2.495050e-03 
 6.000000e+03  4.535931e-02 -4.717198e-03  4.617847e-03 -2.504062e-03 
 6.050000e+03  5.166440e-02 -4.730596e-03  4.630597e-03 -2.514589e-03 
 6.100000e+03  5.811518e-02 -4.743498e-03  4.642624e-03 -2.523539e-03 
 6.150000e+03  6.456596e-02 -4.755088e-03  4.653616e-03 -2.531043e-03 
 6.200000e+03  7.101675e-02 -4.766355e-03  4.664655e-03 -2.538611e-03 
 6.250000e+03  7.746753e-02 -4.778105e-03  4.676641e-03 -2.546934e-03 
 6.300000e+03  8.391831e-02 -4.790504e-03  4.689380e-03 -2.556220e-03 
 6.350000e+03  9.086383e-02 -4.803540e-03  4.702970e-03 -2.567043e-03 
 6.400000e+03  9.933056e-02 -4.818407e-03  4.718262e-03 -2.579901e-03 
 6.450000e+03  1.084075e-01 -4.833164e-03  4.733089e-03 -2.592068e-03 
 6.500000e+03  1.174844e-01 -4.847341e-03  4.747042e-03 -2.602639e-03 
 6.550000e+03  1.265613e-01 -4.861802e-03  4.761292e-03 -2.612744e-03 
 6.600000e+03  1.356382e-01 -4.876840e-03  4.776545e-03 -2.623197e-03 
 6.650000e+03  1.447151e-01 -4.892346e-03  4.792959e-03 -2.634526e-03 
 6.700000e+03  1.537920e-01 -4.907613e-03  4.809992e-03 -2.646342e-03 
 6.750000e+03  1.636457e-01 -4.923066e-03  4.826884e-03 -2.658874e-03 
 6.800000e+03  1.746424e-01 -4.939119e-03  4.843496e-03 -2.671866e-03 
 6.850000e+03  1.862271e-01 -4.955392e-03  4.859932e-03 -2.684917e-03 
 6.900000e+03  1.978118e-01 -4.971535e-03  4.876314e-03 -2.697559e-03 
 6.950000e+03  2.093965e-01 -4.988083e-03  4.893436e-03 -2.710154e-03 
 7.000000e+03  2.209811e-01 -5.005597e-03  4.911344e-03 -2.722997e-03 
 7.050000e+03  2.325658e-01 -5.023957e-03  4.929605e-03 -2.735784e-03 
 7.100000e+03  2.444413e-01 -5.041907e-03  4.947125e-03 -2.748233e-03 
 7.150000e+03  2.573411e-01 -5.059498e-03  4.964894e-03 -2.761159e-03 
 7.200000e+03  2.707518e-01 -5.076783e-03  4.982866e-03 -2.774647e-03 
 7.250000e+03  2.841625e-01 -5.093776e-03  5.000484e-03 -2.788173e-03 
 7.300000e+03  2.975732e-01 -5.111021e-03  5.018027e-03 -2.801676e-03 
 7.350000e+03  3.115693e-01 -5.129786e-03  5.036677e-03 -2.815871e-03 
 7.400000e+03  3.269608e-01 -5.150941e-03  5.057314e-03 -2.831167e-03 
 7.450000e+03  3.424854e-01 -5.171251e-03  5.077125e-03 -2.845493e-03 
 7.500000e+03  3.580100e-01 -5.190197e-03  5.096023e-03 -2.859038e-03 
 7.550000e+03  3.735346e-01 -5.208918e-03  5.114854e-03 -2.872586e-03 
 7.600000e+03  3.890591e-01 -5.227449e-03  5.133850e-03 -2.886266e-03 
 7.650000e+03  4.045837e-01 -5.245586e-03  5.152834e-03 -2.900143e-03 
 7.700000e+03  4.215224e-01 -5.265269e-03  5.173526e-03 -2.915549e-03 
 7.750000e+03  4.402489e-01 -5.286839e-03  5.195936e-03 -2.932343e-03 
 7.800000e+03  4.591191e-01 -5.307888e-03  5.217038e-03 -2.948127e-03 
 7.850000e+03  4.779893e-01 -5.328561e-03  5.237368e-03 -2.963034e-03 
 7.900000e+03  4.968595e-01 -5.349350e-03  5.257821e-03 -2.977762e-03 
 7.950000e+03  5.157298e-01 -5.370123e-03  5.278460e-03 -2.992406e-03 
 8.000000e+03  5.346000e-01 -5.390497e-03  5.299127e-03 -3.007147e-03 
 8.050000e+03  5.538891e-01 -5.411001e-03  5.320003e-03 -3.022418e-03 
 8.100000e+03  5.754425e-01 -5.433096e-03  5.342778e-03 -3.039431e-03 
 8.150000e+03  5.972871e-01 -5.454419e-03  5.364932e-03 -3.055944e-03 
 8.200000e+03  6.191318e-01 -5.475472e-03  5.386451e-03 -3.071728e-03 
 8.250000e+03  6.409764e-01 -5.496830e-03  5.407945e-03 -3.087162e-03 
 8.300000e+03  6.628210e-01 -5.518667e-03  5.429351e-03 -3.102437e-03 
 8.350000e+03  6.846657e-01 -5.540511e-03  5.450440e-03 -3.117627e-03 
 8.400000e+03  7.078865e-01 -5.563004e-03  5.472456e-03 -3.133776e-03 
 8.450000e+03  7.319703e-01 -5.585316e-03  5.494852e-03 -3.150287e-03 
 8.500000e+03  7.560540e-01 -5.606614e-03  5.516787e-03 -3.166407e-03 
 8.550000e+03  7.801377e-01 -5.627670e-03  5.538309e-03 -3.182185e-03 
 8.600000e+03  8.058615e-01 -5.650275e-03  5.561228e-03 -3.198854e-03 
 8.650000e+03  8.324138e-01 -5.673572e-03  5.584988e-03 -3.215923e-03 
 8.700000e+03  8.593909e-01 -5.697088e-03  5.608927e-03 -3.232944e-03 
 8.750000e+03  8.881072e-01 -5.721793e-03  5.633634e-03 -3.250597e-03 
 8.800000e+03  9.186985e-01 -5.747854e-03  5.659022e-03 -3.268925e-03 
 8.850000e+03  9.494361e-01 -5.773528e-03  5.683773e-03 -3.286981e-03 
 8.900000e+03  9.801737e-01 -5.798261e-03  5.708246e-03 -3.304896e-03 
 8.950000e+03  1.010911e+00 -5.822262e-03  5.732670e-03 -3.322794e-03 
 9.000000e+03  1.041649e+00 -5.846044e-03  5.757210e-03 -3.340776e-03 
 9.050000e+03  1.072417e+00 -5.869713e-03  5.781733e-03 -3.358475e-03 
 9.100000e+03  1.105531e+00 -5.895042e-03  5.807541e-03 -3.376703e-03 
 9.150000e+03  1.141080e+00 -5.922126e-03  5.834672e-03 -3.395566e-03 
 9.200000e+03  1.176662e+00 -5.948993e-03  5.861076e-03 -3.414151e-03 
 9.250000e+03  1.212245e+00 -5.975253e-03  5.886683e-03 -3.432629e-03 
 9.300000e+03  1.247827e+00 -6.000951e-03  5.911760e-03 -3.451153e-03 
 9.350000e+03  1.283410e+00 -6.026286e-03  5.936629e-03 -3.469719e-03 
 9.400000e+03  1.318993e+00 -6.051051e-03  5.961463e-03 -3.488041e-03 
 9.450000e+03  1.355216e+00 -6.075640e-03  5.986600e-03 -3.506207e-03 
 9.500000e+03  1.393997e+00 -6.101784e-03  6.013355e-03 -3.525056e-03 
 9.550000e+03  1.433227e+00 -6.128163e-03  6.040271e-03 -3.543683e-03 
 9.600000e+03  1.472457e+00 -6.154421e-03  6.066650e-03 -3.561960e-03 
 9.650000e+03  1.512550e+00 -6.180936e-03  6.092990e-03 -3.580529e-03 
 9.700000e+03  1.555553e+00 -6.209056e-03  6.120607e-03 -3.600394e-03 
 9.750000e+03  1.598804e+00 -6.236825e-03  6.147617e-03 -3.620188e-03 
 9.800000e+03  1.642055e+00 -6.263791e-03  6.173893e-03 -3.639718e-03 
 9.850000e+03  1.685306e+00 -6.290210e-03  6.200032e-03 -3.658968e-03 
 9.900000e+03  1.728557e+00 -6.316259e-03  6.226402e-03 -3.677983e-03 
 9.950000e+03  1.771808e+00 -6.342126e-03  6.252963e-03 -3.696589e-03 
 1.000000e+04  1.817652e+00 -6.369465e-03  6.280952e-03 -3.715784e-03 
 1.005000e+04  1.867005e+00 -6.398951e-03  6.310615e-03 -3.735995e-03 
 1.010000e+04  1.917073e+00 -6.428599e-03  6.339641e-03 -3.756296e-03 
 1.015000e+04  1.967141e+00 -6.457425e-03  6.367567e-03 -3.776543e-03 
 1.020000e+04  2.017210e+00 -6.485399e-03  6.394864e-03 -3.796793e-03 
 1.025000e+04  2.067278e+00 -6.513052e-03  6.421991e-03 -3.816924e-03 
 1.030000e+04  2.117346e+00 -6.540441e-03  6.449076e-03 -3.836758e-03 
 1.035000e+04  2.167765e+00 -6.567816e-03  6.476251e-03 -3.856196e-03 
 1.040000e+04  2.221441e+00 -6.596726e-03  6.505356e-03 -3.876335e-03 
 1.045000e+04  2.276641e+00 -6.626120e-03  6.535277e-03 -3.896633e-03 
 1.050000e+04  2.331841e+00 -6.654972e-03  6.564611e-03 -3.916669e-03 
 1.055000e+04  2.388532e+00 -6.684173e-03  6.593831e-03 -3.937151e-03 
 1.060000e+04  2.447420e+00 -6.714382e-03  6.623386e-03 -3.958446e-03 
 1.065000e+04  2.508278e+00 -6.745198e-03  6.653262e-03 -3.980346e-03 
 1.070000e+04  2.569137e+00 -6.775222e-03  6.682627e-03 -4.001865e-03 
 1.075000e+04  2.629995e+00 -6.804787e-03  6.711844e-03 -4.023005e-03 
 1.080000e+04  2.690853e+00 -6.834255e-03  6.741190e-03 -4.043780e-03 
 1.085000e+04  2.751712e+00 -6.863474e-03  6.770580e-03 -4.064064e-03 
 1.090000e+04  2.813605e+00 -6.892871e-03  6.800325e-03 -4.084284e-03 
 1.095000e+04  2.880637e+00 -6.924431e-03  6.832212e-03 -4.105995e-03 
 1.100000e+04  2.947733e+00 -6.955650e-03  6.863218e-03 -4.127666e-03 
 1.105000e+04  3.014830e+00 -6.986267e-03  6.893030e-03 -4.149222e-03 
 1.110000e+04  3.084878e+00 -7.017697e-03  6.923467e-03 -4.171634e-03 
 1.115000e+04  3.155329e+00 -7.049026e-03  6.953967e-03 -4.193896e-03 
 1.120000e+04  3.225780e+00 -7.079988e-03  6.984416e-03 -4.215710e-03 
 1.125000e+04  3.296232e+00 -7.110806e-03  7.014789e-03 -4.236963e-03 
 1.130000e+04  3.367951e+00 -7.141963e-03  7.045672e-03 -4.258277e-03 
 1.135000e+04  3.441925e+00 -7.173612e-03  7.077468e-03 -4.279974e-03 
 1.140000e+04  3.515898e+00 -7.204583e-03  7.108779e-03 -4.301482e-03 
 1.145000e+04  3.594059e+00 -7.236795e-03  7.141099e-03 -4.324154e-03 
 1.150000e+04  3.675615e+00 -7.270252e-03  7.173984e-03 -4.347684e-03 
 1.155000e+04  3.757171e+00 -7.303473e-03  7.206145e-03 -4.370939e-03 
 1.160000e+04  3.838727e+00 -7.336282e-03  7.237867e-03 -4.393834e-03 
 1.165000e+04  3.920283e+00 -7.368647e-03  7.269402e-03 -4.416358e-03 
 1.170000e+04  4.001839e+00 -7.400703e-03  7.301035e-03 -4.438529e-03 
 1.175000e+04  4.083395e+00 -7.432469e-03  7.332592e-03 -4.460356e-03 
 1.180000e+04  4.167157e+00 -7.464745e-03  7.364721e-03 -4.482448e-03 
 1.185000e+04  4.259680e+00 -7.499959e-03  7.399837e-03 -4.506669e-03 
 1.190000e+04  4.354091e+00 -7.535419e-03  7.435077e-03 -4.531257e-03 
 1.195000e+04  4.448503e+00 -7.570239e-03  7.469370e-03 -4.555651e-03 
 1.200000e+04  4.545180e+00 -7.605512e-03  7.503672e-03 -4.580353e-03 
 1.205000e+04  4.644312e+00 -7.641535e-03  7.538567e-03 -4.605364e-03 
 1.210000e+04  4.743443e+00 -7.677246e-03  7.573255e-03 -4.629970e-03 
 1.215000e+04  4.842575e+00 -7.712470e-03  7.607766e-03 -4.654055e-03 
 1.220000e+04  4.941707e+00 -7.747321e-03  7.642193e-03 -4.677843e-03 
 1.225000e+04  5.040839e+00 -7.781694e-03  7.676502e-03 -4.701518e-03 
 1.230000e+04  5.139971e+00 -7.815414e-03  7.710315e-03 -4.725007e-03 
 1.235000e+04  5.246151e+00 -7.851078e-03  7.745897e-03 -4.749877e-03 
 1.240000e+04  5.355444e+00 -7.887700e-03  7.782011e-03 -4.775290e-03 
 1.245000e+04  5.464737e+00 -7.924142e-03  7.817404e-03 -4.800396e-03 
 1.250000e+04  5.574029e+00 -7.960134e-03  7.852145e-03 -4.825073e-03 
 1.255000e+04  5.685727e+00 -7.996623e-03  7.887391e-03 -4.850014e-03 
 1.260000e+04  5.800484e+00 -8.033686e-03  7.923494e-03 -4.875397e-03 
 1.265000e+04  5.915242e+00 -8.070157e-03  7.959417e-03 -4.900438e-03 
 1.270000e+04  6.029999e+00 -8.106104e-03  7.995015e-03 -4.925179e-03 
 1.275000e+04  6.148773e+00 -8.142954e-03  8.031646e-03 -4.950597e-03 
 1.280000e+04  6.269268e+00 -8.179990e-03  8.068413e-03 -4.976210e-03 
 1.285000e+04  6.390487e+00 -8.216703e-03  8.104682e-03 -5.001627e-03 
 1.290000e+04  6.518525e+00 -8.255219e-03  8.142364e-03 -5.028172e-03 
 1.295000e+04  6.651371e+00 -8.295153e-03  8.180936e-03 -5.055448e-03 
 1.300000e+04  6.784217e+00 -8.334713e-03  8.219017e-03 -5.082306e-03 
 1.305000e+04  6.917064e+00 -8.373708e-03  8.256654e-03 -5.108758e-03 
 1.310000e+04  7.049910e+00 -8.412194e-03  8.294159e-03 -5.135048e-03 
 1.315000e+04  7.182756e+00 -8.450135e-03  8.331531e-03 -5.161198e-03 
 1.320000e+04  7.315602e+00 -8.487475e-03  8.368582e-03 -5.187061e-03 
 1.325000e+04  7.455456e+00 -8.526423e-03  8.407203e-03 -5.213910e-03 
 1.330000e+04  7.601919e+00 -8.567166e-03  8.447242e-03 -5.241738e-03 
 1.335000e+04  7.748381e+00 -8.607582e-03  8.486554e-03 -5.269283e-03 
 1.340000e+04  7.894844e+00 -8.647530e-03  8.525155e-03 -5.296405e-03 
 1.345000e+04  8.048191e+00 -8.689013e-03  8.565060e-03 -5.324564e-03 
 1.350000e+04  8.201977e+00 -8.730211e-03  8.604768e-03 -5.352635e-03 
 1.355000e+04  8.355763e+00 -8.770753e-03  8.644119e-03 -5.380415e-03 
 1.360000e+04  8.509549e+00 -8.810684e-03  8.683241e-03 -5.407836e-03 
 1.365000e+04  8.668564e+00 -8.851625e-03  8.723640e-03 -5.435933e-03 
 1.370000e+04  8.830039e+00 -8.892779e-03  8.764343e-03 -5.464159e-03 
 1.375000e+04  8.993452e+00 -8.933970e-03  8.804977e-03 -5.492398e-03 
 1.380000e+04  9.168935e+00 -8.977932e-03  8.847969e-03 -5.522377e-03 
 1.385000e+04  9.346962e+00 -9.022331e-03  8.890961e-03 -5.552494e-03 
 1.390000e+04  9.524988e+00 -9.066297e-03  8.933204e-03 -5.582288e-03 
 1.395000e+04  9.703015e+00 -9.109697e-03  8.974837e-03 -5.611725e-03 
 1.400000e+04  9.881041e+00 -9.152566e-03  9.016254e-03 -5.640986e-03 
 1.405000e+04  1.005907e+01 -9.194880e-03  9.057548e-03 -5.670014e-03 
 1.410000e+04  1.023709e+01 -9.236654e-03  9.098588e-03 -5.698679e-03 
 1.415000e+04  1.042581e+01 -9.280594e-03  9.141773e-03 -5.728672e-03 
 1.420000e+04  1.062542e+01 -9.326886e-03  9.187096e-03 -5.760090e-03 
 1.425000e+04  1.083151e+01 -9.374211e-03  9.233217e-03 -5.792148e-03 
 1.430000e+04  1.103760e+01 -9.420973e-03  9.278368e-03 -5.823814e-03 
 1.435000e+04  1.124369e+01 -9.467325e-03  9.322857e-03 -5.855244e-03 
 1.440000e+04  1.144977e+01 -9.513309e-03  9.366975e-03 -5.886500e-03 
 1.445000e+04  1.165586e+01 -9.558620e-03  9.410623e-03 -5.917430e-03 
 1.450000e+04  1.186195e+01 -9.603339e-03  9.454015e-03 -5.947921e-03 
 1.455000e+04  1.207525e+01 -9.649251e-03  9.498812e-03 -5.979229e-03 
 1.460000e+04  1.229164e+01 -9.695376e-03  9.544078e-03 -6.010680e-03 
 1.465000e+04  1.250977e+01 -9.741314e-03  9.589178e-03 -6.041945e-03 
 1.470000e+04  1.274311e+01 -9.790187e-03  9.636791e-03 -6.075036e-03 
 1.475000e+04  1.298169e+01 -9.839917e-03  9.684813e-03 -6.108596e-03 
 1.480000e+04  1.322026e+01 -9.889097e-03  9.731974e-03 -6.141836e-03 
 1.485000e+04  1.345883e+01 -9.937572e-03  9.778447e-03 -6.174797e-03 
 1.490000e+04  1.369740e+01 -9.985596e-03  9.824597e-03 -6.207524e-03 
 1.495000e+04  1.393598e+01 -1.003313e-02  9.870503e-03 -6.239933e-03 
 1.500000e+04  1.417455e+01 -1.008014e-02  9.916206e-03 -6.271886e-03 
 1.505000e+04  1.442521e+01 -1.012909e-02  9.963934e-03 -6.305038e-03 
 1.510000e+04  1.469191e+01 -1.018090e-02  1.001443e-02 -6.339993e-03 
 1.515000e+04  1.496809e+01 -1.023397e-02  1.006596e-02 -6.375858e-03 
 1.520000e+04  1.524427e+01 -1.028639e-02  1.011660e-02 -6.411370e-03 
 1.525000e+04  1.552763e+01 -1.033969e-02  1.016774e-02 -6.447509e-03 
 1.530000e+04  1.581761e+01 -1.039381e-02  1.021952e-02 -6.484215e-03 
 1.535000e+04  1.610760e+01 -1.044727e-02  1.027077e-02 -6.520520e-03 
 1.540000e+04  1.639759e+01 -1.050007e-02  1.032161e-02 -6.556314e-03 
 1.545000e+04  1.668757e+01 -1.055240e-02  1.037229e-02 -6.591764e-03 
 1.550000e+04  1.697756e+01 -1.060422e-02  1.042275e-02 -6.626898e-03 
 1.555000e+04  1.727045e+01 -1.065593e-02  1.047320e-02 -6.661960e-03 
 1.560000e+04  1.758589e+01 -1.071124e-02  1.052689e-02 -6.699315e-03 
 1.565000e+04  1.790560e+01 -1.076703e-02  1.058058e-02 -6.736938e-03 
 1.570000e+04  1.822531e+01 -1.082224e-02  1.063330e-02 -6.774209e-03 
 1.575000e+04  1.854502e+01 -1.087671e-02  1.068527e-02 -6.811142e-03 
 1.580000e+04  1.887784e+01 -1.093300e-02  1.073895e-02 -6.849215e-03 
 1.585000e+04  1.921354e+01 -1.098925e-02  1.079285e-02 -6.887223e-03 
 1.590000e+04  1.954923e+01 -1.104484e-02  1.084632e-02 -6.924723e-03 
 1.595000e+04  1.988896e+01 -1.110050e-02  1.090010e-02 -6.962287e-03 
 1.600000e+04  2.024144e+01 -1.115776e-02  1.095563e-02 -7.000934e-03 
 1.605000e+04  2.059392e+01 -1.121442e-02  1.101047e-02 -7.039233e-03 
 1.610000e+04  2.095380e+01 -1.127162e-02  1.106558e-02 -7.077941e-03 
 1.615000e+04  2.133612e+01 -1.133202e-02  1.112340e-02 -7.118751e-03 
 1.620000e+04  2.172473e+01 -1.139297e-02  1.118152e-02 -7.159847e-03 
 1.625000e+04  2.211334e+01 -1.145315e-02  1.123890e-02 -7.200454e-03 
 1.630000e+04  2.250195e+01 -1.151265e-02  1.129577e-02 -7.240573e-03 
 1.635000e+04  2.289056e+01 -1.157162e-02  1.135245e-02 -7.280334e-03 
 1.640000e+04  2.327917e+01 -1.162998e-02  1.140875e-02 -7.319739e-03 
 1.645000e+04  2.367127e+01 -1.168817e-02  1.146504e-02 -7.359059e-03 
 1.650000e+04  2.409319e+01 -1.175026e-02  1.152500e-02 -7.400994e-03 
 1.655000e+04  2.452163e+01 -1.181292e-02  1.158524e-02 -7.443267e-03 
 1.660000e+04  2.495007e+01 -1.187497e-02  1.164446e-02 -7.485099e-03 
 1.665000e+04  2.538537e+01 -1.193741e-02  1.170378e-02 -7.527134e-03 
 1.670000e+04  2.583523e+01 -1.200153e-02  1.176464e-02 -7.570151e-03 
 1.675000e+04  2.628510e+01 -1.206498e-02  1.182495e-02 -7.612746e-03 
 1.680000e+04  2.673496e+01 -1.212762e-02  1.188473e-02 -7.654850e-03 
 1.685000e+04  2.719337e+01 -1.219082e-02  1.194524e-02 -7.697403e-03 
 1.690000e+04  2.766573e+01 -1.225532e-02  1.200724e-02 -7.740899e-03 
 1.695000e+04  2.813809e+01 -1.231913e-02  1.206860e-02 -7.783955e-03 
 1.700000e+04  2.862955e+01 -1.238494e-02  1.213160e-02 -7.828211e-03 
 1.705000e+04  2.915032e+01 -1.245428e-02  1.219762e-02 -7.874701e-03 
 1.710000e+04  2.967110e+01 -1.252302e-02  1.226282e-02 -7.920769e-03 
 1.715000e+04  3.019187e+01 -1.259091e-02  1.232717e-02 -7.966296e-03 
 1.720000e+04  3.071265e+01 -1.265808e-02  1.239091e-02 -8.011380e-03 
 1.725000e+04  3.123342e+01 -1.272459e-02  1.245424e-02 -8.056090e-03 
 1.730000e+04  3.175419e+01 -1.279033e-02  1.251716e-02 -8.100379e-03 
 1.735000e+04  3.228804e+01 -1.285702e-02  1.258111e-02 -8.145264e-03 
 1.740000e+04  3.286966e+01 -1.292911e-02  1.265025e-02 -8.193743e-03 
 1.745000e+04  3.347252e+01 -1.300323e-02  1.272118e-02 -8.243505e-03 
 1.750000e+04  3.407538e+01 -1.307655e-02  1.279102e-02 -8.292718e-03 
 1.755000e+04  3.467824e+01 -1.314920e-02  1.285989e-02 -8.341380e-03 
 1.760000e+04  3.528110e+01 -1.322130e-02  1.292804e-02 -8.389605e-03 
 1.765000e+04  3.588396e+01 -1.329266e-02  1.299553e-02 -8.437379e-03 
 1.770000e+04  3.648682e+01 -1.336316e-02  1.306237e-02 -8.484647e-03 
 1.775000e+04  3.711018e+01 -1.343542e-02  1.313106e-02 -8.533105e-03 
 1.780000e+04  3.774319e+01 -1.350818e-02  1.320033e-02 -8.581847e-03 
 1.785000e+04  3.837619e+01 -1.358017e-02  1.326889e-02 -8.630014e-03 
 1.790000e+04  3.905752e+01 -1.365695e-02  1.334189e-02 -8.681311e-03 
 1.795000e+04  3.975541e+01 -1.373511e-02  1.341575e-02 -8.733371e-03 
 1.800000e+04  4.045330e+01 -1.381248e-02  1.348866e-02 -8.785011e-03 
 1.805000e+04  4.115118e+01 -1.388892e-02  1.356067e-02 -8.836089e-03 
 1.810000e+04  4.187768e+01 -1.396768e-02  1.363490e-02 -8.888724e-03 
 1.815000e+04  4.261047e+01 -1.404638e-02  1.370925e-02 -8.941302e-03 
 1.820000e+04  4.334325e+01 -1.412421e-02  1.378298e-02 -8.993309e-03 
 1.825000e+04  4.408629e+01 -1.420223e-02  1.385716e-02 -9.045417e-03 
 1.830000e+04  4.485571e+01 -1.428227e-02  1.393340e-02 -9.098903e-03 
 1.835000e+04  4.562513e+01 -1.436161e-02  1.400878e-02 -9.151893e-03 
 1.840000e+04  4.640532e+01 -1.444124e-02  1.408417e-02 -9.205090e-03 
 1.845000e+04  4.723906e+01 -1.452565e-02  1.416378e-02 -9.261387e-03 
 1.850000e+04  4.808735e+01 -1.461082e-02  1.424393e-02 -9.318101e-03 
 1.855000e+04  4.893564e+01 -1.469496e-02  1.432313e-02 -9.374158e-03 
 1.860000e+04  4.978392e+01 -1.477824e-02  1.440155e-02 -9.429577e-03 
 1.865000e+04  5.063221e+01 -1.486073e-02  1.447936e-02 -9.484486e-03 
 1.870000e+04  5.148049e+01 -1.494238e-02  1.455657e-02 -9.538874e-03 
 1.875000e+04  5.235847e+01 -1.502600e-02  1.463569e-02 -9.594567e-03 
 1.880000e+04  5.329282e+01 -1.511435e-02  1.471900e-02 -9.653246e-03 
 1.885000e+04  5.422805e+01 -1.520206e-02  1.480135e-02 -9.711451e-03 
 1.890000e+04  5.516329e+01 -1.528887e-02  1.488263e-02 -9.769009e-03 
 1.895000e+04  5.614154e+01 -1.537876e-02  1.496664e-02 -9.828539e-03 
 1.900000e+04  5.712354e+01 -1.546821e-02  1.505013e-02 -9.887721e-03 
 1.905000e+04  5.810554e+01 -1.555663e-02  1.513285e-02 -9.946270e-03 
 1.910000e+04  5.909146e+01 -1.564438e-02  1.521517e-02 -1.000447e-02 
 1.915000e+04  6.015040e+01 -1.573769e-02  1.530289e-02 -1.006637e-02 
 1.920000e+04  6.123305e+01 -1.583213e-02  1.539179e-02 -1.012899e-02 
 1.925000e+04  6.231570e+01 -1.592551e-02  1.547967e-02 -1.019090e-02 
 1.930000e+04  6.345378e+01 -1.602276e-02  1.557095e-02 -1.025529e-02 
 1.935000e+04  6.464741e+01 -1.612388e-02  1.566548e-02 -1.032212e-02 
 1.940000e+04  6.584103e+01 -1.622384e-02  1.575882e-02 -1.038820e-02 
 1.945000e+04  6.703466e+01 -1.632264e-02  1.585107e-02 -1.045351e-02 
 1.950000e+04  6.822828e+01 -1.642043e-02  1.594239e-02 -1.051810e-02 
 1.955000e+04  6.942190e+01 -1.651717e-02  1.603289e-02 -1.058205e-02 
 1.960000e+04  7.063940e+01 -1.661470e-02  1.612436e-02 -1.064658e-02 
 1.965000e+04  7.194284e+01 -1.671822e-02  1.622127e-02 -1.071490e-02 
 1.970000e+04  7.331671e+01 -1.682636e-02  1.632233e-02 -1.078616e-02 
 1.975000e+04  7.469848e+01 -1.693398e-02  1.642261e-02 -1.085700e-02 
 1.980000e+04  7.609130e+01 -1.704127e-02  1.652217e-02 -1.092752e-02 
 1.985000e+04  7.754216e+01 -1.715188e-02  1.662463e-02 -1.100018e-02 
 1.990000e+04  7.899301e+01 -1.726126e-02  1.672595e-02 -1.107208e-02 
 1.995000e+04  8.044387e+01 -1.736931e-02  1.682616e-02 -1.114308e-02 
 2.000000e+04  8.198011e+01 -1.748249e-02  1.693129e-02 -1.121739e-02 
 2.005000e+04  8.357968e+01 -1.759908e-02  1.703971e-02 -1.129395e-02 
 2.010000e+04  8.517925e+01 -1.771428e-02  1.714682e-02 -1.136955e-02 
 2.015000e+04  8.684704e+01 -1.783291e-02  1.725704e-02 -1.144738e-02 
 2.020000e+04  8.861057e+01 -1.795715e-02  1.737218e-02 -1.152876e-02 
 2.025000e+04  9.037409e+01 -1.807996e-02  1.748577e-02 -1.160916e-02 
 2.030000e+04  9.214291e+01 -1.820152e-02  1.759811e-02 -1.168875e-02 
 2.035000e+04  9.399461e+01 -1.832732e-02  1.771431e-02 -1.177111e-02 
 2.040000e+04  9.584631e+01 -1.845165e-02  1.782928e-02 -1.185244e-02 
 2.045000e+04  9.769801e+01 -1.857432e-02  1.794293e-02 -1.193271e-02 
 2.050000e+04  9.965443e+01 -1.870250e-02  1.806160e-02 -1.201646e-02 
 2.055000e+04  1.016959e+02 -1.883484e-02  1.818405e-02 -1.210287e-02 
 2.060000e+04  1.037374e+02 -1.896555e-02  1.830483e-02 -1.218820e-02 
 2.065000e+04  1.058116e+02 -1.909672e-02  1.842564e-02 -1.227369e-02 
 2.070000e+04  1.080516e+02 -1.923684e-02  1.855443e-02 -1.236492e-02 
 2.075000e+04  1.103024e+02 -1.937597e-02  1.868217e-02 -1.245545e-02 
 2.080000e+04  1.125531e+02 -1.951322e-02  1.880822e-02 -1.254470e-02 
 2.085000e+04  1.148669e+02 -1.965258e-02  1.893612e-02 -1.263518e-02 
 2.090000e+04  1.172302e+02 -1.979321e-02  1.906524e-02 -1.272649e-02 
 2.095000e+04  1.195935e+02 -1.993197e-02  1.919271e-02 -1.281661e-02 
 2.100000e+04  1.221086e+02 -2.007779e-02  1.932656e-02 -1.291124e-02 
 2.105000e+04  1.247142e+02 -2.022719e-02  1.946345e-02 -1.300812e-02 
 2.110000e+04  1.273197e+02 -2.037470e-02  1.959833e-02 -1.310366e-02 
 2.115000e+04  1.299643e+02 -2.052233e-02  1.973326e-02 -1.319917e-02 
 2.120000e+04  1.327931e+02 -2.067837e-02  1.987568e-02 -1.330001e-02 
 2.125000e+04  1.356657e+02 -2.083476e-02  2.001844e-02 -1.340108e-02 
 2.130000e+04  1.385383e+02 -2.098885e-02  2.015928e-02 -1.350074e-02 
 2.135000e+04  1.415399e+02 -2.114769e-02  2.030434e-02 -1.360336e-02 
 2.140000e+04  1.447070e+02 -2.131326e-02  2.045549e-02 -1.371025e-02 
 2.145000e+04  1.478740e+02 -2.147652e-02  2.060446e-02 -1.381558e-02 
 2.150000e+04  1.510664e+02 -2.163885e-02  2.075223e-02 -1.392012e-02 
 2.155000e+04  1.544815e+02 -2.181037e-02  2.090795e-02 -1.403045e-02 
 2.160000e+04  1.579732e+02 -2.198340e-02  2.106493e-02 -1.414173e-02 
 2.165000e+04  1.614649e+02 -2.215385e-02  2.121949e-02 -1.425126e-02 
 2.170000e+04  1.650438e+02 -2.232609e-02  2.137554e-02 -1.436187e-02 
 2.175000e+04  1.687101e+02 -2.250017e-02  2.153326e-02 -1.447360e-02 
 2.180000e+04  1.723763e+02 -2.267174e-02  2.168872e-02 -1.458367e-02 
 2.185000e+04  1.762398e+02 -2.285002e-02  2.185016e-02 -1.469794e-02 
 2.190000e+04  1.802818e+02 -2.303419e-02  2.201678e-02 -1.481591e-02 
 2.195000e+04  1.843239e+02 -2.321568e-02  2.218079e-02 -1.493215e-02 
 2.200000e+04  1.883780e+02 -2.339494e-02  2.234261e-02 -1.504684e-02 
 2.205000e+04  1.927537e+02 -2.358577e-02  2.251468e-02 -1.516882e-02 
 2.210000e+04  1.972101e+02 -2.377745e-02  2.268746e-02 -1.529134e-02 
 2.215000e+04  2.016664e+02 -2.396613e-02  2.285758e-02 -1.541190e-02 
 2.220000e+04  2.063046e+02 -2.415962e-02  2.303181e-02 -1.553538e-02 
 2.225000e+04  2.112177e+02 -2.436183e-02  2.321378e-02 -1.566440e-02 
 2.230000e+04  2.161308e+02 -2.456096e-02  2.339289e-02 -1.579137e-02 
 2.235000e+04  2.210685e+02 -2.475802e-02  2.356984e-02 -1.591682e-02 
 2.240000e+04  2.262272e+02 -2.496101e-02  2.375172e-02 -1.604596e-02 
 2.245000e+04  2.313860e+02 -2.516099e-02  2.393081e-02 -1.617322e-02 
 2.250000e+04  2.365499e+02 -2.535810e-02  2.410722e-02 -1.629855e-02 
 2.255000e+04  2.421725e+02 -2.556963e-02  2.429643e-02 -1.643297e-02 
 2.260000e+04  2.478600e+02 -2.578056e-02  2.448507e-02 -1.656699e-02 
 2.265000e+04  2.535476e+02 -2.598815e-02  2.467073e-02 -1.669884e-02 
 2.270000e+04  2.594424e+02 -2.619997e-02  2.485998e-02 -1.683324e-02 
 2.275000e+04  2.657130e+02 -2.642205e-02  2.505827e-02 -1.697417e-02 
 2.280000e+04  2.719835e+02 -2.664062e-02  2.525341e-02 -1.711293e-02 
 2.285000e+04  2.782540e+02 -2.685570e-02  2.544517e-02 -1.724933e-02 
 2.290000e+04  2.850365e+02 -2.708491e-02  2.564920e-02 -1.739459e-02 
 2.295000e+04  2.919498e+02 -2.731506e-02  2.585404e-02 -1.754043e-02 
 2.300000e+04  2.988630e+02 -2.754144e-02  2.605544e-02 -1.768380e-02 
 2.305000e+04  3.059076e+02 -2.776835e-02  2.625713e-02 -1.782744e-02 
 2.310000e+04  3.131665e+02 -2.799864e-02  2.646172e-02 -1.797328e-02 
 2.315000e+04  3.204254e+02 -2.822532e-02  2.666303e-02 -1.811685e-02 
 2.320000e+04  3.280458e+02 -2.845959e-02  2.687092e-02 -1.826508e-02 
 2.325000e+04  3.360488e+02 -2.870215e-02  2.708592e-02 -1.841848e-02 
 2.330000e+04  3.440517e+02 -2.894092e-02  2.729736e-02 -1.856951e-02 
 2.335000e+04  3.521107e+02 -2.917734e-02  2.750655e-02 -1.871905e-02 
 2.340000e+04  3.608499e+02 -2.942976e-02  2.772974e-02 -1.887869e-02 
 2.345000e+04  3.696732e+02 -2.968067e-02  2.795155e-02 -1.903738e-02 
 2.350000e+04  3.784964e+02 -2.992743e-02  2.816954e-02 -1.919343e-02 
 2.355000e+04  3.878323e+02 -3.018428e-02  2.839624e-02 -1.935585e-02 
 2.360000e+04  3.975599e+02 -3.044787e-02  2.862877e-02 -1.952259e-02 
 2.365000e+04  4.072876e+02 -3.070706e-02  2.885742e-02 -1.968662e-02 
 2.370000e+04  4.170152e+02 -3.096188e-02  2.908205e-02 -1.984782e-02 
 2.375000e+04  4.272195e+02 -3.122488e-02  2.931373e-02 -2.001423e-02 
 2.380000e+04  4.374335e+02 -3.148394e-02  2.954188e-02 -2.017828e-02 
 2.385000e+04  4.478212e+02 -3.174307e-02  2.977011e-02 -2.034247e-02 
 2.390000e+04  4.590821e+02 -3.201972e-02  3.001375e-02 -2.051781e-02 
 2.395000e+04  4.703431e+02 -3.229206e-02  3.025356e-02 -2.069049e-02 
 2.400000e+04  4.816040e+02 -3.255988e-02  3.048932e-02 -2.086035e-02 
 2.405000e+04  4.929777e+02 -3.282590e-02  3.072334e-02 -2.102913e-02 
 2.410000e+04  5.045518e+02 -3.309232e-02  3.095765e-02 -2.119833e-02 
 2.415000e+04  5.161259e+02 -3.335461e-02  3.118827e-02 -2.136503e-02 
 2.420000e+04  5.276999e+02 -3.361295e-02  3.141528e-02 -2.152927e-02 
 2.425000e+04  5.392740e+02 -3.386760e-02  3.163892e-02 -2.169121e-02 
 2.430000e+04  5.508481e+02 -3.411861e-02  3.185937e-02 -2.185093e-02 
 2.435000e+04  5.624222e+02 -3.436602e-02  3.207668e-02 -2.200845e-02 
 2.440000e+04  5.739962e+02 -3.460999e-02  3.229100e-02 -2.216394e-02 
 2.445000e+04  5.855703e+02 -3.485073e-02  3.250251e-02 -2.231756e-02 
 2.450000e+04  5.971444e+02 -3.508832e-02  3.271124e-02 -2.246929e-02 
 2.455000e+04  6.087184e+02 -3.532286e-02  3.291729e-02 -2.261915e-02 
 2.460000e+04  6.202925e+02 -3.555452e-02  3.312079e-02 -2.276729e-02 
 2.465000e+04  6.318666e+02 -3.578338e-02  3.332182e-02 -2.291379e-02 
 2.470000e+04  6.434407e+02 -3.600948e-02  3.352043e-02 -2.305863e-02 
 2.475000e+04  6.550147e+02 -3.623300e-02  3.371671e-02 -2.320190e-02 
 2.480000e+04  6.665888e+02 -3.645401e-02  3.391079e-02 -2.334372e-02 
 2.485000e+04  6.781629e+02 -3.667262e-02  3.410271e-02 -2.348409e-02 
 2.490000e+04  6.897370e+02 -3.688889e-02  3.429247e-02 -2.362303e-02 
 2.495000e+04  7.013110e+02 -3.710294e-02  3.448018e-02 -2.376066e-02 
 2.500000e+04  7.128851e+02 -3.731479e-02  3.466595e-02 -2.389703e-02 
 2.505000e+04  7.244592e+02 -3.752452e-02  3.484981e-02 -2.403213e-02 
 2.510000e+04  7.360333e+02 -3.773219e-02  3.503186e-02 -2.416600e-02 
 2.515000e+04  7.476073e+02 -3.793791e-02  3.521221e-02 -2.429873e-02 
 2.520000e+04  7.591814e+02 -3.814167e-02  3.539090e-02 -2.443035e-02 
 2.525000e+04  7.707555e+02 -3.834351e-02  3.556798e-02 -2.456086e-02 
 2.530000e+04  7.823296e+02 -3.854353e-02  3.574351e-02 -2.469035e-02 
 2.535000e+04  7.939036e+02 -3.874183e-02  3.591755e-02 -2.481883e-02 
 2.540000e+04  8.054777e+02 -3.893848e-02  3.609015e-02 -2.494633e-02 
 2.545000e+04  8.170518e+02 -3.913352e-02  3.626128e-02 -2.507285e-02 
 2.550000e+04  8.286259e+02 -3.932698e-02  3.643099e-02 -2.519846e-02 
 2.555000e+04  8.401999e+02 -3.951892e-02  3.659934e-02 -2.532321e-02 
 2.560000e+04  8.517740e+02 -3.970935e-02  3.676636e-02 -2.544673e-02 
 2.565000e+04  8.633481e+02 -3.989836e-02  3.693186e-02 -2.556882e-02 
 2.570000e+04  8.749222e+02 -4.008606e-02  3.709517e-02 -2.569014e-02 
 2.575000e+04  8.864962e+02 -4.027200e-02  3.725768e-02 -2.581071e-02 
 2.580000e+04  8.980703e+02 -4.045652e-02  3.741922e-02 -2.593089e-02 
 2.585000e+04  9.096444e+02 -4.063902e-02  3.758023e-02 -2.605072e-02 
 2.590000e+04  9.212184e+02 -4.082069e-02  3.774020e-02 -2.616997e-02 
 2.595000e+04  9.327925e+02 -4.100166e-02  3.789901e-02 -2.628837e-02 
 2.600000e+04  9.443666e+02 -4.118133e-02  3.805680e-02 -2.640574e-02 
 2.605000e+04  9.559407e+02 -4.135890e-02  3.821376e-02 -2.652259e-02 
 2.610000e+04  9.675147e+02 -4.153555e-02  3.836917e-02 -2.663864e-02 
 2.615000e+04  9.790888e+02 -4.171106e-02  3.852370e-02 -2.675420e-02 
 2.620000e+04  9.906629e+02 -4.188537e-02  3.867734e-02 -2.686952e-02 
 2.625000e+04  1.002237e+03 -4.205866e-02  3.883014e-02 -2.698383e-02 
 2.630000e+04  1.013811e+03 -4.223120e-02  3.898232e-02 -2.709771e-02 
 2.635000e+04  1.025385e+03 -4.240282e-02  3.913357e-02 -2.721132e-02 
 2.640000e+04  1.036959e+03 -4.257330e-02  3.928310e-02 -2.732386e-02 
 2.645000e+04  1.048533e+03 -4.274379e-02  3.943197e-02 -2.743601e-02 
 2.650000e+04  1.060107e+03 -4.291314e-02  3.957999e-02 -2.754774e-02 
 2.655000e+04  1.071681e+03 -4.308071e-02  3.972740e-02 -2.765869e-02 
 2.660000e+04  1.083255e+03 -4.324829e-02  3.987414e-02 -2.776942e-02 
 2.665000e+04  1.094830e+03 -4.341510e-02  4.001972e-02 -2.787965e-02 
 2.670000e+04  1.106404e+03 -4.358069e-02  4.016439e-02 -2.798903e-02 
 2.675000e+04  1.117978e+03 -4.374545e-02  4.030855e-02 -2.809808e-02 
 2.680000e+04  1.129552e+03 -4.391002e-02  4.045147e-02 -2.820693e-02 
 2.685000e+04  1.141126e+03 -4.407286e-02  4.059424e-02 -2.831483e-02 
 2.690000e+04  1.152700e+03 -4.423454e-02  4.073666e-02 -2.842269e-02 
 2.695000e+04  1.164274e+03 -4.439566e-02  4.087885e-02 -2.853083e-02 
 2.700000e+04  1.175848e+03 -4.455582e-02  4.102016e-02 -2.863817e-02 
 2.705000e+04  1.187422e+03 -4.471586e-02  4.116084e-02 -2.874454e-02 
 2.710000e+04  1.198996e+03 -4.487431e-02  4.130140e-02 -2.885062e-02 
 2.715000e+04  1.210570e+03 -4.503118e-02  4.144111e-02 -2.895562e-02 
 2.720000e+04  1.222144e+03 -4.518592e-02  4.157967e-02 -2.905961e-02 
 2.725000e+04  1.233718e+03 -4.533983e-02  4.171774e-02 -2.916368e-02 
 2.730000e+04  1.245293e+03 -4.549426e-02  4.185549e-02 -2.926827e-02 
 2.735000e+04  1.256867e+03 -4.564890e-02  4.199265e-02 -2.937205e-02 
 2.740000e+04  1.268441e+03 -4.580385e-02  4.212914e-02 -2.947553e-02 
 2.745000e+04  1.280015e+03 -4.595774e-02  4.226572e-02 -2.957915e-02 
 2.750000e+04  1.291589e+03 -4.611125e-02  4.240184e-02 -2.968225e-02 
 2.755000e+04  1.303163e+03 -4.626493e-02  4.253632e-02 -2.978410e-02 
 2.760000e+04  1.314737e+03 -4.641773e-02  4.266925e-02 -2.988588e-02 
 2.765000e+04  1.326311e+03 -4.657033e-02  4.280135e-02 -2.998735e-02 
 2.770000e+04  1.337885e+03 -4.672280e-02  4.293300e-02 -3.008813e-02 
 2.775000e+04  1.349459e+03 -4.687422e-02  4.306384e-02 -3.018752e-02 
 2.780000e+04  1.361033e+03 -4.702541e-02  4.319443e-02 -3.028757e-02 
 2.785000e+04  1.372607e+03 -4.717719e-02  4.332448e-02 -3.038835e-02 
 2.790000e+04  1.384181e+03 -4.732715e-02  4.345404e-02 -3.048893e-02 
 2.795000e+04  1.395755e+03 -4.747698e-02  4.358393e-02 -3.058913e-02 
 2.800000e+04  1.407330e+03 -4.762640e-02  4.371421e-02 -3.068916e-02 
 2.805000e+04  1.418904e+03 -4.777543e-02  4.384412e-02 -3.078800e-02 
 2.810000e+04  1.430478e+03 -4.792328e-02  4.397247e-02 -3.088626e-02 
 2.815000e+04  1.442052e+03 -4.806972e-02  4.410133e-02 -3.098417e-02 
 2.820000e+04  1.453626e+03 -4.821432e-02  4.423085e-02 -3.108221e-02 
 2.825000e+04  1.465200e+03 -4.835804e-02  4.435974e-02 -3.118008e-02 
 2.830000e+04  1.476774e+03 -4.850239e-02  4.448681e-02 -3.127794e-02 
 2.835000e+04  1.488348e+03 -4.864612e-02  4.461351e-02 -3.137553e-02 
 2.840000e+04  1.499922e+03 -4.878931e-02  4.474023e-02 -3.147284e-02 
 2.845000e+04  1.511496e+03 -4.893241e-02  4.486763e-02 -3.156962e-02 
 2.850000e+04  1.523070e+03 -4.907515e-02  4.499489e-02 -3.166613e-02 
 2.855000e+04  1.534644e+03 -4.921714e-02  4.512146e-02 -3.176206e-02 
 2.860000e+04  1.546218e+03 -4.935859e-02  4.524770e-02 -3.185740e-02 
 2.865000e+04  1.557793e+03 -4.950022e-02  4.537382e-02 -3.195275e-02 
 2.870000e+04  1.569367e+03 -4.964246e-02  4.549922e-02 -3.204845e-02 
 2.875000e+04  1.580941e+03 -4.978422e-02  4.562267e-02 -3.214386e-02 
 2.880000e+04  1.592515e+03 -4.992610e-02  4.574576e-02 -3.223946e-02 
 2.885000e+04  1.604089e+03 -5.006797e-02  4.586842e-02 -3.233455e-02 
 2.890000e+04  1.615663e+03 -5.020869e-02  4.599116e-02 -3.242907e-02 
 2.895000e+04  1.627237e+03 -5.034945e-02  4.611344e-02 -3.252296e-02 
 2.900000e+04  1.638811e+03 -5.048890e-02  4.623548e-02 -3.261665e-02 
 2.905000e+04  1.650385e+03 -5.062776e-02  4.635707e-02 -3.271038e-02 
 2.910000e+04  1.661959e+03 -5.076644e-02  4.647830e-02 -3.280444e-02 
 2.915000e+04  1.673533e+03 -5.090563e-02  4.659984e-02 -3.289809e-02 
 2.920000e+04  1.685107e+03 -5.104432e-02  4.672167e-02 -3.299140e-02 
 2.925000e+04  1.696681e+03 -5.118235e-02  4.684380e-02 -3.308466e-02 
 2.930000e+04  1.708255e+03 -5.131985e-02  4.696594e-02 -3.317808e-02 
 2.935000e+04  1.719830e+03 -5.145628e-02  4.708771e-02 -3.327120e-02 
 2.940000e+04  1.731404e+03 -5.159235e-02  4.720796e-02 -3.336400e-02 
 2.945000e+04  1.742978e+03 -5.172718e-02  4.732809e-02 -3.345615e-02 
 2.950000e+04  1.754552e+03 -5.186085e-02  4.744836e-02 -3.354775e-02 
 2.955000e+04  1.766126e+03 -5.199425e-02  4.756866e-02 -3.363860e-02 
 2.960000e+04  1.777700e+03 -5.212828e-02  4.768775e-02 -3.372945e-02 
 2.965000e+04  1.789274e+03 -5.226235e-02  4.780653e-02 -3.382063e-02 
 2.970000e+04  1.800848e+03 -5.239614e-02  4.792317e-02 -3.391224e-02 
 2.975000e+04  1.812422e+03 -5.253005e-02  4.803977e-02 -3.400400e-02 
 2.980000e+04  1.823996e+03 -5.266398e-02  4.815652e-02 -3.409488e-02 
 2.985000e+04  1.835570e+03 -5.279792e-02  4.827360e-02 -3.418507e-02 
 2.990000e+04  1.847144e+03 -5.293210e-02  4.839111e-02 -3.427519e-02 
 2.995000e+04  1.858718e+03 -5.306627e-02  4.850801e-02 -3.436539e-02 
 3.000000e+04  1.870293e+03 -5.320046e-02  4.862493e-02 -3.445577e-02 
 3.005000e+04  1.881867e+03 -5.333336e-02  4.874192e-02 -3.454647e-02 
 3.010000e+04  1.893441e+03 -5.346437e-02  4.885852e-02 -3.463675e-02 
 3.015000e+04  1.905015e+03 -5.359590e-02  4.897456e-02 -3.472697e-02 
 3.020000e+04  1.916589e+03 -5.372799e-02  4.909032e-02 -3.481666e-02 
 3.025000e+04  1.928163e+03 -5.385901e-02  4.920568e-02 -3.490581e-02 
 3.030000e+04  1.939737e+03 -5.398971e-02  4.932057e-02 -3.499423e-02 
 3.035000e+04  1.951311e+03 -5.412062e-02  4.943363e-02 -3.508288e-02 
 3.040000e+04  1.962885e+03 -5.425127e-02  4.954747e-02 -3.517158e-02 
 3.045000e+04  1.974459e+03 -5.438050e-02  4.966195e-02 -3.526020e-02 
 3.050000e+04  1.986033e+03 -5.450950e-02  4.977702e-02 -3.534879e-02 
 3.055000e+04  1.997607e+03 -5.463795e-02  4.989222e-02 -3.543727e-02 
 3.060000e+04  2.009181e+03 -5.476617e-02  5.000662e-02 -3.552556e-02 
 3.065000e+04  2.020755e+03 -5.489449e-02  5.012145e-02 -3.561399e-02 
 3.070000e+04  2.032330e+03 -5.502323e-02  5.023618e-02 -3.570240e-02 
 3.075000e+04  2.043904e+03 -5.515221e-02  5.035062e-02 -3.579046e-02 
 3.080000e+04  2.055478e+03 -5.528119e-02  5.046399e-02 -3.587813e-02 
 3.085000e+04  2.067052e+03 -5.540981e-02  5.057635e-02 -3.596554e-02 
 3.090000e+04  2.078626e+03 -5.553726e-02  5.068860e-02 -3.605277e-02 
 3.095000e+04  2.090200e+03 -5.566430e-02  5.080058e-02 -3.614003e-02 
 3.100000e+04  2.101774e+03 -5.579171e-02  5.091281e-02 -3.622712e-02 
 3.105000e+04  2.113348e+03 -5.591881e-02  5.102536e-02 -3.631402e-02 
 3.110000e+04  2.124922e+03 -5.604474e-02  5.113767e-02 -3.640079e-02 
 3.115000e+04  2.136496e+03 -5.617030e-02  5.125037e-02 -3.648791e-02 
 3.120000e+04  2.148070e+03 -5.629686e-02  5.136296e-02 -3.657496e-02 
 3.125000e+04  2.159644e+03 -5.642374e-02  5.147506e-02 -3.666104e-02 
 3.130000e+04  2.171218e+03 -5.655028e-02  5.158459e-02 -3.674695e-02 
 3.135000e+04  2.182793e+03 -5.667613e-02  5.169368e-02 -3.683304e-02 
 3.140000e+04  2.194367e+03 -5.680057e-02  5.180354e-02 -3.691949e-02 
 3.145000e+04  2.205941e+03 -5.692379e-02  5.191392e-02 -3.700518e-02 
 3.150000e+04  2.217515e+03 -5.704780e-02  5.202464e-02 -3.709061e-02 
 3.155000e+04  2.229089e+03 -5.717271e-02  5.213586e-02 -3.717603e-02 
 3.160000e+04  2.240663e+03 -5.729738e-02  5.224690e-02 -3.726147e-02 
 3.165000e+04  2.252237e+03 -5.742166e-02  5.235773e-02 -3.734653e-02 
 3.170000e+04  2.263811e+03 -5.754612e-02  5.246846e-02 -3.743160e-02 
 3.175000e+04  2.275385e+03 -5.767070e-02  5.257849e-02 -3.751680e-02 
 3.180000e+04  2.286959e+03 -5.779420e-02  5.268826e-02 -3.760207e-02 
 3.185000e+04  2.298533e+03 -5.791736e-02  5.279752e-02 -3.768737e-02 
 3.190000e+04  2.310107e+03 -5.804081e-02  5.290499e-02 -3.777246e-02 
 3.195000e+04  2.321681e+03 -5.816447e-02  5.301297e-02 -3.785733e-02 
 3.200000e+04  2.333255e+03 -5.828790e-02  5.312140e-02 -3.794167e-02 
 3.205000e+04  2.344830e+03 -5.841113e-02  5.323049e-02 -3.802572e-02 
 3.210000e+04  2.356404e+03 -5.853434e-02  5.333936e-02 -3.810981e-02 
 3.215000e+04  2.367978e+03 -5.865761e-02  5.344750e-02 -3.819376e-02 
 3.220000e+04  2.379552e+03 -5.878062e-02  5.355573e-02 -3.827769e-02 
 3.225000e+04  2.391126e+03 -5.890303e-02  5.366409e-02 -3.836150e-02 
 3.230000e+04  2.402700e+03 -5.902429e-02  5.377228e-02 -3.844499e-02 
 3.235000e+04  2.414274e+03 -5.914502e-02  5.388035e-02 -3.852852e-02 
 3.240000e+04  2.425848e+03 -5.926605e-02  5.398857e-02 -3.861237e-02 
 3.245000e+04  2.437422e+03 -5.938707e-02  5.409685e-02 -3.869633e-02 
 3.250000e+04  2.448996e+03 -5.950799e-02  5.420521e-02 -3.878002e-02 
 3.255000e+04  2.460570e+03 -5.962894e-02  5.431356e-02 -3.886367e-02 
 3.260000e+04  2.472144e+03 -5.974979e-02  5.442187e-02 -3.894706e-02 
 3.265000e+04  2.483718e+03 -5.987037e-02  5.452855e-02 -3.903004e-02 
 3.270000e+04  2.495293e+03 -5.999079e-02  5.463470e-02 -3.911274e-02 
 3.275000e+04  2.506867e+03 -6.011051e-02  5.474096e-02 -3.919532e-02 
 3.280000e+04  2.518441e+03 -6.023043e-02  5.484730e-02 -3.927793e-02 
 3.285000e+04  2.530015e+03 -6.035072e-02  5.495364e-02 -3.936056e-02 
 3.290000e+04  2.541589e+03 -6.047110e-02  5.505975e-02 -3.944318e-02 
 3.295000e+04  2.553163e+03 -6.059166e-02  5.516543e-02 -3.952553e-02 
 3.300000e+04  2.564737e+03 -6.071220e-02  5.527115e-02 -3.960791e-02 
 3.305000e+04  2.576311e+03 -6.083264e-02  5.537695e-02 -3.969049e-02 
 3.310000e+04  2.587885e+03 -6.095270e-02  5.548280e-02 -3.977282e-02 
 3.315000e+04  2.599459e+03 -6.107213e-02  5.558848e-02 -3.985500e-02 
 3.320000e+04  2.611033e+03 -6.119087e-02  5.569417e-02 -3.993707e-02 
 3.325000e+04  2.622607e+03 -6.130921e-02  5.579959e-02 -4.001920e-02 
 3.330000e+04  2.634181e+03 -6.142784e-02  5.590516e-02 -4.010117e-02 
 3.335000e+04  2.645755e+03 -6.154628e-02  5.601092e-02 -4.018312e-02 
 3.340000e+04  2.657330e+03 -6.166445e-02  5.611650e-02 -4.026489e-02 
 3.345000e+04  2.668904e+03 -6.178215e-02  5.622184e-02 -4.034638e-02 
 3.350000e+04  2.680478e+03 -6.189993e-02  5.632666e-02 -4.042754e-02 
 3.355000e+04  2.692052e+03 -6.201787e-02  5.643140e-02 -4.050882e-02 
 3.360000e+04  2.703626e+03 -6.213554e-02  5.653645e-02 -4.059024e-02 
 3.365000e+04  2.715200e+03 -6.225304e-02  5.664151e-02 -4.067171e-02 
 3.370000e+04  2.726774e+03 -6.237049e-02  5.674643e-02 -4.075314e-02 
 3.375000e+04  2.738348e+03 -6.248718e-02  5.685094e-02 -4.083456e-02 
 3.380000e+04  2.749922e+03 -6.260417e-02  5.695406e-02 -4.091549e-02 
 3.385000e+04  2.761496e+03 -6.272144e-02  5.705712e-02 -4.099602e-02 
 3.390000e+04  2.773070e+03 -6.283856e-02  5.716050e-02 -4.107634e-02 
 3.395000e+04  2.784644e+03 -6.295570e-02  5.726422e-02 -4.115658e-02 
 3.400000e+04  2.796218e+03 -6.307282e-02  5.736818e-02 -4.123719e-02 
 3.405000e+04  2.807793e+03 -6.318962e-02  5.747198e-02 -4.131777e-02 
 3.410000e+04  2.819367e+03 -6.330621e-02  5.757541e-02 -4.139804e-02 
 3.415000e+04  2.830941e+03 -6.342203e-02  5.767817e-02 -4.147837e-02 
 3.420000e+04  2.842515e+03 -6.353746e-02  5.778034e-02 -4.155856e-02 
 3.425000e+04  2.854089e+03 -6.365297e-02  5.788250e-02 -4.163860e-02 
 3.430000e+04  2.865663e+03 -6.376871e-02  5.798489e-02 -4.171854e-02 
 3.435000e+04  2.877237e+03 -6.388464e-02  5.808701e-02 -4.179855e-02 
 3.440000e+04  2.888811e+03 -6.400064e-02  5.818937e-02 -4.187842e-02 
 3.445000e+04  2.900385e+03 -6.411644e-02  5.829204e-02 -4.195809e-02 
 3.450000e+04  2.911959e+03 -6.423210e-02  5.839486e-02 -4.203775e-02 
 3.455000e+04  2.923533e+03 -6.434744e-02  5.849763e-02 -4.211716e-02 
 3.460000e+04  2.935107e+03 -6.446267e-02  5.860026e-02 -4.219661e-02 
 3.465000e+04  2.946681e+03 -6.457728e-02  5.870268e-02 -4.227605e-02 
 3.470000e+04  2.958255e+03 -6.469184e-02  5.880479e-02 -4.235554e-02 
 3.475000e+04  2.969830e+03 -6.480651e-02  5.890686e-02 -4.243510e-02 
 3.480000e+04  2.981404e+03 -6.492117e-02  5.900869e-02 -4.251439e-02 
 3.485000e+04  2.992978e+03 -6.503602e-02  5.911038e-02 -4.259357e-02 
 3.490000e+04  3.004552e+03 -6.515077e-02  5.921150e-02 -4.267269e-02 
 3.495000e+04  3.016126e+03 -6.526524e-02  5.931185e-02 -4.275164e-02 
 3.500000e+04  3.027700e+03 -6.537944e-02  5.941256e-02 -4.283038e-02 
 3.505000e+04  3.039274e+03 -6.549357e-02  5.951352e-02 -4.290900e-02 
 3.510000e+04  3.050848e+03 -6.560744e-02  5.961421e-02 -4.298741e-02 
 3.515000e+04  3.062422e+03 -6.572130e-02  5.971470e-02 -4.306572e-02 
 3.520000e+04  3.073996e+03 -6.583509e-02  5.981526e-02 -4.314422e-02 
 3.525000e+04  3.085570e+03 -6.594846e-02  5.991598e-02 -4.322290e-02 
 3.530000e+04  3.097144e+03 -6.606183e-02  6.001672e-02 -4.330143e-02 
 3.535000e+04  3.108718e+03 -6.617531e-02  6.011727e-02 -4.337984e-02 
 3.540000e+04  3.120293e+03 -6.628889e-02  6.021776e-02 -4.345821e-02 
 3.545000e+04  3.131867e+03 -6.640180e-02  6.031836e-02 -4.353664e-02 
 3.550000e+04  3.143441e+03 -6.651406e-02  6.041896e-02 -4.361477e-02 
 3.555000e+04  3.155015e+03 -6.662625e-02  6.051967e-02 -4.369284e-02 
 3.560000e+04  3.166589e+03 -6.673858e-02  6.062057e-02 -4.377090e-02 
 3.565000e+04  3.178163e+03 -6.685104e-02  6.072128e-02 -4.384887e-02 
 3.570000e+04  3.189737e+03 -6.696354e-02  6.082069e-02 -4.392673e-02 
 3.575000e+04  3.201311e+03 -6.707519e-02  6.092009e-02 -4.400443e-02 
 3.580000e+04  3.212885e+03 -6.718612e-02  6.101979e-02 -4.408197e-02 
 3.585000e+04  3.224459e+03 -6.729737e-02  6.111963e-02 -4.415944e-02 
 3.590000e+04  3.236033e+03 -6.740918e-02  6.121944e-02 -4.423675e-02 
 3.595000e+04  3.247607e+03 -6.752104e-02  6.131920e-02 -4.431407e-02 
 3.600000e+04  3.259181e+03 -6.763285e-02  6.141893e-02 -4.439133e-02 
 3.605000e+04  3.270755e+03 -6.774428e-02  6.151877e-02 -4.446879e-02 
 3.610000e+04  3.282330e+03 -6.785469e-02  6.161845e-02 -4.454634e-02 
 3.615000e+04  3.293904e+03 -6.796542e-02  6.171762e-02 -4.462359e-02 
 3.620000e+04  3.305478e+03 -6.807624e-02  6.181648e-02 -4.470066e-02 
 3.625000e+04  3.317052e+03 -6.818738e-02  6.191535e-02 -4.477758e-02 
 3.630000e+04  3.328626e+03 -6.829861e-02  6.201436e-02 -4.485425e-02 
 3.635000e+04  3.340200e+03 -6.840992e-02  6.211352e-02 -4.493088e-02 
 3.640000e+04  3.351774e+03 -6.852105e-02  6.221241e-02 -4.500756e-02 
 3.645000e+04  3.363348e+03 -6.863157e-02  6.231079e-02 -4.508417e-02 
 3.650000e+04  3.374922e+03 -6.874182e-02  6.240811e-02 -4.516082e-02 
 3.655000e+04  3.386496e+03 -6.885213e-02  6.250544e-02 -4.523739e-02 
 3.660000e+04  3.398070e+03 -6.896251e-02  6.260309e-02 -4.531391e-02 
 3.665000e+04  3.409644e+03 -6.907315e-02  6.270118e-02 -4.539028e-02 
 3.670000e+04  3.421218e+03 -6.918367e-02  6.279940e-02 -4.546660e-02 
 3.675000e+04  3.432793e+03 -6.929375e-02  6.289784e-02 -4.554278e-02 
 3.680000e+04  3.444367e+03 -6.940371e-02  6.299638e-02 -4.561910e-02 
 3.685000e+04  3.455941e+03 -6.951351e-02  6.309487e-02 -4.569543e-02 
 3.690000e+04  3.467515e+03 -6.962323e-02  6.319309e-02 -4.577168e-02 
 3.695000e+04  3.479089e+03 -6.973299e-02  6.329118e-02 -4.584800e-02 
 3.700000e+04  3.490663e+03 -6.984252e-02  6.338920e-02 -4.592438e-02 
 3.705000e+04  3.502237e+03 -6.995164e-02  6.348708e-02 -4.600060e-02 
 3.710000e+04  3.513811e+03 -7.006007e-02  6.358485e-02 -4.607667e-02 
 3.715000e+04  3.525385e+03 -7.016859e-02  6.368258e-02 -4.615268e-02 
 3.720000e+04  3.536959e+03 -7.027760e-02  6.378023e-02 -4.622841e-02 
 3.725000e+04  3.548533e+03 -7.038687e-02  6.387780e-02 -4.630379e-02 
 3.730000e+04  3.560107e+03 -7.049617e-02  6.397538e-02 -4.637927e-02 
 3.735000e+04  3.571681e+03 -7.060535e-02  6.407278e-02 -4.645498e-02 
 3.740000e+04  3.583255e+03 -7.071445e-02  6.416993e-02 -4.653077e-02 
 3.745000e+04  3.594830e+03 -7.082360e-02  6.426679e-02 -4.660659e-02 
 3.750000e+04  3.606404e+03 -7.093277e-02  6.436349e-02 -4.668237e-02 
 3.755000e+04  3.617978e+03 -7.104176e-02  6.446012e-02 -4.675802e-02 
 3.760000e+04  3.629552e+03 -7.115067e-02  6.455673e-02 -4.683332e-02 
 3.765000e+04  3.641126e+03 -7.125961e-02  6.465302e-02 -4.690842e-02 
 3.770000e+04  3.652700e+03 -7.136850e-02  6.474814e-02 -4.698360e-02 
 3.775000e+04  3.664274e+03 -7.147698e-02  6.484295e-02 -4.705844e-02 
 3.780000e+04  3.675848e+03 -7.158530e-02  6.493817e-02 -4.713315e-02 
 3.785000e+04  3.687422e+03 -7.169340e-02  6.503405e-02 -4.720797e-02 
 3.790000e+04  3.698996e+03 -7.180143e-02  6.513044e-02 -4.728287e-02 
 3.795000e+04  3.710570e+03 -7.190942e-02  6.522700e-02 -4.735792e-02 
 3.800000e+04  3.722144e+03 -7.201715e-02  6.532356e-02 -4.743300e-02 
 3.805000e+04  3.733718e+03 -7.212461e-02  6.542022e-02 -4.750800e-02 
 3.810000e+04  3.745293e+03 -7.223177e-02  6.551689e-02 -4.758285e-02 
 3.815000e+04  3.756867e+03 -7.233879e-02  6.561352e-02 -4.765756e-02 
 3.820000e+04  3.768441e+03 -7.244566e-02  6.570995e-02 -4.773220e-02 
 3.825000e+04  3.780015e+03 -7.255248e-02  6.580604e-02 -4.780676e-02 
 3.830000e+04  3.791589e+03 -7.265937e-02  6.590189e-02 -4.788126e-02 
 3.835000e+04  3.803163e+03 -7.276635e-02  6.599750e-02 -4.795579e-02 
 3.840000e+04  3.814737e+03 -7.287296e-02  6.609308e-02 -4.803015e-02 
 3.845000e+04  3.826311e+03 -7.297962e-02  6.618871e-02 -4.810443e-02 
 3.850000e+04  3.837885e+03 -7.308668e-02  6.628355e-02 -4.817884e-02 
 3.855000e+04  3.849459e+03 -7.319393e-02  6.637810e-02 -4.825325e-02 
 3.860000e+04  3.861033e+03 -7.330132e-02  6.647247e-02 -4.832740e-02 
 3.865000e+04  3.872607e+03 -7.340880e-02  6.656687e-02 -4.840131e-02 
 3.870000e+04  3.884181e+03 -7.351563e-02  6.666148e-02 -4.847537e-02 
 3.875000e+04  3.895755e+03 -7.362245e-02  6.675620e-02 -4.854951e-02 
 3.880000e+04  3.907330e+03 -7.372938e-02  6.685088e-02 -4.862345e-02 
 3.885000e+04  3.918904e+03 -7.383615e-02  6.694557e-02 -4.869720e-02 
 3.890000e+04  3.930478e+03 -7.394268e-02  6.704046e-02 -4.877106e-02 
 3.895000e+04  3.942052e+03 -7.404889e-02  6.713535e-02 -4.884492e-02 
 3.900000e+04  3.953626e+03 -7.415499e-02  6.723018e-02 -4.891881e-02 
 3.905000e+04  3.965200e+03 -7.426095e-02  6.732500e-02 -4.899278e-02 
 3.910000e+04  3.976774e+03 -7.436671e-02  6.741994e-02 -4.906672e-02 
 3.915000e+04  3.988348e+03 -7.447225e-02  6.751497e-02 -4.914039e-02 
 3.920000e+04  3.999922e+03 -7.457765e-02  6.761008e-02 -4.921390e-02 
 3.925000e+04  4.011496e+03 -7.468296e-02  6.770495e-02 -4.928718e-02 
 3.930000e+04  4.023070e+03 -7.478792e-02  6.779978e-02 -4.936042e-02 
 3.935000e+04  4.034644e+03 -7.489295e-02  6.789451e-02 -4.943379e-02 
 3.940000e+04  4.046218e+03 -7.499815e-02  6.798896e-02 -4.950728e-02 
 3.945000e+04  4.057793e+03 -7.510356e-02  6.808331e-02 -4.958082e-02 
 3.950000e+04  4.069367e+03 -7.520897e-02  6.817750e-02 -4.965426e-02 
 3.955000e+04  4.080941e+03 -7.531430e-02  6.827151e-02 -4.972729e-02 
 3.960000e+04  4.092515e+03 -7.541960e-02  6.836495e-02 -4.980002e-02 
 3.965000e+04  4.104089e+03 -7.552473e-02  6.845814e-02 -4.987279e-02 
 3.970000e+04  4.115663e+03 -7.563004e-02  6.855157e-02 -4.994585e-02 
 3.975000e+04  4.127237e+03 -7.573551e-02  6.864533e-02 -5.001903e-02 
 3.980000e+04  4.138811e+03 -7.584097e-02  6.873917e-02 -5.009221e-02 
 3.985000e+04  4.150385e+03 -7.594623e-02  6.883300e-02 -5.016542e-02 
 3.990000e+04  4.161959e+03 -7.605145e-02  6.892668e-02 -5.023858e-02 
 3.995000e+04  4.173533e+03 -7.615623e-02  6.902027e-02 -5.031155e-02 
 4.000000e+04  4.185107e+03 -7.626074e-02  6.911386e-02 -5.038415e-02 
 4.005000e+04  4.196681e+03 -7.636524e-02  6.920753e-02 -5.045683e-02 
 4.010000e+04  4.208255e+03 -7.646965e-02  6.930134e-02 -5.052955e-02 
 4.015000e+04  4.219830e+03 -7.657404e-02  6.939499e-02 -5.060227e-02 
 4.020000e+04  4.231404e+03 -7.667830e-02  6.948863e-02 -5.067498e-02 
 4.025000e+04  4.242978e+03 -7.678194e-02  6.958233e-02 -5.074747e-02 
 4.030000e+04  4.254552e+03 -7.688460e-02  6.967598e-02 -5.081985e-02 
 4.035000e+04  4.266126e+03 -7.698747e-02  6.976944e-02 -5.089225e-02 
 4.040000e+04  4.277700e+03 -7.709076e-02  6.986264e-02 -5.096453e-02 
 4.045000e+04  4.289274e+03 -7.719451e-02  6.995586e-02 -5.103679e-02 
 4.050000e+04  4.300848e+03 -7.729845e-02  7.004928e-02 -5.110917e-02 
 4.055000e+04  4.312422e+03 -7.740240e-02  7.014280e-02 -5.118153e-02 
 4.060000e+04  4.323996e+03 -7.750624e-02  7.023594e-02 -5.125382e-02 
 4.065000e+04  4.335570e+03 -7.761013e-02  7.032868e-02 -5.132605e-02 
 4.070000e+04  4.347144e+03 -7.771410e-02  7.042119e-02 -5.139823e-02 
 4.075000e+04  4.358718e+03 -7.781802e-02  7.051365e-02 -5.147036e-02 
 4.080000e+04  4.370293e+03 -7.792182e-02  7.060611e-02 -5.154248e-02 
 4.085000e+04  4.381867e+03 -7.802568e-02  7.069774e-02 -5.161461e-02 
 4.090000e+04  4.393441e+03 -7.812963e-02  7.078880e-02 -5.168661e-02 
 4.095000e+04  4.405015e+03 -7.823342e-02  7.087937e-02 -5.175824e-02 
 4.100000e+04  4.416589e+03 -7.833717e-02  7.097029e-02 -5.182973e-02 
 4.105000e+04  4.428163e+03 -7.844094e-02  7.106160e-02 -5.190143e-02 
 4.110000e+04  4.439737e+03 -7.854469e-02  7.115280e-02 -5.197319e-02 
 4.115000e+04  4.451311e+03 -7.864822e-02  7.124435e-02 -5.204486e-02 
 4.120000e+04  4.462885e+03 -7.875147e-02  7.133631e-02 -5.211667e-02 
 4.125000e+04  4.474459e+03 -7.885427e-02  7.142862e-02 -5.218837e-02 
 4.130000e+04  4.486033e+03 -7.895680e-02  7.152113e-02 -5.225989e-02 
 4.135000e+04  4.497607e+03 -7.905906e-02  7.161367e-02 -5.233135e-02 
 4.140000e+04  4.509181e+03 -7.916126e-02  7.170615e-02 -5.240276e-02 
 4.145000e+04  4.520755e+03 -7.926346e-02  7.179831e-02 -5.247409e-02 
 4.150000e+04  4.532330e+03 -7.936543e-02  7.189027e-02 -5.254535e-02 
 4.155000e+04  4.543904e+03 -7.946653e-02  7.198230e-02 -5.261671e-02 
 4.160000e+04  4.555478e+03 -7.956736e-02  7.207439e-02 -5.268815e-02 
 4.165000e+04  4.567052e+03 -7.966846e-02  7.216644e-02 -5.275948e-02 
 4.170000e+04  4.578626e+03 -7.977002e-02  7.225841e-02 -5.283061e-02 
 4.175000e+04  4.590200e+03 -7.987201e-02  7.235024e-02 -5.290161e-02 
 4.180000e+04  4.601774e+03 -7.997407e-02  7.244208e-02 -5.297243e-02 
 4.185000e+04  4.613348e+03 -8.007601e-02  7.253356e-02 -5.304330e-02 
 4.190000e+04  4.624922e+03 -8.017807e-02  7.262470e-02 -5.311422e-02 
 4.195000e+04  4.636496e+03 -8.028025e-02  7.271534e-02 -5.318533e-02 
 4.200000e+04  4.648070e+03 -8.038275e-02  7.280583e-02 -5.325632e-02 
 4.205000e+04  4.659644e+03 -8.048532e-02  7.289613e-02 -5.332743e-02 
 4.210000e+04  4.671218e+03 -8.058787e-02  7.298665e-02 -5.339854e-02 
 4.215000e+04  4.682793e+03 -8.069023e-02  7.307736e-02 -5.346957e-02 
 4.220000e+04  4.694367e+03 -8.079251e-02  7.316819e-02 -5.354044e-02 
 4.225000e+04  4.705941e+03 -8.089471e-02  7.325912e-02 -5.361116e-02 
 4.230000e+04  4.717515e+03 -8.099663e-02  7.334994e-02 -5.368179e-02 
 4.235000e+04  4.729089e+03 -8.109842e-02  7.344062e-02 -5.375236e-02 
 4.240000e+04  4.740663e+03 -8.119997e-02  7.353140e-02 -5.382313e-02 
 4.245000e+04  4.752237e+03 -8.130120e-02  7.362237e-02 -5.389402e-02 
 4.250000e+04  4.763811e+03 -8.140216e-02  7.371335e-02 -5.396485e-02 
 4.255000e+04  4.775385e+03 -8.150299e-02  7.380446e-02 -5.403548e-02 
 4.260000e+04  4.786959e+03 -8.160342e-02  7.389573e-02 -5.410600e-02 
 4.265000e+04  4.798533e+03 -8.170370e-02  7.398714e-02 -5.417645e-02 
 4.270000e+04  4.810107e+03 -8.180404e-02  7.407862e-02 -5.424686e-02 
 4.275000e+04  4.821681e+03 -8.190455e-02  7.416993e-02 -5.431727e-02 
 4.280000e+04  4.833255e+03 -8.200519e-02  7.426095e-02 -5.438761e-02 
 4.285000e+04  4.844830e+03 -8.210587e-02  7.435167e-02 -5.445798e-02 
 4.290000e+04  4.856404e+03 -8.220658e-02  7.444216e-02 -5.452834e-02 
 4.295000e+04  4.867978e+03 -8.230734e-02  7.453241e-02 -5.459867e-02 
 4.300000e+04  4.879552e+03 -8.240828e-02  7.462219e-02 -5.466892e-02 
 4.305000e+04  4.891126e+03 -8.250944e-02  7.471104e-02 -5.473914e-02 
 4.310000e+04  4.902700e+03 -8.261077e-02  7.480000e-02 -5.480914e-02 
 4.315000e+04  4.914274e+03 -8.271208e-02  7.488926e-02 -5.487910e-02 
 4.320000e+04  4.925848e+03 -8.281272e-02  7.497882e-02 -5.494902e-02 
 4.325000e+04  4.937422e+03 -8.291321e-02  7.506857e-02 -5.501899e-02 
 4.330000e+04  4.948996e+03 -8.301403e-02  7.515829e-02 -5.508884e-02 
 4.335000e+04  4.960570e+03 -8.311490e-02  7.524796e-02 -5.515872e-02 
 4.340000e+04  4.972144e+03 -8.321528e-02  7.533784e-02 -5.522855e-02 
 4.345000e+04  4.983718e+03 -8.331525e-02  7.542785e-02 -5.529844e-02 
 4.350000e+04  4.995293e+03 -8.341502e-02  7.551797e-02 -5.536844e-02 
 4.355000e+04  5.006867e+03 -8.351463e-02  7.560788e-02 -5.543830e-02 
 4.360000e+04  5.018441e+03 -8.361411e-02  7.569761e-02 -5.550806e-02 
 4.365000e+04  5.030015e+03 -8.371354e-02  7.578752e-02 -5.557775e-02 
 4.370000e+04  5.041589e+03 -8.381288e-02  7.587768e-02 -5.564747e-02 
 4.375000e+04  5.053163e+03 -8.391218e-02  7.596795e-02 -5.571710e-02 
 4.380000e+04  5.064737e+03 -8.401151e-02  7.605820e-02 -5.578662e-02 
 4.385000e+04  5.076311e+03 -8.411106e-02  7.614819e-02 -5.585613e-02 
 4.390000e+04  5.087885e+03 -8.421061e-02  7.623788e-02 -5.592567e-02 
 4.395000e+04  5.099459e+03 -8.431025e-02  7.632729e-02 -5.599515e-02 
 4.400000e+04  5.111033e+03 -8.440992e-02  7.641652e-02 -5.606456e-02 
 4.405000e+04  5.122607e+03 -8.450971e-02  7.650560e-02 -5.613402e-02 
 4.410000e+04  5.134181e+03 -8.460964e-02  7.659459e-02 -5.620349e-02 
 4.415000e+04  5.145755e+03 -8.470966e-02  7.668349e-02 -5.627291e-02 
 4.420000e+04  5.157330e+03 -8.480956e-02  7.677241e-02 -5.634212e-02 
 4.425000e+04  5.168904e+03 -8.490935e-02  7.686140e-02 -5.641135e-02 
 4.430000e+04  5.180478e+03 -8.500909e-02  7.695047e-02 -5.648061e-02 
 4.435000e+04  5.192052e+03 -8.510863e-02  7.703927e-02 -5.654975e-02 
 4.440000e+04  5.203626e+03 -8.520813e-02  7.712800e-02 -5.661892e-02 
 4.445000e+04  5.215200e+03 -8.530762e-02  7.721684e-02 -5.668823e-02 
 4.450000e+04  5.226774e+03 -8.540691e-02  7.730580e-02 -5.675751e-02 
 4.455000e+04  5.238348e+03 -8.550586e-02  7.739480e-02 -5.682665e-02 
 4.460000e+04  5.249922e+03 -8.560454e-02  7.748387e-02 -5.689562e-02 
 4.465000e+04  5.261496e+03 -8.570326e-02  7.757302e-02 -5.696447e-02 
 4.470000e+04  5.273070e+03 -8.580192e-02  7.766217e-02 -5.703338e-02 
 4.475000e+04  5.284644e+03 -8.590043e-02  7.775139e-02 -5.710228e-02 
