         Step [creep.tim... Z Displace... Z Displace... X Displace... 
------------- ------------- ------------- ------------- ------------- 
 5.250000e+03  1.276223e-07 -4.629353e-03  4.524540e-03 -2.433365e-03 
 5.300000e+03  3.886505e-06 -4.629648e-03  4.524735e-03 -2.433676e-03 
 5.350000e+03  2.539848e-05 -4.631561e-03  4.525666e-03 -2.435349e-03 
 5.400000e+03  6.288544e-05 -4.633984e-03  4.527208e-03 -2.436998e-03 
 5.450000e+03  1.065746e-04 -4.635613e-03  4.529402e-03 -2.438360e-03 
 5.500000e+03  1.540076e-04 -4.638218e-03  4.532739e-03 -2.440644e-03 
 5.550000e+03  2.031607e-04 -4.642026e-03  4.537352e-03 -2.443982e-03 
 5.600000e+03  2.606928e-04 -4.646842e-03  4.543178e-03 -2.447868e-03 
 5.650000e+03  3.319186e-04 -4.652238e-03  4.549479e-03 -2.452012e-03 
 5.700000e+03  4.103780e-04 -4.657071e-03  4.555307e-03 -2.456114e-03 
 5.750000e+03  4.902833e-04 -4.661135e-03  4.559629e-03 -2.459550e-03 
 5.800000e+03  5.701885e-04 -4.664812e-03  4.562963e-03 -2.462604e-03 
 5.850000e+03  6.500938e-04 -4.669097e-03  4.566842e-03 -2.466205e-03 
 5.900000e+03  7.299991e-04 -4.674560e-03  4.571720e-03 -2.470617e-03 
 5.950000e+03  8.197242e-04 -4.681244e-03  4.578202e-03 -2.475854e-03 
 6.000000e+03  9.270905e-04 -4.688628e-03  4.586086e-03 -2.481627e-03 
 6.050000e+03  1.047058e-03 -4.696095e-03  4.593820e-03 -2.487042e-03 
 6.100000e+03  1.173497e-03 -4.703144e-03  4.600741e-03 -2.491996e-03 
 6.150000e+03  1.303654e-03 -4.709916e-03  4.607006e-03 -2.496714e-03 
 6.200000e+03  1.433811e-03 -4.716501e-03  4.613333e-03 -2.501716e-03 
 6.250000e+03  1.563969e-03 -4.723492e-03  4.620507e-03 -2.507454e-03 
 6.300000e+03  1.710943e-03 -4.732005e-03  4.629393e-03 -2.514530e-03 
 6.350000e+03  1.880414e-03 -4.741762e-03  4.639371e-03 -2.522557e-03 
 6.400000e+03  2.060593e-03 -4.751374e-03  4.648950e-03 -2.530217e-03 
 6.450000e+03  2.252794e-03 -4.760636e-03  4.658413e-03 -2.537473e-03 
 6.500000e+03  2.454711e-03 -4.769737e-03  4.668254e-03 -2.544451e-03 
 6.550000e+03  2.656627e-03 -4.778703e-03  4.678307e-03 -2.551310e-03 
 6.600000e+03  2.858544e-03 -4.788035e-03  4.688803e-03 -2.558527e-03 
 6.650000e+03  3.074852e-03 -4.798541e-03  4.700385e-03 -2.566850e-03 
 6.700000e+03  3.324502e-03 -4.810871e-03  4.713289e-03 -2.576541e-03 
 6.750000e+03  3.591262e-03 -4.823201e-03  4.725630e-03 -2.586377e-03 
 6.800000e+03  3.876800e-03 -4.835222e-03  4.737610e-03 -2.596212e-03 
 6.850000e+03  4.175123e-03 -4.847256e-03  4.749728e-03 -2.605845e-03 
 6.900000e+03  4.473446e-03 -4.859183e-03  4.761935e-03 -2.614982e-03 
 6.950000e+03  4.771769e-03 -4.871429e-03  4.774488e-03 -2.624068e-03 
 7.000000e+03  5.074268e-03 -4.884218e-03  4.787690e-03 -2.633500e-03 
 7.050000e+03  5.413726e-03 -4.898572e-03  4.802627e-03 -2.644140e-03 
 7.100000e+03  5.780328e-03 -4.913324e-03  4.817828e-03 -2.655317e-03 
 7.150000e+03  6.174874e-03 -4.928057e-03  4.832671e-03 -2.666765e-03 
 7.200000e+03  6.594644e-03 -4.943005e-03  4.847498e-03 -2.678474e-03 
 7.250000e+03  7.014414e-03 -4.957645e-03  4.861942e-03 -2.689827e-03 
 7.300000e+03  7.434185e-03 -4.972150e-03  4.876310e-03 -2.700930e-03 
 7.350000e+03  7.862350e-03 -4.987004e-03  4.891246e-03 -2.712160e-03 
 7.400000e+03  8.332596e-03 -5.003311e-03  4.907859e-03 -2.724377e-03 
 7.450000e+03  8.818532e-03 -5.019507e-03  4.924820e-03 -2.736575e-03 
 7.500000e+03  9.325656e-03 -5.035374e-03  4.941647e-03 -2.748664e-03 
 7.550000e+03  9.883902e-03 -5.052222e-03  4.959393e-03 -2.761578e-03 
 7.600000e+03  1.044643e-02 -5.068897e-03  4.976735e-03 -2.774295e-03 
 7.650000e+03  1.100897e-02 -5.085198e-03  4.993451e-03 -2.786868e-03 
 7.700000e+03  1.159884e-02 -5.101985e-03  5.010522e-03 -2.799976e-03 
 7.750000e+03  1.224446e-02 -5.120266e-03  5.028971e-03 -2.814067e-03 
 7.800000e+03  1.289566e-02 -5.138366e-03  5.047182e-03 -2.827671e-03 
 7.850000e+03  1.355012e-02 -5.155899e-03  5.064855e-03 -2.840698e-03 
 7.900000e+03  1.425576e-02 -5.174267e-03  5.083417e-03 -2.854246e-03 
 7.950000e+03  1.497371e-02 -5.192525e-03  5.102147e-03 -2.867750e-03 
 8.000000e+03  1.569166e-02 -5.210359e-03  5.120562e-03 -2.881078e-03 
 8.050000e+03  1.647233e-02 -5.229298e-03  5.139901e-03 -2.895465e-03 
 8.100000e+03  1.732838e-02 -5.249761e-03  5.160424e-03 -2.910978e-03 
 8.150000e+03  1.820105e-02 -5.270248e-03  5.180472e-03 -2.926283e-03 
 8.200000e+03  1.907809e-02 -5.290199e-03  5.199776e-03 -2.940975e-03 
 8.250000e+03  2.000447e-02 -5.310638e-03  5.219742e-03 -2.955930e-03 
 8.300000e+03  2.096660e-02 -5.331478e-03  5.240335e-03 -2.971133e-03 
 8.350000e+03  2.192872e-02 -5.351693e-03  5.260745e-03 -2.986039e-03 
 8.400000e+03  2.289853e-02 -5.371371e-03  5.281029e-03 -3.000772e-03 
 8.450000e+03  2.396927e-02 -5.392604e-03  5.303039e-03 -3.016741e-03 
 8.500000e+03  2.508305e-02 -5.414244e-03  5.325390e-03 -3.032973e-03 
 8.550000e+03  2.619683e-02 -5.435122e-03  5.346684e-03 -3.048678e-03 
 8.600000e+03  2.738294e-02 -5.456752e-03  5.368428e-03 -3.064875e-03 
 8.650000e+03  2.861088e-02 -5.478944e-03  5.390568e-03 -3.081265e-03 
 8.700000e+03  2.983882e-02 -5.500825e-03  5.412342e-03 -3.097191e-03 
 8.750000e+03  3.106675e-02 -5.522133e-03  5.433529e-03 -3.112727e-03 
 8.800000e+03  3.233521e-02 -5.543633e-03  5.455012e-03 -3.128456e-03 
 8.850000e+03  3.364646e-02 -5.565273e-03  5.477037e-03 -3.144466e-03 
 8.900000e+03  3.500027e-02 -5.586806e-03  5.499269e-03 -3.160612e-03 
 8.950000e+03  3.643401e-02 -5.608997e-03  5.521977e-03 -3.177244e-03 
 9.000000e+03  3.796687e-02 -5.632571e-03  5.545748e-03 -3.194615e-03 
 9.050000e+03  3.953407e-02 -5.656546e-03  5.569473e-03 -3.211895e-03 
 9.100000e+03  4.110126e-02 -5.679959e-03  5.592260e-03 -3.228649e-03 
 9.150000e+03  4.271704e-02 -5.703514e-03  5.615152e-03 -3.245542e-03 
 9.200000e+03  4.436259e-02 -5.726935e-03  5.638103e-03 -3.262502e-03 
 9.250000e+03  4.600814e-02 -5.749560e-03  5.660689e-03 -3.279092e-03 
 9.300000e+03  4.766357e-02 -5.771555e-03  5.682910e-03 -3.295345e-03 
 9.350000e+03  4.943978e-02 -5.794878e-03  5.706569e-03 -3.312444e-03 
 9.400000e+03  5.125401e-02 -5.818390e-03  5.730533e-03 -3.329618e-03 
 9.450000e+03  5.307367e-02 -5.841439e-03  5.753871e-03 -3.346401e-03 
 9.500000e+03  5.503585e-02 -5.865718e-03  5.778200e-03 -3.363999e-03 
 9.550000e+03  5.713604e-02 -5.891477e-03  5.803593e-03 -3.382440e-03 
 9.600000e+03  5.923623e-02 -5.916780e-03  5.828266e-03 -3.400495e-03 
 9.650000e+03  6.133642e-02 -5.941218e-03  5.852238e-03 -3.418140e-03 
 9.700000e+03  6.343661e-02 -5.965057e-03  5.875869e-03 -3.435482e-03 
 9.750000e+03  6.563130e-02 -5.989490e-03  5.900456e-03 -3.453378e-03 
 9.800000e+03  6.783650e-02 -6.013453e-03  5.924894e-03 -3.470935e-03 
 9.850000e+03  7.012892e-02 -6.037790e-03  5.949744e-03 -3.488692e-03 
 9.900000e+03  7.266469e-02 -6.064523e-03  5.976809e-03 -3.507891e-03 
 9.950000e+03  7.521749e-02 -6.091182e-03  6.003289e-03 -3.526710e-03 
 1.000000e+04  7.777028e-02 -6.117190e-03  6.028715e-03 -3.545095e-03 
 1.005000e+04  8.037158e-02 -6.143173e-03  6.053862e-03 -3.563584e-03 
 1.010000e+04  8.305201e-02 -6.169392e-03  6.079422e-03 -3.582450e-03 
 1.015000e+04  8.573244e-02 -6.194903e-03  6.104662e-03 -3.600940e-03 
 1.020000e+04  8.841288e-02 -6.219802e-03  6.129440e-03 -3.618937e-03 
 1.025000e+04  9.127826e-02 -6.246109e-03  6.155730e-03 -3.637763e-03 
 1.030000e+04  9.423344e-02 -6.272876e-03  6.182708e-03 -3.656813e-03 
 1.035000e+04  9.718862e-02 -6.298993e-03  6.209074e-03 -3.675413e-03 
 1.040000e+04  1.003487e-01 -6.326447e-03  6.236450e-03 -3.694848e-03 
 1.045000e+04  1.036068e-01 -6.354510e-03  6.263919e-03 -3.714609e-03 
 1.050000e+04  1.068649e-01 -6.382077e-03  6.290557e-03 -3.734091e-03 
 1.055000e+04  1.101230e-01 -6.408816e-03  6.316448e-03 -3.753204e-03 
 1.060000e+04  1.134625e-01 -6.435616e-03  6.342758e-03 -3.772463e-03 
 1.065000e+04  1.168835e-01 -6.462668e-03  6.369710e-03 -3.791859e-03 
 1.070000e+04  1.203045e-01 -6.489179e-03  6.396426e-03 -3.810786e-03 
 1.075000e+04  1.238570e-01 -6.516156e-03  6.423724e-03 -3.829927e-03 
 1.080000e+04  1.277456e-01 -6.545382e-03  6.453287e-03 -3.850511e-03 
 1.085000e+04  1.317058e-01 -6.574713e-03  6.482702e-03 -3.871153e-03 
 1.090000e+04  1.356660e-01 -6.603283e-03  6.510979e-03 -3.891422e-03 
 1.095000e+04  1.397134e-01 -6.631949e-03  6.539038e-03 -3.911888e-03 
 1.100000e+04  1.438716e-01 -6.661160e-03  6.567469e-03 -3.932666e-03 
 1.105000e+04  1.480298e-01 -6.689779e-03  6.595456e-03 -3.953007e-03 
 1.110000e+04  1.521881e-01 -6.717768e-03  6.623035e-03 -3.972807e-03 
 1.115000e+04  1.564918e-01 -6.746434e-03  6.651445e-03 -3.992889e-03 
 1.120000e+04  1.608580e-01 -6.775145e-03  6.680163e-03 -4.012942e-03 
 1.125000e+04  1.652241e-01 -6.803194e-03  6.708308e-03 -4.032640e-03 
 1.130000e+04  1.699962e-01 -6.833280e-03  6.738290e-03 -4.053802e-03 
 1.135000e+04  1.750506e-01 -6.864973e-03  6.769347e-03 -4.076025e-03 
 1.140000e+04  1.801050e-01 -6.896166e-03  6.799450e-03 -4.097874e-03 
 1.145000e+04  1.851593e-01 -6.926597e-03  6.828755e-03 -4.119290e-03 
 1.150000e+04  1.904007e-01 -6.957673e-03  6.858830e-03 -4.141109e-03 
 1.155000e+04  1.957078e-01 -6.988721e-03  6.889147e-03 -4.162810e-03 
 1.160000e+04  2.010148e-01 -7.019058e-03  6.919194e-03 -4.184049e-03 
 1.165000e+04  2.063484e-01 -7.049014e-03  6.949010e-03 -4.204981e-03 
 1.170000e+04  2.120880e-01 -7.080850e-03  6.980870e-03 -4.227189e-03 
 1.175000e+04  2.179391e-01 -7.112779e-03  7.012830e-03 -4.249529e-03 
 1.180000e+04  2.237901e-01 -7.143945e-03  7.043704e-03 -4.271509e-03 
 1.185000e+04  2.300177e-01 -7.176619e-03  7.075734e-03 -4.294549e-03 
 1.190000e+04  2.364685e-01 -7.210273e-03  7.108485e-03 -4.318103e-03 
 1.195000e+04  2.429193e-01 -7.243324e-03  7.140669e-03 -4.341199e-03 
 1.200000e+04  2.493701e-01 -7.275680e-03  7.172367e-03 -4.363779e-03 
 1.205000e+04  2.558208e-01 -7.307608e-03  7.203875e-03 -4.385978e-03 
 1.210000e+04  2.622716e-01 -7.339084e-03  7.235246e-03 -4.407909e-03 
 1.215000e+04  2.687224e-01 -7.369908e-03  7.266050e-03 -4.429495e-03 
 1.220000e+04  2.755941e-01 -7.402293e-03  7.298208e-03 -4.452125e-03 
 1.225000e+04  2.829977e-01 -7.436963e-03  7.332224e-03 -4.476253e-03 
 1.230000e+04  2.904653e-01 -7.471508e-03  7.365690e-03 -4.500226e-03 
 1.235000e+04  2.979329e-01 -7.505396e-03  7.398238e-03 -4.523728e-03 
 1.240000e+04  3.054004e-01 -7.538875e-03  7.430327e-03 -4.546854e-03 
 1.245000e+04  3.128680e-01 -7.571927e-03  7.462326e-03 -4.569658e-03 
 1.250000e+04  3.203356e-01 -7.604348e-03  7.493998e-03 -4.592023e-03 
 1.255000e+04  3.279839e-01 -7.636897e-03  7.526113e-03 -4.614605e-03 
 1.260000e+04  3.364228e-01 -7.672413e-03  7.561291e-03 -4.639260e-03 
 1.265000e+04  3.450674e-01 -7.708256e-03  7.596809e-03 -4.664231e-03 
 1.270000e+04  3.537121e-01 -7.743354e-03  7.631454e-03 -4.688718e-03 
 1.275000e+04  3.626766e-01 -7.779323e-03  7.666490e-03 -4.713673e-03 
 1.280000e+04  3.717535e-01 -7.815529e-03  7.701483e-03 -4.738640e-03 
 1.285000e+04  3.808304e-01 -7.851147e-03  7.735936e-03 -4.763194e-03 
 1.290000e+04  3.899073e-01 -7.886007e-03  7.769858e-03 -4.787347e-03 
 1.295000e+04  3.989842e-01 -7.920390e-03  7.803620e-03 -4.811184e-03 
 1.300000e+04  4.080611e-01 -7.954291e-03  7.837252e-03 -4.834795e-03 
 1.305000e+04  4.171652e-01 -7.987600e-03  7.870586e-03 -4.858118e-03 
 1.310000e+04  4.271997e-01 -8.023972e-03  7.906663e-03 -4.883382e-03 
 1.315000e+04  4.377073e-01 -8.061846e-03  7.943856e-03 -4.909498e-03 
 1.320000e+04  4.482150e-01 -8.099321e-03  7.980174e-03 -4.935262e-03 
 1.325000e+04  4.587226e-01 -8.136183e-03  8.015612e-03 -4.960623e-03 
 1.330000e+04  4.693563e-01 -8.173002e-03  8.050947e-03 -4.985976e-03 
 1.335000e+04  4.803894e-01 -8.210759e-03  8.087334e-03 -5.011947e-03 
 1.340000e+04  4.914224e-01 -8.247840e-03  8.123365e-03 -5.037500e-03 
 1.345000e+04  5.024554e-01 -8.284250e-03  8.159051e-03 -5.062653e-03 
 1.350000e+04  5.140644e-01 -8.322129e-03  8.196350e-03 -5.088831e-03 
 1.355000e+04  5.262283e-01 -8.361397e-03  8.235063e-03 -5.115953e-03 
 1.360000e+04  5.383922e-01 -8.400005e-03  8.272916e-03 -5.142606e-03 
 1.365000e+04  5.510962e-01 -8.439892e-03  8.311626e-03 -5.169981e-03 
 1.370000e+04  5.645069e-01 -8.481750e-03  8.351865e-03 -5.198601e-03 
 1.375000e+04  5.779176e-01 -8.522978e-03  8.391342e-03 -5.226827e-03 
 1.380000e+04  5.913283e-01 -8.563256e-03  8.430168e-03 -5.254582e-03 
 1.385000e+04  6.047390e-01 -8.602957e-03  8.468757e-03 -5.282035e-03 
 1.390000e+04  6.181497e-01 -8.642199e-03  8.507235e-03 -5.309169e-03 
 1.395000e+04  6.315605e-01 -8.680773e-03  8.545328e-03 -5.335863e-03 
 1.400000e+04  6.456524e-01 -8.720795e-03  8.584830e-03 -5.363464e-03 
 1.405000e+04  6.608222e-01 -8.763627e-03  8.626862e-03 -5.392833e-03 
 1.410000e+04  6.763467e-01 -8.806982e-03  8.668929e-03 -5.422538e-03 
 1.415000e+04  6.918713e-01 -8.849610e-03  8.709912e-03 -5.451807e-03 
 1.420000e+04  7.073959e-01 -8.891727e-03  8.750230e-03 -5.480716e-03 
 1.425000e+04  7.229205e-01 -8.933411e-03  8.790196e-03 -5.509301e-03 
 1.430000e+04  7.384451e-01 -8.974366e-03  8.829736e-03 -5.537499e-03 
 1.435000e+04  7.539696e-01 -9.014664e-03  8.868931e-03 -5.565292e-03 
 1.440000e+04  7.700531e-01 -9.055977e-03  8.909365e-03 -5.593719e-03 
 1.445000e+04  7.863539e-01 -9.097402e-03  8.950101e-03 -5.622187e-03 
 1.450000e+04  8.027362e-01 -9.138427e-03  8.990333e-03 -5.650377e-03 
 1.455000e+04  8.204357e-01 -9.182386e-03  9.032919e-03 -5.680399e-03 
 1.460000e+04  8.393059e-01 -9.228996e-03  9.077555e-03 -5.712133e-03 
 1.465000e+04  8.581761e-01 -9.274874e-03  9.121308e-03 -5.743503e-03 
 1.470000e+04  8.770464e-01 -9.319902e-03  9.164318e-03 -5.774424e-03 
 1.475000e+04  8.959166e-01 -9.364310e-03  9.207016e-03 -5.804989e-03 
 1.480000e+04  9.147868e-01 -9.408212e-03  9.249562e-03 -5.835183e-03 
 1.485000e+04  9.336570e-01 -9.451407e-03  9.291768e-03 -5.864866e-03 
 1.490000e+04  9.535632e-01 -9.496446e-03  9.335893e-03 -5.895733e-03 
 1.495000e+04  9.748877e-01 -9.544292e-03  9.382705e-03 -5.928463e-03 
 1.500000e+04  9.967324e-01 -9.592761e-03  9.429754e-03 -5.961640e-03 
 1.505000e+04  1.018577e+00 -9.640455e-03  9.475604e-03 -5.994373e-03 
 1.510000e+04  1.040422e+00 -9.687638e-03  9.520644e-03 -6.026707e-03 
 1.515000e+04  1.062266e+00 -9.734347e-03  9.565213e-03 -6.058653e-03 
 1.520000e+04  1.084111e+00 -9.780353e-03  9.609326e-03 -6.090157e-03 
 1.525000e+04  1.106021e+00 -9.825838e-03  9.653230e-03 -6.121349e-03 
 1.530000e+04  1.128958e+00 -9.872910e-03  9.699050e-03 -6.153675e-03 
 1.535000e+04  1.151895e+00 -9.919457e-03  9.744538e-03 -6.185632e-03 
 1.540000e+04  1.175107e+00 -9.965893e-03  9.789843e-03 -6.217464e-03 
 1.545000e+04  1.200326e+00 -1.001590e-02  9.838239e-03 -6.251609e-03 
 1.550000e+04  1.226879e+00 -1.006820e-02  9.888318e-03 -6.287253e-03 
 1.555000e+04  1.253431e+00 -1.011976e-02  9.937433e-03 -6.322493e-03 
 1.560000e+04  1.279983e+00 -1.017046e-02  9.985781e-03 -6.357270e-03 
 1.565000e+04  1.306535e+00 -1.022065e-02  1.003372e-02 -6.391584e-03 
 1.570000e+04  1.333088e+00 -1.027023e-02  1.008139e-02 -6.425513e-03 
 1.575000e+04  1.359640e+00 -1.031908e-02  1.012863e-02 -6.458941e-03 
 1.580000e+04  1.387435e+00 -1.036945e-02  1.017766e-02 -6.493457e-03 
 1.585000e+04  1.416709e+00 -1.042213e-02  1.022890e-02 -6.529497e-03 
 1.590000e+04  1.445983e+00 -1.047423e-02  1.027923e-02 -6.565170e-03 
 1.595000e+04  1.475549e+00 -1.052612e-02  1.032895e-02 -6.600720e-03 
 1.600000e+04  1.507055e+00 -1.058101e-02  1.038113e-02 -6.638155e-03 
 1.605000e+04  1.539330e+00 -1.063672e-02  1.043397e-02 -6.676041e-03 
 1.610000e+04  1.571604e+00 -1.069158e-02  1.048612e-02 -6.713390e-03 
 1.615000e+04  1.603879e+00 -1.074558e-02  1.053772e-02 -6.750271e-03 
 1.620000e+04  1.636250e+00 -1.079907e-02  1.058923e-02 -6.786911e-03 
 1.625000e+04  1.670138e+00 -1.085430e-02  1.064280e-02 -6.824814e-03 
 1.630000e+04  1.704196e+00 -1.090904e-02  1.069592e-02 -6.862328e-03 
 1.635000e+04  1.741202e+00 -1.096806e-02  1.075284e-02 -6.902614e-03 
 1.640000e+04  1.778564e+00 -1.102708e-02  1.080941e-02 -6.942877e-03 
 1.645000e+04  1.815925e+00 -1.108531e-02  1.086486e-02 -6.982642e-03 
 1.650000e+04  1.853287e+00 -1.114264e-02  1.091943e-02 -7.021873e-03 
 1.655000e+04  1.892181e+00 -1.120177e-02  1.097576e-02 -7.062254e-03 
 1.660000e+04  1.931411e+00 -1.126076e-02  1.103214e-02 -7.102484e-03 
 1.665000e+04  1.970640e+00 -1.131884e-02  1.108792e-02 -7.142122e-03 
 1.670000e+04  2.011457e+00 -1.137852e-02  1.114541e-02 -7.182869e-03 
 1.675000e+04  2.054708e+00 -1.144107e-02  1.120576e-02 -7.225691e-03 
 1.680000e+04  2.097959e+00 -1.150280e-02  1.126510e-02 -7.267952e-03 
 1.685000e+04  2.141642e+00 -1.156441e-02  1.132389e-02 -7.310034e-03 
 1.690000e+04  2.188373e+00 -1.162992e-02  1.138588e-02 -7.354531e-03 
 1.695000e+04  2.236057e+00 -1.169609e-02  1.144833e-02 -7.399377e-03 
 1.700000e+04  2.283741e+00 -1.176118e-02  1.150984e-02 -7.443587e-03 
 1.705000e+04  2.331425e+00 -1.182529e-02  1.157068e-02 -7.487252e-03 
 1.710000e+04  2.379109e+00 -1.188859e-02  1.163112e-02 -7.530432e-03 
 1.715000e+04  2.426793e+00 -1.195096e-02  1.169106e-02 -7.573115e-03 
 1.720000e+04  2.476754e+00 -1.201550e-02  1.175314e-02 -7.617209e-03 
 1.725000e+04  2.531324e+00 -1.208535e-02  1.182014e-02 -7.664832e-03 
 1.730000e+04  2.586524e+00 -1.215534e-02  1.188684e-02 -7.712475e-03 
 1.735000e+04  2.641724e+00 -1.222428e-02  1.195225e-02 -7.759500e-03 
 1.740000e+04  2.696925e+00 -1.229235e-02  1.201664e-02 -7.805805e-03 
 1.745000e+04  2.754443e+00 -1.236255e-02  1.208306e-02 -7.853503e-03 
 1.750000e+04  2.812404e+00 -1.243241e-02  1.214934e-02 -7.900987e-03 
 1.755000e+04  2.870364e+00 -1.250111e-02  1.221487e-02 -7.947819e-03 
 1.760000e+04  2.930295e+00 -1.257123e-02  1.228205e-02 -7.995734e-03 
 1.765000e+04  2.991153e+00 -1.264164e-02  1.234962e-02 -8.043876e-03 
 1.770000e+04  3.052012e+00 -1.271118e-02  1.241614e-02 -8.091335e-03 
 1.775000e+04  3.117142e+00 -1.278481e-02  1.248617e-02 -8.141407e-03 
 1.780000e+04  3.186788e+00 -1.286306e-02  1.255997e-02 -8.194381e-03 
 1.785000e+04  3.257239e+00 -1.294127e-02  1.263345e-02 -8.247283e-03 
 1.790000e+04  3.327691e+00 -1.301819e-02  1.270574e-02 -8.299441e-03 
 1.795000e+04  3.398142e+00 -1.309400e-02  1.277726e-02 -8.350962e-03 
 1.800000e+04  3.468593e+00 -1.316885e-02  1.284817e-02 -8.401832e-03 
 1.805000e+04  3.539044e+00 -1.324268e-02  1.291837e-02 -8.451989e-03 
 1.810000e+04  3.612281e+00 -1.331851e-02  1.299057e-02 -8.503532e-03 
 1.815000e+04  3.689954e+00 -1.339818e-02  1.306624e-02 -8.557604e-03 
 1.820000e+04  3.767626e+00 -1.347684e-02  1.314071e-02 -8.611014e-03 
 1.825000e+04  3.845532e+00 -1.355470e-02  1.321405e-02 -8.663825e-03 
 1.830000e+04  3.927088e+00 -1.363537e-02  1.328973e-02 -8.718383e-03 
 1.835000e+04  4.008644e+00 -1.371517e-02  1.336460e-02 -8.772307e-03 
 1.840000e+04  4.090200e+00 -1.379364e-02  1.343862e-02 -8.825543e-03 
 1.845000e+04  4.172082e+00 -1.387127e-02  1.351220e-02 -8.878313e-03 
 1.850000e+04  4.259514e+00 -1.395321e-02  1.359013e-02 -8.934048e-03 
 1.855000e+04  4.349429e+00 -1.403649e-02  1.366944e-02 -8.990715e-03 
 1.860000e+04  4.439345e+00 -1.411875e-02  1.374750e-02 -9.046488e-03 
 1.865000e+04  4.536881e+00 -1.420712e-02  1.383086e-02 -9.106152e-03 
 1.870000e+04  4.636013e+00 -1.429603e-02  1.391427e-02 -9.166188e-03 
 1.875000e+04  4.735144e+00 -1.438364e-02  1.399623e-02 -9.225425e-03 
 1.880000e+04  4.834276e+00 -1.447002e-02  1.407703e-02 -9.283857e-03 
 1.885000e+04  4.933408e+00 -1.455550e-02  1.415703e-02 -9.341537e-03 
 1.890000e+04  5.032540e+00 -1.463985e-02  1.423627e-02 -9.398470e-03 
 1.895000e+04  5.133669e+00 -1.472469e-02  1.431619e-02 -9.455741e-03 
 1.900000e+04  5.245476e+00 -1.481747e-02  1.440362e-02 -9.518392e-03 
 1.905000e+04  5.360233e+00 -1.491167e-02  1.449220e-02 -9.581971e-03 
 1.910000e+04  5.474991e+00 -1.500451e-02  1.457924e-02 -9.644617e-03 
 1.915000e+04  5.591699e+00 -1.509779e-02  1.466621e-02 -9.707388e-03 
 1.920000e+04  5.712195e+00 -1.519305e-02  1.475480e-02 -9.771387e-03 
 1.925000e+04  5.832690e+00 -1.528694e-02  1.484233e-02 -9.834598e-03 
 1.930000e+04  5.953185e+00 -1.537936e-02  1.492882e-02 -9.896934e-03 
 1.935000e+04  6.077537e+00 -1.547353e-02  1.501719e-02 -9.960403e-03 
 1.940000e+04  6.204057e+00 -1.556818e-02  1.510624e-02 -1.002422e-02 
 1.945000e+04  6.330577e+00 -1.566149e-02  1.519414e-02 -1.008716e-02 
 1.950000e+04  6.466637e+00 -1.576060e-02  1.528727e-02 -1.015393e-02 
 1.955000e+04  6.611983e+00 -1.586538e-02  1.538535e-02 -1.022445e-02 
 1.960000e+04  6.758446e+00 -1.596961e-02  1.548257e-02 -1.029456e-02 
 1.965000e+04  6.904909e+00 -1.607241e-02  1.557812e-02 -1.036355e-02 
 1.970000e+04  7.056645e+00 -1.617759e-02  1.567577e-02 -1.043403e-02 
 1.975000e+04  7.210431e+00 -1.628284e-02  1.577355e-02 -1.050453e-02 
 1.980000e+04  7.364217e+00 -1.638646e-02  1.587008e-02 -1.057398e-02 
 1.985000e+04  7.526307e+00 -1.649421e-02  1.597051e-02 -1.064620e-02 
 1.990000e+04  7.695856e+00 -1.660565e-02  1.607429e-02 -1.072090e-02 
 1.995000e+04  7.865405e+00 -1.671551e-02  1.617649e-02 -1.079452e-02 
 2.000000e+04  8.040270e+00 -1.682726e-02  1.628002e-02 -1.086915e-02 
 2.005000e+04  8.227198e+00 -1.694541e-02  1.638905e-02 -1.094788e-02 
 2.010000e+04  8.414126e+00 -1.706187e-02  1.649645e-02 -1.102556e-02 
 2.015000e+04  8.601053e+00 -1.717643e-02  1.660226e-02 -1.110207e-02 
 2.020000e+04  8.792841e+00 -1.729218e-02  1.670932e-02 -1.117932e-02 
 2.025000e+04  8.998144e+00 -1.741438e-02  1.682267e-02 -1.126095e-02 
 2.030000e+04  9.204232e+00 -1.753522e-02  1.693497e-02 -1.134168e-02 
 2.035000e+04  9.413618e+00 -1.765613e-02  1.704720e-02 -1.142234e-02 
 2.040000e+04  9.639531e+00 -1.778495e-02  1.716655e-02 -1.150819e-02 
 2.045000e+04  9.866743e+00 -1.791262e-02  1.728460e-02 -1.159330e-02 
 2.050000e+04  1.009396e+01 -1.803826e-02  1.740048e-02 -1.167699e-02 
 2.055000e+04  1.033250e+01 -1.816837e-02  1.752013e-02 -1.176347e-02 
 2.060000e+04  1.058301e+01 -1.830325e-02  1.764411e-02 -1.185301e-02 
 2.065000e+04  1.083351e+01 -1.843587e-02  1.776623e-02 -1.194103e-02 
 2.070000e+04  1.108401e+01 -1.856634e-02  1.788638e-02 -1.202756e-02 
 2.075000e+04  1.134553e+01 -1.870064e-02  1.800997e-02 -1.211664e-02 
 2.080000e+04  1.160856e+01 -1.883369e-02  1.813242e-02 -1.220495e-02 
 2.085000e+04  1.187237e+01 -1.896514e-02  1.825312e-02 -1.229202e-02 
 2.090000e+04  1.216831e+01 -1.911075e-02  1.838629e-02 -1.238818e-02 
 2.095000e+04  1.247280e+01 -1.925853e-02  1.852122e-02 -1.248572e-02 
 2.100000e+04  1.277728e+01 -1.940365e-02  1.865374e-02 -1.258152e-02 
 2.105000e+04  1.308207e+01 -1.954639e-02  1.878393e-02 -1.267563e-02 
 2.110000e+04  1.340178e+01 -1.969381e-02  1.891852e-02 -1.277283e-02 
 2.115000e+04  1.372149e+01 -1.983877e-02  1.905119e-02 -1.286854e-02 
 2.120000e+04  1.404440e+01 -1.998272e-02  1.918299e-02 -1.296353e-02 
 2.125000e+04  1.439554e+01 -2.013702e-02  1.932408e-02 -1.306528e-02 
 2.130000e+04  1.474802e+01 -2.028959e-02  1.946337e-02 -1.316576e-02 
 2.135000e+04  1.510050e+01 -2.043952e-02  1.960011e-02 -1.326432e-02 
 2.140000e+04  1.546919e+01 -2.059387e-02  1.974046e-02 -1.336558e-02 
 2.145000e+04  1.585780e+01 -2.075414e-02  1.988610e-02 -1.347076e-02 
 2.150000e+04  1.624641e+01 -2.091156e-02  2.002932e-02 -1.357417e-02 
 2.155000e+04  1.663502e+01 -2.106619e-02  2.016994e-02 -1.367564e-02 
 2.160000e+04  1.705054e+01 -2.122898e-02  2.031782e-02 -1.378230e-02 
 2.165000e+04  1.747898e+01 -2.139427e-02  2.046791e-02 -1.389052e-02 
 2.170000e+04  1.790743e+01 -2.155671e-02  2.061520e-02 -1.399670e-02 
 2.175000e+04  1.834975e+01 -2.172167e-02  2.076428e-02 -1.410434e-02 
 2.180000e+04  1.882211e+01 -2.189517e-02  2.092073e-02 -1.421750e-02 
 2.185000e+04  1.929447e+01 -2.206562e-02  2.107430e-02 -1.432853e-02 
 2.190000e+04  1.976682e+01 -2.223299e-02  2.122490e-02 -1.443740e-02 
 2.195000e+04  2.025524e+01 -2.240309e-02  2.137786e-02 -1.454800e-02 
 2.200000e+04  2.075122e+01 -2.257284e-02  2.153069e-02 -1.465845e-02 
 2.205000e+04  2.124967e+01 -2.274034e-02  2.168163e-02 -1.476735e-02 
 2.210000e+04  2.179180e+01 -2.291962e-02  2.184296e-02 -1.488375e-02 
 2.215000e+04  2.233861e+01 -2.309744e-02  2.200285e-02 -1.499913e-02 
 2.220000e+04  2.288542e+01 -2.327189e-02  2.215964e-02 -1.511229e-02 
 2.225000e+04  2.344995e+01 -2.344870e-02  2.231828e-02 -1.522685e-02 
 2.230000e+04  2.405281e+01 -2.363441e-02  2.248477e-02 -1.534708e-02 
 2.235000e+04  2.465567e+01 -2.381675e-02  2.264832e-02 -1.546512e-02 
 2.240000e+04  2.525853e+01 -2.399567e-02  2.280863e-02 -1.558074e-02 
 2.245000e+04  2.590357e+01 -2.418366e-02  2.297691e-02 -1.570216e-02 
 2.250000e+04  2.656822e+01 -2.437401e-02  2.314726e-02 -1.582513e-02 
 2.255000e+04  2.723287e+01 -2.456078e-02  2.331424e-02 -1.594561e-02 
 2.260000e+04  2.791298e+01 -2.474837e-02  2.348154e-02 -1.606635e-02 
 2.265000e+04  2.864576e+01 -2.494708e-02  2.365847e-02 -1.619414e-02 
 2.270000e+04  2.937854e+01 -2.514202e-02  2.383189e-02 -1.631942e-02 
 2.275000e+04  3.011133e+01 -2.533304e-02  2.400163e-02 -1.644209e-02 
 2.280000e+04  3.087488e+01 -2.552833e-02  2.417505e-02 -1.656744e-02 
 2.285000e+04  3.164430e+01 -2.572144e-02  2.434653e-02 -1.669132e-02 
 2.290000e+04  3.242142e+01 -2.591266e-02  2.451628e-02 -1.681384e-02 
 2.295000e+04  3.329289e+01 -2.612328e-02  2.470310e-02 -1.694868e-02 
 2.300000e+04  3.418359e+01 -2.633459e-02  2.489044e-02 -1.708394e-02 
 2.305000e+04  3.507429e+01 -2.654139e-02  2.507363e-02 -1.721624e-02 
 2.310000e+04  3.596499e+01 -2.674375e-02  2.525260e-02 -1.734552e-02 
 2.315000e+04  3.686104e+01 -2.694313e-02  2.542878e-02 -1.747286e-02 
 2.320000e+04  3.779627e+01 -2.714714e-02  2.560909e-02 -1.760313e-02 
 2.325000e+04  3.873151e+01 -2.734719e-02  2.578577e-02 -1.773071e-02 
 2.330000e+04  3.970789e+01 -2.755205e-02  2.596659e-02 -1.786126e-02 
 2.335000e+04  4.068989e+01 -2.775410e-02  2.614491e-02 -1.799001e-02 
 2.340000e+04  4.167189e+01 -2.795198e-02  2.631949e-02 -1.811595e-02 
 2.345000e+04  4.274113e+01 -2.816319e-02  2.650568e-02 -1.825027e-02 
 2.350000e+04  4.382379e+01 -2.837296e-02  2.669045e-02 -1.838370e-02 
 2.355000e+04  4.490644e+01 -2.857840e-02  2.687114e-02 -1.851432e-02 
 2.360000e+04  4.600100e+01 -2.878178e-02  2.704969e-02 -1.864347e-02 
 2.365000e+04  4.719121e+01 -2.899872e-02  2.723987e-02 -1.878106e-02 
 2.370000e+04  4.838484e+01 -2.921193e-02  2.742664e-02 -1.891614e-02 
 2.375000e+04  4.957846e+01 -2.942064e-02  2.760926e-02 -1.904821e-02 
 2.380000e+04  5.079834e+01 -2.962939e-02  2.779171e-02 -1.918026e-02 
 2.385000e+04  5.205165e+01 -2.983941e-02  2.797523e-02 -1.931316e-02 
 2.390000e+04  5.330495e+01 -3.004494e-02  2.815488e-02 -1.944327e-02 
 2.395000e+04  5.465263e+01 -3.026139e-02  2.834398e-02 -1.958020e-02 
 2.400000e+04  5.603440e+01 -3.047895e-02  2.853390e-02 -1.971773e-02 
 2.405000e+04  5.741617e+01 -3.069185e-02  2.871962e-02 -1.985226e-02 
 2.410000e+04  5.879932e+01 -3.090015e-02  2.890121e-02 -1.998380e-02 
 2.415000e+04  6.025017e+01 -3.111386e-02  2.908744e-02 -2.011875e-02 
 2.420000e+04  6.170103e+01 -3.132298e-02  2.926966e-02 -2.025083e-02 
 2.425000e+04  6.321573e+01 -3.153664e-02  2.945576e-02 -2.038576e-02 
 2.430000e+04  6.473913e+01 -3.174707e-02  2.963890e-02 -2.051858e-02 
 2.435000e+04  6.626253e+01 -3.195299e-02  2.981801e-02 -2.064853e-02 
 2.440000e+04  6.780421e+01 -3.215678e-02  2.999515e-02 -2.077706e-02 
 2.445000e+04  6.945816e+01 -3.237084e-02  3.018108e-02 -2.091204e-02 
 2.450000e+04  7.113771e+01 -3.258378e-02  3.036599e-02 -2.104637e-02 
 2.455000e+04  7.281726e+01 -3.279211e-02  3.054678e-02 -2.117775e-02 
 2.460000e+04  7.449681e+01 -3.299584e-02  3.072337e-02 -2.130609e-02 
 2.465000e+04  7.620155e+01 -3.319809e-02  3.089844e-02 -2.143345e-02 
 2.470000e+04  7.800740e+01 -3.340782e-02  3.107987e-02 -2.156555e-02 
 2.475000e+04  7.985910e+01 -3.361852e-02  3.126196e-02 -2.169827e-02 
 2.480000e+04  8.171080e+01 -3.382473e-02  3.144003e-02 -2.182815e-02 
 2.485000e+04  8.356250e+01 -3.402637e-02  3.161402e-02 -2.195508e-02 
 2.490000e+04  8.541421e+01 -3.422349e-02  3.178401e-02 -2.207912e-02 
 2.495000e+04  8.728072e+01 -3.441775e-02  3.195155e-02 -2.220141e-02 
 2.500000e+04  8.932028e+01 -3.462567e-02  3.213090e-02 -2.233237e-02 
 2.505000e+04  9.136178e+01 -3.482953e-02  3.230677e-02 -2.246086e-02 
 2.510000e+04  9.340328e+01 -3.502890e-02  3.247883e-02 -2.258658e-02 
 2.515000e+04  9.544478e+01 -3.522376e-02  3.264696e-02 -2.270943e-02 
 2.520000e+04  9.748628e+01 -3.541426e-02  3.281127e-02 -2.282951e-02 
 2.525000e+04  9.952778e+01 -3.560058e-02  3.297192e-02 -2.294699e-02 
 2.530000e+04  1.017381e+02 -3.579822e-02  3.314216e-02 -2.307162e-02 
 2.535000e+04  1.039889e+02 -3.599562e-02  3.331203e-02 -2.319612e-02 
 2.540000e+04  1.062396e+02 -3.618890e-02  3.347826e-02 -2.331803e-02 
 2.545000e+04  1.084904e+02 -3.637796e-02  3.364070e-02 -2.343722e-02 
 2.550000e+04  1.107411e+02 -3.656286e-02  3.379944e-02 -2.355377e-02 
 2.555000e+04  1.129919e+02 -3.674372e-02  3.395466e-02 -2.366780e-02 
 2.560000e+04  1.152426e+02 -3.692084e-02  3.410651e-02 -2.377947e-02 
 2.565000e+04  1.174934e+02 -3.709446e-02  3.425523e-02 -2.388894e-02 
 2.570000e+04  1.197599e+02 -3.726589e-02  3.440197e-02 -2.399707e-02 
 2.575000e+04  1.221232e+02 -3.744131e-02  3.455209e-02 -2.410774e-02 
 2.580000e+04  1.244865e+02 -3.761334e-02  3.469939e-02 -2.421632e-02 
 2.585000e+04  1.268498e+02 -3.778188e-02  3.484380e-02 -2.432277e-02 
 2.590000e+04  1.292131e+02 -3.794699e-02  3.498526e-02 -2.442709e-02 
 2.595000e+04  1.315764e+02 -3.810876e-02  3.512390e-02 -2.452938e-02 
 2.600000e+04  1.339397e+02 -3.826738e-02  3.525987e-02 -2.462975e-02 
 2.605000e+04  1.363030e+02 -3.842307e-02  3.539321e-02 -2.472822e-02 
 2.610000e+04  1.387135e+02 -3.857901e-02  3.552656e-02 -2.482683e-02 
 2.615000e+04  1.411950e+02 -3.873679e-02  3.566138e-02 -2.492663e-02 
 2.620000e+04  1.436764e+02 -3.889177e-02  3.579377e-02 -2.502470e-02 
 2.625000e+04  1.461579e+02 -3.904387e-02  3.592366e-02 -2.512093e-02 
 2.630000e+04  1.486394e+02 -3.919316e-02  3.605113e-02 -2.521540e-02 
 2.635000e+04  1.511431e+02 -3.934102e-02  3.617732e-02 -2.530903e-02 
 2.640000e+04  1.537487e+02 -3.949221e-02  3.630620e-02 -2.540477e-02 
 2.645000e+04  1.564662e+02 -3.964727e-02  3.643819e-02 -2.550299e-02 
 2.650000e+04  1.592021e+02 -3.980072e-02  3.656871e-02 -2.560020e-02 
 2.655000e+04  1.619379e+02 -3.995135e-02  3.669670e-02 -2.569558e-02 
 2.660000e+04  1.646737e+02 -4.009912e-02  3.682217e-02 -2.578913e-02 
 2.665000e+04  1.674095e+02 -4.024399e-02  3.694526e-02 -2.588090e-02 
 2.670000e+04  1.701453e+02 -4.038610e-02  3.706607e-02 -2.597101e-02 
 2.675000e+04  1.728811e+02 -4.052554e-02  3.718476e-02 -2.605955e-02 
 2.680000e+04  1.756169e+02 -4.066253e-02  3.730140e-02 -2.614662e-02 
 2.685000e+04  1.783527e+02 -4.079722e-02  3.741610e-02 -2.623228e-02 
 2.690000e+04  1.810885e+02 -4.092974e-02  3.752886e-02 -2.631656e-02 
 2.695000e+04  1.838243e+02 -4.106006e-02  3.763973e-02 -2.639943e-02 
 2.700000e+04  1.865601e+02 -4.118820e-02  3.774877e-02 -2.648093e-02 
 2.705000e+04  1.893917e+02 -4.131864e-02  3.785976e-02 -2.656390e-02 
 2.710000e+04  1.922643e+02 -4.144881e-02  3.797061e-02 -2.664681e-02 
 2.715000e+04  1.951369e+02 -4.157684e-02  3.807968e-02 -2.672842e-02 
 2.720000e+04  1.980095e+02 -4.170279e-02  3.818691e-02 -2.680871e-02 
 2.725000e+04  2.008821e+02 -4.182671e-02  3.829226e-02 -2.688767e-02 
 2.730000e+04  2.037719e+02 -4.194949e-02  3.839643e-02 -2.696585e-02 
 2.735000e+04  2.067881e+02 -4.207578e-02  3.850339e-02 -2.704623e-02 
 2.740000e+04  2.098044e+02 -4.220020e-02  3.860862e-02 -2.712539e-02 
 2.745000e+04  2.128206e+02 -4.232270e-02  3.871209e-02 -2.720335e-02 
 2.750000e+04  2.158368e+02 -4.244326e-02  3.881386e-02 -2.728012e-02 
 2.755000e+04  2.189616e+02 -4.256615e-02  3.891766e-02 -2.735843e-02 
 2.760000e+04  2.221287e+02 -4.268873e-02  3.902129e-02 -2.743656e-02 
 2.765000e+04  2.253210e+02 -4.281032e-02  3.912419e-02 -2.751410e-02 
 2.770000e+04  2.286464e+02 -4.293500e-02  3.922983e-02 -2.759365e-02 
 2.775000e+04  2.319718e+02 -4.305770e-02  3.933386e-02 -2.767194e-02 
 2.780000e+04  2.352972e+02 -4.317835e-02  3.943625e-02 -2.774899e-02 
 2.785000e+04  2.386725e+02 -4.329876e-02  3.953853e-02 -2.782591e-02 
 2.790000e+04  2.421641e+02 -4.342141e-02  3.964273e-02 -2.790420e-02 
 2.795000e+04  2.456558e+02 -4.354218e-02  3.974516e-02 -2.798098e-02 
 2.800000e+04  2.491475e+02 -4.366103e-02  3.984555e-02 -2.805651e-02 
 2.805000e+04  2.526391e+02 -4.377790e-02  3.994427e-02 -2.813092e-02 
 2.810000e+04  2.561308e+02 -4.389287e-02  4.004162e-02 -2.820426e-02 
 2.815000e+04  2.596224e+02 -4.400620e-02  4.013769e-02 -2.827651e-02 
 2.820000e+04  2.631141e+02 -4.411799e-02  4.023246e-02 -2.834770e-02 
 2.825000e+04  2.667105e+02 -4.423155e-02  4.032876e-02 -2.842001e-02 
 2.830000e+04  2.703768e+02 -4.434578e-02  4.042557e-02 -2.849270e-02 
 2.835000e+04  2.740430e+02 -4.445825e-02  4.052078e-02 -2.856435e-02 
 2.840000e+04  2.777092e+02 -4.456895e-02  4.061441e-02 -2.863501e-02 
 2.845000e+04  2.813755e+02 -4.467801e-02  4.070663e-02 -2.870472e-02 
 2.850000e+04  2.851297e+02 -4.478813e-02  4.079972e-02 -2.877512e-02 
 2.855000e+04  2.889793e+02 -4.489955e-02  4.089386e-02 -2.884629e-02 
 2.860000e+04  2.928288e+02 -4.500941e-02  4.098648e-02 -2.891647e-02 
 2.865000e+04  2.966784e+02 -4.511771e-02  4.107777e-02 -2.898582e-02 
 2.870000e+04  3.005279e+02 -4.522449e-02  4.116793e-02 -2.905440e-02 
 2.875000e+04  3.043775e+02 -4.532979e-02  4.125702e-02 -2.912217e-02 
 2.880000e+04  3.082886e+02 -4.543537e-02  4.134635e-02 -2.919014e-02 
 2.885000e+04  3.123307e+02 -4.554303e-02  4.143752e-02 -2.925950e-02 
 2.890000e+04  3.163727e+02 -4.564919e-02  4.152736e-02 -2.932792e-02 
 2.895000e+04  3.204147e+02 -4.575375e-02  4.161596e-02 -2.939542e-02 
 2.900000e+04  3.246548e+02 -4.586186e-02  4.170771e-02 -2.946538e-02 
 2.905000e+04  3.288990e+02 -4.596861e-02  4.179847e-02 -2.953452e-02 
 2.910000e+04  3.331431e+02 -4.607393e-02  4.188805e-02 -2.960272e-02 
 2.915000e+04  3.373872e+02 -4.617795e-02  4.197650e-02 -2.967005e-02 
 2.920000e+04  3.416314e+02 -4.628066e-02  4.206391e-02 -2.973654e-02 
 2.925000e+04  3.458755e+02 -4.638204e-02  4.215015e-02 -2.980222e-02 
 2.930000e+04  3.502173e+02 -4.648447e-02  4.223722e-02 -2.986865e-02 
 2.935000e+04  3.546736e+02 -4.658848e-02  4.232566e-02 -2.993597e-02 
 2.940000e+04  3.591299e+02 -4.669141e-02  4.241307e-02 -3.000240e-02 
 2.945000e+04  3.635863e+02 -4.679321e-02  4.249926e-02 -3.006801e-02 
 2.950000e+04  3.680426e+02 -4.689385e-02  4.258454e-02 -3.013299e-02 
 2.955000e+04  3.724990e+02 -4.699347e-02  4.266918e-02 -3.019722e-02 
 2.960000e+04  3.770968e+02 -4.709542e-02  4.275580e-02 -3.026272e-02 
 2.965000e+04  3.820099e+02 -4.720355e-02  4.284748e-02 -3.033175e-02 
 2.970000e+04  3.869230e+02 -4.731061e-02  4.293728e-02 -3.039952e-02 
 2.975000e+04  3.918361e+02 -4.741667e-02  4.302543e-02 -3.046628e-02 
 2.980000e+04  3.967493e+02 -4.752151e-02  4.311237e-02 -3.053212e-02 
 2.985000e+04  4.016624e+02 -4.762499e-02  4.319846e-02 -3.059737e-02 
 2.990000e+04  4.065755e+02 -4.772739e-02  4.328368e-02 -3.066207e-02 
 2.995000e+04  4.114886e+02 -4.782887e-02  4.336803e-02 -3.072610e-02 
 3.000000e+04  4.164017e+02 -4.792929e-02  4.345182e-02 -3.078934e-02 
 3.005000e+04  4.213148e+02 -4.802813e-02  4.353485e-02 -3.085155e-02 
 3.010000e+04  4.262280e+02 -4.812549e-02  4.361708e-02 -3.091285e-02 
 3.015000e+04  4.311411e+02 -4.822142e-02  4.369842e-02 -3.097353e-02 
 3.020000e+04  4.360542e+02 -4.831596e-02  4.377862e-02 -3.103368e-02 
 3.025000e+04  4.409673e+02 -4.840945e-02  4.385801e-02 -3.109349e-02 
 3.030000e+04  4.458804e+02 -4.850182e-02  4.393669e-02 -3.115295e-02 
 3.035000e+04  4.507935e+02 -4.859298e-02  4.401445e-02 -3.121139e-02 
 3.040000e+04  4.557067e+02 -4.868308e-02  4.409162e-02 -3.126892e-02 
 3.045000e+04  4.606198e+02 -4.877189e-02  4.416808e-02 -3.132580e-02 
 3.050000e+04  4.655329e+02 -4.885932e-02  4.424397e-02 -3.138188e-02 
 3.055000e+04  4.704460e+02 -4.894586e-02  4.431933e-02 -3.143751e-02 
 3.060000e+04  4.753591e+02 -4.903169e-02  4.439356e-02 -3.149265e-02 
 3.065000e+04  4.802722e+02 -4.911662e-02  4.446699e-02 -3.154703e-02 
 3.070000e+04  4.851854e+02 -4.920105e-02  4.453958e-02 -3.160090e-02 
 3.075000e+04  4.900985e+02 -4.928482e-02  4.461161e-02 -3.165424e-02 
 3.080000e+04  4.950116e+02 -4.936775e-02  4.468299e-02 -3.170707e-02 
 3.085000e+04  4.999247e+02 -4.945007e-02  4.475318e-02 -3.175949e-02 
 3.090000e+04  5.048378e+02 -4.953138e-02  4.482218e-02 -3.181145e-02 
 3.095000e+04  5.097509e+02 -4.961161e-02  4.489056e-02 -3.186279e-02 
 3.100000e+04  5.146641e+02 -4.969095e-02  4.495832e-02 -3.191377e-02 
 3.105000e+04  5.195772e+02 -4.976941e-02  4.502533e-02 -3.196419e-02 
 3.110000e+04  5.244903e+02 -4.984686e-02  4.509164e-02 -3.201381e-02 
 3.115000e+04  5.294034e+02 -4.992362e-02  4.515680e-02 -3.206289e-02 
 3.120000e+04  5.343165e+02 -4.999949e-02  4.522144e-02 -3.211132e-02 
 3.125000e+04  5.392296e+02 -5.007419e-02  4.528544e-02 -3.215916e-02 
 3.130000e+04  5.441428e+02 -5.014805e-02  4.534819e-02 -3.220658e-02 
 3.135000e+04  5.490559e+02 -5.022103e-02  4.541025e-02 -3.225370e-02 
 3.140000e+04  5.539690e+02 -5.029303e-02  4.547185e-02 -3.230027e-02 
 3.145000e+04  5.588821e+02 -5.036446e-02  4.553319e-02 -3.234644e-02 
 3.150000e+04  5.637952e+02 -5.043528e-02  4.559422e-02 -3.239217e-02 
 3.155000e+04  5.687083e+02 -5.050551e-02  4.565471e-02 -3.243733e-02 
 3.160000e+04  5.736215e+02 -5.057529e-02  4.571440e-02 -3.248212e-02 
 3.165000e+04  5.785346e+02 -5.064449e-02  4.577340e-02 -3.252653e-02 
 3.170000e+04  5.834477e+02 -5.071308e-02  4.583181e-02 -3.257065e-02 
 3.175000e+04  5.883608e+02 -5.078137e-02  4.588947e-02 -3.261460e-02 
 3.180000e+04  5.932739e+02 -5.084908e-02  4.594651e-02 -3.265803e-02 
 3.185000e+04  5.981870e+02 -5.091611e-02  4.600298e-02 -3.270089e-02 
 3.190000e+04  6.031002e+02 -5.098271e-02  4.605884e-02 -3.274342e-02 
 3.195000e+04  6.080133e+02 -5.104875e-02  4.611427e-02 -3.278557e-02 
 3.200000e+04  6.129264e+02 -5.111414e-02  4.616947e-02 -3.282741e-02 
 3.205000e+04  6.178395e+02 -5.117909e-02  4.622415e-02 -3.286897e-02 
 3.210000e+04  6.227526e+02 -5.124341e-02  4.627816e-02 -3.291026e-02 
 3.215000e+04  6.276657e+02 -5.130720e-02  4.633185e-02 -3.295130e-02 
 3.220000e+04  6.325789e+02 -5.137056e-02  4.638531e-02 -3.299210e-02 
 3.225000e+04  6.374920e+02 -5.143328e-02  4.643877e-02 -3.303253e-02 
 3.230000e+04  6.424051e+02 -5.149548e-02  4.649197e-02 -3.307268e-02 
 3.235000e+04  6.473182e+02 -5.155714e-02  4.654496e-02 -3.311256e-02 
 3.240000e+04  6.522313e+02 -5.161814e-02  4.659763e-02 -3.315202e-02 
 3.245000e+04  6.571444e+02 -5.167876e-02  4.664982e-02 -3.319114e-02 
 3.250000e+04  6.620576e+02 -5.173873e-02  4.670152e-02 -3.322996e-02 
 3.255000e+04  6.669707e+02 -5.179787e-02  4.675276e-02 -3.326840e-02 
 3.260000e+04  6.718838e+02 -5.185647e-02  4.680359e-02 -3.330645e-02 
 3.265000e+04  6.767969e+02 -5.191479e-02  4.685392e-02 -3.334415e-02 
 3.270000e+04  6.817100e+02 -5.197263e-02  4.690379e-02 -3.338153e-02 
 3.275000e+04  6.866231e+02 -5.203005e-02  4.695315e-02 -3.341855e-02 
 3.280000e+04  6.915363e+02 -5.208718e-02  4.700213e-02 -3.345538e-02 
 3.285000e+04  6.964494e+02 -5.214392e-02  4.705072e-02 -3.349192e-02 
 3.290000e+04  7.013625e+02 -5.220033e-02  4.709895e-02 -3.352823e-02 
 3.295000e+04  7.062756e+02 -5.225639e-02  4.714673e-02 -3.356437e-02 
 3.300000e+04  7.111887e+02 -5.231204e-02  4.719417e-02 -3.360028e-02 
 3.305000e+04  7.161018e+02 -5.236744e-02  4.724127e-02 -3.363596e-02 
 3.310000e+04  7.210149e+02 -5.242254e-02  4.728799e-02 -3.367138e-02 
 3.315000e+04  7.259281e+02 -5.247722e-02  4.733438e-02 -3.370646e-02 
 3.320000e+04  7.308412e+02 -5.253150e-02  4.738043e-02 -3.374122e-02 
 3.325000e+04  7.357543e+02 -5.258528e-02  4.742615e-02 -3.377568e-02 
 3.330000e+04  7.406674e+02 -5.263845e-02  4.747153e-02 -3.380998e-02 
 3.335000e+04  7.455805e+02 -5.269118e-02  4.751650e-02 -3.384413e-02 
 3.340000e+04  7.504936e+02 -5.274352e-02  4.756101e-02 -3.387810e-02 
 3.345000e+04  7.554068e+02 -5.279531e-02  4.760523e-02 -3.391177e-02 
 3.350000e+04  7.603199e+02 -5.284668e-02  4.764925e-02 -3.394509e-02 
 3.355000e+04  7.652330e+02 -5.289771e-02  4.769314e-02 -3.397812e-02 
 3.360000e+04  7.701461e+02 -5.294835e-02  4.773680e-02 -3.401089e-02 
 3.365000e+04  7.750592e+02 -5.299869e-02  4.778025e-02 -3.404347e-02 
 3.370000e+04  7.799723e+02 -5.304862e-02  4.782334e-02 -3.407592e-02 
 3.375000e+04  7.848855e+02 -5.309807e-02  4.786619e-02 -3.410819e-02 
 3.380000e+04  7.897986e+02 -5.314724e-02  4.790884e-02 -3.414036e-02 
 3.385000e+04  7.947117e+02 -5.319610e-02  4.795107e-02 -3.417229e-02 
 3.390000e+04  7.996248e+02 -5.324459e-02  4.799300e-02 -3.420399e-02 
 3.395000e+04  8.045379e+02 -5.329295e-02  4.803441e-02 -3.423541e-02 
 3.400000e+04  8.094510e+02 -5.334110e-02  4.807543e-02 -3.426658e-02 
 3.405000e+04  8.143642e+02 -5.338896e-02  4.811608e-02 -3.429749e-02 
 3.410000e+04  8.192773e+02 -5.343656e-02  4.815625e-02 -3.432813e-02 
 3.415000e+04  8.242985e+02 -5.348484e-02  4.819691e-02 -3.435926e-02 
 3.420000e+04  8.294573e+02 -5.353403e-02  4.823843e-02 -3.439101e-02 
 3.425000e+04  8.346160e+02 -5.358263e-02  4.827964e-02 -3.442228e-02 
 3.430000e+04  8.397748e+02 -5.363075e-02  4.832037e-02 -3.445316e-02 
 3.435000e+04  8.449387e+02 -5.367862e-02  4.836069e-02 -3.448382e-02 
 3.440000e+04  8.503554e+02 -5.372862e-02  4.840273e-02 -3.451611e-02 
 3.445000e+04  8.557722e+02 -5.377811e-02  4.844471e-02 -3.454854e-02 
 3.450000e+04  8.611889e+02 -5.382726e-02  4.848664e-02 -3.458085e-02 
 3.455000e+04  8.666652e+02 -5.387663e-02  4.852901e-02 -3.461330e-02 
 3.460000e+04  8.723527e+02 -5.392768e-02  4.857268e-02 -3.464677e-02 
 3.465000e+04  8.780403e+02 -5.397819e-02  4.861601e-02 -3.467949e-02 
 3.470000e+04  8.837278e+02 -5.402804e-02  4.865889e-02 -3.471173e-02 
 3.475000e+04  8.894153e+02 -5.407749e-02  4.870137e-02 -3.474346e-02 
 3.480000e+04  8.951029e+02 -5.412622e-02  4.874338e-02 -3.477512e-02 
 3.485000e+04  9.007904e+02 -5.417424e-02  4.878521e-02 -3.480677e-02 
 3.490000e+04  9.064780e+02 -5.422179e-02  4.882664e-02 -3.483814e-02 
 3.495000e+04  9.124385e+02 -5.427158e-02  4.886963e-02 -3.487104e-02 
 3.500000e+04  9.184105e+02 -5.432124e-02  4.891234e-02 -3.490365e-02 
 3.505000e+04  9.243824e+02 -5.437048e-02  4.895462e-02 -3.493575e-02 
 3.510000e+04  9.303543e+02 -5.441936e-02  4.899650e-02 -3.496753e-02 
 3.515000e+04  9.363262e+02 -5.446810e-02  4.903799e-02 -3.499919e-02 
 3.520000e+04  9.422982e+02 -5.451645e-02  4.907934e-02 -3.503084e-02 
 3.525000e+04  9.482701e+02 -5.456448e-02  4.912060e-02 -3.506224e-02 
 3.530000e+04  9.542420e+02 -5.461212e-02  4.916165e-02 -3.509345e-02 
 3.535000e+04  9.602139e+02 -5.465939e-02  4.920243e-02 -3.512427e-02 
 3.540000e+04  9.661858e+02 -5.470608e-02  4.924312e-02 -3.515503e-02 
 3.545000e+04  9.721578e+02 -5.475248e-02  4.928345e-02 -3.518584e-02 
 3.550000e+04  9.781297e+02 -5.479885e-02  4.932308e-02 -3.521658e-02 
 3.555000e+04  9.843524e+02 -5.484735e-02  4.936372e-02 -3.524845e-02 
 3.560000e+04  9.906230e+02 -5.489638e-02  4.940416e-02 -3.528041e-02 
 3.565000e+04  9.968935e+02 -5.494506e-02  4.944382e-02 -3.531176e-02 
 3.570000e+04  1.003164e+03 -5.499332e-02  4.948309e-02 -3.534255e-02 
 3.575000e+04  1.009435e+03 -5.504103e-02  4.952218e-02 -3.537322e-02 
 3.580000e+04  1.015705e+03 -5.508811e-02  4.956136e-02 -3.540401e-02 
 3.585000e+04  1.021976e+03 -5.513503e-02  4.960045e-02 -3.543486e-02 
 3.590000e+04  1.028246e+03 -5.518181e-02  4.963929e-02 -3.546570e-02 
 3.595000e+04  1.034517e+03 -5.522837e-02  4.967811e-02 -3.549596e-02 
 3.600000e+04  1.040787e+03 -5.527445e-02  4.971683e-02 -3.552594e-02 
 3.605000e+04  1.047058e+03 -5.531983e-02  4.975549e-02 -3.555551e-02 
 3.610000e+04  1.053466e+03 -5.536566e-02  4.979490e-02 -3.558591e-02 
 3.615000e+04  1.060050e+03 -5.541234e-02  4.983494e-02 -3.561728e-02 
 3.620000e+04  1.066634e+03 -5.545885e-02  4.987405e-02 -3.564827e-02 
 3.625000e+04  1.073218e+03 -5.550532e-02  4.991220e-02 -3.567900e-02 
 3.630000e+04  1.079802e+03 -5.555162e-02  4.994967e-02 -3.570906e-02 
 3.635000e+04  1.086551e+03 -5.559866e-02  4.998787e-02 -3.573953e-02 
 3.640000e+04  1.093464e+03 -5.564643e-02  5.002711e-02 -3.577060e-02 
 3.645000e+04  1.100377e+03 -5.569364e-02  5.006652e-02 -3.580148e-02 
 3.650000e+04  1.107291e+03 -5.574042e-02  5.010601e-02 -3.583231e-02 
 3.655000e+04  1.114204e+03 -5.578716e-02  5.014522e-02 -3.586274e-02 
 3.660000e+04  1.121117e+03 -5.583363e-02  5.018410e-02 -3.589258e-02 
 3.665000e+04  1.128030e+03 -5.587916e-02  5.022249e-02 -3.592214e-02 
 3.670000e+04  1.134944e+03 -5.592382e-02  5.026090e-02 -3.595156e-02 
 3.675000e+04  1.141857e+03 -5.596798e-02  5.029936e-02 -3.598162e-02 
 3.680000e+04  1.148770e+03 -5.601178e-02  5.033779e-02 -3.601219e-02 
 3.685000e+04  1.155683e+03 -5.605569e-02  5.037581e-02 -3.604246e-02 
 3.690000e+04  1.162597e+03 -5.610010e-02  5.041342e-02 -3.607201e-02 
 3.695000e+04  1.169510e+03 -5.614511e-02  5.045058e-02 -3.610052e-02 
 3.700000e+04  1.176423e+03 -5.619005e-02  5.048746e-02 -3.612849e-02 
 3.705000e+04  1.183336e+03 -5.623386e-02  5.052412e-02 -3.615592e-02 
 3.710000e+04  1.190250e+03 -5.627669e-02  5.056089e-02 -3.618320e-02 
 3.715000e+04  1.197163e+03 -5.631900e-02  5.059785e-02 -3.621053e-02 
 3.720000e+04  1.204076e+03 -5.636114e-02  5.063469e-02 -3.623794e-02 
 3.725000e+04  1.210989e+03 -5.640310e-02  5.067116e-02 -3.626491e-02 
 3.730000e+04  1.217903e+03 -5.644472e-02  5.070731e-02 -3.629164e-02 
 3.735000e+04  1.224816e+03 -5.648574e-02  5.074356e-02 -3.631809e-02 
 3.740000e+04  1.231729e+03 -5.652613e-02  5.078007e-02 -3.634484e-02 
 3.745000e+04  1.238642e+03 -5.656604e-02  5.081706e-02 -3.637227e-02 
 3.750000e+04  1.245556e+03 -5.660594e-02  5.085457e-02 -3.640005e-02 
 3.755000e+04  1.252469e+03 -5.664624e-02  5.089238e-02 -3.642801e-02 
 3.760000e+04  1.259382e+03 -5.668732e-02  5.093024e-02 -3.645589e-02 
 3.765000e+04  1.266295e+03 -5.672917e-02  5.096813e-02 -3.648327e-02 
 3.770000e+04  1.273209e+03 -5.677096e-02  5.100592e-02 -3.650978e-02 
 3.775000e+04  1.280122e+03 -5.681210e-02  5.104343e-02 -3.653546e-02 
 3.780000e+04  1.287035e+03 -5.685219e-02  5.108039e-02 -3.656084e-02 
 3.785000e+04  1.293948e+03 -5.689165e-02  5.111663e-02 -3.658627e-02 
 3.790000e+04  1.300862e+03 -5.693083e-02  5.115177e-02 -3.661182e-02 
 3.795000e+04  1.307775e+03 -5.697011e-02  5.118609e-02 -3.663729e-02 
 3.800000e+04  1.314688e+03 -5.700904e-02  5.121998e-02 -3.666249e-02 
 3.805000e+04  1.321601e+03 -5.704745e-02  5.125381e-02 -3.668774e-02 
 3.810000e+04  1.328515e+03 -5.708547e-02  5.128787e-02 -3.671288e-02 
 3.815000e+04  1.335483e+03 -5.712366e-02  5.132242e-02 -3.673811e-02 
 3.820000e+04  1.342742e+03 -5.716355e-02  5.135833e-02 -3.676420e-02 
 3.825000e+04  1.350001e+03 -5.720373e-02  5.139415e-02 -3.678992e-02 
 3.830000e+04  1.357260e+03 -5.724383e-02  5.142975e-02 -3.681524e-02 
 3.835000e+04  1.364519e+03 -5.728323e-02  5.146525e-02 -3.684020e-02 
 3.840000e+04  1.371778e+03 -5.732152e-02  5.150038e-02 -3.686464e-02 
 3.845000e+04  1.379037e+03 -5.735884e-02  5.153528e-02 -3.688897e-02 
 3.850000e+04  1.386296e+03 -5.739573e-02  5.156981e-02 -3.691368e-02 
 3.855000e+04  1.393554e+03 -5.743257e-02  5.160387e-02 -3.693860e-02 
 3.860000e+04  1.400813e+03 -5.746986e-02  5.163713e-02 -3.696415e-02 
 3.865000e+04  1.408072e+03 -5.750771e-02  5.166956e-02 -3.698976e-02 
 3.870000e+04  1.415331e+03 -5.754584e-02  5.170169e-02 -3.701488e-02 
 3.875000e+04  1.422880e+03 -5.758551e-02  5.173530e-02 -3.703987e-02 
 3.880000e+04  1.430502e+03 -5.762486e-02  5.176969e-02 -3.706418e-02 
 3.885000e+04  1.438124e+03 -5.766323e-02  5.180454e-02 -3.708795e-02 
 3.890000e+04  1.445746e+03 -5.770096e-02  5.183949e-02 -3.711189e-02 
 3.895000e+04  1.453368e+03 -5.773837e-02  5.187398e-02 -3.713631e-02 
 3.900000e+04  1.460990e+03 -5.777591e-02  5.190749e-02 -3.716119e-02 
 3.905000e+04  1.468612e+03 -5.781365e-02  5.194012e-02 -3.718666e-02 
 3.910000e+04  1.476233e+03 -5.785147e-02  5.197217e-02 -3.721232e-02 
 3.915000e+04  1.483855e+03 -5.788931e-02  5.200417e-02 -3.723722e-02 
 3.920000e+04  1.491805e+03 -5.792861e-02  5.203802e-02 -3.726240e-02 
 3.925000e+04  1.499808e+03 -5.796760e-02  5.207277e-02 -3.728680e-02 
 3.930000e+04  1.507811e+03 -5.800558e-02  5.210809e-02 -3.731068e-02 
 3.935000e+04  1.515814e+03 -5.804262e-02  5.214373e-02 -3.733487e-02 
 3.940000e+04  1.523817e+03 -5.807909e-02  5.217936e-02 -3.735964e-02 
 3.945000e+04  1.531820e+03 -5.811537e-02  5.221455e-02 -3.738479e-02 
 3.950000e+04  1.539823e+03 -5.815191e-02  5.224904e-02 -3.741010e-02 
 3.955000e+04  1.547826e+03 -5.818897e-02  5.228279e-02 -3.743561e-02 
 3.960000e+04  1.555829e+03 -5.822670e-02  5.231608e-02 -3.746076e-02 
 3.965000e+04  1.563831e+03 -5.826507e-02  5.234920e-02 -3.748544e-02 
 3.970000e+04  1.571834e+03 -5.830335e-02  5.238223e-02 -3.750949e-02 
 3.975000e+04  1.579837e+03 -5.834099e-02  5.241497e-02 -3.753286e-02 
 3.980000e+04  1.588472e+03 -5.838082e-02  5.244981e-02 -3.755803e-02 
 3.985000e+04  1.597295e+03 -5.842111e-02  5.248479e-02 -3.758350e-02 
 3.990000e+04  1.606118e+03 -5.846115e-02  5.251859e-02 -3.760860e-02 
 3.995000e+04  1.614941e+03 -5.850108e-02  5.255099e-02 -3.763382e-02 
 4.000000e+04  1.623765e+03 -5.854093e-02  5.258251e-02 -3.765896e-02 
 4.005000e+04  1.632588e+03 -5.858063e-02  5.261363e-02 -3.768418e-02 
 4.010000e+04  1.641411e+03 -5.861998e-02  5.264492e-02 -3.770966e-02 
 4.015000e+04  1.650234e+03 -5.865919e-02  5.267677e-02 -3.773517e-02 
 4.020000e+04  1.659058e+03 -5.869839e-02  5.270931e-02 -3.776073e-02 
 4.025000e+04  1.667881e+03 -5.873764e-02  5.274264e-02 -3.778623e-02 
 4.030000e+04  1.676704e+03 -5.877699e-02  5.277647e-02 -3.781136e-02 
 4.035000e+04  1.685527e+03 -5.881631e-02  5.281042e-02 -3.783648e-02 
 4.040000e+04  1.694351e+03 -5.885576e-02  5.284423e-02 -3.786166e-02 
 4.045000e+04  1.703174e+03 -5.889527e-02  5.287755e-02 -3.788663e-02 
 4.050000e+04  1.711997e+03 -5.893484e-02  5.291046e-02 -3.791130e-02 
 4.055000e+04  1.720821e+03 -5.897441e-02  5.294255e-02 -3.793573e-02 
 4.060000e+04  1.729644e+03 -5.901385e-02  5.297390e-02 -3.796004e-02 
 4.065000e+04  1.738467e+03 -5.905317e-02  5.300453e-02 -3.798434e-02 
 4.070000e+04  1.747290e+03 -5.909245e-02  5.303477e-02 -3.800841e-02 
 4.075000e+04  1.756114e+03 -5.913191e-02  5.306492e-02 -3.803273e-02 
 4.080000e+04  1.764937e+03 -5.917164e-02  5.309513e-02 -3.805680e-02 
 4.085000e+04  1.773760e+03 -5.921168e-02  5.312543e-02 -3.808040e-02 
 4.090000e+04  1.782583e+03 -5.925189e-02  5.315581e-02 -3.810367e-02 
 4.095000e+04  1.791407e+03 -5.929198e-02  5.318633e-02 -3.812701e-02 
 4.100000e+04  1.800230e+03 -5.933169e-02  5.321704e-02 -3.815037e-02 
 4.105000e+04  1.809141e+03 -5.937129e-02  5.324833e-02 -3.817377e-02 
 4.110000e+04  1.818406e+03 -5.941213e-02  5.328112e-02 -3.819802e-02 
 4.115000e+04  1.827670e+03 -5.945280e-02  5.331414e-02 -3.822201e-02 
 4.120000e+04  1.836934e+03 -5.949303e-02  5.334705e-02 -3.824561e-02 
 4.125000e+04  1.846199e+03 -5.953270e-02  5.337946e-02 -3.826895e-02 
 4.130000e+04  1.855463e+03 -5.957169e-02  5.341154e-02 -3.829196e-02 
 4.135000e+04  1.864728e+03 -5.961010e-02  5.344330e-02 -3.831459e-02 
 4.140000e+04  1.873992e+03 -5.964797e-02  5.347493e-02 -3.833715e-02 
 4.145000e+04  1.883257e+03 -5.968557e-02  5.350657e-02 -3.835974e-02 
 4.150000e+04  1.892521e+03 -5.972294e-02  5.353854e-02 -3.838233e-02 
 4.155000e+04  1.901785e+03 -5.976022e-02  5.357072e-02 -3.840498e-02 
 4.160000e+04  1.911050e+03 -5.979762e-02  5.360290e-02 -3.842781e-02 
 4.165000e+04  1.920314e+03 -5.983545e-02  5.363504e-02 -3.845078e-02 
 4.170000e+04  1.929579e+03 -5.987380e-02  5.366702e-02 -3.847360e-02 
 4.175000e+04  1.938843e+03 -5.991254e-02  5.369867e-02 -3.849609e-02 
 4.180000e+04  1.948107e+03 -5.995089e-02  5.372996e-02 -3.851834e-02 
 4.185000e+04  1.957372e+03 -5.998829e-02  5.376092e-02 -3.854058e-02 
 4.190000e+04  1.967215e+03 -6.002696e-02  5.379351e-02 -3.856390e-02 
 4.195000e+04  1.977429e+03 -6.006634e-02  5.382706e-02 -3.858770e-02 
 4.200000e+04  1.987643e+03 -6.010535e-02  5.385978e-02 -3.861075e-02 
 4.205000e+04  1.997857e+03 -6.014383e-02  5.389151e-02 -3.863359e-02 
 4.210000e+04  2.008071e+03 -6.018173e-02  5.392226e-02 -3.865624e-02 
 4.215000e+04  2.018285e+03 -6.021929e-02  5.395259e-02 -3.867890e-02 
 4.220000e+04  2.028499e+03 -6.025687e-02  5.398300e-02 -3.870194e-02 
 4.225000e+04  2.038713e+03 -6.029455e-02  5.401388e-02 -3.872535e-02 
 4.230000e+04  2.048927e+03 -6.033198e-02  5.404566e-02 -3.874892e-02 
 4.235000e+04  2.059141e+03 -6.036908e-02  5.407832e-02 -3.877174e-02 
 4.240000e+04  2.069355e+03 -6.040558e-02  5.411182e-02 -3.879370e-02 
 4.245000e+04  2.079569e+03 -6.044139e-02  5.414561e-02 -3.881524e-02 
 4.250000e+04  2.089784e+03 -6.047662e-02  5.417921e-02 -3.883684e-02 
 4.255000e+04  2.099998e+03 -6.051173e-02  5.421224e-02 -3.885905e-02 
 4.260000e+04  2.110212e+03 -6.054697e-02  5.424478e-02 -3.888178e-02 
 4.265000e+04  2.120426e+03 -6.058255e-02  5.427659e-02 -3.890452e-02 
 4.270000e+04  2.130640e+03 -6.061868e-02  5.430796e-02 -3.892689e-02 
 4.275000e+04  2.140854e+03 -6.065507e-02  5.433872e-02 -3.894878e-02 
 4.280000e+04  2.151068e+03 -6.069121e-02  5.436914e-02 -3.897027e-02 
 4.285000e+04  2.161282e+03 -6.072693e-02  5.439936e-02 -3.899163e-02 
 4.290000e+04  2.171496e+03 -6.076238e-02  5.442952e-02 -3.901292e-02 
 4.295000e+04  2.181710e+03 -6.079773e-02  5.445970e-02 -3.903443e-02 
 4.300000e+04  2.191924e+03 -6.083296e-02  5.448968e-02 -3.905603e-02 
 4.305000e+04  2.202138e+03 -6.086798e-02  5.451941e-02 -3.907752e-02 
 4.310000e+04  2.212352e+03 -6.090297e-02  5.454885e-02 -3.909930e-02 
 4.315000e+04  2.222566e+03 -6.093817e-02  5.457818e-02 -3.912092e-02 
 4.320000e+04  2.232780e+03 -6.097378e-02  5.460754e-02 -3.914268e-02 
 4.325000e+04  2.242994e+03 -6.100982e-02  5.463706e-02 -3.916415e-02 
 4.330000e+04  2.253208e+03 -6.104610e-02  5.466658e-02 -3.918547e-02 
 4.335000e+04  2.263728e+03 -6.108278e-02  5.469704e-02 -3.920716e-02 
 4.340000e+04  2.274453e+03 -6.111869e-02  5.472784e-02 -3.922911e-02 
 4.345000e+04  2.285178e+03 -6.115350e-02  5.475822e-02 -3.925094e-02 
 4.350000e+04  2.295902e+03 -6.118808e-02  5.478804e-02 -3.927273e-02 
 4.355000e+04  2.306627e+03 -6.122293e-02  5.481739e-02 -3.929414e-02 
 4.360000e+04  2.317352e+03 -6.125812e-02  5.484648e-02 -3.931530e-02 
 4.365000e+04  2.328077e+03 -6.129347e-02  5.487556e-02 -3.933621e-02 
 4.370000e+04  2.338801e+03 -6.132867e-02  5.490470e-02 -3.935722e-02 
 4.375000e+04  2.349526e+03 -6.136357e-02  5.493391e-02 -3.937871e-02 
 4.380000e+04  2.360251e+03 -6.139805e-02  5.496337e-02 -3.940015e-02 
 4.385000e+04  2.370975e+03 -6.143221e-02  5.499283e-02 -3.942121e-02 
 4.390000e+04  2.381700e+03 -6.146621e-02  5.502214e-02 -3.944219e-02 
 4.395000e+04  2.392425e+03 -6.150030e-02  5.505084e-02 -3.946300e-02 
 4.400000e+04  2.403171e+03 -6.153458e-02  5.507881e-02 -3.948376e-02 
 4.405000e+04  2.414432e+03 -6.157032e-02  5.510763e-02 -3.950567e-02 
 4.410000e+04  2.425693e+03 -6.160601e-02  5.513634e-02 -3.952734e-02 
 4.415000e+04  2.436954e+03 -6.164132e-02  5.516515e-02 -3.954869e-02 
 4.420000e+04  2.448215e+03 -6.167625e-02  5.519399e-02 -3.956961e-02 
 4.425000e+04  2.459476e+03 -6.171098e-02  5.522257e-02 -3.958984e-02 
 4.430000e+04  2.470737e+03 -6.174560e-02  5.525054e-02 -3.961015e-02 
 4.435000e+04  2.481998e+03 -6.177985e-02  5.527820e-02 -3.963060e-02 
 4.440000e+04  2.493259e+03 -6.181345e-02  5.530603e-02 -3.965177e-02 
 4.445000e+04  2.504520e+03 -6.184690e-02  5.533440e-02 -3.967337e-02 
 4.450000e+04  2.515780e+03 -6.188063e-02  5.536343e-02 -3.969503e-02 
 4.455000e+04  2.527041e+03 -6.191516e-02  5.539290e-02 -3.971618e-02 
 4.460000e+04  2.538302e+03 -6.194988e-02  5.542221e-02 -3.973654e-02 
 4.465000e+04  2.549563e+03 -6.198362e-02  5.545084e-02 -3.975604e-02 
 4.470000e+04  2.561087e+03 -6.201653e-02  5.547969e-02 -3.977607e-02 
 4.475000e+04  2.572661e+03 -6.204856e-02  5.550839e-02 -3.979680e-02 
 4.480000e+04  2.584235e+03 -6.208063e-02  5.553688e-02 -3.981874e-02 
 4.485000e+04  2.595810e+03 -6.211356e-02  5.556501e-02 -3.984094e-02 
 4.490000e+04  2.607384e+03 -6.214746e-02  5.559291e-02 -3.986220e-02 
 4.495000e+04  2.618958e+03 -6.218157e-02  5.561991e-02 -3.988151e-02 
 4.500000e+04  2.630532e+03 -6.221531e-02  5.564634e-02 -3.990016e-02 
 4.505000e+04  2.642106e+03 -6.224752e-02  5.567266e-02 -3.991917e-02 
 4.510000e+04  2.653680e+03 -6.227853e-02  5.569940e-02 -3.993948e-02 
 4.515000e+04  2.665254e+03 -6.230975e-02  5.572707e-02 -3.996065e-02 
 4.520000e+04  2.676828e+03 -6.234173e-02  5.575553e-02 -3.998184e-02 
 4.525000e+04  2.688402e+03 -6.237465e-02  5.578406e-02 -4.000266e-02 
 4.530000e+04  2.699976e+03 -6.240858e-02  5.581181e-02 -4.002255e-02 
 4.535000e+04  2.711550e+03 -6.244246e-02  5.583857e-02 -4.004217e-02 
 4.540000e+04  2.723124e+03 -6.247510e-02  5.586477e-02 -4.006162e-02 
 4.545000e+04  2.734698e+03 -6.250623e-02  5.589107e-02 -4.008133e-02 
 4.550000e+04  2.746273e+03 -6.253662e-02  5.591782e-02 -4.010161e-02 
 4.555000e+04  2.757847e+03 -6.256775e-02  5.594531e-02 -4.012205e-02 
 4.560000e+04  2.769421e+03 -6.260040e-02  5.597326e-02 -4.014243e-02 
 4.565000e+04  2.780995e+03 -6.263376e-02  5.600100e-02 -4.016239e-02 
 4.570000e+04  2.792569e+03 -6.266631e-02  5.602834e-02 -4.018140e-02 
 4.575000e+04  2.804143e+03 -6.269761e-02  5.605512e-02 -4.020012e-02 
 4.580000e+04  2.815717e+03 -6.272780e-02  5.608198e-02 -4.021963e-02 
 4.585000e+04  2.827291e+03 -6.275794e-02  5.610919e-02 -4.023924e-02 
 4.590000e+04  2.838865e+03 -6.278865e-02  5.613671e-02 -4.025915e-02 
 4.595000e+04  2.850439e+03 -6.282040e-02  5.616447e-02 -4.027919e-02 
 4.600000e+04  2.862013e+03 -6.285327e-02  5.619214e-02 -4.029901e-02 
 4.605000e+04  2.873587e+03 -6.288599e-02  5.621936e-02 -4.031876e-02 
 4.610000e+04  2.885161e+03 -6.291767e-02  5.624626e-02 -4.033834e-02 
 4.615000e+04  2.896735e+03 -6.294770e-02  5.627262e-02 -4.035753e-02 
 4.620000e+04  2.908310e+03 -6.297660e-02  5.629857e-02 -4.037608e-02 
 4.625000e+04  2.919884e+03 -6.300575e-02  5.632408e-02 -4.039416e-02 
 4.630000e+04  2.931458e+03 -6.303556e-02  5.634934e-02 -4.041254e-02 
 4.635000e+04  2.943032e+03 -6.306587e-02  5.637458e-02 -4.043145e-02 
 4.640000e+04  2.954606e+03 -6.309584e-02  5.640002e-02 -4.045090e-02 
 4.645000e+04  2.966180e+03 -6.312594e-02  5.642587e-02 -4.047100e-02 
 4.650000e+04  2.977754e+03 -6.315620e-02  5.645197e-02 -4.049083e-02 
 4.655000e+04  2.989328e+03 -6.318626e-02  5.647785e-02 -4.050926e-02 
 4.660000e+04  3.000902e+03 -6.321573e-02  5.650320e-02 -4.052673e-02 
 4.665000e+04  3.012476e+03 -6.324524e-02  5.652816e-02 -4.054412e-02 
 4.670000e+04  3.024050e+03 -6.327422e-02  5.655315e-02 -4.056235e-02 
 4.675000e+04  3.035624e+03 -6.330238e-02  5.657842e-02 -4.058148e-02 
 4.680000e+04  3.047198e+03 -6.333035e-02  5.660415e-02 -4.060153e-02 
 4.685000e+04  3.058773e+03 -6.335863e-02  5.662979e-02 -4.062110e-02 
 4.690000e+04  3.070347e+03 -6.338716e-02  5.665435e-02 -4.063906e-02 
 4.695000e+04  3.081921e+03 -6.341620e-02  5.667748e-02 -4.065560e-02 
 4.700000e+04  3.093495e+03 -6.344545e-02  5.669968e-02 -4.067166e-02 
 4.705000e+04  3.105069e+03 -6.347290e-02  5.672186e-02 -4.068850e-02 
 4.710000e+04  3.116643e+03 -6.349876e-02  5.674472e-02 -4.070673e-02 
 4.715000e+04  3.128217e+03 -6.352430e-02  5.676851e-02 -4.072633e-02 
 4.720000e+04  3.139791e+03 -6.355032e-02  5.679315e-02 -4.074639e-02 
 4.725000e+04  3.151365e+03 -6.357717e-02  5.681792e-02 -4.076538e-02 
 4.730000e+04  3.162939e+03 -6.360522e-02  5.684224e-02 -4.078281e-02 
 4.735000e+04  3.174513e+03 -6.363437e-02  5.686585e-02 -4.079948e-02 
 4.740000e+04  3.186087e+03 -6.366377e-02  5.688944e-02 -4.081634e-02 
 4.745000e+04  3.197661e+03 -6.369169e-02  5.691338e-02 -4.083426e-02 
 4.750000e+04  3.209235e+03 -6.371747e-02  5.693758e-02 -4.085304e-02 
 4.755000e+04  3.220810e+03 -6.374195e-02  5.696142e-02 -4.087218e-02 
 4.760000e+04  3.232384e+03 -6.376653e-02  5.698400e-02 -4.089081e-02 
 4.765000e+04  3.243958e+03 -6.379187e-02  5.700556e-02 -4.090857e-02 
 4.770000e+04  3.255532e+03 -6.381835e-02  5.702663e-02 -4.092572e-02 
 4.775000e+04  3.267106e+03 -6.384566e-02  5.704782e-02 -4.094297e-02 
 4.780000e+04  3.278680e+03 -6.387318e-02  5.706960e-02 -4.096090e-02 
 4.785000e+04  3.290254e+03 -6.390007e-02  5.709216e-02 -4.097860e-02 
 4.790000e+04  3.301828e+03 -6.392606e-02  5.711537e-02 -4.099577e-02 
 4.795000e+04  3.313402e+03 -6.395134e-02  5.713883e-02 -4.101258e-02 
 4.800000e+04  3.324976e+03 -6.397624e-02  5.716163e-02 -4.102928e-02 
 4.805000e+04  3.336550e+03 -6.400077e-02  5.718360e-02 -4.104604e-02 
 4.810000e+04  3.348124e+03 -6.402541e-02  5.720522e-02 -4.106337e-02 
 4.815000e+04  3.359698e+03 -6.405047e-02  5.722706e-02 -4.108164e-02 
 4.820000e+04  3.371273e+03 -6.407601e-02  5.724926e-02 -4.110000e-02 
 4.825000e+04  3.382847e+03 -6.410194e-02  5.727181e-02 -4.111742e-02 
 4.830000e+04  3.394421e+03 -6.412787e-02  5.729419e-02 -4.113358e-02 
 4.835000e+04  3.405995e+03 -6.415270e-02  5.731553e-02 -4.114928e-02 
 4.840000e+04  3.417569e+03 -6.417612e-02  5.733663e-02 -4.116492e-02 
 4.845000e+04  3.429143e+03 -6.419898e-02  5.735791e-02 -4.118121e-02 
 4.850000e+04  3.440717e+03 -6.422199e-02  5.737948e-02 -4.119816e-02 
 4.855000e+04  3.452291e+03 -6.424545e-02  5.740129e-02 -4.121561e-02 
 4.860000e+04  3.463865e+03 -6.426947e-02  5.742292e-02 -4.123270e-02 
 4.865000e+04  3.475439e+03 -6.429391e-02  5.744420e-02 -4.124895e-02 
 4.870000e+04  3.487013e+03 -6.431847e-02  5.746525e-02 -4.126463e-02 
 4.875000e+04  3.498587e+03 -6.434280e-02  5.748611e-02 -4.128013e-02 
 4.880000e+04  3.510161e+03 -6.436648e-02  5.750695e-02 -4.129569e-02 
 4.885000e+04  3.521735e+03 -6.438958e-02  5.752778e-02 -4.131153e-02 
 4.890000e+04  3.533310e+03 -6.441234e-02  5.754859e-02 -4.132754e-02 
 4.895000e+04  3.544884e+03 -6.443497e-02  5.756906e-02 -4.134361e-02 
 4.900000e+04  3.556458e+03 -6.445765e-02  5.758908e-02 -4.135965e-02 
 4.905000e+04  3.568032e+03 -6.448062e-02  5.760887e-02 -4.137566e-02 
 4.910000e+04  3.579606e+03 -6.450404e-02  5.762854e-02 -4.139144e-02 
 4.915000e+04  3.591180e+03 -6.452778e-02  5.764825e-02 -4.140677e-02 
 4.920000e+04  3.602754e+03 -6.455158e-02  5.766815e-02 -4.142175e-02 
 4.925000e+04  3.614328e+03 -6.457515e-02  5.768818e-02 -4.143684e-02 
 4.930000e+04  3.625902e+03 -6.459784e-02  5.770806e-02 -4.145207e-02 
 4.935000e+04  3.637476e+03 -6.461987e-02  5.772777e-02 -4.146728e-02 
 4.940000e+04  3.649050e+03 -6.464174e-02  5.774732e-02 -4.148277e-02 
 4.945000e+04  3.660624e+03 -6.466385e-02  5.776657e-02 -4.149846e-02 
 4.950000e+04  3.672198e+03 -6.468636e-02  5.778560e-02 -4.151416e-02 
 4.955000e+04  3.683773e+03 -6.470923e-02  5.780471e-02 -4.152938e-02 
 4.960000e+04  3.695347e+03 -6.473221e-02  5.782402e-02 -4.154418e-02 
 4.965000e+04  3.706921e+03 -6.475498e-02  5.784353e-02 -4.155899e-02 
 4.970000e+04  3.718495e+03 -6.477726e-02  5.786326e-02 -4.157389e-02 
 4.975000e+04  3.730069e+03 -6.479910e-02  5.788299e-02 -4.158884e-02 
 4.980000e+04  3.741643e+03 -6.482075e-02  5.790222e-02 -4.160381e-02 
 4.985000e+04  3.753217e+03 -6.484251e-02  5.792090e-02 -4.161895e-02 
 4.990000e+04  3.764791e+03 -6.486455e-02  5.793934e-02 -4.163414e-02 
 4.995000e+04  3.776365e+03 -6.488678e-02  5.795768e-02 -4.164929e-02 
 5.000000e+04  3.787939e+03 -6.490913e-02  5.797618e-02 -4.166430e-02 
 5.005000e+04  3.799513e+03 -6.493149e-02  5.799493e-02 -4.167904e-02 
 5.010000e+04  3.811087e+03 -6.495377e-02  5.801384e-02 -4.169365e-02 
 5.015000e+04  3.822661e+03 -6.497591e-02  5.803290e-02 -4.170820e-02 
 5.020000e+04  3.834235e+03 -6.499783e-02  5.805203e-02 -4.172278e-02 
 5.025000e+04  3.845810e+03 -6.501960e-02  5.807072e-02 -4.173719e-02 
 5.030000e+04  3.857384e+03 -6.504125e-02  5.808915e-02 -4.175169e-02 
 5.035000e+04  3.868958e+03 -6.506287e-02  5.810759e-02 -4.176640e-02 
 5.040000e+04  3.880532e+03 -6.508440e-02  5.812602e-02 -4.178122e-02 
 5.045000e+04  3.892106e+03 -6.510583e-02  5.814450e-02 -4.179603e-02 
 5.050000e+04  3.903680e+03 -6.512711e-02  5.816317e-02 -4.181054e-02 
 5.055000e+04  3.915254e+03 -6.514827e-02  5.818209e-02 -4.182498e-02 
 5.060000e+04  3.926828e+03 -6.516939e-02  5.820120e-02 -4.183942e-02 
 5.065000e+04  3.938402e+03 -6.519046e-02  5.822051e-02 -4.185380e-02 
 5.070000e+04  3.949976e+03 -6.521142e-02  5.823979e-02 -4.186813e-02 
 5.075000e+04  3.961550e+03 -6.523236e-02  5.825870e-02 -4.188237e-02 
 5.080000e+04  3.973124e+03 -6.525312e-02  5.827717e-02 -4.189655e-02 
 5.085000e+04  3.984698e+03 -6.527356e-02  5.829529e-02 -4.191074e-02 
 5.090000e+04  3.996273e+03 -6.529377e-02  5.831315e-02 -4.192494e-02 
 5.095000e+04  4.007847e+03 -6.531399e-02  5.833040e-02 -4.193869e-02 
 5.100000e+04  4.019421e+03 -6.533435e-02  5.834766e-02 -4.195269e-02 
 5.105000e+04  4.030995e+03 -6.535493e-02  5.836500e-02 -4.196687e-02 
 5.110000e+04  4.042569e+03 -6.537561e-02  5.838250e-02 -4.198109e-02 
 5.115000e+04  4.054143e+03 -6.539628e-02  5.840020e-02 -4.199521e-02 
 5.120000e+04  4.065717e+03 -6.541698e-02  5.841807e-02 -4.200924e-02 
 5.125000e+04  4.077291e+03 -6.543769e-02  5.843606e-02 -4.202335e-02 
 5.130000e+04  4.088865e+03 -6.545837e-02  5.845410e-02 -4.203756e-02 
 5.135000e+04  4.100439e+03 -6.547900e-02  5.847204e-02 -4.205185e-02 
 5.140000e+04  4.112013e+03 -6.549941e-02  5.848974e-02 -4.206608e-02 
 5.145000e+04  4.123587e+03 -6.551962e-02  5.850715e-02 -4.208023e-02 
 5.150000e+04  4.135161e+03 -6.553958e-02  5.852440e-02 -4.209425e-02 
 5.155000e+04  4.146735e+03 -6.555945e-02  5.854149e-02 -4.210825e-02 
 5.160000e+04  4.158310e+03 -6.557934e-02  5.855850e-02 -4.212227e-02 
 5.165000e+04  4.169884e+03 -6.559929e-02  5.857551e-02 -4.213630e-02 
 5.170000e+04  4.181458e+03 -6.561928e-02  5.859259e-02 -4.215038e-02 
 5.175000e+04  4.193032e+03 -6.563919e-02  5.860978e-02 -4.216450e-02 
 5.180000e+04  4.204606e+03 -6.565888e-02  5.862710e-02 -4.217868e-02 
 5.185000e+04  4.216180e+03 -6.567846e-02  5.864456e-02 -4.219295e-02 
 5.190000e+04  4.227754e+03 -6.569806e-02  5.866201e-02 -4.220723e-02 
 5.195000e+04  4.239328e+03 -6.571776e-02  5.867945e-02 -4.222174e-02 
 5.200000e+04  4.250902e+03 -6.573763e-02  5.869672e-02 -4.223638e-02 
 5.205000e+04  4.262476e+03 -6.575777e-02  5.871382e-02 -4.225110e-02 
 5.210000e+04  4.274050e+03 -6.577805e-02  5.873079e-02 -4.226578e-02 
 5.215000e+04  4.285624e+03 -6.579833e-02  5.874767e-02 -4.228031e-02 
 5.220000e+04  4.297198e+03 -6.581852e-02  5.876463e-02 -4.229474e-02 
 5.225000e+04  4.308773e+03 -6.583866e-02  5.878162e-02 -4.230911e-02 
 5.230000e+04  4.320347e+03 -6.585876e-02  5.879867e-02 -4.232335e-02 
 5.235000e+04  4.331921e+03 -6.587887e-02  5.881561e-02 -4.233755e-02 
 5.240000e+04  4.343495e+03 -6.589895e-02  5.883249e-02 -4.235180e-02 
 5.245000e+04  4.355069e+03 -6.591902e-02  5.884939e-02 -4.236605e-02 
 5.250000e+04  4.366643e+03 -6.593900e-02  5.886638e-02 -4.238028e-02 
 5.255000e+04  4.378217e+03 -6.595891e-02  5.888361e-02 -4.239453e-02 
 5.260000e+04  4.389791e+03 -6.597883e-02  5.890120e-02 -4.240884e-02 
 5.265000e+04  4.401365e+03 -6.599878e-02  5.891913e-02 -4.242310e-02 
 5.270000e+04  4.412939e+03 -6.601875e-02  5.893747e-02 -4.243724e-02 
 5.275000e+04  4.424513e+03 -6.603870e-02  5.895610e-02 -4.245127e-02 
 5.280000e+04  4.436087e+03 -6.605862e-02  5.897500e-02 -4.246529e-02 
 5.285000e+04  4.447661e+03 -6.607844e-02  5.899406e-02 -4.247929e-02 
 5.290000e+04  4.459235e+03 -6.609817e-02  5.901325e-02 -4.249337e-02 
 5.295000e+04  4.470810e+03 -6.611798e-02  5.903236e-02 -4.250737e-02 
 5.300000e+04  4.482384e+03 -6.613796e-02  5.905116e-02 -4.252136e-02 
 5.305000e+04  4.493958e+03 -6.615808e-02  5.906967e-02 -4.253546e-02 
 5.310000e+04  4.505532e+03 -6.617834e-02  5.908800e-02 -4.254958e-02 
 5.315000e+04  4.517106e+03 -6.619892e-02  5.910631e-02 -4.256375e-02 
 5.320000e+04  4.528680e+03 -6.621980e-02  5.912457e-02 -4.257794e-02 
 5.325000e+04  4.540254e+03 -6.624102e-02  5.914276e-02 -4.259208e-02 
 5.330000e+04  4.551828e+03 -6.626267e-02  5.916092e-02 -4.260614e-02 
 5.335000e+04  4.563402e+03 -6.628465e-02  5.917907e-02 -4.262013e-02 
 5.340000e+04  4.574976e+03 -6.630685e-02  5.919716e-02 -4.263406e-02 
 5.345000e+04  4.586550e+03 -6.632922e-02  5.921512e-02 -4.264802e-02 
 5.350000e+04  4.598124e+03 -6.635156e-02  5.923288e-02 -4.266202e-02 
 5.355000e+04  4.609698e+03 -6.637393e-02  5.925036e-02 -4.267560e-02 
 5.360000e+04  4.621273e+03 -6.639638e-02  5.926762e-02 -4.268886e-02 
 5.365000e+04  4.632847e+03 -6.641820e-02  5.928468e-02 -4.270238e-02 
 5.370000e+04  4.644421e+03 -6.643931e-02  5.930158e-02 -4.271605e-02 
 5.375000e+04  4.655995e+03 -6.646088e-02  5.931856e-02 -4.273009e-02 
 5.380000e+04  4.667569e+03 -6.648300e-02  5.933563e-02 -4.274455e-02 
 5.385000e+04  4.679143e+03 -6.650558e-02  5.935280e-02 -4.275895e-02 
 5.390000e+04  4.690717e+03 -6.652868e-02  5.937012e-02 -4.277294e-02 
 5.395000e+04  4.702291e+03 -6.655174e-02  5.938768e-02 -4.278653e-02 
 5.400000e+04  4.713865e+03 -6.657433e-02  5.940548e-02 -4.280000e-02 
 5.405000e+04  4.725439e+03 -6.659624e-02  5.942354e-02 -4.281335e-02 
 5.410000e+04  4.737013e+03 -6.661766e-02  5.944132e-02 -4.282672e-02 
 5.415000e+04  4.748587e+03 -6.663919e-02  5.945844e-02 -4.284015e-02 
 5.420000e+04  4.760161e+03 -6.666075e-02  5.947508e-02 -4.285362e-02 
 5.425000e+04  4.771735e+03 -6.668242e-02  5.949136e-02 -4.286708e-02 
 5.430000e+04  4.783310e+03 -6.670417e-02  5.950754e-02 -4.287975e-02 
 5.435000e+04  4.794884e+03 -6.672594e-02  5.952382e-02 -4.289182e-02 
 5.440000e+04  4.806458e+03 -6.674662e-02  5.954027e-02 -4.290422e-02 
 5.445000e+04  4.818032e+03 -6.676583e-02  5.955683e-02 -4.291713e-02 
 5.450000e+04  4.829606e+03 -6.678490e-02  5.957348e-02 -4.293075e-02 
 5.455000e+04  4.841180e+03 -6.680431e-02  5.959017e-02 -4.294485e-02 
 5.460000e+04  4.852754e+03 -6.682436e-02  5.960692e-02 -4.295892e-02 
 5.465000e+04  4.864328e+03 -6.684510e-02  5.962369e-02 -4.297237e-02 
 5.470000e+04  4.875902e+03 -6.686621e-02  5.964059e-02 -4.298535e-02 
 5.475000e+04  4.887476e+03 -6.688697e-02  5.965780e-02 -4.299821e-02 
 5.480000e+04  4.899050e+03 -6.690699e-02  5.967520e-02 -4.301104e-02 
 5.485000e+04  4.910624e+03 -6.692622e-02  5.969213e-02 -4.302386e-02 
 5.490000e+04  4.922198e+03 -6.694511e-02  5.970845e-02 -4.303673e-02 
 5.495000e+04  4.933773e+03 -6.696397e-02  5.972453e-02 -4.304976e-02 
 5.500000e+04  4.945347e+03 -6.698291e-02  5.974058e-02 -4.306286e-02 
 5.505000e+04  4.956921e+03 -6.700196e-02  5.975665e-02 -4.307586e-02 
 5.510000e+04  4.968495e+03 -6.702126e-02  5.977289e-02 -4.308879e-02 
 5.515000e+04  4.980069e+03 -6.704092e-02  5.978937e-02 -4.310171e-02 
 5.520000e+04  4.991643e+03 -6.706023e-02  5.980614e-02 -4.311454e-02 
 5.525000e+04  5.003217e+03 -6.707885e-02  5.982317e-02 -4.312730e-02 
 5.530000e+04  5.014791e+03 -6.709724e-02  5.984051e-02 -4.314012e-02 
 5.535000e+04  5.026365e+03 -6.711573e-02  5.985821e-02 -4.315312e-02 
 5.540000e+04  5.037939e+03 -6.713433e-02  5.987604e-02 -4.316607e-02 
 5.545000e+04  5.049513e+03 -6.715293e-02  5.989378e-02 -4.317885e-02 
 5.550000e+04  5.061087e+03 -6.717142e-02  5.991146e-02 -4.319163e-02 
 5.555000e+04  5.072661e+03 -6.718963e-02  5.992921e-02 -4.320450e-02 
 5.560000e+04  5.084235e+03 -6.720758e-02  5.994699e-02 -4.321739e-02 
 5.565000e+04  5.095810e+03 -6.722536e-02  5.996468e-02 -4.323017e-02 
 5.570000e+04  5.107384e+03 -6.724316e-02  5.998225e-02 -4.324285e-02 
 5.575000e+04  5.118958e+03 -6.726106e-02  5.999972e-02 -4.325552e-02 
 5.580000e+04  5.130532e+03 -6.727908e-02  6.001697e-02 -4.326815e-02 
 5.585000e+04  5.142106e+03 -6.729714e-02  6.003418e-02 -4.328075e-02 
 5.590000e+04  5.153680e+03 -6.731518e-02  6.005144e-02 -4.329342e-02 
 5.595000e+04  5.165254e+03 -6.733329e-02  6.006883e-02 -4.330614e-02 
 5.600000e+04  5.176828e+03 -6.735140e-02  6.008628e-02 -4.331886e-02 
 5.605000e+04  5.188402e+03 -6.736948e-02  6.010371e-02 -4.333152e-02 
 5.610000e+04  5.199976e+03 -6.738756e-02  6.012102e-02 -4.334420e-02 
 5.615000e+04  5.211550e+03 -6.740567e-02  6.013819e-02 -4.335692e-02 
 5.620000e+04  5.223124e+03 -6.742380e-02  6.015514e-02 -4.336962e-02 
 5.625000e+04  5.234698e+03 -6.744195e-02  6.017193e-02 -4.338229e-02 
 5.630000e+04  5.246273e+03 -6.746011e-02  6.018864e-02 -4.339489e-02 
 5.635000e+04  5.257847e+03 -6.747807e-02  6.020531e-02 -4.340740e-02 
 5.640000e+04  5.269421e+03 -6.749591e-02  6.022198e-02 -4.341985e-02 
 5.645000e+04  5.280995e+03 -6.751371e-02  6.023868e-02 -4.343238e-02 
 5.650000e+04  5.292569e+03 -6.753146e-02  6.025546e-02 -4.344499e-02 
