         Step [creep.tim... Z Displace... Z Displace... X Displace... 
------------- ------------- ------------- ------------- ------------- 
 5.250000e+03  1.276223e-07 -4.629353e-03  4.524540e-03 -2.433365e-03 
 5.300000e+03  3.886505e-06 -4.629541e-03  4.524627e-03 -2.433553e-03 
 5.350000e+03  3.218864e-05 -4.630302e-03  4.524722e-03 -2.434028e-03 
 5.400000e+03  2.149119e-04 -4.630542e-03  4.524856e-03 -2.434102e-03 
 5.450000e+03  9.503460e-04 -4.631294e-03  4.525809e-03 -2.435217e-03 
 5.500000e+03  2.072855e-03 -4.634023e-03  4.528400e-03 -2.437781e-03 
 5.550000e+03  3.682047e-03 -4.639358e-03  4.533571e-03 -2.442398e-03 
 5.600000e+03  5.531148e-03 -4.646256e-03  4.541167e-03 -2.447845e-03 
 5.650000e+03  8.255840e-03 -4.656858e-03  4.553402e-03 -2.455798e-03 
 5.700000e+03  1.143325e-02 -4.668738e-03  4.567067e-03 -2.463884e-03 
 5.750000e+03  1.469133e-02 -4.678990e-03  4.577895e-03 -2.470401e-03 
 5.800000e+03  1.794941e-02 -4.687974e-03  4.586952e-03 -2.476562e-03 
 5.850000e+03  2.120750e-02 -4.697478e-03  4.596553e-03 -2.483816e-03 
 5.900000e+03  2.446558e-02 -4.707902e-03  4.607325e-03 -2.492171e-03 
 5.950000e+03  2.772692e-02 -4.718768e-03  4.618974e-03 -2.501458e-03 
 6.000000e+03  3.186311e-02 -4.732920e-03  4.633294e-03 -2.513408e-03 
 6.050000e+03  3.644756e-02 -4.748234e-03  4.648014e-03 -2.524772e-03 
 6.100000e+03  4.103201e-02 -4.762445e-03  4.661025e-03 -2.533597e-03 
 6.150000e+03  4.561646e-02 -4.776009e-03  4.673415e-03 -2.541475e-03 
 6.200000e+03  5.020091e-02 -4.789506e-03  4.686550e-03 -2.549948e-03 
 6.250000e+03  5.478536e-02 -4.803622e-03  4.700950e-03 -2.559669e-03 
 6.300000e+03  5.937898e-02 -4.818054e-03  4.716147e-03 -2.570744e-03 
 6.350000e+03  6.503260e-02 -4.835108e-03  4.733906e-03 -2.585135e-03 
 6.400000e+03  7.154144e-02 -4.852919e-03  4.751896e-03 -2.600210e-03 
 6.450000e+03  7.848409e-02 -4.870370e-03  4.769510e-03 -2.613790e-03 
 6.500000e+03  8.559608e-02 -4.888195e-03  4.787462e-03 -2.626288e-03 
 6.550000e+03  9.270807e-02 -4.906624e-03  4.806183e-03 -2.638544e-03 
 6.600000e+03  9.982005e-02 -4.925910e-03  4.826106e-03 -2.651513e-03 
 6.650000e+03  1.069320e-01 -4.945847e-03  4.847177e-03 -2.665491e-03 
 6.700000e+03  1.140440e-01 -4.964945e-03  4.867888e-03 -2.679886e-03 
 6.750000e+03  1.217796e-01 -4.983364e-03  4.887464e-03 -2.694768e-03 
 6.800000e+03  1.303831e-01 -5.002476e-03  4.907219e-03 -2.710303e-03 
 6.850000e+03  1.390278e-01 -5.021563e-03  4.926666e-03 -2.725173e-03 
 6.900000e+03  1.476724e-01 -5.040877e-03  4.946459e-03 -2.739523e-03 
 6.950000e+03  1.563171e-01 -5.060940e-03  4.967092e-03 -2.753913e-03 
 7.000000e+03  1.650569e-01 -5.082435e-03  4.988837e-03 -2.768643e-03 
 7.050000e+03  1.744968e-01 -5.106139e-03  5.011898e-03 -2.784135e-03 
 7.100000e+03  1.842182e-01 -5.128529e-03  5.033366e-03 -2.799143e-03 
 7.150000e+03  1.945657e-01 -5.150162e-03  5.054755e-03 -2.814822e-03 
 7.200000e+03  2.050734e-01 -5.171283e-03  5.076048e-03 -2.831030e-03 
 7.250000e+03  2.155810e-01 -5.192114e-03  5.097215e-03 -2.847267e-03 
 7.300000e+03  2.262589e-01 -5.213678e-03  5.118941e-03 -2.863762e-03 
 7.350000e+03  2.385775e-01 -5.239506e-03  5.144578e-03 -2.882502e-03 
 7.400000e+03  2.513496e-01 -5.266381e-03  5.170901e-03 -2.900782e-03 
 7.450000e+03  2.641217e-01 -5.291691e-03  5.195622e-03 -2.917532e-03 
 7.500000e+03  2.768938e-01 -5.315810e-03  5.219420e-03 -2.933890e-03 
 7.550000e+03  2.896659e-01 -5.339461e-03  5.243038e-03 -2.950542e-03 
 7.600000e+03  3.024380e-01 -5.362290e-03  5.266650e-03 -2.967550e-03 
 7.650000e+03  3.152995e-01 -5.384756e-03  5.290190e-03 -2.984985e-03 
 7.700000e+03  3.303783e-01 -5.410977e-03  5.317679e-03 -3.005487e-03 
 7.750000e+03  3.459029e-01 -5.437523e-03  5.345177e-03 -3.025528e-03 
 7.800000e+03  3.614275e-01 -5.463390e-03  5.371394e-03 -3.043788e-03 
 7.850000e+03  3.769521e-01 -5.489115e-03  5.397181e-03 -3.061317e-03 
 7.900000e+03  3.924766e-01 -5.514999e-03  5.422991e-03 -3.078801e-03 
 7.950000e+03  4.080012e-01 -5.540612e-03  5.448642e-03 -3.096444e-03 
 8.000000e+03  4.235258e-01 -5.565614e-03  5.473655e-03 -3.114350e-03 
 8.050000e+03  4.405094e-01 -5.592175e-03  5.500126e-03 -3.134138e-03 
 8.100000e+03  4.584810e-01 -5.619139e-03  5.527203e-03 -3.154632e-03 
 8.150000e+03  4.764527e-01 -5.645239e-03  5.553388e-03 -3.174087e-03 
 8.200000e+03  4.944243e-01 -5.671388e-03  5.579469e-03 -3.192619e-03 
 8.250000e+03  5.123959e-01 -5.698058e-03  5.605809e-03 -3.210667e-03 
 8.300000e+03  5.303676e-01 -5.725068e-03  5.632060e-03 -3.228539e-03 
 8.350000e+03  5.486268e-01 -5.752073e-03  5.658196e-03 -3.246604e-03 
 8.400000e+03  5.687792e-01 -5.780635e-03  5.686031e-03 -3.266520e-03 
 8.450000e+03  5.895836e-01 -5.808593e-03  5.713830e-03 -3.286916e-03 
 8.500000e+03  6.103880e-01 -5.835390e-03  5.740831e-03 -3.307011e-03 
 8.550000e+03  6.311925e-01 -5.861936e-03  5.767525e-03 -3.326641e-03 
 8.600000e+03  6.524754e-01 -5.889283e-03  5.795069e-03 -3.346316e-03 
 8.650000e+03  6.743200e-01 -5.917505e-03  5.823684e-03 -3.366066e-03 
 8.700000e+03  6.962520e-01 -5.945504e-03  5.852157e-03 -3.385262e-03 
 8.750000e+03  7.202314e-01 -5.975519e-03  5.882298e-03 -3.405679e-03 
 8.800000e+03  7.455193e-01 -6.006589e-03  5.912904e-03 -3.426965e-03 
 8.850000e+03  7.708072e-01 -6.036747e-03  5.942616e-03 -3.448154e-03 
 8.900000e+03  7.960951e-01 -6.065785e-03  5.971621e-03 -3.469285e-03 
 8.950000e+03  8.213830e-01 -6.094371e-03  6.000397e-03 -3.490351e-03 
 9.000000e+03  8.466709e-01 -6.122904e-03  6.029190e-03 -3.511264e-03 
 9.050000e+03  8.719588e-01 -6.151268e-03  6.057732e-03 -3.531465e-03 
 9.100000e+03  8.982987e-01 -6.180534e-03  6.087026e-03 -3.551441e-03 
 9.150000e+03  9.261786e-01 -6.211435e-03  6.117652e-03 -3.572037e-03 
 9.200000e+03  9.540585e-01 -6.242079e-03  6.147603e-03 -3.592506e-03 
 9.250000e+03  9.819384e-01 -6.271963e-03  6.176560e-03 -3.612990e-03 
 9.300000e+03  1.010069e+00 -6.301290e-03  6.204993e-03 -3.633795e-03 
 9.350000e+03  1.039343e+00 -6.331213e-03  6.234268e-03 -3.655483e-03 
 9.400000e+03  1.068617e+00 -6.360458e-03  6.263233e-03 -3.676735e-03 
 9.450000e+03  1.098271e+00 -6.389709e-03  6.292288e-03 -3.697429e-03 
 9.500000e+03  1.130116e+00 -6.421172e-03  6.323515e-03 -3.718911e-03 
 9.550000e+03  1.162390e+00 -6.453003e-03  6.355184e-03 -3.740270e-03 
 9.600000e+03  1.194665e+00 -6.484272e-03  6.386374e-03 -3.761299e-03 
 9.650000e+03  1.227488e+00 -6.515324e-03  6.417284e-03 -3.782658e-03 
 9.700000e+03  1.261376e+00 -6.546892e-03  6.448403e-03 -3.804741e-03 
 9.750000e+03  1.295264e+00 -6.577674e-03  6.478667e-03 -3.826682e-03 
 9.800000e+03  1.329152e+00 -6.607564e-03  6.508274e-03 -3.848243e-03 
 9.850000e+03  1.364159e+00 -6.638173e-03  6.538767e-03 -3.870112e-03 
 9.900000e+03  1.399741e+00 -6.669396e-03  6.569982e-03 -3.891879e-03 
 9.950000e+03  1.435324e+00 -6.700481e-03  6.601180e-03 -3.913076e-03 
 1.000000e+04  1.472302e+00 -6.732475e-03  6.633102e-03 -3.934547e-03 
 1.005000e+04  1.511531e+00 -6.766142e-03  6.666419e-03 -3.957069e-03 
 1.010000e+04  1.550761e+00 -6.799115e-03  6.698848e-03 -3.979560e-03 
 1.015000e+04  1.589991e+00 -6.831117e-03  6.730068e-03 -4.002010e-03 
 1.020000e+04  1.629731e+00 -6.862955e-03  6.761068e-03 -4.024628e-03 
 1.025000e+04  1.670922e+00 -6.895824e-03  6.793116e-03 -4.047877e-03 
 1.030000e+04  1.712114e+00 -6.928495e-03  6.825110e-03 -4.070626e-03 
 1.035000e+04  1.753552e+00 -6.961039e-03  6.857077e-03 -4.092699e-03 
 1.040000e+04  1.798317e+00 -6.996064e-03  6.891508e-03 -4.115956e-03 
 1.045000e+04  1.843730e+00 -7.031165e-03  6.926146e-03 -4.139319e-03 
 1.050000e+04  1.889144e+00 -7.065354e-03  6.959903e-03 -4.162534e-03 
 1.055000e+04  1.934557e+00 -7.098803e-03  6.992815e-03 -4.185711e-03 
 1.060000e+04  1.982196e+00 -7.133441e-03  7.026813e-03 -4.210085e-03 
 1.065000e+04  2.029880e+00 -7.167651e-03  7.060353e-03 -4.234217e-03 
 1.070000e+04  2.077564e+00 -7.201357e-03  7.093422e-03 -4.257722e-03 
 1.075000e+04  2.127441e+00 -7.236429e-03  7.127905e-03 -4.281696e-03 
 1.080000e+04  2.179713e+00 -7.273095e-03  7.164059e-03 -4.306364e-03 
 1.085000e+04  2.232284e+00 -7.309420e-03  7.200052e-03 -4.330719e-03 
 1.090000e+04  2.284856e+00 -7.345101e-03  7.235479e-03 -4.354814e-03 
 1.095000e+04  2.338269e+00 -7.380889e-03  7.270893e-03 -4.379265e-03 
 1.100000e+04  2.393469e+00 -7.417259e-03  7.306735e-03 -4.404490e-03 
 1.105000e+04  2.448670e+00 -7.452894e-03  7.341670e-03 -4.429482e-03 
 1.110000e+04  2.506133e+00 -7.489519e-03  7.377528e-03 -4.455056e-03 
 1.115000e+04  2.564094e+00 -7.526487e-03  7.413621e-03 -4.480363e-03 
 1.120000e+04  2.622054e+00 -7.563341e-03  7.449504e-03 -4.505127e-03 
 1.125000e+04  2.680130e+00 -7.599887e-03  7.485085e-03 -4.529399e-03 
 1.130000e+04  2.741232e+00 -7.637821e-03  7.522154e-03 -4.554684e-03 
 1.135000e+04  2.805133e+00 -7.676932e-03  7.560472e-03 -4.581013e-03 
 1.140000e+04  2.869034e+00 -7.715095e-03  7.597925e-03 -4.607253e-03 
 1.145000e+04  2.933383e+00 -7.752828e-03  7.634855e-03 -4.633446e-03 
 1.150000e+04  3.000479e+00 -7.791942e-03  7.672946e-03 -4.660506e-03 
 1.155000e+04  3.067576e+00 -7.830843e-03  7.710806e-03 -4.687083e-03 
 1.160000e+04  3.134672e+00 -7.869268e-03  7.748217e-03 -4.713089e-03 
 1.165000e+04  3.203983e+00 -7.908645e-03  7.786547e-03 -4.739368e-03 
 1.170000e+04  3.274434e+00 -7.948387e-03  7.825278e-03 -4.765869e-03 
 1.175000e+04  3.344885e+00 -7.987404e-03  7.863586e-03 -4.792140e-03 
 1.180000e+04  3.415406e+00 -8.025583e-03  7.901183e-03 -4.818220e-03 
 1.185000e+04  3.491599e+00 -8.066324e-03  7.941321e-03 -4.846282e-03 
 1.190000e+04  3.569272e+00 -8.107467e-03  7.981763e-03 -4.874726e-03 
 1.195000e+04  3.646944e+00 -8.148002e-03  8.021529e-03 -4.902653e-03 
 1.200000e+04  3.726869e+00 -8.189362e-03  8.062050e-03 -4.930790e-03 
 1.205000e+04  3.808425e+00 -8.231493e-03  8.103232e-03 -4.959062e-03 
 1.210000e+04  3.889981e+00 -8.273305e-03  8.143933e-03 -4.986898e-03 
 1.215000e+04  3.971537e+00 -8.314455e-03  8.183899e-03 -5.014395e-03 
 1.220000e+04  4.055784e+00 -8.356371e-03  8.224680e-03 -5.042645e-03 
 1.225000e+04  4.141418e+00 -8.398363e-03  8.265732e-03 -5.071338e-03 
 1.230000e+04  4.227052e+00 -8.439637e-03  8.306097e-03 -5.099766e-03 
 1.235000e+04  4.316595e+00 -8.482331e-03  8.347659e-03 -5.128996e-03 
 1.240000e+04  4.411006e+00 -8.527343e-03  8.391224e-03 -5.159356e-03 
 1.245000e+04  4.505417e+00 -8.572071e-03  8.434379e-03 -5.189205e-03 
 1.250000e+04  4.599829e+00 -8.616136e-03  8.476936e-03 -5.218504e-03 
 1.255000e+04  4.696506e+00 -8.660722e-03  8.519975e-03 -5.248248e-03 
 1.260000e+04  4.795638e+00 -8.705948e-03  8.563719e-03 -5.278596e-03 
 1.265000e+04  4.894770e+00 -8.750310e-03  8.606847e-03 -5.308696e-03 
 1.270000e+04  4.994794e+00 -8.794303e-03  8.649700e-03 -5.338752e-03 
 1.275000e+04  5.101901e+00 -8.841012e-03  8.695254e-03 -5.370639e-03 
 1.280000e+04  5.211193e+00 -8.888266e-03  8.741374e-03 -5.402769e-03 
 1.285000e+04  5.320486e+00 -8.934956e-03  8.786900e-03 -5.434275e-03 
 1.290000e+04  5.431965e+00 -8.982231e-03  8.832796e-03 -5.465839e-03 
 1.295000e+04  5.546722e+00 -9.030526e-03  8.879620e-03 -5.498056e-03 
 1.300000e+04  5.661480e+00 -9.078132e-03  8.925838e-03 -5.530003e-03 
 1.305000e+04  5.776237e+00 -9.124902e-03  8.971176e-03 -5.561629e-03 
 1.310000e+04  5.890995e+00 -9.171105e-03  9.016075e-03 -5.593030e-03 
 1.315000e+04  6.005752e+00 -9.216827e-03  9.060638e-03 -5.624253e-03 
 1.320000e+04  6.120510e+00 -9.261982e-03  9.104705e-03 -5.655020e-03 
 1.325000e+04  6.238027e+00 -9.307849e-03  9.149367e-03 -5.685937e-03 
 1.330000e+04  6.364547e+00 -9.357153e-03  9.197118e-03 -5.718812e-03 
 1.335000e+04  6.491067e+00 -9.406129e-03  9.244267e-03 -5.751353e-03 
 1.340000e+04  6.617588e+00 -9.454308e-03  9.290576e-03 -5.783511e-03 
 1.345000e+04  6.744108e+00 -9.501834e-03  9.336299e-03 -5.815413e-03 
 1.350000e+04  6.870628e+00 -9.548884e-03  9.381605e-03 -5.847180e-03 
 1.355000e+04  6.997148e+00 -9.595345e-03  9.426345e-03 -5.878678e-03 
 1.360000e+04  7.125313e+00 -9.641756e-03  9.471204e-03 -5.910131e-03 
 1.365000e+04  7.262277e+00 -9.691133e-03  9.518940e-03 -5.943350e-03 
 1.370000e+04  7.401766e+00 -9.741115e-03  9.567270e-03 -5.976775e-03 
 1.375000e+04  7.541254e+00 -9.790434e-03  9.614899e-03 -6.009675e-03 
 1.380000e+04  7.684090e+00 -9.840440e-03  9.662994e-03 -6.043006e-03 
 1.385000e+04  7.830553e+00 -9.891300e-03  9.711837e-03 -6.076992e-03 
 1.390000e+04  7.977016e+00 -9.941392e-03  9.760047e-03 -6.110716e-03 
 1.395000e+04  8.123479e+00 -9.990653e-03  9.807605e-03 -6.144086e-03 
 1.400000e+04  8.274922e+00 -1.004123e-02  9.856435e-03 -6.178287e-03 
 1.405000e+04  8.428708e+00 -1.009225e-02  9.905695e-03 -6.212653e-03 
 1.410000e+04  8.582494e+00 -1.014264e-02  9.954451e-03 -6.246501e-03 
 1.415000e+04  8.741131e+00 -1.019408e-02  1.000424e-02 -6.280889e-03 
 1.420000e+04  8.910681e+00 -1.024876e-02  1.005701e-02 -6.317343e-03 
 1.425000e+04  9.080230e+00 -1.030286e-02  1.010910e-02 -6.353528e-03 
 1.430000e+04  9.249779e+00 -1.035612e-02  1.016023e-02 -6.389367e-03 
 1.435000e+04  9.419328e+00 -1.040880e-02  1.021072e-02 -6.424888e-03 
 1.440000e+04  9.588877e+00 -1.046106e-02  1.026087e-02 -6.460081e-03 
 1.445000e+04  9.758426e+00 -1.051278e-02  1.031064e-02 -6.494889e-03 
 1.450000e+04  9.928653e+00 -1.056420e-02  1.036005e-02 -6.529333e-03 
 1.455000e+04  1.011202e+01 -1.061922e-02  1.041293e-02 -6.566000e-03 
 1.460000e+04  1.029895e+01 -1.067486e-02  1.046643e-02 -6.603068e-03 
 1.465000e+04  1.048588e+01 -1.072979e-02  1.051909e-02 -6.639742e-03 
 1.470000e+04  1.067467e+01 -1.078454e-02  1.057149e-02 -6.676400e-03 
 1.475000e+04  1.087095e+01 -1.084107e-02  1.062547e-02 -6.714315e-03 
 1.480000e+04  1.106722e+01 -1.089696e-02  1.067887e-02 -6.751903e-03 
 1.485000e+04  1.126350e+01 -1.095204e-02  1.073154e-02 -6.788927e-03 
 1.490000e+04  1.146585e+01 -1.100846e-02  1.078553e-02 -6.826675e-03 
 1.495000e+04  1.167194e+01 -1.106553e-02  1.084028e-02 -6.864779e-03 
 1.500000e+04  1.187803e+01 -1.112190e-02  1.089442e-02 -6.902356e-03 
 1.505000e+04  1.208770e+01 -1.117856e-02  1.094881e-02 -6.940139e-03 
 1.510000e+04  1.231492e+01 -1.123952e-02  1.100721e-02 -6.980827e-03 
 1.515000e+04  1.254213e+01 -1.129979e-02  1.106485e-02 -7.021256e-03 
 1.520000e+04  1.276934e+01 -1.135911e-02  1.112161e-02 -7.061229e-03 
 1.525000e+04  1.299655e+01 -1.141796e-02  1.117780e-02 -7.100699e-03 
 1.530000e+04  1.322376e+01 -1.147651e-02  1.123364e-02 -7.139770e-03 
 1.535000e+04  1.345098e+01 -1.153437e-02  1.128892e-02 -7.178389e-03 
 1.540000e+04  1.367955e+01 -1.159190e-02  1.134396e-02 -7.216787e-03 
 1.545000e+04  1.392409e+01 -1.165303e-02  1.140240e-02 -7.257488e-03 
 1.550000e+04  1.417459e+01 -1.171504e-02  1.146170e-02 -7.298890e-03 
 1.555000e+04  1.442509e+01 -1.177622e-02  1.152012e-02 -7.339857e-03 
 1.560000e+04  1.467785e+01 -1.183737e-02  1.157830e-02 -7.380716e-03 
 1.565000e+04  1.494087e+01 -1.190057e-02  1.163834e-02 -7.422862e-03 
 1.570000e+04  1.520390e+01 -1.196306e-02  1.169771e-02 -7.464567e-03 
 1.575000e+04  1.546693e+01 -1.202480e-02  1.175641e-02 -7.505755e-03 
 1.580000e+04  1.573995e+01 -1.208833e-02  1.181691e-02 -7.548107e-03 
 1.585000e+04  1.601612e+01 -1.215206e-02  1.187765e-02 -7.590569e-03 
 1.590000e+04  1.629230e+01 -1.221496e-02  1.193767e-02 -7.632515e-03 
 1.595000e+04  1.657708e+01 -1.227911e-02  1.199883e-02 -7.675281e-03 
 1.600000e+04  1.688157e+01 -1.234724e-02  1.206363e-02 -7.720676e-03 
 1.605000e+04  1.718605e+01 -1.241462e-02  1.212765e-02 -7.765656e-03 
 1.610000e+04  1.749054e+01 -1.248111e-02  1.219081e-02 -7.810072e-03 
 1.615000e+04  1.780355e+01 -1.254890e-02  1.225509e-02 -7.855208e-03 
 1.620000e+04  1.812326e+01 -1.261762e-02  1.232020e-02 -7.900862e-03 
 1.625000e+04  1.844297e+01 -1.268549e-02  1.238458e-02 -7.945997e-03 
 1.630000e+04  1.876620e+01 -1.275327e-02  1.244898e-02 -7.991067e-03 
 1.635000e+04  1.910928e+01 -1.282459e-02  1.251676e-02 -8.038528e-03 
 1.640000e+04  1.946176e+01 -1.289712e-02  1.258569e-02 -8.086881e-03 
 1.645000e+04  1.981424e+01 -1.296869e-02  1.265364e-02 -8.134608e-03 
 1.650000e+04  2.017483e+01 -1.304128e-02  1.272234e-02 -8.182833e-03 
 1.655000e+04  2.054493e+01 -1.311522e-02  1.279215e-02 -8.231836e-03 
 1.660000e+04  2.091504e+01 -1.318822e-02  1.286115e-02 -8.280310e-03 
 1.665000e+04  2.128514e+01 -1.326034e-02  1.292932e-02 -8.328218e-03 
 1.670000e+04  2.166820e+01 -1.333430e-02  1.299921e-02 -8.377331e-03 
 1.675000e+04  2.205681e+01 -1.340861e-02  1.306949e-02 -8.426679e-03 
 1.680000e+04  2.244542e+01 -1.348200e-02  1.313892e-02 -8.475421e-03 
 1.685000e+04  2.284335e+01 -1.355631e-02  1.320924e-02 -8.524736e-03 
 1.690000e+04  2.326894e+01 -1.363516e-02  1.328369e-02 -8.577019e-03 
 1.695000e+04  2.369738e+01 -1.371366e-02  1.335780e-02 -8.629118e-03 
 1.700000e+04  2.412582e+01 -1.379114e-02  1.343086e-02 -8.680514e-03 
 1.705000e+04  2.456798e+01 -1.387044e-02  1.350550e-02 -8.732935e-03 
 1.710000e+04  2.501784e+01 -1.395042e-02  1.358069e-02 -8.785765e-03 
 1.715000e+04  2.546770e+01 -1.402925e-02  1.365487e-02 -8.837979e-03 
 1.720000e+04  2.592747e+01 -1.410881e-02  1.372988e-02 -8.890751e-03 
 1.725000e+04  2.642061e+01 -1.419345e-02  1.380966e-02 -8.946820e-03 
 1.730000e+04  2.691658e+01 -1.427765e-02  1.388897e-02 -9.002554e-03 
 1.735000e+04  2.741256e+01 -1.436077e-02  1.396721e-02 -9.057509e-03 
 1.740000e+04  2.793698e+01 -1.444783e-02  1.404895e-02 -9.114922e-03 
 1.745000e+04  2.848379e+01 -1.453771e-02  1.413327e-02 -9.174183e-03 
 1.750000e+04  2.903060e+01 -1.462636e-02  1.421638e-02 -9.232730e-03 
 1.755000e+04  2.957741e+01 -1.471388e-02  1.429845e-02 -9.290565e-03 
 1.760000e+04  3.014829e+01 -1.480437e-02  1.438323e-02 -9.350276e-03 
 1.765000e+04  3.072244e+01 -1.489426e-02  1.446756e-02 -9.409636e-03 
 1.770000e+04  3.129659e+01 -1.498300e-02  1.455084e-02 -9.468141e-03 
 1.775000e+04  3.189371e+01 -1.507443e-02  1.463642e-02 -9.528242e-03 
 1.780000e+04  3.252672e+01 -1.517035e-02  1.472620e-02 -9.591367e-03 
 1.785000e+04  3.315972e+01 -1.526489e-02  1.481471e-02 -9.653708e-03 
 1.790000e+04  3.379462e+01 -1.535859e-02  1.490219e-02 -9.715333e-03 
 1.795000e+04  3.445928e+01 -1.545573e-02  1.499267e-02 -9.779141e-03 
 1.800000e+04  3.512393e+01 -1.555171e-02  1.508210e-02 -9.842219e-03 
 1.805000e+04  3.578859e+01 -1.564626e-02  1.517041e-02 -9.904407e-03 
 1.810000e+04  3.650199e+01 -1.574670e-02  1.526410e-02 -9.970310e-03 
 1.815000e+04  3.723478e+01 -1.584879e-02  1.535929e-02 -1.003731e-02 
 1.820000e+04  3.796756e+01 -1.594942e-02  1.545317e-02 -1.010342e-02 
 1.825000e+04  3.871279e+01 -1.605043e-02  1.554726e-02 -1.016964e-02 
 1.830000e+04  3.950991e+01 -1.615743e-02  1.564667e-02 -1.023965e-02 
 1.835000e+04  4.031781e+01 -1.626452e-02  1.574606e-02 -1.030977e-02 
 1.840000e+04  4.112570e+01 -1.636996e-02  1.584399e-02 -1.037888e-02 
 1.845000e+04  4.195540e+01 -1.647699e-02  1.594325e-02 -1.044889e-02 
 1.850000e+04  4.280369e+01 -1.658520e-02  1.604359e-02 -1.051960e-02 
 1.855000e+04  4.365197e+01 -1.669183e-02  1.614258e-02 -1.058932e-02 
 1.860000e+04  4.451468e+01 -1.679890e-02  1.624189e-02 -1.065920e-02 
 1.865000e+04  4.544457e+01 -1.691305e-02  1.634760e-02 -1.073366e-02 
 1.870000e+04  4.637981e+01 -1.702631e-02  1.645245e-02 -1.080766e-02 
 1.875000e+04  4.731504e+01 -1.713794e-02  1.655568e-02 -1.088055e-02 
 1.880000e+04  4.828114e+01 -1.725195e-02  1.666080e-02 -1.095471e-02 
 1.885000e+04  4.930929e+01 -1.737183e-02  1.677126e-02 -1.103266e-02 
 1.890000e+04  5.034039e+01 -1.749026e-02  1.688054e-02 -1.110974e-02 
 1.895000e+04  5.137252e+01 -1.760711e-02  1.698824e-02 -1.118569e-02 
 1.900000e+04  5.247899e+01 -1.773080e-02  1.710215e-02 -1.126607e-02 
 1.905000e+04  5.361577e+01 -1.785615e-02  1.721767e-02 -1.134762e-02 
 1.910000e+04  5.475256e+01 -1.797957e-02  1.733142e-02 -1.142776e-02 
 1.915000e+04  5.594140e+01 -1.810702e-02  1.744847e-02 -1.151030e-02 
 1.920000e+04  5.719471e+01 -1.823968e-02  1.757014e-02 -1.159620e-02 
 1.925000e+04  5.844801e+01 -1.837021e-02  1.768989e-02 -1.168079e-02 
 1.930000e+04  5.970132e+01 -1.849872e-02  1.780762e-02 -1.176398e-02 
 1.935000e+04  6.101102e+01 -1.863129e-02  1.792887e-02 -1.184967e-02 
 1.940000e+04  6.232699e+01 -1.876261e-02  1.804907e-02 -1.193452e-02 
 1.945000e+04  6.364296e+01 -1.889182e-02  1.816737e-02 -1.201797e-02 
 1.950000e+04  6.505684e+01 -1.902877e-02  1.829256e-02 -1.210632e-02 
 1.955000e+04  6.650770e+01 -1.916747e-02  1.841917e-02 -1.219577e-02 
 1.960000e+04  6.795855e+01 -1.930391e-02  1.854374e-02 -1.228377e-02 
 1.965000e+04  6.945504e+01 -1.944251e-02  1.866995e-02 -1.237292e-02 
 1.970000e+04  7.105461e+01 -1.958873e-02  1.880285e-02 -1.246688e-02 
 1.975000e+04  7.265418e+01 -1.973262e-02  1.893372e-02 -1.255937e-02 
 1.980000e+04  7.425375e+01 -1.987406e-02  1.906231e-02 -1.265023e-02 
 1.985000e+04  7.598552e+01 -2.002491e-02  1.919933e-02 -1.274708e-02 
 1.990000e+04  7.774905e+01 -2.017626e-02  1.933676e-02 -1.284421e-02 
 1.995000e+04  7.951257e+01 -2.032505e-02  1.947184e-02 -1.293960e-02 
 2.000000e+04  8.132195e+01 -2.047530e-02  1.960793e-02 -1.303568e-02 
 2.005000e+04  8.325698e+01 -2.063368e-02  1.975110e-02 -1.313693e-02 
 2.010000e+04  8.520127e+01 -2.079013e-02  1.989251e-02 -1.323697e-02 
 2.015000e+04  8.714555e+01 -2.094381e-02  2.003128e-02 -1.333515e-02 
 2.020000e+04  8.922011e+01 -2.110520e-02  2.017680e-02 -1.343817e-02 
 2.025000e+04  9.136369e+01 -2.126942e-02  2.032484e-02 -1.354285e-02 
 2.030000e+04  9.350726e+01 -2.143069e-02  2.047017e-02 -1.364554e-02 
 2.035000e+04  9.576048e+01 -2.159730e-02  2.062007e-02 -1.375148e-02 
 2.040000e+04  9.812378e+01 -2.176932e-02  2.077461e-02 -1.386085e-02 
 2.045000e+04  1.004871e+02 -2.193812e-02  2.092621e-02 -1.396818e-02 
 2.050000e+04  1.028504e+02 -2.210379e-02  2.107481e-02 -1.407336e-02 
 2.055000e+04  1.053865e+02 -2.227863e-02  2.123142e-02 -1.418427e-02 
 2.060000e+04  1.079921e+02 -2.245521e-02  2.138957e-02 -1.429624e-02 
 2.065000e+04  1.105976e+02 -2.262843e-02  2.154465e-02 -1.440593e-02 
 2.070000e+04  1.133163e+02 -2.280596e-02  2.170332e-02 -1.451818e-02 
 2.075000e+04  1.161889e+02 -2.299032e-02  2.186798e-02 -1.463474e-02 
 2.080000e+04  1.190615e+02 -2.317111e-02  2.202939e-02 -1.474897e-02 
 2.085000e+04  1.219514e+02 -2.334950e-02  2.218828e-02 -1.486150e-02 
 2.090000e+04  1.250249e+02 -2.353587e-02  2.235401e-02 -1.497902e-02 
 2.095000e+04  1.281919e+02 -2.372441e-02  2.252164e-02 -1.509789e-02 
 2.100000e+04  1.313590e+02 -2.390922e-02  2.268580e-02 -1.521416e-02 
 2.105000e+04  1.347162e+02 -2.410143e-02  2.285625e-02 -1.533495e-02 
 2.110000e+04  1.382079e+02 -2.429771e-02  2.303016e-02 -1.545828e-02 
 2.115000e+04  1.416995e+02 -2.448989e-02  2.320041e-02 -1.557894e-02 
 2.120000e+04  1.452470e+02 -2.468117e-02  2.336952e-02 -1.569887e-02 
 2.125000e+04  1.490929e+02 -2.488472e-02  2.354921e-02 -1.582645e-02 
 2.130000e+04  1.529425e+02 -2.508432e-02  2.372539e-02 -1.595155e-02 
 2.135000e+04  1.567920e+02 -2.527968e-02  2.389761e-02 -1.607378e-02 
 2.140000e+04  1.609095e+02 -2.548439e-02  2.407789e-02 -1.620175e-02 
 2.145000e+04  1.651537e+02 -2.569129e-02  2.426008e-02 -1.633108e-02 
 2.150000e+04  1.693978e+02 -2.589366e-02  2.443825e-02 -1.645749e-02 
 2.155000e+04  1.736844e+02 -2.609361e-02  2.461397e-02 -1.658225e-02 
 2.160000e+04  1.783502e+02 -2.630692e-02  2.480131e-02 -1.671539e-02 
 2.165000e+04  1.830293e+02 -2.651638e-02  2.498518e-02 -1.684608e-02 
 2.170000e+04  1.877085e+02 -2.672125e-02  2.516467e-02 -1.697364e-02 
 2.175000e+04  1.925374e+02 -2.692821e-02  2.534566e-02 -1.710238e-02 
 2.180000e+04  1.974505e+02 -2.713438e-02  2.552588e-02 -1.723063e-02 
 2.185000e+04  2.023636e+02 -2.733598e-02  2.570202e-02 -1.735594e-02 
 2.190000e+04  2.076739e+02 -2.754929e-02  2.588826e-02 -1.748850e-02 
 2.195000e+04  2.130907e+02 -2.776254e-02  2.607437e-02 -1.762105e-02 
 2.200000e+04  2.185074e+02 -2.797102e-02  2.625617e-02 -1.775052e-02 
 2.205000e+04  2.240216e+02 -2.817847e-02  2.643679e-02 -1.787914e-02 
 2.210000e+04  2.297091e+02 -2.838793e-02  2.661895e-02 -1.800903e-02 
 2.215000e+04  2.353967e+02 -2.859275e-02  2.679698e-02 -1.813609e-02 
 2.220000e+04  2.413842e+02 -2.880365e-02  2.698007e-02 -1.826679e-02 
 2.225000e+04  2.479495e+02 -2.903035e-02  2.717665e-02 -1.840717e-02 
 2.230000e+04  2.545335e+02 -2.925275e-02  2.736942e-02 -1.854493e-02 
 2.235000e+04  2.611176e+02 -2.946978e-02  2.755731e-02 -1.867926e-02 
 2.240000e+04  2.677016e+02 -2.968150e-02  2.774034e-02 -1.881018e-02 
 2.245000e+04  2.742988e+02 -2.988868e-02  2.791926e-02 -1.893833e-02 
 2.250000e+04  2.812121e+02 -3.010102e-02  2.810249e-02 -1.906969e-02 
 2.255000e+04  2.882359e+02 -3.031210e-02  2.828453e-02 -1.920023e-02 
 2.260000e+04  2.954948e+02 -3.052565e-02  2.846861e-02 -1.933228e-02 
 2.265000e+04  3.027537e+02 -3.073438e-02  2.864855e-02 -1.946136e-02 
 2.270000e+04  3.100127e+02 -3.093815e-02  2.882432e-02 -1.958741e-02 
 2.275000e+04  3.176995e+02 -3.114892e-02  2.900622e-02 -1.971783e-02 
 2.280000e+04  3.257024e+02 -3.136369e-02  2.919151e-02 -1.985080e-02 
 2.285000e+04  3.337054e+02 -3.157361e-02  2.937246e-02 -1.998085e-02 
 2.290000e+04  3.417083e+02 -3.177874e-02  2.954900e-02 -2.010790e-02 
 2.295000e+04  3.498953e+02 -3.198384e-02  2.972527e-02 -2.023483e-02 
 2.300000e+04  3.582984e+02 -3.218983e-02  2.990210e-02 -2.036218e-02 
 2.305000e+04  3.669032e+02 -3.239613e-02  3.007900e-02 -2.048970e-02 
 2.310000e+04  3.757265e+02 -3.260318e-02  3.025633e-02 -2.061771e-02 
 2.315000e+04  3.845497e+02 -3.280563e-02  3.042957e-02 -2.074299e-02 
 2.320000e+04  3.936434e+02 -3.300950e-02  3.060393e-02 -2.086918e-02 
 2.325000e+04  4.033710e+02 -3.322303e-02  3.078642e-02 -2.100128e-02 
 2.330000e+04  4.130987e+02 -3.343186e-02  3.096478e-02 -2.113052e-02 
 2.335000e+04  4.228263e+02 -3.363581e-02  3.113881e-02 -2.125676e-02 
 2.340000e+04  4.325539e+02 -3.383495e-02  3.130858e-02 -2.138007e-02 
 2.345000e+04  4.422816e+02 -3.402942e-02  3.147444e-02 -2.150059e-02 
 2.350000e+04  4.524756e+02 -3.422855e-02  3.164440e-02 -2.162405e-02 
 2.355000e+04  4.632004e+02 -3.443374e-02  3.181967e-02 -2.175136e-02 
 2.360000e+04  4.739251e+02 -3.463449e-02  3.199130e-02 -2.187611e-02 
 2.365000e+04  4.846498e+02 -3.483062e-02  3.215910e-02 -2.199812e-02 
 2.370000e+04  4.953745e+02 -3.502218e-02  3.232299e-02 -2.211728e-02 
 2.375000e+04  5.060992e+02 -3.520943e-02  3.248308e-02 -2.223375e-02 
 2.380000e+04  5.174900e+02 -3.540409e-02  3.264929e-02 -2.235486e-02 
 2.385000e+04  5.290640e+02 -3.559798e-02  3.281458e-02 -2.247554e-02 
 2.390000e+04  5.406381e+02 -3.578784e-02  3.297628e-02 -2.259380e-02 
 2.395000e+04  5.522122e+02 -3.597366e-02  3.313440e-02 -2.270953e-02 
 2.400000e+04  5.637863e+02 -3.615558e-02  3.328904e-02 -2.282278e-02 
 2.405000e+04  5.753603e+02 -3.633373e-02  3.344036e-02 -2.293365e-02 
 2.410000e+04  5.869344e+02 -3.650831e-02  3.358847e-02 -2.304233e-02 
 2.415000e+04  5.985085e+02 -3.667946e-02  3.373351e-02 -2.314898e-02 
 2.420000e+04  6.100826e+02 -3.684728e-02  3.387573e-02 -2.325371e-02 
 2.425000e+04  6.216566e+02 -3.701188e-02  3.401536e-02 -2.335653e-02 
 2.430000e+04  6.332307e+02 -3.717336e-02  3.415252e-02 -2.345745e-02 
 2.435000e+04  6.448048e+02 -3.733181e-02  3.428730e-02 -2.355654e-02 
 2.440000e+04  6.563789e+02 -3.748723e-02  3.441971e-02 -2.365387e-02 
 2.445000e+04  6.679529e+02 -3.763978e-02  3.454983e-02 -2.374956e-02 
 2.450000e+04  6.795270e+02 -3.778959e-02  3.467773e-02 -2.384365e-02 
 2.455000e+04  6.911011e+02 -3.793684e-02  3.480343e-02 -2.393615e-02 
 2.460000e+04  7.026752e+02 -3.808171e-02  3.492696e-02 -2.402715e-02 
 2.465000e+04  7.142492e+02 -3.822429e-02  3.504835e-02 -2.411669e-02 
 2.470000e+04  7.258233e+02 -3.836465e-02  3.516768e-02 -2.420484e-02 
 2.475000e+04  7.373974e+02 -3.850287e-02  3.528505e-02 -2.429164e-02 
 2.480000e+04  7.489715e+02 -3.863906e-02  3.540056e-02 -2.437718e-02 
 2.485000e+04  7.605455e+02 -3.877325e-02  3.551429e-02 -2.446148e-02 
 2.490000e+04  7.721196e+02 -3.890550e-02  3.562629e-02 -2.454458e-02 
 2.495000e+04  7.836937e+02 -3.903585e-02  3.573658e-02 -2.462652e-02 
 2.500000e+04  7.952677e+02 -3.916433e-02  3.584522e-02 -2.470733e-02 
 2.505000e+04  8.068418e+02 -3.929102e-02  3.595230e-02 -2.478705e-02 
 2.510000e+04  8.184159e+02 -3.941593e-02  3.605794e-02 -2.486567e-02 
 2.515000e+04  8.299900e+02 -3.953905e-02  3.616215e-02 -2.494320e-02 
 2.520000e+04  8.415640e+02 -3.966039e-02  3.626498e-02 -2.501966e-02 
 2.525000e+04  8.531381e+02 -3.978001e-02  3.636647e-02 -2.509511e-02 
 2.530000e+04  8.647122e+02 -3.989796e-02  3.646667e-02 -2.516957e-02 
 2.535000e+04  8.762863e+02 -4.001432e-02  3.656566e-02 -2.524306e-02 
 2.540000e+04  8.878603e+02 -4.012917e-02  3.666353e-02 -2.531565e-02 
 2.545000e+04  8.994344e+02 -4.024262e-02  3.676028e-02 -2.538733e-02 
 2.550000e+04  9.110085e+02 -4.035478e-02  3.685587e-02 -2.545813e-02 
 2.555000e+04  9.225826e+02 -4.046567e-02  3.695030e-02 -2.552812e-02 
 2.560000e+04  9.341566e+02 -4.057530e-02  3.704364e-02 -2.559731e-02 
 2.565000e+04  9.457307e+02 -4.068375e-02  3.713594e-02 -2.566572e-02 
 2.570000e+04  9.573048e+02 -4.079108e-02  3.722720e-02 -2.573337e-02 
 2.575000e+04  9.688789e+02 -4.089729e-02  3.731740e-02 -2.580031e-02 
 2.580000e+04  9.804529e+02 -4.100240e-02  3.740655e-02 -2.586658e-02 
 2.585000e+04  9.920270e+02 -4.110643e-02  3.749468e-02 -2.593220e-02 
 2.590000e+04  1.003601e+03 -4.120937e-02  3.758188e-02 -2.599720e-02 
 2.595000e+04  1.015175e+03 -4.131126e-02  3.766821e-02 -2.606160e-02 
 2.600000e+04  1.026749e+03 -4.141212e-02  3.775372e-02 -2.612541e-02 
 2.605000e+04  1.038323e+03 -4.151194e-02  3.783841e-02 -2.618863e-02 
 2.610000e+04  1.049897e+03 -4.161074e-02  3.792229e-02 -2.625131e-02 
 2.615000e+04  1.061471e+03 -4.170854e-02  3.800539e-02 -2.631348e-02 
 2.620000e+04  1.073046e+03 -4.180536e-02  3.808774e-02 -2.637515e-02 
 2.625000e+04  1.084620e+03 -4.190124e-02  3.816932e-02 -2.643627e-02 
 2.630000e+04  1.096194e+03 -4.199622e-02  3.825017e-02 -2.649687e-02 
 2.635000e+04  1.107768e+03 -4.209033e-02  3.833028e-02 -2.655697e-02 
 2.640000e+04  1.119342e+03 -4.218354e-02  3.840969e-02 -2.661656e-02 
 2.645000e+04  1.130916e+03 -4.227594e-02  3.848839e-02 -2.667564e-02 
 2.650000e+04  1.142490e+03 -4.236758e-02  3.856645e-02 -2.673428e-02 
 2.655000e+04  1.154064e+03 -4.245856e-02  3.864388e-02 -2.679248e-02 
 2.660000e+04  1.165638e+03 -4.254892e-02  3.872068e-02 -2.685029e-02 
 2.665000e+04  1.177212e+03 -4.263872e-02  3.879689e-02 -2.690767e-02 
 2.670000e+04  1.188786e+03 -4.272798e-02  3.887251e-02 -2.696464e-02 
 2.675000e+04  1.200360e+03 -4.281673e-02  3.894758e-02 -2.702119e-02 
 2.680000e+04  1.211934e+03 -4.290499e-02  3.902212e-02 -2.707735e-02 
 2.685000e+04  1.223508e+03 -4.299280e-02  3.909615e-02 -2.713310e-02 
 2.690000e+04  1.235083e+03 -4.308019e-02  3.916972e-02 -2.718849e-02 
 2.695000e+04  1.246657e+03 -4.316713e-02  3.924283e-02 -2.724352e-02 
 2.700000e+04  1.258231e+03 -4.325358e-02  3.931551e-02 -2.729820e-02 
 2.705000e+04  1.269805e+03 -4.333960e-02  3.938778e-02 -2.735255e-02 
 2.710000e+04  1.281379e+03 -4.342517e-02  3.945967e-02 -2.740654e-02 
 2.715000e+04  1.292953e+03 -4.351025e-02  3.953115e-02 -2.746020e-02 
 2.720000e+04  1.304527e+03 -4.359480e-02  3.960226e-02 -2.751353e-02 
 2.725000e+04  1.316101e+03 -4.367881e-02  3.967294e-02 -2.756650e-02 
 2.730000e+04  1.327675e+03 -4.376230e-02  3.974321e-02 -2.761914e-02 
 2.735000e+04  1.339249e+03 -4.384525e-02  3.981305e-02 -2.767146e-02 
 2.740000e+04  1.350823e+03 -4.392765e-02  3.988243e-02 -2.772347e-02 
 2.745000e+04  1.362397e+03 -4.400946e-02  3.995138e-02 -2.777517e-02 
 2.750000e+04  1.373971e+03 -4.409073e-02  4.001991e-02 -2.782658e-02 
 2.755000e+04  1.385546e+03 -4.417143e-02  4.008803e-02 -2.787767e-02 
 2.760000e+04  1.397120e+03 -4.425159e-02  4.015576e-02 -2.792846e-02 
 2.765000e+04  1.408694e+03 -4.433119e-02  4.022311e-02 -2.797893e-02 
 2.770000e+04  1.420268e+03 -4.441023e-02  4.029007e-02 -2.802910e-02 
 2.775000e+04  1.431842e+03 -4.448868e-02  4.035661e-02 -2.807897e-02 
 2.780000e+04  1.443416e+03 -4.456659e-02  4.042275e-02 -2.812857e-02 
 2.785000e+04  1.454990e+03 -4.464398e-02  4.048851e-02 -2.817788e-02 
 2.790000e+04  1.466564e+03 -4.472083e-02  4.055391e-02 -2.822690e-02 
 2.795000e+04  1.478138e+03 -4.479717e-02  4.061900e-02 -2.827565e-02 
 2.800000e+04  1.489712e+03 -4.487304e-02  4.068383e-02 -2.832413e-02 
 2.805000e+04  1.501286e+03 -4.494841e-02  4.074841e-02 -2.837231e-02 
 2.810000e+04  1.512860e+03 -4.502333e-02  4.081272e-02 -2.842024e-02 
 2.815000e+04  1.524434e+03 -4.509776e-02  4.087675e-02 -2.846792e-02 
 2.820000e+04  1.536008e+03 -4.517172e-02  4.094047e-02 -2.851531e-02 
 2.825000e+04  1.547583e+03 -4.524522e-02  4.100388e-02 -2.856245e-02 
 2.830000e+04  1.559157e+03 -4.531825e-02  4.106698e-02 -2.860933e-02 
 2.835000e+04  1.570731e+03 -4.539080e-02  4.112974e-02 -2.865593e-02 
 2.840000e+04  1.582305e+03 -4.546291e-02  4.119213e-02 -2.870224e-02 
 2.845000e+04  1.593879e+03 -4.553457e-02  4.125417e-02 -2.874829e-02 
 2.850000e+04  1.605453e+03 -4.560577e-02  4.131583e-02 -2.879405e-02 
 2.855000e+04  1.617027e+03 -4.567651e-02  4.137710e-02 -2.883954e-02 
 2.860000e+04  1.628601e+03 -4.574675e-02  4.143797e-02 -2.888474e-02 
 2.865000e+04  1.640175e+03 -4.581655e-02  4.149846e-02 -2.892966e-02 
 2.870000e+04  1.651749e+03 -4.588592e-02  4.155855e-02 -2.897428e-02 
 2.875000e+04  1.663323e+03 -4.595486e-02  4.161821e-02 -2.901861e-02 
 2.880000e+04  1.674897e+03 -4.602340e-02  4.167743e-02 -2.906266e-02 
 2.885000e+04  1.686471e+03 -4.609149e-02  4.173623e-02 -2.910645e-02 
 2.890000e+04  1.698046e+03 -4.615917e-02  4.179463e-02 -2.914995e-02 
 2.895000e+04  1.709620e+03 -4.622643e-02  4.185267e-02 -2.919319e-02 
 2.900000e+04  1.721194e+03 -4.629329e-02  4.191035e-02 -2.923618e-02 
 2.905000e+04  1.732768e+03 -4.635975e-02  4.196768e-02 -2.927891e-02 
 2.910000e+04  1.744342e+03 -4.642584e-02  4.202465e-02 -2.932138e-02 
 2.915000e+04  1.755916e+03 -4.649157e-02  4.208125e-02 -2.936363e-02 
 2.920000e+04  1.767490e+03 -4.655692e-02  4.213749e-02 -2.940562e-02 
 2.925000e+04  1.779064e+03 -4.662192e-02  4.219340e-02 -2.944739e-02 
 2.930000e+04  1.790638e+03 -4.668660e-02  4.224900e-02 -2.948894e-02 
 2.935000e+04  1.802212e+03 -4.675096e-02  4.230431e-02 -2.953027e-02 
 2.940000e+04  1.813786e+03 -4.681502e-02  4.235935e-02 -2.957140e-02 
 2.945000e+04  1.825360e+03 -4.687879e-02  4.241411e-02 -2.961232e-02 
 2.950000e+04  1.836934e+03 -4.694226e-02  4.246855e-02 -2.965305e-02 
 2.955000e+04  1.848508e+03 -4.700544e-02  4.252268e-02 -2.969358e-02 
 2.960000e+04  1.860083e+03 -4.706830e-02  4.257649e-02 -2.973392e-02 
 2.965000e+04  1.871657e+03 -4.713085e-02  4.263000e-02 -2.977408e-02 
 2.970000e+04  1.883231e+03 -4.719307e-02  4.268324e-02 -2.981404e-02 
 2.975000e+04  1.894805e+03 -4.725499e-02  4.273622e-02 -2.985380e-02 
 2.980000e+04  1.906379e+03 -4.731662e-02  4.278893e-02 -2.989339e-02 
 2.985000e+04  1.917953e+03 -4.737795e-02  4.284138e-02 -2.993279e-02 
 2.990000e+04  1.929527e+03 -4.743901e-02  4.289359e-02 -2.997204e-02 
 2.995000e+04  1.941101e+03 -4.749976e-02  4.294556e-02 -3.001112e-02 
 3.000000e+04  1.952675e+03 -4.756023e-02  4.299729e-02 -3.005006e-02 
 3.005000e+04  1.964249e+03 -4.762042e-02  4.304877e-02 -3.008885e-02 
 3.010000e+04  1.975823e+03 -4.768031e-02  4.310003e-02 -3.012750e-02 
 3.015000e+04  1.987397e+03 -4.773994e-02  4.315115e-02 -3.016604e-02 
 3.020000e+04  1.998971e+03 -4.779932e-02  4.320207e-02 -3.020440e-02 
 3.025000e+04  2.010546e+03 -4.785843e-02  4.325280e-02 -3.024259e-02 
 3.030000e+04  2.022120e+03 -4.791729e-02  4.330332e-02 -3.028065e-02 
 3.035000e+04  2.033694e+03 -4.797590e-02  4.335359e-02 -3.031855e-02 
 3.040000e+04  2.045268e+03 -4.803420e-02  4.340363e-02 -3.035628e-02 
 3.045000e+04  2.056842e+03 -4.809223e-02  4.345350e-02 -3.039387e-02 
 3.050000e+04  2.068416e+03 -4.815001e-02  4.350320e-02 -3.043133e-02 
 3.055000e+04  2.079990e+03 -4.820755e-02  4.355270e-02 -3.046865e-02 
 3.060000e+04  2.091564e+03 -4.826485e-02  4.360200e-02 -3.050583e-02 
 3.065000e+04  2.103138e+03 -4.832190e-02  4.365110e-02 -3.054290e-02 
 3.070000e+04  2.114712e+03 -4.837871e-02  4.370001e-02 -3.057983e-02 
 3.075000e+04  2.126286e+03 -4.843529e-02  4.374875e-02 -3.061663e-02 
 3.080000e+04  2.137860e+03 -4.849163e-02  4.379730e-02 -3.065329e-02 
 3.085000e+04  2.149434e+03 -4.854773e-02  4.384567e-02 -3.068982e-02 
 3.090000e+04  2.161008e+03 -4.860359e-02  4.389383e-02 -3.072622e-02 
 3.095000e+04  2.172583e+03 -4.865921e-02  4.394182e-02 -3.076250e-02 
 3.100000e+04  2.184157e+03 -4.871462e-02  4.398961e-02 -3.079865e-02 
 3.105000e+04  2.195731e+03 -4.876981e-02  4.403723e-02 -3.083469e-02 
 3.110000e+04  2.207305e+03 -4.882481e-02  4.408469e-02 -3.087063e-02 
 3.115000e+04  2.218879e+03 -4.887959e-02  4.413196e-02 -3.090646e-02 
 3.120000e+04  2.230453e+03 -4.893418e-02  4.417903e-02 -3.094218e-02 
 3.125000e+04  2.242027e+03 -4.898857e-02  4.422590e-02 -3.097781e-02 
 3.130000e+04  2.253601e+03 -4.904277e-02  4.427260e-02 -3.101332e-02 
 3.135000e+04  2.265175e+03 -4.909678e-02  4.431910e-02 -3.104871e-02 
 3.140000e+04  2.276749e+03 -4.915060e-02  4.436543e-02 -3.108399e-02 
 3.145000e+04  2.288323e+03 -4.920424e-02  4.441158e-02 -3.111912e-02 
 3.150000e+04  2.299897e+03 -4.925766e-02  4.445757e-02 -3.115382e-02 
 3.155000e+04  2.311471e+03 -4.931094e-02  4.450314e-02 -3.118846e-02 
 3.160000e+04  2.323046e+03 -4.936391e-02  4.454841e-02 -3.122319e-02 
 3.165000e+04  2.334620e+03 -4.941655e-02  4.459368e-02 -3.125804e-02 
 3.170000e+04  2.346194e+03 -4.946910e-02  4.463898e-02 -3.129290e-02 
 3.175000e+04  2.357768e+03 -4.952159e-02  4.468433e-02 -3.132763e-02 
 3.180000e+04  2.369342e+03 -4.957399e-02  4.472958e-02 -3.136204e-02 
 3.185000e+04  2.380916e+03 -4.962608e-02  4.477466e-02 -3.139615e-02 
 3.190000e+04  2.392490e+03 -4.967770e-02  4.481946e-02 -3.143024e-02 
 3.195000e+04  2.404064e+03 -4.972900e-02  4.486386e-02 -3.146445e-02 
 3.200000e+04  2.415638e+03 -4.978014e-02  4.490798e-02 -3.149872e-02 
 3.205000e+04  2.427212e+03 -4.983136e-02  4.495199e-02 -3.153294e-02 
 3.210000e+04  2.438786e+03 -4.988267e-02  4.499597e-02 -3.156712e-02 
 3.215000e+04  2.450360e+03 -4.993380e-02  4.503999e-02 -3.160112e-02 
 3.220000e+04  2.461934e+03 -4.998484e-02  4.508396e-02 -3.163494e-02 
 3.225000e+04  2.473508e+03 -5.003555e-02  4.512774e-02 -3.166867e-02 
 3.230000e+04  2.485083e+03 -5.008608e-02  4.517130e-02 -3.170242e-02 
 3.235000e+04  2.496657e+03 -5.013661e-02  4.521453e-02 -3.173611e-02 
 3.240000e+04  2.508231e+03 -5.018703e-02  4.525753e-02 -3.176962e-02 
 3.245000e+04  2.519805e+03 -5.023739e-02  4.530035e-02 -3.180311e-02 
 3.250000e+04  2.531379e+03 -5.028778e-02  4.534292e-02 -3.183645e-02 
 3.255000e+04  2.542953e+03 -5.033813e-02  4.538536e-02 -3.186947e-02 
 3.260000e+04  2.554527e+03 -5.038812e-02  4.542775e-02 -3.190241e-02 
 3.265000e+04  2.566101e+03 -5.043786e-02  4.546998e-02 -3.193540e-02 
 3.270000e+04  2.577675e+03 -5.048744e-02  4.551218e-02 -3.196843e-02 
 3.275000e+04  2.589249e+03 -5.053699e-02  4.555437e-02 -3.200143e-02 
 3.280000e+04  2.600823e+03 -5.058632e-02  4.559648e-02 -3.203417e-02 
 3.285000e+04  2.612397e+03 -5.063556e-02  4.563859e-02 -3.206684e-02 
 3.290000e+04  2.623971e+03 -5.068478e-02  4.568052e-02 -3.209957e-02 
 3.295000e+04  2.635546e+03 -5.073376e-02  4.572239e-02 -3.213210e-02 
 3.300000e+04  2.647120e+03 -5.078259e-02  4.576421e-02 -3.216459e-02 
 3.305000e+04  2.658694e+03 -5.083139e-02  4.580597e-02 -3.219705e-02 
 3.310000e+04  2.670268e+03 -5.087999e-02  4.584758e-02 -3.222934e-02 
 3.315000e+04  2.681842e+03 -5.092841e-02  4.588903e-02 -3.226167e-02 
 3.320000e+04  2.693416e+03 -5.097687e-02  4.593046e-02 -3.229405e-02 
 3.325000e+04  2.704990e+03 -5.102533e-02  4.597175e-02 -3.232619e-02 
 3.330000e+04  2.716564e+03 -5.107368e-02  4.601290e-02 -3.235804e-02 
 3.335000e+04  2.728138e+03 -5.112218e-02  4.605397e-02 -3.238988e-02 
 3.340000e+04  2.739712e+03 -5.117063e-02  4.609488e-02 -3.242165e-02 
 3.345000e+04  2.751286e+03 -5.121901e-02  4.613559e-02 -3.245325e-02 
 3.350000e+04  2.762860e+03 -5.126730e-02  4.617620e-02 -3.248469e-02 
 3.355000e+04  2.774434e+03 -5.131524e-02  4.621653e-02 -3.251625e-02 
 3.360000e+04  2.786008e+03 -5.136301e-02  4.625678e-02 -3.254785e-02 
 3.365000e+04  2.797583e+03 -5.141054e-02  4.629703e-02 -3.257958e-02 
 3.370000e+04  2.809157e+03 -5.145804e-02  4.633743e-02 -3.261131e-02 
 3.375000e+04  2.820731e+03 -5.150567e-02  4.637797e-02 -3.264291e-02 
 3.380000e+04  2.832305e+03 -5.155329e-02  4.641855e-02 -3.267422e-02 
 3.385000e+04  2.843879e+03 -5.160093e-02  4.645910e-02 -3.270534e-02 
 3.390000e+04  2.855453e+03 -5.164817e-02  4.649960e-02 -3.273634e-02 
 3.395000e+04  2.867027e+03 -5.169492e-02  4.653982e-02 -3.276735e-02 
 3.400000e+04  2.878601e+03 -5.174150e-02  4.657975e-02 -3.279839e-02 
 3.405000e+04  2.890175e+03 -5.178805e-02  4.661965e-02 -3.282947e-02 
 3.410000e+04  2.901749e+03 -5.183464e-02  4.665956e-02 -3.286031e-02 
 3.415000e+04  2.913323e+03 -5.188104e-02  4.669953e-02 -3.289109e-02 
 3.420000e+04  2.924897e+03 -5.192725e-02  4.673959e-02 -3.292179e-02 
 3.425000e+04  2.936471e+03 -5.197347e-02  4.677958e-02 -3.295250e-02 
 3.430000e+04  2.948046e+03 -5.201956e-02  4.681944e-02 -3.298313e-02 
 3.435000e+04  2.959620e+03 -5.206571e-02  4.685920e-02 -3.301365e-02 
 3.440000e+04  2.971194e+03 -5.211206e-02  4.689880e-02 -3.304418e-02 
 3.445000e+04  2.982768e+03 -5.215816e-02  4.693819e-02 -3.307474e-02 
 3.450000e+04  2.994342e+03 -5.220413e-02  4.697750e-02 -3.310530e-02 
 3.455000e+04  3.005916e+03 -5.225021e-02  4.701679e-02 -3.313590e-02 
 3.460000e+04  3.017490e+03 -5.229630e-02  4.705600e-02 -3.316635e-02 
 3.465000e+04  3.029064e+03 -5.234224e-02  4.709509e-02 -3.319640e-02 
 3.470000e+04  3.040638e+03 -5.238842e-02  4.713414e-02 -3.322635e-02 
 3.475000e+04  3.052212e+03 -5.243431e-02  4.717300e-02 -3.325626e-02 
 3.480000e+04  3.063786e+03 -5.248007e-02  4.721168e-02 -3.328623e-02 
 3.485000e+04  3.075360e+03 -5.252531e-02  4.725038e-02 -3.331636e-02 
 3.490000e+04  3.086934e+03 -5.257053e-02  4.728904e-02 -3.334667e-02 
 3.495000e+04  3.098508e+03 -5.261599e-02  4.732769e-02 -3.337693e-02 
 3.500000e+04  3.110083e+03 -5.266151e-02  4.736631e-02 -3.340704e-02 
 3.505000e+04  3.121657e+03 -5.270717e-02  4.740501e-02 -3.343701e-02 
 3.510000e+04  3.133231e+03 -5.275258e-02  4.744378e-02 -3.346682e-02 
 3.515000e+04  3.144805e+03 -5.279771e-02  4.748258e-02 -3.349637e-02 
 3.520000e+04  3.156379e+03 -5.284210e-02  4.752124e-02 -3.352580e-02 
 3.525000e+04  3.167953e+03 -5.288577e-02  4.755971e-02 -3.355519e-02 
 3.530000e+04  3.179527e+03 -5.292910e-02  4.759809e-02 -3.358443e-02 
 3.535000e+04  3.191101e+03 -5.297250e-02  4.763636e-02 -3.361375e-02 
 3.540000e+04  3.202675e+03 -5.301613e-02  4.767466e-02 -3.364324e-02 
 3.545000e+04  3.214249e+03 -5.306012e-02  4.771307e-02 -3.367276e-02 
 3.550000e+04  3.225823e+03 -5.310457e-02  4.775110e-02 -3.370232e-02 
 3.555000e+04  3.237397e+03 -5.314922e-02  4.778912e-02 -3.373160e-02 
 3.560000e+04  3.248971e+03 -5.319379e-02  4.782695e-02 -3.376081e-02 
 3.565000e+04  3.260546e+03 -5.323805e-02  4.786447e-02 -3.379005e-02 
 3.570000e+04  3.272120e+03 -5.328216e-02  4.790140e-02 -3.381925e-02 
 3.575000e+04  3.283694e+03 -5.332623e-02  4.793786e-02 -3.384829e-02 
 3.580000e+04  3.295268e+03 -5.337041e-02  4.797411e-02 -3.387728e-02 
 3.585000e+04  3.306842e+03 -5.341444e-02  4.801052e-02 -3.390625e-02 
 3.590000e+04  3.318416e+03 -5.345825e-02  4.804713e-02 -3.393524e-02 
 3.595000e+04  3.329990e+03 -5.350209e-02  4.808397e-02 -3.396419e-02 
 3.600000e+04  3.341564e+03 -5.354593e-02  4.812093e-02 -3.399316e-02 
 3.605000e+04  3.353138e+03 -5.358984e-02  4.815784e-02 -3.402209e-02 
 3.610000e+04  3.364712e+03 -5.363350e-02  4.819477e-02 -3.405105e-02 
 3.615000e+04  3.376286e+03 -5.367650e-02  4.823169e-02 -3.407999e-02 
 3.620000e+04  3.387860e+03 -5.371913e-02  4.826850e-02 -3.410889e-02 
 3.625000e+04  3.399434e+03 -5.376144e-02  4.830518e-02 -3.413762e-02 
 3.630000e+04  3.411008e+03 -5.380381e-02  4.834207e-02 -3.416600e-02 
 3.635000e+04  3.422583e+03 -5.384628e-02  4.837906e-02 -3.419455e-02 
 3.640000e+04  3.434157e+03 -5.388877e-02  4.841645e-02 -3.422318e-02 
 3.645000e+04  3.445731e+03 -5.393111e-02  4.845390e-02 -3.425191e-02 
 3.650000e+04  3.457305e+03 -5.397351e-02  4.849079e-02 -3.428075e-02 
 3.655000e+04  3.468879e+03 -5.401599e-02  4.852745e-02 -3.430950e-02 
 3.660000e+04  3.480453e+03 -5.405845e-02  4.856385e-02 -3.433800e-02 
 3.665000e+04  3.492027e+03 -5.410098e-02  4.860011e-02 -3.436646e-02 
 3.670000e+04  3.503601e+03 -5.414364e-02  4.863640e-02 -3.439496e-02 
 3.675000e+04  3.515175e+03 -5.418636e-02  4.867260e-02 -3.442341e-02 
 3.680000e+04  3.526749e+03 -5.422898e-02  4.870873e-02 -3.445181e-02 
 3.685000e+04  3.538323e+03 -5.427153e-02  4.874473e-02 -3.448018e-02 
 3.690000e+04  3.549897e+03 -5.431386e-02  4.878055e-02 -3.450854e-02 
 3.695000e+04  3.561471e+03 -5.435585e-02  4.881641e-02 -3.453665e-02 
 3.700000e+04  3.573046e+03 -5.439734e-02  4.885193e-02 -3.456482e-02 
 3.705000e+04  3.584620e+03 -5.443904e-02  4.888758e-02 -3.459316e-02 
 3.710000e+04  3.596194e+03 -5.448077e-02  4.892341e-02 -3.462155e-02 
 3.715000e+04  3.607768e+03 -5.452251e-02  4.895934e-02 -3.464985e-02 
 3.720000e+04  3.619342e+03 -5.456438e-02  4.899541e-02 -3.467792e-02 
 3.725000e+04  3.630916e+03 -5.460602e-02  4.903157e-02 -3.470595e-02 
 3.730000e+04  3.642490e+03 -5.464730e-02  4.906745e-02 -3.473394e-02 
 3.735000e+04  3.654064e+03 -5.468821e-02  4.910316e-02 -3.476172e-02 
 3.740000e+04  3.665638e+03 -5.472894e-02  4.913894e-02 -3.478955e-02 
 3.745000e+04  3.677212e+03 -5.476930e-02  4.917449e-02 -3.481725e-02 
 3.750000e+04  3.688786e+03 -5.480964e-02  4.921018e-02 -3.484507e-02 
 3.755000e+04  3.700360e+03 -5.485004e-02  4.924607e-02 -3.487296e-02 
 3.760000e+04  3.711934e+03 -5.489075e-02  4.928195e-02 -3.490076e-02 
 3.765000e+04  3.723508e+03 -5.493159e-02  4.931792e-02 -3.492848e-02 
 3.770000e+04  3.735083e+03 -5.497254e-02  4.935384e-02 -3.495621e-02 
 3.775000e+04  3.746657e+03 -5.501351e-02  4.938964e-02 -3.498372e-02 
 3.780000e+04  3.758231e+03 -5.505422e-02  4.942529e-02 -3.501123e-02 
 3.785000e+04  3.769805e+03 -5.509495e-02  4.946074e-02 -3.503866e-02 
 3.790000e+04  3.781379e+03 -5.513546e-02  4.949597e-02 -3.506598e-02 
 3.795000e+04  3.792953e+03 -5.517571e-02  4.953075e-02 -3.509316e-02 
 3.800000e+04  3.804527e+03 -5.521615e-02  4.956538e-02 -3.512034e-02 
 3.805000e+04  3.816101e+03 -5.525667e-02  4.960006e-02 -3.514770e-02 
 3.810000e+04  3.827675e+03 -5.529715e-02  4.963490e-02 -3.517502e-02 
 3.815000e+04  3.839249e+03 -5.533755e-02  4.966991e-02 -3.520233e-02 
 3.820000e+04  3.850823e+03 -5.537787e-02  4.970502e-02 -3.522968e-02 
 3.825000e+04  3.862397e+03 -5.541826e-02  4.974025e-02 -3.525681e-02 
 3.830000e+04  3.873971e+03 -5.545852e-02  4.977544e-02 -3.528385e-02 
 3.835000e+04  3.885546e+03 -5.549865e-02  4.981057e-02 -3.531081e-02 
 3.840000e+04  3.897120e+03 -5.553844e-02  4.984555e-02 -3.533774e-02 
 3.845000e+04  3.908694e+03 -5.557797e-02  4.988006e-02 -3.536456e-02 
 3.850000e+04  3.920268e+03 -5.561725e-02  4.991423e-02 -3.539129e-02 
 3.855000e+04  3.931842e+03 -5.565661e-02  4.994858e-02 -3.541794e-02 
 3.860000e+04  3.943416e+03 -5.569613e-02  4.998298e-02 -3.544468e-02 
 3.865000e+04  3.954990e+03 -5.573565e-02  5.001772e-02 -3.547141e-02 
 3.870000e+04  3.966564e+03 -5.577489e-02  5.005262e-02 -3.549810e-02 
 3.875000e+04  3.978138e+03 -5.581425e-02  5.008746e-02 -3.552482e-02 
 3.880000e+04  3.989712e+03 -5.585364e-02  5.012206e-02 -3.555151e-02 
 3.885000e+04  4.001286e+03 -5.589300e-02  5.015664e-02 -3.557813e-02 
 3.890000e+04  4.012860e+03 -5.593242e-02  5.019114e-02 -3.560472e-02 
 3.895000e+04  4.024434e+03 -5.597172e-02  5.022570e-02 -3.563124e-02 
 3.900000e+04  4.036008e+03 -5.601109e-02  5.026005e-02 -3.565775e-02 
 3.905000e+04  4.047583e+03 -5.605048e-02  5.029367e-02 -3.568428e-02 
 3.910000e+04  4.059157e+03 -5.608964e-02  5.032731e-02 -3.571077e-02 
 3.915000e+04  4.070731e+03 -5.612883e-02  5.036097e-02 -3.573720e-02 
 3.920000e+04  4.082305e+03 -5.616806e-02  5.039480e-02 -3.576361e-02 
 3.925000e+04  4.093879e+03 -5.620737e-02  5.042893e-02 -3.579007e-02 
 3.930000e+04  4.105453e+03 -5.624676e-02  5.046297e-02 -3.581644e-02 
 3.935000e+04  4.117027e+03 -5.628596e-02  5.049696e-02 -3.584264e-02 
 3.940000e+04  4.128601e+03 -5.632503e-02  5.053082e-02 -3.586872e-02 
 3.945000e+04  4.140175e+03 -5.636397e-02  5.056455e-02 -3.589483e-02 
 3.950000e+04  4.151749e+03 -5.640275e-02  5.059833e-02 -3.592103e-02 
 3.955000e+04  4.163323e+03 -5.644140e-02  5.063222e-02 -3.594729e-02 
 3.960000e+04  4.174897e+03 -5.648002e-02  5.066599e-02 -3.597353e-02 
 3.965000e+04  4.186471e+03 -5.651838e-02  5.069966e-02 -3.599969e-02 
 3.970000e+04  4.198046e+03 -5.655671e-02  5.073310e-02 -3.602574e-02 
 3.975000e+04  4.209620e+03 -5.659495e-02  5.076663e-02 -3.605179e-02 
 3.980000e+04  4.221194e+03 -5.663305e-02  5.080011e-02 -3.607782e-02 
 3.985000e+04  4.232768e+03 -5.667117e-02  5.083356e-02 -3.610380e-02 
 3.990000e+04  4.244342e+03 -5.670952e-02  5.086700e-02 -3.612979e-02 
 3.995000e+04  4.255916e+03 -5.674798e-02  5.090003e-02 -3.615575e-02 
 4.000000e+04  4.267490e+03 -5.678654e-02  5.093308e-02 -3.618161e-02 
 4.005000e+04  4.279064e+03 -5.682519e-02  5.096612e-02 -3.620743e-02 
 4.010000e+04  4.290638e+03 -5.686371e-02  5.099900e-02 -3.623323e-02 
 4.015000e+04  4.302212e+03 -5.690216e-02  5.103192e-02 -3.625911e-02 
 4.020000e+04  4.313786e+03 -5.694063e-02  5.106480e-02 -3.628508e-02 
 4.025000e+04  4.325360e+03 -5.697908e-02  5.109750e-02 -3.631107e-02 
 4.030000e+04  4.336934e+03 -5.701758e-02  5.113016e-02 -3.633705e-02 
 4.035000e+04  4.348508e+03 -5.705605e-02  5.116292e-02 -3.636300e-02 
 4.040000e+04  4.360083e+03 -5.709443e-02  5.119588e-02 -3.638887e-02 
 4.045000e+04  4.371657e+03 -5.713279e-02  5.122892e-02 -3.641467e-02 
 4.050000e+04  4.383231e+03 -5.717104e-02  5.126198e-02 -3.644043e-02 
 4.055000e+04  4.394805e+03 -5.720907e-02  5.129476e-02 -3.646612e-02 
 4.060000e+04  4.406379e+03 -5.724678e-02  5.132751e-02 -3.649175e-02 
 4.065000e+04  4.417953e+03 -5.728431e-02  5.136032e-02 -3.651741e-02 
 4.070000e+04  4.429527e+03 -5.732186e-02  5.139321e-02 -3.654301e-02 
 4.075000e+04  4.441101e+03 -5.735941e-02  5.142626e-02 -3.656844e-02 
 4.080000e+04  4.452675e+03 -5.739692e-02  5.145935e-02 -3.659385e-02 
 4.085000e+04  4.464249e+03 -5.743428e-02  5.149233e-02 -3.661913e-02 
 4.090000e+04  4.475823e+03 -5.747170e-02  5.152482e-02 -3.664445e-02 
 4.095000e+04  4.487397e+03 -5.750914e-02  5.155725e-02 -3.666983e-02 
 4.100000e+04  4.498971e+03 -5.754657e-02  5.158960e-02 -3.669516e-02 
 4.105000e+04  4.510546e+03 -5.758403e-02  5.162197e-02 -3.672049e-02 
 4.110000e+04  4.522120e+03 -5.762169e-02  5.165444e-02 -3.674599e-02 
 4.115000e+04  4.533694e+03 -5.765936e-02  5.168699e-02 -3.677146e-02 
 4.120000e+04  4.545268e+03 -5.769708e-02  5.171947e-02 -3.679678e-02 
 4.125000e+04  4.556842e+03 -5.773484e-02  5.175194e-02 -3.682205e-02 
 4.130000e+04  4.568416e+03 -5.777266e-02  5.178435e-02 -3.684731e-02 
 4.135000e+04  4.579990e+03 -5.781047e-02  5.181664e-02 -3.687257e-02 
 4.140000e+04  4.591564e+03 -5.784824e-02  5.184884e-02 -3.689783e-02 
 4.145000e+04  4.603138e+03 -5.788601e-02  5.188101e-02 -3.692311e-02 
 4.150000e+04  4.614712e+03 -5.792367e-02  5.191299e-02 -3.694838e-02 
 4.155000e+04  4.626286e+03 -5.796129e-02  5.194478e-02 -3.697359e-02 
 4.160000e+04  4.637860e+03 -5.799884e-02  5.197667e-02 -3.699872e-02 
 4.165000e+04  4.649434e+03 -5.803632e-02  5.200868e-02 -3.702383e-02 
 4.170000e+04  4.661008e+03 -5.807377e-02  5.204070e-02 -3.704879e-02 
 4.175000e+04  4.672583e+03 -5.811119e-02  5.207239e-02 -3.707362e-02 
 4.180000e+04  4.684157e+03 -5.814856e-02  5.210422e-02 -3.709841e-02 
 4.185000e+04  4.695731e+03 -5.818581e-02  5.213630e-02 -3.712330e-02 
 4.190000e+04  4.707305e+03 -5.822280e-02  5.216857e-02 -3.714818e-02 
 4.195000e+04  4.718879e+03 -5.825972e-02  5.220084e-02 -3.717310e-02 
 4.200000e+04  4.730453e+03 -5.829672e-02  5.223318e-02 -3.719816e-02 
 4.205000e+04  4.742027e+03 -5.833374e-02  5.226551e-02 -3.722318e-02 
 4.210000e+04  4.753601e+03 -5.837070e-02  5.229776e-02 -3.724808e-02 
 4.215000e+04  4.765175e+03 -5.840763e-02  5.233003e-02 -3.727286e-02 
 4.220000e+04  4.776749e+03 -5.844454e-02  5.236231e-02 -3.729749e-02 
 4.225000e+04  4.788323e+03 -5.848149e-02  5.239450e-02 -3.732212e-02 
 4.230000e+04  4.799897e+03 -5.851834e-02  5.242657e-02 -3.734677e-02 
 4.235000e+04  4.811471e+03 -5.855525e-02  5.245836e-02 -3.737151e-02 
 4.240000e+04  4.823046e+03 -5.859203e-02  5.248989e-02 -3.739633e-02 
 4.245000e+04  4.834620e+03 -5.862867e-02  5.252140e-02 -3.742103e-02 
 4.250000e+04  4.846194e+03 -5.866542e-02  5.255293e-02 -3.744568e-02 
 4.255000e+04  4.857768e+03 -5.870235e-02  5.258460e-02 -3.747030e-02 
 4.260000e+04  4.869342e+03 -5.873943e-02  5.261629e-02 -3.749487e-02 
 4.265000e+04  4.880916e+03 -5.877652e-02  5.264790e-02 -3.751931e-02 
 4.270000e+04  4.892490e+03 -5.881360e-02  5.267950e-02 -3.754380e-02 
 4.275000e+04  4.904064e+03 -5.885054e-02  5.271111e-02 -3.756838e-02 
 4.280000e+04  4.915638e+03 -5.888732e-02  5.274250e-02 -3.759295e-02 
 4.285000e+04  4.927212e+03 -5.892402e-02  5.277361e-02 -3.761751e-02 
 4.290000e+04  4.938786e+03 -5.896069e-02  5.280452e-02 -3.764210e-02 
 4.295000e+04  4.950360e+03 -5.899725e-02  5.283544e-02 -3.766658e-02 
 4.300000e+04  4.961934e+03 -5.903372e-02  5.286650e-02 -3.769094e-02 
 4.305000e+04  4.973508e+03 -5.907027e-02  5.289780e-02 -3.771533e-02 
 4.310000e+04  4.985083e+03 -5.910683e-02  5.292940e-02 -3.773964e-02 
 4.315000e+04  4.996657e+03 -5.914329e-02  5.296087e-02 -3.776392e-02 
 4.320000e+04  5.008231e+03 -5.917963e-02  5.299228e-02 -3.778821e-02 
 4.325000e+04  5.019805e+03 -5.921582e-02  5.302350e-02 -3.781249e-02 
 4.330000e+04  5.031379e+03 -5.925198e-02  5.305466e-02 -3.783677e-02 
 4.335000e+04  5.042953e+03 -5.928813e-02  5.308591e-02 -3.786101e-02 
 4.340000e+04  5.054527e+03 -5.932425e-02  5.311726e-02 -3.788526e-02 
 4.345000e+04  5.066101e+03 -5.936015e-02  5.314868e-02 -3.790949e-02 
 4.350000e+04  5.077675e+03 -5.939614e-02  5.318007e-02 -3.793372e-02 
 4.355000e+04  5.089249e+03 -5.943232e-02  5.321143e-02 -3.795781e-02 
 4.360000e+04  5.100823e+03 -5.946859e-02  5.324271e-02 -3.798178e-02 
 4.365000e+04  5.112397e+03 -5.950489e-02  5.327391e-02 -3.800577e-02 
 4.370000e+04  5.123971e+03 -5.954105e-02  5.330496e-02 -3.802985e-02 
 4.375000e+04  5.135546e+03 -5.957690e-02  5.333598e-02 -3.805398e-02 
 4.380000e+04  5.147120e+03 -5.961285e-02  5.336697e-02 -3.807820e-02 
 4.385000e+04  5.158694e+03 -5.964904e-02  5.339788e-02 -3.810237e-02 
 4.390000e+04  5.170268e+03 -5.968543e-02  5.342871e-02 -3.812643e-02 
 4.395000e+04  5.181842e+03 -5.972187e-02  5.345959e-02 -3.815040e-02 
 4.400000e+04  5.193416e+03 -5.975818e-02  5.349056e-02 -3.817435e-02 
 4.405000e+04  5.204990e+03 -5.979416e-02  5.352162e-02 -3.819831e-02 
 4.410000e+04  5.216564e+03 -5.983016e-02  5.355259e-02 -3.822233e-02 
 4.415000e+04  5.228138e+03 -5.986625e-02  5.358344e-02 -3.824639e-02 
 4.420000e+04  5.239712e+03 -5.990235e-02  5.361421e-02 -3.827039e-02 
 4.425000e+04  5.251286e+03 -5.993828e-02  5.364497e-02 -3.829423e-02 
 4.430000e+04  5.262860e+03 -5.997401e-02  5.367583e-02 -3.831803e-02 
 4.435000e+04  5.274434e+03 -6.000977e-02  5.370674e-02 -3.834180e-02 
 4.440000e+04  5.286008e+03 -6.004560e-02  5.373749e-02 -3.836559e-02 
