         Step [creep.tim... Z Displace... Z Displace... X Displace... 
------------- ------------- ------------- ------------- ------------- 
 5.250000e+03  1.276223e-07 -4.629353e-03  4.524540e-03 -2.433365e-03 
 5.300000e+03  3.886505e-06 -4.629558e-03  4.524643e-03 -2.433576e-03 
 5.350000e+03  3.026202e-05 -4.630460e-03  4.524841e-03 -2.434244e-03 
 5.400000e+03  1.826239e-04 -4.630897e-03  4.525027e-03 -2.434425e-03 
 5.450000e+03  7.239442e-04 -4.631829e-03  4.526292e-03 -2.436068e-03 
 5.500000e+03  1.344136e-03 -4.634735e-03  4.529083e-03 -2.439323e-03 
 5.550000e+03  1.966188e-03 -4.639364e-03  4.533715e-03 -2.443744e-03 
 5.600000e+03  2.913671e-03 -4.647583e-03  4.542865e-03 -2.450757e-03 
 5.650000e+03  4.249422e-03 -4.658457e-03  4.555460e-03 -2.459497e-03 
 5.700000e+03  5.657456e-03 -4.667190e-03  4.565241e-03 -2.466044e-03 
 5.750000e+03  7.279501e-03 -4.674895e-03  4.572260e-03 -2.471489e-03 
 5.800000e+03  8.925055e-03 -4.682736e-03  4.578939e-03 -2.477649e-03 
 5.850000e+03  1.057061e-02 -4.691771e-03  4.587421e-03 -2.485501e-03 
 5.900000e+03  1.221616e-02 -4.702000e-03  4.598012e-03 -2.494948e-03 
 5.950000e+03  1.400794e-02 -4.713988e-03  4.611175e-03 -2.506325e-03 
 6.000000e+03  1.637500e-02 -4.729260e-03  4.627700e-03 -2.520351e-03 
 6.050000e+03  1.880623e-02 -4.743303e-03  4.640955e-03 -2.531201e-03 
 6.100000e+03  2.141409e-02 -4.756395e-03  4.652325e-03 -2.539892e-03 
 6.150000e+03  2.409453e-02 -4.769211e-03  4.664057e-03 -2.548387e-03 
 6.200000e+03  2.677496e-02 -4.782354e-03  4.677175e-03 -2.558145e-03 
 6.250000e+03  2.945539e-02 -4.796499e-03  4.692195e-03 -2.569799e-03 
 6.300000e+03  3.218543e-02 -4.811888e-03  4.708619e-03 -2.583531e-03 
 6.350000e+03  3.555863e-02 -4.829951e-03  4.727113e-03 -2.600485e-03 
 6.400000e+03  3.901383e-02 -4.845051e-03  4.742457e-03 -2.614577e-03 
 6.450000e+03  4.276751e-02 -4.859638e-03  4.757898e-03 -2.627248e-03 
 6.500000e+03  4.653915e-02 -4.874642e-03  4.773666e-03 -2.638726e-03 
 6.550000e+03  5.031078e-02 -4.890440e-03  4.790302e-03 -2.650330e-03 
 6.600000e+03  5.408242e-02 -4.907529e-03  4.808291e-03 -2.663060e-03 
 6.650000e+03  5.793081e-02 -4.926125e-03  4.827942e-03 -2.677411e-03 
 6.700000e+03  6.228033e-02 -4.945733e-03  4.848621e-03 -2.693805e-03 
 6.750000e+03  6.687177e-02 -4.962694e-03  4.865961e-03 -2.709319e-03 
 6.800000e+03  7.210303e-02 -4.980666e-03  4.883878e-03 -2.725593e-03 
 6.850000e+03  7.741011e-02 -4.999067e-03  4.902346e-03 -2.740946e-03 
 6.900000e+03  8.271718e-02 -5.017936e-03  4.921571e-03 -2.755819e-03 
 6.950000e+03  8.802426e-02 -5.037790e-03  4.941926e-03 -2.770883e-03 
 7.000000e+03  9.351578e-02 -5.059617e-03  4.964438e-03 -2.786945e-03 
 7.050000e+03  9.965938e-02 -5.083762e-03  4.988534e-03 -2.804090e-03 
 7.100000e+03  1.058030e-01 -5.104629e-03  5.008783e-03 -2.819747e-03 
 7.150000e+03  1.122169e-01 -5.124212e-03  5.028185e-03 -2.835873e-03 
 7.200000e+03  1.186677e-01 -5.143230e-03  5.047480e-03 -2.852245e-03 
 7.250000e+03  1.251185e-01 -5.162210e-03  5.066999e-03 -2.868452e-03 
 7.300000e+03  1.315951e-01 -5.181892e-03  5.087199e-03 -2.884743e-03 
 7.350000e+03  1.391938e-01 -5.206211e-03  5.111813e-03 -2.903517e-03 
 7.400000e+03  1.470348e-01 -5.230873e-03  5.136646e-03 -2.921275e-03 
 7.450000e+03  1.548758e-01 -5.253235e-03  5.159342e-03 -2.937253e-03 
 7.500000e+03  1.627167e-01 -5.274400e-03  5.180948e-03 -2.953045e-03 
 7.550000e+03  1.705577e-01 -5.295176e-03  5.202231e-03 -2.969147e-03 
 7.600000e+03  1.783987e-01 -5.315401e-03  5.223338e-03 -2.985639e-03 
 7.650000e+03  1.864557e-01 -5.335904e-03  5.244808e-03 -3.003005e-03 
 7.700000e+03  1.959460e-01 -5.360161e-03  5.269865e-03 -3.023327e-03 
 7.750000e+03  2.059532e-01 -5.385200e-03  5.295055e-03 -3.043074e-03 
 7.800000e+03  2.159605e-01 -5.409273e-03  5.318939e-03 -3.060774e-03 
 7.850000e+03  2.259678e-01 -5.432971e-03  5.342647e-03 -3.077752e-03 
 7.900000e+03  2.359751e-01 -5.456622e-03  5.366520e-03 -3.094665e-03 
 7.950000e+03  2.459824e-01 -5.479921e-03  5.390180e-03 -3.111870e-03 
 8.000000e+03  2.559896e-01 -5.502557e-03  5.413261e-03 -3.129491e-03 
 8.050000e+03  2.670929e-01 -5.526820e-03  5.437696e-03 -3.149164e-03 
 8.100000e+03  2.786776e-01 -5.550865e-03  5.461878e-03 -3.168900e-03 
 8.150000e+03  2.902623e-01 -5.574109e-03  5.485234e-03 -3.187366e-03 
 8.200000e+03  3.018469e-01 -5.597445e-03  5.508561e-03 -3.204788e-03 
 8.250000e+03  3.134316e-01 -5.621171e-03  5.532169e-03 -3.221692e-03 
 8.300000e+03  3.250163e-01 -5.645124e-03  5.555873e-03 -3.238427e-03 
 8.350000e+03  3.366241e-01 -5.668580e-03  5.579406e-03 -3.255278e-03 
 8.400000e+03  3.493926e-01 -5.692907e-03  5.604214e-03 -3.273820e-03 
 8.450000e+03  3.631788e-01 -5.717711e-03  5.629741e-03 -3.293579e-03 
 8.500000e+03  3.772601e-01 -5.742185e-03  5.654837e-03 -3.313287e-03 
 8.550000e+03  3.913413e-01 -5.766502e-03  5.679368e-03 -3.332313e-03 
 8.600000e+03  4.054226e-01 -5.790981e-03  5.703958e-03 -3.350771e-03 
 8.650000e+03  4.201797e-01 -5.816892e-03  5.730037e-03 -3.369659e-03 
 8.700000e+03  4.349650e-01 -5.842671e-03  5.755851e-03 -3.388012e-03 
 8.750000e+03  4.500904e-01 -5.868159e-03  5.781293e-03 -3.406236e-03 
 8.800000e+03  4.656150e-01 -5.893440e-03  5.806533e-03 -3.424789e-03 
 8.850000e+03  4.811395e-01 -5.917818e-03  5.831205e-03 -3.443355e-03 
 8.900000e+03  4.966641e-01 -5.941302e-03  5.855174e-03 -3.461725e-03 
 8.950000e+03  5.132352e-01 -5.966194e-03  5.880377e-03 -3.481134e-03 
 9.000000e+03  5.312068e-01 -5.993371e-03  5.907675e-03 -3.501858e-03 
 9.050000e+03  5.491785e-01 -6.020416e-03  5.934584e-03 -3.521704e-03 
 9.100000e+03  5.671501e-01 -6.047000e-03  5.960824e-03 -3.540499e-03 
 9.150000e+03  5.860024e-01 -6.074524e-03  5.987925e-03 -3.559741e-03 
 9.200000e+03  6.048726e-01 -6.101639e-03  6.014636e-03 -3.578947e-03 
 9.250000e+03  6.237428e-01 -6.127603e-03  6.040584e-03 -3.598148e-03 
 9.300000e+03  6.426130e-01 -6.152685e-03  6.065863e-03 -3.617435e-03 
 9.350000e+03  6.628438e-01 -6.179226e-03  6.092804e-03 -3.638065e-03 
 9.400000e+03  6.836482e-01 -6.206086e-03  6.120199e-03 -3.658716e-03 
 9.450000e+03  7.044526e-01 -6.232596e-03  6.146875e-03 -3.678333e-03 
 9.500000e+03  7.262140e-01 -6.260379e-03  6.174545e-03 -3.698067e-03 
 9.550000e+03  7.480587e-01 -6.288363e-03  6.202160e-03 -3.717531e-03 
 9.600000e+03  7.699033e-01 -6.315677e-03  6.229110e-03 -3.736801e-03 
 9.650000e+03  7.917480e-01 -6.342062e-03  6.255378e-03 -3.756027e-03 
 9.700000e+03  8.145538e-01 -6.368992e-03  6.282342e-03 -3.776216e-03 
 9.750000e+03  8.374906e-01 -6.395426e-03  6.308957e-03 -3.796324e-03 
 9.800000e+03  8.604275e-01 -6.421173e-03  6.334906e-03 -3.815902e-03 
 9.850000e+03  8.851856e-01 -6.448837e-03  6.362741e-03 -3.836403e-03 
 9.900000e+03  9.104735e-01 -6.477299e-03  6.391207e-03 -3.856868e-03 
 9.950000e+03  9.357614e-01 -6.505578e-03  6.419307e-03 -3.876760e-03 
 1.000000e+04  9.612010e-01 -6.533576e-03  6.446868e-03 -3.896343e-03 
 1.005000e+04  9.877533e-01 -6.562388e-03  6.475024e-03 -3.916655e-03 
 1.010000e+04  1.014306e+00 -6.590442e-03  6.502655e-03 -3.936950e-03 
 1.015000e+04  1.040858e+00 -6.617401e-03  6.529514e-03 -3.957154e-03 
 1.020000e+04  1.067915e+00 -6.644341e-03  6.556407e-03 -3.977457e-03 
 1.025000e+04  1.097049e+00 -6.673355e-03  6.585421e-03 -3.998977e-03 
 1.030000e+04  1.126323e+00 -6.702415e-03  6.614483e-03 -4.020015e-03 
 1.035000e+04  1.155831e+00 -6.731365e-03  6.643371e-03 -4.040486e-03 
 1.040000e+04  1.187522e+00 -6.762261e-03  6.673959e-03 -4.061917e-03 
 1.045000e+04  1.219796e+00 -6.793433e-03  6.704516e-03 -4.083592e-03 
 1.050000e+04  1.252071e+00 -6.823630e-03  6.734146e-03 -4.105180e-03 
 1.055000e+04  1.284345e+00 -6.852879e-03  6.763016e-03 -4.126666e-03 
 1.060000e+04  1.317491e+00 -6.882407e-03  6.792416e-03 -4.148712e-03 
 1.065000e+04  1.351379e+00 -6.912298e-03  6.822346e-03 -4.170920e-03 
 1.070000e+04  1.385267e+00 -6.941818e-03  6.851867e-03 -4.192414e-03 
 1.075000e+04  1.421019e+00 -6.972790e-03  6.882792e-03 -4.214358e-03 
 1.080000e+04  1.458381e+00 -7.005118e-03  6.914974e-03 -4.236904e-03 
 1.085000e+04  1.495743e+00 -7.036969e-03  6.946590e-03 -4.259085e-03 
 1.090000e+04  1.533105e+00 -7.068082e-03  6.977211e-03 -4.281046e-03 
 1.095000e+04  1.571625e+00 -7.099620e-03  7.008088e-03 -4.303701e-03 
 1.100000e+04  1.610854e+00 -7.131172e-03  7.039095e-03 -4.326772e-03 
 1.105000e+04  1.650084e+00 -7.161971e-03  7.069522e-03 -4.349461e-03 
 1.110000e+04  1.690020e+00 -7.192845e-03  7.100175e-03 -4.371957e-03 
 1.115000e+04  1.732694e+00 -7.225934e-03  7.133014e-03 -4.395483e-03 
 1.120000e+04  1.775945e+00 -7.259375e-03  7.166176e-03 -4.418792e-03 
 1.125000e+04  1.819196e+00 -7.292238e-03  7.198705e-03 -4.441608e-03 
 1.130000e+04  1.863701e+00 -7.325517e-03  7.231450e-03 -4.464852e-03 
 1.135000e+04  1.909115e+00 -7.359005e-03  7.264340e-03 -4.488580e-03 
 1.140000e+04  1.954528e+00 -7.391666e-03  7.296383e-03 -4.512163e-03 
 1.145000e+04  1.999942e+00 -7.423526e-03  7.327678e-03 -4.535432e-03 
 1.150000e+04  2.047399e+00 -7.456640e-03  7.360306e-03 -4.559427e-03 
 1.155000e+04  2.095083e+00 -7.489836e-03  7.393095e-03 -4.583053e-03 
 1.160000e+04  2.142767e+00 -7.522583e-03  7.425584e-03 -4.606056e-03 
 1.165000e+04  2.192523e+00 -7.556377e-03  7.459090e-03 -4.629555e-03 
 1.170000e+04  2.245095e+00 -7.591804e-03  7.494156e-03 -4.654207e-03 
 1.175000e+04  2.297666e+00 -7.626631e-03  7.528550e-03 -4.678679e-03 
 1.180000e+04  2.350238e+00 -7.660595e-03  7.561937e-03 -4.702909e-03 
 1.185000e+04  2.404124e+00 -7.694912e-03  7.595579e-03 -4.727584e-03 
 1.190000e+04  2.459324e+00 -7.729819e-03  7.629747e-03 -4.752723e-03 
 1.195000e+04  2.514525e+00 -7.764143e-03  7.663557e-03 -4.777365e-03 
 1.200000e+04  2.570056e+00 -7.798249e-03  7.697233e-03 -4.801480e-03 
 1.205000e+04  2.628654e+00 -7.834260e-03  7.732673e-03 -4.826506e-03 
 1.210000e+04  2.689513e+00 -7.871356e-03  7.769244e-03 -4.852156e-03 
 1.215000e+04  2.750371e+00 -7.907649e-03  7.805062e-03 -4.877452e-03 
 1.220000e+04  2.811229e+00 -7.943313e-03  7.840094e-03 -4.902579e-03 
 1.225000e+04  2.874218e+00 -7.979814e-03  7.875847e-03 -4.928577e-03 
 1.230000e+04  2.938119e+00 -8.016127e-03  7.911482e-03 -4.954717e-03 
 1.235000e+04  3.002020e+00 -8.051903e-03  7.946598e-03 -4.980329e-03 
 1.240000e+04  3.067391e+00 -8.088443e-03  7.982332e-03 -5.006012e-03 
 1.245000e+04  3.134487e+00 -8.125916e-03  8.018921e-03 -5.031942e-03 
 1.250000e+04  3.201584e+00 -8.162695e-03  8.055065e-03 -5.057463e-03 
 1.255000e+04  3.268680e+00 -8.198822e-03  8.090630e-03 -5.082638e-03 
 1.260000e+04  3.339131e+00 -8.236409e-03  8.127650e-03 -5.108988e-03 
 1.265000e+04  3.409582e+00 -8.273542e-03  8.164089e-03 -5.135181e-03 
 1.270000e+04  3.480034e+00 -8.309901e-03  8.199670e-03 -5.161048e-03 
 1.275000e+04  3.552880e+00 -8.347100e-03  8.236004e-03 -5.187437e-03 
 1.280000e+04  3.626854e+00 -8.384750e-03  8.272754e-03 -5.213970e-03 
 1.285000e+04  3.700827e+00 -8.422012e-03  8.309147e-03 -5.240057e-03 
 1.290000e+04  3.775097e+00 -8.458925e-03  8.345216e-03 -5.265702e-03 
 1.295000e+04  3.854556e+00 -8.498164e-03  8.383583e-03 -5.292828e-03 
 1.300000e+04  3.936112e+00 -8.538043e-03  8.422628e-03 -5.320481e-03 
 1.305000e+04  4.017668e+00 -8.577135e-03  8.460884e-03 -5.347864e-03 
 1.310000e+04  4.099224e+00 -8.615587e-03  8.498412e-03 -5.374988e-03 
 1.315000e+04  4.184858e+00 -8.655628e-03  8.537480e-03 -5.403328e-03 
 1.320000e+04  4.270491e+00 -8.695269e-03  8.576103e-03 -5.431322e-03 
 1.325000e+04  4.356125e+00 -8.734334e-03  8.614234e-03 -5.458745e-03 
 1.330000e+04  4.444242e+00 -8.774360e-03  8.653239e-03 -5.486498e-03 
 1.335000e+04  4.534158e+00 -8.814971e-03  8.692817e-03 -5.514555e-03 
 1.340000e+04  4.624073e+00 -8.854957e-03  8.731860e-03 -5.542239e-03 
 1.345000e+04  4.714708e+00 -8.894538e-03  8.770572e-03 -5.569864e-03 
 1.350000e+04  4.811102e+00 -8.936233e-03  8.811335e-03 -5.599128e-03 
 1.355000e+04  4.910234e+00 -8.978623e-03  8.852752e-03 -5.629050e-03 
 1.360000e+04  5.009366e+00 -9.020349e-03  8.893442e-03 -5.658492e-03 
 1.365000e+04  5.109687e+00 -9.062235e-03  8.934149e-03 -5.687814e-03 
 1.370000e+04  5.213776e+00 -9.105630e-03  8.976198e-03 -5.717848e-03 
 1.375000e+04  5.317864e+00 -9.148434e-03  9.017836e-03 -5.747516e-03 
 1.380000e+04  5.421953e+00 -9.190588e-03  9.058853e-03 -5.776742e-03 
 1.385000e+04  5.528227e+00 -9.233205e-03  9.100350e-03 -5.806352e-03 
 1.390000e+04  5.637520e+00 -9.276647e-03  9.142680e-03 -5.836590e-03 
 1.395000e+04  5.746812e+00 -9.319359e-03  9.184274e-03 -5.866550e-03 
 1.400000e+04  5.857308e+00 -9.361941e-03  9.225704e-03 -5.896475e-03 
 1.405000e+04  5.972065e+00 -9.405945e-03  9.268427e-03 -5.927238e-03 
 1.410000e+04  6.086823e+00 -9.449618e-03  9.310797e-03 -5.957635e-03 
 1.415000e+04  6.201580e+00 -9.492728e-03  9.352593e-03 -5.987522e-03 
 1.420000e+04  6.319780e+00 -9.536801e-03  9.395224e-03 -6.017918e-03 
 1.425000e+04  6.440276e+00 -9.581381e-03  9.438376e-03 -6.048707e-03 
 1.430000e+04  6.560771e+00 -9.625251e-03  9.480974e-03 -6.079257e-03 
 1.435000e+04  6.683194e+00 -9.669050e-03  9.523574e-03 -6.109951e-03 
 1.440000e+04  6.813636e+00 -9.715407e-03  9.568610e-03 -6.142399e-03 
 1.445000e+04  6.946483e+00 -9.762242e-03  9.614125e-03 -6.175165e-03 
 1.450000e+04  7.079329e+00 -9.808487e-03  9.659030e-03 -6.207363e-03 
 1.455000e+04  7.215629e+00 -9.855516e-03  9.704536e-03 -6.239889e-03 
 1.460000e+04  7.355117e+00 -9.903434e-03  9.750812e-03 -6.272911e-03 
 1.465000e+04  7.494606e+00 -9.950656e-03  9.796503e-03 -6.305664e-03 
 1.470000e+04  7.634094e+00 -9.997127e-03  9.841535e-03 -6.337980e-03 
 1.475000e+04  7.777907e+00 -1.004457e-02  9.887505e-03 -6.371086e-03 
 1.480000e+04  7.924370e+00 -1.009256e-02  9.933970e-03 -6.404562e-03 
 1.485000e+04  8.070833e+00 -1.013988e-02  9.979838e-03 -6.437609e-03 
 1.490000e+04  8.221396e+00 -1.018799e-02  1.002650e-02 -6.471085e-03 
 1.495000e+04  8.381488e+00 -1.023894e-02  1.007579e-02 -6.506327e-03 
 1.500000e+04  8.542963e+00 -1.028987e-02  1.012495e-02 -6.541456e-03 
 1.505000e+04  8.704438e+00 -1.034003e-02  1.017330e-02 -6.576181e-03 
 1.510000e+04  8.865914e+00 -1.038967e-02  1.022112e-02 -6.610604e-03 
 1.515000e+04  9.034978e+00 -1.044122e-02  1.027075e-02 -6.646383e-03 
 1.520000e+04  9.204527e+00 -1.049222e-02  1.032004e-02 -6.681909e-03 
 1.525000e+04  9.374076e+00 -1.054255e-02  1.036863e-02 -6.717002e-03 
 1.530000e+04  9.550577e+00 -1.059457e-02  1.041888e-02 -6.753133e-03 
 1.535000e+04  9.728603e+00 -1.064671e-02  1.046919e-02 -6.789189e-03 
 1.540000e+04  9.906630e+00 -1.069823e-02  1.051883e-02 -6.824761e-03 
 1.545000e+04  1.008946e+01 -1.075056e-02  1.056918e-02 -6.860888e-03 
 1.550000e+04  1.028387e+01 -1.080580e-02  1.062222e-02 -6.899077e-03 
 1.555000e+04  1.048014e+01 -1.086087e-02  1.067513e-02 -6.937284e-03 
 1.560000e+04  1.067642e+01 -1.091506e-02  1.072731e-02 -6.974987e-03 
 1.565000e+04  1.087485e+01 -1.096940e-02  1.077962e-02 -7.012752e-03 
 1.570000e+04  1.108094e+01 -1.102543e-02  1.083364e-02 -7.051607e-03 
 1.575000e+04  1.128703e+01 -1.108075e-02  1.088704e-02 -7.089980e-03 
 1.580000e+04  1.149311e+01 -1.113543e-02  1.093978e-02 -7.127817e-03 
 1.585000e+04  1.170806e+01 -1.119215e-02  1.099433e-02 -7.166954e-03 
 1.590000e+04  1.192446e+01 -1.124869e-02  1.104866e-02 -7.206063e-03 
 1.595000e+04  1.214085e+01 -1.130443e-02  1.110217e-02 -7.244694e-03 
 1.600000e+04  1.236135e+01 -1.136068e-02  1.115608e-02 -7.283632e-03 
 1.605000e+04  1.258856e+01 -1.141825e-02  1.121123e-02 -7.323480e-03 
 1.610000e+04  1.281578e+01 -1.147510e-02  1.126582e-02 -7.362942e-03 
 1.615000e+04  1.304367e+01 -1.153141e-02  1.131992e-02 -7.402018e-03 
 1.620000e+04  1.328224e+01 -1.159002e-02  1.137616e-02 -7.442488e-03 
 1.625000e+04  1.352081e+01 -1.164813e-02  1.143190e-02 -7.482587e-03 
 1.630000e+04  1.375939e+01 -1.170555e-02  1.148695e-02 -7.522201e-03 
 1.635000e+04  1.400740e+01 -1.176465e-02  1.154344e-02 -7.562976e-03 
 1.640000e+04  1.427042e+01 -1.182684e-02  1.160282e-02 -7.605959e-03 
 1.645000e+04  1.453345e+01 -1.188830e-02  1.166156e-02 -7.648524e-03 
 1.650000e+04  1.479647e+01 -1.194892e-02  1.171954e-02 -7.690512e-03 
 1.655000e+04  1.506108e+01 -1.200947e-02  1.177741e-02 -7.732337e-03 
 1.660000e+04  1.533726e+01 -1.207220e-02  1.183735e-02 -7.775594e-03 
 1.665000e+04  1.561343e+01 -1.213407e-02  1.189672e-02 -7.818384e-03 
 1.670000e+04  1.589348e+01 -1.219603e-02  1.195622e-02 -7.861259e-03 
 1.675000e+04  1.618346e+01 -1.225983e-02  1.201722e-02 -7.905292e-03 
 1.680000e+04  1.647345e+01 -1.232302e-02  1.207762e-02 -7.948973e-03 
 1.685000e+04  1.676344e+01 -1.238538e-02  1.213720e-02 -7.992141e-03 
 1.690000e+04  1.706328e+01 -1.244930e-02  1.219816e-02 -8.036268e-03 
 1.695000e+04  1.736777e+01 -1.251377e-02  1.225962e-02 -8.080714e-03 
 1.700000e+04  1.767225e+01 -1.257751e-02  1.232039e-02 -8.124720e-03 
 1.705000e+04  1.798100e+01 -1.264138e-02  1.238137e-02 -8.168825e-03 
 1.710000e+04  1.831126e+01 -1.270918e-02  1.244607e-02 -8.215558e-03 
 1.715000e+04  1.864696e+01 -1.277753e-02  1.251122e-02 -8.262657e-03 
 1.720000e+04  1.898266e+01 -1.284497e-02  1.257550e-02 -8.309183e-03 
 1.725000e+04  1.932708e+01 -1.291349e-02  1.264071e-02 -8.356408e-03 
 1.730000e+04  1.967956e+01 -1.298313e-02  1.270686e-02 -8.404392e-03 
 1.735000e+04  2.003204e+01 -1.305200e-02  1.277224e-02 -8.451874e-03 
 1.740000e+04  2.038452e+01 -1.312004e-02  1.283686e-02 -8.498748e-03 
 1.745000e+04  2.075075e+01 -1.319024e-02  1.290346e-02 -8.546979e-03 
 1.750000e+04  2.112085e+01 -1.326054e-02  1.297020e-02 -8.595321e-03 
 1.755000e+04  2.149096e+01 -1.332987e-02  1.303612e-02 -8.643124e-03 
 1.760000e+04  2.187068e+01 -1.340028e-02  1.310311e-02 -8.691687e-03 
 1.765000e+04  2.226978e+01 -1.347377e-02  1.317296e-02 -8.742260e-03 
 1.770000e+04  2.267782e+01 -1.354812e-02  1.324359e-02 -8.793458e-03 
 1.775000e+04  2.308586e+01 -1.362160e-02  1.331331e-02 -8.844062e-03 
 1.780000e+04  2.350737e+01 -1.369682e-02  1.338462e-02 -8.895796e-03 
 1.785000e+04  2.393581e+01 -1.377263e-02  1.345640e-02 -8.947878e-03 
 1.790000e+04  2.436425e+01 -1.384746e-02  1.352740e-02 -8.999422e-03 
 1.795000e+04  2.479741e+01 -1.392226e-02  1.359845e-02 -9.050949e-03 
 1.800000e+04  2.524727e+01 -1.399937e-02  1.367163e-02 -9.103999e-03 
 1.805000e+04  2.569714e+01 -1.407571e-02  1.374406e-02 -9.156507e-03 
 1.810000e+04  2.614700e+01 -1.415115e-02  1.381567e-02 -9.208416e-03 
 1.815000e+04  2.662192e+01 -1.423015e-02  1.389042e-02 -9.262678e-03 
 1.820000e+04  2.711790e+01 -1.431199e-02  1.396775e-02 -9.318843e-03 
 1.825000e+04  2.761387e+01 -1.439290e-02  1.404410e-02 -9.374391e-03 
 1.830000e+04  2.810985e+01 -1.447296e-02  1.411951e-02 -9.429224e-03 
 1.835000e+04  2.861872e+01 -1.455441e-02  1.419616e-02 -9.484989e-03 
 1.840000e+04  2.913949e+01 -1.463686e-02  1.427395e-02 -9.541558e-03 
 1.845000e+04  2.966027e+01 -1.471827e-02  1.435086e-02 -9.597469e-03 
 1.850000e+04  3.019198e+01 -1.480062e-02  1.442855e-02 -9.653909e-03 
 1.855000e+04  3.073879e+01 -1.488470e-02  1.450777e-02 -9.711465e-03 
 1.860000e+04  3.128560e+01 -1.496781e-02  1.458612e-02 -9.768419e-03 
 1.865000e+04  3.183788e+01 -1.505079e-02  1.466422e-02 -9.825244e-03 
 1.870000e+04  3.243673e+01 -1.514001e-02  1.474813e-02 -9.886308e-03 
 1.875000e+04  3.303959e+01 -1.522897e-02  1.483178e-02 -9.947160e-03 
 1.880000e+04  3.364245e+01 -1.531681e-02  1.491438e-02 -1.000731e-02 
 1.885000e+04  3.425435e+01 -1.540502e-02  1.499737e-02 -1.006769e-02 
 1.890000e+04  3.488736e+01 -1.549546e-02  1.508249e-02 -1.012955e-02 
 1.895000e+04  3.552036e+01 -1.558486e-02  1.516667e-02 -1.019076e-02 
 1.900000e+04  3.615336e+01 -1.567323e-02  1.524982e-02 -1.025124e-02 
 1.905000e+04  3.683463e+01 -1.576760e-02  1.533840e-02 -1.031569e-02 
 1.910000e+04  3.753252e+01 -1.586348e-02  1.542824e-02 -1.038109e-02 
 1.915000e+04  3.823041e+01 -1.595814e-02  1.551690e-02 -1.044566e-02 
 1.920000e+04  3.894016e+01 -1.605335e-02  1.560597e-02 -1.051055e-02 
 1.925000e+04  3.967294e+01 -1.615083e-02  1.569698e-02 -1.057694e-02 
 1.930000e+04  4.040572e+01 -1.624712e-02  1.578701e-02 -1.064264e-02 
 1.935000e+04  4.113850e+01 -1.634223e-02  1.587607e-02 -1.070755e-02 
 1.940000e+04  4.192108e+01 -1.644294e-02  1.597025e-02 -1.077610e-02 
 1.945000e+04  4.272897e+01 -1.654595e-02  1.606647e-02 -1.084619e-02 
 1.950000e+04  4.353686e+01 -1.664756e-02  1.616150e-02 -1.091544e-02 
 1.955000e+04  4.435768e+01 -1.674972e-02  1.625685e-02 -1.098493e-02 
 1.960000e+04  4.520596e+01 -1.685437e-02  1.635432e-02 -1.105600e-02 
 1.965000e+04  4.605425e+01 -1.695777e-02  1.645065e-02 -1.112630e-02 
 1.970000e+04  4.690338e+01 -1.705999e-02  1.654599e-02 -1.119581e-02 
 1.975000e+04  4.781279e+01 -1.716839e-02  1.664699e-02 -1.126944e-02 
 1.980000e+04  4.874802e+01 -1.727869e-02  1.674990e-02 -1.134445e-02 
 1.985000e+04  4.968326e+01 -1.738761e-02  1.685152e-02 -1.141852e-02 
 1.990000e+04  5.063814e+01 -1.749759e-02  1.695396e-02 -1.149311e-02 
 1.995000e+04  5.166334e+01 -1.761462e-02  1.706275e-02 -1.157236e-02 
 2.000000e+04  5.269444e+01 -1.773096e-02  1.717087e-02 -1.165119e-02 
 2.005000e+04  5.372553e+01 -1.784575e-02  1.727735e-02 -1.172900e-02 
 2.010000e+04  5.479787e+01 -1.796394e-02  1.738673e-02 -1.180901e-02 
 2.015000e+04  5.588053e+01 -1.808200e-02  1.749599e-02 -1.188887e-02 
 2.020000e+04  5.696318e+01 -1.819857e-02  1.760396e-02 -1.196766e-02 
 2.025000e+04  5.806656e+01 -1.831595e-02  1.771262e-02 -1.204696e-02 
 2.030000e+04  5.926019e+01 -1.844170e-02  1.782898e-02 -1.213185e-02 
 2.035000e+04  6.045381e+01 -1.856589e-02  1.794391e-02 -1.221575e-02 
 2.040000e+04  6.164743e+01 -1.868848e-02  1.805727e-02 -1.229850e-02 
 2.045000e+04  6.289716e+01 -1.881549e-02  1.817442e-02 -1.238411e-02 
 2.050000e+04  6.415046e+01 -1.894144e-02  1.829051e-02 -1.246901e-02 
 2.055000e+04  6.540377e+01 -1.906566e-02  1.840509e-02 -1.255277e-02 
 2.060000e+04  6.669649e+01 -1.919231e-02  1.852180e-02 -1.263803e-02 
 2.065000e+04  6.807826e+01 -1.932634e-02  1.864533e-02 -1.272823e-02 
 2.070000e+04  6.946003e+01 -1.945864e-02  1.876734e-02 -1.281730e-02 
 2.075000e+04  7.084179e+01 -1.958921e-02  1.888762e-02 -1.290509e-02 
 2.080000e+04  7.232319e+01 -1.972763e-02  1.901495e-02 -1.299804e-02 
 2.085000e+04  7.384659e+01 -1.986834e-02  1.914425e-02 -1.309257e-02 
 2.090000e+04  7.536999e+01 -2.000714e-02  1.927173e-02 -1.318584e-02 
 2.095000e+04  7.693193e+01 -2.014773e-02  1.940061e-02 -1.328008e-02 
 2.100000e+04  7.861148e+01 -2.029730e-02  1.953750e-02 -1.338020e-02 
 2.105000e+04  8.029103e+01 -2.044481e-02  1.967261e-02 -1.347894e-02 
 2.110000e+04  8.197057e+01 -2.059025e-02  1.980574e-02 -1.357622e-02 
 2.115000e+04  8.372402e+01 -2.074021e-02  1.994286e-02 -1.367652e-02 
 2.120000e+04  8.548755e+01 -2.088913e-02  2.007902e-02 -1.377618e-02 
 2.125000e+04  8.725107e+01 -2.103603e-02  2.021329e-02 -1.387435e-02 
 2.130000e+04  8.915542e+01 -2.119279e-02  2.035630e-02 -1.397888e-02 
 2.135000e+04  9.109970e+01 -2.135090e-02  2.050046e-02 -1.408432e-02 
 2.140000e+04  9.304399e+01 -2.150672e-02  2.064254e-02 -1.418824e-02 
 2.145000e+04  9.502133e+01 -2.166297e-02  2.078484e-02 -1.429226e-02 
 2.150000e+04  9.713837e+01 -2.182818e-02  2.093517e-02 -1.440225e-02 
 2.155000e+04  9.928194e+01 -2.199321e-02  2.108542e-02 -1.451219e-02 
 2.160000e+04  1.014255e+02 -2.215579e-02  2.123340e-02 -1.462039e-02 
 2.165000e+04  1.036980e+02 -2.232586e-02  2.138798e-02 -1.473339e-02 
 2.170000e+04  1.060613e+02 -2.250058e-02  2.154658e-02 -1.484935e-02 
 2.175000e+04  1.084246e+02 -2.267271e-02  2.170276e-02 -1.496354e-02 
 2.180000e+04  1.108186e+02 -2.284453e-02  2.185837e-02 -1.507736e-02 
 2.185000e+04  1.133001e+02 -2.302031e-02  2.201727e-02 -1.519373e-02 
 2.190000e+04  1.157815e+02 -2.319356e-02  2.217390e-02 -1.530845e-02 
 2.195000e+04  1.182955e+02 -2.336648e-02  2.233020e-02 -1.542285e-02 
 2.200000e+04  1.211134e+02 -2.355781e-02  2.250299e-02 -1.554925e-02 
 2.205000e+04  1.239860e+02 -2.375016e-02  2.267667e-02 -1.567624e-02 
 2.210000e+04  1.268586e+02 -2.393942e-02  2.284745e-02 -1.580111e-02 
 2.215000e+04  1.297513e+02 -2.412701e-02  2.301643e-02 -1.592473e-02 
 2.220000e+04  1.327675e+02 -2.431976e-02  2.318990e-02 -1.605177e-02 
 2.225000e+04  1.357838e+02 -2.450955e-02  2.336074e-02 -1.617683e-02 
 2.230000e+04  1.388948e+02 -2.470238e-02  2.353405e-02 -1.630368e-02 
 2.235000e+04  1.422202e+02 -2.490571e-02  2.371657e-02 -1.643728e-02 
 2.240000e+04  1.455456e+02 -2.510591e-02  2.389627e-02 -1.656878e-02 
 2.245000e+04  1.488710e+02 -2.530277e-02  2.407295e-02 -1.669797e-02 
 2.250000e+04  1.524240e+02 -2.550981e-02  2.425859e-02 -1.683373e-02 
 2.255000e+04  1.560903e+02 -2.572034e-02  2.444722e-02 -1.697177e-02 
 2.260000e+04  1.597565e+02 -2.592745e-02  2.463269e-02 -1.710746e-02 
 2.265000e+04  1.634741e+02 -2.613407e-02  2.481736e-02 -1.724264e-02 
 2.270000e+04  1.673236e+02 -2.634477e-02  2.500548e-02 -1.738041e-02 
 2.275000e+04  1.711732e+02 -2.655205e-02  2.519059e-02 -1.751588e-02 
 2.280000e+04  1.751086e+02 -2.676049e-02  2.537659e-02 -1.765194e-02 
 2.285000e+04  1.793527e+02 -2.698199e-02  2.557406e-02 -1.779641e-02 
 2.290000e+04  1.835969e+02 -2.719996e-02  2.576834e-02 -1.793859e-02 
 2.295000e+04  1.878410e+02 -2.741414e-02  2.595922e-02 -1.807823e-02 
 2.300000e+04  1.924100e+02 -2.764091e-02  2.616106e-02 -1.822591e-02 
 2.305000e+04  1.970892e+02 -2.786954e-02  2.636440e-02 -1.837471e-02 
 2.310000e+04  2.017683e+02 -2.809429e-02  2.656416e-02 -1.852085e-02 
 2.315000e+04  2.065317e+02 -2.831909e-02  2.676370e-02 -1.866689e-02 
 2.320000e+04  2.114448e+02 -2.854715e-02  2.696596e-02 -1.881499e-02 
 2.325000e+04  2.163580e+02 -2.877133e-02  2.716475e-02 -1.896054e-02 
 2.330000e+04  2.214199e+02 -2.899832e-02  2.736593e-02 -1.910775e-02 
 2.335000e+04  2.268366e+02 -2.923745e-02  2.757764e-02 -1.926268e-02 
 2.340000e+04  2.322534e+02 -2.947249e-02  2.778574e-02 -1.941496e-02 
 2.345000e+04  2.376701e+02 -2.970327e-02  2.798996e-02 -1.956439e-02 
 2.350000e+04  2.433034e+02 -2.993904e-02  2.819838e-02 -1.971696e-02 
 2.355000e+04  2.489910e+02 -3.017306e-02  2.840511e-02 -1.986835e-02 
 2.360000e+04  2.548321e+02 -3.040922e-02  2.861361e-02 -2.002103e-02 
 2.365000e+04  2.610369e+02 -3.065592e-02  2.883120e-02 -2.018037e-02 
 2.370000e+04  2.673075e+02 -3.090098e-02  2.904717e-02 -2.033855e-02 
 2.375000e+04  2.735780e+02 -3.114156e-02  2.925906e-02 -2.049375e-02 
 2.380000e+04  2.798736e+02 -3.137861e-02  2.946765e-02 -2.064657e-02 
 2.385000e+04  2.866815e+02 -3.163042e-02  2.968913e-02 -2.080889e-02 
 2.390000e+04  2.935947e+02 -3.188171e-02  2.991014e-02 -2.097085e-02 
 2.395000e+04  3.005080e+02 -3.212838e-02  3.012693e-02 -2.112981e-02 
 2.400000e+04  3.075733e+02 -3.237579e-02  3.034419e-02 -2.128913e-02 
 2.405000e+04  3.148322e+02 -3.262540e-02  3.056328e-02 -2.144978e-02 
 2.410000e+04  3.221492e+02 -3.287231e-02  3.077998e-02 -2.160863e-02 
 2.415000e+04  3.297711e+02 -3.312485e-02  3.100148e-02 -2.177108e-02 
 2.420000e+04  3.375606e+02 -3.337817e-02  3.122362e-02 -2.193407e-02 
 2.425000e+04  3.455635e+02 -3.363364e-02  3.144762e-02 -2.209846e-02 
 2.430000e+04  3.535665e+02 -3.388428e-02  3.166730e-02 -2.225966e-02 
 2.435000e+04  3.619136e+02 -3.414079e-02  3.189203e-02 -2.242456e-02 
 2.440000e+04  3.703167e+02 -3.439426e-02  3.211394e-02 -2.258744e-02 
 2.445000e+04  3.788794e+02 -3.464760e-02  3.233555e-02 -2.275021e-02 
 2.450000e+04  3.880203e+02 -3.491313e-02  3.256761e-02 -2.292079e-02 
 2.455000e+04  3.972847e+02 -3.517726e-02  3.279841e-02 -2.309051e-02 
 2.460000e+04  4.065491e+02 -3.543621e-02  3.302457e-02 -2.325684e-02 
 2.465000e+04  4.158136e+02 -3.568999e-02  3.324603e-02 -2.341975e-02 
 2.470000e+04  4.254717e+02 -3.594935e-02  3.347227e-02 -2.358627e-02 
 2.475000e+04  4.356857e+02 -3.621862e-02  3.370713e-02 -2.375920e-02 
 2.480000e+04  4.458997e+02 -3.648271e-02  3.393739e-02 -2.392882e-02 
 2.485000e+04  4.561138e+02 -3.674160e-02  3.416297e-02 -2.409508e-02 
 2.490000e+04  4.663278e+02 -3.699533e-02  3.438393e-02 -2.425799e-02 
 2.495000e+04  4.766848e+02 -3.724737e-02  3.460344e-02 -2.441983e-02 
 2.500000e+04  4.878921e+02 -3.751497e-02  3.483655e-02 -2.459175e-02 
 2.505000e+04  4.991531e+02 -3.777886e-02  3.506646e-02 -2.476139e-02 
 2.510000e+04  5.104140e+02 -3.803755e-02  3.529181e-02 -2.492774e-02 
 2.515000e+04  5.216750e+02 -3.829105e-02  3.551252e-02 -2.509072e-02 
 2.520000e+04  5.331989e+02 -3.854528e-02  3.573383e-02 -2.525418e-02 
 2.525000e+04  5.447730e+02 -3.879564e-02  3.595173e-02 -2.541517e-02 
 2.530000e+04  5.563471e+02 -3.904115e-02  3.616530e-02 -2.557309e-02 
 2.535000e+04  5.679212e+02 -3.928200e-02  3.637477e-02 -2.572809e-02 
 2.540000e+04  5.794952e+02 -3.951840e-02  3.658040e-02 -2.588029e-02 
 2.545000e+04  5.910693e+02 -3.975042e-02  3.678230e-02 -2.602968e-02 
 2.550000e+04  6.026434e+02 -3.997831e-02  3.698058e-02 -2.617640e-02 
 2.555000e+04  6.142175e+02 -4.020223e-02  3.717536e-02 -2.632065e-02 
 2.560000e+04  6.257915e+02 -4.042226e-02  3.736674e-02 -2.646249e-02 
 2.565000e+04  6.373656e+02 -4.063852e-02  3.755484e-02 -2.660197e-02 
 2.570000e+04  6.489397e+02 -4.085118e-02  3.773980e-02 -2.673914e-02 
 2.575000e+04  6.605138e+02 -4.106043e-02  3.792172e-02 -2.687407e-02 
 2.580000e+04  6.720878e+02 -4.126636e-02  3.810062e-02 -2.700687e-02 
 2.585000e+04  6.836619e+02 -4.146901e-02  3.827662e-02 -2.713761e-02 
 2.590000e+04  6.952360e+02 -4.166847e-02  3.844982e-02 -2.726637e-02 
 2.595000e+04  7.068101e+02 -4.186486e-02  3.862034e-02 -2.739318e-02 
 2.600000e+04  7.183841e+02 -4.205831e-02  3.878823e-02 -2.751809e-02 
 2.605000e+04  7.299582e+02 -4.224893e-02  3.895357e-02 -2.764117e-02 
 2.610000e+04  7.415323e+02 -4.243674e-02  3.911645e-02 -2.776249e-02 
 2.615000e+04  7.531064e+02 -4.262174e-02  3.927695e-02 -2.788208e-02 
 2.620000e+04  7.646804e+02 -4.280405e-02  3.943514e-02 -2.799997e-02 
 2.625000e+04  7.762545e+02 -4.298382e-02  3.959112e-02 -2.811625e-02 
 2.630000e+04  7.878286e+02 -4.316108e-02  3.974493e-02 -2.823096e-02 
 2.635000e+04  7.994027e+02 -4.333584e-02  3.989658e-02 -2.834409e-02 
 2.640000e+04  8.109767e+02 -4.350822e-02  4.004615e-02 -2.845574e-02 
 2.645000e+04  8.225508e+02 -4.367829e-02  4.019373e-02 -2.856592e-02 
 2.650000e+04  8.341249e+02 -4.384610e-02  4.033933e-02 -2.867467e-02 
 2.655000e+04  8.456989e+02 -4.401168e-02  4.048301e-02 -2.878200e-02 
 2.660000e+04  8.572730e+02 -4.417510e-02  4.062484e-02 -2.888799e-02 
 2.665000e+04  8.688471e+02 -4.433643e-02  4.076486e-02 -2.899269e-02 
 2.670000e+04  8.804212e+02 -4.449575e-02  4.090311e-02 -2.909611e-02 
 2.675000e+04  8.919952e+02 -4.465315e-02  4.103963e-02 -2.919827e-02 
 2.680000e+04  9.035693e+02 -4.480866e-02  4.117442e-02 -2.929919e-02 
 2.685000e+04  9.151434e+02 -4.496229e-02  4.130751e-02 -2.939892e-02 
 2.690000e+04  9.267175e+02 -4.511407e-02  4.143896e-02 -2.949750e-02 
 2.695000e+04  9.382915e+02 -4.526403e-02  4.156890e-02 -2.959496e-02 
 2.700000e+04  9.498656e+02 -4.541222e-02  4.169734e-02 -2.969132e-02 
 2.705000e+04  9.614397e+02 -4.555871e-02  4.182431e-02 -2.978655e-02 
 2.710000e+04  9.730138e+02 -4.570357e-02  4.194985e-02 -2.988074e-02 
 2.715000e+04  9.845878e+02 -4.584681e-02  4.207394e-02 -2.997392e-02 
 2.720000e+04  9.961619e+02 -4.598839e-02  4.219661e-02 -3.006609e-02 
 2.725000e+04  1.007736e+03 -4.612833e-02  4.231791e-02 -3.015726e-02 
 2.730000e+04  1.019310e+03 -4.626676e-02  4.243791e-02 -3.024749e-02 
 2.735000e+04  1.030884e+03 -4.640374e-02  4.255662e-02 -3.033676e-02 
 2.740000e+04  1.042458e+03 -4.653925e-02  4.267408e-02 -3.042507e-02 
 2.745000e+04  1.054032e+03 -4.667335e-02  4.279030e-02 -3.051246e-02 
 2.750000e+04  1.065606e+03 -4.680607e-02  4.290529e-02 -3.059900e-02 
 2.755000e+04  1.077180e+03 -4.693735e-02  4.301904e-02 -3.068467e-02 
 2.760000e+04  1.088755e+03 -4.706722e-02  4.313161e-02 -3.076948e-02 
 2.765000e+04  1.100329e+03 -4.719575e-02  4.324309e-02 -3.085347e-02 
 2.770000e+04  1.111903e+03 -4.732306e-02  4.335349e-02 -3.093663e-02 
 2.775000e+04  1.123477e+03 -4.744912e-02  4.346282e-02 -3.101899e-02 
 2.780000e+04  1.135051e+03 -4.757395e-02  4.357106e-02 -3.110057e-02 
 2.785000e+04  1.146625e+03 -4.769761e-02  4.367824e-02 -3.118139e-02 
 2.790000e+04  1.158199e+03 -4.782012e-02  4.378435e-02 -3.126147e-02 
 2.795000e+04  1.169773e+03 -4.794150e-02  4.388947e-02 -3.134085e-02 
 2.800000e+04  1.181347e+03 -4.806176e-02  4.399356e-02 -3.141949e-02 
 2.805000e+04  1.192921e+03 -4.818094e-02  4.409663e-02 -3.149739e-02 
 2.810000e+04  1.204495e+03 -4.829905e-02  4.419871e-02 -3.157463e-02 
 2.815000e+04  1.216069e+03 -4.841606e-02  4.429989e-02 -3.165120e-02 
 2.820000e+04  1.227643e+03 -4.853198e-02  4.440017e-02 -3.172708e-02 
 2.825000e+04  1.239217e+03 -4.864684e-02  4.449962e-02 -3.180230e-02 
 2.830000e+04  1.250792e+03 -4.876062e-02  4.459823e-02 -3.187686e-02 
 2.835000e+04  1.262366e+03 -4.887337e-02  4.469602e-02 -3.195079e-02 
 2.840000e+04  1.273940e+03 -4.898515e-02  4.479297e-02 -3.202414e-02 
 2.845000e+04  1.285514e+03 -4.909596e-02  4.488913e-02 -3.209687e-02 
 2.850000e+04  1.297088e+03 -4.920580e-02  4.498445e-02 -3.216896e-02 
 2.855000e+04  1.308662e+03 -4.931473e-02  4.507892e-02 -3.224045e-02 
 2.860000e+04  1.320236e+03 -4.942275e-02  4.517259e-02 -3.231137e-02 
 2.865000e+04  1.331810e+03 -4.952988e-02  4.526549e-02 -3.238172e-02 
 2.870000e+04  1.343384e+03 -4.963611e-02  4.535763e-02 -3.245151e-02 
 2.875000e+04  1.354958e+03 -4.974143e-02  4.544901e-02 -3.252075e-02 
 2.880000e+04  1.366532e+03 -4.984593e-02  4.553968e-02 -3.258946e-02 
 2.885000e+04  1.378106e+03 -4.994968e-02  4.562964e-02 -3.265766e-02 
 2.890000e+04  1.389680e+03 -5.005266e-02  4.571887e-02 -3.272531e-02 
 2.895000e+04  1.401255e+03 -5.015485e-02  4.580736e-02 -3.279245e-02 
 2.900000e+04  1.412829e+03 -5.025626e-02  4.589511e-02 -3.285910e-02 
 2.905000e+04  1.424403e+03 -5.035689e-02  4.598214e-02 -3.292528e-02 
 2.910000e+04  1.435977e+03 -5.045674e-02  4.606856e-02 -3.299100e-02 
 2.915000e+04  1.447551e+03 -5.055586e-02  4.615438e-02 -3.305622e-02 
 2.920000e+04  1.459125e+03 -5.065426e-02  4.623958e-02 -3.312094e-02 
 2.925000e+04  1.470699e+03 -5.075195e-02  4.632415e-02 -3.318520e-02 
 2.930000e+04  1.482273e+03 -5.084891e-02  4.640810e-02 -3.324904e-02 
 2.935000e+04  1.493847e+03 -5.094512e-02  4.649147e-02 -3.331245e-02 
 2.940000e+04  1.505421e+03 -5.104060e-02  4.657428e-02 -3.337539e-02 
 2.945000e+04  1.516995e+03 -5.113537e-02  4.665653e-02 -3.343789e-02 
 2.950000e+04  1.528569e+03 -5.122947e-02  4.673823e-02 -3.349996e-02 
 2.955000e+04  1.540143e+03 -5.132294e-02  4.681938e-02 -3.356163e-02 
 2.960000e+04  1.551717e+03 -5.141574e-02  4.689996e-02 -3.362287e-02 
 2.965000e+04  1.563292e+03 -5.150787e-02  4.698002e-02 -3.368370e-02 
 2.970000e+04  1.574866e+03 -5.159940e-02  4.705954e-02 -3.374412e-02 
 2.975000e+04  1.586440e+03 -5.169034e-02  4.713853e-02 -3.380414e-02 
 2.980000e+04  1.598014e+03 -5.178069e-02  4.721698e-02 -3.386380e-02 
 2.985000e+04  1.609588e+03 -5.187044e-02  4.729495e-02 -3.392307e-02 
 2.990000e+04  1.621162e+03 -5.195959e-02  4.737237e-02 -3.398197e-02 
 2.995000e+04  1.632736e+03 -5.204818e-02  4.744931e-02 -3.404047e-02 
 3.000000e+04  1.644310e+03 -5.213625e-02  4.752581e-02 -3.409863e-02 
 3.005000e+04  1.655884e+03 -5.222378e-02  4.760184e-02 -3.415645e-02 
 3.010000e+04  1.667458e+03 -5.231077e-02  4.767739e-02 -3.421390e-02 
 3.015000e+04  1.679032e+03 -5.239723e-02  4.775246e-02 -3.427103e-02 
 3.020000e+04  1.690606e+03 -5.248312e-02  4.782708e-02 -3.432783e-02 
 3.025000e+04  1.702180e+03 -5.256849e-02  4.790126e-02 -3.438428e-02 
 3.030000e+04  1.713755e+03 -5.265330e-02  4.797501e-02 -3.444038e-02 
 3.035000e+04  1.725329e+03 -5.273760e-02  4.804835e-02 -3.449614e-02 
 3.040000e+04  1.736903e+03 -5.282139e-02  4.812128e-02 -3.455157e-02 
 3.045000e+04  1.748477e+03 -5.290468e-02  4.819379e-02 -3.460669e-02 
 3.050000e+04  1.760051e+03 -5.298747e-02  4.826590e-02 -3.466150e-02 
 3.055000e+04  1.771625e+03 -5.306975e-02  4.833760e-02 -3.471602e-02 
 3.060000e+04  1.783199e+03 -5.315157e-02  4.840887e-02 -3.477020e-02 
 3.065000e+04  1.794773e+03 -5.323293e-02  4.847972e-02 -3.482410e-02 
 3.070000e+04  1.806347e+03 -5.331388e-02  4.855020e-02 -3.487773e-02 
 3.075000e+04  1.817921e+03 -5.339434e-02  4.862027e-02 -3.493104e-02 
 3.080000e+04  1.829495e+03 -5.347438e-02  4.868994e-02 -3.498405e-02 
 3.085000e+04  1.841069e+03 -5.355397e-02  4.875923e-02 -3.503680e-02 
 3.090000e+04  1.852643e+03 -5.363315e-02  4.882814e-02 -3.508928e-02 
 3.095000e+04  1.864217e+03 -5.371194e-02  4.889670e-02 -3.514147e-02 
 3.100000e+04  1.875792e+03 -5.379033e-02  4.896488e-02 -3.519340e-02 
 3.105000e+04  1.887366e+03 -5.386831e-02  4.903269e-02 -3.524506e-02 
 3.110000e+04  1.898940e+03 -5.394587e-02  4.910012e-02 -3.529648e-02 
 3.115000e+04  1.910514e+03 -5.402302e-02  4.916720e-02 -3.534766e-02 
 3.120000e+04  1.922088e+03 -5.409973e-02  4.923396e-02 -3.539859e-02 
 3.125000e+04  1.933662e+03 -5.417604e-02  4.930039e-02 -3.544924e-02 
 3.130000e+04  1.945236e+03 -5.425198e-02  4.936654e-02 -3.549966e-02 
 3.135000e+04  1.956810e+03 -5.432753e-02  4.943235e-02 -3.554981e-02 
 3.140000e+04  1.968384e+03 -5.440268e-02  4.949782e-02 -3.559973e-02 
 3.145000e+04  1.979958e+03 -5.447744e-02  4.956298e-02 -3.564942e-02 
 3.150000e+04  1.991532e+03 -5.455183e-02  4.962783e-02 -3.569888e-02 
 3.155000e+04  2.003106e+03 -5.462583e-02  4.969237e-02 -3.574809e-02 
 3.160000e+04  2.014680e+03 -5.469948e-02  4.975658e-02 -3.579706e-02 
 3.165000e+04  2.026255e+03 -5.477275e-02  4.982045e-02 -3.584581e-02 
 3.170000e+04  2.037829e+03 -5.484566e-02  4.988402e-02 -3.589434e-02 
 3.175000e+04  2.049403e+03 -5.491821e-02  4.994728e-02 -3.594264e-02 
 3.180000e+04  2.060977e+03 -5.499044e-02  5.001025e-02 -3.599071e-02 
 3.185000e+04  2.072551e+03 -5.506236e-02  5.007295e-02 -3.603857e-02 
 3.190000e+04  2.084125e+03 -5.513394e-02  5.013533e-02 -3.608622e-02 
 3.195000e+04  2.095699e+03 -5.520516e-02  5.019743e-02 -3.613364e-02 
 3.200000e+04  2.107273e+03 -5.527604e-02  5.025923e-02 -3.618087e-02 
 3.205000e+04  2.118847e+03 -5.534658e-02  5.032079e-02 -3.622788e-02 
 3.210000e+04  2.130421e+03 -5.541676e-02  5.038210e-02 -3.627470e-02 
 3.215000e+04  2.141995e+03 -5.548660e-02  5.044316e-02 -3.632132e-02 
 3.220000e+04  2.153569e+03 -5.555616e-02  5.050394e-02 -3.636777e-02 
 3.225000e+04  2.165143e+03 -5.562542e-02  5.056446e-02 -3.641403e-02 
 3.230000e+04  2.176717e+03 -5.569441e-02  5.062471e-02 -3.646011e-02 
 3.235000e+04  2.188292e+03 -5.576312e-02  5.068469e-02 -3.650600e-02 
 3.240000e+04  2.199866e+03 -5.583152e-02  5.074441e-02 -3.655168e-02 
 3.245000e+04  2.211440e+03 -5.589964e-02  5.080387e-02 -3.659716e-02 
 3.250000e+04  2.223014e+03 -5.596746e-02  5.086309e-02 -3.664247e-02 
 3.255000e+04  2.234588e+03 -5.603498e-02  5.092205e-02 -3.668760e-02 
 3.260000e+04  2.246162e+03 -5.610222e-02  5.098079e-02 -3.673257e-02 
 3.265000e+04  2.257736e+03 -5.616918e-02  5.103931e-02 -3.677737e-02 
 3.270000e+04  2.269310e+03 -5.623587e-02  5.109758e-02 -3.682199e-02 
 3.275000e+04  2.280884e+03 -5.630233e-02  5.115562e-02 -3.686645e-02 
 3.280000e+04  2.292458e+03 -5.636852e-02  5.121345e-02 -3.691076e-02 
 3.285000e+04  2.304032e+03 -5.643444e-02  5.127102e-02 -3.695489e-02 
 3.290000e+04  2.315606e+03 -5.650010e-02  5.132837e-02 -3.699886e-02 
 3.295000e+04  2.327180e+03 -5.656549e-02  5.138550e-02 -3.704266e-02 
 3.300000e+04  2.338755e+03 -5.663061e-02  5.144243e-02 -3.708631e-02 
 3.305000e+04  2.350329e+03 -5.669545e-02  5.149917e-02 -3.712980e-02 
 3.310000e+04  2.361903e+03 -5.676004e-02  5.155570e-02 -3.717314e-02 
 3.315000e+04  2.373477e+03 -5.682438e-02  5.161204e-02 -3.721632e-02 
 3.320000e+04  2.385051e+03 -5.688847e-02  5.166819e-02 -3.725935e-02 
 3.325000e+04  2.396625e+03 -5.695234e-02  5.172412e-02 -3.730223e-02 
 3.330000e+04  2.408199e+03 -5.701595e-02  5.177985e-02 -3.734495e-02 
 3.335000e+04  2.419773e+03 -5.707930e-02  5.183537e-02 -3.738753e-02 
 3.340000e+04  2.431347e+03 -5.714243e-02  5.189072e-02 -3.742998e-02 
 3.345000e+04  2.442921e+03 -5.720531e-02  5.194587e-02 -3.747228e-02 
 3.350000e+04  2.454495e+03 -5.726798e-02  5.200083e-02 -3.751443e-02 
 3.355000e+04  2.466069e+03 -5.733042e-02  5.205561e-02 -3.755644e-02 
 3.360000e+04  2.477643e+03 -5.739263e-02  5.211020e-02 -3.759832e-02 
 3.365000e+04  2.489217e+03 -5.745464e-02  5.216459e-02 -3.764006e-02 
 3.370000e+04  2.500792e+03 -5.751642e-02  5.221878e-02 -3.768167e-02 
 3.375000e+04  2.512366e+03 -5.757797e-02  5.227278e-02 -3.772313e-02 
 3.380000e+04  2.523940e+03 -5.763931e-02  5.232661e-02 -3.776446e-02 
 3.385000e+04  2.535514e+03 -5.770044e-02  5.238026e-02 -3.780564e-02 
 3.390000e+04  2.547088e+03 -5.776133e-02  5.243375e-02 -3.784669e-02 
 3.395000e+04  2.558662e+03 -5.782199e-02  5.248707e-02 -3.788760e-02 
 3.400000e+04  2.570236e+03 -5.788242e-02  5.254022e-02 -3.792838e-02 
 3.405000e+04  2.581810e+03 -5.794264e-02  5.259321e-02 -3.796903e-02 
 3.410000e+04  2.593384e+03 -5.800265e-02  5.264605e-02 -3.800957e-02 
 3.415000e+04  2.604958e+03 -5.806245e-02  5.269873e-02 -3.804997e-02 
 3.420000e+04  2.616532e+03 -5.812203e-02  5.275124e-02 -3.809023e-02 
 3.425000e+04  2.628106e+03 -5.818142e-02  5.280358e-02 -3.813037e-02 
 3.430000e+04  2.639680e+03 -5.824060e-02  5.285575e-02 -3.817038e-02 
 3.435000e+04  2.651255e+03 -5.829957e-02  5.290772e-02 -3.821024e-02 
 3.440000e+04  2.662829e+03 -5.835833e-02  5.295954e-02 -3.824999e-02 
 3.445000e+04  2.674403e+03 -5.841687e-02  5.301122e-02 -3.828961e-02 
 3.450000e+04  2.685977e+03 -5.847522e-02  5.306274e-02 -3.832911e-02 
 3.455000e+04  2.697551e+03 -5.853340e-02  5.311408e-02 -3.836849e-02 
 3.460000e+04  2.709125e+03 -5.859143e-02  5.316524e-02 -3.840777e-02 
 3.465000e+04  2.720699e+03 -5.864927e-02  5.321622e-02 -3.844692e-02 
 3.470000e+04  2.732273e+03 -5.870693e-02  5.326702e-02 -3.848594e-02 
 3.475000e+04  2.743847e+03 -5.876443e-02  5.331765e-02 -3.852485e-02 
 3.480000e+04  2.755421e+03 -5.882174e-02  5.336812e-02 -3.856365e-02 
 3.485000e+04  2.766995e+03 -5.887887e-02  5.341846e-02 -3.860233e-02 
 3.490000e+04  2.778569e+03 -5.893582e-02  5.346864e-02 -3.864089e-02 
 3.495000e+04  2.790143e+03 -5.899259e-02  5.351865e-02 -3.867935e-02 
 3.500000e+04  2.801717e+03 -5.904920e-02  5.356853e-02 -3.871772e-02 
 3.505000e+04  2.813292e+03 -5.910564e-02  5.361827e-02 -3.875598e-02 
 3.510000e+04  2.824866e+03 -5.916192e-02  5.366786e-02 -3.879412e-02 
 3.515000e+04  2.836440e+03 -5.921803e-02  5.371732e-02 -3.883215e-02 
 3.520000e+04  2.848014e+03 -5.927397e-02  5.376663e-02 -3.887008e-02 
 3.525000e+04  2.859588e+03 -5.932974e-02  5.381578e-02 -3.890790e-02 
 3.530000e+04  2.871162e+03 -5.938536e-02  5.386479e-02 -3.894562e-02 
 3.535000e+04  2.882736e+03 -5.944081e-02  5.391365e-02 -3.898323e-02 
 3.540000e+04  2.894310e+03 -5.949612e-02  5.396236e-02 -3.902072e-02 
 3.545000e+04  2.905884e+03 -5.955129e-02  5.401091e-02 -3.905811e-02 
 3.550000e+04  2.917458e+03 -5.960632e-02  5.405931e-02 -3.909540e-02 
 3.555000e+04  2.929032e+03 -5.966117e-02  5.410756e-02 -3.913259e-02 
 3.560000e+04  2.940606e+03 -5.971587e-02  5.415568e-02 -3.916968e-02 
 3.565000e+04  2.952180e+03 -5.977043e-02  5.420367e-02 -3.920667e-02 
 3.570000e+04  2.963755e+03 -5.982485e-02  5.425153e-02 -3.924358e-02 
 3.575000e+04  2.975329e+03 -5.987913e-02  5.429925e-02 -3.928038e-02 
 3.580000e+04  2.986903e+03 -5.993327e-02  5.434683e-02 -3.931708e-02 
 3.585000e+04  2.998477e+03 -5.998728e-02  5.439429e-02 -3.935368e-02 
 3.590000e+04  3.010051e+03 -6.004113e-02  5.444161e-02 -3.939020e-02 
 3.595000e+04  3.021625e+03 -6.009485e-02  5.448880e-02 -3.942663e-02 
 3.600000e+04  3.033199e+03 -6.014842e-02  5.453585e-02 -3.946297e-02 
 3.605000e+04  3.044773e+03 -6.020187e-02  5.458279e-02 -3.949922e-02 
 3.610000e+04  3.056347e+03 -6.025517e-02  5.462960e-02 -3.953536e-02 
 3.615000e+04  3.067921e+03 -6.030836e-02  5.467628e-02 -3.957142e-02 
 3.620000e+04  3.079495e+03 -6.036141e-02  5.472284e-02 -3.960738e-02 
 3.625000e+04  3.091069e+03 -6.041434e-02  5.476929e-02 -3.964324e-02 
 3.630000e+04  3.102643e+03 -6.046714e-02  5.481562e-02 -3.967902e-02 
 3.635000e+04  3.114217e+03 -6.051981e-02  5.486183e-02 -3.971472e-02 
 3.640000e+04  3.125792e+03 -6.057236e-02  5.490794e-02 -3.975033e-02 
 3.645000e+04  3.137366e+03 -6.062478e-02  5.495392e-02 -3.978585e-02 
 3.650000e+04  3.148940e+03 -6.067708e-02  5.499981e-02 -3.982129e-02 
 3.655000e+04  3.160514e+03 -6.072927e-02  5.504558e-02 -3.985664e-02 
 3.660000e+04  3.172088e+03 -6.078134e-02  5.509123e-02 -3.989190e-02 
 3.665000e+04  3.183662e+03 -6.083330e-02  5.513676e-02 -3.992706e-02 
 3.670000e+04  3.195236e+03 -6.088514e-02  5.518219e-02 -3.996215e-02 
 3.675000e+04  3.206810e+03 -6.093686e-02  5.522753e-02 -3.999716e-02 
 3.680000e+04  3.218384e+03 -6.098846e-02  5.527277e-02 -4.003208e-02 
 3.685000e+04  3.229958e+03 -6.103996e-02  5.531793e-02 -4.006690e-02 
 3.690000e+04  3.241532e+03 -6.109136e-02  5.536299e-02 -4.010166e-02 
 3.695000e+04  3.253106e+03 -6.114266e-02  5.540795e-02 -4.013632e-02 
 3.700000e+04  3.264680e+03 -6.119384e-02  5.545279e-02 -4.017090e-02 
 3.705000e+04  3.276255e+03 -6.124493e-02  5.549752e-02 -4.020540e-02 
 3.710000e+04  3.287829e+03 -6.129592e-02  5.554215e-02 -4.023983e-02 
 3.715000e+04  3.299403e+03 -6.134681e-02  5.558669e-02 -4.027418e-02 
 3.720000e+04  3.310977e+03 -6.139758e-02  5.563113e-02 -4.030843e-02 
 3.725000e+04  3.322551e+03 -6.144826e-02  5.567549e-02 -4.034261e-02 
 3.730000e+04  3.334125e+03 -6.149884e-02  5.571976e-02 -4.037671e-02 
 3.735000e+04  3.345699e+03 -6.154933e-02  5.576393e-02 -4.041073e-02 
 3.740000e+04  3.357273e+03 -6.159972e-02  5.580801e-02 -4.044466e-02 
 3.745000e+04  3.368847e+03 -6.165002e-02  5.585200e-02 -4.047852e-02 
 3.750000e+04  3.380421e+03 -6.170020e-02  5.589589e-02 -4.051230e-02 
 3.755000e+04  3.391995e+03 -6.175026e-02  5.593970e-02 -4.054600e-02 
 3.760000e+04  3.403569e+03 -6.180020e-02  5.598340e-02 -4.057961e-02 
 3.765000e+04  3.415143e+03 -6.185001e-02  5.602703e-02 -4.061315e-02 
 3.770000e+04  3.426717e+03 -6.189969e-02  5.607059e-02 -4.064660e-02 
 3.775000e+04  3.438292e+03 -6.194927e-02  5.611406e-02 -4.067998e-02 
 3.780000e+04  3.449866e+03 -6.199874e-02  5.615745e-02 -4.071328e-02 
 3.785000e+04  3.461440e+03 -6.204811e-02  5.620075e-02 -4.074650e-02 
 3.790000e+04  3.473014e+03 -6.209737e-02  5.624397e-02 -4.077965e-02 
 3.795000e+04  3.484588e+03 -6.214651e-02  5.628708e-02 -4.081271e-02 
 3.800000e+04  3.496162e+03 -6.219554e-02  5.633011e-02 -4.084570e-02 
 3.805000e+04  3.507736e+03 -6.224446e-02  5.637306e-02 -4.087861e-02 
 3.810000e+04  3.519310e+03 -6.229327e-02  5.641592e-02 -4.091144e-02 
 3.815000e+04  3.530884e+03 -6.234198e-02  5.645869e-02 -4.094420e-02 
 3.820000e+04  3.542458e+03 -6.239059e-02  5.650138e-02 -4.097689e-02 
 3.825000e+04  3.554032e+03 -6.243909e-02  5.654399e-02 -4.100950e-02 
 3.830000e+04  3.565606e+03 -6.248750e-02  5.658651e-02 -4.104205e-02 
 3.835000e+04  3.577180e+03 -6.253581e-02  5.662897e-02 -4.107453e-02 
 3.840000e+04  3.588755e+03 -6.258402e-02  5.667135e-02 -4.110693e-02 
 3.845000e+04  3.600329e+03 -6.263213e-02  5.671365e-02 -4.113926e-02 
 3.850000e+04  3.611903e+03 -6.268015e-02  5.675587e-02 -4.117153e-02 
 3.855000e+04  3.623477e+03 -6.272806e-02  5.679802e-02 -4.120372e-02 
 3.860000e+04  3.635051e+03 -6.277589e-02  5.684008e-02 -4.123585e-02 
 3.865000e+04  3.646625e+03 -6.282360e-02  5.688209e-02 -4.126792e-02 
 3.870000e+04  3.658199e+03 -6.287122e-02  5.692402e-02 -4.129992e-02 
 3.875000e+04  3.669773e+03 -6.291875e-02  5.696589e-02 -4.133185e-02 
 3.880000e+04  3.681347e+03 -6.296617e-02  5.700769e-02 -4.136372e-02 
 3.885000e+04  3.692921e+03 -6.301350e-02  5.704944e-02 -4.139554e-02 
 3.890000e+04  3.704495e+03 -6.306073e-02  5.709113e-02 -4.142729e-02 
 3.895000e+04  3.716069e+03 -6.310786e-02  5.713275e-02 -4.145896e-02 
 3.900000e+04  3.727643e+03 -6.315490e-02  5.717431e-02 -4.149059e-02 
 3.905000e+04  3.739217e+03 -6.320185e-02  5.721581e-02 -4.152215e-02 
 3.910000e+04  3.750792e+03 -6.324870e-02  5.725724e-02 -4.155365e-02 
 3.915000e+04  3.762366e+03 -6.329545e-02  5.729861e-02 -4.158510e-02 
 3.920000e+04  3.773940e+03 -6.334211e-02  5.733992e-02 -4.161649e-02 
 3.925000e+04  3.785514e+03 -6.338868e-02  5.738118e-02 -4.164782e-02 
 3.930000e+04  3.797088e+03 -6.343516e-02  5.742237e-02 -4.167910e-02 
 3.935000e+04  3.808662e+03 -6.348155e-02  5.746351e-02 -4.171032e-02 
 3.940000e+04  3.820236e+03 -6.352785e-02  5.750459e-02 -4.174148e-02 
 3.945000e+04  3.831810e+03 -6.357407e-02  5.754561e-02 -4.177259e-02 
 3.950000e+04  3.843384e+03 -6.362019e-02  5.758655e-02 -4.180364e-02 
 3.955000e+04  3.854958e+03 -6.366622e-02  5.762743e-02 -4.183465e-02 
 3.960000e+04  3.866532e+03 -6.371216e-02  5.766824e-02 -4.186560e-02 
 3.965000e+04  3.878106e+03 -6.375800e-02  5.770899e-02 -4.189649e-02 
 3.970000e+04  3.889680e+03 -6.380377e-02  5.774966e-02 -4.192733e-02 
 3.975000e+04  3.901255e+03 -6.384945e-02  5.779028e-02 -4.195812e-02 
 3.980000e+04  3.912829e+03 -6.389506e-02  5.783082e-02 -4.198885e-02 
 3.985000e+04  3.924403e+03 -6.394058e-02  5.787127e-02 -4.201954e-02 
 3.990000e+04  3.935977e+03 -6.398601e-02  5.791166e-02 -4.205017e-02 
 3.995000e+04  3.947551e+03 -6.403137e-02  5.795197e-02 -4.208075e-02 
 4.000000e+04  3.959125e+03 -6.407664e-02  5.799221e-02 -4.211129e-02 
 4.005000e+04  3.970699e+03 -6.412182e-02  5.803238e-02 -4.214177e-02 
 4.010000e+04  3.982273e+03 -6.416691e-02  5.807250e-02 -4.217221e-02 
 4.015000e+04  3.993847e+03 -6.421194e-02  5.811255e-02 -4.220261e-02 
 4.020000e+04  4.005421e+03 -6.425688e-02  5.815253e-02 -4.223296e-02 
 4.025000e+04  4.016995e+03 -6.430175e-02  5.819244e-02 -4.226327e-02 
 4.030000e+04  4.028569e+03 -6.434655e-02  5.823229e-02 -4.229352e-02 
 4.035000e+04  4.040143e+03 -6.439126e-02  5.827207e-02 -4.232373e-02 
 4.040000e+04  4.051717e+03 -6.443589e-02  5.831178e-02 -4.235388e-02 
 4.045000e+04  4.063292e+03 -6.448044e-02  5.835142e-02 -4.238400e-02 
 4.050000e+04  4.074866e+03 -6.452492e-02  5.839099e-02 -4.241408e-02 
 4.055000e+04  4.086440e+03 -6.456932e-02  5.843051e-02 -4.244411e-02 
 4.060000e+04  4.098014e+03 -6.461366e-02  5.846996e-02 -4.247409e-02 
 4.065000e+04  4.109588e+03 -6.465793e-02  5.850935e-02 -4.250404e-02 
 4.070000e+04  4.121162e+03 -6.470214e-02  5.854867e-02 -4.253394e-02 
 4.075000e+04  4.132736e+03 -6.474627e-02  5.858791e-02 -4.256379e-02 
 4.080000e+04  4.144310e+03 -6.479033e-02  5.862709e-02 -4.259360e-02 
 4.085000e+04  4.155884e+03 -6.483433e-02  5.866621e-02 -4.262337e-02 
 4.090000e+04  4.167458e+03 -6.487827e-02  5.870526e-02 -4.265310e-02 
 4.095000e+04  4.179032e+03 -6.492212e-02  5.874425e-02 -4.268278e-02 
 4.100000e+04  4.190606e+03 -6.496592e-02  5.878317e-02 -4.271242e-02 
 4.105000e+04  4.202180e+03 -6.500965e-02  5.882204e-02 -4.274203e-02 
 4.110000e+04  4.213755e+03 -6.505331e-02  5.886085e-02 -4.277159e-02 
 4.115000e+04  4.225329e+03 -6.509689e-02  5.889961e-02 -4.280110e-02 
 4.120000e+04  4.236903e+03 -6.514041e-02  5.893831e-02 -4.283058e-02 
 4.125000e+04  4.248477e+03 -6.518385e-02  5.897696e-02 -4.286002e-02 
 4.130000e+04  4.260051e+03 -6.522721e-02  5.901554e-02 -4.288941e-02 
 4.135000e+04  4.271625e+03 -6.527050e-02  5.905407e-02 -4.291877e-02 
 4.140000e+04  4.283199e+03 -6.531372e-02  5.909255e-02 -4.294809e-02 
 4.145000e+04  4.294773e+03 -6.535688e-02  5.913096e-02 -4.297737e-02 
 4.150000e+04  4.306347e+03 -6.539998e-02  5.916932e-02 -4.300661e-02 
 4.155000e+04  4.317921e+03 -6.544301e-02  5.920762e-02 -4.303582e-02 
 4.160000e+04  4.329495e+03 -6.548598e-02  5.924588e-02 -4.306499e-02 
 4.165000e+04  4.341069e+03 -6.552888e-02  5.928408e-02 -4.309412e-02 
 4.170000e+04  4.352643e+03 -6.557173e-02  5.932223e-02 -4.312322e-02 
 4.175000e+04  4.364217e+03 -6.561452e-02  5.936033e-02 -4.315227e-02 
 4.180000e+04  4.375792e+03 -6.565725e-02  5.939837e-02 -4.318129e-02 
 4.185000e+04  4.387366e+03 -6.569992e-02  5.943636e-02 -4.321027e-02 
 4.190000e+04  4.398940e+03 -6.574253e-02  5.947428e-02 -4.323921e-02 
 4.195000e+04  4.410514e+03 -6.578508e-02  5.951215e-02 -4.326811e-02 
 4.200000e+04  4.422088e+03 -6.582756e-02  5.954997e-02 -4.329697e-02 
 4.205000e+04  4.433662e+03 -6.586998e-02  5.958773e-02 -4.332580e-02 
 4.210000e+04  4.445236e+03 -6.591234e-02  5.962543e-02 -4.335458e-02 
 4.215000e+04  4.456810e+03 -6.595465e-02  5.966309e-02 -4.338333e-02 
 4.220000e+04  4.468384e+03 -6.599690e-02  5.970070e-02 -4.341204e-02 
 4.225000e+04  4.479958e+03 -6.603908e-02  5.973825e-02 -4.344071e-02 
 4.230000e+04  4.491532e+03 -6.608122e-02  5.977575e-02 -4.346935e-02 
 4.235000e+04  4.503106e+03 -6.612330e-02  5.981320e-02 -4.349795e-02 
 4.240000e+04  4.514680e+03 -6.616532e-02  5.985059e-02 -4.352651e-02 
 4.245000e+04  4.526255e+03 -6.620727e-02  5.988795e-02 -4.355503e-02 
 4.250000e+04  4.537829e+03 -6.624916e-02  5.992525e-02 -4.358352e-02 
 4.255000e+04  4.549403e+03 -6.629100e-02  5.996251e-02 -4.361197e-02 
 4.260000e+04  4.560977e+03 -6.633279e-02  5.999973e-02 -4.364039e-02 
 4.265000e+04  4.572551e+03 -6.637452e-02  6.003690e-02 -4.366878e-02 
 4.270000e+04  4.584125e+03 -6.641619e-02  6.007403e-02 -4.369713e-02 
 4.275000e+04  4.595699e+03 -6.645782e-02  6.011111e-02 -4.372545e-02 
 4.280000e+04  4.607273e+03 -6.649940e-02  6.014814e-02 -4.375374e-02 
 4.285000e+04  4.618847e+03 -6.654093e-02  6.018511e-02 -4.378199e-02 
 4.290000e+04  4.630421e+03 -6.658241e-02  6.022204e-02 -4.381021e-02 
 4.295000e+04  4.641995e+03 -6.662384e-02  6.025893e-02 -4.383840e-02 
 4.300000e+04  4.653569e+03 -6.666522e-02  6.029577e-02 -4.386656e-02 
 4.305000e+04  4.665143e+03 -6.670656e-02  6.033257e-02 -4.389470e-02 
 4.310000e+04  4.676717e+03 -6.674786e-02  6.036932e-02 -4.392280e-02 
 4.315000e+04  4.688292e+03 -6.678910e-02  6.040601e-02 -4.395087e-02 
 4.320000e+04  4.699866e+03 -6.683030e-02  6.044268e-02 -4.397892e-02 
 4.325000e+04  4.711440e+03 -6.687145e-02  6.047930e-02 -4.400693e-02 
 4.330000e+04  4.723014e+03 -6.691255e-02  6.051588e-02 -4.403492e-02 
 4.335000e+04  4.734588e+03 -6.695360e-02  6.055242e-02 -4.406280e-02 
 4.340000e+04  4.746162e+03 -6.699459e-02  6.058891e-02 -4.409051e-02 
 4.345000e+04  4.757736e+03 -6.703538e-02  6.062539e-02 -4.411823e-02 
 4.350000e+04  4.769310e+03 -6.707597e-02  6.066178e-02 -4.414604e-02 
 4.355000e+04  4.780884e+03 -6.711660e-02  6.069811e-02 -4.417396e-02 
 4.360000e+04  4.792458e+03 -6.715733e-02  6.073443e-02 -4.420197e-02 
 4.365000e+04  4.804032e+03 -6.719815e-02  6.077075e-02 -4.422996e-02 
 4.370000e+04  4.815606e+03 -6.723900e-02  6.080707e-02 -4.425781e-02 
 4.375000e+04  4.827180e+03 -6.727979e-02  6.084338e-02 -4.428544e-02 
 4.380000e+04  4.838755e+03 -6.732046e-02  6.087966e-02 -4.431296e-02 
 4.385000e+04  4.850329e+03 -6.736088e-02  6.091583e-02 -4.434025e-02 
 4.390000e+04  4.861903e+03 -6.740122e-02  6.095166e-02 -4.436751e-02 
 4.395000e+04  4.873477e+03 -6.744166e-02  6.098722e-02 -4.439488e-02 
 4.400000e+04  4.885051e+03 -6.748217e-02  6.102279e-02 -4.442245e-02 
 4.405000e+04  4.896625e+03 -6.752267e-02  6.105843e-02 -4.445011e-02 
 4.410000e+04  4.908199e+03 -6.756312e-02  6.109416e-02 -4.447780e-02 
 4.415000e+04  4.919773e+03 -6.760360e-02  6.113000e-02 -4.450548e-02 
 4.420000e+04  4.931347e+03 -6.764409e-02  6.116595e-02 -4.453298e-02 
 4.425000e+04  4.942921e+03 -6.768445e-02  6.120196e-02 -4.456033e-02 
 4.430000e+04  4.954495e+03 -6.772454e-02  6.123799e-02 -4.458760e-02 
 4.435000e+04  4.966069e+03 -6.776461e-02  6.127400e-02 -4.461489e-02 
 4.440000e+04  4.977643e+03 -6.780471e-02  6.130986e-02 -4.464222e-02 
 4.445000e+04  4.989217e+03 -6.784480e-02  6.134553e-02 -4.466950e-02 
 4.450000e+04  5.000792e+03 -6.788480e-02  6.138109e-02 -4.469676e-02 
 4.455000e+04  5.012366e+03 -6.792460e-02  6.141662e-02 -4.472393e-02 
 4.460000e+04  5.023940e+03 -6.796439e-02  6.145216e-02 -4.475118e-02 
 4.465000e+04  5.035514e+03 -6.800420e-02  6.148775e-02 -4.477848e-02 
 4.470000e+04  5.047088e+03 -6.804398e-02  6.152334e-02 -4.480573e-02 
 4.475000e+04  5.058662e+03 -6.808386e-02  6.155894e-02 -4.483286e-02 
 4.480000e+04  5.070236e+03 -6.812381e-02  6.159458e-02 -4.486000e-02 
 4.485000e+04  5.081810e+03 -6.816360e-02  6.163014e-02 -4.488714e-02 
 4.490000e+04  5.093384e+03 -6.820331e-02  6.166549e-02 -4.491426e-02 
 4.495000e+04  5.104958e+03 -6.824311e-02  6.170073e-02 -4.494145e-02 
 4.500000e+04  5.116532e+03 -6.828301e-02  6.173593e-02 -4.496848e-02 
 4.505000e+04  5.128106e+03 -6.832291e-02  6.177108e-02 -4.499541e-02 
 4.510000e+04  5.139680e+03 -6.836261e-02  6.180621e-02 -4.502228e-02 
 4.515000e+04  5.151255e+03 -6.840229e-02  6.184132e-02 -4.504916e-02 
 4.520000e+04  5.162829e+03 -6.844196e-02  6.187644e-02 -4.507603e-02 
 4.525000e+04  5.174403e+03 -6.848167e-02  6.191158e-02 -4.510289e-02 
 4.530000e+04  5.185977e+03 -6.852129e-02  6.194671e-02 -4.512972e-02 
 4.535000e+04  5.197551e+03 -6.856068e-02  6.198187e-02 -4.515660e-02 
 4.540000e+04  5.209125e+03 -6.860004e-02  6.201705e-02 -4.518355e-02 
 4.545000e+04  5.220699e+03 -6.863945e-02  6.205220e-02 -4.521042e-02 
 4.550000e+04  5.232273e+03 -6.867871e-02  6.208732e-02 -4.523720e-02 
 4.555000e+04  5.243847e+03 -6.871800e-02  6.212244e-02 -4.526381e-02 
 4.560000e+04  5.255421e+03 -6.875732e-02  6.215760e-02 -4.529043e-02 
 4.565000e+04  5.266995e+03 -6.879655e-02  6.219265e-02 -4.531710e-02 
 4.570000e+04  5.278569e+03 -6.883554e-02  6.222762e-02 -4.534373e-02 
 4.575000e+04  5.290143e+03 -6.887437e-02  6.226261e-02 -4.537024e-02 
