         Step [creep.tim... Z Displace... Z Displace... X Displace... 
------------- ------------- ------------- ------------- ------------- 
 5.250000e+03  1.276223e-07 -4.629353e-03  4.524540e-03 -2.433365e-03 
 5.300000e+03  3.886505e-06 -4.629569e-03  4.524655e-03 -2.433583e-03 
 5.350000e+03  2.840357e-05 -4.630638e-03  4.524971e-03 -2.434373e-03 
 5.400000e+03  1.347209e-04 -4.631400e-03  4.525209e-03 -2.434611e-03 
 5.450000e+03  4.529022e-04 -4.632328e-03  4.526757e-03 -2.435992e-03 
 5.500000e+03  7.982482e-04 -4.635871e-03  4.530380e-03 -2.439355e-03 
 5.550000e+03  1.143594e-03 -4.641624e-03  4.536087e-03 -2.444173e-03 
 5.600000e+03  1.497672e-03 -4.648391e-03  4.543710e-03 -2.449396e-03 
 5.650000e+03  2.036422e-03 -4.658336e-03  4.555549e-03 -2.456562e-03 
 5.700000e+03  2.608630e-03 -4.667062e-03  4.565674e-03 -2.462217e-03 
 5.750000e+03  3.266561e-03 -4.673644e-03  4.571812e-03 -2.465752e-03 
 5.800000e+03  3.950322e-03 -4.679636e-03  4.576532e-03 -2.469363e-03 
 5.850000e+03  4.634083e-03 -4.686992e-03  4.582965e-03 -2.475049e-03 
 5.900000e+03  5.317845e-03 -4.696041e-03  4.592008e-03 -2.482751e-03 
 5.950000e+03  6.002290e-03 -4.706027e-03  4.603058e-03 -2.491720e-03 
 6.000000e+03  6.980185e-03 -4.720301e-03  4.619308e-03 -2.503931e-03 
 6.050000e+03  8.040924e-03 -4.734492e-03  4.634097e-03 -2.514275e-03 
 6.100000e+03  9.159154e-03 -4.746949e-03  4.645399e-03 -2.521117e-03 
 6.150000e+03  1.032862e-02 -4.758433e-03  4.656062e-03 -2.527047e-03 
 6.200000e+03  1.149808e-02 -4.770285e-03  4.668124e-03 -2.534453e-03 
 6.250000e+03  1.266755e-02 -4.783575e-03  4.682557e-03 -2.544320e-03 
 6.300000e+03  1.383701e-02 -4.798014e-03  4.698659e-03 -2.556495e-03 
 6.350000e+03  1.538875e-02 -4.817266e-03  4.719244e-03 -2.573655e-03 
 6.400000e+03  1.711658e-02 -4.836105e-03  4.738151e-03 -2.589427e-03 
 6.450000e+03  1.886341e-02 -4.852249e-03  4.754245e-03 -2.601137e-03 
 6.500000e+03  2.067764e-02 -4.867947e-03  4.770344e-03 -2.611068e-03 
 6.550000e+03  2.249186e-02 -4.884288e-03  4.787381e-03 -2.621280e-03 
 6.600000e+03  2.430608e-02 -4.902270e-03  4.806418e-03 -2.633308e-03 
 6.650000e+03  2.612030e-02 -4.922028e-03  4.827560e-03 -2.647600e-03 
 6.700000e+03  2.825268e-02 -4.945145e-03  4.852502e-03 -2.665776e-03 
 6.750000e+03  3.056814e-02 -4.966325e-03  4.874111e-03 -2.683578e-03 
 6.800000e+03  3.314100e-02 -4.986587e-03  4.893898e-03 -2.700200e-03 
 6.850000e+03  3.609336e-02 -5.009536e-03  4.916366e-03 -2.717216e-03 
 6.900000e+03  3.904854e-02 -5.032882e-03  4.939672e-03 -2.733631e-03 
 6.950000e+03  4.200372e-02 -5.057314e-03  4.964614e-03 -2.750638e-03 
 7.000000e+03  4.495890e-02 -5.083583e-03  4.991830e-03 -2.768789e-03 
 7.050000e+03  4.830338e-02 -5.114223e-03  5.023564e-03 -2.789639e-03 
 7.100000e+03  5.172437e-02 -5.141285e-03  5.050863e-03 -2.808697e-03 
 7.150000e+03  5.547369e-02 -5.166660e-03  5.076583e-03 -2.828036e-03 
 7.200000e+03  5.963192e-02 -5.194058e-03  5.104595e-03 -2.849346e-03 
 7.250000e+03  6.379015e-02 -5.221313e-03  5.132814e-03 -2.870320e-03 
 7.300000e+03  6.794838e-02 -5.249092e-03  5.161668e-03 -2.891355e-03 
 7.350000e+03  7.238349e-02 -5.280169e-03  5.193461e-03 -2.913992e-03 
 7.400000e+03  7.719717e-02 -5.314700e-03  5.227634e-03 -2.937289e-03 
 7.450000e+03  8.201084e-02 -5.345444e-03  5.258027e-03 -2.957762e-03 
 7.500000e+03  8.693041e-02 -5.373923e-03  5.287115e-03 -2.977730e-03 
 7.550000e+03  9.198477e-02 -5.402631e-03  5.316800e-03 -2.998655e-03 
 7.600000e+03  9.703913e-02 -5.431006e-03  5.346480e-03 -3.019992e-03 
 7.650000e+03  1.022749e-01 -5.460367e-03  5.376793e-03 -3.042543e-03 
 7.700000e+03  1.090507e-01 -5.498752e-03  5.415613e-03 -3.071569e-03 
 7.750000e+03  1.161627e-01 -5.538098e-03  5.454005e-03 -3.099616e-03 
 7.800000e+03  1.232747e-01 -5.574706e-03  5.489436e-03 -3.124490e-03 
 7.850000e+03  1.303867e-01 -5.610029e-03  5.523895e-03 -3.148314e-03 
 7.900000e+03  1.374987e-01 -5.645154e-03  5.558359e-03 -3.172000e-03 
 7.950000e+03  1.446107e-01 -5.679630e-03  5.592817e-03 -3.196123e-03 
 8.000000e+03  1.517226e-01 -5.713095e-03  5.626923e-03 -3.220734e-03 
 8.050000e+03  1.596964e-01 -5.749061e-03  5.663705e-03 -3.248226e-03 
 8.100000e+03  1.679295e-01 -5.784014e-03  5.699421e-03 -3.274836e-03 
 8.150000e+03  1.761625e-01 -5.818019e-03  5.733669e-03 -3.299495e-03 
 8.200000e+03  1.843955e-01 -5.852001e-03  5.767715e-03 -3.322858e-03 
 8.250000e+03  1.926285e-01 -5.886137e-03  5.801676e-03 -3.345776e-03 
 8.300000e+03  2.008615e-01 -5.920205e-03  5.835422e-03 -3.368817e-03 
 8.350000e+03  2.090945e-01 -5.953254e-03  5.868414e-03 -3.391995e-03 
 8.400000e+03  2.181018e-01 -5.987067e-03  5.902618e-03 -3.416960e-03 
 8.450000e+03  2.278136e-01 -6.021602e-03  5.938132e-03 -3.443147e-03 
 8.500000e+03  2.378209e-01 -6.056541e-03  5.974076e-03 -3.469176e-03 
 8.550000e+03  2.478282e-01 -6.091554e-03  6.009539e-03 -3.494068e-03 
 8.600000e+03  2.581777e-01 -6.127900e-03  6.046016e-03 -3.519067e-03 
 8.650000e+03  2.692107e-01 -6.166704e-03  6.084450e-03 -3.545231e-03 
 8.700000e+03  2.802438e-01 -6.204580e-03  6.121288e-03 -3.570756e-03 
 8.750000e+03  2.912768e-01 -6.240742e-03  6.156149e-03 -3.595677e-03 
 8.800000e+03  3.023098e-01 -6.275559e-03  6.189965e-03 -3.620412e-03 
 8.850000e+03  3.133428e-01 -6.309375e-03  6.223410e-03 -3.644936e-03 
 8.900000e+03  3.244200e-01 -6.342633e-03  6.256517e-03 -3.669108e-03 
 8.950000e+03  3.370516e-01 -6.380422e-03  6.294179e-03 -3.696018e-03 
 9.000000e+03  3.504623e-01 -6.420406e-03  6.334197e-03 -3.723646e-03 
 9.050000e+03  3.638730e-01 -6.459524e-03  6.373097e-03 -3.749940e-03 
 9.100000e+03  3.772837e-01 -6.497596e-03  6.410432e-03 -3.775381e-03 
 9.150000e+03  3.913516e-01 -6.536754e-03  6.448396e-03 -3.801927e-03 
 9.200000e+03  4.054328e-01 -6.574874e-03  6.485543e-03 -3.828485e-03 
 9.250000e+03  4.195141e-01 -6.611304e-03  6.521792e-03 -3.855005e-03 
 9.300000e+03  4.336657e-01 -6.647053e-03  6.557833e-03 -3.881310e-03 
 9.350000e+03  4.484510e-01 -6.684075e-03  6.595406e-03 -3.907992e-03 
 9.400000e+03  4.632363e-01 -6.720590e-03  6.632631e-03 -3.933435e-03 
 9.450000e+03  4.783809e-01 -6.757487e-03  6.670183e-03 -3.958424e-03 
 9.500000e+03  4.946817e-01 -6.797006e-03  6.709978e-03 -3.984833e-03 
 9.550000e+03  5.109825e-01 -6.835997e-03  6.748520e-03 -4.011240e-03 
 9.600000e+03  5.272834e-01 -6.873826e-03  6.785361e-03 -4.037663e-03 
 9.650000e+03  5.438776e-01 -6.911228e-03  6.821633e-03 -4.064399e-03 
 9.700000e+03  5.616952e-01 -6.950717e-03  6.860078e-03 -4.092583e-03 
 9.750000e+03  5.796668e-01 -6.989945e-03  6.898444e-03 -4.120139e-03 
 9.800000e+03  5.976384e-01 -7.028677e-03  6.936550e-03 -4.146660e-03 
 9.850000e+03  6.161133e-01 -7.068211e-03  6.975660e-03 -4.173122e-03 
 9.900000e+03  6.349835e-01 -7.108235e-03  7.015442e-03 -4.199756e-03 
 9.950000e+03  6.538537e-01 -7.147317e-03  7.054192e-03 -4.226079e-03 
 1.000000e+04  6.730447e-01 -7.186034e-03  7.091903e-03 -4.252624e-03 
 1.005000e+04  6.936510e-01 -7.226863e-03  7.131092e-03 -4.281027e-03 
 1.010000e+04  7.144554e-01 -7.267145e-03  7.169972e-03 -4.309413e-03 
 1.015000e+04  7.352599e-01 -7.306348e-03  7.208349e-03 -4.337140e-03 
 1.020000e+04  7.560643e-01 -7.345154e-03  7.246642e-03 -4.363991e-03 
 1.025000e+04  7.768687e-01 -7.383974e-03  7.285093e-03 -4.390145e-03 
 1.030000e+04  7.976731e-01 -7.422181e-03  7.323457e-03 -4.415711e-03 
 1.035000e+04  8.188728e-01 -7.460126e-03  7.361802e-03 -4.441303e-03 
 1.040000e+04  8.422455e-01 -7.501108e-03  7.403072e-03 -4.469473e-03 
 1.045000e+04  8.663292e-01 -7.542720e-03  7.444237e-03 -4.498506e-03 
 1.050000e+04  8.904129e-01 -7.583376e-03  7.483948e-03 -4.527213e-03 
 1.055000e+04  9.144966e-01 -7.623419e-03  7.522922e-03 -4.555258e-03 
 1.060000e+04  9.396400e-01 -7.665150e-03  7.563511e-03 -4.583916e-03 
 1.065000e+04  9.649279e-01 -7.706828e-03  7.604163e-03 -4.611949e-03 
 1.070000e+04  9.902158e-01 -7.747707e-03  7.644251e-03 -4.639269e-03 
 1.075000e+04  1.016035e+00 -7.788768e-03  7.684821e-03 -4.666760e-03 
 1.080000e+04  1.042587e+00 -7.830311e-03  7.726205e-03 -4.694976e-03 
 1.085000e+04  1.069139e+00 -7.870931e-03  7.766409e-03 -4.722956e-03 
 1.090000e+04  1.096361e+00 -7.911801e-03  7.806277e-03 -4.751283e-03 
 1.095000e+04  1.125635e+00 -7.955552e-03  7.848442e-03 -4.781439e-03 
 1.100000e+04  1.154909e+00 -7.998998e-03  7.889997e-03 -4.811042e-03 
 1.105000e+04  1.184182e+00 -8.041579e-03  7.930922e-03 -4.839803e-03 
 1.110000e+04  1.213456e+00 -8.083700e-03  7.971624e-03 -4.867910e-03 
 1.115000e+04  1.242730e+00 -8.125380e-03  8.012256e-03 -4.895638e-03 
 1.120000e+04  1.272004e+00 -8.166125e-03  8.052512e-03 -4.923074e-03 
 1.125000e+04  1.301746e+00 -8.206376e-03  8.092688e-03 -4.950788e-03 
 1.130000e+04  1.335054e+00 -8.250834e-03  8.137023e-03 -4.981688e-03 
 1.135000e+04  1.368942e+00 -8.295579e-03  8.181273e-03 -5.012735e-03 
 1.140000e+04  1.402830e+00 -8.339696e-03  8.224459e-03 -5.043069e-03 
 1.145000e+04  1.437464e+00 -8.384476e-03  8.267895e-03 -5.073334e-03 
 1.150000e+04  1.473047e+00 -8.430341e-03  8.312123e-03 -5.103875e-03 
 1.155000e+04  1.508629e+00 -8.475510e-03  8.355823e-03 -5.133955e-03 
 1.160000e+04  1.544212e+00 -8.519636e-03  8.398837e-03 -5.163707e-03 
 1.165000e+04  1.579794e+00 -8.562862e-03  8.441396e-03 -5.193296e-03 
 1.170000e+04  1.615377e+00 -8.605422e-03  8.483618e-03 -5.222740e-03 
 1.175000e+04  1.650960e+00 -8.647327e-03  8.525193e-03 -5.251725e-03 
 1.180000e+04  1.689783e+00 -8.692747e-03  8.569680e-03 -5.282638e-03 
 1.185000e+04  1.730975e+00 -8.740926e-03  8.616262e-03 -5.314920e-03 
 1.190000e+04  1.772166e+00 -8.788768e-03  8.662092e-03 -5.346742e-03 
 1.195000e+04  1.813357e+00 -8.835690e-03  8.706882e-03 -5.378020e-03 
 1.200000e+04  1.854549e+00 -8.881856e-03  8.751037e-03 -5.408913e-03 
 1.205000e+04  1.895740e+00 -8.927358e-03  8.794853e-03 -5.439616e-03 
 1.210000e+04  1.936931e+00 -8.971917e-03  8.838277e-03 -5.469973e-03 
 1.215000e+04  1.978823e+00 -9.016368e-03  8.881934e-03 -5.500417e-03 
 1.220000e+04  2.024293e+00 -9.064195e-03  8.929142e-03 -5.533110e-03 
 1.225000e+04  2.071977e+00 -9.113989e-03  8.978168e-03 -5.566871e-03 
 1.230000e+04  2.119661e+00 -9.163100e-03  9.026090e-03 -5.599887e-03 
 1.235000e+04  2.167869e+00 -9.212325e-03  9.073558e-03 -5.632692e-03 
 1.240000e+04  2.217938e+00 -9.263059e-03  9.122139e-03 -5.666459e-03 
 1.245000e+04  2.268006e+00 -9.312855e-03  9.169927e-03 -5.699921e-03 
 1.250000e+04  2.318074e+00 -9.361425e-03  9.216925e-03 -5.733032e-03 
 1.255000e+04  2.368143e+00 -9.409313e-03  9.263673e-03 -5.765859e-03 
 1.260000e+04  2.418211e+00 -9.456724e-03  9.310323e-03 -5.798242e-03 
 1.265000e+04  2.468279e+00 -9.503559e-03  9.356558e-03 -5.830011e-03 
 1.270000e+04  2.521347e+00 -9.552750e-03  9.404931e-03 -5.863029e-03 
 1.275000e+04  2.576547e+00 -9.603747e-03  9.454491e-03 -5.896960e-03 
 1.280000e+04  2.631747e+00 -9.654279e-03  9.502914e-03 -5.930630e-03 
 1.285000e+04  2.686948e+00 -9.703918e-03  9.550135e-03 -5.963966e-03 
 1.290000e+04  2.743638e+00 -9.754215e-03  9.597973e-03 -5.997860e-03 
 1.295000e+04  2.801599e+00 -9.805101e-03  9.646566e-03 -6.032163e-03 
 1.300000e+04  2.859559e+00 -9.855167e-03  9.694715e-03 -6.065939e-03 
 1.305000e+04  2.917519e+00 -9.904457e-03  9.742552e-03 -6.099145e-03 
 1.310000e+04  2.979108e+00 -9.956355e-03  9.793244e-03 -6.133981e-03 
 1.315000e+04  3.043009e+00 -1.000965e-02  9.845472e-03 -6.169686e-03 
 1.320000e+04  3.106911e+00 -1.006212e-02  9.896636e-03 -6.204898e-03 
 1.325000e+04  3.172537e+00 -1.011550e-02  9.948017e-03 -6.240645e-03 
 1.330000e+04  3.239633e+00 -1.016969e-02  9.999640e-03 -6.276949e-03 
 1.335000e+04  3.306730e+00 -1.022295e-02  1.005042e-02 -6.312841e-03 
 1.340000e+04  3.373826e+00 -1.027521e-02  1.010058e-02 -6.348205e-03 
 1.345000e+04  3.440922e+00 -1.032703e-02  1.015057e-02 -6.383142e-03 
 1.350000e+04  3.508019e+00 -1.037837e-02  1.020042e-02 -6.417612e-03 
 1.355000e+04  3.575115e+00 -1.042898e-02  1.024991e-02 -6.451542e-03 
 1.360000e+04  3.648141e+00 -1.048342e-02  1.030320e-02 -6.487981e-03 
 1.365000e+04  3.725813e+00 -1.054094e-02  1.035903e-02 -6.526429e-03 
 1.370000e+04  3.803485e+00 -1.059771e-02  1.041358e-02 -6.564563e-03 
 1.375000e+04  3.881158e+00 -1.065372e-02  1.046688e-02 -6.602224e-03 
 1.380000e+04  3.961704e+00 -1.071122e-02  1.052139e-02 -6.640818e-03 
 1.385000e+04  4.043260e+00 -1.076896e-02  1.057616e-02 -6.679379e-03 
 1.390000e+04  4.124816e+00 -1.082588e-02  1.063047e-02 -6.717343e-03 
 1.395000e+04  4.206372e+00 -1.088193e-02  1.068440e-02 -6.754731e-03 
 1.400000e+04  4.291516e+00 -1.093971e-02  1.074050e-02 -6.793356e-03 
 1.405000e+04  4.377150e+00 -1.099709e-02  1.079643e-02 -6.831833e-03 
 1.410000e+04  4.465503e+00 -1.105551e-02  1.085306e-02 -6.871054e-03 
 1.415000e+04  4.561047e+00 -1.111813e-02  1.091314e-02 -6.912963e-03 
 1.420000e+04  4.660179e+00 -1.118257e-02  1.097451e-02 -6.956036e-03 
 1.425000e+04  4.759311e+00 -1.124605e-02  1.103485e-02 -6.998507e-03 
 1.430000e+04  4.858443e+00 -1.130856e-02  1.109430e-02 -7.040274e-03 
 1.435000e+04  4.957574e+00 -1.137042e-02  1.115339e-02 -7.081552e-03 
 1.440000e+04  5.056706e+00 -1.143145e-02  1.121221e-02 -7.122315e-03 
 1.445000e+04  5.155838e+00 -1.149142e-02  1.127042e-02 -7.162526e-03 
 1.450000e+04  5.260506e+00 -1.155404e-02  1.133128e-02 -7.204531e-03 
 1.455000e+04  5.369799e+00 -1.161889e-02  1.139415e-02 -7.248007e-03 
 1.460000e+04  5.479092e+00 -1.168304e-02  1.145569e-02 -7.290915e-03 
 1.465000e+04  5.589915e+00 -1.174728e-02  1.151676e-02 -7.333806e-03 
 1.470000e+04  5.704673e+00 -1.181331e-02  1.157923e-02 -7.377660e-03 
 1.475000e+04  5.819430e+00 -1.187876e-02  1.164098e-02 -7.421024e-03 
 1.480000e+04  5.934188e+00 -1.194322e-02  1.170196e-02 -7.463750e-03 
 1.485000e+04  6.050896e+00 -1.200784e-02  1.176348e-02 -7.506686e-03 
 1.490000e+04  6.171391e+00 -1.207368e-02  1.182667e-02 -7.550586e-03 
 1.495000e+04  6.291887e+00 -1.213855e-02  1.188923e-02 -7.593993e-03 
 1.500000e+04  6.417654e+00 -1.220547e-02  1.195353e-02 -7.638661e-03 
 1.505000e+04  6.556345e+00 -1.227875e-02  1.202346e-02 -7.687374e-03 
 1.510000e+04  6.695833e+00 -1.235173e-02  1.209270e-02 -7.735781e-03 
 1.515000e+04  6.835322e+00 -1.242359e-02  1.216063e-02 -7.783448e-03 
 1.520000e+04  6.974810e+00 -1.249458e-02  1.222764e-02 -7.830452e-03 
 1.525000e+04  7.114299e+00 -1.256476e-02  1.229401e-02 -7.876912e-03 
 1.530000e+04  7.253787e+00 -1.263384e-02  1.235982e-02 -7.922830e-03 
 1.535000e+04  7.395368e+00 -1.270277e-02  1.242604e-02 -7.968869e-03 
 1.540000e+04  7.551014e+00 -1.277771e-02  1.249826e-02 -8.018939e-03 
 1.545000e+04  7.712489e+00 -1.285473e-02  1.257238e-02 -8.070260e-03 
 1.550000e+04  7.873965e+00 -1.293075e-02  1.264513e-02 -8.120783e-03 
 1.555000e+04  8.042981e+00 -1.300945e-02  1.271979e-02 -8.172860e-03 
 1.560000e+04  8.221007e+00 -1.309161e-02  1.279732e-02 -8.227045e-03 
 1.565000e+04  8.399034e+00 -1.317263e-02  1.287371e-02 -8.280564e-03 
 1.570000e+04  8.577061e+00 -1.325235e-02  1.294892e-02 -8.333333e-03 
 1.575000e+04  8.755087e+00 -1.333099e-02  1.302340e-02 -8.385452e-03 
 1.580000e+04  8.933114e+00 -1.340858e-02  1.309733e-02 -8.436951e-03 
 1.585000e+04  9.111140e+00 -1.348506e-02  1.317043e-02 -8.487650e-03 
 1.590000e+04  9.302074e+00 -1.356620e-02  1.324779e-02 -8.541264e-03 
 1.595000e+04  9.508162e+00 -1.365315e-02  1.333023e-02 -8.598519e-03 
 1.600000e+04  9.714250e+00 -1.373896e-02  1.341116e-02 -8.655041e-03 
 1.605000e+04  9.920338e+00 -1.382349e-02  1.349045e-02 -8.710688e-03 
 1.610000e+04  1.012643e+01 -1.390700e-02  1.356861e-02 -8.765554e-03 
 1.615000e+04  1.033251e+01 -1.398943e-02  1.364600e-02 -8.819796e-03 
 1.620000e+04  1.053860e+01 -1.407047e-02  1.372257e-02 -8.873319e-03 
 1.625000e+04  1.075117e+01 -1.415290e-02  1.380086e-02 -8.927737e-03 
 1.630000e+04  1.097838e+01 -1.424012e-02  1.388395e-02 -8.985267e-03 
 1.635000e+04  1.120560e+01 -1.432625e-02  1.396588e-02 -9.042009e-03 
 1.640000e+04  1.143669e+01 -1.441260e-02  1.404769e-02 -9.098795e-03 
 1.645000e+04  1.169596e+01 -1.450849e-02  1.413803e-02 -9.161726e-03 
 1.650000e+04  1.195899e+01 -1.460465e-02  1.422824e-02 -9.224798e-03 
 1.655000e+04  1.222201e+01 -1.469924e-02  1.431689e-02 -9.286888e-03 
 1.660000e+04  1.248504e+01 -1.479244e-02  1.440430e-02 -9.348037e-03 
 1.665000e+04  1.274807e+01 -1.488444e-02  1.449083e-02 -9.408348e-03 
 1.670000e+04  1.301109e+01 -1.497502e-02  1.457646e-02 -9.467819e-03 
 1.675000e+04  1.327649e+01 -1.506513e-02  1.466175e-02 -9.526927e-03 
 1.680000e+04  1.356647e+01 -1.516264e-02  1.475377e-02 -9.590748e-03 
 1.685000e+04  1.385646e+01 -1.525909e-02  1.484438e-02 -9.653776e-03 
 1.690000e+04  1.414645e+01 -1.535414e-02  1.493329e-02 -9.715828e-03 
 1.695000e+04  1.444194e+01 -1.544977e-02  1.502227e-02 -9.778082e-03 
 1.700000e+04  1.474643e+01 -1.554725e-02  1.511279e-02 -9.841430e-03 
 1.705000e+04  1.505091e+01 -1.564321e-02  1.520223e-02 -9.903945e-03 
 1.710000e+04  1.535540e+01 -1.573762e-02  1.529062e-02 -9.965526e-03 
 1.715000e+04  1.567997e+01 -1.583703e-02  1.538385e-02 -1.003027e-02 
 1.720000e+04  1.601566e+01 -1.593850e-02  1.547924e-02 -1.009643e-02 
 1.725000e+04  1.635136e+01 -1.603843e-02  1.557317e-02 -1.016151e-02 
 1.730000e+04  1.670273e+01 -1.614168e-02  1.566981e-02 -1.022857e-02 
 1.735000e+04  1.707283e+01 -1.624923e-02  1.577005e-02 -1.029838e-02 
 1.740000e+04  1.744294e+01 -1.635512e-02  1.586871e-02 -1.036722e-02 
 1.745000e+04  1.781304e+01 -1.645943e-02  1.596574e-02 -1.043486e-02 
 1.750000e+04  1.819832e+01 -1.656660e-02  1.606551e-02 -1.050422e-02 
 1.755000e+04  1.858693e+01 -1.667317e-02  1.616494e-02 -1.057324e-02 
 1.760000e+04  1.897554e+01 -1.677799e-02  1.626296e-02 -1.064122e-02 
 1.765000e+04  1.938593e+01 -1.688719e-02  1.636506e-02 -1.071194e-02 
 1.770000e+04  1.981437e+01 -1.699994e-02  1.647025e-02 -1.078484e-02 
 1.775000e+04  2.024282e+01 -1.711108e-02  1.657358e-02 -1.085659e-02 
 1.780000e+04  2.067426e+01 -1.722136e-02  1.667570e-02 -1.092759e-02 
 1.785000e+04  2.114391e+01 -1.733999e-02  1.678514e-02 -1.100379e-02 
 1.790000e+04  2.161627e+01 -1.745762e-02  1.689367e-02 -1.107932e-02 
 1.795000e+04  2.208863e+01 -1.757321e-02  1.700049e-02 -1.115361e-02 
 1.800000e+04  2.256902e+01 -1.768890e-02  1.710754e-02 -1.122793e-02 
 1.805000e+04  2.308136e+01 -1.781062e-02  1.722026e-02 -1.130608e-02 
 1.810000e+04  2.360213e+01 -1.793240e-02  1.733322e-02 -1.138429e-02 
 1.815000e+04  2.412395e+01 -1.805255e-02  1.744441e-02 -1.146127e-02 
 1.820000e+04  2.468498e+01 -1.818000e-02  1.756198e-02 -1.154277e-02 
 1.825000e+04  2.525913e+01 -1.830849e-02  1.768033e-02 -1.162494e-02 
 1.830000e+04  2.583329e+01 -1.843473e-02  1.779652e-02 -1.170560e-02 
 1.835000e+04  2.641777e+01 -1.856122e-02  1.791282e-02 -1.178624e-02 
 1.840000e+04  2.702063e+01 -1.868977e-02  1.803111e-02 -1.186822e-02 
 1.845000e+04  2.762350e+01 -1.881605e-02  1.814765e-02 -1.194886e-02 
 1.850000e+04  2.824408e+01 -1.894386e-02  1.826571e-02 -1.203036e-02 
 1.855000e+04  2.893000e+01 -1.908336e-02  1.839420e-02 -1.211911e-02 
 1.860000e+04  2.962789e+01 -1.922309e-02  1.852276e-02 -1.220796e-02 
 1.865000e+04  3.032578e+01 -1.936034e-02  1.864868e-02 -1.229499e-02 
 1.870000e+04  3.103483e+01 -1.949757e-02  1.877401e-02 -1.238179e-02 
 1.875000e+04  3.176761e+01 -1.963721e-02  1.890136e-02 -1.247011e-02 
 1.880000e+04  3.250039e+01 -1.977440e-02  1.902663e-02 -1.255688e-02 
 1.885000e+04  3.325094e+01 -1.991256e-02  1.915268e-02 -1.264407e-02 
 1.890000e+04  3.409196e+01 -2.006508e-02  1.929187e-02 -1.274022e-02 
 1.895000e+04  3.494025e+01 -2.021624e-02  1.942993e-02 -1.283552e-02 
 1.900000e+04  3.578853e+01 -2.036446e-02  1.956518e-02 -1.292881e-02 
 1.905000e+04  3.668148e+01 -2.051777e-02  1.970463e-02 -1.302509e-02 
 1.910000e+04  3.761672e+01 -2.067569e-02  1.984809e-02 -1.312427e-02 
 1.915000e+04  3.855195e+01 -2.083059e-02  1.998873e-02 -1.322143e-02 
 1.920000e+04  3.948719e+01 -2.098260e-02  2.012654e-02 -1.331660e-02 
 1.925000e+04  4.046544e+01 -2.113877e-02  2.026812e-02 -1.341437e-02 
 1.930000e+04  4.144744e+01 -2.129260e-02  2.040779e-02 -1.351069e-02 
 1.935000e+04  4.243636e+01 -2.144452e-02  2.054583e-02 -1.360563e-02 
 1.940000e+04  4.351901e+01 -2.160817e-02  2.069425e-02 -1.370772e-02 
 1.945000e+04  4.460166e+01 -2.176894e-02  2.083991e-02 -1.380801e-02 
 1.950000e+04  4.568431e+01 -2.192654e-02  2.098249e-02 -1.390618e-02 
 1.955000e+04  4.682976e+01 -2.209020e-02  2.113012e-02 -1.400783e-02 
 1.960000e+04  4.802338e+01 -2.225783e-02  2.128112e-02 -1.411189e-02 
 1.965000e+04  4.921701e+01 -2.242218e-02  2.142911e-02 -1.421387e-02 
 1.970000e+04  5.042018e+01 -2.258459e-02  2.157514e-02 -1.431440e-02 
 1.975000e+04  5.173615e+01 -2.275909e-02  2.173185e-02 -1.442225e-02 
 1.980000e+04  5.305212e+01 -2.293025e-02  2.188553e-02 -1.452802e-02 
 1.985000e+04  5.436941e+01 -2.309805e-02  2.203602e-02 -1.463154e-02 
 1.990000e+04  5.579125e+01 -2.327573e-02  2.219495e-02 -1.474095e-02 
 1.995000e+04  5.724210e+01 -2.345365e-02  2.235391e-02 -1.485046e-02 
 2.000000e+04  5.869296e+01 -2.362782e-02  2.250939e-02 -1.495754e-02 
 2.005000e+04  6.016703e+01 -2.380099e-02  2.266384e-02 -1.506382e-02 
 2.010000e+04  6.176508e+01 -2.398510e-02  2.282804e-02 -1.517676e-02 
 2.015000e+04  6.336465e+01 -2.416555e-02  2.298910e-02 -1.528746e-02 
 2.020000e+04  6.496422e+01 -2.434203e-02  2.314657e-02 -1.539559e-02 
 2.025000e+04  6.663737e+01 -2.452278e-02  2.330777e-02 -1.550627e-02 
 2.030000e+04  6.831691e+01 -2.470052e-02  2.346622e-02 -1.561509e-02 
 2.035000e+04  7.001846e+01 -2.487678e-02  2.362316e-02 -1.572280e-02 
 2.040000e+04  7.187017e+01 -2.506491e-02  2.379036e-02 -1.583754e-02 
 2.045000e+04  7.372187e+01 -2.524933e-02  2.395394e-02 -1.594994e-02 
 2.050000e+04  7.557357e+01 -2.542969e-02  2.411375e-02 -1.605976e-02 
 2.055000e+04  7.750582e+01 -2.561381e-02  2.427662e-02 -1.617163e-02 
 2.060000e+04  7.954732e+01 -2.580450e-02  2.444509e-02 -1.628738e-02 
 2.065000e+04  8.158882e+01 -2.599112e-02  2.460985e-02 -1.640063e-02 
 2.070000e+04  8.364870e+01 -2.617526e-02  2.477212e-02 -1.651220e-02 
 2.075000e+04  8.586944e+01 -2.636969e-02  2.494309e-02 -1.662982e-02 
 2.080000e+04  8.812020e+01 -2.656256e-02  2.511255e-02 -1.674646e-02 
 2.085000e+04  9.037095e+01 -2.675105e-02  2.527801e-02 -1.686031e-02 
 2.090000e+04  9.271478e+01 -2.694284e-02  2.544614e-02 -1.697598e-02 
 2.095000e+04  9.519624e+01 -2.714156e-02  2.562025e-02 -1.709582e-02 
 2.100000e+04  9.767769e+01 -2.733566e-02  2.579038e-02 -1.721291e-02 
 2.105000e+04  1.001592e+02 -2.752511e-02  2.595641e-02 -1.732712e-02 
 2.110000e+04  1.028562e+02 -2.772637e-02  2.613269e-02 -1.744839e-02 
 2.115000e+04  1.055921e+02 -2.792602e-02  2.630745e-02 -1.756861e-02 
 2.120000e+04  1.083279e+02 -2.812092e-02  2.647792e-02 -1.768586e-02 
 2.125000e+04  1.111512e+02 -2.831732e-02  2.664942e-02 -1.780391e-02 
 2.130000e+04  1.140238e+02 -2.851256e-02  2.681976e-02 -1.792123e-02 
 2.135000e+04  1.168993e+02 -2.870335e-02  2.698608e-02 -1.803579e-02 
 2.140000e+04  1.200573e+02 -2.890826e-02  2.716446e-02 -1.815871e-02 
 2.145000e+04  1.232243e+02 -2.910921e-02  2.733924e-02 -1.827927e-02 
 2.150000e+04  1.263913e+02 -2.930528e-02  2.750963e-02 -1.839683e-02 
 2.155000e+04  1.295647e+02 -2.949700e-02  2.767588e-02 -1.851158e-02 
 2.160000e+04  1.330198e+02 -2.970094e-02  2.785252e-02 -1.863360e-02 
 2.165000e+04  1.365115e+02 -2.990237e-02  2.802686e-02 -1.875414e-02 
 2.170000e+04  1.400031e+02 -3.009896e-02  2.819674e-02 -1.887167e-02 
 2.175000e+04  1.434948e+02 -3.029076e-02  2.836230e-02 -1.898629e-02 
 2.180000e+04  1.470004e+02 -3.047863e-02  2.852444e-02 -1.909860e-02 
 2.185000e+04  1.508170e+02 -3.067842e-02  2.869693e-02 -1.921802e-02 
 2.190000e+04  1.546665e+02 -3.087540e-02  2.886700e-02 -1.933574e-02 
 2.195000e+04  1.585161e+02 -3.106775e-02  2.903297e-02 -1.945076e-02 
 2.200000e+04  1.623656e+02 -3.125539e-02  2.919472e-02 -1.956293e-02 
 2.205000e+04  1.662152e+02 -3.143836e-02  2.935240e-02 -1.967228e-02 
 2.210000e+04  1.701610e+02 -3.162145e-02  2.951020e-02 -1.978172e-02 
 2.215000e+04  1.742030e+02 -3.180493e-02  2.966828e-02 -1.989121e-02 
 2.220000e+04  1.782451e+02 -3.198443e-02  2.982232e-02 -1.999819e-02 
 2.225000e+04  1.822871e+02 -3.216003e-02  2.997284e-02 -2.010298e-02 
 2.230000e+04  1.863291e+02 -3.233170e-02  3.012010e-02 -2.020555e-02 
 2.235000e+04  1.905126e+02 -3.250548e-02  3.026918e-02 -2.030939e-02 
 2.240000e+04  1.947568e+02 -3.267820e-02  3.041721e-02 -2.041248e-02 
 2.245000e+04  1.990009e+02 -3.284738e-02  3.056188e-02 -2.051340e-02 
 2.250000e+04  2.032450e+02 -3.301297e-02  3.070336e-02 -2.061222e-02 
 2.255000e+04  2.074892e+02 -3.317499e-02  3.084177e-02 -2.070891e-02 
 2.260000e+04  2.118054e+02 -3.333634e-02  3.097948e-02 -2.080517e-02 
 2.265000e+04  2.162618e+02 -3.349969e-02  3.111881e-02 -2.090256e-02 
 2.270000e+04  2.207181e+02 -3.365980e-02  3.125498e-02 -2.099800e-02 
 2.275000e+04  2.251745e+02 -3.381656e-02  3.138827e-02 -2.109151e-02 
 2.280000e+04  2.296308e+02 -3.397001e-02  3.151903e-02 -2.118322e-02 
 2.285000e+04  2.340872e+02 -3.412037e-02  3.164731e-02 -2.127312e-02 
 2.290000e+04  2.385435e+02 -3.426785e-02  3.177322e-02 -2.136134e-02 
 2.295000e+04  2.429998e+02 -3.441256e-02  3.189670e-02 -2.144790e-02 
 2.300000e+04  2.476211e+02 -3.455982e-02  3.202244e-02 -2.153610e-02 
 2.305000e+04  2.523002e+02 -3.470621e-02  3.214739e-02 -2.162367e-02 
 2.310000e+04  2.569794e+02 -3.484986e-02  3.226961e-02 -2.170961e-02 
 2.315000e+04  2.616585e+02 -3.499081e-02  3.238938e-02 -2.179387e-02 
 2.320000e+04  2.663377e+02 -3.512917e-02  3.250682e-02 -2.187673e-02 
 2.325000e+04  2.710169e+02 -3.526497e-02  3.262226e-02 -2.195811e-02 
 2.330000e+04  2.756960e+02 -3.539839e-02  3.273573e-02 -2.203808e-02 
 2.335000e+04  2.803752e+02 -3.552959e-02  3.284724e-02 -2.211667e-02 
 2.340000e+04  2.850543e+02 -3.565873e-02  3.295672e-02 -2.219406e-02 
 2.345000e+04  2.897335e+02 -3.578574e-02  3.306454e-02 -2.227022e-02 
 2.350000e+04  2.944126e+02 -3.591064e-02  3.317061e-02 -2.234514e-02 
 2.355000e+04  2.990918e+02 -3.603347e-02  3.327480e-02 -2.241875e-02 
 2.360000e+04  3.037710e+02 -3.615432e-02  3.337719e-02 -2.249117e-02 
 2.365000e+04  3.084501e+02 -3.627320e-02  3.347791e-02 -2.256259e-02 
 2.370000e+04  3.133305e+02 -3.639519e-02  3.358143e-02 -2.263598e-02 
 2.375000e+04  3.182436e+02 -3.651618e-02  3.368426e-02 -2.270871e-02 
 2.380000e+04  3.231567e+02 -3.663526e-02  3.378530e-02 -2.278031e-02 
 2.385000e+04  3.280698e+02 -3.675252e-02  3.388468e-02 -2.285074e-02 
 2.390000e+04  3.329830e+02 -3.686794e-02  3.398225e-02 -2.291995e-02 
 2.395000e+04  3.378961e+02 -3.698157e-02  3.407816e-02 -2.298818e-02 
 2.400000e+04  3.428092e+02 -3.709342e-02  3.417277e-02 -2.305548e-02 
 2.405000e+04  3.477223e+02 -3.720367e-02  3.426612e-02 -2.312175e-02 
 2.410000e+04  3.526354e+02 -3.731241e-02  3.435802e-02 -2.318707e-02 
 2.415000e+04  3.575485e+02 -3.741956e-02  3.444859e-02 -2.325151e-02 
 2.420000e+04  3.627024e+02 -3.753036e-02  3.454254e-02 -2.331830e-02 
 2.425000e+04  3.678612e+02 -3.763975e-02  3.463541e-02 -2.338422e-02 
 2.430000e+04  3.730199e+02 -3.774763e-02  3.472690e-02 -2.344902e-02 
 2.435000e+04  3.781787e+02 -3.785400e-02  3.481680e-02 -2.351277e-02 
 2.440000e+04  3.833375e+02 -3.795875e-02  3.490515e-02 -2.357563e-02 
 2.445000e+04  3.884963e+02 -3.806185e-02  3.499230e-02 -2.363764e-02 
 2.450000e+04  3.936550e+02 -3.816352e-02  3.507850e-02 -2.369889e-02 
 2.455000e+04  3.989479e+02 -3.826651e-02  3.516593e-02 -2.376094e-02 
 2.460000e+04  4.043646e+02 -3.837067e-02  3.525442e-02 -2.382369e-02 
 2.465000e+04  4.097813e+02 -3.847353e-02  3.534162e-02 -2.388565e-02 
 2.470000e+04  4.151981e+02 -3.857503e-02  3.542742e-02 -2.394680e-02 
 2.475000e+04  4.206148e+02 -3.867510e-02  3.551190e-02 -2.400713e-02 
 2.480000e+04  4.260315e+02 -3.877377e-02  3.559495e-02 -2.406666e-02 
 2.485000e+04  4.314482e+02 -3.887110e-02  3.567703e-02 -2.412545e-02 
 2.490000e+04  4.368649e+02 -3.896723e-02  3.575797e-02 -2.418355e-02 
 2.495000e+04  4.422816e+02 -3.906225e-02  3.583800e-02 -2.424098e-02 
 2.500000e+04  4.478175e+02 -3.915824e-02  3.591870e-02 -2.429907e-02 
 2.505000e+04  4.535050e+02 -3.925575e-02  3.600084e-02 -2.435824e-02 
 2.510000e+04  4.591926e+02 -3.935206e-02  3.608188e-02 -2.441680e-02 
 2.515000e+04  4.649143e+02 -3.944776e-02  3.616218e-02 -2.447505e-02 
 2.520000e+04  4.708862e+02 -3.954637e-02  3.624498e-02 -2.453516e-02 
 2.525000e+04  4.768581e+02 -3.964376e-02  3.632679e-02 -2.459453e-02 
 2.530000e+04  4.828300e+02 -3.973996e-02  3.640757e-02 -2.465320e-02 
 2.535000e+04  4.888020e+02 -3.983495e-02  3.648738e-02 -2.471120e-02 
 2.540000e+04  4.947739e+02 -3.992879e-02  3.656627e-02 -2.476870e-02 
 2.545000e+04  5.007458e+02 -4.002160e-02  3.664431e-02 -2.482574e-02 
 2.550000e+04  5.067177e+02 -4.011339e-02  3.672163e-02 -2.488223e-02 
 2.555000e+04  5.126896e+02 -4.020425e-02  3.679831e-02 -2.493814e-02 
 2.560000e+04  5.188049e+02 -4.029628e-02  3.687599e-02 -2.499488e-02 
 2.565000e+04  5.250754e+02 -4.038963e-02  3.695477e-02 -2.505252e-02 
 2.570000e+04  5.313459e+02 -4.048198e-02  3.703261e-02 -2.510951e-02 
 2.575000e+04  5.376165e+02 -4.057330e-02  3.710954e-02 -2.516605e-02 
 2.580000e+04  5.439309e+02 -4.066426e-02  3.718618e-02 -2.522246e-02 
 2.585000e+04  5.505149e+02 -4.075837e-02  3.726543e-02 -2.528072e-02 
 2.590000e+04  5.570990e+02 -4.085176e-02  3.734387e-02 -2.533820e-02 
 2.595000e+04  5.636830e+02 -4.094426e-02  3.742129e-02 -2.539510e-02 
 2.600000e+04  5.702671e+02 -4.103570e-02  3.749789e-02 -2.545131e-02 
 2.605000e+04  5.768511e+02 -4.112631e-02  3.757369e-02 -2.550702e-02 
 2.610000e+04  5.834351e+02 -4.121614e-02  3.764870e-02 -2.556237e-02 
 2.615000e+04  5.900719e+02 -4.130596e-02  3.772370e-02 -2.561761e-02 
 2.620000e+04  5.969851e+02 -4.139875e-02  3.780136e-02 -2.567454e-02 
 2.625000e+04  6.038984e+02 -4.149048e-02  3.787840e-02 -2.573049e-02 
 2.630000e+04  6.108116e+02 -4.158117e-02  3.795430e-02 -2.578578e-02 
 2.635000e+04  6.177249e+02 -4.167085e-02  3.802923e-02 -2.584059e-02 
 2.640000e+04  6.246381e+02 -4.175978e-02  3.810351e-02 -2.589493e-02 
 2.645000e+04  6.315514e+02 -4.184818e-02  3.817734e-02 -2.594890e-02 
 2.650000e+04  6.384646e+02 -4.193598e-02  3.825091e-02 -2.600243e-02 
 2.655000e+04  6.453778e+02 -4.202298e-02  3.832403e-02 -2.605541e-02 
 2.660000e+04  6.522911e+02 -4.210927e-02  3.839651e-02 -2.610784e-02 
 2.665000e+04  6.592043e+02 -4.219506e-02  3.846823e-02 -2.615999e-02 
 2.670000e+04  6.661176e+02 -4.228028e-02  3.853956e-02 -2.621169e-02 
 2.675000e+04  6.730308e+02 -4.236501e-02  3.861044e-02 -2.626295e-02 
 2.680000e+04  6.799441e+02 -4.244914e-02  3.868099e-02 -2.631375e-02 
 2.685000e+04  6.868573e+02 -4.253277e-02  3.875109e-02 -2.636409e-02 
 2.690000e+04  6.937706e+02 -4.261574e-02  3.882073e-02 -2.641397e-02 
 2.695000e+04  7.006838e+02 -4.269801e-02  3.888985e-02 -2.646353e-02 
 2.700000e+04  7.075971e+02 -4.277944e-02  3.895860e-02 -2.651270e-02 
 2.705000e+04  7.145103e+02 -4.286019e-02  3.902697e-02 -2.656152e-02 
 2.710000e+04  7.214236e+02 -4.294032e-02  3.909497e-02 -2.660993e-02 
 2.715000e+04  7.283368e+02 -4.301985e-02  3.916271e-02 -2.665811e-02 
 2.720000e+04  7.352501e+02 -4.309865e-02  3.923013e-02 -2.670597e-02 
 2.725000e+04  7.421633e+02 -4.317672e-02  3.929707e-02 -2.675350e-02 
 2.730000e+04  7.490766e+02 -4.325405e-02  3.936334e-02 -2.680060e-02 
 2.735000e+04  7.559898e+02 -4.333062e-02  3.942897e-02 -2.684724e-02 
 2.740000e+04  7.629031e+02 -4.340650e-02  3.949399e-02 -2.689335e-02 
 2.745000e+04  7.698163e+02 -4.348167e-02  3.955858e-02 -2.693893e-02 
 2.750000e+04  7.767296e+02 -4.355612e-02  3.962266e-02 -2.698403e-02 
 2.755000e+04  7.836428e+02 -4.362988e-02  3.968632e-02 -2.702876e-02 
 2.760000e+04  7.905561e+02 -4.370320e-02  3.974953e-02 -2.707325e-02 
 2.765000e+04  7.974693e+02 -4.377614e-02  3.981223e-02 -2.711747e-02 
 2.770000e+04  8.043826e+02 -4.384867e-02  3.987434e-02 -2.716143e-02 
 2.775000e+04  8.116207e+02 -4.392413e-02  3.993886e-02 -2.720717e-02 
 2.780000e+04  8.188796e+02 -4.399918e-02  4.000302e-02 -2.725269e-02 
 2.785000e+04  8.264144e+02 -4.407655e-02  4.006881e-02 -2.729960e-02 
 2.790000e+04  8.343259e+02 -4.415719e-02  4.013713e-02 -2.734853e-02 
 2.795000e+04  8.423288e+02 -4.423815e-02  4.020562e-02 -2.739749e-02 
 2.800000e+04  8.503318e+02 -4.431844e-02  4.027343e-02 -2.744582e-02 
 2.805000e+04  8.583347e+02 -4.439815e-02  4.034050e-02 -2.749356e-02 
 2.810000e+04  8.663377e+02 -4.447709e-02  4.040669e-02 -2.754076e-02 
 2.815000e+04  8.743406e+02 -4.455519e-02  4.047215e-02 -2.758758e-02 
 2.820000e+04  8.823836e+02 -4.463280e-02  4.053744e-02 -2.763419e-02 
 2.825000e+04  8.907867e+02 -4.471304e-02  4.060521e-02 -2.768268e-02 
 2.830000e+04  8.991898e+02 -4.479235e-02  4.067245e-02 -2.773059e-02 
 2.835000e+04  9.075929e+02 -4.487060e-02  4.073927e-02 -2.777789e-02 
 2.840000e+04  9.162985e+02 -4.495115e-02  4.080794e-02 -2.782671e-02 
 2.845000e+04  9.251217e+02 -4.503264e-02  4.087675e-02 -2.787604e-02 
 2.850000e+04  9.339450e+02 -4.511358e-02  4.094477e-02 -2.792484e-02 
 2.855000e+04  9.427682e+02 -4.519375e-02  4.101205e-02 -2.797306e-02 
 2.860000e+04  9.515915e+02 -4.527302e-02  4.107875e-02 -2.802092e-02 
 2.865000e+04  9.604147e+02 -4.535127e-02  4.114512e-02 -2.806839e-02 
 2.870000e+04  9.695292e+02 -4.543143e-02  4.121306e-02 -2.811720e-02 
 2.875000e+04  9.787936e+02 -4.551266e-02  4.128126e-02 -2.816636e-02 
 2.880000e+04  9.880580e+02 -4.559372e-02  4.134840e-02 -2.821508e-02 
 2.885000e+04  9.973224e+02 -4.567447e-02  4.141483e-02 -2.826338e-02 
 2.890000e+04  1.006587e+03 -4.575445e-02  4.148059e-02 -2.831124e-02 
 2.895000e+04  1.015851e+03 -4.583347e-02  4.154598e-02 -2.835900e-02 
 2.900000e+04  1.025116e+03 -4.591161e-02  4.161074e-02 -2.840642e-02 
 2.905000e+04  1.034380e+03 -4.598912e-02  4.167506e-02 -2.845333e-02 
 2.910000e+04  1.044061e+03 -4.606948e-02  4.174196e-02 -2.850175e-02 
 2.915000e+04  1.053789e+03 -4.614946e-02  4.180890e-02 -2.854997e-02 
 2.920000e+04  1.063517e+03 -4.622849e-02  4.187549e-02 -2.859791e-02 
 2.925000e+04  1.073244e+03 -4.630664e-02  4.194172e-02 -2.864578e-02 
 2.930000e+04  1.083137e+03 -4.638530e-02  4.200882e-02 -2.869440e-02 
 2.935000e+04  1.093852e+03 -4.646996e-02  4.208137e-02 -2.874718e-02 
 2.940000e+04  1.104576e+03 -4.655450e-02  4.215361e-02 -2.879979e-02 
 2.945000e+04  1.115301e+03 -4.663852e-02  4.222518e-02 -2.885195e-02 
 2.950000e+04  1.126283e+03 -4.672379e-02  4.229784e-02 -2.890460e-02 
 2.955000e+04  1.137544e+03 -4.681000e-02  4.237184e-02 -2.895813e-02 
 2.960000e+04  1.148930e+03 -4.689589e-02  4.244585e-02 -2.901147e-02 
 2.965000e+04  1.160505e+03 -4.698248e-02  4.252019e-02 -2.906514e-02 
 2.970000e+04  1.172079e+03 -4.706887e-02  4.259351e-02 -2.911820e-02 
 2.975000e+04  1.183653e+03 -4.715502e-02  4.266594e-02 -2.917109e-02 
 2.980000e+04  1.195227e+03 -4.724049e-02  4.273765e-02 -2.922402e-02 
 2.985000e+04  1.206801e+03 -4.732502e-02  4.280903e-02 -2.927675e-02 
 2.990000e+04  1.218375e+03 -4.740864e-02  4.287991e-02 -2.932922e-02 
 2.995000e+04  1.229949e+03 -4.749141e-02  4.295049e-02 -2.938136e-02 
 3.000000e+04  1.241523e+03 -4.757344e-02  4.302076e-02 -2.943319e-02 
 3.005000e+04  1.253097e+03 -4.765500e-02  4.309090e-02 -2.948482e-02 
 3.010000e+04  1.264671e+03 -4.773595e-02  4.316067e-02 -2.953623e-02 
 3.015000e+04  1.276245e+03 -4.781604e-02  4.323016e-02 -2.958728e-02 
 3.020000e+04  1.287819e+03 -4.789539e-02  4.329933e-02 -2.963813e-02 
 3.025000e+04  1.299393e+03 -4.797398e-02  4.336817e-02 -2.968880e-02 
 3.030000e+04  1.310968e+03 -4.805189e-02  4.343645e-02 -2.973889e-02 
 3.035000e+04  1.322542e+03 -4.812927e-02  4.350414e-02 -2.978857e-02 
 3.040000e+04  1.334116e+03 -4.820607e-02  4.357115e-02 -2.983775e-02 
 3.045000e+04  1.345690e+03 -4.828229e-02  4.363773e-02 -2.988671e-02 
 3.050000e+04  1.357264e+03 -4.835791e-02  4.370395e-02 -2.993559e-02 
 3.055000e+04  1.368838e+03 -4.843317e-02  4.376974e-02 -2.998439e-02 
 3.060000e+04  1.380412e+03 -4.850832e-02  4.383523e-02 -3.003297e-02 
 3.065000e+04  1.391986e+03 -4.858343e-02  4.390043e-02 -3.008124e-02 
 3.070000e+04  1.403560e+03 -4.865826e-02  4.396546e-02 -3.012917e-02 
 3.075000e+04  1.415134e+03 -4.873265e-02  4.403022e-02 -3.017689e-02 
 3.080000e+04  1.426708e+03 -4.880650e-02  4.409452e-02 -3.022449e-02 
 3.085000e+04  1.438282e+03 -4.887993e-02  4.415848e-02 -3.027206e-02 
 3.090000e+04  1.449856e+03 -4.895303e-02  4.422211e-02 -3.031941e-02 
 3.095000e+04  1.461430e+03 -4.902592e-02  4.428545e-02 -3.036633e-02 
 3.100000e+04  1.473005e+03 -4.909855e-02  4.434847e-02 -3.041287e-02 
 3.105000e+04  1.484579e+03 -4.917081e-02  4.441136e-02 -3.045919e-02 
 3.110000e+04  1.496153e+03 -4.924245e-02  4.447414e-02 -3.050520e-02 
 3.115000e+04  1.507727e+03 -4.931351e-02  4.453672e-02 -3.055105e-02 
 3.120000e+04  1.519301e+03 -4.938397e-02  4.459906e-02 -3.059680e-02 
 3.125000e+04  1.530875e+03 -4.945403e-02  4.466105e-02 -3.064251e-02 
 3.130000e+04  1.542449e+03 -4.952360e-02  4.472254e-02 -3.068826e-02 
 3.135000e+04  1.554023e+03 -4.959259e-02  4.478392e-02 -3.073366e-02 
 3.140000e+04  1.565597e+03 -4.966133e-02  4.484509e-02 -3.077871e-02 
 3.145000e+04  1.577171e+03 -4.972971e-02  4.490600e-02 -3.082328e-02 
 3.150000e+04  1.588745e+03 -4.979771e-02  4.496668e-02 -3.086749e-02 
 3.155000e+04  1.600319e+03 -4.986549e-02  4.502700e-02 -3.091151e-02 
 3.160000e+04  1.611893e+03 -4.993263e-02  4.508685e-02 -3.095544e-02 
 3.165000e+04  1.623468e+03 -4.999927e-02  4.514603e-02 -3.099925e-02 
 3.170000e+04  1.635042e+03 -5.006622e-02  4.520463e-02 -3.104314e-02 
 3.175000e+04  1.646616e+03 -5.013330e-02  4.526289e-02 -3.108671e-02 
 3.180000e+04  1.658190e+03 -5.020030e-02  4.532110e-02 -3.113012e-02 
 3.185000e+04  1.669764e+03 -5.026715e-02  4.537924e-02 -3.117321e-02 
 3.190000e+04  1.681338e+03 -5.033408e-02  4.543727e-02 -3.121594e-02 
 3.195000e+04  1.692912e+03 -5.040035e-02  4.549493e-02 -3.125856e-02 
 3.200000e+04  1.704486e+03 -5.046617e-02  4.555207e-02 -3.130131e-02 
 3.205000e+04  1.716060e+03 -5.053157e-02  4.560884e-02 -3.134374e-02 
 3.210000e+04  1.727634e+03 -5.059661e-02  4.566550e-02 -3.138578e-02 
 3.215000e+04  1.739208e+03 -5.066172e-02  4.572217e-02 -3.142782e-02 
 3.220000e+04  1.750782e+03 -5.072673e-02  4.577881e-02 -3.146981e-02 
 3.225000e+04  1.762356e+03 -5.079147e-02  4.583536e-02 -3.151144e-02 
 3.230000e+04  1.773930e+03 -5.085578e-02  4.589181e-02 -3.155307e-02 
 3.235000e+04  1.785505e+03 -5.091948e-02  4.594835e-02 -3.159449e-02 
 3.240000e+04  1.797079e+03 -5.098271e-02  4.600501e-02 -3.163567e-02 
 3.245000e+04  1.808653e+03 -5.104600e-02  4.606157e-02 -3.167691e-02 
 3.250000e+04  1.820227e+03 -5.110968e-02  4.611808e-02 -3.171800e-02 
 3.255000e+04  1.831801e+03 -5.117347e-02  4.617454e-02 -3.175861e-02 
 3.260000e+04  1.843375e+03 -5.123706e-02  4.623110e-02 -3.179886e-02 
 3.265000e+04  1.854949e+03 -5.130007e-02  4.628787e-02 -3.183905e-02 
 3.270000e+04  1.866523e+03 -5.136255e-02  4.634456e-02 -3.187941e-02 
 3.275000e+04  1.878097e+03 -5.142502e-02  4.640088e-02 -3.191977e-02 
 3.280000e+04  1.889671e+03 -5.148711e-02  4.645682e-02 -3.195999e-02 
 3.285000e+04  1.901245e+03 -5.154948e-02  4.651229e-02 -3.199993e-02 
 3.290000e+04  1.912819e+03 -5.161240e-02  4.656740e-02 -3.203985e-02 
 3.295000e+04  1.924393e+03 -5.167604e-02  4.662255e-02 -3.207957e-02 
 3.300000e+04  1.935968e+03 -5.173992e-02  4.667772e-02 -3.211913e-02 
 3.305000e+04  1.947542e+03 -5.180394e-02  4.673325e-02 -3.215869e-02 
 3.310000e+04  1.959116e+03 -5.186726e-02  4.678904e-02 -3.219822e-02 
 3.315000e+04  1.970690e+03 -5.192999e-02  4.684492e-02 -3.223759e-02 
 3.320000e+04  1.982264e+03 -5.199270e-02  4.690006e-02 -3.227698e-02 
 3.325000e+04  1.993838e+03 -5.205555e-02  4.695440e-02 -3.231636e-02 
 3.330000e+04  2.005412e+03 -5.211847e-02  4.700822e-02 -3.235548e-02 
 3.335000e+04  2.016986e+03 -5.218128e-02  4.706182e-02 -3.239437e-02 
 3.340000e+04  2.028560e+03 -5.224395e-02  4.711556e-02 -3.243315e-02 
 3.345000e+04  2.040134e+03 -5.230623e-02  4.716938e-02 -3.247182e-02 
 3.350000e+04  2.051708e+03 -5.236781e-02  4.722335e-02 -3.251055e-02 
 3.355000e+04  2.063282e+03 -5.242894e-02  4.727728e-02 -3.254910e-02 
 3.360000e+04  2.074856e+03 -5.248999e-02  4.733108e-02 -3.258759e-02 
 3.365000e+04  2.086430e+03 -5.255067e-02  4.738431e-02 -3.262628e-02 
 3.370000e+04  2.098005e+03 -5.261083e-02  4.743695e-02 -3.266499e-02 
 3.375000e+04  2.109579e+03 -5.267078e-02  4.748953e-02 -3.270361e-02 
 3.380000e+04  2.121153e+03 -5.273062e-02  4.754192e-02 -3.274195e-02 
 3.385000e+04  2.132727e+03 -5.279016e-02  4.759421e-02 -3.277964e-02 
 3.390000e+04  2.144301e+03 -5.284978e-02  4.764629e-02 -3.281697e-02 
 3.395000e+04  2.155875e+03 -5.290945e-02  4.769746e-02 -3.285420e-02 
 3.400000e+04  2.167449e+03 -5.296911e-02  4.774774e-02 -3.289151e-02 
 3.405000e+04  2.179023e+03 -5.302833e-02  4.779757e-02 -3.292916e-02 
 3.410000e+04  2.190597e+03 -5.308733e-02  4.784757e-02 -3.296712e-02 
 3.415000e+04  2.202171e+03 -5.314598e-02  4.789795e-02 -3.300503e-02 
 3.420000e+04  2.213745e+03 -5.320445e-02  4.794840e-02 -3.304267e-02 
 3.425000e+04  2.225319e+03 -5.326306e-02  4.799902e-02 -3.308012e-02 
 3.430000e+04  2.236893e+03 -5.332189e-02  4.804965e-02 -3.311721e-02 
 3.435000e+04  2.248468e+03 -5.338079e-02  4.809995e-02 -3.315406e-02 
 3.440000e+04  2.260042e+03 -5.343928e-02  4.814970e-02 -3.319099e-02 
 3.445000e+04  2.271616e+03 -5.349717e-02  4.819949e-02 -3.322818e-02 
 3.450000e+04  2.283190e+03 -5.355466e-02  4.824920e-02 -3.326555e-02 
 3.455000e+04  2.294764e+03 -5.361184e-02  4.829876e-02 -3.330280e-02 
 3.460000e+04  2.306338e+03 -5.366901e-02  4.834848e-02 -3.333988e-02 
 3.465000e+04  2.317912e+03 -5.372641e-02  4.839814e-02 -3.337683e-02 
 3.470000e+04  2.329486e+03 -5.378306e-02  4.844755e-02 -3.341359e-02 
 3.475000e+04  2.341060e+03 -5.383961e-02  4.849666e-02 -3.345012e-02 
 3.480000e+04  2.352634e+03 -5.389633e-02  4.854553e-02 -3.348629e-02 
 3.485000e+04  2.364208e+03 -5.395287e-02  4.859385e-02 -3.352242e-02 
 3.490000e+04  2.375782e+03 -5.400886e-02  4.864127e-02 -3.355873e-02 
 3.495000e+04  2.387356e+03 -5.406469e-02  4.868879e-02 -3.359538e-02 
 3.500000e+04  2.398930e+03 -5.412012e-02  4.873653e-02 -3.363201e-02 
 3.505000e+04  2.410505e+03 -5.417572e-02  4.878403e-02 -3.366810e-02 
 3.510000e+04  2.422079e+03 -5.423134e-02  4.883177e-02 -3.370403e-02 
 3.515000e+04  2.433653e+03 -5.428724e-02  4.887993e-02 -3.373990e-02 
 3.520000e+04  2.445227e+03 -5.434295e-02  4.892815e-02 -3.377591e-02 
 3.525000e+04  2.456801e+03 -5.439836e-02  4.897629e-02 -3.381197e-02 
 3.530000e+04  2.468375e+03 -5.445336e-02  4.902385e-02 -3.384813e-02 
 3.535000e+04  2.479949e+03 -5.450797e-02  4.907070e-02 -3.388433e-02 
 3.540000e+04  2.491523e+03 -5.456231e-02  4.911740e-02 -3.392043e-02 
 3.545000e+04  2.503097e+03 -5.461649e-02  4.916412e-02 -3.395628e-02 
 3.550000e+04  2.514671e+03 -5.467045e-02  4.921059e-02 -3.399172e-02 
 3.555000e+04  2.526245e+03 -5.472454e-02  4.925722e-02 -3.402720e-02 
 3.560000e+04  2.537819e+03 -5.477868e-02  4.930401e-02 -3.406260e-02 
 3.565000e+04  2.549393e+03 -5.483276e-02  4.935071e-02 -3.409799e-02 
 3.570000e+04  2.560968e+03 -5.488674e-02  4.939743e-02 -3.413340e-02 
 3.575000e+04  2.572542e+03 -5.494069e-02  4.944414e-02 -3.416895e-02 
 3.580000e+04  2.584116e+03 -5.499470e-02  4.949068e-02 -3.420451e-02 
 3.585000e+04  2.595690e+03 -5.504857e-02  4.953708e-02 -3.424004e-02 
 3.590000e+04  2.607264e+03 -5.510211e-02  4.958350e-02 -3.427558e-02 
 3.595000e+04  2.618838e+03 -5.515549e-02  4.962995e-02 -3.431110e-02 
 3.600000e+04  2.630412e+03 -5.520896e-02  4.967649e-02 -3.434628e-02 
 3.605000e+04  2.641986e+03 -5.526240e-02  4.972297e-02 -3.438118e-02 
 3.610000e+04  2.653560e+03 -5.531570e-02  4.976904e-02 -3.441595e-02 
 3.615000e+04  2.665134e+03 -5.536881e-02  4.981479e-02 -3.445082e-02 
 3.620000e+04  2.676708e+03 -5.542167e-02  4.986057e-02 -3.448571e-02 
 3.625000e+04  2.688282e+03 -5.547430e-02  4.990637e-02 -3.452053e-02 
 3.630000e+04  2.699856e+03 -5.552678e-02  4.995225e-02 -3.455520e-02 
 3.635000e+04  2.711430e+03 -5.557933e-02  4.999783e-02 -3.458984e-02 
 3.640000e+04  2.723005e+03 -5.563189e-02  5.004349e-02 -3.462429e-02 
 3.645000e+04  2.734579e+03 -5.568426e-02  5.008923e-02 -3.465846e-02 
 3.650000e+04  2.746153e+03 -5.573665e-02  5.013502e-02 -3.469256e-02 
 3.655000e+04  2.757727e+03 -5.578874e-02  5.018082e-02 -3.472667e-02 
 3.660000e+04  2.769301e+03 -5.584066e-02  5.022667e-02 -3.476060e-02 
 3.665000e+04  2.780875e+03 -5.589259e-02  5.027192e-02 -3.479460e-02 
 3.670000e+04  2.792449e+03 -5.594472e-02  5.031713e-02 -3.482876e-02 
 3.675000e+04  2.804023e+03 -5.599690e-02  5.036217e-02 -3.486293e-02 
 3.680000e+04  2.815597e+03 -5.604882e-02  5.040712e-02 -3.489688e-02 
 3.685000e+04  2.827171e+03 -5.610062e-02  5.045219e-02 -3.493065e-02 
 3.690000e+04  2.838745e+03 -5.615254e-02  5.049752e-02 -3.496439e-02 
 3.695000e+04  2.850319e+03 -5.620463e-02  5.054304e-02 -3.499808e-02 
 3.700000e+04  2.861893e+03 -5.625646e-02  5.058857e-02 -3.503167e-02 
 3.705000e+04  2.873468e+03 -5.630812e-02  5.063415e-02 -3.506509e-02 
 3.710000e+04  2.885042e+03 -5.635971e-02  5.067965e-02 -3.509854e-02 
 3.715000e+04  2.896616e+03 -5.641128e-02  5.072507e-02 -3.513213e-02 
 3.720000e+04  2.908190e+03 -5.646286e-02  5.077038e-02 -3.516579e-02 
 3.725000e+04  2.919764e+03 -5.651458e-02  5.081571e-02 -3.519949e-02 
 3.730000e+04  2.931338e+03 -5.656639e-02  5.086119e-02 -3.523316e-02 
 3.735000e+04  2.942912e+03 -5.661813e-02  5.090669e-02 -3.526670e-02 
 3.740000e+04  2.954486e+03 -5.666990e-02  5.095216e-02 -3.530000e-02 
 3.745000e+04  2.966060e+03 -5.672163e-02  5.099771e-02 -3.533313e-02 
 3.750000e+04  2.977634e+03 -5.677313e-02  5.104317e-02 -3.536601e-02 
 3.755000e+04  2.989208e+03 -5.682451e-02  5.108845e-02 -3.539867e-02 
 3.760000e+04  3.000782e+03 -5.687589e-02  5.113342e-02 -3.543153e-02 
 3.765000e+04  3.012356e+03 -5.692747e-02  5.117840e-02 -3.546470e-02 
 3.770000e+04  3.023930e+03 -5.697896e-02  5.122356e-02 -3.549803e-02 
 3.775000e+04  3.035505e+03 -5.703028e-02  5.126882e-02 -3.553144e-02 
 3.780000e+04  3.047079e+03 -5.708159e-02  5.131422e-02 -3.556475e-02 
 3.785000e+04  3.058653e+03 -5.713299e-02  5.135962e-02 -3.559796e-02 
 3.790000e+04  3.070227e+03 -5.718438e-02  5.140510e-02 -3.563074e-02 
 3.795000e+04  3.081801e+03 -5.723566e-02  5.145054e-02 -3.566347e-02 
 3.800000e+04  3.093375e+03 -5.728680e-02  5.149615e-02 -3.569633e-02 
 3.805000e+04  3.104949e+03 -5.733763e-02  5.154169e-02 -3.572931e-02 
 3.810000e+04  3.116523e+03 -5.738850e-02  5.158700e-02 -3.576243e-02 
 3.815000e+04  3.128097e+03 -5.743945e-02  5.163211e-02 -3.579567e-02 
 3.820000e+04  3.139671e+03 -5.749046e-02  5.167689e-02 -3.582882e-02 
 3.825000e+04  3.151245e+03 -5.754137e-02  5.172157e-02 -3.586187e-02 
 3.830000e+04  3.162819e+03 -5.759213e-02  5.176635e-02 -3.589484e-02 
 3.835000e+04  3.174393e+03 -5.764267e-02  5.181124e-02 -3.592761e-02 
 3.840000e+04  3.185968e+03 -5.769311e-02  5.185611e-02 -3.596031e-02 
 3.845000e+04  3.197542e+03 -5.774355e-02  5.190091e-02 -3.599303e-02 
 3.850000e+04  3.209116e+03 -5.779409e-02  5.194557e-02 -3.602588e-02 
 3.855000e+04  3.220690e+03 -5.784455e-02  5.198992e-02 -3.605874e-02 
 3.860000e+04  3.232264e+03 -5.789486e-02  5.203394e-02 -3.609151e-02 
 3.865000e+04  3.243838e+03 -5.794498e-02  5.207764e-02 -3.612419e-02 
 3.870000e+04  3.255412e+03 -5.799503e-02  5.212122e-02 -3.615684e-02 
 3.875000e+04  3.266986e+03 -5.804502e-02  5.216495e-02 -3.618946e-02 
 3.880000e+04  3.278560e+03 -5.809490e-02  5.220872e-02 -3.622198e-02 
 3.885000e+04  3.290134e+03 -5.814460e-02  5.225257e-02 -3.625449e-02 
 3.890000e+04  3.301708e+03 -5.819424e-02  5.229650e-02 -3.628703e-02 
 3.895000e+04  3.313282e+03 -5.824370e-02  5.234036e-02 -3.631960e-02 
 3.900000e+04  3.324856e+03 -5.829299e-02  5.238396e-02 -3.635208e-02 
 3.905000e+04  3.336430e+03 -5.834219e-02  5.242731e-02 -3.638457e-02 
 3.910000e+04  3.348005e+03 -5.839136e-02  5.247053e-02 -3.641705e-02 
 3.915000e+04  3.359579e+03 -5.844049e-02  5.251356e-02 -3.644945e-02 
 3.920000e+04  3.371153e+03 -5.848956e-02  5.255619e-02 -3.648175e-02 
 3.925000e+04  3.382727e+03 -5.853853e-02  5.259872e-02 -3.651387e-02 
 3.930000e+04  3.394301e+03 -5.858738e-02  5.264127e-02 -3.654584e-02 
 3.935000e+04  3.405875e+03 -5.863609e-02  5.268400e-02 -3.657780e-02 
 3.940000e+04  3.417449e+03 -5.868454e-02  5.272683e-02 -3.660969e-02 
 3.945000e+04  3.429023e+03 -5.873298e-02  5.276944e-02 -3.664159e-02 
 3.950000e+04  3.440597e+03 -5.878142e-02  5.281179e-02 -3.667359e-02 
 3.955000e+04  3.452171e+03 -5.882966e-02  5.285406e-02 -3.670552e-02 
 3.960000e+04  3.463745e+03 -5.887782e-02  5.289610e-02 -3.673746e-02 
 3.965000e+04  3.475319e+03 -5.892598e-02  5.293816e-02 -3.676935e-02 
 3.970000e+04  3.486893e+03 -5.897404e-02  5.298027e-02 -3.680115e-02 
 3.975000e+04  3.498468e+03 -5.902206e-02  5.302245e-02 -3.683290e-02 
 3.980000e+04  3.510042e+03 -5.906962e-02  5.306473e-02 -3.686459e-02 
 3.985000e+04  3.521616e+03 -5.911681e-02  5.310716e-02 -3.689623e-02 
 3.990000e+04  3.533190e+03 -5.916390e-02  5.314972e-02 -3.692789e-02 
 3.995000e+04  3.544764e+03 -5.921091e-02  5.319240e-02 -3.695957e-02 
 4.000000e+04  3.556338e+03 -5.925803e-02  5.323508e-02 -3.699125e-02 
 4.005000e+04  3.567912e+03 -5.930527e-02  5.327768e-02 -3.702289e-02 
 4.010000e+04  3.579486e+03 -5.935266e-02  5.332014e-02 -3.705444e-02 
 4.015000e+04  3.591060e+03 -5.939980e-02  5.336246e-02 -3.708593e-02 
 4.020000e+04  3.602634e+03 -5.944670e-02  5.340458e-02 -3.711733e-02 
 4.025000e+04  3.614208e+03 -5.949359e-02  5.344665e-02 -3.714877e-02 
 4.030000e+04  3.625782e+03 -5.954029e-02  5.348884e-02 -3.718022e-02 
 4.035000e+04  3.637356e+03 -5.958674e-02  5.353115e-02 -3.721170e-02 
 4.040000e+04  3.648930e+03 -5.963319e-02  5.357357e-02 -3.724316e-02 
 4.045000e+04  3.660505e+03 -5.967981e-02  5.361598e-02 -3.727453e-02 
 4.050000e+04  3.672079e+03 -5.972648e-02  5.365824e-02 -3.730579e-02 
 4.055000e+04  3.683653e+03 -5.977313e-02  5.370024e-02 -3.733696e-02 
 4.060000e+04  3.695227e+03 -5.981960e-02  5.374179e-02 -3.736812e-02 
 4.065000e+04  3.706801e+03 -5.986597e-02  5.378308e-02 -3.739922e-02 
 4.070000e+04  3.718375e+03 -5.991237e-02  5.382407e-02 -3.743045e-02 
 4.075000e+04  3.729949e+03 -5.995887e-02  5.386508e-02 -3.746172e-02 
 4.080000e+04  3.741523e+03 -6.000530e-02  5.390625e-02 -3.749298e-02 
 4.085000e+04  3.753097e+03 -6.005161e-02  5.394764e-02 -3.752420e-02 
 4.090000e+04  3.764671e+03 -6.009789e-02  5.398922e-02 -3.755537e-02 
 4.095000e+04  3.776245e+03 -6.014411e-02  5.403081e-02 -3.758644e-02 
 4.100000e+04  3.787819e+03 -6.019036e-02  5.407227e-02 -3.761740e-02 
 4.105000e+04  3.799393e+03 -6.023658e-02  5.411356e-02 -3.764838e-02 
 4.110000e+04  3.810968e+03 -6.028233e-02  5.415463e-02 -3.767941e-02 
 4.115000e+04  3.822542e+03 -6.032762e-02  5.419552e-02 -3.771047e-02 
 4.120000e+04  3.834116e+03 -6.037251e-02  5.423636e-02 -3.774159e-02 
 4.125000e+04  3.845690e+03 -6.041745e-02  5.427735e-02 -3.777269e-02 
 4.130000e+04  3.857264e+03 -6.046229e-02  5.431846e-02 -3.780366e-02 
 4.135000e+04  3.868838e+03 -6.050710e-02  5.435976e-02 -3.783457e-02 
 4.140000e+04  3.880412e+03 -6.055208e-02  5.440122e-02 -3.786542e-02 
 4.145000e+04  3.891986e+03 -6.059711e-02  5.444273e-02 -3.789626e-02 
 4.150000e+04  3.903560e+03 -6.064203e-02  5.448417e-02 -3.792714e-02 
 4.155000e+04  3.915134e+03 -6.068701e-02  5.452536e-02 -3.795812e-02 
 4.160000e+04  3.926708e+03 -6.073204e-02  5.456638e-02 -3.798918e-02 
 4.165000e+04  3.938282e+03 -6.077717e-02  5.460719e-02 -3.802023e-02 
 4.170000e+04  3.949856e+03 -6.082233e-02  5.464793e-02 -3.805117e-02 
 4.175000e+04  3.961430e+03 -6.086762e-02  5.468863e-02 -3.808204e-02 
 4.180000e+04  3.973005e+03 -6.091304e-02  5.472938e-02 -3.811286e-02 
 4.185000e+04  3.984579e+03 -6.095852e-02  5.477016e-02 -3.814367e-02 
 4.190000e+04  3.996153e+03 -6.100407e-02  5.481096e-02 -3.817451e-02 
 4.195000e+04  4.007727e+03 -6.104966e-02  5.485146e-02 -3.820536e-02 
 4.200000e+04  4.019301e+03 -6.109497e-02  5.489179e-02 -3.823610e-02 
 4.205000e+04  4.030875e+03 -6.114005e-02  5.493196e-02 -3.826686e-02 
 4.210000e+04  4.042449e+03 -6.118514e-02  5.497203e-02 -3.829761e-02 
 4.215000e+04  4.054023e+03 -6.123025e-02  5.501217e-02 -3.832827e-02 
 4.220000e+04  4.065597e+03 -6.127538e-02  5.505250e-02 -3.835892e-02 
 4.225000e+04  4.077171e+03 -6.132053e-02  5.509303e-02 -3.838948e-02 
 4.230000e+04  4.088745e+03 -6.136558e-02  5.513374e-02 -3.842004e-02 
 4.235000e+04  4.100319e+03 -6.141047e-02  5.517448e-02 -3.845051e-02 
 4.240000e+04  4.111893e+03 -6.145524e-02  5.521515e-02 -3.848095e-02 
 4.245000e+04  4.123468e+03 -6.150001e-02  5.525574e-02 -3.851147e-02 
 4.250000e+04  4.135042e+03 -6.154479e-02  5.529623e-02 -3.854199e-02 
 4.255000e+04  4.146616e+03 -6.158966e-02  5.533656e-02 -3.857247e-02 
 4.260000e+04  4.158190e+03 -6.163462e-02  5.537671e-02 -3.860287e-02 
 4.265000e+04  4.169764e+03 -6.167968e-02  5.541674e-02 -3.863322e-02 
 4.270000e+04  4.181338e+03 -6.172481e-02  5.545675e-02 -3.866358e-02 
 4.275000e+04  4.192912e+03 -6.177002e-02  5.549675e-02 -3.869391e-02 
 4.280000e+04  4.204486e+03 -6.181530e-02  5.553667e-02 -3.872421e-02 
 4.285000e+04  4.216060e+03 -6.186062e-02  5.557655e-02 -3.875452e-02 
 4.290000e+04  4.227634e+03 -6.190598e-02  5.561627e-02 -3.878484e-02 
 4.295000e+04  4.239208e+03 -6.195126e-02  5.565582e-02 -3.881510e-02 
 4.300000e+04  4.250782e+03 -6.199652e-02  5.569527e-02 -3.884531e-02 
 4.305000e+04  4.262356e+03 -6.204176e-02  5.573469e-02 -3.887551e-02 
 4.310000e+04  4.273930e+03 -6.208693e-02  5.577406e-02 -3.890567e-02 
 4.315000e+04  4.285505e+03 -6.213192e-02  5.581345e-02 -3.893574e-02 
 4.320000e+04  4.297079e+03 -6.217673e-02  5.585288e-02 -3.896575e-02 
 4.325000e+04  4.308653e+03 -6.222133e-02  5.589240e-02 -3.899576e-02 
 4.330000e+04  4.320227e+03 -6.226572e-02  5.593197e-02 -3.902576e-02 
 4.335000e+04  4.331801e+03 -6.230995e-02  5.597162e-02 -3.905572e-02 
 4.340000e+04  4.343375e+03 -6.235405e-02  5.601133e-02 -3.908557e-02 
 4.345000e+04  4.354949e+03 -6.239803e-02  5.605107e-02 -3.911538e-02 
 4.350000e+04  4.366523e+03 -6.244191e-02  5.609070e-02 -3.914518e-02 
 4.355000e+04  4.378097e+03 -6.248570e-02  5.613019e-02 -3.917491e-02 
 4.360000e+04  4.389671e+03 -6.252941e-02  5.616959e-02 -3.920466e-02 
 4.365000e+04  4.401245e+03 -6.257308e-02  5.620900e-02 -3.923444e-02 
 4.370000e+04  4.412819e+03 -6.261668e-02  5.624840e-02 -3.926420e-02 
 4.375000e+04  4.424393e+03 -6.266029e-02  5.628773e-02 -3.929392e-02 
 4.380000e+04  4.435968e+03 -6.270393e-02  5.632697e-02 -3.932360e-02 
 4.385000e+04  4.447542e+03 -6.274761e-02  5.636606e-02 -3.935311e-02 
 4.390000e+04  4.459116e+03 -6.279134e-02  5.640459e-02 -3.938257e-02 
 4.395000e+04  4.470690e+03 -6.283508e-02  5.644239e-02 -3.941210e-02 
 4.400000e+04  4.482264e+03 -6.287873e-02  5.648003e-02 -3.944164e-02 
 4.405000e+04  4.493838e+03 -6.292241e-02  5.651781e-02 -3.947116e-02 
 4.410000e+04  4.505412e+03 -6.296613e-02  5.655585e-02 -3.950066e-02 
 4.415000e+04  4.516986e+03 -6.300990e-02  5.659393e-02 -3.953017e-02 
 4.420000e+04  4.528560e+03 -6.305359e-02  5.663209e-02 -3.955970e-02 
 4.425000e+04  4.540134e+03 -6.309697e-02  5.667044e-02 -3.958920e-02 
 4.430000e+04  4.551708e+03 -6.314019e-02  5.670889e-02 -3.961867e-02 
 4.435000e+04  4.563282e+03 -6.318336e-02  5.674746e-02 -3.964813e-02 
 4.440000e+04  4.574856e+03 -6.322644e-02  5.678616e-02 -3.967764e-02 
 4.445000e+04  4.586430e+03 -6.326941e-02  5.682486e-02 -3.970713e-02 
 4.450000e+04  4.598005e+03 -6.331223e-02  5.686354e-02 -3.973663e-02 
 4.455000e+04  4.609579e+03 -6.335495e-02  5.690216e-02 -3.976615e-02 
 4.460000e+04  4.621153e+03 -6.339758e-02  5.694067e-02 -3.979562e-02 
 4.465000e+04  4.632727e+03 -6.344016e-02  5.697908e-02 -3.982505e-02 
 4.470000e+04  4.644301e+03 -6.348277e-02  5.701746e-02 -3.985439e-02 
 4.475000e+04  4.655875e+03 -6.352540e-02  5.705588e-02 -3.988370e-02 
 4.480000e+04  4.667449e+03 -6.356809e-02  5.709425e-02 -3.991300e-02 
 4.485000e+04  4.679023e+03 -6.361082e-02  5.713265e-02 -3.994232e-02 
 4.490000e+04  4.690597e+03 -6.365373e-02  5.717090e-02 -3.997172e-02 
 4.495000e+04  4.702171e+03 -6.369659e-02  5.720893e-02 -4.000118e-02 
 4.500000e+04  4.713745e+03 -6.373933e-02  5.724684e-02 -4.003064e-02 
 4.505000e+04  4.725319e+03 -6.378215e-02  5.728466e-02 -4.006008e-02 
 4.510000e+04  4.736893e+03 -6.382508e-02  5.732246e-02 -4.008943e-02 
 4.515000e+04  4.748468e+03 -6.386809e-02  5.736027e-02 -4.011874e-02 
 4.520000e+04  4.760042e+03 -6.391121e-02  5.739814e-02 -4.014802e-02 
 4.525000e+04  4.771616e+03 -6.395435e-02  5.743598e-02 -4.017728e-02 
 4.530000e+04  4.783190e+03 -6.399732e-02  5.747383e-02 -4.020654e-02 
 4.535000e+04  4.794764e+03 -6.404023e-02  5.751159e-02 -4.023583e-02 
 4.540000e+04  4.806338e+03 -6.408309e-02  5.754929e-02 -4.026516e-02 
 4.545000e+04  4.817912e+03 -6.412590e-02  5.758697e-02 -4.029451e-02 
 4.550000e+04  4.829486e+03 -6.416867e-02  5.762464e-02 -4.032381e-02 
 4.555000e+04  4.841060e+03 -6.421136e-02  5.766234e-02 -4.035305e-02 
 4.560000e+04  4.852634e+03 -6.425404e-02  5.770013e-02 -4.038226e-02 
 4.565000e+04  4.864208e+03 -6.429673e-02  5.773791e-02 -4.041140e-02 
 4.570000e+04  4.875782e+03 -6.433943e-02  5.777566e-02 -4.044052e-02 
 4.575000e+04  4.887356e+03 -6.438218e-02  5.781338e-02 -4.046967e-02 
 4.580000e+04  4.898930e+03 -6.442494e-02  5.785102e-02 -4.049887e-02 
 4.585000e+04  4.910505e+03 -6.446766e-02  5.788839e-02 -4.052810e-02 
 4.590000e+04  4.922079e+03 -6.451043e-02  5.792568e-02 -4.055733e-02 
 4.595000e+04  4.933653e+03 -6.455326e-02  5.796299e-02 -4.058651e-02 
 4.600000e+04  4.945227e+03 -6.459621e-02  5.800035e-02 -4.061562e-02 
 4.605000e+04  4.956801e+03 -6.463931e-02  5.803775e-02 -4.064469e-02 
 4.610000e+04  4.968375e+03 -6.468251e-02  5.807519e-02 -4.067371e-02 
 4.615000e+04  4.979949e+03 -6.472568e-02  5.811261e-02 -4.070272e-02 
 4.620000e+04  4.991523e+03 -6.476884e-02  5.815000e-02 -4.073179e-02 
 4.625000e+04  5.003097e+03 -6.481183e-02  5.818731e-02 -4.076090e-02 
 4.630000e+04  5.014671e+03 -6.485476e-02  5.822450e-02 -4.079000e-02 
 4.635000e+04  5.026245e+03 -6.489759e-02  5.826161e-02 -4.081910e-02 
 4.640000e+04  5.037819e+03 -6.494039e-02  5.829874e-02 -4.084814e-02 
 4.645000e+04  5.049393e+03 -6.498316e-02  5.833576e-02 -4.087715e-02 
 4.650000e+04  5.060968e+03 -6.502597e-02  5.837268e-02 -4.090601e-02 
 4.655000e+04  5.072542e+03 -6.506885e-02  5.840954e-02 -4.093485e-02 
 4.660000e+04  5.084116e+03 -6.511176e-02  5.844635e-02 -4.096370e-02 
 4.665000e+04  5.095690e+03 -6.515464e-02  5.848326e-02 -4.099261e-02 
 4.670000e+04  5.107264e+03 -6.519744e-02  5.852027e-02 -4.102156e-02 
 4.675000e+04  5.118838e+03 -6.524007e-02  5.855732e-02 -4.105052e-02 
 4.680000e+04  5.130412e+03 -6.528259e-02  5.859439e-02 -4.107938e-02 
 4.685000e+04  5.141986e+03 -6.532503e-02  5.863142e-02 -4.110820e-02 
 4.690000e+04  5.153560e+03 -6.536744e-02  5.866845e-02 -4.113700e-02 
 4.695000e+04  5.165134e+03 -6.540980e-02  5.870552e-02 -4.116581e-02 
 4.700000e+04  5.176708e+03 -6.545214e-02  5.874259e-02 -4.119461e-02 
 4.705000e+04  5.188282e+03 -6.549439e-02  5.877967e-02 -4.122342e-02 
 4.710000e+04  5.199856e+03 -6.553664e-02  5.881672e-02 -4.125222e-02 
 4.715000e+04  5.211430e+03 -6.557881e-02  5.885366e-02 -4.128096e-02 
 4.720000e+04  5.223005e+03 -6.562088e-02  5.889065e-02 -4.130961e-02 
 4.725000e+04  5.234579e+03 -6.566288e-02  5.892756e-02 -4.133829e-02 
 4.730000e+04  5.246153e+03 -6.570488e-02  5.896452e-02 -4.136700e-02 
 4.735000e+04  5.257727e+03 -6.574690e-02  5.900141e-02 -4.139574e-02 
 4.740000e+04  5.269301e+03 -6.578900e-02  5.903824e-02 -4.142449e-02 
 4.745000e+04  5.280875e+03 -6.583119e-02  5.907503e-02 -4.145329e-02 
 4.750000e+04  5.292449e+03 -6.587340e-02  5.911178e-02 -4.148204e-02 
