         Step [creep.tim... Z Displace... Z Displace... X Displace... 
------------- ------------- ------------- ------------- ------------- 
 5.250000e+03  1.276223e-07 -4.629353e-03  4.524540e-03 -2.433365e-03 
 5.300000e+03  3.886505e-06 -4.629546e-03  4.524636e-03 -2.433559e-03 
 5.350000e+03  3.103021e-05 -4.630372e-03  4.524764e-03 -2.434098e-03 
 5.400000e+03  2.004493e-04 -4.630713e-03  4.524947e-03 -2.434216e-03 
 5.450000e+03  8.025603e-04 -4.631715e-03  4.526260e-03 -2.435628e-03 
 5.500000e+03  1.521946e-03 -4.634786e-03  4.529274e-03 -2.438399e-03 
 5.550000e+03  2.384096e-03 -4.640306e-03  4.534816e-03 -2.442991e-03 
 5.600000e+03  3.617589e-03 -4.648977e-03  4.544470e-03 -2.449652e-03 
 5.650000e+03  5.362926e-03 -4.660359e-03  4.558082e-03 -2.458028e-03 
 5.700000e+03  7.245273e-03 -4.670821e-03  4.570011e-03 -2.464925e-03 
 5.750000e+03  9.245453e-03 -4.680110e-03  4.579158e-03 -2.470640e-03 
 5.800000e+03  1.124563e-02 -4.688986e-03  4.587660e-03 -2.476683e-03 
 5.850000e+03  1.324581e-02 -4.698912e-03  4.597580e-03 -2.484321e-03 
 5.900000e+03  1.524600e-02 -4.709971e-03  4.609385e-03 -2.493457e-03 
 5.950000e+03  1.737890e-02 -4.722438e-03  4.623131e-03 -2.504140e-03 
 6.000000e+03  2.014791e-02 -4.738120e-03  4.639600e-03 -2.517047e-03 
 6.050000e+03  2.299333e-02 -4.752966e-03  4.653812e-03 -2.527237e-03 
 6.100000e+03  2.605489e-02 -4.767758e-03  4.667150e-03 -2.535768e-03 
 6.150000e+03  2.915783e-02 -4.782386e-03  4.680769e-03 -2.544090e-03 
 6.200000e+03  3.226077e-02 -4.797266e-03  4.695693e-03 -2.553766e-03 
 6.250000e+03  3.536370e-02 -4.813074e-03  4.712200e-03 -2.565302e-03 
 6.300000e+03  3.856988e-02 -4.829841e-03  4.729983e-03 -2.578795e-03 
 6.350000e+03  4.247730e-02 -4.848825e-03  4.749337e-03 -2.594999e-03 
 6.400000e+03  4.666484e-02 -4.866154e-03  4.766902e-03 -2.609519e-03 
 6.450000e+03  5.103098e-02 -4.883118e-03  4.784658e-03 -2.622215e-03 
 6.500000e+03  5.539712e-02 -4.900681e-03  4.802870e-03 -2.633920e-03 
 6.550000e+03  5.976327e-02 -4.919170e-03  4.822148e-03 -2.646007e-03 
 6.600000e+03  6.412941e-02 -4.938773e-03  4.842833e-03 -2.659223e-03 
 6.650000e+03  6.858047e-02 -4.959502e-03  4.864772e-03 -2.673902e-03 
 6.700000e+03  7.342784e-02 -4.979975e-03  4.886553e-03 -2.689742e-03 
 6.750000e+03  7.868793e-02 -4.998882e-03  4.906357e-03 -2.705372e-03 
 6.800000e+03  8.453897e-02 -5.019041e-03  4.927094e-03 -2.721649e-03 
 6.850000e+03  9.039002e-02 -5.039663e-03  4.948120e-03 -2.737231e-03 
 6.900000e+03  9.624107e-02 -5.060954e-03  4.969959e-03 -2.752613e-03 
 6.950000e+03  1.020921e-01 -5.083291e-03  4.992969e-03 -2.768264e-03 
 7.000000e+03  1.083414e-01 -5.108420e-03  5.018649e-03 -2.785072e-03 
 7.050000e+03  1.151148e-01 -5.134698e-03  5.044463e-03 -2.802202e-03 
 7.100000e+03  1.219219e-01 -5.158077e-03  5.067106e-03 -2.818163e-03 
 7.150000e+03  1.290339e-01 -5.180823e-03  5.089512e-03 -2.834920e-03 
 7.200000e+03  1.361459e-01 -5.203033e-03  5.111871e-03 -2.852016e-03 
 7.250000e+03  1.432579e-01 -5.225190e-03  5.134549e-03 -2.869325e-03 
 7.300000e+03  1.507452e-01 -5.249186e-03  5.158964e-03 -2.887597e-03 
 7.350000e+03  1.595990e-01 -5.278664e-03  5.188446e-03 -2.908487e-03 
 7.400000e+03  1.686759e-01 -5.307770e-03  5.217065e-03 -2.927823e-03 
 7.450000e+03  1.777528e-01 -5.334752e-03  5.243777e-03 -2.945493e-03 
 7.500000e+03  1.868297e-01 -5.360838e-03  5.269972e-03 -2.963241e-03 
 7.550000e+03  1.959066e-01 -5.386432e-03  5.296074e-03 -2.981477e-03 
 7.600000e+03  2.049835e-01 -5.411275e-03  5.321975e-03 -3.000348e-03 
 7.650000e+03  2.145580e-01 -5.437191e-03  5.348937e-03 -3.020631e-03 
 7.700000e+03  2.255700e-01 -5.466659e-03  5.379294e-03 -3.043519e-03 
 7.750000e+03  2.366030e-01 -5.495156e-03  5.408174e-03 -3.064229e-03 
 7.800000e+03  2.476361e-01 -5.522986e-03  5.436118e-03 -3.083219e-03 
 7.850000e+03  2.586691e-01 -5.550934e-03  5.464149e-03 -3.101831e-03 
 7.900000e+03  2.697021e-01 -5.578810e-03  5.492244e-03 -3.120618e-03 
 7.950000e+03  2.807351e-01 -5.606234e-03  5.520042e-03 -3.139713e-03 
 8.000000e+03  2.918895e-01 -5.633178e-03  5.547217e-03 -3.159409e-03 
 8.050000e+03  3.042747e-01 -5.661802e-03  5.575876e-03 -3.181127e-03 
 8.100000e+03  3.170468e-01 -5.689912e-03  5.604109e-03 -3.202485e-03 
 8.150000e+03  3.298189e-01 -5.717597e-03  5.631859e-03 -3.222733e-03 
 8.200000e+03  3.425910e-01 -5.745694e-03  5.659869e-03 -3.242137e-03 
 8.250000e+03  3.553631e-01 -5.774249e-03  5.688149e-03 -3.261142e-03 
 8.300000e+03  3.681352e-01 -5.802998e-03  5.716337e-03 -3.279977e-03 
 8.350000e+03  3.812139e-01 -5.831606e-03  5.744363e-03 -3.299209e-03 
 8.400000e+03  3.952817e-01 -5.860538e-03  5.773067e-03 -3.319711e-03 
 8.450000e+03  4.093630e-01 -5.887941e-03  5.800609e-03 -3.340081e-03 
 8.500000e+03  4.234442e-01 -5.914677e-03  5.827583e-03 -3.360216e-03 
 8.550000e+03  4.375959e-01 -5.941567e-03  5.854641e-03 -3.379995e-03 
 8.600000e+03  4.527804e-01 -5.970826e-03  5.884016e-03 -3.400632e-03 
 8.650000e+03  4.683050e-01 -6.000884e-03  5.914190e-03 -3.421033e-03 
 8.700000e+03  4.839227e-01 -6.030627e-03  5.943881e-03 -3.440800e-03 
 8.750000e+03  5.006962e-01 -6.061469e-03  5.974593e-03 -3.461567e-03 
 8.800000e+03  5.178121e-01 -6.092085e-03  6.005059e-03 -3.482764e-03 
 8.850000e+03  5.349279e-01 -6.121660e-03  6.034729e-03 -3.504070e-03 
 8.900000e+03  5.520438e-01 -6.150408e-03  6.063769e-03 -3.525268e-03 
 8.950000e+03  5.701326e-01 -6.180626e-03  6.094223e-03 -3.547492e-03 
 9.000000e+03  5.890029e-01 -6.212097e-03  6.125857e-03 -3.570125e-03 
 9.050000e+03  6.078731e-01 -6.243231e-03  6.157000e-03 -3.591559e-03 
 9.100000e+03  6.273094e-01 -6.274927e-03  6.188546e-03 -3.612660e-03 
 9.150000e+03  6.471231e-01 -6.307056e-03  6.220328e-03 -3.633919e-03 
 9.200000e+03  6.669369e-01 -6.338689e-03  6.251349e-03 -3.655178e-03 
 9.250000e+03  6.867506e-01 -6.369293e-03  6.281376e-03 -3.676497e-03 
 9.300000e+03  7.075917e-01 -6.400580e-03  6.312216e-03 -3.699098e-03 
 9.350000e+03  7.294363e-01 -6.432699e-03  6.344135e-03 -3.722589e-03 
 9.400000e+03  7.512809e-01 -6.464144e-03  6.375635e-03 -3.745245e-03 
 9.450000e+03  7.734096e-01 -6.495877e-03  6.407185e-03 -3.767114e-03 
 9.500000e+03  7.966676e-01 -6.529551e-03  6.440367e-03 -3.789446e-03 
 9.550000e+03  8.207513e-01 -6.564262e-03  6.474549e-03 -3.812225e-03 
 9.600000e+03  8.448350e-01 -6.597901e-03  6.507868e-03 -3.834806e-03 
 9.650000e+03  8.692077e-01 -6.630828e-03  6.540566e-03 -3.857736e-03 
 9.700000e+03  8.944956e-01 -6.664246e-03  6.573745e-03 -3.881579e-03 
 9.750000e+03  9.197835e-01 -6.696824e-03  6.606151e-03 -3.905062e-03 
 9.800000e+03  9.450714e-01 -6.728797e-03  6.638011e-03 -3.927877e-03 
 9.850000e+03  9.716831e-01 -6.762451e-03  6.671636e-03 -3.951275e-03 
 9.900000e+03  9.995630e-01 -6.797836e-03  6.707044e-03 -3.975250e-03 
 9.950000e+03  1.027443e+00 -6.832779e-03  6.741879e-03 -3.998564e-03 
 1.000000e+04  1.055490e+00 -6.867305e-03  6.776012e-03 -4.021581e-03 
 1.005000e+04  1.084764e+00 -6.902742e-03  6.810900e-03 -4.045578e-03 
 1.010000e+04  1.114038e+00 -6.937274e-03  6.844923e-03 -4.069562e-03 
 1.015000e+04  1.143312e+00 -6.970688e-03  6.878024e-03 -4.093370e-03 
 1.020000e+04  1.173585e+00 -7.004887e-03  6.911816e-03 -4.117676e-03 
 1.025000e+04  1.205860e+00 -7.041423e-03  6.947851e-03 -4.143093e-03 
 1.030000e+04  1.238134e+00 -7.077752e-03  6.983661e-03 -4.167688e-03 
 1.035000e+04  1.270409e+00 -7.113619e-03  7.018938e-03 -4.191474e-03 
 1.040000e+04  1.304103e+00 -7.150772e-03  7.055353e-03 -4.215872e-03 
 1.045000e+04  1.337992e+00 -7.187556e-03  7.091309e-03 -4.240369e-03 
 1.050000e+04  1.371880e+00 -7.223165e-03  7.126284e-03 -4.264817e-03 
 1.055000e+04  1.406005e+00 -7.258076e-03  7.160638e-03 -4.289415e-03 
 1.060000e+04  1.443154e+00 -7.295750e-03  7.197792e-03 -4.316005e-03 
 1.065000e+04  1.480515e+00 -7.333228e-03  7.234852e-03 -4.342127e-03 
 1.070000e+04  1.517877e+00 -7.370211e-03  7.271467e-03 -4.367333e-03 
 1.075000e+04  1.556322e+00 -7.408079e-03  7.308960e-03 -4.392584e-03 
 1.080000e+04  1.595552e+00 -7.446510e-03  7.347032e-03 -4.418070e-03 
 1.085000e+04  1.634782e+00 -7.484135e-03  7.384433e-03 -4.443287e-03 
 1.090000e+04  1.674012e+00 -7.520907e-03  7.420796e-03 -4.468342e-03 
 1.095000e+04  1.714968e+00 -7.558777e-03  7.457982e-03 -4.494485e-03 
 1.100000e+04  1.756159e+00 -7.596258e-03  7.494861e-03 -4.520689e-03 
 1.105000e+04  1.797350e+00 -7.632989e-03  7.531059e-03 -4.546334e-03 
 1.110000e+04  1.839736e+00 -7.670516e-03  7.568011e-03 -4.572018e-03 
 1.115000e+04  1.885106e+00 -7.710792e-03  7.607571e-03 -4.598967e-03 
 1.120000e+04  1.930520e+00 -7.750894e-03  7.646799e-03 -4.625413e-03 
 1.125000e+04  1.975933e+00 -7.790218e-03  7.685274e-03 -4.651426e-03 
 1.130000e+04  2.021937e+00 -7.829334e-03  7.723559e-03 -4.677684e-03 
 1.135000e+04  2.069621e+00 -7.869205e-03  7.762635e-03 -4.704911e-03 
 1.140000e+04  2.117305e+00 -7.908142e-03  7.800741e-03 -4.731903e-03 
 1.145000e+04  2.164989e+00 -7.946528e-03  7.838245e-03 -4.758409e-03 
 1.150000e+04  2.214772e+00 -7.986602e-03  7.877330e-03 -4.785610e-03 
 1.155000e+04  2.264840e+00 -8.026751e-03  7.916489e-03 -4.812445e-03 
 1.160000e+04  2.314908e+00 -8.066164e-03  7.955136e-03 -4.838661e-03 
 1.165000e+04  2.366028e+00 -8.105887e-03  7.994136e-03 -4.865056e-03 
 1.170000e+04  2.418600e+00 -8.146349e-03  8.033833e-03 -4.892143e-03 
 1.175000e+04  2.471171e+00 -8.185965e-03  8.072764e-03 -4.919037e-03 
 1.180000e+04  2.523743e+00 -8.224712e-03  8.110840e-03 -4.945662e-03 
 1.185000e+04  2.580105e+00 -8.265954e-03  8.151253e-03 -4.973919e-03 
 1.190000e+04  2.638066e+00 -8.308110e-03  8.192496e-03 -5.002634e-03 
 1.195000e+04  2.696026e+00 -8.349644e-03  8.233187e-03 -5.030751e-03 
 1.200000e+04  2.753986e+00 -8.390797e-03  8.273493e-03 -5.058205e-03 
 1.205000e+04  2.811947e+00 -8.431802e-03  8.313547e-03 -5.085298e-03 
 1.210000e+04  2.869907e+00 -8.472259e-03  8.353127e-03 -5.112199e-03 
 1.215000e+04  2.927867e+00 -8.511852e-03  8.391914e-03 -5.138881e-03 
 1.220000e+04  2.988103e+00 -8.552421e-03  8.431558e-03 -5.166456e-03 
 1.225000e+04  3.052004e+00 -8.595080e-03  8.473181e-03 -5.195599e-03 
 1.230000e+04  3.115905e+00 -8.637137e-03  8.514242e-03 -5.224323e-03 
 1.235000e+04  3.179806e+00 -8.678796e-03  8.554762e-03 -5.252360e-03 
 1.240000e+04  3.246903e+00 -8.722481e-03  8.597060e-03 -5.281284e-03 
 1.245000e+04  3.313999e+00 -8.765860e-03  8.639049e-03 -5.309879e-03 
 1.250000e+04  3.381095e+00 -8.808378e-03  8.680368e-03 -5.338107e-03 
 1.255000e+04  3.449869e+00 -8.851182e-03  8.722103e-03 -5.366833e-03 
 1.260000e+04  3.523702e+00 -8.896648e-03  8.766535e-03 -5.397591e-03 
 1.265000e+04  3.597676e+00 -8.941580e-03  8.810362e-03 -5.428126e-03 
 1.270000e+04  3.671649e+00 -8.985778e-03  8.853459e-03 -5.458061e-03 
 1.275000e+04  3.748212e+00 -9.031234e-03  8.897712e-03 -5.488561e-03 
 1.280000e+04  3.825884e+00 -9.077119e-03  8.942371e-03 -5.519165e-03 
 1.285000e+04  3.903557e+00 -9.122299e-03  8.986399e-03 -5.549272e-03 
 1.290000e+04  3.981307e+00 -9.166921e-03  9.029812e-03 -5.578980e-03 
 1.295000e+04  4.062863e+00 -9.213321e-03  9.075029e-03 -5.609963e-03 
 1.300000e+04  4.144419e+00 -9.259083e-03  9.119655e-03 -5.640698e-03 
 1.305000e+04  4.225975e+00 -9.303985e-03  9.163486e-03 -5.671102e-03 
 1.310000e+04  4.311833e+00 -9.350803e-03  9.209076e-03 -5.702710e-03 
 1.315000e+04  4.401748e+00 -9.399613e-03  9.256452e-03 -5.735463e-03 
 1.320000e+04  4.491664e+00 -9.447921e-03  9.303227e-03 -5.767678e-03 
 1.325000e+04  4.581579e+00 -9.495582e-03  9.349354e-03 -5.799353e-03 
 1.330000e+04  4.675361e+00 -9.544967e-03  9.396994e-03 -5.832037e-03 
 1.335000e+04  4.769773e+00 -9.594156e-03  9.444345e-03 -5.864633e-03 
 1.340000e+04  4.864184e+00 -9.642451e-03  9.490924e-03 -5.896885e-03 
 1.345000e+04  4.961050e+00 -9.691246e-03  9.538154e-03 -5.929657e-03 
 1.350000e+04  5.063255e+00 -9.742315e-03  9.587638e-03 -5.963979e-03 
 1.355000e+04  5.167343e+00 -9.793680e-03  9.637489e-03 -5.998448e-03 
 1.360000e+04  5.271432e+00 -9.844403e-03  9.686598e-03 -6.032270e-03 
 1.365000e+04  5.379579e+00 -9.896712e-03  9.737118e-03 -6.066883e-03 
 1.370000e+04  5.488872e+00 -9.949112e-03  9.787728e-03 -6.101564e-03 
 1.375000e+04  5.598165e+00 -1.000057e-02  9.837543e-03 -6.135877e-03 
 1.380000e+04  5.709097e+00 -1.005202e-02  9.887311e-03 -6.170309e-03 
 1.385000e+04  5.823855e+00 -1.010469e-02  9.938401e-03 -6.205635e-03 
 1.390000e+04  5.938612e+00 -1.015680e-02  9.988999e-03 -6.240596e-03 
 1.395000e+04  6.053370e+00 -1.020814e-02  1.003886e-02 -6.275022e-03 
 1.400000e+04  6.176178e+00 -1.026255e-02  1.009171e-02 -6.311305e-03 
 1.405000e+04  6.302698e+00 -1.031825e-02  1.014574e-02 -6.348303e-03 
 1.410000e+04  6.429218e+00 -1.037324e-02  1.019892e-02 -6.384815e-03 
 1.415000e+04  6.555738e+00 -1.042748e-02  1.025125e-02 -6.420881e-03 
 1.420000e+04  6.687319e+00 -1.048338e-02  1.030500e-02 -6.458024e-03 
 1.425000e+04  6.820165e+00 -1.053921e-02  1.035866e-02 -6.495207e-03 
 1.430000e+04  6.953011e+00 -1.059416e-02  1.041148e-02 -6.531868e-03 
 1.435000e+04  7.087850e+00 -1.064931e-02  1.046450e-02 -6.568591e-03 
 1.440000e+04  7.227338e+00 -1.070598e-02  1.051904e-02 -6.606234e-03 
 1.445000e+04  7.366827e+00 -1.076194e-02  1.057302e-02 -6.643336e-03 
 1.450000e+04  7.506873e+00 -1.081741e-02  1.062643e-02 -6.680011e-03 
 1.455000e+04  7.657730e+00 -1.087672e-02  1.068329e-02 -6.719074e-03 
 1.460000e+04  7.811516e+00 -1.093647e-02  1.074055e-02 -6.758650e-03 
 1.465000e+04  7.965302e+00 -1.099513e-02  1.079688e-02 -6.797777e-03 
 1.470000e+04  8.119088e+00 -1.105302e-02  1.085254e-02 -6.836404e-03 
 1.475000e+04  8.279487e+00 -1.111293e-02  1.091008e-02 -6.876219e-03 
 1.480000e+04  8.440962e+00 -1.117259e-02  1.096745e-02 -6.915819e-03 
 1.485000e+04  8.602437e+00 -1.123136e-02  1.102418e-02 -6.954796e-03 
 1.490000e+04  8.768596e+00 -1.129125e-02  1.108202e-02 -6.994392e-03 
 1.495000e+04  8.938145e+00 -1.135176e-02  1.114039e-02 -7.034458e-03 
 1.500000e+04  9.107694e+00 -1.141147e-02  1.119784e-02 -7.074117e-03 
 1.505000e+04  9.279447e+00 -1.147121e-02  1.125514e-02 -7.113762e-03 
 1.510000e+04  9.463704e+00 -1.153476e-02  1.131598e-02 -7.155895e-03 
 1.515000e+04  9.650632e+00 -1.159857e-02  1.137705e-02 -7.198153e-03 
 1.520000e+04  9.837560e+00 -1.166143e-02  1.143720e-02 -7.239789e-03 
 1.525000e+04  1.002748e+01 -1.172460e-02  1.149764e-02 -7.281516e-03 
 1.530000e+04  1.022375e+01 -1.178936e-02  1.155965e-02 -7.324200e-03 
 1.535000e+04  1.042003e+01 -1.185329e-02  1.162086e-02 -7.366333e-03 
 1.540000e+04  1.061807e+01 -1.191690e-02  1.168171e-02 -7.408296e-03 
 1.545000e+04  1.083096e+01 -1.198463e-02  1.174645e-02 -7.452989e-03 
 1.550000e+04  1.104735e+01 -1.205274e-02  1.181136e-02 -7.497983e-03 
 1.555000e+04  1.126374e+01 -1.211980e-02  1.187530e-02 -7.542341e-03 
 1.560000e+04  1.148468e+01 -1.218744e-02  1.193976e-02 -7.586987e-03 
 1.565000e+04  1.171189e+01 -1.225646e-02  1.200555e-02 -7.632374e-03 
 1.570000e+04  1.193910e+01 -1.232452e-02  1.207055e-02 -7.677167e-03 
 1.575000e+04  1.216631e+01 -1.239158e-02  1.213471e-02 -7.721343e-03 
 1.580000e+04  1.240610e+01 -1.246153e-02  1.220177e-02 -7.767515e-03 
 1.585000e+04  1.265660e+01 -1.253381e-02  1.227109e-02 -7.815263e-03 
 1.590000e+04  1.290710e+01 -1.260503e-02  1.233937e-02 -7.862367e-03 
 1.595000e+04  1.316364e+01 -1.267719e-02  1.240829e-02 -7.909892e-03 
 1.600000e+04  1.343982e+01 -1.275418e-02  1.248167e-02 -7.960480e-03 
 1.605000e+04  1.371600e+01 -1.283013e-02  1.255398e-02 -8.010433e-03 
 1.610000e+04  1.399218e+01 -1.290494e-02  1.262520e-02 -8.059649e-03 
 1.615000e+04  1.426835e+01 -1.297897e-02  1.269561e-02 -8.108250e-03 
 1.620000e+04  1.455779e+01 -1.305569e-02  1.276860e-02 -8.158622e-03 
 1.625000e+04  1.484777e+01 -1.313150e-02  1.284079e-02 -8.208417e-03 
 1.630000e+04  1.514269e+01 -1.320764e-02  1.291316e-02 -8.258301e-03 
 1.635000e+04  1.545936e+01 -1.328863e-02  1.298997e-02 -8.311293e-03 
 1.640000e+04  1.577907e+01 -1.336941e-02  1.306645e-02 -8.364181e-03 
 1.645000e+04  1.609878e+01 -1.344899e-02  1.314168e-02 -8.416230e-03 
 1.650000e+04  1.642552e+01 -1.352937e-02  1.321753e-02 -8.468636e-03 
 1.655000e+04  1.676121e+01 -1.361107e-02  1.329465e-02 -8.521935e-03 
 1.660000e+04  1.709691e+01 -1.369150e-02  1.337075e-02 -8.574499e-03 
 1.665000e+04  1.743798e+01 -1.377197e-02  1.344703e-02 -8.627180e-03 
 1.670000e+04  1.780738e+01 -1.385818e-02  1.352887e-02 -8.683589e-03 
 1.675000e+04  1.817748e+01 -1.394344e-02  1.360984e-02 -8.739328e-03 
 1.680000e+04  1.854758e+01 -1.402736e-02  1.368960e-02 -8.794171e-03 
 1.685000e+04  1.894028e+01 -1.411543e-02  1.377300e-02 -8.851530e-03 
 1.690000e+04  1.934832e+01 -1.420591e-02  1.385857e-02 -8.910470e-03 
 1.695000e+04  1.975636e+01 -1.429491e-02  1.394279e-02 -8.968641e-03 
 1.700000e+04  2.016563e+01 -1.438283e-02  1.402598e-02 -9.026034e-03 
 1.705000e+04  2.059407e+01 -1.447392e-02  1.411204e-02 -9.085326e-03 
 1.710000e+04  2.102251e+01 -1.456382e-02  1.419697e-02 -9.143843e-03 
 1.715000e+04  2.145095e+01 -1.465240e-02  1.428067e-02 -9.201424e-03 
 1.720000e+04  2.190692e+01 -1.474555e-02  1.436857e-02 -9.261841e-03 
 1.725000e+04  2.237928e+01 -1.484102e-02  1.445836e-02 -9.323682e-03 
 1.730000e+04  2.285164e+01 -1.493505e-02  1.454666e-02 -9.384650e-03 
 1.735000e+04  2.332778e+01 -1.502849e-02  1.463423e-02 -9.445137e-03 
 1.740000e+04  2.383020e+01 -1.512591e-02  1.472536e-02 -9.508092e-03 
 1.745000e+04  2.435097e+01 -1.522555e-02  1.481861e-02 -9.572494e-03 
 1.750000e+04  2.487175e+01 -1.532355e-02  1.491047e-02 -9.635832e-03 
 1.755000e+04  2.540502e+01 -1.542246e-02  1.500321e-02 -9.699705e-03 
 1.760000e+04  2.597534e+01 -1.552692e-02  1.510121e-02 -9.767157e-03 
 1.765000e+04  2.654950e+01 -1.563041e-02  1.519839e-02 -9.833960e-03 
 1.770000e+04  2.712595e+01 -1.573268e-02  1.529430e-02 -9.899862e-03 
 1.775000e+04  2.772881e+01 -1.583825e-02  1.539310e-02 -9.967881e-03 
 1.780000e+04  2.833167e+01 -1.594225e-02  1.549043e-02 -1.003504e-02 
 1.785000e+04  2.893453e+01 -1.604451e-02  1.558623e-02 -1.010101e-02 
 1.790000e+04  2.956172e+01 -1.614954e-02  1.568447e-02 -1.016850e-02 
 1.795000e+04  3.022637e+01 -1.625957e-02  1.578725e-02 -1.023909e-02 
 1.800000e+04  3.089103e+01 -1.636774e-02  1.588844e-02 -1.030856e-02 
 1.805000e+04  3.156100e+01 -1.647497e-02  1.598866e-02 -1.037741e-02 
 1.810000e+04  3.227494e+01 -1.658779e-02  1.609382e-02 -1.044976e-02 
 1.815000e+04  3.300772e+01 -1.670201e-02  1.620017e-02 -1.052293e-02 
 1.820000e+04  3.374050e+01 -1.681431e-02  1.630467e-02 -1.059480e-02 
 1.825000e+04  3.448281e+01 -1.692653e-02  1.640870e-02 -1.066632e-02 
 1.830000e+04  3.525223e+01 -1.704128e-02  1.651497e-02 -1.073942e-02 
 1.835000e+04  3.602165e+01 -1.715410e-02  1.661959e-02 -1.081138e-02 
 1.840000e+04  3.679799e+01 -1.726605e-02  1.672337e-02 -1.088274e-02 
 1.845000e+04  3.763901e+01 -1.738580e-02  1.683428e-02 -1.095895e-02 
 1.850000e+04  3.848729e+01 -1.750480e-02  1.694443e-02 -1.103464e-02 
 1.855000e+04  3.933558e+01 -1.762171e-02  1.705258e-02 -1.110893e-02 
 1.860000e+04  4.022255e+01 -1.774210e-02  1.716381e-02 -1.118527e-02 
 1.865000e+04  4.115778e+01 -1.786723e-02  1.727939e-02 -1.126464e-02 
 1.870000e+04  4.209302e+01 -1.799018e-02  1.739298e-02 -1.134267e-02 
 1.875000e+04  4.303573e+01 -1.811205e-02  1.750539e-02 -1.141983e-02 
 1.880000e+04  4.401773e+01 -1.823717e-02  1.762065e-02 -1.149897e-02 
 1.885000e+04  4.499973e+01 -1.836024e-02  1.773413e-02 -1.157681e-02 
 1.890000e+04  4.598565e+01 -1.848161e-02  1.784606e-02 -1.165349e-02 
 1.895000e+04  4.705387e+01 -1.861125e-02  1.796536e-02 -1.173526e-02 
 1.900000e+04  4.813652e+01 -1.874069e-02  1.808441e-02 -1.181692e-02 
 1.905000e+04  4.921917e+01 -1.886778e-02  1.820131e-02 -1.189704e-02 
 1.910000e+04  5.034129e+01 -1.899739e-02  1.832021e-02 -1.197849e-02 
 1.915000e+04  5.157908e+01 -1.913835e-02  1.844924e-02 -1.206694e-02 
 1.920000e+04  5.283238e+01 -1.927859e-02  1.857752e-02 -1.215499e-02 
 1.925000e+04  5.408568e+01 -1.941618e-02  1.870320e-02 -1.224119e-02 
 1.930000e+04  5.533899e+01 -1.955145e-02  1.882649e-02 -1.232579e-02 
 1.935000e+04  5.659229e+01 -1.968445e-02  1.894766e-02 -1.240899e-02 
 1.940000e+04  5.784560e+01 -1.981509e-02  1.906675e-02 -1.249061e-02 
 1.945000e+04  5.921130e+01 -1.995520e-02  1.919426e-02 -1.257798e-02 
 1.950000e+04  6.066216e+01 -2.010188e-02  1.932760e-02 -1.266940e-02 
 1.955000e+04  6.211302e+01 -2.024579e-02  1.945840e-02 -1.275910e-02 
 1.960000e+04  6.356387e+01 -2.038685e-02  1.958647e-02 -1.284685e-02 
 1.965000e+04  6.508582e+01 -2.053225e-02  1.971829e-02 -1.293715e-02 
 1.970000e+04  6.660922e+01 -2.067519e-02  1.984795e-02 -1.302599e-02 
 1.975000e+04  6.813567e+01 -2.081574e-02  1.997541e-02 -1.311330e-02 
 1.980000e+04  6.985081e+01 -2.097109e-02  2.011600e-02 -1.320964e-02 
 1.985000e+04  7.161433e+01 -2.112819e-02  2.025803e-02 -1.330698e-02 
 1.990000e+04  7.337786e+01 -2.128211e-02  2.039707e-02 -1.340221e-02 
 1.995000e+04  7.514138e+01 -2.143295e-02  2.053299e-02 -1.349523e-02 
 2.000000e+04  7.698956e+01 -2.158818e-02  2.067259e-02 -1.359094e-02 
 2.005000e+04  7.884126e+01 -2.174080e-02  2.080982e-02 -1.368511e-02 
 2.010000e+04  8.071889e+01 -2.189253e-02  2.094616e-02 -1.377867e-02 
 2.015000e+04  8.274678e+01 -2.205363e-02  2.109058e-02 -1.387778e-02 
 2.020000e+04  8.478828e+01 -2.221287e-02  2.123327e-02 -1.397563e-02 
 2.025000e+04  8.682978e+01 -2.236889e-02  2.137293e-02 -1.407135e-02 
 2.030000e+04  8.900910e+01 -2.253218e-02  2.151882e-02 -1.417134e-02 
 2.035000e+04  9.137240e+01 -2.270600e-02  2.167406e-02 -1.427784e-02 
 2.040000e+04  9.373569e+01 -2.287617e-02  2.182598e-02 -1.438218e-02 
 2.045000e+04  9.609898e+01 -2.304263e-02  2.197433e-02 -1.448408e-02 
 2.050000e+04  9.852845e+01 -2.321027e-02  2.212341e-02 -1.458650e-02 
 2.055000e+04  1.010099e+02 -2.337805e-02  2.227269e-02 -1.468899e-02 
 2.060000e+04  1.034914e+02 -2.354229e-02  2.241878e-02 -1.478920e-02 
 2.065000e+04  1.061986e+02 -2.371802e-02  2.257487e-02 -1.489629e-02 
 2.070000e+04  1.089344e+02 -2.389220e-02  2.272944e-02 -1.500248e-02 
 2.075000e+04  1.116702e+02 -2.406251e-02  2.288055e-02 -1.510630e-02 
 2.080000e+04  1.144558e+02 -2.423210e-02  2.303079e-02 -1.520944e-02 
 2.085000e+04  1.174721e+02 -2.441213e-02  2.319010e-02 -1.531887e-02 
 2.090000e+04  1.204883e+02 -2.458847e-02  2.334599e-02 -1.542609e-02 
 2.095000e+04  1.235045e+02 -2.476101e-02  2.349823e-02 -1.553085e-02 
 2.100000e+04  1.267678e+02 -2.494389e-02  2.365922e-02 -1.564169e-02 
 2.105000e+04  1.300932e+02 -2.512651e-02  2.381979e-02 -1.575230e-02 
 2.110000e+04  1.334186e+02 -2.530507e-02  2.397654e-02 -1.586032e-02 
 2.115000e+04  1.368105e+02 -2.548315e-02  2.413256e-02 -1.596794e-02 
 2.120000e+04  1.404278e+02 -2.566915e-02  2.429531e-02 -1.608038e-02 
 2.125000e+04  1.440941e+02 -2.585362e-02  2.445672e-02 -1.619194e-02 
 2.130000e+04  1.477603e+02 -2.603396e-02  2.461435e-02 -1.630081e-02 
 2.135000e+04  1.516410e+02 -2.622076e-02  2.477735e-02 -1.641345e-02 
 2.140000e+04  1.556831e+02 -2.641116e-02  2.494338e-02 -1.652831e-02 
 2.145000e+04  1.597251e+02 -2.659715e-02  2.510547e-02 -1.664052e-02 
 2.150000e+04  1.638641e+02 -2.678316e-02  2.526745e-02 -1.675271e-02 
 2.155000e+04  1.681083e+02 -2.696973e-02  2.542985e-02 -1.686527e-02 
 2.160000e+04  1.723524e+02 -2.715204e-02  2.558847e-02 -1.697523e-02 
 2.165000e+04  1.769915e+02 -2.734697e-02  2.575794e-02 -1.709269e-02 
 2.170000e+04  1.816706e+02 -2.753944e-02  2.592513e-02 -1.720871e-02 
 2.175000e+04  1.863498e+02 -2.772741e-02  2.608832e-02 -1.732209e-02 
 2.180000e+04  1.910994e+02 -2.791369e-02  2.624980e-02 -1.743433e-02 
 2.185000e+04  1.964542e+02 -2.811924e-02  2.642770e-02 -1.755810e-02 
 2.190000e+04  2.018709e+02 -2.832269e-02  2.660361e-02 -1.768070e-02 
 2.195000e+04  2.072876e+02 -2.852127e-02  2.677499e-02 -1.780034e-02 
 2.200000e+04  2.127043e+02 -2.871502e-02  2.694179e-02 -1.791693e-02 
 2.205000e+04  2.182889e+02 -2.891002e-02  2.710941e-02 -1.803426e-02 
 2.210000e+04  2.239765e+02 -2.910410e-02  2.727616e-02 -1.815108e-02 
 2.215000e+04  2.299174e+02 -2.930222e-02  2.744627e-02 -1.827033e-02 
 2.220000e+04  2.361879e+02 -2.950688e-02  2.762191e-02 -1.839362e-02 
 2.225000e+04  2.424584e+02 -2.970677e-02  2.779348e-02 -1.851420e-02 
 2.230000e+04  2.487290e+02 -2.990159e-02  2.796082e-02 -1.863183e-02 
 2.235000e+04  2.549995e+02 -3.009156e-02  2.812407e-02 -1.874657e-02 
 2.240000e+04  2.615647e+02 -3.028583e-02  2.829102e-02 -1.886397e-02 
 2.245000e+04  2.684319e+02 -3.048463e-02  2.846171e-02 -1.898419e-02 
 2.250000e+04  2.753451e+02 -3.068043e-02  2.862970e-02 -1.910272e-02 
 2.255000e+04  2.822584e+02 -3.087182e-02  2.879377e-02 -1.921870e-02 
 2.260000e+04  2.891854e+02 -3.105916e-02  2.895427e-02 -1.933220e-02 
 2.265000e+04  2.964444e+02 -3.125111e-02  2.911862e-02 -1.944845e-02 
 2.270000e+04  3.037033e+02 -3.143894e-02  2.927926e-02 -1.956226e-02 
 2.275000e+04  3.112888e+02 -3.163108e-02  2.944340e-02 -1.967885e-02 
 2.280000e+04  3.189107e+02 -3.182006e-02  2.960470e-02 -1.979362e-02 
 2.285000e+04  3.265478e+02 -3.200532e-02  2.976269e-02 -1.990619e-02 
 2.290000e+04  3.345507e+02 -3.219548e-02  2.992466e-02 -2.002175e-02 
 2.295000e+04  3.425537e+02 -3.238172e-02  3.008314e-02 -2.013496e-02 
 2.300000e+04  3.505566e+02 -3.256393e-02  3.023810e-02 -2.024586e-02 
 2.305000e+04  3.589517e+02 -3.275106e-02  3.039724e-02 -2.035992e-02 
 2.310000e+04  3.673800e+02 -3.293505e-02  3.055380e-02 -2.047224e-02 
 2.315000e+04  3.762033e+02 -3.312374e-02  3.071439e-02 -2.058759e-02 
 2.320000e+04  3.850265e+02 -3.330867e-02  3.087169e-02 -2.070071e-02 
 2.325000e+04  3.938498e+02 -3.348974e-02  3.102569e-02 -2.081161e-02 
 2.330000e+04  4.026730e+02 -3.366699e-02  3.117643e-02 -2.092035e-02 
 2.335000e+04  4.116286e+02 -3.384318e-02  3.132633e-02 -2.102860e-02 
 2.340000e+04  4.208930e+02 -3.402194e-02  3.147858e-02 -2.113865e-02 
 2.345000e+04  4.305744e+02 -3.420526e-02  3.163485e-02 -2.125168e-02 
 2.350000e+04  4.403020e+02 -3.438605e-02  3.178899e-02 -2.136330e-02 
 2.355000e+04  4.500296e+02 -3.456334e-02  3.194011e-02 -2.147291e-02 
 2.360000e+04  4.597573e+02 -3.473715e-02  3.208820e-02 -2.158049e-02 
 2.365000e+04  4.695044e+02 -3.490797e-02  3.223366e-02 -2.168629e-02 
 2.370000e+04  4.797184e+02 -3.508373e-02  3.238323e-02 -2.179526e-02 
 2.375000e+04  4.899732e+02 -3.525710e-02  3.253072e-02 -2.190290e-02 
 2.380000e+04  5.006980e+02 -3.543539e-02  3.268239e-02 -2.201378e-02 
 2.385000e+04  5.114227e+02 -3.561063e-02  3.283151e-02 -2.212289e-02 
 2.390000e+04  5.225228e+02 -3.578876e-02  3.298317e-02 -2.223403e-02 
 2.395000e+04  5.337837e+02 -3.596630e-02  3.313433e-02 -2.234500e-02 
 2.400000e+04  5.450447e+02 -3.614070e-02  3.328274e-02 -2.245428e-02 
 2.405000e+04  5.563056e+02 -3.631205e-02  3.342848e-02 -2.256192e-02 
 2.410000e+04  5.676668e+02 -3.648207e-02  3.357299e-02 -2.266889e-02 
 2.415000e+04  5.792408e+02 -3.665265e-02  3.371803e-02 -2.277644e-02 
 2.420000e+04  5.908149e+02 -3.682074e-02  3.386106e-02 -2.288268e-02 
 2.425000e+04  6.023890e+02 -3.698632e-02  3.400197e-02 -2.298698e-02 
 2.430000e+04  6.139631e+02 -3.714946e-02  3.414034e-02 -2.309023e-02 
 2.435000e+04  6.255371e+02 -3.731005e-02  3.427647e-02 -2.319266e-02 
 2.440000e+04  6.371112e+02 -3.746833e-02  3.441108e-02 -2.329407e-02 
 2.445000e+04  6.486853e+02 -3.762496e-02  3.454422e-02 -2.339396e-02 
 2.450000e+04  6.602594e+02 -3.777968e-02  3.467557e-02 -2.349290e-02 
 2.455000e+04  6.718334e+02 -3.793183e-02  3.480518e-02 -2.359090e-02 
 2.460000e+04  6.834075e+02 -3.808249e-02  3.493310e-02 -2.368825e-02 
 2.465000e+04  6.949816e+02 -3.823121e-02  3.505959e-02 -2.378492e-02 
 2.470000e+04  7.065557e+02 -3.837839e-02  3.518465e-02 -2.388078e-02 
 2.475000e+04  7.181297e+02 -3.852403e-02  3.530869e-02 -2.397573e-02 
 2.480000e+04  7.297038e+02 -3.866913e-02  3.543178e-02 -2.407015e-02 
 2.485000e+04  7.412779e+02 -3.881287e-02  3.555367e-02 -2.416330e-02 
 2.490000e+04  7.528520e+02 -3.895493e-02  3.567464e-02 -2.425578e-02 
 2.495000e+04  7.644260e+02 -3.909588e-02  3.579442e-02 -2.434762e-02 
 2.500000e+04  7.760001e+02 -3.923527e-02  3.591277e-02 -2.443876e-02 
 2.505000e+04  7.875742e+02 -3.937416e-02  3.602997e-02 -2.452945e-02 
 2.510000e+04  7.991482e+02 -3.951230e-02  3.614596e-02 -2.461883e-02 
 2.515000e+04  8.107223e+02 -3.964942e-02  3.626131e-02 -2.470725e-02 
 2.520000e+04  8.222964e+02 -3.978526e-02  3.637545e-02 -2.479566e-02 
 2.525000e+04  8.338705e+02 -3.992023e-02  3.648848e-02 -2.488393e-02 
 2.530000e+04  8.454445e+02 -4.005288e-02  3.660063e-02 -2.497110e-02 
 2.535000e+04  8.570186e+02 -4.018395e-02  3.671229e-02 -2.505662e-02 
 2.540000e+04  8.685927e+02 -4.031471e-02  3.682371e-02 -2.514217e-02 
 2.545000e+04  8.801668e+02 -4.044454e-02  3.693390e-02 -2.522687e-02 
 2.550000e+04  8.917408e+02 -4.057393e-02  3.704291e-02 -2.531119e-02 
 2.555000e+04  9.033149e+02 -4.070300e-02  3.715170e-02 -2.539562e-02 
 2.560000e+04  9.148890e+02 -4.083071e-02  3.725999e-02 -2.547942e-02 
 2.565000e+04  9.264631e+02 -4.095742e-02  3.736769e-02 -2.556250e-02 
 2.570000e+04  9.380371e+02 -4.108337e-02  3.747472e-02 -2.564472e-02 
 2.575000e+04  9.496112e+02 -4.120822e-02  3.758085e-02 -2.572637e-02 
 2.580000e+04  9.611853e+02 -4.133232e-02  3.768597e-02 -2.580677e-02 
 2.585000e+04  9.727594e+02 -4.145547e-02  3.779075e-02 -2.588703e-02 
 2.590000e+04  9.843334e+02 -4.157836e-02  3.789520e-02 -2.596708e-02 
 2.595000e+04  9.959075e+02 -4.170097e-02  3.799884e-02 -2.604727e-02 
 2.600000e+04  1.007482e+03 -4.182311e-02  3.810221e-02 -2.612702e-02 
 2.605000e+04  1.019056e+03 -4.194409e-02  3.820556e-02 -2.620647e-02 
 2.610000e+04  1.030630e+03 -4.206413e-02  3.830924e-02 -2.628517e-02 
 2.615000e+04  1.042204e+03 -4.218313e-02  3.841259e-02 -2.636341e-02 
 2.620000e+04  1.053778e+03 -4.230096e-02  3.851479e-02 -2.644082e-02 
 2.625000e+04  1.065352e+03 -4.241774e-02  3.861581e-02 -2.651796e-02 
 2.630000e+04  1.076926e+03 -4.253371e-02  3.871616e-02 -2.659477e-02 
 2.635000e+04  1.088500e+03 -4.264983e-02  3.881638e-02 -2.667100e-02 
 2.640000e+04  1.100074e+03 -4.276555e-02  3.891657e-02 -2.674669e-02 
 2.645000e+04  1.111648e+03 -4.288077e-02  3.901684e-02 -2.682232e-02 
 2.650000e+04  1.123222e+03 -4.299557e-02  3.911578e-02 -2.689754e-02 
 2.655000e+04  1.134796e+03 -4.310978e-02  3.921373e-02 -2.697274e-02 
 2.660000e+04  1.146370e+03 -4.322202e-02  3.931137e-02 -2.704754e-02 
 2.665000e+04  1.157945e+03 -4.333358e-02  3.940882e-02 -2.712177e-02 
 2.670000e+04  1.169519e+03 -4.344452e-02  3.950637e-02 -2.719546e-02 
 2.675000e+04  1.181093e+03 -4.355511e-02  3.960351e-02 -2.726818e-02 
 2.680000e+04  1.192667e+03 -4.366613e-02  3.969870e-02 -2.734048e-02 
 2.685000e+04  1.204241e+03 -4.377672e-02  3.979246e-02 -2.741288e-02 
 2.690000e+04  1.215815e+03 -4.388651e-02  3.988541e-02 -2.748528e-02 
 2.695000e+04  1.227389e+03 -4.399590e-02  3.997776e-02 -2.755734e-02 
 2.700000e+04  1.238963e+03 -4.410474e-02  4.006969e-02 -2.762932e-02 
 2.705000e+04  1.250537e+03 -4.421259e-02  4.016178e-02 -2.770078e-02 
 2.710000e+04  1.262111e+03 -4.432002e-02  4.025292e-02 -2.777160e-02 
 2.715000e+04  1.273685e+03 -4.442651e-02  4.034385e-02 -2.784135e-02 
 2.720000e+04  1.285259e+03 -4.453242e-02  4.043504e-02 -2.791103e-02 
 2.725000e+04  1.296833e+03 -4.463796e-02  4.052597e-02 -2.798079e-02 
 2.730000e+04  1.308408e+03 -4.474314e-02  4.061670e-02 -2.805065e-02 
 2.735000e+04  1.319982e+03 -4.484736e-02  4.070693e-02 -2.812064e-02 
 2.740000e+04  1.331556e+03 -4.495164e-02  4.079636e-02 -2.819047e-02 
 2.745000e+04  1.343130e+03 -4.505534e-02  4.088550e-02 -2.825946e-02 
 2.750000e+04  1.354704e+03 -4.515779e-02  4.097350e-02 -2.832795e-02 
 2.755000e+04  1.366278e+03 -4.526000e-02  4.106052e-02 -2.839608e-02 
 2.760000e+04  1.377852e+03 -4.536192e-02  4.114749e-02 -2.846396e-02 
 2.765000e+04  1.389426e+03 -4.546291e-02  4.123474e-02 -2.853172e-02 
 2.770000e+04  1.401000e+03 -4.556360e-02  4.132200e-02 -2.859913e-02 
 2.775000e+04  1.412574e+03 -4.566403e-02  4.140909e-02 -2.866646e-02 
 2.780000e+04  1.424148e+03 -4.576422e-02  4.149600e-02 -2.873376e-02 
 2.785000e+04  1.435722e+03 -4.586450e-02  4.158234e-02 -2.880100e-02 
 2.790000e+04  1.447296e+03 -4.596490e-02  4.166834e-02 -2.886797e-02 
 2.795000e+04  1.458870e+03 -4.606503e-02  4.175406e-02 -2.893455e-02 
 2.800000e+04  1.470445e+03 -4.616450e-02  4.183939e-02 -2.900074e-02 
 2.805000e+04  1.482019e+03 -4.626287e-02  4.192412e-02 -2.906663e-02 
 2.810000e+04  1.493593e+03 -4.635982e-02  4.200801e-02 -2.913220e-02 
 2.815000e+04  1.505167e+03 -4.645672e-02  4.209151e-02 -2.919775e-02 
 2.820000e+04  1.516741e+03 -4.655326e-02  4.217411e-02 -2.926302e-02 
 2.825000e+04  1.528315e+03 -4.665001e-02  4.225571e-02 -2.932809e-02 
 2.830000e+04  1.539889e+03 -4.674699e-02  4.233747e-02 -2.939286e-02 
 2.835000e+04  1.551463e+03 -4.684340e-02  4.241992e-02 -2.945762e-02 
 2.840000e+04  1.563037e+03 -4.693944e-02  4.250286e-02 -2.952209e-02 
 2.845000e+04  1.574611e+03 -4.703472e-02  4.258601e-02 -2.958627e-02 
 2.850000e+04  1.586185e+03 -4.712933e-02  4.266907e-02 -2.965036e-02 
 2.855000e+04  1.597759e+03 -4.722343e-02  4.275171e-02 -2.971436e-02 
 2.860000e+04  1.609333e+03 -4.731735e-02  4.283380e-02 -2.977802e-02 
 2.865000e+04  1.620908e+03 -4.741115e-02  4.291488e-02 -2.984140e-02 
 2.870000e+04  1.632482e+03 -4.750433e-02  4.299496e-02 -2.990488e-02 
 2.875000e+04  1.644056e+03 -4.759682e-02  4.307492e-02 -2.996819e-02 
 2.880000e+04  1.655630e+03 -4.768917e-02  4.315471e-02 -3.003098e-02 
 2.885000e+04  1.667204e+03 -4.778145e-02  4.323465e-02 -3.009355e-02 
 2.890000e+04  1.678778e+03 -4.787368e-02  4.331468e-02 -3.015612e-02 
 2.895000e+04  1.690352e+03 -4.796596e-02  4.339440e-02 -3.021853e-02 
 2.900000e+04  1.701926e+03 -4.805823e-02  4.347404e-02 -3.028093e-02 
 2.905000e+04  1.713500e+03 -4.815025e-02  4.355375e-02 -3.034349e-02 
 2.910000e+04  1.725074e+03 -4.824191e-02  4.363310e-02 -3.040595e-02 
 2.915000e+04  1.736648e+03 -4.833330e-02  4.371180e-02 -3.046817e-02 
 2.920000e+04  1.748222e+03 -4.842451e-02  4.378990e-02 -3.053033e-02 
 2.925000e+04  1.759796e+03 -4.851585e-02  4.386773e-02 -3.059221e-02 
 2.930000e+04  1.771370e+03 -4.860689e-02  4.394518e-02 -3.065363e-02 
 2.935000e+04  1.782945e+03 -4.869756e-02  4.402213e-02 -3.071478e-02 
 2.940000e+04  1.794519e+03 -4.878756e-02  4.409900e-02 -3.077602e-02 
 2.945000e+04  1.806093e+03 -4.887722e-02  4.417555e-02 -3.083725e-02 
 2.950000e+04  1.817667e+03 -4.896669e-02  4.425252e-02 -3.089847e-02 
 2.955000e+04  1.829241e+03 -4.905624e-02  4.432993e-02 -3.095968e-02 
 2.960000e+04  1.840815e+03 -4.914552e-02  4.440708e-02 -3.102063e-02 
 2.965000e+04  1.852389e+03 -4.923426e-02  4.448378e-02 -3.108124e-02 
 2.970000e+04  1.863963e+03 -4.932281e-02  4.456033e-02 -3.114182e-02 
 2.975000e+04  1.875537e+03 -4.941092e-02  4.463695e-02 -3.120255e-02 
 2.980000e+04  1.887111e+03 -4.949862e-02  4.471334e-02 -3.126297e-02 
 2.985000e+04  1.898685e+03 -4.958584e-02  4.478938e-02 -3.132326e-02 
 2.990000e+04  1.910259e+03 -4.967311e-02  4.486549e-02 -3.138358e-02 
 2.995000e+04  1.921833e+03 -4.976036e-02  4.494138e-02 -3.144400e-02 
 3.000000e+04  1.933408e+03 -4.984758e-02  4.501720e-02 -3.150424e-02 
 3.005000e+04  1.944982e+03 -4.993472e-02  4.509285e-02 -3.156430e-02 
 3.010000e+04  1.956556e+03 -5.002163e-02  4.516815e-02 -3.162398e-02 
 3.015000e+04  1.968130e+03 -5.010829e-02  4.524307e-02 -3.168338e-02 
 3.020000e+04  1.979704e+03 -5.019466e-02  4.531720e-02 -3.174282e-02 
 3.025000e+04  1.991278e+03 -5.028057e-02  4.539073e-02 -3.180218e-02 
 3.030000e+04  2.002852e+03 -5.036649e-02  4.546411e-02 -3.186134e-02 
 3.035000e+04  2.014426e+03 -5.045242e-02  4.553761e-02 -3.192050e-02 
 3.040000e+04  2.026000e+03 -5.053752e-02  4.561142e-02 -3.197952e-02 
 3.045000e+04  2.037574e+03 -5.062231e-02  4.568500e-02 -3.203853e-02 
 3.050000e+04  2.049148e+03 -5.070702e-02  4.575852e-02 -3.209766e-02 
 3.055000e+04  2.060722e+03 -5.079140e-02  4.583189e-02 -3.215647e-02 
 3.060000e+04  2.072296e+03 -5.087578e-02  4.590517e-02 -3.221508e-02 
 3.065000e+04  2.083870e+03 -5.096028e-02  4.597857e-02 -3.227352e-02 
 3.070000e+04  2.095445e+03 -5.104451e-02  4.605190e-02 -3.233188e-02 
 3.075000e+04  2.107019e+03 -5.112826e-02  4.612511e-02 -3.239021e-02 
 3.080000e+04  2.118593e+03 -5.121151e-02  4.619799e-02 -3.244829e-02 
 3.085000e+04  2.130167e+03 -5.129439e-02  4.627006e-02 -3.250633e-02 
 3.090000e+04  2.141741e+03 -5.137692e-02  4.634193e-02 -3.256426e-02 
 3.095000e+04  2.153315e+03 -5.145943e-02  4.641324e-02 -3.262195e-02 
 3.100000e+04  2.164889e+03 -5.154207e-02  4.648457e-02 -3.267917e-02 
 3.105000e+04  2.176463e+03 -5.162491e-02  4.655625e-02 -3.273632e-02 
 3.110000e+04  2.188037e+03 -5.170789e-02  4.662814e-02 -3.279356e-02 
 3.115000e+04  2.199611e+03 -5.179090e-02  4.670000e-02 -3.285080e-02 
 3.120000e+04  2.211185e+03 -5.187366e-02  4.677165e-02 -3.290809e-02 
 3.125000e+04  2.222759e+03 -5.195598e-02  4.684301e-02 -3.296552e-02 
 3.130000e+04  2.234333e+03 -5.203803e-02  4.691406e-02 -3.302270e-02 
 3.135000e+04  2.245908e+03 -5.211996e-02  4.698472e-02 -3.307962e-02 
 3.140000e+04  2.257482e+03 -5.220190e-02  4.705465e-02 -3.313638e-02 
 3.145000e+04  2.269056e+03 -5.228355e-02  4.712450e-02 -3.319299e-02 
 3.150000e+04  2.280630e+03 -5.236511e-02  4.719452e-02 -3.324941e-02 
 3.155000e+04  2.292204e+03 -5.244647e-02  4.726472e-02 -3.330567e-02 
 3.160000e+04  2.303778e+03 -5.252733e-02  4.733503e-02 -3.336177e-02 
 3.165000e+04  2.315352e+03 -5.260766e-02  4.740529e-02 -3.341785e-02 
 3.170000e+04  2.326926e+03 -5.268800e-02  4.747536e-02 -3.347386e-02 
 3.175000e+04  2.338500e+03 -5.276834e-02  4.754507e-02 -3.353002e-02 
 3.180000e+04  2.350074e+03 -5.284852e-02  4.761433e-02 -3.358622e-02 
 3.185000e+04  2.361648e+03 -5.292845e-02  4.768359e-02 -3.364222e-02 
 3.190000e+04  2.373222e+03 -5.300820e-02  4.775299e-02 -3.369786e-02 
 3.195000e+04  2.384796e+03 -5.308790e-02  4.782247e-02 -3.375338e-02 
 3.200000e+04  2.396370e+03 -5.316768e-02  4.789194e-02 -3.380881e-02 
 3.205000e+04  2.407945e+03 -5.324735e-02  4.796126e-02 -3.386406e-02 
 3.210000e+04  2.419519e+03 -5.332685e-02  4.803034e-02 -3.391930e-02 
 3.215000e+04  2.431093e+03 -5.340596e-02  4.809943e-02 -3.397456e-02 
 3.220000e+04  2.442667e+03 -5.348485e-02  4.816828e-02 -3.402992e-02 
 3.225000e+04  2.454241e+03 -5.356320e-02  4.823658e-02 -3.408528e-02 
 3.230000e+04  2.465815e+03 -5.364161e-02  4.830443e-02 -3.414036e-02 
 3.235000e+04  2.477389e+03 -5.372035e-02  4.837224e-02 -3.419519e-02 
 3.240000e+04  2.488963e+03 -5.379921e-02  4.844010e-02 -3.424979e-02 
 3.245000e+04  2.500537e+03 -5.387807e-02  4.850810e-02 -3.430426e-02 
 3.250000e+04  2.512111e+03 -5.395694e-02  4.857613e-02 -3.435877e-02 
 3.255000e+04  2.523685e+03 -5.403542e-02  4.864392e-02 -3.441332e-02 
 3.260000e+04  2.535259e+03 -5.411353e-02  4.871148e-02 -3.446784e-02 
 3.265000e+04  2.546833e+03 -5.419119e-02  4.877890e-02 -3.452240e-02 
 3.270000e+04  2.558408e+03 -5.426837e-02  4.884645e-02 -3.457697e-02 
 3.275000e+04  2.569982e+03 -5.434550e-02  4.891405e-02 -3.463140e-02 
 3.280000e+04  2.581556e+03 -5.442263e-02  4.898155e-02 -3.468546e-02 
 3.285000e+04  2.593130e+03 -5.449985e-02  4.904878e-02 -3.473914e-02 
 3.290000e+04  2.604704e+03 -5.457709e-02  4.911589e-02 -3.479283e-02 
 3.295000e+04  2.616278e+03 -5.465402e-02  4.918300e-02 -3.484659e-02 
 3.300000e+04  2.627852e+03 -5.473058e-02  4.924986e-02 -3.490040e-02 
 3.305000e+04  2.639426e+03 -5.480673e-02  4.931652e-02 -3.495431e-02 
 3.310000e+04  2.651000e+03 -5.488286e-02  4.938319e-02 -3.500811e-02 
 3.315000e+04  2.662574e+03 -5.495911e-02  4.944995e-02 -3.506177e-02 
 3.320000e+04  2.674148e+03 -5.503543e-02  4.951684e-02 -3.511524e-02 
 3.325000e+04  2.685722e+03 -5.511171e-02  4.958372e-02 -3.516836e-02 
 3.330000e+04  2.697296e+03 -5.518808e-02  4.965051e-02 -3.522143e-02 
 3.335000e+04  2.708870e+03 -5.526435e-02  4.971657e-02 -3.527451e-02 
 3.340000e+04  2.720445e+03 -5.534006e-02  4.978235e-02 -3.532751e-02 
 3.345000e+04  2.732019e+03 -5.541563e-02  4.984803e-02 -3.538050e-02 
 3.350000e+04  2.743593e+03 -5.549122e-02  4.991378e-02 -3.543332e-02 
 3.355000e+04  2.755167e+03 -5.556656e-02  4.997963e-02 -3.548600e-02 
 3.360000e+04  2.766741e+03 -5.564183e-02  5.004562e-02 -3.553867e-02 
 3.365000e+04  2.778315e+03 -5.571674e-02  5.011168e-02 -3.559124e-02 
 3.370000e+04  2.789889e+03 -5.579159e-02  5.017763e-02 -3.564367e-02 
 3.375000e+04  2.801463e+03 -5.586667e-02  5.024352e-02 -3.569598e-02 
 3.380000e+04  2.813037e+03 -5.594187e-02  5.030913e-02 -3.574822e-02 
 3.385000e+04  2.824611e+03 -5.601687e-02  5.037425e-02 -3.580033e-02 
 3.390000e+04  2.836185e+03 -5.609155e-02  5.043889e-02 -3.585238e-02 
 3.395000e+04  2.847759e+03 -5.616601e-02  5.050349e-02 -3.590439e-02 
 3.400000e+04  2.859333e+03 -5.624042e-02  5.056821e-02 -3.595646e-02 
 3.405000e+04  2.870908e+03 -5.631494e-02  5.063308e-02 -3.600845e-02 
 3.410000e+04  2.882482e+03 -5.638946e-02  5.069800e-02 -3.606030e-02 
 3.415000e+04  2.894056e+03 -5.646400e-02  5.076285e-02 -3.611207e-02 
 3.420000e+04  2.905630e+03 -5.653847e-02  5.082765e-02 -3.616380e-02 
 3.425000e+04  2.917204e+03 -5.661277e-02  5.089231e-02 -3.621543e-02 
 3.430000e+04  2.928778e+03 -5.668697e-02  5.095675e-02 -3.626696e-02 
 3.435000e+04  2.940352e+03 -5.676090e-02  5.102094e-02 -3.631845e-02 
 3.440000e+04  2.951926e+03 -5.683472e-02  5.108498e-02 -3.637000e-02 
 3.445000e+04  2.963500e+03 -5.690862e-02  5.114895e-02 -3.642161e-02 
 3.450000e+04  2.975074e+03 -5.698252e-02  5.121287e-02 -3.647315e-02 
 3.455000e+04  2.986648e+03 -5.705642e-02  5.127635e-02 -3.652455e-02 
 3.460000e+04  2.998222e+03 -5.713031e-02  5.133885e-02 -3.657593e-02 
 3.465000e+04  3.009796e+03 -5.720414e-02  5.140113e-02 -3.662712e-02 
 3.470000e+04  3.021370e+03 -5.727781e-02  5.146368e-02 -3.667816e-02 
 3.475000e+04  3.032945e+03 -5.735146e-02  5.152649e-02 -3.672916e-02 
 3.480000e+04  3.044519e+03 -5.742512e-02  5.158952e-02 -3.678017e-02 
 3.485000e+04  3.056093e+03 -5.749874e-02  5.165261e-02 -3.683124e-02 
 3.490000e+04  3.067667e+03 -5.757217e-02  5.171565e-02 -3.688224e-02 
 3.495000e+04  3.079241e+03 -5.764534e-02  5.177862e-02 -3.693317e-02 
 3.500000e+04  3.090815e+03 -5.771806e-02  5.184157e-02 -3.698413e-02 
 3.505000e+04  3.102389e+03 -5.779064e-02  5.190447e-02 -3.703505e-02 
 3.510000e+04  3.113963e+03 -5.786318e-02  5.196726e-02 -3.708594e-02 
 3.515000e+04  3.125537e+03 -5.793560e-02  5.202994e-02 -3.713667e-02 
 3.520000e+04  3.137111e+03 -5.800785e-02  5.209242e-02 -3.718729e-02 
 3.525000e+04  3.148685e+03 -5.807995e-02  5.215469e-02 -3.723791e-02 
 3.530000e+04  3.160259e+03 -5.815186e-02  5.221658e-02 -3.728856e-02 
 3.535000e+04  3.171833e+03 -5.822362e-02  5.227823e-02 -3.733901e-02 
 3.540000e+04  3.183408e+03 -5.829535e-02  5.233995e-02 -3.738942e-02 
 3.545000e+04  3.194982e+03 -5.836709e-02  5.240181e-02 -3.743985e-02 
 3.550000e+04  3.206556e+03 -5.843879e-02  5.246341e-02 -3.749015e-02 
 3.555000e+04  3.218130e+03 -5.851045e-02  5.252480e-02 -3.754035e-02 
 3.560000e+04  3.229704e+03 -5.858177e-02  5.258589e-02 -3.759056e-02 
 3.565000e+04  3.241278e+03 -5.865306e-02  5.264681e-02 -3.764056e-02 
 3.570000e+04  3.252852e+03 -5.872429e-02  5.270776e-02 -3.769060e-02 
 3.575000e+04  3.264426e+03 -5.879549e-02  5.276896e-02 -3.774075e-02 
 3.580000e+04  3.276000e+03 -5.886630e-02  5.283030e-02 -3.779094e-02 
 3.585000e+04  3.287574e+03 -5.893705e-02  5.289171e-02 -3.784107e-02 
 3.590000e+04  3.299148e+03 -5.900782e-02  5.295311e-02 -3.789112e-02 
 3.595000e+04  3.310722e+03 -5.907844e-02  5.301452e-02 -3.794101e-02 
 3.600000e+04  3.322296e+03 -5.914871e-02  5.307597e-02 -3.799074e-02 
 3.605000e+04  3.333870e+03 -5.921868e-02  5.313743e-02 -3.804045e-02 
 3.610000e+04  3.345445e+03 -5.928858e-02  5.319869e-02 -3.809014e-02 
 3.615000e+04  3.357019e+03 -5.935844e-02  5.325981e-02 -3.813973e-02 
 3.620000e+04  3.368593e+03 -5.942821e-02  5.332093e-02 -3.818931e-02 
 3.625000e+04  3.380167e+03 -5.949792e-02  5.338216e-02 -3.823891e-02 
 3.630000e+04  3.391741e+03 -5.956765e-02  5.344333e-02 -3.828849e-02 
 3.635000e+04  3.403315e+03 -5.963739e-02  5.350433e-02 -3.833798e-02 
 3.640000e+04  3.414889e+03 -5.970718e-02  5.356518e-02 -3.838743e-02 
 3.645000e+04  3.426463e+03 -5.977693e-02  5.362595e-02 -3.843680e-02 
 3.650000e+04  3.438037e+03 -5.984657e-02  5.368667e-02 -3.848607e-02 
 3.655000e+04  3.449611e+03 -5.991622e-02  5.374725e-02 -3.853529e-02 
 3.660000e+04  3.461185e+03 -5.998590e-02  5.380768e-02 -3.858448e-02 
 3.665000e+04  3.472759e+03 -6.005563e-02  5.386805e-02 -3.863367e-02 
 3.670000e+04  3.484333e+03 -6.012519e-02  5.392842e-02 -3.868288e-02 
 3.675000e+04  3.495908e+03 -6.019458e-02  5.398878e-02 -3.873200e-02 
 3.680000e+04  3.507482e+03 -6.026323e-02  5.404899e-02 -3.878105e-02 
 3.685000e+04  3.519056e+03 -6.033163e-02  5.410913e-02 -3.882997e-02 
 3.690000e+04  3.530630e+03 -6.040016e-02  5.416930e-02 -3.887882e-02 
 3.695000e+04  3.542204e+03 -6.046888e-02  5.422957e-02 -3.892769e-02 
 3.700000e+04  3.553778e+03 -6.053758e-02  5.429006e-02 -3.897656e-02 
 3.705000e+04  3.565352e+03 -6.060619e-02  5.435068e-02 -3.902539e-02 
 3.710000e+04  3.576926e+03 -6.067459e-02  5.441108e-02 -3.907422e-02 
 3.715000e+04  3.588500e+03 -6.074280e-02  5.447106e-02 -3.912296e-02 
 3.720000e+04  3.600074e+03 -6.081094e-02  5.453082e-02 -3.917158e-02 
 3.725000e+04  3.611648e+03 -6.087900e-02  5.459057e-02 -3.922020e-02 
 3.730000e+04  3.623222e+03 -6.094706e-02  5.465031e-02 -3.926879e-02 
 3.735000e+04  3.634796e+03 -6.101512e-02  5.471008e-02 -3.931736e-02 
 3.740000e+04  3.646370e+03 -6.108332e-02  5.476988e-02 -3.936589e-02 
 3.745000e+04  3.657945e+03 -6.115163e-02  5.482955e-02 -3.941440e-02 
 3.750000e+04  3.669519e+03 -6.121994e-02  5.488908e-02 -3.946290e-02 
 3.755000e+04  3.681093e+03 -6.128828e-02  5.494840e-02 -3.951140e-02 
 3.760000e+04  3.692667e+03 -6.135646e-02  5.500761e-02 -3.955985e-02 
 3.765000e+04  3.704241e+03 -6.142429e-02  5.506669e-02 -3.960825e-02 
 3.770000e+04  3.715815e+03 -6.149212e-02  5.512557e-02 -3.965649e-02 
 3.775000e+04  3.727389e+03 -6.155995e-02  5.518444e-02 -3.970471e-02 
 3.780000e+04  3.738963e+03 -6.162778e-02  5.524339e-02 -3.975289e-02 
 3.785000e+04  3.750537e+03 -6.169551e-02  5.530240e-02 -3.980101e-02 
 3.790000e+04  3.762111e+03 -6.176316e-02  5.536137e-02 -3.984911e-02 
 3.795000e+04  3.773685e+03 -6.183063e-02  5.542021e-02 -3.989715e-02 
 3.800000e+04  3.785259e+03 -6.189795e-02  5.547887e-02 -3.994514e-02 
 3.805000e+04  3.796833e+03 -6.196515e-02  5.553753e-02 -3.999316e-02 
 3.810000e+04  3.808408e+03 -6.203224e-02  5.559616e-02 -4.004116e-02 
 3.815000e+04  3.819982e+03 -6.209919e-02  5.565477e-02 -4.008907e-02 
 3.820000e+04  3.831556e+03 -6.216607e-02  5.571303e-02 -4.013695e-02 
 3.825000e+04  3.843130e+03 -6.223291e-02  5.577125e-02 -4.018471e-02 
 3.830000e+04  3.854704e+03 -6.229966e-02  5.582953e-02 -4.023227e-02 
 3.835000e+04  3.866278e+03 -6.236628e-02  5.588783e-02 -4.027972e-02 
 3.840000e+04  3.877852e+03 -6.243286e-02  5.594585e-02 -4.032713e-02 
 3.845000e+04  3.889426e+03 -6.249940e-02  5.600374e-02 -4.037453e-02 
 3.850000e+04  3.901000e+03 -6.256593e-02  5.606165e-02 -4.042190e-02 
 3.855000e+04  3.912574e+03 -6.263247e-02  5.611969e-02 -4.046930e-02 
 3.860000e+04  3.924148e+03 -6.269894e-02  5.617786e-02 -4.051669e-02 
 3.865000e+04  3.935722e+03 -6.276525e-02  5.623616e-02 -4.056391e-02 
 3.870000e+04  3.947296e+03 -6.283148e-02  5.629453e-02 -4.061111e-02 
 3.875000e+04  3.958870e+03 -6.289762e-02  5.635290e-02 -4.065827e-02 
 3.880000e+04  3.970445e+03 -6.296356e-02  5.641128e-02 -4.070526e-02 
 3.885000e+04  3.982019e+03 -6.302947e-02  5.646969e-02 -4.075223e-02 
 3.890000e+04  3.993593e+03 -6.309534e-02  5.652783e-02 -4.079928e-02 
 3.895000e+04  4.005167e+03 -6.316115e-02  5.658581e-02 -4.084630e-02 
 3.900000e+04  4.016741e+03 -6.322687e-02  5.664373e-02 -4.089318e-02 
 3.905000e+04  4.028315e+03 -6.329254e-02  5.670176e-02 -4.094003e-02 
 3.910000e+04  4.039889e+03 -6.335823e-02  5.675989e-02 -4.098679e-02 
 3.915000e+04  4.051463e+03 -6.342385e-02  5.681809e-02 -4.103337e-02 
 3.920000e+04  4.063037e+03 -6.348950e-02  5.687635e-02 -4.107987e-02 
 3.925000e+04  4.074611e+03 -6.355502e-02  5.693472e-02 -4.112644e-02 
 3.930000e+04  4.086185e+03 -6.362019e-02  5.699309e-02 -4.117299e-02 
 3.935000e+04  4.097759e+03 -6.368517e-02  5.705142e-02 -4.121957e-02 
 3.940000e+04  4.109333e+03 -6.374995e-02  5.710969e-02 -4.126611e-02 
 3.945000e+04  4.120908e+03 -6.381472e-02  5.716787e-02 -4.131235e-02 
 3.950000e+04  4.132482e+03 -6.387953e-02  5.722606e-02 -4.135823e-02 
 3.955000e+04  4.144056e+03 -6.394434e-02  5.728441e-02 -4.140414e-02 
 3.960000e+04  4.155630e+03 -6.400901e-02  5.734279e-02 -4.145006e-02 
 3.965000e+04  4.167204e+03 -6.407366e-02  5.740109e-02 -4.149610e-02 
 3.970000e+04  4.178778e+03 -6.413835e-02  5.745935e-02 -4.154230e-02 
 3.975000e+04  4.190352e+03 -6.420293e-02  5.751750e-02 -4.158850e-02 
 3.980000e+04  4.201926e+03 -6.426714e-02  5.757530e-02 -4.163440e-02 
 3.985000e+04  4.213500e+03 -6.433121e-02  5.763281e-02 -4.168021e-02 
 3.990000e+04  4.225074e+03 -6.439526e-02  5.769009e-02 -4.172575e-02 
 3.995000e+04  4.236648e+03 -6.445944e-02  5.774723e-02 -4.177123e-02 
 4.000000e+04  4.248222e+03 -6.452383e-02  5.780448e-02 -4.181685e-02 
 4.005000e+04  4.259796e+03 -6.458845e-02  5.786185e-02 -4.186270e-02 
 4.010000e+04  4.271370e+03 -6.465268e-02  5.791926e-02 -4.190855e-02 
 4.015000e+04  4.282945e+03 -6.471658e-02  5.797657e-02 -4.195424e-02 
 4.020000e+04  4.294519e+03 -6.478045e-02  5.803377e-02 -4.199987e-02 
 4.025000e+04  4.306093e+03 -6.484429e-02  5.809089e-02 -4.204544e-02 
 4.030000e+04  4.317667e+03 -6.490804e-02  5.814795e-02 -4.209095e-02 
 4.035000e+04  4.329241e+03 -6.497166e-02  5.820501e-02 -4.213645e-02 
 4.040000e+04  4.340815e+03 -6.503523e-02  5.826209e-02 -4.218193e-02 
 4.045000e+04  4.352389e+03 -6.509875e-02  5.831901e-02 -4.222730e-02 
 4.050000e+04  4.363963e+03 -6.516215e-02  5.837575e-02 -4.227260e-02 
 4.055000e+04  4.375537e+03 -6.522536e-02  5.843233e-02 -4.231791e-02 
 4.060000e+04  4.387111e+03 -6.528828e-02  5.848861e-02 -4.236319e-02 
 4.065000e+04  4.398685e+03 -6.535112e-02  5.854488e-02 -4.240835e-02 
 4.070000e+04  4.410259e+03 -6.541397e-02  5.860121e-02 -4.245351e-02 
 4.075000e+04  4.421833e+03 -6.547692e-02  5.865731e-02 -4.249861e-02 
 4.080000e+04  4.433408e+03 -6.553989e-02  5.871330e-02 -4.254360e-02 
 4.085000e+04  4.444982e+03 -6.560294e-02  5.876926e-02 -4.258854e-02 
 4.090000e+04  4.456556e+03 -6.566589e-02  5.882521e-02 -4.263351e-02 
 4.095000e+04  4.468130e+03 -6.572870e-02  5.888108e-02 -4.267839e-02 
 4.100000e+04  4.479704e+03 -6.579147e-02  5.893692e-02 -4.272325e-02 
 4.105000e+04  4.491278e+03 -6.585409e-02  5.899280e-02 -4.276815e-02 
 4.110000e+04  4.502852e+03 -6.591649e-02  5.904870e-02 -4.281300e-02 
 4.115000e+04  4.514426e+03 -6.597888e-02  5.910453e-02 -4.285785e-02 
 4.120000e+04  4.526000e+03 -6.604129e-02  5.916039e-02 -4.290267e-02 
 4.125000e+04  4.537574e+03 -6.610375e-02  5.921621e-02 -4.294747e-02 
 4.130000e+04  4.549148e+03 -6.616612e-02  5.927194e-02 -4.299221e-02 
 4.135000e+04  4.560722e+03 -6.622831e-02  5.932770e-02 -4.303693e-02 
 4.140000e+04  4.572296e+03 -6.629043e-02  5.938348e-02 -4.308158e-02 
 4.145000e+04  4.583870e+03 -6.635231e-02  5.943925e-02 -4.312618e-02 
 4.150000e+04  4.595445e+03 -6.641413e-02  5.949497e-02 -4.317078e-02 
 4.155000e+04  4.607019e+03 -6.647597e-02  5.955072e-02 -4.321545e-02 
 4.160000e+04  4.618593e+03 -6.653779e-02  5.960650e-02 -4.326014e-02 
 4.165000e+04  4.630167e+03 -6.659958e-02  5.966221e-02 -4.330474e-02 
 4.170000e+04  4.641741e+03 -6.666128e-02  5.971783e-02 -4.334930e-02 
 4.175000e+04  4.653315e+03 -6.672306e-02  5.977333e-02 -4.339383e-02 
 4.180000e+04  4.664889e+03 -6.678487e-02  5.982874e-02 -4.343836e-02 
 4.185000e+04  4.676463e+03 -6.684652e-02  5.988407e-02 -4.348282e-02 
 4.190000e+04  4.688037e+03 -6.690816e-02  5.993937e-02 -4.352726e-02 
 4.195000e+04  4.699611e+03 -6.696972e-02  5.999440e-02 -4.357174e-02 
 4.200000e+04  4.711185e+03 -6.703129e-02  6.004927e-02 -4.361613e-02 
 4.205000e+04  4.722759e+03 -6.709293e-02  6.010410e-02 -4.366047e-02 
 4.210000e+04  4.734333e+03 -6.715459e-02  6.015886e-02 -4.370486e-02 
 4.215000e+04  4.745908e+03 -6.721631e-02  6.021342e-02 -4.374912e-02 
 4.220000e+04  4.757482e+03 -6.727807e-02  6.026803e-02 -4.379335e-02 
 4.225000e+04  4.769056e+03 -6.733974e-02  6.032281e-02 -4.383767e-02 
 4.230000e+04  4.780630e+03 -6.740136e-02  6.037768e-02 -4.388195e-02 
 4.235000e+04  4.792204e+03 -6.746290e-02  6.043259e-02 -4.392623e-02 
 4.240000e+04  4.803778e+03 -6.752444e-02  6.048752e-02 -4.397048e-02 
 4.245000e+04  4.815352e+03 -6.758588e-02  6.054240e-02 -4.401476e-02 
 4.250000e+04  4.826926e+03 -6.764719e-02  6.059704e-02 -4.405899e-02 
 4.255000e+04  4.838500e+03 -6.770844e-02  6.065147e-02 -4.410310e-02 
 4.260000e+04  4.850074e+03 -6.776967e-02  6.070590e-02 -4.414711e-02 
 4.265000e+04  4.861648e+03 -6.783093e-02  6.076030e-02 -4.419115e-02 
 4.270000e+04  4.873222e+03 -6.789223e-02  6.081476e-02 -4.423520e-02 
 4.275000e+04  4.884796e+03 -6.795348e-02  6.086934e-02 -4.427928e-02 
 4.280000e+04  4.896370e+03 -6.801420e-02  6.092398e-02 -4.432325e-02 
 4.285000e+04  4.907945e+03 -6.807442e-02  6.097863e-02 -4.436713e-02 
 4.290000e+04  4.919519e+03 -6.813473e-02  6.103321e-02 -4.441102e-02 
 4.295000e+04  4.931093e+03 -6.819532e-02  6.108771e-02 -4.445494e-02 
 4.300000e+04  4.942667e+03 -6.825611e-02  6.114222e-02 -4.449888e-02 
 4.305000e+04  4.954241e+03 -6.831700e-02  6.119674e-02 -4.454283e-02 
 4.310000e+04  4.965815e+03 -6.837793e-02  6.125122e-02 -4.458681e-02 
 4.315000e+04  4.977389e+03 -6.843887e-02  6.130555e-02 -4.463077e-02 
 4.320000e+04  4.988963e+03 -6.849980e-02  6.135960e-02 -4.467467e-02 
 4.325000e+04  5.000537e+03 -6.856069e-02  6.141326e-02 -4.471855e-02 
 4.330000e+04  5.012111e+03 -6.862158e-02  6.146687e-02 -4.476236e-02 
 4.335000e+04  5.023685e+03 -6.868250e-02  6.152047e-02 -4.480621e-02 
 4.340000e+04  5.035259e+03 -6.874356e-02  6.157404e-02 -4.485009e-02 
 4.345000e+04  5.046833e+03 -6.880475e-02  6.162745e-02 -4.489390e-02 
 4.350000e+04  5.058408e+03 -6.886605e-02  6.168073e-02 -4.493770e-02 
 4.355000e+04  5.069982e+03 -6.892740e-02  6.173401e-02 -4.498153e-02 
 4.360000e+04  5.081556e+03 -6.898858e-02  6.178732e-02 -4.502540e-02 
 4.365000e+04  5.093130e+03 -6.904955e-02  6.184048e-02 -4.506925e-02 
 4.370000e+04  5.104704e+03 -6.911032e-02  6.189367e-02 -4.511310e-02 
 4.375000e+04  5.116278e+03 -6.917091e-02  6.194695e-02 -4.515688e-02 
 4.380000e+04  5.127852e+03 -6.923140e-02  6.200034e-02 -4.520060e-02 
 4.385000e+04  5.139426e+03 -6.929184e-02  6.205388e-02 -4.524427e-02 
 4.390000e+04  5.151000e+03 -6.935220e-02  6.210754e-02 -4.528793e-02 
 4.395000e+04  5.162574e+03 -6.941242e-02  6.216112e-02 -4.533151e-02 
 4.400000e+04  5.174148e+03 -6.947253e-02  6.221464e-02 -4.537505e-02 
 4.405000e+04  5.185722e+03 -6.953257e-02  6.226812e-02 -4.541854e-02 
 4.410000e+04  5.197296e+03 -6.959242e-02  6.232145e-02 -4.546197e-02 
 4.415000e+04  5.208870e+03 -6.965211e-02  6.237474e-02 -4.550536e-02 
 4.420000e+04  5.220445e+03 -6.971187e-02  6.242776e-02 -4.554880e-02 
 4.425000e+04  5.232019e+03 -6.977177e-02  6.248065e-02 -4.559218e-02 
 4.430000e+04  5.243593e+03 -6.983164e-02  6.253346e-02 -4.563557e-02 
 4.435000e+04  5.255167e+03 -6.989165e-02  6.258622e-02 -4.567877e-02 
 4.440000e+04  5.266741e+03 -6.995178e-02  6.263889e-02 -4.572192e-02 
 4.445000e+04  5.278315e+03 -7.001192e-02  6.269156e-02 -4.576505e-02 
 4.450000e+04  5.289889e+03 -7.007219e-02  6.274408e-02 -4.580818e-02 
