         Step [creep.tim... Z Displace... Z Displace... X Displace... 
------------- ------------- ------------- ------------- ------------- 
 5.250000e+03  1.276223e-07 -4.629353e-03  4.524540e-03 -2.433365e-03 
 5.300000e+03  3.886505e-06 -4.629552e-03  4.524640e-03 -2.433571e-03 
 5.350000e+03  3.094823e-05 -4.630419e-03  4.524787e-03 -2.434201e-03 
 5.400000e+03  1.871076e-04 -4.630791e-03  4.524978e-03 -2.434365e-03 
 5.450000e+03  7.093114e-04 -4.631727e-03  4.526247e-03 -2.436045e-03 
 5.500000e+03  1.329503e-03 -4.634639e-03  4.529196e-03 -2.439351e-03 
 5.550000e+03  2.017939e-03 -4.639639e-03  4.534345e-03 -2.444166e-03 
 5.600000e+03  3.075300e-03 -4.648371e-03  4.543933e-03 -2.451516e-03 
 5.650000e+03  4.541331e-03 -4.659538e-03  4.556887e-03 -2.460544e-03 
 5.700000e+03  6.098320e-03 -4.669055e-03  4.567452e-03 -2.467873e-03 
 5.750000e+03  7.826151e-03 -4.677473e-03  4.575486e-03 -2.474207e-03 
 5.800000e+03  9.553982e-03 -4.685762e-03  4.583041e-03 -2.481045e-03 
 5.850000e+03  1.128181e-02 -4.695431e-03  4.592159e-03 -2.489464e-03 
 5.900000e+03  1.300964e-02 -4.706154e-03  4.603242e-03 -2.499319e-03 
 5.950000e+03  1.491746e-02 -4.718479e-03  4.616712e-03 -2.510997e-03 
 6.000000e+03  1.732322e-02 -4.733372e-03  4.632087e-03 -2.524499e-03 
 6.050000e+03  1.977391e-02 -4.747064e-03  4.644789e-03 -2.534975e-03 
 6.100000e+03  2.243647e-02 -4.760675e-03  4.656538e-03 -2.543999e-03 
 6.150000e+03  2.511690e-02 -4.773868e-03  4.668581e-03 -2.552909e-03 
 6.200000e+03  2.779734e-02 -4.787269e-03  4.681889e-03 -2.563068e-03 
 6.250000e+03  3.047777e-02 -4.801563e-03  4.696866e-03 -2.574921e-03 
 6.300000e+03  3.329824e-02 -4.817006e-03  4.713292e-03 -2.588878e-03 
 6.350000e+03  3.667687e-02 -4.833923e-03  4.730498e-03 -2.604950e-03 
 6.400000e+03  4.025454e-02 -4.848785e-03  4.745681e-03 -2.619003e-03 
 6.450000e+03  4.402618e-02 -4.863525e-03  4.761214e-03 -2.631703e-03 
 6.500000e+03  4.779782e-02 -4.878824e-03  4.777191e-03 -2.643386e-03 
 6.550000e+03  5.156945e-02 -4.894917e-03  4.794094e-03 -2.655355e-03 
 6.600000e+03  5.534109e-02 -4.912087e-03  4.812280e-03 -2.668264e-03 
 6.650000e+03  5.913159e-02 -4.929999e-03  4.831244e-03 -2.682234e-03 
 6.700000e+03  6.313537e-02 -4.946732e-03  4.849060e-03 -2.696737e-03 
 6.750000e+03  6.758725e-02 -4.962411e-03  4.865393e-03 -2.711527e-03 
 6.800000e+03  7.240092e-02 -4.978894e-03  4.882030e-03 -2.726546e-03 
 6.850000e+03  7.721460e-02 -4.995712e-03  4.899069e-03 -2.740648e-03 
 6.900000e+03  8.202827e-02 -5.013150e-03  4.916854e-03 -2.754416e-03 
 6.950000e+03  8.684194e-02 -5.031462e-03  4.935707e-03 -2.768285e-03 
 7.000000e+03  9.194034e-02 -5.051927e-03  4.956591e-03 -2.783039e-03 
 7.050000e+03  9.751277e-02 -5.073334e-03  4.977459e-03 -2.798224e-03 
 7.100000e+03  1.030852e-01 -5.091976e-03  4.995511e-03 -2.812499e-03 
 7.150000e+03  1.087969e-01 -5.109513e-03  5.012944e-03 -2.827253e-03 
 7.200000e+03  1.146480e-01 -5.126966e-03  5.030752e-03 -2.842573e-03 
 7.250000e+03  1.204990e-01 -5.144444e-03  5.048843e-03 -2.857840e-03 
 7.300000e+03  1.265903e-01 -5.163447e-03  5.068244e-03 -2.873537e-03 
 7.350000e+03  1.335127e-01 -5.186099e-03  5.091001e-03 -2.890657e-03 
 7.400000e+03  1.406247e-01 -5.208532e-03  5.113302e-03 -2.906559e-03 
 7.450000e+03  1.477366e-01 -5.229010e-03  5.134003e-03 -2.921244e-03 
 7.500000e+03  1.548486e-01 -5.248577e-03  5.154023e-03 -2.936085e-03 
 7.550000e+03  1.619606e-01 -5.267719e-03  5.173963e-03 -2.951325e-03 
 7.600000e+03  1.690726e-01 -5.286305e-03  5.193652e-03 -2.966981e-03 
 7.650000e+03  1.764737e-01 -5.305464e-03  5.213867e-03 -2.983501e-03 
 7.700000e+03  1.849129e-01 -5.327212e-03  5.236559e-03 -3.001963e-03 
 7.750000e+03  1.935576e-01 -5.349031e-03  5.258748e-03 -3.019123e-03 
 7.800000e+03  2.022023e-01 -5.370329e-03  5.280018e-03 -3.034709e-03 
 7.850000e+03  2.108469e-01 -5.391636e-03  5.301294e-03 -3.049930e-03 
 7.900000e+03  2.194916e-01 -5.412920e-03  5.322665e-03 -3.065241e-03 
 7.950000e+03  2.281363e-01 -5.433789e-03  5.343767e-03 -3.080780e-03 
 8.000000e+03  2.367809e-01 -5.453970e-03  5.364217e-03 -3.096694e-03 
 8.050000e+03  2.463007e-01 -5.475266e-03  5.385638e-03 -3.114322e-03 
 8.100000e+03  2.563080e-01 -5.496523e-03  5.407081e-03 -3.132036e-03 
 8.150000e+03  2.663153e-01 -5.517396e-03  5.428059e-03 -3.148629e-03 
 8.200000e+03  2.763226e-01 -5.538637e-03  5.449201e-03 -3.164394e-03 
 8.250000e+03  2.863298e-01 -5.560326e-03  5.470660e-03 -3.179723e-03 
 8.300000e+03  2.963371e-01 -5.582117e-03  5.492169e-03 -3.194883e-03 
 8.350000e+03  3.063444e-01 -5.603204e-03  5.513277e-03 -3.210097e-03 
 8.400000e+03  3.170637e-01 -5.624421e-03  5.534876e-03 -3.226406e-03 
 8.450000e+03  3.280967e-01 -5.644881e-03  5.556132e-03 -3.243098e-03 
 8.500000e+03  3.391298e-01 -5.664723e-03  5.576732e-03 -3.259520e-03 
 8.550000e+03  3.503393e-01 -5.684953e-03  5.597467e-03 -3.275736e-03 
 8.600000e+03  3.620167e-01 -5.706393e-03  5.619320e-03 -3.292103e-03 
 8.650000e+03  3.741806e-01 -5.729016e-03  5.642275e-03 -3.308573e-03 
 8.700000e+03  3.863445e-01 -5.751486e-03  5.664823e-03 -3.324474e-03 
 8.750000e+03  3.989828e-01 -5.774132e-03  5.687413e-03 -3.340629e-03 
 8.800000e+03  4.117549e-01 -5.796241e-03  5.709510e-03 -3.356890e-03 
 8.850000e+03  4.245270e-01 -5.817510e-03  5.731047e-03 -3.373214e-03 
 8.900000e+03  4.372991e-01 -5.838015e-03  5.752031e-03 -3.389525e-03 
 8.950000e+03  4.510457e-01 -5.859950e-03  5.774333e-03 -3.407025e-03 
 9.000000e+03  4.656480e-01 -5.883376e-03  5.798084e-03 -3.425212e-03 
 9.050000e+03  4.804333e-01 -5.907020e-03  5.821761e-03 -3.442649e-03 
 9.100000e+03  4.952778e-01 -5.930629e-03  5.845080e-03 -3.459252e-03 
 9.150000e+03  5.108023e-01 -5.955140e-03  5.869140e-03 -3.476251e-03 
 9.200000e+03  5.263269e-01 -5.979157e-03  5.892715e-03 -3.493186e-03 
 9.250000e+03  5.418515e-01 -6.002153e-03  5.915627e-03 -3.510270e-03 
 9.300000e+03  5.574537e-01 -6.024479e-03  5.938119e-03 -3.527587e-03 
 9.350000e+03  5.742924e-01 -6.048068e-03  5.962154e-03 -3.546279e-03 
 9.400000e+03  5.914083e-01 -6.071571e-03  5.986307e-03 -3.564728e-03 
 9.450000e+03  6.086782e-01 -6.095193e-03  6.010272e-03 -3.582363e-03 
 9.500000e+03  6.269373e-01 -6.120459e-03  6.035503e-03 -3.600268e-03 
 9.550000e+03  6.458076e-01 -6.146600e-03  6.061391e-03 -3.618417e-03 
 9.600000e+03  6.646778e-01 -6.172115e-03  6.086624e-03 -3.636378e-03 
 9.650000e+03  6.835480e-01 -6.196735e-03  6.111174e-03 -3.654349e-03 
 9.700000e+03  7.024182e-01 -6.220698e-03  6.135245e-03 -3.672467e-03 
 9.750000e+03  7.212884e-01 -6.243963e-03  6.158825e-03 -3.690507e-03 
 9.800000e+03  7.404983e-01 -6.267064e-03  6.182235e-03 -3.708401e-03 
 9.850000e+03  7.617396e-01 -6.292619e-03  6.208022e-03 -3.727591e-03 
 9.900000e+03  7.835843e-01 -6.319127e-03  6.234723e-03 -3.746825e-03 
 9.950000e+03  8.054289e-01 -6.345532e-03  6.261115e-03 -3.765348e-03 
 1.000000e+04  8.275794e-01 -6.371954e-03  6.287255e-03 -3.783665e-03 
 1.005000e+04  8.505162e-01 -6.398985e-03  6.313701e-03 -3.802618e-03 
 1.010000e+04  8.734531e-01 -6.425268e-03  6.339418e-03 -3.821610e-03 
 1.015000e+04  8.963900e-01 -6.450309e-03  6.364263e-03 -3.840545e-03 
 1.020000e+04  9.199462e-01 -6.475385e-03  6.389458e-03 -3.859866e-03 
 1.025000e+04  9.450173e-01 -6.502092e-03  6.416437e-03 -3.880127e-03 
 1.030000e+04  9.703052e-01 -6.529000e-03  6.443637e-03 -3.899842e-03 
 1.035000e+04  9.958713e-01 -6.556119e-03  6.470823e-03 -3.918915e-03 
 1.040000e+04  1.023167e+00 -6.585005e-03  6.499545e-03 -3.938749e-03 
 1.045000e+04  1.051047e+00 -6.614125e-03  6.528234e-03 -3.958865e-03 
 1.050000e+04  1.078927e+00 -6.642178e-03  6.555942e-03 -3.978981e-03 
 1.055000e+04  1.106807e+00 -6.669273e-03  6.582838e-03 -3.999146e-03 
 1.060000e+04  1.134965e+00 -6.696191e-03  6.609767e-03 -4.019507e-03 
 1.065000e+04  1.164239e+00 -6.723805e-03  6.637556e-03 -4.040373e-03 
 1.070000e+04  1.193513e+00 -6.751110e-03  6.665034e-03 -4.060522e-03 
 1.075000e+04  1.224324e+00 -6.779820e-03  6.693903e-03 -4.080983e-03 
 1.080000e+04  1.256599e+00 -6.809922e-03  6.724098e-03 -4.101906e-03 
 1.085000e+04  1.288873e+00 -6.839627e-03  6.753706e-03 -4.122430e-03 
 1.090000e+04  1.321147e+00 -6.868677e-03  6.782433e-03 -4.142801e-03 
 1.095000e+04  1.353422e+00 -6.897197e-03  6.810371e-03 -4.163273e-03 
 1.100000e+04  1.385696e+00 -6.925107e-03  6.837771e-03 -4.183822e-03 
 1.105000e+04  1.417971e+00 -6.952186e-03  6.864621e-03 -4.204161e-03 
 1.110000e+04  1.451749e+00 -6.980186e-03  6.892495e-03 -4.224886e-03 
 1.115000e+04  1.487332e+00 -7.009776e-03  6.922009e-03 -4.246176e-03 
 1.120000e+04  1.522915e+00 -7.039407e-03  6.951541e-03 -4.266841e-03 
 1.125000e+04  1.558604e+00 -7.068787e-03  6.980777e-03 -4.287008e-03 
 1.130000e+04  1.596713e+00 -7.099769e-03  7.011459e-03 -4.308317e-03 
 1.135000e+04  1.635943e+00 -7.131089e-03  7.042356e-03 -4.330329e-03 
 1.140000e+04  1.675173e+00 -7.161377e-03  7.072256e-03 -4.352322e-03 
 1.145000e+04  1.714402e+00 -7.190840e-03  7.101359e-03 -4.374204e-03 
 1.150000e+04  1.755201e+00 -7.221274e-03  7.131483e-03 -4.396657e-03 
 1.155000e+04  1.796393e+00 -7.251898e-03  7.161925e-03 -4.418795e-03 
 1.160000e+04  1.837584e+00 -7.282293e-03  7.192258e-03 -4.440262e-03 
 1.165000e+04  1.880862e+00 -7.313950e-03  7.223964e-03 -4.462203e-03 
 1.170000e+04  1.926275e+00 -7.346953e-03  7.256922e-03 -4.484966e-03 
 1.175000e+04  1.971689e+00 -7.379310e-03  7.289128e-03 -4.507570e-03 
 1.180000e+04  2.017102e+00 -7.410842e-03  7.320337e-03 -4.530058e-03 
 1.185000e+04  2.063560e+00 -7.442640e-03  7.351566e-03 -4.553048e-03 
 1.190000e+04  2.111244e+00 -7.474918e-03  7.383224e-03 -4.576525e-03 
 1.195000e+04  2.158928e+00 -7.506659e-03  7.414449e-03 -4.599530e-03 
 1.200000e+04  2.206612e+00 -7.538075e-03  7.445444e-03 -4.621908e-03 
 1.205000e+04  2.256490e+00 -7.570982e-03  7.477952e-03 -4.644774e-03 
 1.210000e+04  2.306558e+00 -7.603812e-03  7.510439e-03 -4.667275e-03 
 1.215000e+04  2.356627e+00 -7.636078e-03  7.542357e-03 -4.689465e-03 
 1.220000e+04  2.408460e+00 -7.668852e-03  7.574663e-03 -4.712342e-03 
 1.225000e+04  2.463660e+00 -7.703237e-03  7.608501e-03 -4.736817e-03 
 1.230000e+04  2.518860e+00 -7.736805e-03  7.641542e-03 -4.761180e-03 
 1.235000e+04  2.574061e+00 -7.769777e-03  7.673930e-03 -4.785042e-03 
 1.240000e+04  2.630420e+00 -7.803392e-03  7.706958e-03 -4.808913e-03 
 1.245000e+04  2.688381e+00 -7.837958e-03  7.740895e-03 -4.832971e-03 
 1.250000e+04  2.746341e+00 -7.872062e-03  7.774589e-03 -4.856482e-03 
 1.255000e+04  2.804301e+00 -7.905610e-03  7.807823e-03 -4.879653e-03 
 1.260000e+04  2.865044e+00 -7.940348e-03  7.842310e-03 -4.903903e-03 
 1.265000e+04  2.925902e+00 -7.974535e-03  7.876255e-03 -4.928070e-03 
 1.270000e+04  2.986760e+00 -8.007957e-03  7.909299e-03 -4.951986e-03 
 1.275000e+04  3.049810e+00 -8.042296e-03  7.943023e-03 -4.976510e-03 
 1.280000e+04  3.113711e+00 -8.077019e-03  7.976962e-03 -5.001118e-03 
 1.285000e+04  3.177612e+00 -8.111317e-03  8.010591e-03 -5.025234e-03 
 1.290000e+04  3.242152e+00 -8.145546e-03  8.044185e-03 -5.048995e-03 
 1.295000e+04  3.310255e+00 -8.181532e-03  8.079499e-03 -5.073775e-03 
 1.300000e+04  3.380706e+00 -8.218392e-03  8.115752e-03 -5.099162e-03 
 1.305000e+04  3.451157e+00 -8.254410e-03  8.151216e-03 -5.124281e-03 
 1.310000e+04  3.522595e+00 -8.290302e-03  8.186548e-03 -5.149596e-03 
 1.315000e+04  3.597086e+00 -8.327347e-03  8.222963e-03 -5.175916e-03 
 1.320000e+04  3.674759e+00 -8.365495e-03  8.260376e-03 -5.203057e-03 
 1.325000e+04  3.752431e+00 -8.403216e-03  8.297277e-03 -5.229579e-03 
 1.330000e+04  3.832589e+00 -8.441960e-03  8.335044e-03 -5.256378e-03 
 1.335000e+04  3.914145e+00 -8.481200e-03  8.373291e-03 -5.283295e-03 
 1.340000e+04  3.995701e+00 -8.519755e-03  8.411012e-03 -5.309829e-03 
 1.345000e+04  4.077257e+00 -8.557583e-03  8.448104e-03 -5.336104e-03 
 1.350000e+04  4.161912e+00 -8.596312e-03  8.486252e-03 -5.363316e-03 
 1.355000e+04  4.247546e+00 -8.634941e-03  8.524397e-03 -5.390652e-03 
 1.360000e+04  4.333180e+00 -8.672934e-03  8.561893e-03 -5.417590e-03 
 1.365000e+04  4.422890e+00 -8.712473e-03  8.600670e-03 -5.445323e-03 
 1.370000e+04  4.517301e+00 -8.754015e-03  8.641191e-03 -5.474134e-03 
 1.375000e+04  4.611712e+00 -8.795125e-03  8.681187e-03 -5.502447e-03 
 1.380000e+04  4.706124e+00 -8.835542e-03  8.720541e-03 -5.530309e-03 
 1.385000e+04  4.800535e+00 -8.875535e-03  8.759550e-03 -5.557945e-03 
 1.390000e+04  4.894946e+00 -8.915058e-03  8.798175e-03 -5.585488e-03 
 1.395000e+04  4.989357e+00 -8.953846e-03  8.836185e-03 -5.612708e-03 
 1.400000e+04  5.088447e+00 -8.993986e-03  8.875631e-03 -5.640914e-03 
 1.405000e+04  5.192535e+00 -9.035992e-03  8.916813e-03 -5.670233e-03 
 1.410000e+04  5.296624e+00 -9.077657e-03  8.957459e-03 -5.699174e-03 
 1.415000e+04  5.400712e+00 -9.118783e-03  8.997390e-03 -5.727583e-03 
 1.420000e+04  5.508131e+00 -9.160892e-03  9.038138e-03 -5.756482e-03 
 1.425000e+04  5.617424e+00 -9.203370e-03  9.079297e-03 -5.785702e-03 
 1.430000e+04  5.726717e+00 -9.245095e-03  9.119882e-03 -5.814615e-03 
 1.435000e+04  5.836010e+00 -9.286077e-03  9.159890e-03 -5.843251e-03 
 1.440000e+04  5.948144e+00 -9.327691e-03  9.200645e-03 -5.872430e-03 
 1.445000e+04  6.062902e+00 -9.369866e-03  9.242082e-03 -5.901960e-03 
 1.450000e+04  6.177659e+00 -9.411467e-03  9.283030e-03 -5.930966e-03 
 1.455000e+04  6.295745e+00 -9.453984e-03  9.324651e-03 -5.960377e-03 
 1.460000e+04  6.416240e+00 -9.497217e-03  9.366743e-03 -5.990090e-03 
 1.465000e+04  6.536735e+00 -9.539978e-03  9.408205e-03 -6.019497e-03 
 1.470000e+04  6.657231e+00 -9.582034e-03  9.448896e-03 -6.048578e-03 
 1.475000e+04  6.777726e+00 -9.623640e-03  9.489229e-03 -6.077459e-03 
 1.480000e+04  6.898222e+00 -9.664849e-03  9.529285e-03 -6.106187e-03 
 1.485000e+04  7.018717e+00 -9.705475e-03  9.568918e-03 -6.134537e-03 
 1.490000e+04  7.144074e+00 -9.747351e-03  9.609745e-03 -6.163552e-03 
 1.495000e+04  7.276920e+00 -9.791593e-03  9.652737e-03 -6.194005e-03 
 1.500000e+04  7.409767e+00 -9.835396e-03  9.695316e-03 -6.224165e-03 
 1.505000e+04  7.542613e+00 -9.878611e-03  9.737176e-03 -6.253901e-03 
 1.510000e+04  7.680507e+00 -9.923031e-03  9.780072e-03 -6.284431e-03 
 1.515000e+04  7.819995e+00 -9.967675e-03  9.823032e-03 -6.315169e-03 
 1.520000e+04  7.959484e+00 -1.001159e-02  9.865428e-03 -6.345603e-03 
 1.525000e+04  8.099530e+00 -1.005495e-02  9.907558e-03 -6.375818e-03 
 1.530000e+04  8.245993e+00 -1.010000e-02  9.951458e-03 -6.407136e-03 
 1.535000e+04  8.392456e+00 -1.014469e-02  9.995077e-03 -6.438071e-03 
 1.540000e+04  8.538919e+00 -1.018883e-02  1.003815e-02 -6.468536e-03 
 1.545000e+04  8.692785e+00 -1.023481e-02  1.008295e-02 -6.500205e-03 
 1.550000e+04  8.854261e+00 -1.028278e-02  1.012949e-02 -6.533139e-03 
 1.555000e+04  9.015736e+00 -1.033015e-02  1.017529e-02 -6.565740e-03 
 1.560000e+04  9.177211e+00 -1.037681e-02  1.022035e-02 -6.598026e-03 
 1.565000e+04  9.338687e+00 -1.042307e-02  1.026503e-02 -6.630094e-03 
 1.570000e+04  9.500162e+00 -1.046886e-02  1.030941e-02 -6.661871e-03 
 1.575000e+04  9.661637e+00 -1.051409e-02  1.035339e-02 -6.693207e-03 
 1.580000e+04  9.824243e+00 -1.055922e-02  1.039729e-02 -6.724307e-03 
 1.585000e+04  9.993792e+00 -1.060606e-02  1.044279e-02 -6.756466e-03 
 1.590000e+04  1.016334e+01 -1.065251e-02  1.048775e-02 -6.788377e-03 
 1.595000e+04  1.033289e+01 -1.069840e-02  1.053197e-02 -6.819916e-03 
 1.600000e+04  1.051201e+01 -1.074642e-02  1.057813e-02 -6.852933e-03 
 1.605000e+04  1.069894e+01 -1.079616e-02  1.062585e-02 -6.887161e-03 
 1.610000e+04  1.088587e+01 -1.084530e-02  1.067296e-02 -6.921013e-03 
 1.615000e+04  1.107279e+01 -1.089384e-02  1.071959e-02 -6.954418e-03 
 1.620000e+04  1.125972e+01 -1.094195e-02  1.076598e-02 -6.987520e-03 
 1.625000e+04  1.144665e+01 -1.098962e-02  1.081214e-02 -7.020326e-03 
 1.630000e+04  1.163358e+01 -1.103668e-02  1.085783e-02 -7.052723e-03 
 1.635000e+04  1.183379e+01 -1.108668e-02  1.090619e-02 -7.087074e-03 
 1.640000e+04  1.203987e+01 -1.113783e-02  1.095544e-02 -7.122176e-03 
 1.645000e+04  1.224596e+01 -1.118837e-02  1.100407e-02 -7.156946e-03 
 1.650000e+04  1.245205e+01 -1.123823e-02  1.105203e-02 -7.191284e-03 
 1.655000e+04  1.266597e+01 -1.128953e-02  1.110139e-02 -7.226665e-03 
 1.660000e+04  1.288236e+01 -1.134095e-02  1.115101e-02 -7.262131e-03 
 1.665000e+04  1.309875e+01 -1.139174e-02  1.120017e-02 -7.297154e-03 
 1.670000e+04  1.331926e+01 -1.144300e-02  1.124982e-02 -7.332400e-03 
 1.675000e+04  1.355306e+01 -1.149701e-02  1.130210e-02 -7.369440e-03 
 1.680000e+04  1.379163e+01 -1.155159e-02  1.135480e-02 -7.406917e-03 
 1.685000e+04  1.403020e+01 -1.160550e-02  1.140665e-02 -7.443926e-03 
 1.690000e+04  1.427331e+01 -1.165993e-02  1.145886e-02 -7.481295e-03 
 1.695000e+04  1.452381e+01 -1.171567e-02  1.151211e-02 -7.519536e-03 
 1.700000e+04  1.477431e+01 -1.177073e-02  1.156473e-02 -7.557341e-03 
 1.705000e+04  1.502481e+01 -1.182520e-02  1.161680e-02 -7.594655e-03 
 1.710000e+04  1.528358e+01 -1.188101e-02  1.167025e-02 -7.632819e-03 
 1.715000e+04  1.554661e+01 -1.193722e-02  1.172419e-02 -7.671244e-03 
 1.720000e+04  1.580963e+01 -1.199265e-02  1.177755e-02 -7.709264e-03 
 1.725000e+04  1.608029e+01 -1.204910e-02  1.183182e-02 -7.747964e-03 
 1.730000e+04  1.637000e+01 -1.210914e-02  1.188934e-02 -7.789035e-03 
 1.735000e+04  1.665998e+01 -1.216856e-02  1.194621e-02 -7.829767e-03 
 1.740000e+04  1.694997e+01 -1.222714e-02  1.200233e-02 -7.869999e-03 
 1.745000e+04  1.723996e+01 -1.228518e-02  1.205791e-02 -7.909823e-03 
 1.750000e+04  1.752994e+01 -1.234274e-02  1.211311e-02 -7.949325e-03 
 1.755000e+04  1.781993e+01 -1.239962e-02  1.216777e-02 -7.988344e-03 
 1.760000e+04  1.811543e+01 -1.245696e-02  1.222292e-02 -8.027604e-03 
 1.765000e+04  1.843057e+01 -1.251775e-02  1.228137e-02 -8.069146e-03 
 1.770000e+04  1.875028e+01 -1.257878e-02  1.233998e-02 -8.110955e-03 
 1.775000e+04  1.906999e+01 -1.263906e-02  1.239768e-02 -8.152246e-03 
 1.780000e+04  1.940121e+01 -1.270093e-02  1.245678e-02 -8.194592e-03 
 1.785000e+04  1.973690e+01 -1.276320e-02  1.251618e-02 -8.237153e-03 
 1.790000e+04  2.007260e+01 -1.282478e-02  1.257486e-02 -8.279199e-03 
 1.795000e+04  2.040830e+01 -1.288569e-02  1.263287e-02 -8.320716e-03 
 1.800000e+04  2.075037e+01 -1.294726e-02  1.269157e-02 -8.362687e-03 
 1.805000e+04  2.110285e+01 -1.301003e-02  1.275152e-02 -8.405573e-03 
 1.810000e+04  2.145533e+01 -1.307202e-02  1.281079e-02 -8.447953e-03 
 1.815000e+04  2.182191e+01 -1.313591e-02  1.287180e-02 -8.491565e-03 
 1.820000e+04  2.220941e+01 -1.320299e-02  1.293571e-02 -8.537270e-03 
 1.825000e+04  2.259802e+01 -1.326948e-02  1.299894e-02 -8.582577e-03 
 1.830000e+04  2.298663e+01 -1.333514e-02  1.306142e-02 -8.627339e-03 
 1.835000e+04  2.338690e+01 -1.340222e-02  1.312517e-02 -8.673041e-03 
 1.840000e+04  2.379494e+01 -1.346992e-02  1.318955e-02 -8.719187e-03 
 1.845000e+04  2.420298e+01 -1.353673e-02  1.325320e-02 -8.764778e-03 
 1.850000e+04  2.461387e+01 -1.360334e-02  1.331672e-02 -8.810154e-03 
 1.855000e+04  2.504231e+01 -1.367220e-02  1.338239e-02 -8.857041e-03 
 1.860000e+04  2.547076e+01 -1.374029e-02  1.344739e-02 -8.903460e-03 
 1.865000e+04  2.590305e+01 -1.380819e-02  1.351215e-02 -8.949741e-03 
 1.870000e+04  2.636596e+01 -1.388033e-02  1.358077e-02 -8.998835e-03 
 1.875000e+04  2.683832e+01 -1.395333e-02  1.365003e-02 -9.048426e-03 
 1.880000e+04  2.731068e+01 -1.402538e-02  1.371840e-02 -9.097427e-03 
 1.885000e+04  2.778304e+01 -1.409667e-02  1.378597e-02 -9.145826e-03 
 1.890000e+04  2.827712e+01 -1.417059e-02  1.385602e-02 -9.196005e-03 
 1.895000e+04  2.877310e+01 -1.424393e-02  1.392562e-02 -9.245900e-03 
 1.900000e+04  2.926907e+01 -1.431638e-02  1.399444e-02 -9.295138e-03 
 1.905000e+04  2.980041e+01 -1.439335e-02  1.406748e-02 -9.347298e-03 
 1.910000e+04  3.034722e+01 -1.447189e-02  1.414185e-02 -9.400466e-03 
 1.915000e+04  3.089404e+01 -1.454939e-02  1.421518e-02 -9.453049e-03 
 1.920000e+04  3.144085e+01 -1.462592e-02  1.428758e-02 -9.504985e-03 
 1.925000e+04  3.201500e+01 -1.470562e-02  1.436288e-02 -9.558939e-03 
 1.930000e+04  3.258916e+01 -1.478450e-02  1.443738e-02 -9.612301e-03 
 1.935000e+04  3.316331e+01 -1.486236e-02  1.451099e-02 -9.665012e-03 
 1.940000e+04  3.376298e+01 -1.494286e-02  1.458714e-02 -9.719431e-03 
 1.945000e+04  3.439599e+01 -1.502702e-02  1.466671e-02 -9.776366e-03 
 1.950000e+04  3.502899e+01 -1.511002e-02  1.474528e-02 -9.832631e-03 
 1.955000e+04  3.566200e+01 -1.519202e-02  1.482283e-02 -9.888159e-03 
 1.960000e+04  3.632475e+01 -1.527719e-02  1.490317e-02 -9.945649e-03 
 1.965000e+04  3.698941e+01 -1.536164e-02  1.498288e-02 -1.000268e-02 
 1.970000e+04  3.765406e+01 -1.544499e-02  1.506149e-02 -1.005897e-02 
 1.975000e+04  3.833201e+01 -1.552916e-02  1.514082e-02 -1.011572e-02 
 1.980000e+04  3.902989e+01 -1.561490e-02  1.522166e-02 -1.017364e-02 
 1.985000e+04  3.972778e+01 -1.569964e-02  1.530150e-02 -1.023082e-02 
 1.990000e+04  4.043195e+01 -1.578420e-02  1.538115e-02 -1.028777e-02 
 1.995000e+04  4.119477e+01 -1.587499e-02  1.546650e-02 -1.034877e-02 
 2.000000e+04  4.196420e+01 -1.596557e-02  1.555158e-02 -1.040968e-02 
 2.005000e+04  4.273362e+01 -1.605491e-02  1.563550e-02 -1.046984e-02 
 2.010000e+04  4.352612e+01 -1.614592e-02  1.572083e-02 -1.053102e-02 
 2.015000e+04  4.433401e+01 -1.623783e-02  1.580688e-02 -1.059273e-02 
 2.020000e+04  4.514190e+01 -1.632862e-02  1.589193e-02 -1.065369e-02 
 2.025000e+04  4.596518e+01 -1.641998e-02  1.597754e-02 -1.071496e-02 
 2.030000e+04  4.685588e+01 -1.651786e-02  1.606919e-02 -1.078056e-02 
 2.035000e+04  4.774658e+01 -1.661449e-02  1.615979e-02 -1.084542e-02 
 2.040000e+04  4.863728e+01 -1.670983e-02  1.624919e-02 -1.090940e-02 
 2.045000e+04  4.955292e+01 -1.680676e-02  1.633994e-02 -1.097431e-02 
 2.050000e+04  5.048816e+01 -1.690470e-02  1.643160e-02 -1.103990e-02 
 2.055000e+04  5.142339e+01 -1.700139e-02  1.652212e-02 -1.110468e-02 
 2.060000e+04  5.237266e+01 -1.709828e-02  1.661277e-02 -1.116954e-02 
 2.065000e+04  5.339786e+01 -1.720191e-02  1.670961e-02 -1.123881e-02 
 2.070000e+04  5.442896e+01 -1.730493e-02  1.680585e-02 -1.130768e-02 
 2.075000e+04  5.546006e+01 -1.740651e-02  1.690076e-02 -1.137558e-02 
 2.080000e+04  5.651796e+01 -1.750955e-02  1.699686e-02 -1.144425e-02 
 2.085000e+04  5.760061e+01 -1.761388e-02  1.709411e-02 -1.151378e-02 
 2.090000e+04  5.868327e+01 -1.771685e-02  1.719003e-02 -1.158245e-02 
 2.095000e+04  5.979082e+01 -1.782088e-02  1.728680e-02 -1.165177e-02 
 2.100000e+04  6.097762e+01 -1.793123e-02  1.738936e-02 -1.172518e-02 
 2.105000e+04  6.217125e+01 -1.804091e-02  1.749118e-02 -1.179804e-02 
 2.110000e+04  6.336487e+01 -1.814909e-02  1.759150e-02 -1.186982e-02 
 2.115000e+04  6.459908e+01 -1.825958e-02  1.769388e-02 -1.194307e-02 
 2.120000e+04  6.585238e+01 -1.837042e-02  1.779663e-02 -1.201664e-02 
 2.125000e+04  6.710569e+01 -1.847971e-02  1.789799e-02 -1.208922e-02 
 2.130000e+04  6.839696e+01 -1.859093e-02  1.800106e-02 -1.216294e-02 
 2.135000e+04  6.977873e+01 -1.870865e-02  1.811012e-02 -1.224089e-02 
 2.140000e+04  7.116050e+01 -1.882483e-02  1.821766e-02 -1.231779e-02 
 2.145000e+04  7.254227e+01 -1.893935e-02  1.832366e-02 -1.239356e-02 
 2.150000e+04  7.397240e+01 -1.905642e-02  1.843184e-02 -1.247090e-02 
 2.155000e+04  7.542326e+01 -1.917374e-02  1.854023e-02 -1.254839e-02 
 2.160000e+04  7.687411e+01 -1.928941e-02  1.864717e-02 -1.262483e-02 
 2.165000e+04  7.836705e+01 -1.940691e-02  1.875572e-02 -1.270237e-02 
 2.170000e+04  7.995748e+01 -1.953067e-02  1.886992e-02 -1.278396e-02 
 2.175000e+04  8.155705e+01 -1.965349e-02  1.898320e-02 -1.286489e-02 
 2.180000e+04  8.315662e+01 -1.977454e-02  1.909482e-02 -1.294458e-02 
 2.185000e+04  8.483296e+01 -1.989989e-02  1.921010e-02 -1.302695e-02 
 2.190000e+04  8.651251e+01 -2.002394e-02  1.932400e-02 -1.310840e-02 
 2.195000e+04  8.819206e+01 -2.014624e-02  1.943630e-02 -1.318865e-02 
 2.200000e+04  8.995466e+01 -2.027291e-02  1.955243e-02 -1.327170e-02 
 2.205000e+04  9.180636e+01 -2.040440e-02  1.967288e-02 -1.335783e-02 
 2.210000e+04  9.365807e+01 -2.053401e-02  1.979166e-02 -1.344271e-02 
 2.215000e+04  9.552273e+01 -2.066262e-02  1.990944e-02 -1.352682e-02 
 2.220000e+04  9.750785e+01 -2.079773e-02  2.003306e-02 -1.361512e-02 
 2.225000e+04  9.954935e+01 -2.093484e-02  2.015849e-02 -1.370471e-02 
 2.230000e+04  1.015909e+02 -2.106988e-02  2.028203e-02 -1.379289e-02 
 2.235000e+04  1.036732e+02 -2.120568e-02  2.040602e-02 -1.388146e-02 
 2.240000e+04  1.058168e+02 -2.134359e-02  2.053183e-02 -1.397136e-02 
 2.245000e+04  1.079603e+02 -2.147946e-02  2.065583e-02 -1.405986e-02 
 2.250000e+04  1.101757e+02 -2.161783e-02  2.078202e-02 -1.414989e-02 
 2.255000e+04  1.125390e+02 -2.176355e-02  2.091480e-02 -1.424462e-02 
 2.260000e+04  1.149023e+02 -2.190715e-02  2.104557e-02 -1.433795e-02 
 2.265000e+04  1.172656e+02 -2.204847e-02  2.117418e-02 -1.442973e-02 
 2.270000e+04  1.198389e+02 -2.220020e-02  2.131203e-02 -1.452810e-02 
 2.275000e+04  1.224444e+02 -2.235173e-02  2.144954e-02 -1.462626e-02 
 2.280000e+04  1.250499e+02 -2.250087e-02  2.158475e-02 -1.472275e-02 
 2.285000e+04  1.277137e+02 -2.265104e-02  2.172059e-02 -1.481970e-02 
 2.290000e+04  1.305863e+02 -2.281069e-02  2.186484e-02 -1.492278e-02 
 2.295000e+04  1.334589e+02 -2.296780e-02  2.200683e-02 -1.502422e-02 
 2.300000e+04  1.363315e+02 -2.312232e-02  2.214637e-02 -1.512381e-02 
 2.305000e+04  1.394269e+02 -2.328629e-02  2.229427e-02 -1.522935e-02 
 2.310000e+04  1.425939e+02 -2.345153e-02  2.244322e-02 -1.533567e-02 
 2.315000e+04  1.457609e+02 -2.361389e-02  2.258959e-02 -1.544010e-02 
 2.320000e+04  1.490071e+02 -2.377757e-02  2.273692e-02 -1.554521e-02 
 2.325000e+04  1.523325e+02 -2.394263e-02  2.288537e-02 -1.565115e-02 
 2.330000e+04  1.556579e+02 -2.410489e-02  2.303128e-02 -1.575529e-02 
 2.335000e+04  1.591356e+02 -2.427174e-02  2.318120e-02 -1.586223e-02 
 2.340000e+04  1.629045e+02 -2.444988e-02  2.334114e-02 -1.597633e-02 
 2.345000e+04  1.667541e+02 -2.462883e-02  2.350181e-02 -1.609088e-02 
 2.350000e+04  1.706036e+02 -2.480450e-02  2.365934e-02 -1.620315e-02 
 2.355000e+04  1.745610e+02 -2.498186e-02  2.381810e-02 -1.631638e-02 
 2.360000e+04  1.786030e+02 -2.515999e-02  2.397738e-02 -1.643004e-02 
 2.365000e+04  1.826450e+02 -2.533498e-02  2.413370e-02 -1.654161e-02 
 2.370000e+04  1.869419e+02 -2.551783e-02  2.429674e-02 -1.665803e-02 
 2.375000e+04  1.913983e+02 -2.570446e-02  2.446296e-02 -1.677675e-02 
 2.380000e+04  1.958546e+02 -2.588774e-02  2.462613e-02 -1.689325e-02 
 2.385000e+04  2.003288e+02 -2.606828e-02  2.478671e-02 -1.700783e-02 
 2.390000e+04  2.052185e+02 -2.626208e-02  2.495901e-02 -1.713073e-02 
 2.395000e+04  2.101316e+02 -2.645333e-02  2.512902e-02 -1.725208e-02 
 2.400000e+04  2.150447e+02 -2.664094e-02  2.529568e-02 -1.737104e-02 
 2.405000e+04  2.201824e+02 -2.683346e-02  2.546644e-02 -1.749298e-02 
 2.410000e+04  2.255991e+02 -2.703296e-02  2.564320e-02 -1.761923e-02 
 2.415000e+04  2.310158e+02 -2.722864e-02  2.581648e-02 -1.774295e-02 
 2.420000e+04  2.364325e+02 -2.742048e-02  2.598612e-02 -1.786408e-02 
 2.425000e+04  2.422750e+02 -2.762354e-02  2.616548e-02 -1.799222e-02 
 2.430000e+04  2.482469e+02 -2.782724e-02  2.634542e-02 -1.812078e-02 
 2.435000e+04  2.542188e+02 -2.802688e-02  2.652167e-02 -1.824667e-02 
 2.440000e+04  2.602505e+02 -2.822452e-02  2.669594e-02 -1.837118e-02 
 2.445000e+04  2.665210e+02 -2.842613e-02  2.687352e-02 -1.849815e-02 
 2.450000e+04  2.727915e+02 -2.862384e-02  2.704754e-02 -1.862255e-02 
 2.455000e+04  2.794238e+02 -2.882897e-02  2.722783e-02 -1.875146e-02 
 2.460000e+04  2.863371e+02 -2.903892e-02  2.741215e-02 -1.888338e-02 
 2.465000e+04  2.932503e+02 -2.924473e-02  2.759267e-02 -1.901264e-02 
 2.470000e+04  3.001636e+02 -2.944622e-02  2.776929e-02 -1.913905e-02 
 2.475000e+04  3.075905e+02 -2.965835e-02  2.795505e-02 -1.927207e-02 
 2.480000e+04  3.152123e+02 -2.987185e-02  2.814200e-02 -1.940601e-02 
 2.485000e+04  3.228342e+02 -3.008094e-02  2.832499e-02 -1.953715e-02 
 2.490000e+04  3.307381e+02 -3.029336e-02  2.851058e-02 -1.967023e-02 
 2.495000e+04  3.387410e+02 -3.050421e-02  2.869458e-02 -1.980225e-02 
 2.500000e+04  3.467440e+02 -3.071065e-02  2.887463e-02 -1.993146e-02 
 2.505000e+04  3.554580e+02 -3.093083e-02  2.906649e-02 -2.006915e-02 
 2.510000e+04  3.642812e+02 -3.114937e-02  2.925683e-02 -2.020586e-02 
 2.515000e+04  3.731045e+02 -3.136325e-02  2.944309e-02 -2.033975e-02 
 2.520000e+04  3.819542e+02 -3.157307e-02  2.962574e-02 -2.047105e-02 
 2.525000e+04  3.915429e+02 -3.179565e-02  2.981942e-02 -2.061026e-02 
 2.530000e+04  4.012705e+02 -3.201698e-02  3.001189e-02 -2.074867e-02 
 2.535000e+04  4.109981e+02 -3.223357e-02  3.020003e-02 -2.088410e-02 
 2.540000e+04  4.207258e+02 -3.244548e-02  3.038383e-02 -2.101655e-02 
 2.545000e+04  4.309300e+02 -3.266307e-02  3.057242e-02 -2.115254e-02 
 2.550000e+04  4.414403e+02 -3.288247e-02  3.076253e-02 -2.128963e-02 
 2.555000e+04  4.521650e+02 -3.310174e-02  3.095241e-02 -2.142662e-02 
 2.560000e+04  4.628897e+02 -3.331634e-02  3.113817e-02 -2.156077e-02 
 2.565000e+04  4.740756e+02 -3.353537e-02  3.132767e-02 -2.169771e-02 
 2.570000e+04  4.853365e+02 -3.375119e-02  3.151431e-02 -2.183261e-02 
 2.575000e+04  4.969043e+02 -3.396816e-02  3.170181e-02 -2.196822e-02 
 2.580000e+04  5.084784e+02 -3.418068e-02  3.188524e-02 -2.210094e-02 
 2.585000e+04  5.200525e+02 -3.438865e-02  3.206434e-02 -2.223065e-02 
 2.590000e+04  5.316266e+02 -3.459217e-02  3.223933e-02 -2.235773e-02 
 2.595000e+04  5.432006e+02 -3.479138e-02  3.241080e-02 -2.248231e-02 
 2.600000e+04  5.547747e+02 -3.498656e-02  3.257904e-02 -2.260447e-02 
 2.605000e+04  5.663488e+02 -3.517800e-02  3.274410e-02 -2.272432e-02 
 2.610000e+04  5.779229e+02 -3.536585e-02  3.290610e-02 -2.284194e-02 
 2.615000e+04  5.894969e+02 -3.555014e-02  3.306513e-02 -2.295740e-02 
 2.620000e+04  6.010710e+02 -3.573095e-02  3.322123e-02 -2.307075e-02 
 2.625000e+04  6.126451e+02 -3.590839e-02  3.337440e-02 -2.318206e-02 
 2.630000e+04  6.242192e+02 -3.608272e-02  3.352474e-02 -2.329145e-02 
 2.635000e+04  6.357932e+02 -3.625407e-02  3.367237e-02 -2.339898e-02 
 2.640000e+04  6.473673e+02 -3.642250e-02  3.381739e-02 -2.350466e-02 
 2.645000e+04  6.589414e+02 -3.658814e-02  3.395983e-02 -2.360855e-02 
 2.650000e+04  6.705155e+02 -3.675113e-02  3.409984e-02 -2.371078e-02 
 2.655000e+04  6.820895e+02 -3.691154e-02  3.423756e-02 -2.381145e-02 
 2.660000e+04  6.936636e+02 -3.706943e-02  3.437304e-02 -2.391051e-02 
 2.665000e+04  7.052377e+02 -3.722486e-02  3.450631e-02 -2.400803e-02 
 2.670000e+04  7.168118e+02 -3.737789e-02  3.463745e-02 -2.410413e-02 
 2.675000e+04  7.283858e+02 -3.752854e-02  3.476656e-02 -2.419883e-02 
 2.680000e+04  7.399599e+02 -3.767691e-02  3.489372e-02 -2.429210e-02 
 2.685000e+04  7.515340e+02 -3.782304e-02  3.501905e-02 -2.438401e-02 
 2.690000e+04  7.631081e+02 -3.796698e-02  3.514253e-02 -2.447459e-02 
 2.695000e+04  7.746821e+02 -3.810879e-02  3.526419e-02 -2.456388e-02 
 2.700000e+04  7.862562e+02 -3.824854e-02  3.538411e-02 -2.465196e-02 
 2.705000e+04  7.978303e+02 -3.838628e-02  3.550238e-02 -2.473884e-02 
 2.710000e+04  8.094043e+02 -3.852209e-02  3.561901e-02 -2.482453e-02 
 2.715000e+04  8.209784e+02 -3.865604e-02  3.573400e-02 -2.490908e-02 
 2.720000e+04  8.325525e+02 -3.878822e-02  3.584739e-02 -2.499254e-02 
 2.725000e+04  8.441266e+02 -3.891867e-02  3.595921e-02 -2.507492e-02 
 2.730000e+04  8.557006e+02 -3.904743e-02  3.606953e-02 -2.515623e-02 
 2.735000e+04  8.672747e+02 -3.917454e-02  3.617839e-02 -2.523650e-02 
 2.740000e+04  8.788488e+02 -3.930006e-02  3.628584e-02 -2.531579e-02 
 2.745000e+04  8.904229e+02 -3.942401e-02  3.639191e-02 -2.539411e-02 
 2.750000e+04  9.019969e+02 -3.954642e-02  3.649661e-02 -2.547149e-02 
 2.755000e+04  9.135710e+02 -3.966733e-02  3.659997e-02 -2.554798e-02 
 2.760000e+04  9.251451e+02 -3.978675e-02  3.670207e-02 -2.562357e-02 
 2.765000e+04  9.367192e+02 -3.990475e-02  3.680292e-02 -2.569826e-02 
 2.770000e+04  9.482932e+02 -4.002136e-02  3.690256e-02 -2.577208e-02 
 2.775000e+04  9.598673e+02 -4.013659e-02  3.700107e-02 -2.584509e-02 
 2.780000e+04  9.714414e+02 -4.025046e-02  3.709845e-02 -2.591727e-02 
 2.785000e+04  9.830155e+02 -4.036300e-02  3.719469e-02 -2.598865e-02 
 2.790000e+04  9.945895e+02 -4.047425e-02  3.728983e-02 -2.605923e-02 
 2.795000e+04  1.006164e+03 -4.058425e-02  3.738390e-02 -2.612907e-02 
 2.800000e+04  1.017738e+03 -4.069298e-02  3.747692e-02 -2.619816e-02 
 2.805000e+04  1.029312e+03 -4.080050e-02  3.756892e-02 -2.626650e-02 
 2.810000e+04  1.040886e+03 -4.090687e-02  3.765996e-02 -2.633412e-02 
 2.815000e+04  1.052460e+03 -4.101207e-02  3.775003e-02 -2.640105e-02 
 2.820000e+04  1.064034e+03 -4.111615e-02  3.783910e-02 -2.646729e-02 
 2.825000e+04  1.075608e+03 -4.121913e-02  3.792724e-02 -2.653285e-02 
 2.830000e+04  1.087182e+03 -4.132111e-02  3.801445e-02 -2.659777e-02 
 2.835000e+04  1.098756e+03 -4.142204e-02  3.810074e-02 -2.666206e-02 
 2.840000e+04  1.110330e+03 -4.152193e-02  3.818611e-02 -2.672567e-02 
 2.845000e+04  1.121904e+03 -4.162084e-02  3.827059e-02 -2.678866e-02 
 2.850000e+04  1.133478e+03 -4.171877e-02  3.835422e-02 -2.685108e-02 
 2.855000e+04  1.145052e+03 -4.181569e-02  3.843703e-02 -2.691290e-02 
 2.860000e+04  1.156627e+03 -4.191166e-02  3.851907e-02 -2.697417e-02 
 2.865000e+04  1.168201e+03 -4.200676e-02  3.860034e-02 -2.703486e-02 
 2.870000e+04  1.179775e+03 -4.210102e-02  3.868082e-02 -2.709499e-02 
 2.875000e+04  1.191349e+03 -4.219443e-02  3.876052e-02 -2.715459e-02 
 2.880000e+04  1.202923e+03 -4.228694e-02  3.883941e-02 -2.721366e-02 
 2.885000e+04  1.214497e+03 -4.237859e-02  3.891755e-02 -2.727220e-02 
 2.890000e+04  1.226071e+03 -4.246939e-02  3.899498e-02 -2.733020e-02 
 2.895000e+04  1.237645e+03 -4.255933e-02  3.907173e-02 -2.738769e-02 
 2.900000e+04  1.249219e+03 -4.264845e-02  3.914781e-02 -2.744468e-02 
 2.905000e+04  1.260793e+03 -4.273671e-02  3.922325e-02 -2.750120e-02 
 2.910000e+04  1.272367e+03 -4.282413e-02  3.929806e-02 -2.755723e-02 
 2.915000e+04  1.283941e+03 -4.291079e-02  3.937226e-02 -2.761278e-02 
 2.920000e+04  1.295515e+03 -4.299672e-02  3.944586e-02 -2.766787e-02 
 2.925000e+04  1.307090e+03 -4.308191e-02  3.951881e-02 -2.772245e-02 
 2.930000e+04  1.318664e+03 -4.316635e-02  3.959112e-02 -2.777658e-02 
 2.935000e+04  1.330238e+03 -4.325004e-02  3.966279e-02 -2.783028e-02 
 2.940000e+04  1.341812e+03 -4.333304e-02  3.973384e-02 -2.788356e-02 
 2.945000e+04  1.353386e+03 -4.341538e-02  3.980430e-02 -2.793641e-02 
 2.950000e+04  1.364960e+03 -4.349712e-02  3.987418e-02 -2.798883e-02 
 2.955000e+04  1.376534e+03 -4.357826e-02  3.994348e-02 -2.804087e-02 
 2.960000e+04  1.388108e+03 -4.365876e-02  4.001217e-02 -2.809250e-02 
 2.965000e+04  1.399682e+03 -4.373866e-02  4.008029e-02 -2.814376e-02 
 2.970000e+04  1.411256e+03 -4.381796e-02  4.014788e-02 -2.819467e-02 
 2.975000e+04  1.422830e+03 -4.389663e-02  4.021497e-02 -2.824520e-02 
 2.980000e+04  1.434404e+03 -4.397467e-02  4.028155e-02 -2.829533e-02 
 2.985000e+04  1.445978e+03 -4.405212e-02  4.034763e-02 -2.834511e-02 
 2.990000e+04  1.457552e+03 -4.412898e-02  4.041321e-02 -2.839455e-02 
 2.995000e+04  1.469127e+03 -4.420528e-02  4.047831e-02 -2.844367e-02 
 3.000000e+04  1.480701e+03 -4.428102e-02  4.054292e-02 -2.849247e-02 
 3.005000e+04  1.492275e+03 -4.435618e-02  4.060706e-02 -2.854092e-02 
 3.010000e+04  1.503849e+03 -4.443083e-02  4.067073e-02 -2.858905e-02 
 3.015000e+04  1.515423e+03 -4.450494e-02  4.073394e-02 -2.863686e-02 
 3.020000e+04  1.526997e+03 -4.457847e-02  4.079671e-02 -2.868435e-02 
 3.025000e+04  1.538571e+03 -4.465145e-02  4.085906e-02 -2.873153e-02 
 3.030000e+04  1.550145e+03 -4.472391e-02  4.092101e-02 -2.877842e-02 
 3.035000e+04  1.561719e+03 -4.479588e-02  4.098256e-02 -2.882502e-02 
 3.040000e+04  1.573293e+03 -4.486738e-02  4.104371e-02 -2.887135e-02 
 3.045000e+04  1.584867e+03 -4.493843e-02  4.110443e-02 -2.891738e-02 
 3.050000e+04  1.596441e+03 -4.500904e-02  4.116471e-02 -2.896314e-02 
 3.055000e+04  1.608015e+03 -4.507922e-02  4.122458e-02 -2.900863e-02 
 3.060000e+04  1.619590e+03 -4.514897e-02  4.128401e-02 -2.905385e-02 
 3.065000e+04  1.631164e+03 -4.521828e-02  4.134307e-02 -2.909879e-02 
 3.070000e+04  1.642738e+03 -4.528715e-02  4.140175e-02 -2.914348e-02 
 3.075000e+04  1.654312e+03 -4.535563e-02  4.146009e-02 -2.918792e-02 
 3.080000e+04  1.665886e+03 -4.542366e-02  4.151810e-02 -2.923212e-02 
 3.085000e+04  1.677460e+03 -4.549129e-02  4.157576e-02 -2.927607e-02 
 3.090000e+04  1.689034e+03 -4.555853e-02  4.163308e-02 -2.931978e-02 
 3.095000e+04  1.700608e+03 -4.562535e-02  4.169006e-02 -2.936326e-02 
 3.100000e+04  1.712182e+03 -4.569178e-02  4.174670e-02 -2.940652e-02 
 3.105000e+04  1.723756e+03 -4.575778e-02  4.180302e-02 -2.944953e-02 
 3.110000e+04  1.735330e+03 -4.582335e-02  4.185902e-02 -2.949229e-02 
 3.115000e+04  1.746904e+03 -4.588850e-02  4.191472e-02 -2.953482e-02 
 3.120000e+04  1.758478e+03 -4.595326e-02  4.197013e-02 -2.957713e-02 
 3.125000e+04  1.770052e+03 -4.601761e-02  4.202525e-02 -2.961923e-02 
 3.130000e+04  1.781627e+03 -4.608157e-02  4.208008e-02 -2.966108e-02 
 3.135000e+04  1.793201e+03 -4.614520e-02  4.213457e-02 -2.970272e-02 
 3.140000e+04  1.804775e+03 -4.620846e-02  4.218877e-02 -2.974414e-02 
 3.145000e+04  1.816349e+03 -4.627136e-02  4.224265e-02 -2.978533e-02 
 3.150000e+04  1.827923e+03 -4.633393e-02  4.229623e-02 -2.982631e-02 
 3.155000e+04  1.839497e+03 -4.639614e-02  4.234953e-02 -2.986708e-02 
 3.160000e+04  1.851071e+03 -4.645802e-02  4.240254e-02 -2.990764e-02 
 3.165000e+04  1.862645e+03 -4.651958e-02  4.245525e-02 -2.994800e-02 
 3.170000e+04  1.874219e+03 -4.658080e-02  4.250767e-02 -2.998816e-02 
 3.175000e+04  1.885793e+03 -4.664169e-02  4.255981e-02 -3.002813e-02 
 3.180000e+04  1.897367e+03 -4.670227e-02  4.261169e-02 -3.006791e-02 
 3.185000e+04  1.908941e+03 -4.676255e-02  4.266328e-02 -3.010748e-02 
 3.190000e+04  1.920515e+03 -4.682252e-02  4.271460e-02 -3.014685e-02 
 3.195000e+04  1.932090e+03 -4.688219e-02  4.276565e-02 -3.018604e-02 
 3.200000e+04  1.943664e+03 -4.694155e-02  4.281643e-02 -3.022504e-02 
 3.205000e+04  1.955238e+03 -4.700059e-02  4.286696e-02 -3.026384e-02 
 3.210000e+04  1.966812e+03 -4.705932e-02  4.291727e-02 -3.030245e-02 
 3.215000e+04  1.978386e+03 -4.711776e-02  4.296735e-02 -3.034089e-02 
 3.220000e+04  1.989960e+03 -4.717589e-02  4.301721e-02 -3.037914e-02 
 3.225000e+04  2.001534e+03 -4.723374e-02  4.306682e-02 -3.041722e-02 
 3.230000e+04  2.013108e+03 -4.729130e-02  4.311618e-02 -3.045511e-02 
 3.235000e+04  2.024682e+03 -4.734859e-02  4.316530e-02 -3.049284e-02 
 3.240000e+04  2.036256e+03 -4.740561e-02  4.321418e-02 -3.053042e-02 
 3.245000e+04  2.047830e+03 -4.746236e-02  4.326283e-02 -3.056782e-02 
 3.250000e+04  2.059404e+03 -4.751887e-02  4.331126e-02 -3.060506e-02 
 3.255000e+04  2.070978e+03 -4.757512e-02  4.335947e-02 -3.064213e-02 
 3.260000e+04  2.082552e+03 -4.763111e-02  4.340748e-02 -3.067907e-02 
 3.265000e+04  2.094127e+03 -4.768683e-02  4.345530e-02 -3.071586e-02 
 3.270000e+04  2.105701e+03 -4.774230e-02  4.350294e-02 -3.075250e-02 
 3.275000e+04  2.117275e+03 -4.779754e-02  4.355041e-02 -3.078899e-02 
 3.280000e+04  2.128849e+03 -4.785255e-02  4.359769e-02 -3.082534e-02 
 3.285000e+04  2.140423e+03 -4.790732e-02  4.364477e-02 -3.086153e-02 
 3.290000e+04  2.151997e+03 -4.796187e-02  4.369166e-02 -3.089757e-02 
 3.295000e+04  2.163571e+03 -4.801622e-02  4.373835e-02 -3.093347e-02 
 3.300000e+04  2.175145e+03 -4.807035e-02  4.378487e-02 -3.096922e-02 
 3.305000e+04  2.186719e+03 -4.812424e-02  4.383119e-02 -3.100481e-02 
 3.310000e+04  2.198293e+03 -4.817790e-02  4.387734e-02 -3.104026e-02 
 3.315000e+04  2.209867e+03 -4.823134e-02  4.392334e-02 -3.107556e-02 
 3.320000e+04  2.221441e+03 -4.828453e-02  4.396920e-02 -3.111073e-02 
 3.325000e+04  2.233015e+03 -4.833749e-02  4.401489e-02 -3.114575e-02 
 3.330000e+04  2.244590e+03 -4.839023e-02  4.406042e-02 -3.118062e-02 
 3.335000e+04  2.256164e+03 -4.844278e-02  4.410581e-02 -3.121537e-02 
 3.340000e+04  2.267738e+03 -4.849512e-02  4.415103e-02 -3.124997e-02 
 3.345000e+04  2.279312e+03 -4.854725e-02  4.419608e-02 -3.128443e-02 
 3.350000e+04  2.290886e+03 -4.859920e-02  4.424097e-02 -3.131875e-02 
 3.355000e+04  2.302460e+03 -4.865095e-02  4.428573e-02 -3.135295e-02 
 3.360000e+04  2.314034e+03 -4.870250e-02  4.433034e-02 -3.138701e-02 
 3.365000e+04  2.325608e+03 -4.875388e-02  4.437479e-02 -3.142094e-02 
 3.370000e+04  2.337182e+03 -4.880509e-02  4.441909e-02 -3.145475e-02 
 3.375000e+04  2.348756e+03 -4.885614e-02  4.446324e-02 -3.148844e-02 
 3.380000e+04  2.360330e+03 -4.890702e-02  4.450722e-02 -3.152200e-02 
 3.385000e+04  2.371904e+03 -4.895773e-02  4.455103e-02 -3.155543e-02 
 3.390000e+04  2.383478e+03 -4.900826e-02  4.459469e-02 -3.158874e-02 
 3.395000e+04  2.395052e+03 -4.905864e-02  4.463819e-02 -3.162193e-02 
 3.400000e+04  2.406627e+03 -4.910884e-02  4.468154e-02 -3.165500e-02 
 3.405000e+04  2.418201e+03 -4.915889e-02  4.472473e-02 -3.168795e-02 
 3.410000e+04  2.429775e+03 -4.920880e-02  4.476776e-02 -3.172080e-02 
 3.415000e+04  2.441349e+03 -4.925856e-02  4.481062e-02 -3.175354e-02 
 3.420000e+04  2.452923e+03 -4.930815e-02  4.485333e-02 -3.178615e-02 
 3.425000e+04  2.464497e+03 -4.935760e-02  4.489588e-02 -3.181867e-02 
 3.430000e+04  2.476071e+03 -4.940690e-02  4.493829e-02 -3.185107e-02 
 3.435000e+04  2.487645e+03 -4.945603e-02  4.498056e-02 -3.188336e-02 
 3.440000e+04  2.499219e+03 -4.950498e-02  4.502269e-02 -3.191552e-02 
 3.445000e+04  2.510793e+03 -4.955376e-02  4.506470e-02 -3.194758e-02 
 3.450000e+04  2.522367e+03 -4.960239e-02  4.510658e-02 -3.197952e-02 
 3.455000e+04  2.533941e+03 -4.965087e-02  4.514833e-02 -3.201137e-02 
 3.460000e+04  2.545515e+03 -4.969921e-02  4.518994e-02 -3.204312e-02 
 3.465000e+04  2.557090e+03 -4.974742e-02  4.523141e-02 -3.207476e-02 
 3.470000e+04  2.568664e+03 -4.979551e-02  4.527273e-02 -3.210629e-02 
 3.475000e+04  2.580238e+03 -4.984347e-02  4.531391e-02 -3.213773e-02 
 3.480000e+04  2.591812e+03 -4.989130e-02  4.535495e-02 -3.216905e-02 
 3.485000e+04  2.603386e+03 -4.993898e-02  4.539583e-02 -3.220025e-02 
 3.490000e+04  2.614960e+03 -4.998651e-02  4.543656e-02 -3.223135e-02 
 3.495000e+04  2.626534e+03 -5.003390e-02  4.547714e-02 -3.226235e-02 
 3.500000e+04  2.638108e+03 -5.008113e-02  4.551759e-02 -3.229325e-02 
 3.505000e+04  2.649682e+03 -5.012820e-02  4.555790e-02 -3.232404e-02 
 3.510000e+04  2.661256e+03 -5.017513e-02  4.559807e-02 -3.235472e-02 
 3.515000e+04  2.672830e+03 -5.022191e-02  4.563808e-02 -3.238529e-02 
 3.520000e+04  2.684404e+03 -5.026853e-02  4.567794e-02 -3.241577e-02 
 3.525000e+04  2.695978e+03 -5.031499e-02  4.571768e-02 -3.244617e-02 
 3.530000e+04  2.707552e+03 -5.036125e-02  4.575729e-02 -3.247645e-02 
 3.535000e+04  2.719127e+03 -5.040734e-02  4.579678e-02 -3.250664e-02 
 3.540000e+04  2.730701e+03 -5.045329e-02  4.583618e-02 -3.253673e-02 
 3.545000e+04  2.742275e+03 -5.049907e-02  4.587544e-02 -3.256672e-02 
 3.550000e+04  2.753849e+03 -5.054470e-02  4.591458e-02 -3.259661e-02 
 3.555000e+04  2.765423e+03 -5.059016e-02  4.595359e-02 -3.262642e-02 
 3.560000e+04  2.776997e+03 -5.063546e-02  4.599248e-02 -3.265614e-02 
 3.565000e+04  2.788571e+03 -5.068061e-02  4.603123e-02 -3.268576e-02 
 3.570000e+04  2.800145e+03 -5.072561e-02  4.606986e-02 -3.271530e-02 
 3.575000e+04  2.811719e+03 -5.077046e-02  4.610836e-02 -3.274476e-02 
 3.580000e+04  2.823293e+03 -5.081516e-02  4.614672e-02 -3.277413e-02 
 3.585000e+04  2.834867e+03 -5.085974e-02  4.618496e-02 -3.280341e-02 
 3.590000e+04  2.846441e+03 -5.090420e-02  4.622307e-02 -3.283260e-02 
 3.595000e+04  2.858015e+03 -5.094854e-02  4.626105e-02 -3.286170e-02 
 3.600000e+04  2.869590e+03 -5.099274e-02  4.629890e-02 -3.289072e-02 
 3.605000e+04  2.881164e+03 -5.103680e-02  4.633662e-02 -3.291965e-02 
 3.610000e+04  2.892738e+03 -5.108071e-02  4.637421e-02 -3.294850e-02 
 3.615000e+04  2.904312e+03 -5.112448e-02  4.641170e-02 -3.297728e-02 
 3.620000e+04  2.915886e+03 -5.116811e-02  4.644908e-02 -3.300598e-02 
 3.625000e+04  2.927460e+03 -5.121159e-02  4.648635e-02 -3.303458e-02 
 3.630000e+04  2.939034e+03 -5.125493e-02  4.652354e-02 -3.306311e-02 
 3.635000e+04  2.950608e+03 -5.129813e-02  4.656062e-02 -3.309155e-02 
 3.640000e+04  2.962182e+03 -5.134118e-02  4.659761e-02 -3.311990e-02 
 3.645000e+04  2.973756e+03 -5.138407e-02  4.663450e-02 -3.314818e-02 
 3.650000e+04  2.985330e+03 -5.142680e-02  4.667130e-02 -3.317638e-02 
 3.655000e+04  2.996904e+03 -5.146939e-02  4.670801e-02 -3.320450e-02 
 3.660000e+04  3.008478e+03 -5.151184e-02  4.674462e-02 -3.323255e-02 
 3.665000e+04  3.020052e+03 -5.155418e-02  4.678114e-02 -3.326053e-02 
 3.670000e+04  3.031627e+03 -5.159640e-02  4.681756e-02 -3.328843e-02 
 3.675000e+04  3.043201e+03 -5.163850e-02  4.685388e-02 -3.331625e-02 
 3.680000e+04  3.054775e+03 -5.168048e-02  4.689009e-02 -3.334401e-02 
 3.685000e+04  3.066349e+03 -5.172235e-02  4.692622e-02 -3.337170e-02 
 3.690000e+04  3.077923e+03 -5.176408e-02  4.696226e-02 -3.339931e-02 
 3.695000e+04  3.089497e+03 -5.180572e-02  4.699820e-02 -3.342685e-02 
 3.700000e+04  3.101071e+03 -5.184724e-02  4.703405e-02 -3.345434e-02 
 3.705000e+04  3.112645e+03 -5.188866e-02  4.706981e-02 -3.348176e-02 
 3.710000e+04  3.124219e+03 -5.192997e-02  4.710548e-02 -3.350912e-02 
 3.715000e+04  3.135793e+03 -5.197115e-02  4.714107e-02 -3.353642e-02 
 3.720000e+04  3.147367e+03 -5.201222e-02  4.717659e-02 -3.356364e-02 
 3.725000e+04  3.158941e+03 -5.205317e-02  4.721205e-02 -3.359080e-02 
 3.730000e+04  3.170515e+03 -5.209399e-02  4.724742e-02 -3.361788e-02 
 3.735000e+04  3.182090e+03 -5.213467e-02  4.728271e-02 -3.364489e-02 
 3.740000e+04  3.193664e+03 -5.217524e-02  4.731795e-02 -3.367185e-02 
 3.745000e+04  3.205238e+03 -5.221568e-02  4.735311e-02 -3.369874e-02 
 3.750000e+04  3.216812e+03 -5.225601e-02  4.738820e-02 -3.372556e-02 
 3.755000e+04  3.228386e+03 -5.229621e-02  4.742321e-02 -3.375230e-02 
 3.760000e+04  3.239960e+03 -5.233631e-02  4.745813e-02 -3.377898e-02 
 3.765000e+04  3.251534e+03 -5.237628e-02  4.749295e-02 -3.380558e-02 
 3.770000e+04  3.263108e+03 -5.241614e-02  4.752767e-02 -3.383212e-02 
 3.775000e+04  3.274682e+03 -5.245589e-02  4.756230e-02 -3.385859e-02 
 3.780000e+04  3.286256e+03 -5.249554e-02  4.759683e-02 -3.388500e-02 
 3.785000e+04  3.297830e+03 -5.253509e-02  4.763125e-02 -3.391134e-02 
 3.790000e+04  3.309404e+03 -5.257454e-02  4.766556e-02 -3.393763e-02 
 3.795000e+04  3.320978e+03 -5.261388e-02  4.769977e-02 -3.396386e-02 
 3.800000e+04  3.332552e+03 -5.265311e-02  4.773387e-02 -3.399002e-02 
 3.805000e+04  3.344127e+03 -5.269224e-02  4.776787e-02 -3.401614e-02 
 3.810000e+04  3.355701e+03 -5.273126e-02  4.780177e-02 -3.404219e-02 
 3.815000e+04  3.367275e+03 -5.277018e-02  4.783559e-02 -3.406819e-02 
 3.820000e+04  3.378849e+03 -5.280900e-02  4.786932e-02 -3.409412e-02 
 3.825000e+04  3.390423e+03 -5.284770e-02  4.790298e-02 -3.412000e-02 
 3.830000e+04  3.401997e+03 -5.288628e-02  4.793655e-02 -3.414581e-02 
 3.835000e+04  3.413571e+03 -5.292475e-02  4.797003e-02 -3.417157e-02 
 3.840000e+04  3.425145e+03 -5.296312e-02  4.800343e-02 -3.419726e-02 
 3.845000e+04  3.436719e+03 -5.300136e-02  4.803674e-02 -3.422289e-02 
 3.850000e+04  3.448293e+03 -5.303948e-02  4.806996e-02 -3.424846e-02 
 3.855000e+04  3.459867e+03 -5.307749e-02  4.810311e-02 -3.427399e-02 
 3.860000e+04  3.471441e+03 -5.311541e-02  4.813618e-02 -3.429945e-02 
 3.865000e+04  3.483015e+03 -5.315323e-02  4.816916e-02 -3.432486e-02 
 3.870000e+04  3.494590e+03 -5.319096e-02  4.820206e-02 -3.435021e-02 
 3.875000e+04  3.506164e+03 -5.322860e-02  4.823488e-02 -3.437524e-02 
 3.880000e+04  3.517738e+03 -5.326615e-02  4.826745e-02 -3.440024e-02 
 3.885000e+04  3.529312e+03 -5.330353e-02  4.829982e-02 -3.442530e-02 
 3.890000e+04  3.540886e+03 -5.334073e-02  4.833223e-02 -3.445042e-02 
 3.895000e+04  3.552460e+03 -5.337792e-02  4.836465e-02 -3.447556e-02 
 3.900000e+04  3.564034e+03 -5.341517e-02  4.839710e-02 -3.450065e-02 
 3.905000e+04  3.575608e+03 -5.345242e-02  4.842954e-02 -3.452562e-02 
 3.910000e+04  3.587182e+03 -5.348959e-02  4.846190e-02 -3.455052e-02 
 3.915000e+04  3.598756e+03 -5.352660e-02  4.849416e-02 -3.457539e-02 
 3.920000e+04  3.610330e+03 -5.356343e-02  4.852630e-02 -3.460021e-02 
 3.925000e+04  3.621904e+03 -5.360013e-02  4.855827e-02 -3.462495e-02 
 3.930000e+04  3.633478e+03 -5.363681e-02  4.859012e-02 -3.464962e-02 
 3.935000e+04  3.645052e+03 -5.367345e-02  4.862194e-02 -3.467420e-02 
 3.940000e+04  3.656627e+03 -5.371003e-02  4.865373e-02 -3.469863e-02 
 3.945000e+04  3.668201e+03 -5.374648e-02  4.868536e-02 -3.472298e-02 
 3.950000e+04  3.679775e+03 -5.378268e-02  4.871690e-02 -3.474734e-02 
 3.955000e+04  3.691349e+03 -5.381878e-02  4.874841e-02 -3.477177e-02 
 3.960000e+04  3.702923e+03 -5.385482e-02  4.877990e-02 -3.479628e-02 
 3.965000e+04  3.714497e+03 -5.389083e-02  4.881134e-02 -3.482074e-02 
 3.970000e+04  3.726071e+03 -5.392690e-02  4.884272e-02 -3.484519e-02 
 3.975000e+04  3.737645e+03 -5.396301e-02  4.887407e-02 -3.486961e-02 
 3.980000e+04  3.749219e+03 -5.399910e-02  4.890543e-02 -3.489393e-02 
 3.985000e+04  3.760793e+03 -5.403509e-02  4.893675e-02 -3.491806e-02 
 3.990000e+04  3.772367e+03 -5.407095e-02  4.896798e-02 -3.494210e-02 
 3.995000e+04  3.783941e+03 -5.410658e-02  4.899903e-02 -3.496612e-02 
 4.000000e+04  3.795515e+03 -5.414212e-02  4.902995e-02 -3.499013e-02 
 4.005000e+04  3.807090e+03 -5.417770e-02  4.906077e-02 -3.501418e-02 
 4.010000e+04  3.818664e+03 -5.421325e-02  4.909155e-02 -3.503816e-02 
 4.015000e+04  3.830238e+03 -5.424880e-02  4.912233e-02 -3.506211e-02 
 4.020000e+04  3.841812e+03 -5.428426e-02  4.915305e-02 -3.508604e-02 
 4.025000e+04  3.853386e+03 -5.431967e-02  4.918372e-02 -3.510996e-02 
 4.030000e+04  3.864960e+03 -5.435504e-02  4.921437e-02 -3.513378e-02 
 4.035000e+04  3.876534e+03 -5.439026e-02  4.924496e-02 -3.515745e-02 
 4.040000e+04  3.888108e+03 -5.442541e-02  4.927549e-02 -3.518104e-02 
 4.045000e+04  3.899682e+03 -5.446039e-02  4.930593e-02 -3.520461e-02 
 4.050000e+04  3.911256e+03 -5.449534e-02  4.933633e-02 -3.522806e-02 
 4.055000e+04  3.922830e+03 -5.453029e-02  4.936655e-02 -3.525150e-02 
 4.060000e+04  3.934404e+03 -5.456520e-02  4.939661e-02 -3.527500e-02 
 4.065000e+04  3.945978e+03 -5.460003e-02  4.942664e-02 -3.529858e-02 
 4.070000e+04  3.957552e+03 -5.463480e-02  4.945673e-02 -3.532217e-02 
 4.075000e+04  3.969127e+03 -5.466952e-02  4.948689e-02 -3.534566e-02 
 4.080000e+04  3.980701e+03 -5.470416e-02  4.951708e-02 -3.536884e-02 
 4.085000e+04  3.992275e+03 -5.473863e-02  4.954718e-02 -3.539193e-02 
 4.090000e+04  4.003849e+03 -5.477305e-02  4.957715e-02 -3.541512e-02 
 4.095000e+04  4.015423e+03 -5.480749e-02  4.960703e-02 -3.543841e-02 
 4.100000e+04  4.026997e+03 -5.484195e-02  4.963683e-02 -3.546168e-02 
 4.105000e+04  4.038571e+03 -5.487638e-02  4.966662e-02 -3.548489e-02 
 4.110000e+04  4.050145e+03 -5.491071e-02  4.969640e-02 -3.550807e-02 
 4.115000e+04  4.061719e+03 -5.494497e-02  4.972608e-02 -3.553121e-02 
 4.120000e+04  4.073293e+03 -5.497919e-02  4.975568e-02 -3.555427e-02 
 4.125000e+04  4.084867e+03 -5.501330e-02  4.978525e-02 -3.557729e-02 
 4.130000e+04  4.096441e+03 -5.504731e-02  4.981476e-02 -3.560024e-02 
 4.135000e+04  4.108015e+03 -5.508130e-02  4.984428e-02 -3.562323e-02 
 4.140000e+04  4.119590e+03 -5.511517e-02  4.987375e-02 -3.564625e-02 
 4.145000e+04  4.131164e+03 -5.514909e-02  4.990316e-02 -3.566921e-02 
 4.150000e+04  4.142738e+03 -5.518307e-02  4.993249e-02 -3.569202e-02 
 4.155000e+04  4.154312e+03 -5.521700e-02  4.996178e-02 -3.571482e-02 
 4.160000e+04  4.165886e+03 -5.525072e-02  4.999101e-02 -3.573759e-02 
 4.165000e+04  4.177460e+03 -5.528441e-02  5.002017e-02 -3.576030e-02 
 4.170000e+04  4.189034e+03 -5.531800e-02  5.004932e-02 -3.578293e-02 
 4.175000e+04  4.200608e+03 -5.535144e-02  5.007843e-02 -3.580559e-02 
 4.180000e+04  4.212182e+03 -5.538488e-02  5.010749e-02 -3.582826e-02 
 4.185000e+04  4.223756e+03 -5.541834e-02  5.013649e-02 -3.585087e-02 
 4.190000e+04  4.235330e+03 -5.545171e-02  5.016549e-02 -3.587339e-02 
 4.195000e+04  4.246904e+03 -5.548505e-02  5.019440e-02 -3.589590e-02 
 4.200000e+04  4.258478e+03 -5.551845e-02  5.022320e-02 -3.591838e-02 
 4.205000e+04  4.270052e+03 -5.555184e-02  5.025193e-02 -3.594081e-02 
 4.210000e+04  4.281627e+03 -5.558520e-02  5.028062e-02 -3.596326e-02 
 4.215000e+04  4.293201e+03 -5.561838e-02  5.030931e-02 -3.598571e-02 
 4.220000e+04  4.304775e+03 -5.565146e-02  5.033795e-02 -3.600814e-02 
 4.225000e+04  4.316349e+03 -5.568456e-02  5.036656e-02 -3.603050e-02 
 4.230000e+04  4.327923e+03 -5.571770e-02  5.039515e-02 -3.605274e-02 
 4.235000e+04  4.339497e+03 -5.575074e-02  5.042369e-02 -3.607496e-02 
 4.240000e+04  4.351071e+03 -5.578361e-02  5.045213e-02 -3.609714e-02 
 4.245000e+04  4.362645e+03 -5.581646e-02  5.048054e-02 -3.611927e-02 
 4.250000e+04  4.374219e+03 -5.584935e-02  5.050892e-02 -3.614143e-02 
 4.255000e+04  4.385793e+03 -5.588213e-02  5.053721e-02 -3.616352e-02 
 4.260000e+04  4.397367e+03 -5.591475e-02  5.056546e-02 -3.618549e-02 
 4.265000e+04  4.408941e+03 -5.594731e-02  5.059372e-02 -3.620750e-02 
 4.270000e+04  4.420515e+03 -5.597989e-02  5.062189e-02 -3.622959e-02 
 4.275000e+04  4.432090e+03 -5.601232e-02  5.065008e-02 -3.625170e-02 
 4.280000e+04  4.443664e+03 -5.604473e-02  5.067827e-02 -3.627377e-02 
 4.285000e+04  4.455238e+03 -5.607713e-02  5.070649e-02 -3.629583e-02 
 4.290000e+04  4.466812e+03 -5.610942e-02  5.073471e-02 -3.631782e-02 
 4.295000e+04  4.478386e+03 -5.614163e-02  5.076282e-02 -3.633973e-02 
 4.300000e+04  4.489960e+03 -5.617385e-02  5.079082e-02 -3.636161e-02 
 4.305000e+04  4.501534e+03 -5.620608e-02  5.081876e-02 -3.638346e-02 
 4.310000e+04  4.513108e+03 -5.623827e-02  5.084663e-02 -3.640521e-02 
 4.315000e+04  4.524682e+03 -5.627028e-02  5.087446e-02 -3.642689e-02 
 4.320000e+04  4.536256e+03 -5.630206e-02  5.090226e-02 -3.644855e-02 
 4.325000e+04  4.547830e+03 -5.633364e-02  5.093001e-02 -3.647026e-02 
 4.330000e+04  4.559404e+03 -5.636541e-02  5.095768e-02 -3.649206e-02 
 4.335000e+04  4.570978e+03 -5.639731e-02  5.098532e-02 -3.651382e-02 
 4.340000e+04  4.582552e+03 -5.642934e-02  5.101295e-02 -3.653551e-02 
 4.345000e+04  4.594127e+03 -5.646137e-02  5.104063e-02 -3.655712e-02 
 4.350000e+04  4.605701e+03 -5.649331e-02  5.106823e-02 -3.657872e-02 
 4.355000e+04  4.617275e+03 -5.652514e-02  5.109570e-02 -3.660028e-02 
 4.360000e+04  4.628849e+03 -5.655672e-02  5.112308e-02 -3.662183e-02 
 4.365000e+04  4.640423e+03 -5.658822e-02  5.115046e-02 -3.664340e-02 
 4.370000e+04  4.651997e+03 -5.661952e-02  5.117783e-02 -3.666494e-02 
 4.375000e+04  4.663571e+03 -5.665073e-02  5.120514e-02 -3.668631e-02 
 4.380000e+04  4.675145e+03 -5.668211e-02  5.123242e-02 -3.670761e-02 
 4.385000e+04  4.686719e+03 -5.671361e-02  5.125970e-02 -3.672896e-02 
 4.390000e+04  4.698293e+03 -5.674497e-02  5.128696e-02 -3.675020e-02 
 4.395000e+04  4.709867e+03 -5.677626e-02  5.131419e-02 -3.677145e-02 
 4.400000e+04  4.721441e+03 -5.680754e-02  5.134140e-02 -3.679286e-02 
 4.405000e+04  4.733015e+03 -5.683879e-02  5.136855e-02 -3.681434e-02 
 4.410000e+04  4.744590e+03 -5.686987e-02  5.139560e-02 -3.683582e-02 
 4.415000e+04  4.756164e+03 -5.690078e-02  5.142261e-02 -3.685723e-02 
 4.420000e+04  4.767738e+03 -5.693172e-02  5.144966e-02 -3.687854e-02 
 4.425000e+04  4.779312e+03 -5.696254e-02  5.147663e-02 -3.689972e-02 
 4.430000e+04  4.790886e+03 -5.699341e-02  5.150352e-02 -3.692085e-02 
 4.435000e+04  4.802460e+03 -5.702440e-02  5.153035e-02 -3.694200e-02 
 4.440000e+04  4.814034e+03 -5.705534e-02  5.155710e-02 -3.696317e-02 
 4.445000e+04  4.825608e+03 -5.708640e-02  5.158374e-02 -3.698436e-02 
 4.450000e+04  4.837182e+03 -5.711741e-02  5.161035e-02 -3.700548e-02 
 4.455000e+04  4.848756e+03 -5.714829e-02  5.163691e-02 -3.702641e-02 
 4.460000e+04  4.860330e+03 -5.717907e-02  5.166334e-02 -3.704729e-02 
 4.465000e+04  4.871904e+03 -5.720990e-02  5.168969e-02 -3.706831e-02 
 4.470000e+04  4.883478e+03 -5.724069e-02  5.171603e-02 -3.708937e-02 
 4.475000e+04  4.895052e+03 -5.727133e-02  5.174239e-02 -3.711046e-02 
 4.480000e+04  4.906627e+03 -5.730189e-02  5.176881e-02 -3.713154e-02 
 4.485000e+04  4.918201e+03 -5.733247e-02  5.179527e-02 -3.715253e-02 
 4.490000e+04  4.929775e+03 -5.736306e-02  5.182163e-02 -3.717345e-02 
 4.495000e+04  4.941349e+03 -5.739375e-02  5.184795e-02 -3.719436e-02 
 4.500000e+04  4.952923e+03 -5.742441e-02  5.187426e-02 -3.721525e-02 
 4.505000e+04  4.964497e+03 -5.745474e-02  5.190054e-02 -3.723598e-02 
 4.510000e+04  4.976071e+03 -5.748485e-02  5.192679e-02 -3.725666e-02 
 4.515000e+04  4.987645e+03 -5.751496e-02  5.195301e-02 -3.727739e-02 
 4.520000e+04  4.999219e+03 -5.754518e-02  5.197920e-02 -3.729821e-02 
 4.525000e+04  5.010793e+03 -5.757539e-02  5.200534e-02 -3.731906e-02 
 4.530000e+04  5.022367e+03 -5.760557e-02  5.203146e-02 -3.733992e-02 
 4.535000e+04  5.033941e+03 -5.763580e-02  5.205760e-02 -3.736077e-02 
 4.540000e+04  5.045515e+03 -5.766602e-02  5.208371e-02 -3.738148e-02 
 4.545000e+04  5.057090e+03 -5.769621e-02  5.210969e-02 -3.740209e-02 
 4.550000e+04  5.068664e+03 -5.772644e-02  5.213563e-02 -3.742267e-02 
 4.555000e+04  5.080238e+03 -5.775671e-02  5.216146e-02 -3.744321e-02 
 4.560000e+04  5.091812e+03 -5.778699e-02  5.218727e-02 -3.746373e-02 
 4.565000e+04  5.103386e+03 -5.781719e-02  5.221309e-02 -3.748423e-02 
 4.570000e+04  5.114960e+03 -5.784718e-02  5.223882e-02 -3.750476e-02 
 4.575000e+04  5.126534e+03 -5.787702e-02  5.226451e-02 -3.752522e-02 
 4.580000e+04  5.138108e+03 -5.790678e-02  5.229019e-02 -3.754567e-02 
 4.585000e+04  5.149682e+03 -5.793658e-02  5.231589e-02 -3.756596e-02 
 4.590000e+04  5.161256e+03 -5.796643e-02  5.234146e-02 -3.758611e-02 
 4.595000e+04  5.172830e+03 -5.799621e-02  5.236690e-02 -3.760634e-02 
 4.600000e+04  5.184404e+03 -5.802603e-02  5.239242e-02 -3.762669e-02 
 4.605000e+04  5.195978e+03 -5.805565e-02  5.241802e-02 -3.764710e-02 
 4.610000e+04  5.207552e+03 -5.808517e-02  5.244376e-02 -3.766746e-02 
 4.615000e+04  5.219127e+03 -5.811472e-02  5.246958e-02 -3.768777e-02 
 4.620000e+04  5.230701e+03 -5.814419e-02  5.249540e-02 -3.770800e-02 
 4.625000e+04  5.242275e+03 -5.817361e-02  5.252116e-02 -3.772818e-02 
 4.630000e+04  5.253849e+03 -5.820287e-02  5.254690e-02 -3.774833e-02 
 4.635000e+04  5.265423e+03 -5.823210e-02  5.257249e-02 -3.776847e-02 
 4.640000e+04  5.276997e+03 -5.826150e-02  5.259793e-02 -3.778850e-02 
 4.645000e+04  5.288571e+03 -5.829096e-02  5.262332e-02 -3.780858e-02 
