         Step [creep.tim... Z Displace... Z Displace... X Displace... 
------------- ------------- ------------- ------------- ------------- 
 5.250000e+03  1.276223e-07 -4.629353e-03  4.524540e-03 -2.433365e-03 
 5.300000e+03  3.886505e-06 -4.629544e-03  4.524633e-03 -2.433557e-03 
 5.350000e+03  3.218864e-05 -4.630305e-03  4.524757e-03 -2.434054e-03 
 5.400000e+03  2.103800e-04 -4.630559e-03  4.524908e-03 -2.434152e-03 
 5.450000e+03  8.804887e-04 -4.631299e-03  4.525901e-03 -2.435440e-03 
 5.500000e+03  1.915134e-03 -4.634020e-03  4.528590e-03 -2.438315e-03 
 5.550000e+03  3.378915e-03 -4.639207e-03  4.533814e-03 -2.443265e-03 
 5.600000e+03  5.105325e-03 -4.646181e-03  4.541531e-03 -2.449188e-03 
 5.650000e+03  7.620619e-03 -4.656835e-03  4.553794e-03 -2.457691e-03 
 5.700000e+03  1.050262e-02 -4.668412e-03  4.567026e-03 -2.466326e-03 
 5.750000e+03  1.345780e-02 -4.678266e-03  4.577333e-03 -2.473446e-03 
 5.800000e+03  1.641298e-02 -4.686907e-03  4.586054e-03 -2.480220e-03 
 5.850000e+03  1.936815e-02 -4.696221e-03  4.595393e-03 -2.488022e-03 
 5.900000e+03  2.232333e-02 -4.706338e-03  4.605884e-03 -2.496831e-03 
 5.950000e+03  2.529033e-02 -4.716924e-03  4.617050e-03 -2.506459e-03 
 6.000000e+03  2.909076e-02 -4.730681e-03  4.630981e-03 -2.518914e-03 
 6.050000e+03  3.324899e-02 -4.745439e-03  4.644942e-03 -2.530604e-03 
 6.100000e+03  3.740723e-02 -4.759011e-03  4.657204e-03 -2.539737e-03 
 6.150000e+03  4.156546e-02 -4.771905e-03  4.669017e-03 -2.548037e-03 
 6.200000e+03  4.572369e-02 -4.784800e-03  4.681493e-03 -2.556971e-03 
 6.250000e+03  4.988192e-02 -4.798216e-03  4.695216e-03 -2.567084e-03 
 6.300000e+03  5.404015e-02 -4.811840e-03  4.709628e-03 -2.578302e-03 
 6.350000e+03  5.891644e-02 -4.827101e-03  4.725428e-03 -2.592118e-03 
 6.400000e+03  6.449629e-02 -4.842855e-03  4.741285e-03 -2.606529e-03 
 6.450000e+03  7.034734e-02 -4.858044e-03  4.756555e-03 -2.619330e-03 
 6.500000e+03  7.619839e-02 -4.873288e-03  4.771826e-03 -2.630754e-03 
 6.550000e+03  8.204944e-02 -4.889067e-03  4.787838e-03 -2.642039e-03 
 6.600000e+03  8.790049e-02 -4.905498e-03  4.804921e-03 -2.653911e-03 
 6.650000e+03  9.375154e-02 -4.922455e-03  4.822946e-03 -2.666619e-03 
 6.700000e+03  9.966695e-02 -4.938731e-03  4.840828e-03 -2.679793e-03 
 6.750000e+03  1.062609e-01 -4.954804e-03  4.858012e-03 -2.693789e-03 
 6.800000e+03  1.136432e-01 -4.971500e-03  4.875331e-03 -2.708479e-03 
 6.850000e+03  1.211107e-01 -4.988240e-03  4.892485e-03 -2.722670e-03 
 6.900000e+03  1.285783e-01 -5.005413e-03  4.910014e-03 -2.736328e-03 
 6.950000e+03  1.360459e-01 -5.023240e-03  4.928391e-03 -2.749912e-03 
 7.000000e+03  1.435135e-01 -5.042079e-03  4.947587e-03 -2.763498e-03 
 7.050000e+03  1.511080e-01 -5.061577e-03  4.966693e-03 -2.776988e-03 
 7.100000e+03  1.590745e-01 -5.080259e-03  4.984882e-03 -2.790351e-03 
 7.150000e+03  1.673075e-01 -5.097636e-03  5.002351e-03 -2.803950e-03 
 7.200000e+03  1.755405e-01 -5.114311e-03  5.019436e-03 -2.817829e-03 
 7.250000e+03  1.837735e-01 -5.130776e-03  5.036423e-03 -2.831794e-03 
 7.300000e+03  1.922659e-01 -5.148216e-03  5.054156e-03 -2.846082e-03 
 7.350000e+03  2.020653e-01 -5.169253e-03  5.075068e-03 -2.862169e-03 
 7.400000e+03  2.120726e-01 -5.190913e-03  5.096171e-03 -2.877634e-03 
 7.450000e+03  2.223200e-01 -5.211798e-03  5.116558e-03 -2.892203e-03 
 7.500000e+03  2.328277e-01 -5.232070e-03  5.136769e-03 -2.906773e-03 
 7.550000e+03  2.433353e-01 -5.251852e-03  5.156869e-03 -2.921641e-03 
 7.600000e+03  2.538429e-01 -5.270980e-03  5.176915e-03 -2.936837e-03 
 7.650000e+03  2.644767e-01 -5.289883e-03  5.197001e-03 -2.952453e-03 
 7.700000e+03  2.766799e-01 -5.311512e-03  5.219783e-03 -2.970400e-03 
 7.750000e+03  2.894520e-01 -5.333813e-03  5.242851e-03 -2.988217e-03 
 7.800000e+03  3.022241e-01 -5.355614e-03  5.264805e-03 -3.004471e-03 
 7.850000e+03  3.149962e-01 -5.377369e-03  5.286418e-03 -3.020009e-03 
 7.900000e+03  3.277683e-01 -5.399230e-03  5.308175e-03 -3.035441e-03 
 7.950000e+03  3.405404e-01 -5.420824e-03  5.329843e-03 -3.050917e-03 
 8.000000e+03  3.533125e-01 -5.441796e-03  5.351064e-03 -3.066643e-03 
 8.050000e+03  3.666281e-01 -5.462888e-03  5.372499e-03 -3.083381e-03 
 8.100000e+03  3.807094e-01 -5.484147e-03  5.394375e-03 -3.100775e-03 
 8.150000e+03  3.947906e-01 -5.504747e-03  5.415495e-03 -3.117249e-03 
 8.200000e+03  4.094633e-01 -5.526422e-03  5.437346e-03 -3.133603e-03 
 8.250000e+03  4.242486e-01 -5.548814e-03  5.459577e-03 -3.149558e-03 
 8.300000e+03  4.390339e-01 -5.571568e-03  5.481722e-03 -3.165246e-03 
 8.350000e+03  4.540706e-01 -5.594378e-03  5.503782e-03 -3.181086e-03 
 8.400000e+03  4.701230e-01 -5.617678e-03  5.526587e-03 -3.198038e-03 
 8.450000e+03  4.864238e-01 -5.639968e-03  5.549074e-03 -3.215174e-03 
 8.500000e+03  5.027246e-01 -5.661245e-03  5.570826e-03 -3.232068e-03 
 8.550000e+03  5.193188e-01 -5.682678e-03  5.592716e-03 -3.248956e-03 
 8.600000e+03  5.370850e-01 -5.705811e-03  5.616361e-03 -3.266692e-03 
 8.650000e+03  5.550567e-01 -5.729432e-03  5.640525e-03 -3.284107e-03 
 8.700000e+03  5.739089e-01 -5.754083e-03  5.665581e-03 -3.301719e-03 
 8.750000e+03  5.938246e-01 -5.779712e-03  5.691234e-03 -3.319770e-03 
 8.800000e+03  6.146290e-01 -5.806001e-03  5.717053e-03 -3.338317e-03 
 8.850000e+03  6.354334e-01 -5.831329e-03  5.742033e-03 -3.356802e-03 
 8.900000e+03  6.562378e-01 -5.855487e-03  5.766490e-03 -3.375364e-03 
 8.950000e+03  6.770422e-01 -5.879138e-03  5.790775e-03 -3.394006e-03 
 9.000000e+03  6.979507e-01 -5.902837e-03  5.815247e-03 -3.412595e-03 
 9.050000e+03  7.197953e-01 -5.927552e-03  5.840596e-03 -3.431248e-03 
 9.100000e+03  7.429867e-01 -5.953793e-03  5.867103e-03 -3.449971e-03 
 9.150000e+03  7.670704e-01 -5.981043e-03  5.894206e-03 -3.468754e-03 
 9.200000e+03  7.911541e-01 -6.007951e-03  5.920556e-03 -3.487283e-03 
 9.250000e+03  8.152378e-01 -6.034163e-03  5.946092e-03 -3.505843e-03 
 9.300000e+03  8.393215e-01 -6.059594e-03  5.970965e-03 -3.524668e-03 
 9.350000e+03  8.634052e-01 -6.084331e-03  5.995449e-03 -3.543564e-03 
 9.400000e+03  8.874890e-01 -6.108372e-03  6.019718e-03 -3.562168e-03 
 9.450000e+03  9.129153e-01 -6.133465e-03  6.045156e-03 -3.581118e-03 
 9.500000e+03  9.401580e-01 -6.160390e-03  6.072496e-03 -3.600633e-03 
 9.550000e+03  9.680379e-01 -6.187999e-03  6.100451e-03 -3.619966e-03 
 9.600000e+03  9.959178e-01 -6.215378e-03  6.127891e-03 -3.638925e-03 
 9.650000e+03  1.023798e+00 -6.242317e-03  6.154632e-03 -3.657773e-03 
 9.700000e+03  1.051678e+00 -6.268638e-03  6.180560e-03 -3.676733e-03 
 9.750000e+03  1.079558e+00 -6.294161e-03  6.205657e-03 -3.695686e-03 
 9.800000e+03  1.107437e+00 -6.318755e-03  6.230215e-03 -3.714466e-03 
 9.850000e+03  1.136126e+00 -6.343777e-03  6.255492e-03 -3.733491e-03 
 9.900000e+03  1.165400e+00 -6.369354e-03  6.281524e-03 -3.752451e-03 
 9.950000e+03  1.194674e+00 -6.394951e-03  6.307710e-03 -3.770711e-03 
 1.000000e+04  1.225792e+00 -6.422165e-03  6.335307e-03 -3.789497e-03 
 1.005000e+04  1.258066e+00 -6.450288e-03  6.363354e-03 -3.808699e-03 
 1.010000e+04  1.290341e+00 -6.477851e-03  6.390375e-03 -3.827892e-03 
 1.015000e+04  1.322615e+00 -6.504481e-03  6.416307e-03 -3.847185e-03 
 1.020000e+04  1.354890e+00 -6.530349e-03  6.441699e-03 -3.866600e-03 
 1.025000e+04  1.387164e+00 -6.555896e-03  6.467006e-03 -3.885889e-03 
 1.030000e+04  1.419439e+00 -6.581352e-03  6.492304e-03 -3.904719e-03 
 1.035000e+04  1.452940e+00 -6.607794e-03  6.518652e-03 -3.923497e-03 
 1.040000e+04  1.488775e+00 -6.636078e-03  6.546947e-03 -3.942961e-03 
 1.045000e+04  1.526136e+00 -6.665244e-03  6.576225e-03 -3.962880e-03 
 1.050000e+04  1.563498e+00 -6.693794e-03  6.604693e-03 -3.982687e-03 
 1.055000e+04  1.600860e+00 -6.721756e-03  6.632221e-03 -4.002551e-03 
 1.060000e+04  1.638222e+00 -6.749257e-03  6.659024e-03 -4.022565e-03 
 1.065000e+04  1.675583e+00 -6.776188e-03  6.685386e-03 -4.042536e-03 
 1.070000e+04  1.713767e+00 -6.803102e-03  6.712046e-03 -4.062563e-03 
 1.075000e+04  1.753036e+00 -6.830709e-03  6.739537e-03 -4.082574e-03 
 1.080000e+04  1.794228e+00 -6.859708e-03  6.768566e-03 -4.102951e-03 
 1.085000e+04  1.835419e+00 -6.888639e-03  6.797601e-03 -4.122787e-03 
 1.090000e+04  1.877558e+00 -6.917871e-03  6.826934e-03 -4.142772e-03 
 1.095000e+04  1.922712e+00 -6.948709e-03  6.857784e-03 -4.164202e-03 
 1.100000e+04  1.968125e+00 -6.979070e-03  6.887756e-03 -4.185835e-03 
 1.105000e+04  2.013538e+00 -7.008592e-03  6.916665e-03 -4.207446e-03 
 1.110000e+04  2.059815e+00 -7.038217e-03  6.945674e-03 -4.229331e-03 
 1.115000e+04  2.107499e+00 -7.068568e-03  6.975629e-03 -4.251437e-03 
 1.120000e+04  2.155183e+00 -7.098846e-03  7.005648e-03 -4.272876e-03 
 1.125000e+04  2.202867e+00 -7.129085e-03  7.035631e-03 -4.293667e-03 
 1.130000e+04  2.252745e+00 -7.160566e-03  7.066903e-03 -4.315052e-03 
 1.135000e+04  2.302813e+00 -7.191580e-03  7.097919e-03 -4.336403e-03 
 1.140000e+04  2.352881e+00 -7.221839e-03  7.128153e-03 -4.357715e-03 
 1.145000e+04  2.404952e+00 -7.252669e-03  7.158721e-03 -4.379900e-03 
 1.150000e+04  2.459785e+00 -7.284818e-03  7.190257e-03 -4.403188e-03 
 1.155000e+04  2.514985e+00 -7.316863e-03  7.221506e-03 -4.426336e-03 
 1.160000e+04  2.570185e+00 -7.348607e-03  7.252567e-03 -4.448901e-03 
 1.165000e+04  2.625606e+00 -7.380348e-03  7.283793e-03 -4.471018e-03 
 1.170000e+04  2.683567e+00 -7.413374e-03  7.316515e-03 -4.493710e-03 
 1.175000e+04  2.741527e+00 -7.445944e-03  7.348947e-03 -4.516045e-03 
 1.180000e+04  2.799603e+00 -7.478053e-03  7.380931e-03 -4.538252e-03 
 1.185000e+04  2.860462e+00 -7.511174e-03  7.413842e-03 -4.561554e-03 
 1.190000e+04  2.921320e+00 -7.543723e-03  7.445982e-03 -4.584834e-03 
 1.195000e+04  2.982543e+00 -7.575829e-03  7.477627e-03 -4.608073e-03 
 1.200000e+04  3.046445e+00 -7.609133e-03  7.510302e-03 -4.631936e-03 
 1.205000e+04  3.110346e+00 -7.642525e-03  7.542839e-03 -4.655280e-03 
 1.210000e+04  3.174247e+00 -7.675793e-03  7.575319e-03 -4.678022e-03 
 1.215000e+04  3.238148e+00 -7.708716e-03  7.607564e-03 -4.700418e-03 
 1.220000e+04  3.304670e+00 -7.742452e-03  7.640874e-03 -4.723593e-03 
 1.225000e+04  3.371766e+00 -7.775856e-03  7.674114e-03 -4.746924e-03 
 1.230000e+04  3.438929e+00 -7.808642e-03  7.706718e-03 -4.770177e-03 
 1.235000e+04  3.510508e+00 -7.843143e-03  7.740755e-03 -4.794795e-03 
 1.240000e+04  3.584481e+00 -7.878612e-03  7.775515e-03 -4.819962e-03 
 1.245000e+04  3.658455e+00 -7.913859e-03  7.809936e-03 -4.844694e-03 
 1.250000e+04  3.732429e+00 -7.948841e-03  7.844056e-03 -4.868898e-03 
 1.255000e+04  3.808696e+00 -7.984639e-03  7.878956e-03 -4.893429e-03 
 1.260000e+04  3.886368e+00 -8.020736e-03  7.914377e-03 -4.918174e-03 
 1.265000e+04  3.964040e+00 -8.056216e-03  7.949433e-03 -4.942725e-03 
 1.270000e+04  4.042567e+00 -8.091415e-03  7.984336e-03 -4.967362e-03 
 1.275000e+04  4.125347e+00 -8.128050e-03  8.020676e-03 -4.993257e-03 
 1.280000e+04  4.210980e+00 -8.165550e-03  8.057792e-03 -5.019870e-03 
 1.285000e+04  4.296614e+00 -8.202615e-03  8.094313e-03 -5.046043e-03 
 1.290000e+04  4.384731e+00 -8.240602e-03  8.131464e-03 -5.072464e-03 
 1.295000e+04  4.474647e+00 -8.279331e-03  8.169146e-03 -5.098982e-03 
 1.300000e+04  4.564562e+00 -8.317719e-03  8.206422e-03 -5.125117e-03 
 1.305000e+04  4.654478e+00 -8.355434e-03  8.243182e-03 -5.151007e-03 
 1.310000e+04  4.744393e+00 -8.392580e-03  8.279566e-03 -5.176823e-03 
 1.315000e+04  4.837905e+00 -8.430667e-03  8.317187e-03 -5.203629e-03 
 1.320000e+04  4.932317e+00 -8.468545e-03  8.354634e-03 -5.230368e-03 
 1.325000e+04  5.028994e+00 -8.507077e-03  8.392484e-03 -5.257262e-03 
 1.330000e+04  5.131298e+00 -8.547771e-03  8.432206e-03 -5.285351e-03 
 1.335000e+04  5.235386e+00 -8.588945e-03  8.472157e-03 -5.313568e-03 
 1.340000e+04  5.339475e+00 -8.629428e-03  8.511512e-03 -5.341377e-03 
 1.345000e+04  5.443563e+00 -8.669428e-03  8.550410e-03 -5.368919e-03 
 1.350000e+04  5.547652e+00 -8.709107e-03  8.589065e-03 -5.396355e-03 
 1.355000e+04  5.651740e+00 -8.748158e-03  8.627349e-03 -5.423529e-03 
 1.360000e+04  5.755828e+00 -8.786610e-03  8.665169e-03 -5.450376e-03 
 1.365000e+04  5.864705e+00 -8.826469e-03  8.704484e-03 -5.478204e-03 
 1.370000e+04  5.973998e+00 -8.866217e-03  8.743639e-03 -5.505920e-03 
 1.375000e+04  6.083291e+00 -8.905603e-03  8.782310e-03 -5.533200e-03 
 1.380000e+04  6.196627e+00 -8.946203e-03  8.821897e-03 -5.561058e-03 
 1.385000e+04  6.311385e+00 -8.987231e-03  8.861537e-03 -5.589021e-03 
 1.390000e+04  6.426142e+00 -9.027775e-03  8.900655e-03 -5.616767e-03 
 1.395000e+04  6.540900e+00 -9.067620e-03  8.939212e-03 -5.644275e-03 
 1.400000e+04  6.660018e+00 -9.108448e-03  8.978970e-03 -5.672704e-03 
 1.405000e+04  6.780513e+00 -9.149306e-03  9.019040e-03 -5.701283e-03 
 1.410000e+04  6.901009e+00 -9.189795e-03  9.058720e-03 -5.729420e-03 
 1.415000e+04  7.029481e+00 -9.232702e-03  9.100692e-03 -5.758937e-03 
 1.420000e+04  7.166578e+00 -9.278355e-03  9.145101e-03 -5.790092e-03 
 1.425000e+04  7.306067e+00 -9.324301e-03  9.189699e-03 -5.821479e-03 
 1.430000e+04  7.445555e+00 -9.369494e-03  9.233515e-03 -5.852540e-03 
 1.435000e+04  7.585044e+00 -9.414209e-03  9.276793e-03 -5.883398e-03 
 1.440000e+04  7.724532e+00 -9.458480e-03  9.319732e-03 -5.914088e-03 
 1.445000e+04  7.864020e+00 -9.502202e-03  9.362310e-03 -5.944448e-03 
 1.450000e+04  8.003648e+00 -9.545475e-03  9.404572e-03 -5.974462e-03 
 1.455000e+04  8.150111e+00 -9.590487e-03  9.448717e-03 -6.005560e-03 
 1.460000e+04  8.296574e+00 -9.635187e-03  9.492571e-03 -6.036365e-03 
 1.465000e+04  8.443037e+00 -9.679508e-03  9.535869e-03 -6.066748e-03 
 1.470000e+04  8.592868e+00 -9.724519e-03  9.579554e-03 -6.097530e-03 
 1.475000e+04  8.746654e+00 -9.770468e-03  9.623824e-03 -6.128884e-03 
 1.480000e+04  8.900440e+00 -9.815837e-03  9.667514e-03 -6.160064e-03 
 1.485000e+04  9.054226e+00 -9.860554e-03  9.710632e-03 -6.191050e-03 
 1.490000e+04  9.212011e+00 -9.905991e-03  9.754527e-03 -6.222517e-03 
 1.495000e+04  9.373486e+00 -9.952195e-03  9.799322e-03 -6.254414e-03 
 1.500000e+04  9.534962e+00 -9.997997e-03  9.843860e-03 -6.285845e-03 
 1.505000e+04  9.700958e+00 -1.004473e-02  9.889260e-03 -6.317652e-03 
 1.510000e+04  9.876950e+00 -1.009395e-02  9.936954e-03 -6.351131e-03 
 1.515000e+04  1.005498e+01 -1.014329e-02  9.984609e-03 -6.384852e-03 
 1.520000e+04  1.023300e+01 -1.019178e-02  1.003141e-02 -6.418281e-03 
 1.525000e+04  1.041103e+01 -1.023973e-02  1.007764e-02 -6.451440e-03 
 1.530000e+04  1.058906e+01 -1.028738e-02  1.012364e-02 -6.484381e-03 
 1.535000e+04  1.076708e+01 -1.033461e-02  1.016934e-02 -6.516937e-03 
 1.540000e+04  1.094689e+01 -1.038178e-02  1.021518e-02 -6.549342e-03 
 1.545000e+04  1.113830e+01 -1.043165e-02  1.026378e-02 -6.583472e-03 
 1.550000e+04  1.133458e+01 -1.048242e-02  1.031327e-02 -6.618218e-03 
 1.555000e+04  1.153085e+01 -1.053260e-02  1.036206e-02 -6.652598e-03 
 1.560000e+04  1.172929e+01 -1.058289e-02  1.041067e-02 -6.687076e-03 
 1.565000e+04  1.193537e+01 -1.063475e-02  1.046064e-02 -6.722695e-03 
 1.570000e+04  1.214146e+01 -1.068608e-02  1.050996e-02 -6.758039e-03 
 1.575000e+04  1.234755e+01 -1.073674e-02  1.055871e-02 -6.792969e-03 
 1.580000e+04  1.255364e+01 -1.078710e-02  1.060723e-02 -6.827567e-03 
 1.585000e+04  1.275973e+01 -1.083717e-02  1.065557e-02 -6.861814e-03 
 1.590000e+04  1.296581e+01 -1.088678e-02  1.070354e-02 -6.895664e-03 
 1.595000e+04  1.317829e+01 -1.093750e-02  1.075253e-02 -6.930170e-03 
 1.600000e+04  1.340334e+01 -1.099082e-02  1.080393e-02 -6.966529e-03 
 1.605000e+04  1.363055e+01 -1.104414e-02  1.085516e-02 -7.003068e-03 
 1.610000e+04  1.385776e+01 -1.109671e-02  1.090564e-02 -7.039283e-03 
 1.615000e+04  1.408815e+01 -1.114965e-02  1.095636e-02 -7.075608e-03 
 1.620000e+04  1.432673e+01 -1.120417e-02  1.100859e-02 -7.112924e-03 
 1.625000e+04  1.456530e+01 -1.125818e-02  1.106046e-02 -7.149802e-03 
 1.630000e+04  1.480387e+01 -1.131164e-02  1.111187e-02 -7.186213e-03 
 1.635000e+04  1.505151e+01 -1.136666e-02  1.116506e-02 -7.223738e-03 
 1.640000e+04  1.530201e+01 -1.142174e-02  1.121832e-02 -7.261470e-03 
 1.645000e+04  1.555251e+01 -1.147617e-02  1.127096e-02 -7.298867e-03 
 1.650000e+04  1.581203e+01 -1.153211e-02  1.132489e-02 -7.337279e-03 
 1.655000e+04  1.608216e+01 -1.159005e-02  1.138054e-02 -7.376955e-03 
 1.660000e+04  1.635834e+01 -1.164873e-02  1.143679e-02 -7.417117e-03 
 1.665000e+04  1.663452e+01 -1.170674e-02  1.149245e-02 -7.456858e-03 
 1.670000e+04  1.691069e+01 -1.176435e-02  1.154773e-02 -7.496230e-03 
 1.675000e+04  1.718687e+01 -1.182157e-02  1.160275e-02 -7.535208e-03 
 1.680000e+04  1.746305e+01 -1.187822e-02  1.165721e-02 -7.573830e-03 
 1.685000e+04  1.774613e+01 -1.193566e-02  1.171249e-02 -7.613071e-03 
 1.690000e+04  1.804859e+01 -1.199668e-02  1.177102e-02 -7.654757e-03 
 1.695000e+04  1.835307e+01 -1.205756e-02  1.182931e-02 -7.696430e-03 
 1.700000e+04  1.865756e+01 -1.211780e-02  1.188687e-02 -7.737651e-03 
 1.705000e+04  1.897483e+01 -1.218021e-02  1.194632e-02 -7.780143e-03 
 1.710000e+04  1.929454e+01 -1.224270e-02  1.200576e-02 -7.822569e-03 
 1.715000e+04  1.961425e+01 -1.230458e-02  1.206463e-02 -7.864569e-03 
 1.720000e+04  1.993396e+01 -1.236571e-02  1.212301e-02 -7.906158e-03 
 1.725000e+04  2.026966e+01 -1.242926e-02  1.218398e-02 -7.949558e-03 
 1.730000e+04  2.060535e+01 -1.249224e-02  1.224447e-02 -7.992665e-03 
 1.735000e+04  2.094138e+01 -1.255463e-02  1.230444e-02 -8.035367e-03 
 1.740000e+04  2.130197e+01 -1.262106e-02  1.236815e-02 -8.080739e-03 
 1.745000e+04  2.167208e+01 -1.268883e-02  1.243295e-02 -8.126871e-03 
 1.750000e+04  2.204218e+01 -1.275593e-02  1.249704e-02 -8.172563e-03 
 1.755000e+04  2.241229e+01 -1.282229e-02  1.256044e-02 -8.217841e-03 
 1.760000e+04  2.279830e+01 -1.289099e-02  1.262593e-02 -8.264672e-03 
 1.765000e+04  2.318691e+01 -1.295961e-02  1.269144e-02 -8.311393e-03 
 1.770000e+04  2.357552e+01 -1.302741e-02  1.275636e-02 -8.357640e-03 
 1.775000e+04  2.396413e+01 -1.309459e-02  1.282071e-02 -8.403467e-03 
 1.780000e+04  2.437178e+01 -1.316454e-02  1.288769e-02 -8.451176e-03 
 1.785000e+04  2.477982e+01 -1.323401e-02  1.295405e-02 -8.498542e-03 
 1.790000e+04  2.519398e+01 -1.330392e-02  1.302058e-02 -8.546057e-03 
 1.795000e+04  2.562243e+01 -1.337585e-02  1.308871e-02 -8.594771e-03 
 1.800000e+04  2.605087e+01 -1.344726e-02  1.315620e-02 -8.643085e-03 
 1.805000e+04  2.647931e+01 -1.351789e-02  1.322297e-02 -8.690946e-03 
 1.810000e+04  2.691589e+01 -1.358910e-02  1.329039e-02 -8.739302e-03 
 1.815000e+04  2.736576e+01 -1.366184e-02  1.335946e-02 -8.788736e-03 
 1.820000e+04  2.781562e+01 -1.373387e-02  1.342805e-02 -8.837733e-03 
 1.825000e+04  2.827223e+01 -1.380630e-02  1.349707e-02 -8.886955e-03 
 1.830000e+04  2.876018e+01 -1.388304e-02  1.357025e-02 -8.939043e-03 
 1.835000e+04  2.925615e+01 -1.396051e-02  1.364395e-02 -8.991558e-03 
 1.840000e+04  2.975213e+01 -1.403711e-02  1.371673e-02 -9.043606e-03 
 1.845000e+04  3.025802e+01 -1.411453e-02  1.379017e-02 -9.096138e-03 
 1.850000e+04  3.077880e+01 -1.419363e-02  1.386513e-02 -9.149826e-03 
 1.855000e+04  3.129957e+01 -1.427201e-02  1.393944e-02 -9.202987e-03 
 1.860000e+04  3.182035e+01 -1.434955e-02  1.401298e-02 -9.255631e-03 
 1.865000e+04  3.235414e+01 -1.442834e-02  1.408786e-02 -9.309120e-03 
 1.870000e+04  3.290095e+01 -1.450837e-02  1.416403e-02 -9.363465e-03 
 1.875000e+04  3.344777e+01 -1.458773e-02  1.423940e-02 -9.417256e-03 
 1.880000e+04  3.402402e+01 -1.467070e-02  1.431798e-02 -9.473371e-03 
 1.885000e+04  3.462688e+01 -1.475694e-02  1.439946e-02 -9.531576e-03 
 1.890000e+04  3.522975e+01 -1.484239e-02  1.447992e-02 -9.589268e-03 
 1.895000e+04  3.583261e+01 -1.492692e-02  1.455945e-02 -9.646392e-03 
 1.900000e+04  3.646139e+01 -1.501433e-02  1.464171e-02 -9.705453e-03 
 1.905000e+04  3.709439e+01 -1.510152e-02  1.472389e-02 -9.764387e-03 
 1.910000e+04  3.772740e+01 -1.518782e-02  1.480532e-02 -9.822671e-03 
 1.915000e+04  3.838139e+01 -1.527623e-02  1.488873e-02 -9.882273e-03 
 1.920000e+04  3.907927e+01 -1.536981e-02  1.497707e-02 -9.945386e-03 
 1.925000e+04  3.977716e+01 -1.546240e-02  1.506439e-02 -1.000789e-02 
 1.930000e+04  4.047505e+01 -1.555398e-02  1.515071e-02 -1.006972e-02 
 1.935000e+04  4.120294e+01 -1.564878e-02  1.523990e-02 -1.013363e-02 
 1.940000e+04  4.193573e+01 -1.574342e-02  1.532873e-02 -1.019738e-02 
 1.945000e+04  4.266851e+01 -1.583700e-02  1.541675e-02 -1.026048e-02 
 1.950000e+04  4.341448e+01 -1.593127e-02  1.550555e-02 -1.032410e-02 
 1.955000e+04  4.418390e+01 -1.602770e-02  1.559642e-02 -1.038907e-02 
 1.960000e+04  4.495332e+01 -1.612321e-02  1.568642e-02 -1.045347e-02 
 1.965000e+04  4.573043e+01 -1.621869e-02  1.577646e-02 -1.051782e-02 
 1.970000e+04  4.656175e+01 -1.632008e-02  1.587183e-02 -1.058601e-02 
 1.975000e+04  4.741004e+01 -1.642270e-02  1.596815e-02 -1.065500e-02 
 1.980000e+04  4.825833e+01 -1.652423e-02  1.606326e-02 -1.072327e-02 
 1.985000e+04  4.911849e+01 -1.662625e-02  1.615865e-02 -1.079178e-02 
 1.990000e+04  5.000919e+01 -1.673104e-02  1.625651e-02 -1.086207e-02 
 1.995000e+04  5.089989e+01 -1.683477e-02  1.635347e-02 -1.093166e-02 
 2.000000e+04  5.179504e+01 -1.693796e-02  1.645004e-02 -1.100085e-02 
 2.005000e+04  5.275459e+01 -1.704762e-02  1.655263e-02 -1.107431e-02 
 2.010000e+04  5.373659e+01 -1.715880e-02  1.665664e-02 -1.114882e-02 
 2.015000e+04  5.471859e+01 -1.726877e-02  1.675947e-02 -1.122258e-02 
 2.020000e+04  5.572612e+01 -1.738056e-02  1.686374e-02 -1.129737e-02 
 2.025000e+04  5.675721e+01 -1.749399e-02  1.696937e-02 -1.137320e-02 
 2.030000e+04  5.778831e+01 -1.760627e-02  1.707396e-02 -1.144830e-02 
 2.035000e+04  5.881941e+01 -1.771728e-02  1.717742e-02 -1.152261e-02 
 2.040000e+04  5.992913e+01 -1.783570e-02  1.728781e-02 -1.160183e-02 
 2.045000e+04  6.106591e+01 -1.795587e-02  1.739994e-02 -1.168220e-02 
 2.050000e+04  6.220269e+01 -1.807465e-02  1.751084e-02 -1.176161e-02 
 2.055000e+04  6.337245e+01 -1.819572e-02  1.762371e-02 -1.184244e-02 
 2.060000e+04  6.462456e+01 -1.832417e-02  1.774338e-02 -1.192820e-02 
 2.065000e+04  6.587786e+01 -1.845136e-02  1.786177e-02 -1.201311e-02 
 2.070000e+04  6.713117e+01 -1.857719e-02  1.797867e-02 -1.209702e-02 
 2.075000e+04  6.843210e+01 -1.870666e-02  1.809869e-02 -1.218322e-02 
 2.080000e+04  6.974807e+01 -1.883636e-02  1.821895e-02 -1.226957e-02 
 2.085000e+04  7.106404e+01 -1.896454e-02  1.833782e-02 -1.235493e-02 
 2.090000e+04  7.241297e+01 -1.909463e-02  1.845841e-02 -1.244146e-02 
 2.095000e+04  7.386383e+01 -1.923337e-02  1.858695e-02 -1.253369e-02 
 2.100000e+04  7.531468e+01 -1.937065e-02  1.871402e-02 -1.262488e-02 
 2.105000e+04  7.676554e+01 -1.950649e-02  1.883952e-02 -1.271495e-02 
 2.110000e+04  7.828024e+01 -1.964692e-02  1.896908e-02 -1.280802e-02 
 2.115000e+04  7.980364e+01 -1.978671e-02  1.909798e-02 -1.290072e-02 
 2.120000e+04  8.132704e+01 -1.992487e-02  1.922542e-02 -1.299238e-02 
 2.125000e+04  8.291503e+01 -2.006751e-02  1.935688e-02 -1.308682e-02 
 2.130000e+04  8.459458e+01 -2.021698e-02  1.949461e-02 -1.318572e-02 
 2.135000e+04  8.627412e+01 -2.036472e-02  1.963088e-02 -1.328353e-02 
 2.140000e+04  8.795535e+01 -2.051086e-02  1.976566e-02 -1.338023e-02 
 2.145000e+04  8.976826e+01 -2.066695e-02  1.990942e-02 -1.348340e-02 
 2.150000e+04  9.161996e+01 -2.082473e-02  2.005464e-02 -1.358776e-02 
 2.155000e+04  9.347166e+01 -2.098064e-02  2.019811e-02 -1.369079e-02 
 2.160000e+04  9.534558e+01 -2.113681e-02  2.034157e-02 -1.379379e-02 
 2.165000e+04  9.728987e+01 -2.129727e-02  2.048878e-02 -1.389958e-02 
 2.170000e+04  9.923416e+01 -2.145588e-02  2.063430e-02 -1.400417e-02 
 2.175000e+04  1.012003e+02 -2.161447e-02  2.077980e-02 -1.410866e-02 
 2.180000e+04  1.033439e+02 -2.178576e-02  2.093675e-02 -1.422139e-02 
 2.185000e+04  1.054875e+02 -2.195525e-02  2.109196e-02 -1.433292e-02 
 2.190000e+04  1.076310e+02 -2.212271e-02  2.124521e-02 -1.444304e-02 
 2.195000e+04  1.098454e+02 -2.229382e-02  2.140155e-02 -1.455544e-02 
 2.200000e+04  1.121884e+02 -2.247312e-02  2.156518e-02 -1.467313e-02 
 2.205000e+04  1.145517e+02 -2.265193e-02  2.172834e-02 -1.479044e-02 
 2.210000e+04  1.169150e+02 -2.282869e-02  2.188942e-02 -1.490626e-02 
 2.215000e+04  1.193752e+02 -2.301067e-02  2.205515e-02 -1.502549e-02 
 2.220000e+04  1.218566e+02 -2.319218e-02  2.222050e-02 -1.514440e-02 
 2.225000e+04  1.243381e+02 -2.337148e-02  2.238388e-02 -1.526183e-02 
 2.230000e+04  1.270400e+02 -2.356470e-02  2.255975e-02 -1.538823e-02 
 2.235000e+04  1.297758e+02 -2.375829e-02  2.273589e-02 -1.551489e-02 
 2.240000e+04  1.325116e+02 -2.394949e-02  2.290982e-02 -1.563996e-02 
 2.245000e+04  1.353273e+02 -2.414400e-02  2.308649e-02 -1.576696e-02 
 2.250000e+04  1.383436e+02 -2.435021e-02  2.327365e-02 -1.590152e-02 
 2.255000e+04  1.413598e+02 -2.455396e-02  2.345860e-02 -1.603452e-02 
 2.260000e+04  1.443790e+02 -2.475540e-02  2.364131e-02 -1.616590e-02 
 2.265000e+04  1.476031e+02 -2.496812e-02  2.383400e-02 -1.630451e-02 
 2.270000e+04  1.509285e+02 -2.518511e-02  2.403049e-02 -1.644587e-02 
 2.275000e+04  1.542539e+02 -2.539940e-02  2.422452e-02 -1.658540e-02 
 2.280000e+04  1.576458e+02 -2.561545e-02  2.441974e-02 -1.672582e-02 
 2.285000e+04  1.613050e+02 -2.584600e-02  2.462787e-02 -1.687563e-02 
 2.290000e+04  1.649713e+02 -2.607422e-02  2.483375e-02 -1.702387e-02 
 2.295000e+04  1.686375e+02 -2.629952e-02  2.503686e-02 -1.717011e-02 
 2.300000e+04  1.726145e+02 -2.654113e-02  2.525440e-02 -1.732683e-02 
 2.305000e+04  1.766565e+02 -2.678378e-02  2.547285e-02 -1.748420e-02 
 2.310000e+04  1.806985e+02 -2.702326e-02  2.568838e-02 -1.763940e-02 
 2.315000e+04  1.848996e+02 -2.726912e-02  2.590943e-02 -1.779859e-02 
 2.320000e+04  1.893559e+02 -2.752687e-02  2.614111e-02 -1.796551e-02 
 2.325000e+04  1.938123e+02 -2.778128e-02  2.636973e-02 -1.813023e-02 
 2.330000e+04  1.982820e+02 -2.803308e-02  2.659587e-02 -1.829315e-02 
 2.335000e+04  2.030875e+02 -2.830057e-02  2.683590e-02 -1.846616e-02 
 2.340000e+04  2.080006e+02 -2.857070e-02  2.707833e-02 -1.864086e-02 
 2.345000e+04  2.129137e+02 -2.883724e-02  2.731747e-02 -1.881313e-02 
 2.350000e+04  2.179890e+02 -2.910906e-02  2.756113e-02 -1.898872e-02 
 2.355000e+04  2.231478e+02 -2.938200e-02  2.780569e-02 -1.916505e-02 
 2.360000e+04  2.283065e+02 -2.965141e-02  2.804703e-02 -1.933907e-02 
 2.365000e+04  2.338223e+02 -2.993592e-02  2.830166e-02 -1.952267e-02 
 2.370000e+04  2.395098e+02 -3.022597e-02  2.856105e-02 -1.970980e-02 
 2.375000e+04  2.451974e+02 -3.051236e-02  2.881700e-02 -1.989451e-02 
 2.380000e+04  2.510055e+02 -3.080097e-02  2.907474e-02 -2.008054e-02 
 2.385000e+04  2.572760e+02 -3.110888e-02  2.934950e-02 -2.027897e-02 
 2.390000e+04  2.635465e+02 -3.141296e-02  2.962078e-02 -2.047494e-02 
 2.395000e+04  2.698171e+02 -3.171306e-02  2.988832e-02 -2.066825e-02 
 2.400000e+04  2.766196e+02 -3.203457e-02  3.017467e-02 -2.087526e-02 
 2.405000e+04  2.835329e+02 -3.235738e-02  3.046207e-02 -2.108315e-02 
 2.410000e+04  2.904461e+02 -3.267591e-02  3.074567e-02 -2.128828e-02 
 2.415000e+04  2.975052e+02 -3.299686e-02  3.103122e-02 -2.149488e-02 
 2.420000e+04  3.051271e+02 -3.333918e-02  3.133573e-02 -2.171528e-02 
 2.425000e+04  3.127490e+02 -3.367715e-02  3.163641e-02 -2.193296e-02 
 2.430000e+04  3.204318e+02 -3.401328e-02  3.193540e-02 -2.214946e-02 
 2.435000e+04  3.284347e+02 -3.435896e-02  3.224282e-02 -2.237216e-02 
 2.440000e+04  3.364377e+02 -3.470024e-02  3.254633e-02 -2.259209e-02 
 2.445000e+04  3.449020e+02 -3.505663e-02  3.286321e-02 -2.282175e-02 
 2.450000e+04  3.537253e+02 -3.542375e-02  3.318947e-02 -2.305831e-02 
 2.455000e+04  3.625485e+02 -3.578628e-02  3.351155e-02 -2.329200e-02 
 2.460000e+04  3.714953e+02 -3.614913e-02  3.383375e-02 -2.352588e-02 
 2.465000e+04  3.810284e+02 -3.653101e-02  3.417266e-02 -2.377202e-02 
 2.470000e+04  3.907560e+02 -3.691598e-02  3.451424e-02 -2.402028e-02 
 2.475000e+04  4.004836e+02 -3.729611e-02  3.485146e-02 -2.426551e-02 
 2.480000e+04  4.106198e+02 -3.768724e-02  3.519832e-02 -2.451787e-02 
 2.485000e+04  4.209053e+02 -3.807933e-02  3.554593e-02 -2.477092e-02 
 2.490000e+04  4.316301e+02 -3.848326e-02  3.590402e-02 -2.503176e-02 
 2.495000e+04  4.427623e+02 -3.889749e-02  3.627122e-02 -2.529937e-02 
 2.500000e+04  4.540233e+02 -3.931148e-02  3.663815e-02 -2.556694e-02 
 2.505000e+04  4.653782e+02 -3.972373e-02  3.700354e-02 -2.583353e-02 
 2.510000e+04  4.769522e+02 -4.013884e-02  3.737148e-02 -2.610216e-02 
 2.515000e+04  4.885263e+02 -4.054896e-02  3.773507e-02 -2.636777e-02 
 2.520000e+04  5.001004e+02 -4.095428e-02  3.809451e-02 -2.663047e-02 
 2.525000e+04  5.116745e+02 -4.135505e-02  3.844999e-02 -2.689036e-02 
 2.530000e+04  5.232485e+02 -4.175149e-02  3.880172e-02 -2.714762e-02 
 2.535000e+04  5.348226e+02 -4.214377e-02  3.914988e-02 -2.740238e-02 
 2.540000e+04  5.463967e+02 -4.253204e-02  3.949464e-02 -2.765474e-02 
 2.545000e+04  5.579708e+02 -4.291646e-02  3.983614e-02 -2.790484e-02 
 2.550000e+04  5.695448e+02 -4.329725e-02  4.017452e-02 -2.815281e-02 
 2.555000e+04  5.811189e+02 -4.367458e-02  4.050989e-02 -2.839873e-02 
 2.560000e+04  5.926930e+02 -4.404865e-02  4.084239e-02 -2.864273e-02 
 2.565000e+04  6.042671e+02 -4.441968e-02  4.117212e-02 -2.888487e-02 
 2.570000e+04  6.158411e+02 -4.478780e-02  4.149918e-02 -2.912524e-02 
 2.575000e+04  6.274152e+02 -4.515318e-02  4.182370e-02 -2.936395e-02 
 2.580000e+04  6.389893e+02 -4.551594e-02  4.214583e-02 -2.960110e-02 
 2.585000e+04  6.505633e+02 -4.587614e-02  4.246566e-02 -2.983675e-02 
 2.590000e+04  6.621374e+02 -4.623387e-02  4.278331e-02 -3.007099e-02 
 2.595000e+04  6.737115e+02 -4.658927e-02  4.309885e-02 -3.030394e-02 
 2.600000e+04  6.852856e+02 -4.694244e-02  4.341240e-02 -3.053565e-02 
 2.605000e+04  6.968596e+02 -4.729348e-02  4.372399e-02 -3.076591e-02 
 2.610000e+04  7.084337e+02 -4.764245e-02  4.403372e-02 -3.099200e-02 
 2.615000e+04  7.200078e+02 -4.798852e-02  4.434120e-02 -3.121629e-02 
 2.620000e+04  7.315819e+02 -4.833079e-02  4.464513e-02 -3.144061e-02 
 2.625000e+04  7.431559e+02 -4.867034e-02  4.494748e-02 -3.166467e-02 
 2.630000e+04  7.547300e+02 -4.900833e-02  4.524939e-02 -3.188937e-02 
 2.635000e+04  7.663041e+02 -4.934472e-02  4.555072e-02 -3.211330e-02 
 2.640000e+04  7.778782e+02 -4.968011e-02  4.585085e-02 -3.233563e-02 
 2.645000e+04  7.894522e+02 -5.001317e-02  4.614996e-02 -3.255666e-02 
 2.650000e+04  8.010263e+02 -5.034417e-02  4.644797e-02 -3.277732e-02 
 2.655000e+04  8.126004e+02 -5.067372e-02  4.674364e-02 -3.299711e-02 
 2.660000e+04  8.241745e+02 -5.100357e-02  4.703768e-02 -3.321526e-02 
 2.665000e+04  8.357485e+02 -5.133036e-02  4.733053e-02 -3.343310e-02 
 2.670000e+04  8.473226e+02 -5.165349e-02  4.762105e-02 -3.364882e-02 
 2.675000e+04  8.588967e+02 -5.197294e-02  4.791025e-02 -3.386425e-02 
 2.680000e+04  8.704708e+02 -5.229145e-02  4.819843e-02 -3.407596e-02 
 2.685000e+04  8.820448e+02 -5.260601e-02  4.848536e-02 -3.428502e-02 
 2.690000e+04  8.936189e+02 -5.292078e-02  4.877204e-02 -3.449419e-02 
 2.695000e+04  9.051930e+02 -5.323683e-02  4.905753e-02 -3.470475e-02 
 2.700000e+04  9.167671e+02 -5.355159e-02  4.934151e-02 -3.491551e-02 
 2.705000e+04  9.283411e+02 -5.386479e-02  4.962481e-02 -3.512696e-02 
 2.710000e+04  9.399152e+02 -5.418000e-02  4.990784e-02 -3.533862e-02 
 2.715000e+04  9.514893e+02 -5.449468e-02  5.018998e-02 -3.554948e-02 
 2.720000e+04  9.630633e+02 -5.480770e-02  5.047100e-02 -3.575850e-02 
 2.725000e+04  9.746374e+02 -5.511899e-02  5.075111e-02 -3.596655e-02 
 2.730000e+04  9.845448e+02 -5.538474e-02  5.098970e-02 -3.614407e-02 
 2.735000e+04  9.868596e+02 -5.544527e-02  5.104137e-02 -3.618369e-02 
 2.740000e+04  9.891745e+02 -5.550657e-02  5.109115e-02 -3.622284e-02 
 2.745000e+04  9.914893e+02 -5.556992e-02  5.114280e-02 -3.626310e-02 
 2.750000e+04  9.938041e+02 -5.563480e-02  5.119557e-02 -3.630370e-02 
 2.755000e+04  9.961189e+02 -5.570011e-02  5.124944e-02 -3.634448e-02 
 2.760000e+04  9.984337e+02 -5.576605e-02  5.130453e-02 -3.638607e-02 
 2.765000e+04  1.000749e+03 -5.583084e-02  5.135991e-02 -3.642781e-02 
 2.770000e+04  1.003063e+03 -5.589376e-02  5.141395e-02 -3.646864e-02 
 2.775000e+04  1.005378e+03 -5.595580e-02  5.146787e-02 -3.650903e-02 
 2.780000e+04  1.007693e+03 -5.601809e-02  5.152250e-02 -3.655007e-02 
 2.785000e+04  1.010008e+03 -5.608001e-02  5.157779e-02 -3.659175e-02 
 2.790000e+04  1.012323e+03 -5.614109e-02  5.163277e-02 -3.663363e-02 
 2.795000e+04  1.014637e+03 -5.620247e-02  5.168786e-02 -3.667540e-02 
 2.800000e+04  1.016952e+03 -5.626426e-02  5.174335e-02 -3.671665e-02 
 2.805000e+04  1.019267e+03 -5.632520e-02  5.179920e-02 -3.675707e-02 
 2.810000e+04  1.021582e+03 -5.638498e-02  5.185540e-02 -3.679725e-02 
 2.815000e+04  1.023897e+03 -5.644474e-02  5.191217e-02 -3.683808e-02 
 2.820000e+04  1.026211e+03 -5.650489e-02  5.196911e-02 -3.687944e-02 
 2.825000e+04  1.028526e+03 -5.656533e-02  5.202501e-02 -3.692070e-02 
 2.830000e+04  1.030841e+03 -5.662638e-02  5.208007e-02 -3.696189e-02 
 2.835000e+04  1.033156e+03 -5.668788e-02  5.213495e-02 -3.700317e-02 
 2.840000e+04  1.035471e+03 -5.675003e-02  5.218923e-02 -3.704420e-02 
 2.845000e+04  1.037786e+03 -5.681236e-02  5.224284e-02 -3.708486e-02 
 2.850000e+04  1.040100e+03 -5.687466e-02  5.229652e-02 -3.712547e-02 
 2.855000e+04  1.042415e+03 -5.693755e-02  5.235057e-02 -3.716633e-02 
 2.860000e+04  1.044730e+03 -5.700029e-02  5.240486e-02 -3.720729e-02 
 2.865000e+04  1.047045e+03 -5.706254e-02  5.245907e-02 -3.724818e-02 
 2.870000e+04  1.049360e+03 -5.712462e-02  5.251321e-02 -3.728909e-02 
 2.875000e+04  1.051674e+03 -5.718694e-02  5.256734e-02 -3.733011e-02 
 2.880000e+04  1.053989e+03 -5.724912e-02  5.262105e-02 -3.737118e-02 
 2.885000e+04  1.056304e+03 -5.731112e-02  5.267471e-02 -3.741209e-02 
 2.890000e+04  1.058619e+03 -5.737257e-02  5.272874e-02 -3.745295e-02 
 2.895000e+04  1.060934e+03 -5.743399e-02  5.278311e-02 -3.749372e-02 
 2.900000e+04  1.063249e+03 -5.749482e-02  5.283770e-02 -3.753437e-02 
 2.905000e+04  1.065563e+03 -5.755530e-02  5.289255e-02 -3.757494e-02 
 2.910000e+04  1.067878e+03 -5.761548e-02  5.294775e-02 -3.761581e-02 
 2.915000e+04  1.070193e+03 -5.767540e-02  5.300347e-02 -3.765672e-02 
 2.920000e+04  1.072508e+03 -5.773522e-02  5.305907e-02 -3.769743e-02 
 2.925000e+04  1.074823e+03 -5.779480e-02  5.311426e-02 -3.773798e-02 
 2.930000e+04  1.077137e+03 -5.785514e-02  5.316894e-02 -3.777867e-02 
 2.935000e+04  1.079452e+03 -5.791586e-02  5.322319e-02 -3.781939e-02 
 2.940000e+04  1.081767e+03 -5.797650e-02  5.327720e-02 -3.785980e-02 
 2.945000e+04  1.084082e+03 -5.803695e-02  5.333131e-02 -3.790030e-02 
 2.950000e+04  1.086397e+03 -5.809763e-02  5.338580e-02 -3.794083e-02 
 2.955000e+04  1.088711e+03 -5.815829e-02  5.344009e-02 -3.798126e-02 
 2.960000e+04  1.091026e+03 -5.821915e-02  5.349413e-02 -3.802162e-02 
 2.965000e+04  1.093341e+03 -5.827997e-02  5.354814e-02 -3.806199e-02 
 2.970000e+04  1.095656e+03 -5.834092e-02  5.360222e-02 -3.810239e-02 
 2.975000e+04  1.097971e+03 -5.840208e-02  5.365599e-02 -3.814288e-02 
 2.980000e+04  1.100286e+03 -5.846347e-02  5.370940e-02 -3.818346e-02 
 2.985000e+04  1.102600e+03 -5.852496e-02  5.376275e-02 -3.822396e-02 
 2.990000e+04  1.104915e+03 -5.858620e-02  5.381607e-02 -3.826443e-02 
 2.995000e+04  1.107230e+03 -5.864696e-02  5.386966e-02 -3.830481e-02 
 3.000000e+04  1.109545e+03 -5.870729e-02  5.392345e-02 -3.834514e-02 
 3.005000e+04  1.111860e+03 -5.876750e-02  5.397743e-02 -3.838554e-02 
 3.010000e+04  1.114174e+03 -5.882738e-02  5.403134e-02 -3.842589e-02 
 3.015000e+04  1.116489e+03 -5.888725e-02  5.408490e-02 -3.846614e-02 
 3.020000e+04  1.118804e+03 -5.894726e-02  5.413839e-02 -3.850640e-02 
 3.025000e+04  1.121119e+03 -5.900748e-02  5.419166e-02 -3.854660e-02 
 3.030000e+04  1.123434e+03 -5.906766e-02  5.424504e-02 -3.858677e-02 
 3.035000e+04  1.125749e+03 -5.912785e-02  5.429861e-02 -3.862689e-02 
 3.040000e+04  1.128063e+03 -5.918805e-02  5.435244e-02 -3.866695e-02 
 3.045000e+04  1.130378e+03 -5.924819e-02  5.440645e-02 -3.870698e-02 
 3.050000e+04  1.132693e+03 -5.930825e-02  5.446026e-02 -3.874707e-02 
 3.055000e+04  1.135008e+03 -5.936810e-02  5.451399e-02 -3.878718e-02 
 3.060000e+04  1.137364e+03 -5.942896e-02  5.456875e-02 -3.882812e-02 
 3.065000e+04  1.139795e+03 -5.949181e-02  5.462512e-02 -3.887034e-02 
 3.070000e+04  1.142289e+03 -5.955644e-02  5.468255e-02 -3.891369e-02 
 3.075000e+04  1.144841e+03 -5.962285e-02  5.474114e-02 -3.895790e-02 
 3.080000e+04  1.147393e+03 -5.968901e-02  5.479964e-02 -3.900210e-02 
 3.085000e+04  1.149945e+03 -5.975500e-02  5.485840e-02 -3.904621e-02 
 3.090000e+04  1.152497e+03 -5.982065e-02  5.491700e-02 -3.909024e-02 
 3.095000e+04  1.155049e+03 -5.988611e-02  5.497544e-02 -3.913422e-02 
 3.100000e+04  1.157601e+03 -5.995147e-02  5.503408e-02 -3.917824e-02 
 3.105000e+04  1.160153e+03 -6.001691e-02  5.509279e-02 -3.922220e-02 
 3.110000e+04  1.162705e+03 -6.008236e-02  5.515170e-02 -3.926608e-02 
 3.115000e+04  1.165336e+03 -6.014983e-02  5.521248e-02 -3.931147e-02 
 3.120000e+04  1.168145e+03 -6.022232e-02  5.527722e-02 -3.936008e-02 
 3.125000e+04  1.171099e+03 -6.029869e-02  5.534502e-02 -3.941109e-02 
 3.130000e+04  1.174054e+03 -6.037483e-02  5.541258e-02 -3.946187e-02 
 3.135000e+04  1.177008e+03 -6.045035e-02  5.548033e-02 -3.951267e-02 
 3.140000e+04  1.179962e+03 -6.052559e-02  5.554825e-02 -3.956359e-02 
 3.145000e+04  1.182917e+03 -6.060107e-02  5.561579e-02 -3.961436e-02 
 3.150000e+04  1.185871e+03 -6.067644e-02  5.568332e-02 -3.966497e-02 
 3.155000e+04  1.188905e+03 -6.075394e-02  5.575303e-02 -3.971706e-02 
 3.160000e+04  1.192007e+03 -6.083332e-02  5.582452e-02 -3.977029e-02 
 3.165000e+04  1.195109e+03 -6.091256e-02  5.589567e-02 -3.982335e-02 
 3.170000e+04  1.198258e+03 -6.099322e-02  5.596765e-02 -3.987701e-02 
 3.175000e+04  1.201515e+03 -6.107679e-02  5.604199e-02 -3.993278e-02 
 3.180000e+04  1.204919e+03 -6.116392e-02  5.611932e-02 -3.999120e-02 
 3.185000e+04  1.208339e+03 -6.125105e-02  5.619568e-02 -4.004987e-02 
 3.190000e+04  1.211759e+03 -6.133816e-02  5.627219e-02 -4.010842e-02 
 3.195000e+04  1.215179e+03 -6.142532e-02  5.634954e-02 -4.016665e-02 
 3.200000e+04  1.218599e+03 -6.151237e-02  5.642729e-02 -4.022450e-02 
 3.205000e+04  1.222019e+03 -6.159932e-02  5.650490e-02 -4.028227e-02 
 3.210000e+04  1.225439e+03 -6.168680e-02  5.658213e-02 -4.034037e-02 
 3.215000e+04  1.228859e+03 -6.177475e-02  5.665920e-02 -4.039873e-02 
 3.220000e+04  1.232279e+03 -6.186212e-02  5.673649e-02 -4.045723e-02 
 3.225000e+04  1.235747e+03 -6.194987e-02  5.681503e-02 -4.051647e-02 
 3.230000e+04  1.239338e+03 -6.204046e-02  5.689636e-02 -4.057768e-02 
 3.235000e+04  1.242929e+03 -6.213135e-02  5.697766e-02 -4.063880e-02 
 3.240000e+04  1.246606e+03 -6.222441e-02  5.706077e-02 -4.070122e-02 
 3.245000e+04  1.250554e+03 -6.232411e-02  5.715002e-02 -4.076802e-02 
 3.250000e+04  1.254513e+03 -6.242413e-02  5.723937e-02 -4.083521e-02 
 3.255000e+04  1.258472e+03 -6.252411e-02  5.732844e-02 -4.090246e-02 
 3.260000e+04  1.262431e+03 -6.262399e-02  5.741715e-02 -4.096957e-02 
 3.265000e+04  1.266391e+03 -6.272273e-02  5.750613e-02 -4.103643e-02 
 3.270000e+04  1.270350e+03 -6.282095e-02  5.759524e-02 -4.110354e-02 
 3.275000e+04  1.274309e+03 -6.291998e-02  5.768455e-02 -4.117066e-02 
 3.280000e+04  1.278268e+03 -6.301975e-02  5.777340e-02 -4.123757e-02 
 3.285000e+04  1.282227e+03 -6.311990e-02  5.786127e-02 -4.130419e-02 
 3.290000e+04  1.286186e+03 -6.321985e-02  5.794935e-02 -4.137073e-02 
 3.295000e+04  1.290145e+03 -6.331955e-02  5.803809e-02 -4.143735e-02 
 3.300000e+04  1.294104e+03 -6.341869e-02  5.812666e-02 -4.150392e-02 
 3.305000e+04  1.298064e+03 -6.351767e-02  5.821494e-02 -4.157031e-02 
 3.310000e+04  1.302239e+03 -6.362272e-02  5.830797e-02 -4.164055e-02 
 3.315000e+04  1.306855e+03 -6.373908e-02  5.841094e-02 -4.171847e-02 
 3.320000e+04  1.311896e+03 -6.386552e-02  5.852356e-02 -4.180339e-02 
 3.325000e+04  1.317202e+03 -6.399827e-02  5.864164e-02 -4.189265e-02 
 3.330000e+04  1.322508e+03 -6.413072e-02  5.875989e-02 -4.198187e-02 
 3.335000e+04  1.327813e+03 -6.426259e-02  5.887817e-02 -4.207046e-02 
 3.340000e+04  1.333119e+03 -6.439336e-02  5.899600e-02 -4.215883e-02 
 3.345000e+04  1.338424e+03 -6.452423e-02  5.911388e-02 -4.224692e-02 
 3.350000e+04  1.343730e+03 -6.465591e-02  5.923076e-02 -4.233438e-02 
 3.355000e+04  1.349036e+03 -6.478777e-02  5.934674e-02 -4.242173e-02 
 3.360000e+04  1.354341e+03 -6.491926e-02  5.946233e-02 -4.250981e-02 
 3.365000e+04  1.359647e+03 -6.505019e-02  5.957863e-02 -4.259816e-02 
 3.370000e+04  1.364952e+03 -6.518021e-02  5.969598e-02 -4.268675e-02 
 3.375000e+04  1.370258e+03 -6.530997e-02  5.981400e-02 -4.277538e-02 
 3.380000e+04  1.375564e+03 -6.544002e-02  5.993173e-02 -4.286379e-02 
 3.385000e+04  1.380869e+03 -6.557139e-02  6.004910e-02 -4.295187e-02 
 3.390000e+04  1.386175e+03 -6.570299e-02  6.016648e-02 -4.303982e-02 
 3.395000e+04  1.391480e+03 -6.583414e-02  6.028397e-02 -4.312769e-02 
 3.400000e+04  1.397043e+03 -6.597101e-02  6.040701e-02 -4.321991e-02 
 3.405000e+04  1.403121e+03 -6.612051e-02  6.054090e-02 -4.332078e-02 
 3.410000e+04  1.409263e+03 -6.627133e-02  6.067546e-02 -4.342278e-02 
 3.415000e+04  1.415405e+03 -6.642231e-02  6.080968e-02 -4.352468e-02 
 3.420000e+04  1.421547e+03 -6.657253e-02  6.094409e-02 -4.362634e-02 
 3.425000e+04  1.427688e+03 -6.672232e-02  6.107876e-02 -4.372742e-02 
 3.430000e+04  1.433830e+03 -6.687263e-02  6.121292e-02 -4.382790e-02 
 3.435000e+04  1.439972e+03 -6.702328e-02  6.134741e-02 -4.392861e-02 
 3.440000e+04  1.446114e+03 -6.717373e-02  6.148210e-02 -4.402967e-02 
 3.445000e+04  1.452719e+03 -6.733546e-02  6.162655e-02 -4.413846e-02 
 3.450000e+04  1.459490e+03 -6.750106e-02  6.177378e-02 -4.425014e-02 
 3.455000e+04  1.466262e+03 -6.766590e-02  6.191937e-02 -4.436125e-02 
 3.460000e+04  1.473033e+03 -6.782927e-02  6.206451e-02 -4.447186e-02 
 3.465000e+04  1.479805e+03 -6.799296e-02  6.221059e-02 -4.458240e-02 
 3.470000e+04  1.486576e+03 -6.815643e-02  6.235798e-02 -4.469269e-02 
 3.475000e+04  1.493347e+03 -6.832062e-02  6.250485e-02 -4.480247e-02 
 3.480000e+04  1.500119e+03 -6.848553e-02  6.265180e-02 -4.491259e-02 
 3.485000e+04  1.506890e+03 -6.865038e-02  6.279884e-02 -4.502333e-02 
 3.490000e+04  1.513662e+03 -6.881439e-02  6.294572e-02 -4.513416e-02 
 3.495000e+04  1.520433e+03 -6.897695e-02  6.309260e-02 -4.524479e-02 
 3.500000e+04  1.527205e+03 -6.913944e-02  6.323942e-02 -4.535558e-02 
 3.505000e+04  1.533976e+03 -6.930269e-02  6.338585e-02 -4.546584e-02 
 3.510000e+04  1.540747e+03 -6.946593e-02  6.353126e-02 -4.557548e-02 
 3.515000e+04  1.547519e+03 -6.962912e-02  6.367523e-02 -4.568465e-02 
 3.520000e+04  1.554290e+03 -6.979180e-02  6.381940e-02 -4.579381e-02 
 3.525000e+04  1.561062e+03 -6.995346e-02  6.396481e-02 -4.590319e-02 
 3.530000e+04  1.567833e+03 -7.011496e-02  6.411077e-02 -4.601268e-02 
 3.535000e+04  1.574605e+03 -7.027732e-02  6.425668e-02 -4.612223e-02 
 3.540000e+04  1.581376e+03 -7.044037e-02  6.440257e-02 -4.623213e-02 
 3.545000e+04  1.588168e+03 -7.060363e-02  6.454877e-02 -4.634237e-02 
 3.550000e+04  1.595783e+03 -7.078618e-02  6.471243e-02 -4.646551e-02 
 3.555000e+04  1.604393e+03 -7.099166e-02  6.489731e-02 -4.660460e-02 
 3.560000e+04  1.613035e+03 -7.119778e-02  6.508154e-02 -4.674412e-02 
 3.565000e+04  1.621677e+03 -7.140395e-02  6.526518e-02 -4.688287e-02 
 3.570000e+04  1.630319e+03 -7.161026e-02  6.544893e-02 -4.702120e-02 
 3.575000e+04  1.638962e+03 -7.181627e-02  6.563315e-02 -4.715973e-02 
 3.580000e+04  1.647604e+03 -7.202069e-02  6.581738e-02 -4.729764e-02 
 3.585000e+04  1.656246e+03 -7.222480e-02  6.600055e-02 -4.743577e-02 
 3.590000e+04  1.664888e+03 -7.242937e-02  6.618287e-02 -4.757467e-02 
 3.595000e+04  1.673531e+03 -7.263466e-02  6.636541e-02 -4.771407e-02 
 3.600000e+04  1.682173e+03 -7.284016e-02  6.654845e-02 -4.785280e-02 
 3.605000e+04  1.690815e+03 -7.304494e-02  6.673179e-02 -4.799116e-02 
 3.610000e+04  1.699457e+03 -7.324853e-02  6.691514e-02 -4.812923e-02 
 3.615000e+04  1.708100e+03 -7.345228e-02  6.709814e-02 -4.826689e-02 
 3.620000e+04  1.716742e+03 -7.365622e-02  6.728088e-02 -4.840402e-02 
 3.625000e+04  1.725384e+03 -7.386045e-02  6.746309e-02 -4.854064e-02 
 3.630000e+04  1.734026e+03 -7.406407e-02  6.764458e-02 -4.867758e-02 
 3.635000e+04  1.742669e+03 -7.426737e-02  6.782638e-02 -4.881495e-02 
 3.640000e+04  1.751311e+03 -7.447017e-02  6.800789e-02 -4.895262e-02 
 3.645000e+04  1.759953e+03 -7.467309e-02  6.818904e-02 -4.908984e-02 
 3.650000e+04  1.768967e+03 -7.488470e-02  6.837818e-02 -4.923308e-02 
 3.655000e+04  1.778041e+03 -7.509732e-02  6.856895e-02 -4.937732e-02 
 3.660000e+04  1.787116e+03 -7.530885e-02  6.875985e-02 -4.952038e-02 
 3.665000e+04  1.796545e+03 -7.552899e-02  6.895784e-02 -4.966877e-02 
 3.670000e+04  1.806550e+03 -7.576243e-02  6.916812e-02 -4.982664e-02 
 3.675000e+04  1.816554e+03 -7.599439e-02  6.937844e-02 -4.998485e-02 
 3.680000e+04  1.826559e+03 -7.622623e-02  6.958733e-02 -5.014285e-02 
 3.685000e+04  1.836804e+03 -7.646427e-02  6.980085e-02 -5.030393e-02 
 3.690000e+04  1.847308e+03 -7.670901e-02  7.001983e-02 -5.046938e-02 
 3.695000e+04  1.857813e+03 -7.695323e-02  7.023788e-02 -5.063425e-02 
 3.700000e+04  1.868318e+03 -7.719569e-02  7.045543e-02 -5.079811e-02 
 3.705000e+04  1.878822e+03 -7.743854e-02  7.067031e-02 -5.096221e-02 
 3.710000e+04  1.889327e+03 -7.768166e-02  7.088229e-02 -5.112547e-02 
 3.715000e+04  1.899832e+03 -7.792498e-02  7.109439e-02 -5.128875e-02 
 3.720000e+04  1.910337e+03 -7.816845e-02  7.130792e-02 -5.145186e-02 
 3.725000e+04  1.920841e+03 -7.841205e-02  7.152320e-02 -5.161517e-02 
 3.730000e+04  1.931346e+03 -7.865591e-02  7.173959e-02 -5.177890e-02 
 3.735000e+04  1.941851e+03 -7.889994e-02  7.195648e-02 -5.194280e-02 
 3.740000e+04  1.952355e+03 -7.914304e-02  7.217347e-02 -5.210692e-02 
 3.745000e+04  1.962860e+03 -7.938495e-02  7.239061e-02 -5.227085e-02 
 3.750000e+04  1.973365e+03 -7.962527e-02  7.260789e-02 -5.243426e-02 
 3.755000e+04  1.983870e+03 -7.986556e-02  7.282518e-02 -5.259757e-02 
 3.760000e+04  1.994374e+03 -8.010540e-02  7.304216e-02 -5.276110e-02 
 3.765000e+04  2.004879e+03 -8.034468e-02  7.325869e-02 -5.292434e-02 
 3.770000e+04  2.015384e+03 -8.058369e-02  7.347505e-02 -5.308744e-02 
 3.775000e+04  2.025889e+03 -8.082282e-02  7.369152e-02 -5.325007e-02 
 3.780000e+04  2.036393e+03 -8.106156e-02  7.390814e-02 -5.341216e-02 
 3.785000e+04  2.046898e+03 -8.129976e-02  7.412464e-02 -5.357411e-02 
 3.790000e+04  2.057403e+03 -8.153744e-02  7.434082e-02 -5.373623e-02 
 3.795000e+04  2.067907e+03 -8.177522e-02  7.455656e-02 -5.389828e-02 
 3.800000e+04  2.078412e+03 -8.201299e-02  7.477159e-02 -5.406023e-02 
 3.805000e+04  2.088917e+03 -8.225144e-02  7.498606e-02 -5.422185e-02 
 3.810000e+04  2.099422e+03 -8.249056e-02  7.519943e-02 -5.438345e-02 
 3.815000e+04  2.109926e+03 -8.272916e-02  7.541171e-02 -5.454460e-02 
 3.820000e+04  2.120431e+03 -8.296781e-02  7.562385e-02 -5.470504e-02 
 3.825000e+04  2.130936e+03 -8.320672e-02  7.583588e-02 -5.486524e-02 
 3.830000e+04  2.141440e+03 -8.344562e-02  7.604760e-02 -5.502486e-02 
 3.835000e+04  2.151945e+03 -8.368405e-02  7.625800e-02 -5.518435e-02 
 3.840000e+04  2.162450e+03 -8.392183e-02  7.646519e-02 -5.534475e-02 
 3.845000e+04  2.172955e+03 -8.415893e-02  7.667315e-02 -5.550540e-02 
 3.850000e+04  2.183459e+03 -8.439494e-02  7.688252e-02 -5.566510e-02 
 3.855000e+04  2.193964e+03 -8.463016e-02  7.709285e-02 -5.582371e-02 
 3.860000e+04  2.204469e+03 -8.486476e-02  7.730370e-02 -5.598197e-02 
 3.865000e+04  2.214974e+03 -8.509895e-02  7.751557e-02 -5.614099e-02 
 3.870000e+04  2.225478e+03 -8.533285e-02  7.772845e-02 -5.630020e-02 
 3.875000e+04  2.235983e+03 -8.556549e-02  7.794201e-02 -5.645936e-02 
 3.880000e+04  2.246488e+03 -8.579720e-02  7.815589e-02 -5.661843e-02 
 3.885000e+04  2.256992e+03 -8.602892e-02  7.836982e-02 -5.677752e-02 
 3.890000e+04  2.267497e+03 -8.626106e-02  7.858323e-02 -5.693685e-02 
 3.895000e+04  2.278002e+03 -8.649318e-02  7.879568e-02 -5.709592e-02 
 3.900000e+04  2.288507e+03 -8.672499e-02  7.900639e-02 -5.725468e-02 
 3.905000e+04  2.299011e+03 -8.695704e-02  7.921412e-02 -5.741282e-02 
 3.910000e+04  2.309516e+03 -8.718932e-02  7.941921e-02 -5.757071e-02 
 3.915000e+04  2.320021e+03 -8.742174e-02  7.962629e-02 -5.772762e-02 
 3.920000e+04  2.330525e+03 -8.765329e-02  7.983469e-02 -5.788429e-02 
 3.925000e+04  2.341030e+03 -8.788631e-02  8.004372e-02 -5.804089e-02 
 3.930000e+04  2.351535e+03 -8.812083e-02  8.025337e-02 -5.819810e-02 
 3.935000e+04  2.362040e+03 -8.835510e-02  8.046290e-02 -5.835559e-02 
 3.940000e+04  2.372544e+03 -8.858870e-02  8.067207e-02 -5.851311e-02 
 3.945000e+04  2.383049e+03 -8.882215e-02  8.088121e-02 -5.867088e-02 
 3.950000e+04  2.393554e+03 -8.905553e-02  8.109019e-02 -5.882862e-02 
 3.955000e+04  2.404058e+03 -8.928855e-02  8.129842e-02 -5.898646e-02 
 3.960000e+04  2.414563e+03 -8.952086e-02  8.150634e-02 -5.914428e-02 
 3.965000e+04  2.425068e+03 -8.975228e-02  8.171442e-02 -5.930187e-02 
 3.970000e+04  2.435573e+03 -8.998325e-02  8.192298e-02 -5.945898e-02 
 3.975000e+04  2.446077e+03 -9.021362e-02  8.213194e-02 -5.961541e-02 
 3.980000e+04  2.456582e+03 -9.044376e-02  8.234117e-02 -5.977131e-02 
 3.985000e+04  2.467087e+03 -9.067377e-02  8.255053e-02 -5.992733e-02 
 3.990000e+04  2.477592e+03 -9.090330e-02  8.275995e-02 -6.008384e-02 
 3.995000e+04  2.488096e+03 -9.113272e-02  8.296898e-02 -6.024067e-02 
 4.000000e+04  2.498601e+03 -9.136234e-02  8.317728e-02 -6.039751e-02 
 4.005000e+04  2.509106e+03 -9.159222e-02  8.338504e-02 -6.055422e-02 
 4.010000e+04  2.519610e+03 -9.182250e-02  8.359241e-02 -6.071059e-02 
 4.015000e+04  2.530115e+03 -9.205288e-02  8.379896e-02 -6.086684e-02 
 4.020000e+04  2.540620e+03 -9.228294e-02  8.400291e-02 -6.102281e-02 
 4.025000e+04  2.551125e+03 -9.251309e-02  8.420689e-02 -6.117822e-02 
 4.030000e+04  2.561629e+03 -9.274246e-02  8.441172e-02 -6.133359e-02 
 4.035000e+04  2.572134e+03 -9.297209e-02  8.461742e-02 -6.148902e-02 
 4.040000e+04  2.582639e+03 -9.320250e-02  8.482353e-02 -6.164450e-02 
 4.045000e+04  2.593143e+03 -9.343381e-02  8.502963e-02 -6.180004e-02 
 4.050000e+04  2.603648e+03 -9.366508e-02  8.523528e-02 -6.195579e-02 
 4.055000e+04  2.614153e+03 -9.389571e-02  8.544087e-02 -6.211165e-02 
 4.060000e+04  2.624658e+03 -9.412570e-02  8.564654e-02 -6.226745e-02 
 4.065000e+04  2.635162e+03 -9.435534e-02  8.585087e-02 -6.242308e-02 
 4.070000e+04  2.645667e+03 -9.458441e-02  8.605370e-02 -6.257830e-02 
 4.075000e+04  2.656172e+03 -9.481288e-02  8.625485e-02 -6.273292e-02 
 4.080000e+04  2.666677e+03 -9.504087e-02  8.645737e-02 -6.288733e-02 
 4.085000e+04  2.677181e+03 -9.526877e-02  8.666171e-02 -6.304170e-02 
 4.090000e+04  2.687686e+03 -9.549654e-02  8.686716e-02 -6.319604e-02 
 4.095000e+04  2.698191e+03 -9.572426e-02  8.707334e-02 -6.335031e-02 
 4.100000e+04  2.708695e+03 -9.595165e-02  8.727978e-02 -6.350478e-02 
 4.105000e+04  2.719200e+03 -9.617863e-02  8.748604e-02 -6.365925e-02 
 4.110000e+04  2.729705e+03 -9.640463e-02  8.769186e-02 -6.381368e-02 
 4.115000e+04  2.740210e+03 -9.663039e-02  8.789731e-02 -6.396814e-02 
 4.120000e+04  2.750714e+03 -9.685616e-02  8.810223e-02 -6.412263e-02 
 4.125000e+04  2.761219e+03 -9.708199e-02  8.830672e-02 -6.427693e-02 
 4.130000e+04  2.771724e+03 -9.730792e-02  8.851107e-02 -6.443107e-02 
 4.135000e+04  2.782228e+03 -9.753409e-02  8.871541e-02 -6.458508e-02 
 4.140000e+04  2.792733e+03 -9.776051e-02  8.891964e-02 -6.473880e-02 
 4.145000e+04  2.803238e+03 -9.798714e-02  8.912366e-02 -6.489227e-02 
 4.150000e+04  2.813743e+03 -9.821392e-02  8.932739e-02 -6.504558e-02 
 4.155000e+04  2.824247e+03 -9.843970e-02  8.953074e-02 -6.519899e-02 
 4.160000e+04  2.834752e+03 -9.866342e-02  8.973369e-02 -6.535239e-02 
 4.165000e+04  2.845257e+03 -9.888587e-02  8.993617e-02 -6.550582e-02 
 4.170000e+04  2.855761e+03 -9.910998e-02  9.013846e-02 -6.565937e-02 
 4.175000e+04  2.866266e+03 -9.933504e-02  9.034064e-02 -6.581249e-02 
 4.180000e+04  2.876771e+03 -9.956101e-02  9.054279e-02 -6.596523e-02 
 4.185000e+04  2.887276e+03 -9.978704e-02  9.074508e-02 -6.611802e-02 
 4.190000e+04  2.897780e+03 -1.000127e-01  9.094735e-02 -6.627092e-02 
 4.195000e+04  2.908285e+03 -1.002380e-01  9.115005e-02 -6.642390e-02 
 4.200000e+04  2.918790e+03 -1.004629e-01  9.135270e-02 -6.657669e-02 
 4.205000e+04  2.929295e+03 -1.006874e-01  9.155526e-02 -6.672937e-02 
 4.210000e+04  2.939799e+03 -1.009117e-01  9.175762e-02 -6.688213e-02 
 4.215000e+04  2.950304e+03 -1.011359e-01  9.195928e-02 -6.703478e-02 
 4.220000e+04  2.960809e+03 -1.013598e-01  9.215782e-02 -6.718723e-02 
 4.225000e+04  2.971313e+03 -1.015836e-01  9.235549e-02 -6.733966e-02 
 4.230000e+04  2.981818e+03 -1.018074e-01  9.255239e-02 -6.749175e-02 
 4.235000e+04  2.992323e+03 -1.020312e-01  9.274992e-02 -6.764301e-02 
 4.240000e+04  3.002828e+03 -1.022552e-01  9.294863e-02 -6.779372e-02 
 4.245000e+04  3.013332e+03 -1.024792e-01  9.314853e-02 -6.794436e-02 
 4.250000e+04  3.023837e+03 -1.027023e-01  9.334943e-02 -6.809542e-02 
 4.255000e+04  3.034342e+03 -1.029254e-01  9.355105e-02 -6.824673e-02 
 4.260000e+04  3.044846e+03 -1.031483e-01  9.375316e-02 -6.839818e-02 
 4.265000e+04  3.055351e+03 -1.033706e-01  9.395534e-02 -6.854990e-02 
 4.270000e+04  3.065856e+03 -1.035926e-01  9.415732e-02 -6.870191e-02 
 4.275000e+04  3.076361e+03 -1.038141e-01  9.435879e-02 -6.885393e-02 
 4.280000e+04  3.086865e+03 -1.040356e-01  9.455957e-02 -6.900579e-02 
 4.285000e+04  3.097370e+03 -1.042570e-01  9.476011e-02 -6.915735e-02 
 4.290000e+04  3.107875e+03 -1.044784e-01  9.496064e-02 -6.930847e-02 
 4.295000e+04  3.118380e+03 -1.046993e-01  9.516142e-02 -6.945911e-02 
 4.300000e+04  3.128884e+03 -1.049199e-01  9.536219e-02 -6.960971e-02 
 4.305000e+04  3.139389e+03 -1.051400e-01  9.556305e-02 -6.976036e-02 
 4.310000e+04  3.149894e+03 -1.053585e-01  9.576381e-02 -6.991097e-02 
 4.315000e+04  3.160398e+03 -1.055770e-01  9.596350e-02 -7.006139e-02 
 4.320000e+04  3.170903e+03 -1.057973e-01  9.616265e-02 -7.021169e-02 
 4.325000e+04  3.181408e+03 -1.060190e-01  9.636125e-02 -7.036159e-02 
 4.330000e+04  3.191913e+03 -1.062416e-01  9.655873e-02 -7.051137e-02 
 4.335000e+04  3.202417e+03 -1.064641e-01  9.675650e-02 -7.066148e-02 
 4.340000e+04  3.212922e+03 -1.066861e-01  9.695482e-02 -7.081190e-02 
 4.345000e+04  3.223427e+03 -1.069077e-01  9.715320e-02 -7.096215e-02 
 4.350000e+04  3.233931e+03 -1.071291e-01  9.735185e-02 -7.111245e-02 
 4.355000e+04  3.244436e+03 -1.073503e-01  9.755081e-02 -7.126271e-02 
 4.360000e+04  3.254941e+03 -1.075711e-01  9.774995e-02 -7.141287e-02 
 4.365000e+04  3.265446e+03 -1.077916e-01  9.794909e-02 -7.156306e-02 
 4.370000e+04  3.275950e+03 -1.080123e-01  9.814729e-02 -7.171328e-02 
 4.375000e+04  3.286455e+03 -1.082331e-01  9.834540e-02 -7.186342e-02 
 4.380000e+04  3.296960e+03 -1.084537e-01  9.854363e-02 -7.201307e-02 
 4.385000e+04  3.307464e+03 -1.086739e-01  9.874204e-02 -7.216257e-02 
 4.390000e+04  3.317969e+03 -1.088935e-01  9.894074e-02 -7.231206e-02 
 4.395000e+04  3.328474e+03 -1.091125e-01  9.913944e-02 -7.246153e-02 
 4.400000e+04  3.338979e+03 -1.093311e-01  9.933657e-02 -7.261098e-02 
 4.405000e+04  3.349483e+03 -1.095497e-01  9.953370e-02 -7.276001e-02 
 4.410000e+04  3.359988e+03 -1.097680e-01  9.973167e-02 -7.290893e-02 
 4.415000e+04  3.370493e+03 -1.099866e-01  9.992877e-02 -7.305812e-02 
 4.420000e+04  3.380998e+03 -1.102055e-01  1.001256e-01 -7.320692e-02 
 4.425000e+04  3.391502e+03 -1.104248e-01  1.003226e-01 -7.335570e-02 
 4.430000e+04  3.402007e+03 -1.106444e-01  1.005200e-01 -7.350452e-02 
 4.435000e+04  3.412512e+03 -1.108639e-01  1.007175e-01 -7.365333e-02 
 4.440000e+04  3.423016e+03 -1.110830e-01  1.009152e-01 -7.380212e-02 
 4.445000e+04  3.433521e+03 -1.113019e-01  1.011128e-01 -7.395100e-02 
 4.450000e+04  3.444026e+03 -1.115205e-01  1.013102e-01 -7.409998e-02 
 4.455000e+04  3.454531e+03 -1.117391e-01  1.015073e-01 -7.424889e-02 
 4.460000e+04  3.465035e+03 -1.119577e-01  1.017041e-01 -7.439764e-02 
 4.465000e+04  3.475540e+03 -1.121766e-01  1.019009e-01 -7.454622e-02 
 4.470000e+04  3.486045e+03 -1.123954e-01  1.020975e-01 -7.469444e-02 
 4.475000e+04  3.496549e+03 -1.126139e-01  1.022942e-01 -7.484208e-02 
 4.480000e+04  3.507054e+03 -1.128321e-01  1.024909e-01 -7.498994e-02 
 4.485000e+04  3.517559e+03 -1.130501e-01  1.026871e-01 -7.513773e-02 
 4.490000e+04  3.528064e+03 -1.132666e-01  1.028834e-01 -7.528550e-02 
 4.495000e+04  3.538568e+03 -1.134829e-01  1.030794e-01 -7.543336e-02 
 4.500000e+04  3.549073e+03 -1.137002e-01  1.032754e-01 -7.558131e-02 
 4.505000e+04  3.559578e+03 -1.139177e-01  1.034716e-01 -7.572896e-02 
 4.510000e+04  3.570083e+03 -1.141354e-01  1.036677e-01 -7.587650e-02 
 4.515000e+04  3.580587e+03 -1.143529e-01  1.038638e-01 -7.602420e-02 
 4.520000e+04  3.591092e+03 -1.145700e-01  1.040588e-01 -7.617201e-02 
 4.525000e+04  3.601597e+03 -1.147869e-01  1.042537e-01 -7.631961e-02 
 4.530000e+04  3.612101e+03 -1.150037e-01  1.044489e-01 -7.646692e-02 
 4.535000e+04  3.622606e+03 -1.152197e-01  1.046442e-01 -7.661428e-02 
 4.540000e+04  3.633111e+03 -1.154344e-01  1.048398e-01 -7.676153e-02 
 4.545000e+04  3.643616e+03 -1.156491e-01  1.050357e-01 -7.690903e-02 
 4.550000e+04  3.654120e+03 -1.158631e-01  1.052316e-01 -7.705620e-02 
 4.555000e+04  3.664625e+03 -1.160775e-01  1.054274e-01 -7.720293e-02 
 4.560000e+04  3.675130e+03 -1.162929e-01  1.056233e-01 -7.734948e-02 
 4.565000e+04  3.685634e+03 -1.165094e-01  1.058194e-01 -7.749594e-02 
 4.570000e+04  3.696139e+03 -1.167261e-01  1.060155e-01 -7.764291e-02 
 4.575000e+04  3.706644e+03 -1.169425e-01  1.062116e-01 -7.779018e-02 
 4.580000e+04  3.717149e+03 -1.171586e-01  1.064069e-01 -7.793763e-02 
 4.585000e+04  3.727653e+03 -1.173747e-01  1.066016e-01 -7.808486e-02 
 4.590000e+04  3.738158e+03 -1.175908e-01  1.067958e-01 -7.823190e-02 
 4.595000e+04  3.748663e+03 -1.178071e-01  1.069900e-01 -7.837877e-02 
 4.600000e+04  3.759167e+03 -1.180236e-01  1.071844e-01 -7.852564e-02 
 4.605000e+04  3.769672e+03 -1.182405e-01  1.073786e-01 -7.867245e-02 
 4.610000e+04  3.780177e+03 -1.184580e-01  1.075726e-01 -7.881883e-02 
 4.615000e+04  3.790682e+03 -1.186757e-01  1.077647e-01 -7.896503e-02 
 4.620000e+04  3.801186e+03 -1.188935e-01  1.079572e-01 -7.911145e-02 
 4.625000e+04  3.811691e+03 -1.191110e-01  1.081502e-01 -7.925818e-02 
 4.630000e+04  3.822196e+03 -1.193279e-01  1.083435e-01 -7.940475e-02 
 4.635000e+04  3.832701e+03 -1.195439e-01  1.085372e-01 -7.955133e-02 
 4.640000e+04  3.843205e+03 -1.197596e-01  1.087313e-01 -7.969800e-02 
 4.645000e+04  3.853710e+03 -1.199748e-01  1.089257e-01 -7.984450e-02 
 4.650000e+04  3.864215e+03 -1.201895e-01  1.091206e-01 -7.999070e-02 
 4.655000e+04  3.874719e+03 -1.204040e-01  1.093157e-01 -8.013685e-02 
 4.660000e+04  3.885224e+03 -1.206182e-01  1.095110e-01 -8.028303e-02 
 4.665000e+04  3.895729e+03 -1.208320e-01  1.097059e-01 -8.042907e-02 
 4.670000e+04  3.906234e+03 -1.210453e-01  1.098981e-01 -8.057506e-02 
 4.675000e+04  3.916738e+03 -1.212584e-01  1.100879e-01 -8.072087e-02 
 4.680000e+04  3.927243e+03 -1.214716e-01  1.102788e-01 -8.086579e-02 
 4.685000e+04  3.937748e+03 -1.216847e-01  1.104711e-01 -8.101078e-02 
 4.690000e+04  3.948252e+03 -1.218984e-01  1.106650e-01 -8.115584e-02 
 4.695000e+04  3.958757e+03 -1.221131e-01  1.108594e-01 -8.130130e-02 
 4.700000e+04  3.969262e+03 -1.223285e-01  1.110539e-01 -8.144679e-02 
 4.705000e+04  3.979767e+03 -1.225439e-01  1.112479e-01 -8.159205e-02 
 4.710000e+04  3.990271e+03 -1.227587e-01  1.114412e-01 -8.173719e-02 
 4.715000e+04  4.000776e+03 -1.229732e-01  1.116343e-01 -8.188250e-02 
 4.720000e+04  4.011281e+03 -1.231876e-01  1.118267e-01 -8.202813e-02 
 4.725000e+04  4.021786e+03 -1.234020e-01  1.120184e-01 -8.217399e-02 
 4.730000e+04  4.032290e+03 -1.236164e-01  1.122101e-01 -8.231991e-02 
 4.735000e+04  4.042795e+03 -1.238310e-01  1.124014e-01 -8.246553e-02 
 4.740000e+04  4.053300e+03 -1.240454e-01  1.125926e-01 -8.261036e-02 
 4.745000e+04  4.063804e+03 -1.242592e-01  1.127845e-01 -8.275479e-02 
 4.750000e+04  4.074309e+03 -1.244730e-01  1.129773e-01 -8.289958e-02 
 4.755000e+04  4.084814e+03 -1.246868e-01  1.131706e-01 -8.304448e-02 
 4.760000e+04  4.095319e+03 -1.249004e-01  1.133640e-01 -8.318940e-02 
 4.765000e+04  4.105823e+03 -1.251139e-01  1.135572e-01 -8.333439e-02 
 4.770000e+04  4.116328e+03 -1.253269e-01  1.137501e-01 -8.347947e-02 
 4.775000e+04  4.126833e+03 -1.255396e-01  1.139426e-01 -8.362440e-02 
 4.780000e+04  4.137337e+03 -1.257518e-01  1.141348e-01 -8.376936e-02 
 4.785000e+04  4.147842e+03 -1.259639e-01  1.143272e-01 -8.391413e-02 
 4.790000e+04  4.158347e+03 -1.261762e-01  1.145198e-01 -8.405881e-02 
 4.795000e+04  4.168852e+03 -1.263885e-01  1.147126e-01 -8.420337e-02 
 4.800000e+04  4.179356e+03 -1.266006e-01  1.149056e-01 -8.434775e-02 
 4.805000e+04  4.189861e+03 -1.268126e-01  1.150983e-01 -8.449190e-02 
 4.810000e+04  4.200904e+03 -1.270357e-01  1.153008e-01 -8.464354e-02 
 4.815000e+04  4.212478e+03 -1.272697e-01  1.155114e-01 -8.480268e-02 
 4.820000e+04  4.224052e+03 -1.275039e-01  1.157206e-01 -8.496183e-02 
 4.825000e+04  4.235626e+03 -1.277382e-01  1.159277e-01 -8.512062e-02 
 4.830000e+04  4.247200e+03 -1.279727e-01  1.161343e-01 -8.527929e-02 
 4.835000e+04  4.258774e+03 -1.282072e-01  1.163421e-01 -8.543759e-02 
 4.840000e+04  4.270348e+03 -1.284414e-01  1.165504e-01 -8.559534e-02 
 4.845000e+04  4.281922e+03 -1.286756e-01  1.167599e-01 -8.575280e-02 
 4.850000e+04  4.293496e+03 -1.289093e-01  1.169704e-01 -8.591078e-02 
 4.855000e+04  4.305070e+03 -1.291424e-01  1.171815e-01 -8.606894e-02 
 4.860000e+04  4.316645e+03 -1.293752e-01  1.173928e-01 -8.622716e-02 
 4.865000e+04  4.328219e+03 -1.296080e-01  1.176039e-01 -8.638534e-02 
 4.870000e+04  4.339793e+03 -1.298403e-01  1.178147e-01 -8.654378e-02 
 4.875000e+04  4.351367e+03 -1.300721e-01  1.180257e-01 -8.670234e-02 
 4.880000e+04  4.362941e+03 -1.303036e-01  1.182368e-01 -8.686092e-02 
 4.885000e+04  4.374515e+03 -1.305349e-01  1.184478e-01 -8.701932e-02 
 4.890000e+04  4.386089e+03 -1.307661e-01  1.186587e-01 -8.717729e-02 
 4.895000e+04  4.397663e+03 -1.309973e-01  1.188698e-01 -8.733500e-02 
 4.900000e+04  4.409237e+03 -1.312286e-01  1.190810e-01 -8.749275e-02 
 4.905000e+04  4.420811e+03 -1.314600e-01  1.192918e-01 -8.765053e-02 
 4.910000e+04  4.432385e+03 -1.316919e-01  1.195021e-01 -8.780838e-02 
 4.915000e+04  4.443959e+03 -1.319244e-01  1.197117e-01 -8.796636e-02 
 4.920000e+04  4.455533e+03 -1.321573e-01  1.199206e-01 -8.812428e-02 
 4.925000e+04  4.467107e+03 -1.323899e-01  1.201290e-01 -8.828195e-02 
 4.930000e+04  4.478682e+03 -1.326213e-01  1.203372e-01 -8.843948e-02 
 4.935000e+04  4.490256e+03 -1.328537e-01  1.205455e-01 -8.859683e-02 
 4.940000e+04  4.501830e+03 -1.330869e-01  1.207540e-01 -8.875396e-02 
 4.945000e+04  4.513404e+03 -1.333201e-01  1.209625e-01 -8.891110e-02 
 4.950000e+04  4.524978e+03 -1.335529e-01  1.211713e-01 -8.906840e-02 
 4.955000e+04  4.536552e+03 -1.337853e-01  1.213807e-01 -8.922591e-02 
 4.960000e+04  4.548126e+03 -1.340173e-01  1.215900e-01 -8.938345e-02 
 4.965000e+04  4.559700e+03 -1.342487e-01  1.217988e-01 -8.954077e-02 
 4.970000e+04  4.571274e+03 -1.344797e-01  1.220076e-01 -8.969794e-02 
 4.975000e+04  4.582848e+03 -1.347107e-01  1.222165e-01 -8.985505e-02 
 4.980000e+04  4.594422e+03 -1.349413e-01  1.224258e-01 -9.001217e-02 
 4.985000e+04  4.605996e+03 -1.351716e-01  1.226352e-01 -9.016921e-02 
 4.990000e+04  4.617570e+03 -1.354020e-01  1.228449e-01 -9.032622e-02 
 4.995000e+04  4.629145e+03 -1.356325e-01  1.230544e-01 -9.048322e-02 
 5.000000e+04  4.640719e+03 -1.358631e-01  1.232635e-01 -9.064008e-02 
 5.005000e+04  4.652293e+03 -1.360936e-01  1.234723e-01 -9.079684e-02 
 5.010000e+04  4.663867e+03 -1.363243e-01  1.236809e-01 -9.095359e-02 
 5.015000e+04  4.675441e+03 -1.365549e-01  1.238892e-01 -9.111015e-02 
 5.020000e+04  4.687015e+03 -1.367853e-01  1.240962e-01 -9.126655e-02 
 5.025000e+04  4.698589e+03 -1.370159e-01  1.243028e-01 -9.142265e-02 
 5.030000e+04  4.710163e+03 -1.372470e-01  1.245098e-01 -9.157895e-02 
 5.035000e+04  4.721737e+03 -1.374775e-01  1.247173e-01 -9.173547e-02 
 5.040000e+04  4.733311e+03 -1.377072e-01  1.249251e-01 -9.189183e-02 
 5.045000e+04  4.744885e+03 -1.379372e-01  1.251328e-01 -9.204796e-02 
 5.050000e+04  4.756459e+03 -1.381676e-01  1.253407e-01 -9.220419e-02 
 5.055000e+04  4.768033e+03 -1.383981e-01  1.255486e-01 -9.236043e-02 
 5.060000e+04  4.779607e+03 -1.386282e-01  1.257566e-01 -9.251656e-02 
 5.065000e+04  4.791182e+03 -1.388580e-01  1.259648e-01 -9.267268e-02 
 5.070000e+04  4.802756e+03 -1.390874e-01  1.261728e-01 -9.282888e-02 
 5.075000e+04  4.814330e+03 -1.393165e-01  1.263797e-01 -9.298501e-02 
 5.080000e+04  4.825904e+03 -1.395456e-01  1.265862e-01 -9.314105e-02 
 5.085000e+04  4.837478e+03 -1.397747e-01  1.267928e-01 -9.329698e-02 
 5.090000e+04  4.849052e+03 -1.400022e-01  1.269988e-01 -9.345241e-02 
 5.095000e+04  4.860626e+03 -1.402261e-01  1.272055e-01 -9.360700e-02 
 5.100000e+04  4.872200e+03 -1.404479e-01  1.274127e-01 -9.376228e-02 
 5.105000e+04  4.883774e+03 -1.406700e-01  1.276205e-01 -9.391685e-02 
 5.110000e+04  4.895348e+03 -1.408961e-01  1.278283e-01 -9.407056e-02 
 5.115000e+04  4.906922e+03 -1.411246e-01  1.280362e-01 -9.422453e-02 
 5.120000e+04  4.918496e+03 -1.413536e-01  1.282437e-01 -9.437926e-02 
 5.125000e+04  4.930070e+03 -1.415820e-01  1.284515e-01 -9.453475e-02 
 5.130000e+04  4.941645e+03 -1.418096e-01  1.286584e-01 -9.469033e-02 
 5.135000e+04  4.953219e+03 -1.420370e-01  1.288636e-01 -9.484549e-02 
 5.140000e+04  4.964793e+03 -1.422646e-01  1.290688e-01 -9.500065e-02 
 5.145000e+04  4.976367e+03 -1.424930e-01  1.292743e-01 -9.515579e-02 
 5.150000e+04  4.987941e+03 -1.427220e-01  1.294803e-01 -9.531077e-02 
 5.155000e+04  4.999515e+03 -1.429511e-01  1.296866e-01 -9.546549e-02 
 5.160000e+04  5.011089e+03 -1.431806e-01  1.298929e-01 -9.562015e-02 
 5.165000e+04  5.022663e+03 -1.434106e-01  1.300989e-01 -9.577505e-02 
 5.170000e+04  5.034237e+03 -1.436405e-01  1.303039e-01 -9.593002e-02 
 5.175000e+04  5.045811e+03 -1.438701e-01  1.305080e-01 -9.608491e-02 
 5.180000e+04  5.057385e+03 -1.440995e-01  1.307122e-01 -9.623985e-02 
 5.185000e+04  5.068959e+03 -1.443283e-01  1.309157e-01 -9.639496e-02 
 5.190000e+04  5.080533e+03 -1.445561e-01  1.311193e-01 -9.655000e-02 
 5.195000e+04  5.092107e+03 -1.447834e-01  1.313238e-01 -9.670458e-02 
 5.200000e+04  5.103682e+03 -1.450106e-01  1.315293e-01 -9.685909e-02 
 5.205000e+04  5.115256e+03 -1.452377e-01  1.317359e-01 -9.701334e-02 
 5.210000e+04  5.126830e+03 -1.454649e-01  1.319431e-01 -9.716758e-02 
 5.215000e+04  5.138404e+03 -1.456920e-01  1.321503e-01 -9.732192e-02 
 5.220000e+04  5.149978e+03 -1.459187e-01  1.323568e-01 -9.747631e-02 
 5.225000e+04  5.161552e+03 -1.461451e-01  1.325623e-01 -9.763076e-02 
 5.230000e+04  5.173126e+03 -1.463712e-01  1.327672e-01 -9.778496e-02 
 5.235000e+04  5.184700e+03 -1.465970e-01  1.329713e-01 -9.793920e-02 
 5.240000e+04  5.196274e+03 -1.468228e-01  1.331760e-01 -9.809313e-02 
 5.245000e+04  5.207848e+03 -1.470487e-01  1.333808e-01 -9.824720e-02 
 5.250000e+04  5.219422e+03 -1.472751e-01  1.335863e-01 -9.840107e-02 
 5.255000e+04  5.230996e+03 -1.475021e-01  1.337919e-01 -9.855489e-02 
 5.260000e+04  5.242570e+03 -1.477293e-01  1.339976e-01 -9.870863e-02 
 5.265000e+04  5.254145e+03 -1.479566e-01  1.342029e-01 -9.886234e-02 
 5.270000e+04  5.265719e+03 -1.481837e-01  1.344078e-01 -9.901609e-02 
 5.275000e+04  5.277293e+03 -1.484106e-01  1.346121e-01 -9.916991e-02 
 5.280000e+04  5.288867e+03 -1.486375e-01  1.348164e-01 -9.932389e-02 
