         Step [creep.tim... Z Displace... Z Displace... X Displace... 
------------- ------------- ------------- ------------- ------------- 
 5.250000e+03  1.276223e-07 -4.629353e-03  4.524540e-03 -2.433365e-03 
 5.300000e+03  3.886505e-06 -4.629530e-03  4.524616e-03 -2.433541e-03 
 5.350000e+03  3.497451e-05 -4.630170e-03  4.524693e-03 -2.433886e-03 
 5.400000e+03  2.350526e-04 -4.630245e-03  4.524764e-03 -2.433897e-03 
 5.450000e+03  1.061242e-03 -4.630538e-03  4.525231e-03 -2.434337e-03 
 5.500000e+03  3.045356e-03 -4.632219e-03  4.526668e-03 -2.435831e-03 
 5.550000e+03  7.458987e-03 -4.636451e-03  4.530513e-03 -2.439502e-03 
 5.600000e+03  1.251334e-02 -4.641573e-03  4.536142e-03 -2.443797e-03 
 5.650000e+03  1.772657e-02 -4.647790e-03  4.543430e-03 -2.448926e-03 
 5.700000e+03  2.468618e-02 -4.657330e-03  4.554800e-03 -2.456121e-03 
 5.750000e+03  3.280943e-02 -4.667765e-03  4.567192e-03 -2.463599e-03 
 5.800000e+03  4.104244e-02 -4.676735e-03  4.576728e-03 -2.469818e-03 
 5.850000e+03  4.927545e-02 -4.684849e-03  4.585128e-03 -2.475831e-03 
 5.900000e+03  5.750847e-02 -4.693137e-03  4.593846e-03 -2.482372e-03 
 5.950000e+03  6.574148e-02 -4.702141e-03  4.603290e-03 -2.489658e-03 
 6.000000e+03  7.397450e-02 -4.711736e-03  4.613266e-03 -2.497913e-03 
 6.050000e+03  8.363916e-02 -4.724090e-03  4.625286e-03 -2.507741e-03 
 6.100000e+03  9.414680e-02 -4.736930e-03  4.637499e-03 -2.516924e-03 
 6.150000e+03  1.046544e-01 -4.748256e-03  4.648208e-03 -2.524266e-03 
 6.200000e+03  1.151621e-01 -4.759126e-03  4.658507e-03 -2.531135e-03 
 6.250000e+03  1.256697e-01 -4.770315e-03  4.669618e-03 -2.538570e-03 
 6.300000e+03  1.361774e-01 -4.782206e-03  4.681657e-03 -2.547015e-03 
 6.350000e+03  1.467376e-01 -4.794328e-03  4.694164e-03 -2.556422e-03 
 6.400000e+03  1.595784e-01 -4.808419e-03  4.708883e-03 -2.568323e-03 
 6.450000e+03  1.736596e-01 -4.822729e-03  4.723229e-03 -2.580059e-03 
 6.500000e+03  1.877409e-01 -4.835947e-03  4.735946e-03 -2.589998e-03 
 6.550000e+03  2.018221e-01 -4.849170e-03  4.748763e-03 -2.599163e-03 
 6.600000e+03  2.159034e-01 -4.863180e-03  4.762650e-03 -2.608563e-03 
 6.650000e+03  2.299846e-01 -4.877725e-03  4.777959e-03 -2.618803e-03 
 6.700000e+03  2.440659e-01 -4.892506e-03  4.794375e-03 -2.629805e-03 
 6.750000e+03  2.588830e-01 -4.907478e-03  4.810800e-03 -2.641474e-03 
 6.800000e+03  2.755424e-01 -4.922845e-03  4.826772e-03 -2.653619e-03 
 6.850000e+03  2.933600e-01 -4.938193e-03  4.842292e-03 -2.665688e-03 
 6.900000e+03  3.113316e-01 -4.953470e-03  4.857791e-03 -2.677460e-03 
 6.950000e+03  3.293033e-01 -4.969082e-03  4.874071e-03 -2.689358e-03 
 7.000000e+03  3.472749e-01 -4.985743e-03  4.891283e-03 -2.701606e-03 
 7.050000e+03  3.652465e-01 -5.003452e-03  4.909223e-03 -2.714035e-03 
 7.100000e+03  3.836136e-01 -5.021404e-03  4.926955e-03 -2.726261e-03 
 7.150000e+03  4.031631e-01 -5.038512e-03  4.944090e-03 -2.738421e-03 
 7.200000e+03  4.229768e-01 -5.054602e-03  4.960775e-03 -2.750442e-03 
 7.250000e+03  4.427906e-01 -5.070517e-03  4.977193e-03 -2.762640e-03 
 7.300000e+03  4.626043e-01 -5.086686e-03  4.993642e-03 -2.775089e-03 
 7.350000e+03  4.829015e-01 -5.103859e-03  5.010864e-03 -2.788141e-03 
 7.400000e+03  5.064369e-01 -5.124413e-03  5.031227e-03 -2.803259e-03 
 7.450000e+03  5.305206e-01 -5.144995e-03  5.051301e-03 -2.817793e-03 
 7.500000e+03  5.552546e-01 -5.164644e-03  5.070570e-03 -2.831394e-03 
 7.550000e+03  5.805425e-01 -5.184262e-03  5.090002e-03 -2.845061e-03 
 7.600000e+03  6.058304e-01 -5.203868e-03  5.109816e-03 -2.859072e-03 
 7.650000e+03  6.311183e-01 -5.223111e-03  5.129845e-03 -2.873448e-03 
 7.700000e+03  6.565073e-01 -5.242280e-03  5.150110e-03 -2.888233e-03 
 7.750000e+03  6.850072e-01 -5.263701e-03  5.172662e-03 -2.904892e-03 
 7.800000e+03  7.142812e-01 -5.285041e-03  5.194420e-03 -2.921040e-03 
 7.850000e+03  7.435551e-01 -5.305721e-03  5.214999e-03 -2.935932e-03 
 7.900000e+03  7.728290e-01 -5.326349e-03  5.235531e-03 -2.950527e-03 
 7.950000e+03  8.021029e-01 -5.347388e-03  5.256547e-03 -2.965223e-03 
 8.000000e+03  8.313768e-01 -5.368377e-03  5.277858e-03 -2.980045e-03 
 8.050000e+03  8.607385e-01 -5.389240e-03  5.298993e-03 -2.995128e-03 
 8.100000e+03  8.925212e-01 -5.411087e-03  5.321275e-03 -3.011558e-03 
 8.150000e+03  9.247957e-01 -5.432104e-03  5.342965e-03 -3.027647e-03 
 8.200000e+03  9.570701e-01 -5.452506e-03  5.363840e-03 -3.042990e-03 
 8.250000e+03  9.893446e-01 -5.473078e-03  5.384677e-03 -3.058056e-03 
 8.300000e+03  1.021619e+00 -5.494219e-03  5.405746e-03 -3.073112e-03 
 8.350000e+03  1.054055e+00 -5.515896e-03  5.427037e-03 -3.088168e-03 
 8.400000e+03  1.088858e+00 -5.538998e-03  5.449498e-03 -3.104167e-03 
 8.450000e+03  1.126078e+00 -5.562764e-03  5.472801e-03 -3.120989e-03 
 8.500000e+03  1.163439e+00 -5.585360e-03  5.495463e-03 -3.137465e-03 
 8.550000e+03  1.200801e+00 -5.607267e-03  5.517704e-03 -3.153687e-03 
 8.600000e+03  1.238163e+00 -5.629167e-03  5.539961e-03 -3.169899e-03 
 8.650000e+03  1.275525e+00 -5.651134e-03  5.562412e-03 -3.186204e-03 
 8.700000e+03  1.315580e+00 -5.674738e-03  5.586662e-03 -3.203487e-03 
 8.750000e+03  1.357719e+00 -5.699396e-03  5.611754e-03 -3.221157e-03 
 8.800000e+03  1.401748e+00 -5.724824e-03  5.636922e-03 -3.238908e-03 
 8.850000e+03  1.447162e+00 -5.750587e-03  5.661964e-03 -3.256723e-03 
 8.900000e+03  1.492575e+00 -5.775877e-03  5.686736e-03 -3.274447e-03 
 8.950000e+03  1.537988e+00 -5.800519e-03  5.711437e-03 -3.292384e-03 
 9.000000e+03  1.583402e+00 -5.824731e-03  5.736209e-03 -3.310466e-03 
 9.050000e+03  1.628952e+00 -5.848841e-03  5.761002e-03 -3.328594e-03 
 9.100000e+03  1.676636e+00 -5.873786e-03  5.786586e-03 -3.346993e-03 
 9.150000e+03  1.726179e+00 -5.899373e-03  5.812530e-03 -3.365195e-03 
 9.200000e+03  1.776248e+00 -5.925101e-03  5.838319e-03 -3.383069e-03 
 9.250000e+03  1.826316e+00 -5.950803e-03  5.863798e-03 -3.400901e-03 
 9.300000e+03  1.876384e+00 -5.976273e-03  5.888872e-03 -3.418778e-03 
 9.350000e+03  1.926453e+00 -6.001441e-03  5.913506e-03 -3.436693e-03 
 9.400000e+03  1.978774e+00 -6.027219e-03  5.938960e-03 -3.455400e-03 
 9.450000e+03  2.031346e+00 -6.052368e-03  5.964162e-03 -3.473915e-03 
 9.500000e+03  2.084811e+00 -6.077363e-03  5.989451e-03 -3.492181e-03 
 9.550000e+03  2.140012e+00 -6.103128e-03  6.015491e-03 -3.510613e-03 
 9.600000e+03  2.195212e+00 -6.129059e-03  6.041632e-03 -3.528850e-03 
 9.650000e+03  2.251019e+00 -6.155242e-03  6.067846e-03 -3.547054e-03 
 9.700000e+03  2.310661e+00 -6.182950e-03  6.095383e-03 -3.566313e-03 
 9.750000e+03  2.371519e+00 -6.210807e-03  6.122688e-03 -3.585784e-03 
 9.800000e+03  2.432377e+00 -6.238002e-03  6.149192e-03 -3.605060e-03 
 9.850000e+03  2.493236e+00 -6.264435e-03  6.175196e-03 -3.624143e-03 
 9.900000e+03  2.554094e+00 -6.290474e-03  6.201179e-03 -3.643155e-03 
 9.950000e+03  2.614952e+00 -6.316374e-03  6.227462e-03 -3.662059e-03 
 1.000000e+04  2.677636e+00 -6.342966e-03  6.254598e-03 -3.681161e-03 
 1.005000e+04  2.744611e+00 -6.371267e-03  6.283375e-03 -3.701002e-03 
 1.010000e+04  2.815062e+00 -6.400869e-03  6.313126e-03 -3.721373e-03 
 1.015000e+04  2.885514e+00 -6.430068e-03  6.342039e-03 -3.741506e-03 
 1.020000e+04  2.955965e+00 -6.458721e-03  6.370214e-03 -3.761593e-03 
 1.025000e+04  3.026416e+00 -6.486848e-03  6.397968e-03 -3.781749e-03 
 1.030000e+04  3.096867e+00 -6.514697e-03  6.425462e-03 -3.801914e-03 
 1.035000e+04  3.167318e+00 -6.542257e-03  6.452818e-03 -3.821847e-03 
 1.040000e+04  3.240235e+00 -6.570523e-03  6.481007e-03 -3.842013e-03 
 1.045000e+04  3.315762e+00 -6.599547e-03  6.510107e-03 -3.862359e-03 
 1.050000e+04  3.393435e+00 -6.629168e-03  6.539914e-03 -3.882848e-03 
 1.055000e+04  3.471107e+00 -6.658600e-03  6.569336e-03 -3.903086e-03 
 1.060000e+04  3.549323e+00 -6.688042e-03  6.598387e-03 -3.923397e-03 
 1.065000e+04  3.630879e+00 -6.718415e-03  6.628052e-03 -3.944588e-03 
 1.070000e+04  3.712435e+00 -6.748209e-03  6.657058e-03 -3.965705e-03 
 1.075000e+04  3.793991e+00 -6.777399e-03  6.685600e-03 -3.986639e-03 
 1.080000e+04  3.875547e+00 -6.806215e-03  6.713991e-03 -4.007263e-03 
 1.085000e+04  3.957103e+00 -6.834864e-03  6.742478e-03 -4.027505e-03 
 1.090000e+04  4.039719e+00 -6.863764e-03  6.771433e-03 -4.047660e-03 
 1.095000e+04  4.127751e+00 -6.894436e-03  6.802271e-03 -4.068720e-03 
 1.100000e+04  4.219914e+00 -6.926243e-03  6.834166e-03 -4.090546e-03 
 1.105000e+04  4.314326e+00 -6.958437e-03  6.866053e-03 -4.112805e-03 
 1.110000e+04  4.408737e+00 -6.990001e-03  6.897061e-03 -4.135015e-03 
 1.115000e+04  4.503148e+00 -7.021042e-03  6.927489e-03 -4.157121e-03 
 1.120000e+04  4.597559e+00 -7.051724e-03  6.957702e-03 -4.179067e-03 
 1.125000e+04  4.691971e+00 -7.082196e-03  6.987839e-03 -4.200685e-03 
 1.130000e+04  4.787798e+00 -7.113026e-03  7.018383e-03 -4.222231e-03 
 1.135000e+04  4.886930e+00 -7.144683e-03  7.049992e-03 -4.244126e-03 
 1.140000e+04  4.990721e+00 -7.177499e-03  7.082956e-03 -4.266670e-03 
 1.145000e+04  5.094809e+00 -7.210052e-03  7.115564e-03 -4.289034e-03 
 1.150000e+04  5.200147e+00 -7.242600e-03  7.147841e-03 -4.311625e-03 
 1.155000e+04  5.309440e+00 -7.276078e-03  7.180578e-03 -4.334997e-03 
 1.160000e+04  5.418733e+00 -7.309153e-03  7.212718e-03 -4.358293e-03 
 1.165000e+04  5.528025e+00 -7.341781e-03  7.244499e-03 -4.381377e-03 
 1.170000e+04  5.640160e+00 -7.375020e-03  7.276974e-03 -4.404675e-03 
 1.175000e+04  5.754917e+00 -7.408750e-03  7.310230e-03 -4.428082e-03 
 1.180000e+04  5.869675e+00 -7.442293e-03  7.343458e-03 -4.451068e-03 
 1.185000e+04  5.986154e+00 -7.476063e-03  7.376985e-03 -4.474045e-03 
 1.190000e+04  6.106649e+00 -7.510623e-03  7.411416e-03 -4.497684e-03 
 1.195000e+04  6.230277e+00 -7.545589e-03  7.446006e-03 -4.521980e-03 
 1.200000e+04  6.356797e+00 -7.580795e-03  7.480683e-03 -4.546711e-03 
 1.205000e+04  6.486987e+00 -7.616571e-03  7.515733e-03 -4.571945e-03 
 1.210000e+04  6.619833e+00 -7.652868e-03  7.551164e-03 -4.597412e-03 
 1.215000e+04  6.752679e+00 -7.688933e-03  7.586442e-03 -4.622455e-03 
 1.220000e+04  6.885525e+00 -7.724713e-03  7.621587e-03 -4.647028e-03 
 1.225000e+04  7.019700e+00 -7.760591e-03  7.657069e-03 -4.671568e-03 
 1.230000e+04  7.159188e+00 -7.797465e-03  7.693748e-03 -4.696855e-03 
 1.235000e+04  7.298677e+00 -7.833867e-03  7.729942e-03 -4.721935e-03 
 1.240000e+04  7.441513e+00 -7.870647e-03  7.766354e-03 -4.747498e-03 
 1.245000e+04  7.587976e+00 -7.908065e-03  7.803051e-03 -4.773579e-03 
 1.250000e+04  7.734438e+00 -7.945113e-03  7.839211e-03 -4.799480e-03 
 1.255000e+04  7.880901e+00 -7.981810e-03  7.875011e-03 -4.825006e-03 
 1.260000e+04  8.034101e+00 -8.020036e-03  7.912225e-03 -4.851344e-03 
 1.265000e+04  8.187887e+00 -8.058174e-03  7.949479e-03 -4.877425e-03 
 1.270000e+04  8.341673e+00 -8.095939e-03  7.986546e-03 -4.903171e-03 
 1.275000e+04  8.495459e+00 -8.133190e-03  8.023319e-03 -4.928664e-03 
 1.280000e+04  8.656935e+00 -8.171915e-03  8.061615e-03 -4.955311e-03 
 1.285000e+04  8.818410e+00 -8.210152e-03  8.099402e-03 -4.981841e-03 
 1.290000e+04  8.982792e+00 -8.248674e-03  8.137225e-03 -5.008667e-03 
 1.295000e+04  9.156580e+00 -8.289036e-03  8.176671e-03 -5.036772e-03 
 1.300000e+04  9.334606e+00 -8.330197e-03  8.216758e-03 -5.065185e-03 
 1.305000e+04  9.512633e+00 -8.371117e-03  8.256555e-03 -5.093171e-03 
 1.310000e+04  9.690659e+00 -8.411643e-03  8.296050e-03 -5.120755e-03 
 1.315000e+04  9.868686e+00 -8.451734e-03  8.335313e-03 -5.148144e-03 
 1.320000e+04  1.004671e+01 -8.491351e-03  8.374387e-03 -5.175378e-03 
 1.325000e+04  1.022474e+01 -8.530428e-03  8.413061e-03 -5.202460e-03 
 1.330000e+04  1.041279e+01 -8.571293e-03  8.453418e-03 -5.230812e-03 
 1.335000e+04  1.060906e+01 -8.613719e-03  8.495067e-03 -5.260147e-03 
 1.340000e+04  1.080534e+01 -8.655949e-03  8.536174e-03 -5.289179e-03 
 1.345000e+04  1.100161e+01 -8.697844e-03  8.576755e-03 -5.317818e-03 
 1.350000e+04  1.119789e+01 -8.739412e-03  8.616990e-03 -5.346152e-03 
 1.355000e+04  1.139416e+01 -8.780698e-03  8.657019e-03 -5.374285e-03 
 1.360000e+04  1.159043e+01 -8.821481e-03  8.696735e-03 -5.402178e-03 
 1.365000e+04  1.179142e+01 -8.862790e-03  8.737083e-03 -5.430474e-03 
 1.370000e+04  1.200307e+01 -8.905890e-03  8.779342e-03 -5.460113e-03 
 1.375000e+04  1.221946e+01 -8.949535e-03  8.822158e-03 -5.490168e-03 
 1.380000e+04  1.243975e+01 -8.993494e-03  8.865190e-03 -5.520451e-03 
 1.385000e+04  1.266696e+01 -9.038579e-03  8.909091e-03 -5.551362e-03 
 1.390000e+04  1.289417e+01 -9.083451e-03  8.952568e-03 -5.581989e-03 
 1.395000e+04  1.312139e+01 -9.127914e-03  8.995646e-03 -5.612281e-03 
 1.400000e+04  1.334860e+01 -9.171831e-03  9.038313e-03 -5.642300e-03 
 1.405000e+04  1.357740e+01 -9.215672e-03  9.081040e-03 -5.672326e-03 
 1.410000e+04  1.381597e+01 -9.260885e-03  9.125286e-03 -5.703454e-03 
 1.415000e+04  1.405455e+01 -9.305641e-03  9.169200e-03 -5.734275e-03 
 1.420000e+04  1.429813e+01 -9.350959e-03  9.213630e-03 -5.765427e-03 
 1.425000e+04  1.454863e+01 -9.397326e-03  9.258986e-03 -5.797219e-03 
 1.430000e+04  1.479913e+01 -9.443387e-03  9.303809e-03 -5.828643e-03 
 1.435000e+04  1.504963e+01 -9.489105e-03  9.348015e-03 -5.859747e-03 
 1.440000e+04  1.530013e+01 -9.534444e-03  9.391788e-03 -5.890689e-03 
 1.445000e+04  1.555063e+01 -9.579445e-03  9.435266e-03 -5.921401e-03 
 1.450000e+04  1.580114e+01 -9.623963e-03  9.478453e-03 -5.951884e-03 
 1.455000e+04  1.605590e+01 -9.668878e-03  9.522052e-03 -5.982628e-03 
 1.460000e+04  1.632339e+01 -9.715714e-03  9.567524e-03 -6.014600e-03 
 1.465000e+04  1.659957e+01 -9.763644e-03  9.614200e-03 -6.047358e-03 
 1.470000e+04  1.687575e+01 -9.811188e-03  9.660387e-03 -6.079784e-03 
 1.475000e+04  1.715552e+01 -9.858994e-03  9.706715e-03 -6.112321e-03 
 1.480000e+04  1.744550e+01 -9.908296e-03  9.754284e-03 -6.145839e-03 
 1.485000e+04  1.773549e+01 -9.957132e-03  9.801362e-03 -6.179117e-03 
 1.490000e+04  1.802548e+01 -1.000535e-02  9.847983e-03 -6.212106e-03 
 1.495000e+04  1.831546e+01 -1.005318e-02  9.894292e-03 -6.244869e-03 
 1.500000e+04  1.860545e+01 -1.010067e-02  9.940431e-03 -6.277405e-03 
 1.505000e+04  1.889544e+01 -1.014772e-02  9.986243e-03 -6.309578e-03 
 1.510000e+04  1.918919e+01 -1.019499e-02  1.003234e-02 -6.341867e-03 
 1.515000e+04  1.949368e+01 -1.024377e-02  1.007983e-02 -6.375106e-03 
 1.520000e+04  1.979816e+01 -1.029227e-02  1.012686e-02 -6.408134e-03 
 1.525000e+04  2.010265e+01 -1.034026e-02  1.017329e-02 -6.440863e-03 
 1.530000e+04  2.041931e+01 -1.038984e-02  1.022105e-02 -6.474702e-03 
 1.535000e+04  2.073902e+01 -1.043967e-02  1.026899e-02 -6.508645e-03 
 1.540000e+04  2.105873e+01 -1.048898e-02  1.031653e-02 -6.542323e-03 
 1.545000e+04  2.138100e+01 -1.053831e-02  1.036412e-02 -6.575933e-03 
 1.550000e+04  2.171670e+01 -1.058935e-02  1.041346e-02 -6.610702e-03 
 1.555000e+04  2.205239e+01 -1.064006e-02  1.046254e-02 -6.645188e-03 
 1.560000e+04  2.238809e+01 -1.069028e-02  1.051108e-02 -6.679378e-03 
 1.565000e+04  2.273892e+01 -1.074240e-02  1.056141e-02 -6.714842e-03 
 1.570000e+04  2.310903e+01 -1.079713e-02  1.061401e-02 -6.752076e-03 
 1.575000e+04  2.347913e+01 -1.085142e-02  1.066610e-02 -6.788959e-03 
 1.580000e+04  2.384924e+01 -1.090519e-02  1.071762e-02 -6.825530e-03 
 1.585000e+04  2.421934e+01 -1.095859e-02  1.076886e-02 -6.861873e-03 
 1.590000e+04  2.458945e+01 -1.101154e-02  1.081991e-02 -6.897946e-03 
 1.595000e+04  2.495955e+01 -1.106400e-02  1.087058e-02 -6.933677e-03 
 1.600000e+04  2.533669e+01 -1.111698e-02  1.092185e-02 -6.969815e-03 
 1.605000e+04  2.572530e+01 -1.117126e-02  1.097445e-02 -7.006799e-03 
 1.610000e+04  2.611391e+01 -1.122520e-02  1.102660e-02 -7.043558e-03 
 1.615000e+04  2.650718e+01 -1.127932e-02  1.107882e-02 -7.080406e-03 
 1.620000e+04  2.691889e+01 -1.133565e-02  1.113297e-02 -7.118679e-03 
 1.625000e+04  2.734733e+01 -1.139389e-02  1.118892e-02 -7.158301e-03 
 1.630000e+04  2.777578e+01 -1.145164e-02  1.124435e-02 -7.197600e-03 
 1.635000e+04  2.820422e+01 -1.150890e-02  1.129929e-02 -7.236542e-03 
 1.640000e+04  2.864466e+01 -1.156739e-02  1.135548e-02 -7.276329e-03 
 1.645000e+04  2.909452e+01 -1.162664e-02  1.141258e-02 -7.316704e-03 
 1.650000e+04  2.954438e+01 -1.168540e-02  1.146916e-02 -7.356655e-03 
 1.655000e+04  3.000190e+01 -1.174476e-02  1.152622e-02 -7.396988e-03 
 1.660000e+04  3.047425e+01 -1.180583e-02  1.158471e-02 -7.438337e-03 
 1.665000e+04  3.094661e+01 -1.186640e-02  1.164257e-02 -7.479382e-03 
 1.670000e+04  3.141897e+01 -1.192644e-02  1.169987e-02 -7.520076e-03 
 1.675000e+04  3.191164e+01 -1.198866e-02  1.175913e-02 -7.562285e-03 
 1.680000e+04  3.240761e+01 -1.205085e-02  1.181848e-02 -7.604496e-03 
 1.685000e+04  3.290359e+01 -1.211240e-02  1.187741e-02 -7.646356e-03 
 1.690000e+04  3.340700e+01 -1.217437e-02  1.193679e-02 -7.688441e-03 
 1.695000e+04  3.392778e+01 -1.223815e-02  1.199794e-02 -7.731688e-03 
 1.700000e+04  3.444855e+01 -1.230145e-02  1.205870e-02 -7.774634e-03 
 1.705000e+04  3.496932e+01 -1.236414e-02  1.211885e-02 -7.817224e-03 
 1.710000e+04  3.551301e+01 -1.242913e-02  1.218106e-02 -7.861366e-03 
 1.715000e+04  3.605983e+01 -1.249416e-02  1.224319e-02 -7.905508e-03 
 1.720000e+04  3.660664e+01 -1.255864e-02  1.230475e-02 -7.949310e-03 
 1.725000e+04  3.715345e+01 -1.262255e-02  1.236579e-02 -7.992747e-03 
 1.730000e+04  3.772760e+01 -1.268919e-02  1.242963e-02 -8.038050e-03 
 1.735000e+04  3.830176e+01 -1.275548e-02  1.249310e-02 -8.083023e-03 
 1.740000e+04  3.887591e+01 -1.282118e-02  1.255605e-02 -8.127603e-03 
 1.745000e+04  3.949218e+01 -1.289121e-02  1.262306e-02 -8.175055e-03 
 1.750000e+04  4.012518e+01 -1.296279e-02  1.269137e-02 -8.223560e-03 
 1.755000e+04  4.075819e+01 -1.303381e-02  1.275901e-02 -8.271649e-03 
 1.760000e+04  4.139119e+01 -1.310419e-02  1.282593e-02 -8.319325e-03 
 1.765000e+04  4.205584e+01 -1.317771e-02  1.289568e-02 -8.369114e-03 
 1.770000e+04  4.272050e+01 -1.325072e-02  1.296493e-02 -8.418553e-03 
 1.775000e+04  4.338515e+01 -1.332299e-02  1.303363e-02 -8.467512e-03 
 1.780000e+04  4.405512e+01 -1.339535e-02  1.310246e-02 -8.516465e-03 
 1.785000e+04  4.475301e+01 -1.347029e-02  1.317379e-02 -8.567120e-03 
 1.790000e+04  4.545090e+01 -1.354458e-02  1.324457e-02 -8.617414e-03 
 1.795000e+04  4.615786e+01 -1.361918e-02  1.331558e-02 -8.667924e-03 
 1.800000e+04  4.690676e+01 -1.369769e-02  1.339027e-02 -8.721054e-03 
 1.805000e+04  4.767618e+01 -1.377789e-02  1.346635e-02 -8.775295e-03 
 1.810000e+04  4.844560e+01 -1.385723e-02  1.354174e-02 -8.829100e-03 
 1.815000e+04  4.921810e+01 -1.393628e-02  1.361678e-02 -8.882653e-03 
 1.820000e+04  5.002599e+01 -1.401850e-02  1.369478e-02 -8.938244e-03 
 1.825000e+04  5.083388e+01 -1.410005e-02  1.377230e-02 -8.993435e-03 
 1.830000e+04  5.164177e+01 -1.418089e-02  1.384912e-02 -9.048110e-03 
 1.835000e+04  5.250533e+01 -1.426673e-02  1.393064e-02 -9.106103e-03 
 1.840000e+04  5.339603e+01 -1.435473e-02  1.401405e-02 -9.165550e-03 
 1.845000e+04  5.428673e+01 -1.444193e-02  1.409662e-02 -9.224540e-03 
 1.850000e+04  5.518099e+01 -1.452869e-02  1.417868e-02 -9.283198e-03 
 1.855000e+04  5.611623e+01 -1.461892e-02  1.426389e-02 -9.344127e-03 
 1.860000e+04  5.705146e+01 -1.470851e-02  1.434850e-02 -9.404610e-03 
 1.865000e+04  5.798670e+01 -1.479722e-02  1.443233e-02 -9.464479e-03 
 1.870000e+04  5.896028e+01 -1.488892e-02  1.451902e-02 -9.526339e-03 
 1.875000e+04  5.998254e+01 -1.498460e-02  1.460943e-02 -9.590888e-03 
 1.880000e+04  6.101363e+01 -1.508020e-02  1.469976e-02 -9.655440e-03 
 1.885000e+04  6.205195e+01 -1.517556e-02  1.478984e-02 -9.719851e-03 
 1.890000e+04  6.313460e+01 -1.527434e-02  1.488305e-02 -9.786507e-03 
 1.895000e+04  6.421725e+01 -1.537247e-02  1.497552e-02 -9.852640e-03 
 1.900000e+04  6.529990e+01 -1.546970e-02  1.506704e-02 -9.918220e-03 
 1.905000e+04  6.641937e+01 -1.556939e-02  1.516097e-02 -9.985449e-03 
 1.910000e+04  6.761299e+01 -1.567498e-02  1.526047e-02 -1.005661e-02 
 1.915000e+04  6.880661e+01 -1.577967e-02  1.535910e-02 -1.012717e-02 
 1.920000e+04  7.000024e+01 -1.588342e-02  1.545675e-02 -1.019707e-02 
 1.925000e+04  7.125115e+01 -1.599130e-02  1.555828e-02 -1.026978e-02 
 1.930000e+04  7.250446e+01 -1.609860e-02  1.565926e-02 -1.034209e-02 
 1.935000e+04  7.375776e+01 -1.620491e-02  1.575923e-02 -1.041368e-02 
 1.940000e+04  7.503989e+01 -1.631286e-02  1.586058e-02 -1.048630e-02 
 1.945000e+04  7.640192e+01 -1.642681e-02  1.596749e-02 -1.056295e-02 
 1.950000e+04  7.778369e+01 -1.654139e-02  1.607502e-02 -1.064008e-02 
 1.955000e+04  7.916546e+01 -1.665491e-02  1.618147e-02 -1.071640e-02 
 1.960000e+04  8.060526e+01 -1.677238e-02  1.629147e-02 -1.079531e-02 
 1.965000e+04  8.205612e+01 -1.688982e-02  1.640143e-02 -1.087426e-02 
 1.970000e+04  8.350698e+01 -1.700613e-02  1.651035e-02 -1.095249e-02 
 1.975000e+04  8.501210e+01 -1.712582e-02  1.662237e-02 -1.103291e-02 
 1.980000e+04  8.661167e+01 -1.725227e-02  1.674049e-02 -1.111772e-02 
 1.985000e+04  8.821124e+01 -1.737768e-02  1.685758e-02 -1.120188e-02 
 1.990000e+04  8.981080e+01 -1.750176e-02  1.697344e-02 -1.128519e-02 
 1.995000e+04  9.148395e+01 -1.763059e-02  1.709362e-02 -1.137160e-02 
 2.000000e+04  9.316350e+01 -1.775889e-02  1.721336e-02 -1.145768e-02 
 2.005000e+04  9.484305e+01 -1.788598e-02  1.733200e-02 -1.154301e-02 
 2.010000e+04  9.659952e+01 -1.801778e-02  1.745496e-02 -1.163146e-02 
 2.015000e+04  9.845122e+01 -1.815573e-02  1.758366e-02 -1.172399e-02 
 2.020000e+04  1.003029e+02 -1.829251e-02  1.771117e-02 -1.181567e-02 
 2.025000e+04  1.021546e+02 -1.842796e-02  1.783737e-02 -1.190647e-02 
 2.030000e+04  1.040785e+02 -1.856764e-02  1.796735e-02 -1.200002e-02 
 2.035000e+04  1.060228e+02 -1.870775e-02  1.809765e-02 -1.209389e-02 
 2.040000e+04  1.079671e+02 -1.884655e-02  1.822670e-02 -1.218688e-02 
 2.045000e+04  1.099944e+02 -1.899004e-02  1.836002e-02 -1.228297e-02 
 2.050000e+04  1.121380e+02 -1.914078e-02  1.849990e-02 -1.238384e-02 
 2.055000e+04  1.142816e+02 -1.929023e-02  1.863851e-02 -1.248379e-02 
 2.060000e+04  1.164294e+02 -1.943857e-02  1.877599e-02 -1.258294e-02 
 2.065000e+04  1.187387e+02 -1.959687e-02  1.892243e-02 -1.268866e-02 
 2.070000e+04  1.211020e+02 -1.975764e-02  1.907102e-02 -1.279601e-02 
 2.075000e+04  1.234653e+02 -1.991682e-02  1.921817e-02 -1.290234e-02 
 2.080000e+04  1.258853e+02 -2.007843e-02  1.936738e-02 -1.301019e-02 
 2.085000e+04  1.284760e+02 -2.025014e-02  1.952579e-02 -1.312471e-02 
 2.090000e+04  1.310815e+02 -2.042122e-02  1.968363e-02 -1.323887e-02 
 2.095000e+04  1.336870e+02 -2.059053e-02  1.983988e-02 -1.335185e-02 
 2.100000e+04  1.364072e+02 -2.076588e-02  2.000156e-02 -1.346880e-02 
 2.105000e+04  1.391430e+02 -2.094071e-02  2.016279e-02 -1.358549e-02 
 2.110000e+04  1.418788e+02 -2.111385e-02  2.032248e-02 -1.370101e-02 
 2.115000e+04  1.447595e+02 -2.129460e-02  2.048900e-02 -1.382149e-02 
 2.120000e+04  1.477757e+02 -2.148241e-02  2.066197e-02 -1.394667e-02 
 2.125000e+04  1.507919e+02 -2.166843e-02  2.083325e-02 -1.407076e-02 
 2.130000e+04  1.538444e+02 -2.185488e-02  2.100477e-02 -1.419505e-02 
 2.135000e+04  1.571666e+02 -2.205626e-02  2.118982e-02 -1.432915e-02 
 2.140000e+04  1.604920e+02 -2.225612e-02  2.137328e-02 -1.446221e-02 
 2.145000e+04  1.638174e+02 -2.245402e-02  2.155491e-02 -1.459396e-02 
 2.150000e+04  1.673177e+02 -2.266052e-02  2.174410e-02 -1.473133e-02 
 2.155000e+04  1.709839e+02 -2.287508e-02  2.194052e-02 -1.487407e-02 
 2.160000e+04  1.746502e+02 -2.308762e-02  2.213500e-02 -1.501539e-02 
 2.165000e+04  1.783604e+02 -2.330073e-02  2.232970e-02 -1.515694e-02 
 2.170000e+04  1.823678e+02 -2.352903e-02  2.253800e-02 -1.530856e-02 
 2.175000e+04  1.864098e+02 -2.375717e-02  2.274614e-02 -1.546012e-02 
 2.180000e+04  1.904518e+02 -2.398294e-02  2.295216e-02 -1.561012e-02 
 2.185000e+04  1.947623e+02 -2.422153e-02  2.316964e-02 -1.576855e-02 
 2.190000e+04  1.992186e+02 -2.446604e-02  2.339252e-02 -1.593096e-02 
 2.195000e+04  2.036749e+02 -2.470802e-02  2.361320e-02 -1.609172e-02 
 2.200000e+04  2.082160e+02 -2.495221e-02  2.383567e-02 -1.625389e-02 
 2.205000e+04  2.130636e+02 -2.521061e-02  2.407093e-02 -1.642555e-02 
 2.210000e+04  2.179767e+02 -2.547004e-02  2.430707e-02 -1.659791e-02 
 2.215000e+04  2.228898e+02 -2.572689e-02  2.454071e-02 -1.676846e-02 
 2.220000e+04  2.280044e+02 -2.599185e-02  2.478148e-02 -1.694435e-02 
 2.225000e+04  2.331631e+02 -2.625669e-02  2.502204e-02 -1.712021e-02 
 2.230000e+04  2.383219e+02 -2.651895e-02  2.526020e-02 -1.729435e-02 
 2.235000e+04  2.439661e+02 -2.680337e-02  2.551817e-02 -1.748312e-02 
 2.240000e+04  2.499380e+02 -2.710191e-02  2.578867e-02 -1.768119e-02 
 2.245000e+04  2.559099e+02 -2.739750e-02  2.605628e-02 -1.787728e-02 
 2.250000e+04  2.618818e+02 -2.769015e-02  2.632086e-02 -1.807129e-02 
 2.255000e+04  2.680687e+02 -2.799057e-02  2.659205e-02 -1.827048e-02 
 2.260000e+04  2.743393e+02 -2.829217e-02  2.686438e-02 -1.847064e-02 
 2.265000e+04  2.806411e+02 -2.859242e-02  2.713544e-02 -1.866987e-02 
 2.270000e+04  2.874754e+02 -2.891524e-02  2.742658e-02 -1.888401e-02 
 2.275000e+04  2.943886e+02 -2.923887e-02  2.771840e-02 -1.909875e-02 
 2.280000e+04  3.013019e+02 -2.955935e-02  2.800732e-02 -1.931140e-02 
 2.285000e+04  3.085107e+02 -2.989024e-02  2.830549e-02 -1.953100e-02 
 2.290000e+04  3.161325e+02 -3.023703e-02  2.861790e-02 -1.976135e-02 
 2.295000e+04  3.237544e+02 -3.058054e-02  2.892733e-02 -1.998968e-02 
 2.300000e+04  3.314448e+02 -3.092377e-02  2.923637e-02 -2.021786e-02 
 2.305000e+04  3.397759e+02 -3.129236e-02  2.956803e-02 -2.046288e-02 
 2.310000e+04  3.481790e+02 -3.166084e-02  2.989953e-02 -2.070790e-02 
 2.315000e+04  3.565821e+02 -3.202579e-02  3.022767e-02 -2.095063e-02 
 2.320000e+04  3.656100e+02 -3.241437e-02  3.057670e-02 -2.120909e-02 
 2.325000e+04  3.748744e+02 -3.280973e-02  3.093162e-02 -2.147219e-02 
 2.330000e+04  3.841388e+02 -3.320137e-02  3.128303e-02 -2.173292e-02 
 2.335000e+04  3.938539e+02 -3.360828e-02  3.164781e-02 -2.200385e-02 
 2.340000e+04  4.040679e+02 -3.403253e-02  3.202785e-02 -2.228637e-02 
 2.345000e+04  4.142819e+02 -3.445293e-02  3.240430e-02 -2.256643e-02 
 2.350000e+04  4.244960e+02 -3.486943e-02  3.277701e-02 -2.284354e-02 
 2.355000e+04  4.347100e+02 -3.528220e-02  3.314570e-02 -2.311761e-02 
 2.360000e+04  4.449240e+02 -3.569156e-02  3.350931e-02 -2.339012e-02 
 2.365000e+04  4.551380e+02 -3.609723e-02  3.387112e-02 -2.366074e-02 
 2.370000e+04  4.653520e+02 -3.649982e-02  3.423091e-02 -2.392815e-02 
 2.375000e+04  4.755660e+02 -3.689938e-02  3.458685e-02 -2.419419e-02 
 2.380000e+04  4.857801e+02 -3.729545e-02  3.493993e-02 -2.445849e-02 
 2.385000e+04  4.959941e+02 -3.768789e-02  3.529119e-02 -2.472163e-02 
 2.390000e+04  5.062081e+02 -3.807709e-02  3.564051e-02 -2.498271e-02 
 2.395000e+04  5.164221e+02 -3.846389e-02  3.598774e-02 -2.524114e-02 
 2.400000e+04  5.266361e+02 -3.884632e-02  3.633280e-02 -2.549702e-02 
 2.405000e+04  5.368501e+02 -3.922594e-02  3.667414e-02 -2.575155e-02 
 2.410000e+04  5.470642e+02 -3.960367e-02  3.701249e-02 -2.600464e-02 
 2.415000e+04  5.572782e+02 -3.997819e-02  3.734991e-02 -2.625798e-02 
 2.420000e+04  5.674922e+02 -4.035097e-02  3.768512e-02 -2.651093e-02 
 2.425000e+04  5.777062e+02 -4.072199e-02  3.801823e-02 -2.676231e-02 
 2.430000e+04  5.879202e+02 -4.109153e-02  3.834967e-02 -2.701237e-02 
 2.435000e+04  5.981342e+02 -4.145992e-02  3.867920e-02 -2.726069e-02 
 2.440000e+04  6.083483e+02 -4.182662e-02  3.900632e-02 -2.750485e-02 
 2.445000e+04  6.185623e+02 -4.219041e-02  3.933157e-02 -2.774735e-02 
 2.450000e+04  6.287763e+02 -4.255216e-02  3.965413e-02 -2.798941e-02 
 2.455000e+04  6.389903e+02 -4.291096e-02  3.997316e-02 -2.823149e-02 
 2.460000e+04  6.492043e+02 -4.326789e-02  4.029093e-02 -2.847315e-02 
 2.465000e+04  6.594183e+02 -4.362476e-02  4.060770e-02 -2.871481e-02 
 2.470000e+04  6.696324e+02 -4.398013e-02  4.092353e-02 -2.895579e-02 
 2.475000e+04  6.798464e+02 -4.433307e-02  4.123798e-02 -2.919422e-02 
 2.480000e+04  6.900604e+02 -4.468401e-02  4.155153e-02 -2.943128e-02 
 2.485000e+04  7.002744e+02 -4.503276e-02  4.186349e-02 -2.966751e-02 
 2.490000e+04  7.104884e+02 -4.538136e-02  4.217444e-02 -2.990341e-02 
 2.495000e+04  7.207024e+02 -4.572855e-02  4.248401e-02 -3.013915e-02 
 2.500000e+04  7.309165e+02 -4.607345e-02  4.279221e-02 -3.037252e-02 
 2.505000e+04  7.411305e+02 -4.641656e-02  4.309889e-02 -3.060459e-02 
 2.510000e+04  7.513445e+02 -4.675884e-02  4.340329e-02 -3.083597e-02 
 2.515000e+04  7.615585e+02 -4.709990e-02  4.370518e-02 -3.106638e-02 
 2.520000e+04  7.717725e+02 -4.743852e-02  4.400651e-02 -3.129571e-02 
 2.525000e+04  7.819865e+02 -4.777592e-02  4.430634e-02 -3.152484e-02 
 2.530000e+04  7.922005e+02 -4.811035e-02  4.460431e-02 -3.175230e-02 
 2.535000e+04  8.024146e+02 -4.844314e-02  4.490124e-02 -3.197881e-02 
 2.540000e+04  8.126286e+02 -4.877524e-02  4.519865e-02 -3.220566e-02 
 2.545000e+04  8.228426e+02 -4.910631e-02  4.549612e-02 -3.243194e-02 
 2.550000e+04  8.330566e+02 -4.943691e-02  4.579289e-02 -3.265792e-02 
 2.555000e+04  8.432706e+02 -4.976752e-02  4.608881e-02 -3.288396e-02 
 2.560000e+04  8.534846e+02 -5.009752e-02  4.638323e-02 -3.310909e-02 
 2.565000e+04  8.636987e+02 -5.042603e-02  4.667643e-02 -3.333209e-02 
 2.570000e+04  8.739127e+02 -5.075194e-02  4.696833e-02 -3.355404e-02 
 2.575000e+04  8.841267e+02 -5.107749e-02  4.725750e-02 -3.377563e-02 
 2.580000e+04  8.943407e+02 -5.140207e-02  4.754625e-02 -3.399652e-02 
 2.585000e+04  9.045547e+02 -5.172587e-02  4.783461e-02 -3.421660e-02 
 2.590000e+04  9.147687e+02 -5.204865e-02  4.811995e-02 -3.443555e-02 
 2.595000e+04  9.249828e+02 -5.237072e-02  4.840332e-02 -3.465511e-02 
 2.600000e+04  9.351968e+02 -5.269006e-02  4.868729e-02 -3.487433e-02 
 2.605000e+04  9.454108e+02 -5.300885e-02  4.897143e-02 -3.509271e-02 
 2.610000e+04  9.556248e+02 -5.332677e-02  4.925549e-02 -3.531003e-02 
 2.615000e+04  9.658388e+02 -5.364469e-02  4.953955e-02 -3.552768e-02 
 2.620000e+04  9.760528e+02 -5.396250e-02  4.982305e-02 -3.574463e-02 
 2.625000e+04  9.862669e+02 -5.427922e-02  5.010573e-02 -3.596107e-02 
 2.630000e+04  9.964809e+02 -5.459479e-02  5.038784e-02 -3.617741e-02 
 2.635000e+04  1.006695e+03 -5.490923e-02  5.066882e-02 -3.639367e-02 
 2.640000e+04  1.016909e+03 -5.522315e-02  5.094837e-02 -3.660878e-02 
 2.645000e+04  1.027123e+03 -5.553692e-02  5.122713e-02 -3.682176e-02 
 2.650000e+04  1.037337e+03 -5.584983e-02  5.150340e-02 -3.703362e-02 
 2.655000e+04  1.047551e+03 -5.616180e-02  5.177903e-02 -3.724537e-02 
 2.660000e+04  1.057765e+03 -5.646960e-02  5.205483e-02 -3.745729e-02 
 2.665000e+04  1.067979e+03 -5.677664e-02  5.232990e-02 -3.766851e-02 
 2.670000e+04  1.078193e+03 -5.708405e-02  5.260493e-02 -3.788038e-02 
 2.675000e+04  1.088407e+03 -5.739183e-02  5.287928e-02 -3.809196e-02 
 2.680000e+04  1.098621e+03 -5.769978e-02  5.315329e-02 -3.830344e-02 
 2.685000e+04  1.108835e+03 -5.800715e-02  5.342721e-02 -3.851473e-02 
 2.690000e+04  1.119049e+03 -5.831356e-02  5.370080e-02 -3.872503e-02 
 2.695000e+04  1.129263e+03 -5.861935e-02  5.397375e-02 -3.893409e-02 
 2.700000e+04  1.139477e+03 -5.892436e-02  5.424475e-02 -3.914105e-02 
 2.705000e+04  1.149691e+03 -5.922607e-02  5.451289e-02 -3.934778e-02 
 2.710000e+04  1.159905e+03 -5.952842e-02  5.478098e-02 -3.955496e-02 
 2.715000e+04  1.170119e+03 -5.982986e-02  5.504932e-02 -3.976296e-02 
 2.720000e+04  1.180333e+03 -6.013150e-02  5.531829e-02 -3.997129e-02 
 2.725000e+04  1.190547e+03 -6.043287e-02  5.558753e-02 -4.017947e-02 
 2.730000e+04  1.200761e+03 -6.073366e-02  5.585623e-02 -4.038646e-02 
 2.735000e+04  1.210975e+03 -6.103408e-02  5.612434e-02 -4.059287e-02 
 2.740000e+04  1.221189e+03 -6.133333e-02  5.639231e-02 -4.079866e-02 
 2.745000e+04  1.231403e+03 -6.163084e-02  5.665968e-02 -4.100311e-02 
 2.750000e+04  1.241617e+03 -6.192807e-02  5.692477e-02 -4.120489e-02 
 2.755000e+04  1.251831e+03 -6.222296e-02  5.718950e-02 -4.140713e-02 
 2.760000e+04  1.262045e+03 -6.251701e-02  5.745465e-02 -4.161024e-02 
 2.765000e+04  1.272259e+03 -6.280999e-02  5.771932e-02 -4.181397e-02 
 2.770000e+04  1.282473e+03 -6.310355e-02  5.798361e-02 -4.201756e-02 
 2.775000e+04  1.292687e+03 -6.339752e-02  5.824767e-02 -4.222091e-02 
 2.780000e+04  1.302901e+03 -6.369188e-02  5.850918e-02 -4.242351e-02 
 2.785000e+04  1.313115e+03 -6.398592e-02  5.877063e-02 -4.262465e-02 
 2.790000e+04  1.323329e+03 -6.427867e-02  5.903213e-02 -4.282505e-02 
 2.795000e+04  1.333543e+03 -6.457039e-02  5.929369e-02 -4.302505e-02 
 2.800000e+04  1.343757e+03 -6.486080e-02  5.955494e-02 -4.322567e-02 
 2.805000e+04  1.353971e+03 -6.515192e-02  5.981430e-02 -4.342649e-02 
 2.810000e+04  1.364185e+03 -6.544233e-02  6.007377e-02 -4.362756e-02 
 2.815000e+04  1.374399e+03 -6.573214e-02  6.033323e-02 -4.382874e-02 
 2.820000e+04  1.384613e+03 -6.602213e-02  6.059270e-02 -4.402927e-02 
 2.825000e+04  1.394828e+03 -6.631204e-02  6.085159e-02 -4.422891e-02 
 2.830000e+04  1.405042e+03 -6.660136e-02  6.110993e-02 -4.442725e-02 
 2.835000e+04  1.415256e+03 -6.688909e-02  6.136764e-02 -4.462535e-02 
 2.840000e+04  1.425470e+03 -6.717705e-02  6.162444e-02 -4.482352e-02 
 2.845000e+04  1.435684e+03 -6.746325e-02  6.188145e-02 -4.502163e-02 
 2.850000e+04  1.445898e+03 -6.774824e-02  6.213857e-02 -4.522036e-02 
 2.855000e+04  1.456112e+03 -6.803342e-02  6.239567e-02 -4.541886e-02 
 2.860000e+04  1.466326e+03 -6.831865e-02  6.265241e-02 -4.561643e-02 
 2.865000e+04  1.476540e+03 -6.860402e-02  6.290870e-02 -4.581380e-02 
 2.870000e+04  1.486754e+03 -6.888877e-02  6.316500e-02 -4.601066e-02 
 2.875000e+04  1.496968e+03 -6.917352e-02  6.342090e-02 -4.620769e-02 
 2.880000e+04  1.507182e+03 -6.945755e-02  6.367585e-02 -4.640467e-02 
 2.885000e+04  1.517396e+03 -6.974051e-02  6.392990e-02 -4.660091e-02 
 2.890000e+04  1.527610e+03 -7.002356e-02  6.418355e-02 -4.679607e-02 
 2.895000e+04  1.537824e+03 -7.030646e-02  6.443684e-02 -4.699085e-02 
 2.900000e+04  1.548038e+03 -7.058880e-02  6.468859e-02 -4.718541e-02 
 2.905000e+04  1.558252e+03 -7.087118e-02  6.493925e-02 -4.737962e-02 
 2.910000e+04  1.568466e+03 -7.115172e-02  6.519096e-02 -4.757381e-02 
 2.915000e+04  1.578680e+03 -7.143265e-02  6.544241e-02 -4.776869e-02 
 2.920000e+04  1.588894e+03 -7.171250e-02  6.569377e-02 -4.796352e-02 
 2.925000e+04  1.599108e+03 -7.199257e-02  6.594452e-02 -4.815746e-02 
 2.930000e+04  1.609322e+03 -7.227331e-02  6.619503e-02 -4.835122e-02 
 2.935000e+04  1.619536e+03 -7.255370e-02  6.644590e-02 -4.854502e-02 
 2.940000e+04  1.629750e+03 -7.283281e-02  6.669708e-02 -4.873788e-02 
 2.945000e+04  1.639964e+03 -7.311050e-02  6.694650e-02 -4.892938e-02 
 2.950000e+04  1.650178e+03 -7.338866e-02  6.719565e-02 -4.912166e-02 
 2.955000e+04  1.660392e+03 -7.366645e-02  6.744366e-02 -4.931345e-02 
 2.960000e+04  1.670606e+03 -7.394345e-02  6.769180e-02 -4.950478e-02 
 2.965000e+04  1.680820e+03 -7.421877e-02  6.794062e-02 -4.969630e-02 
 2.970000e+04  1.691034e+03 -7.449443e-02  6.818955e-02 -4.988815e-02 
 2.975000e+04  1.701248e+03 -7.477006e-02  6.843751e-02 -5.007936e-02 
 2.980000e+04  1.711462e+03 -7.504490e-02  6.868518e-02 -5.027046e-02 
 2.985000e+04  1.721676e+03 -7.532052e-02  6.893323e-02 -5.046153e-02 
 2.990000e+04  1.731890e+03 -7.559635e-02  6.918098e-02 -5.065221e-02 
 2.995000e+04  1.742104e+03 -7.587178e-02  6.942818e-02 -5.084201e-02 
 3.000000e+04  1.752318e+03 -7.614717e-02  6.967235e-02 -5.103177e-02 
 3.005000e+04  1.762532e+03 -7.642204e-02  6.991500e-02 -5.122068e-02 
 3.010000e+04  1.772746e+03 -7.669629e-02  7.015860e-02 -5.140919e-02 
 3.015000e+04  1.782960e+03 -7.697038e-02  7.040196e-02 -5.159863e-02 
 3.020000e+04  1.793174e+03 -7.724365e-02  7.064583e-02 -5.178784e-02 
 3.025000e+04  1.803388e+03 -7.751658e-02  7.089023e-02 -5.197759e-02 
 3.030000e+04  1.813602e+03 -7.778995e-02  7.113471e-02 -5.216664e-02 
 3.035000e+04  1.823816e+03 -7.806324e-02  7.137901e-02 -5.235515e-02 
 3.040000e+04  1.834030e+03 -7.833603e-02  7.162343e-02 -5.254372e-02 
 3.045000e+04  1.844244e+03 -7.860816e-02  7.186686e-02 -5.273201e-02 
 3.050000e+04  1.854458e+03 -7.887914e-02  7.210993e-02 -5.292014e-02 
 3.055000e+04  1.864672e+03 -7.914921e-02  7.235310e-02 -5.310809e-02 
 3.060000e+04  1.874886e+03 -7.941913e-02  7.259626e-02 -5.329611e-02 
 3.065000e+04  1.885100e+03 -7.968883e-02  7.283972e-02 -5.348408e-02 
 3.070000e+04  1.895314e+03 -7.995861e-02  7.308305e-02 -5.367121e-02 
 3.075000e+04  1.905620e+03 -8.023064e-02  7.332840e-02 -5.386007e-02 
 3.080000e+04  1.916838e+03 -8.052625e-02  7.359556e-02 -5.406553e-02 
 3.085000e+04  1.928099e+03 -8.082327e-02  7.386272e-02 -5.427154e-02 
 3.090000e+04  1.939360e+03 -8.112025e-02  7.412869e-02 -5.447662e-02 
 3.095000e+04  1.950621e+03 -8.141489e-02  7.439421e-02 -5.468131e-02 
 3.100000e+04  1.961882e+03 -8.170755e-02  7.465940e-02 -5.488628e-02 
 3.105000e+04  1.973143e+03 -8.200011e-02  7.492428e-02 -5.509088e-02 
 3.110000e+04  1.984404e+03 -8.229419e-02  7.518862e-02 -5.529432e-02 
 3.115000e+04  1.995665e+03 -8.258846e-02  7.545305e-02 -5.549770e-02 
 3.120000e+04  2.006926e+03 -8.288122e-02  7.571765e-02 -5.570143e-02 
 3.125000e+04  2.018187e+03 -8.317376e-02  7.598250e-02 -5.590498e-02 
 3.130000e+04  2.029448e+03 -8.346707e-02  7.624650e-02 -5.610869e-02 
 3.135000e+04  2.040709e+03 -8.376055e-02  7.650977e-02 -5.631254e-02 
 3.140000e+04  2.051970e+03 -8.405293e-02  7.676965e-02 -5.651570e-02 
 3.145000e+04  2.063231e+03 -8.434546e-02  7.702831e-02 -5.671686e-02 
 3.150000e+04  2.074492e+03 -8.463771e-02  7.728824e-02 -5.691862e-02 
 3.155000e+04  2.085753e+03 -8.492805e-02  7.754934e-02 -5.712080e-02 
 3.160000e+04  2.097014e+03 -8.521895e-02  7.780907e-02 -5.732264e-02 
 3.165000e+04  2.108274e+03 -8.551081e-02  7.806891e-02 -5.752448e-02 
 3.170000e+04  2.119535e+03 -8.580291e-02  7.832915e-02 -5.772641e-02 
 3.175000e+04  2.130796e+03 -8.609506e-02  7.858915e-02 -5.792823e-02 
 3.180000e+04  2.142057e+03 -8.638494e-02  7.884860e-02 -5.812935e-02 
 3.185000e+04  2.153318e+03 -8.667478e-02  7.910857e-02 -5.832991e-02 
 3.190000e+04  2.164579e+03 -8.696460e-02  7.936839e-02 -5.853074e-02 
 3.195000e+04  2.175840e+03 -8.725398e-02  7.962871e-02 -5.873175e-02 
 3.200000e+04  2.187101e+03 -8.754257e-02  7.988928e-02 -5.893277e-02 
 3.205000e+04  2.198362e+03 -8.783095e-02  8.014966e-02 -5.913384e-02 
 3.210000e+04  2.209623e+03 -8.811862e-02  8.040984e-02 -5.933437e-02 
 3.215000e+04  2.220884e+03 -8.840599e-02  8.066949e-02 -5.953413e-02 
 3.220000e+04  2.232145e+03 -8.869348e-02  8.092902e-02 -5.973223e-02 
 3.225000e+04  2.243406e+03 -8.898047e-02  8.118668e-02 -5.992927e-02 
 3.230000e+04  2.254667e+03 -8.926634e-02  8.144328e-02 -6.012681e-02 
 3.235000e+04  2.265928e+03 -8.955194e-02  8.169938e-02 -6.032472e-02 
 3.240000e+04  2.277189e+03 -8.983758e-02  8.195468e-02 -6.052192e-02 
 3.245000e+04  2.288450e+03 -9.012218e-02  8.221010e-02 -6.071993e-02 
 3.250000e+04  2.299711e+03 -9.040602e-02  8.246651e-02 -6.091886e-02 
 3.255000e+04  2.310972e+03 -9.068998e-02  8.272319e-02 -6.111758e-02 
 3.260000e+04  2.322233e+03 -9.097463e-02  8.297982e-02 -6.131552e-02 
 3.265000e+04  2.333494e+03 -9.125985e-02  8.323665e-02 -6.151280e-02 
 3.270000e+04  2.344755e+03 -9.154517e-02  8.349361e-02 -6.171019e-02 
 3.275000e+04  2.356015e+03 -9.182969e-02  8.375059e-02 -6.190740e-02 
 3.280000e+04  2.367276e+03 -9.211402e-02  8.400690e-02 -6.210469e-02 
 3.285000e+04  2.378537e+03 -9.239844e-02  8.426206e-02 -6.230213e-02 
 3.290000e+04  2.389798e+03 -9.268244e-02  8.451638e-02 -6.249980e-02 
 3.295000e+04  2.401341e+03 -9.297331e-02  8.477707e-02 -6.270228e-02 
 3.300000e+04  2.412915e+03 -9.326498e-02  8.503852e-02 -6.290499e-02 
 3.305000e+04  2.424489e+03 -9.355644e-02  8.530003e-02 -6.310723e-02 
 3.310000e+04  2.436063e+03 -9.384683e-02  8.556143e-02 -6.330916e-02 
 3.315000e+04  2.447637e+03 -9.413695e-02  8.582270e-02 -6.351086e-02 
 3.320000e+04  2.459211e+03 -9.442694e-02  8.608367e-02 -6.371211e-02 
 3.325000e+04  2.470786e+03 -9.471641e-02  8.634370e-02 -6.391219e-02 
 3.330000e+04  2.482360e+03 -9.500493e-02  8.660261e-02 -6.411269e-02 
 3.335000e+04  2.493934e+03 -9.529302e-02  8.686257e-02 -6.431375e-02 
 3.340000e+04  2.505508e+03 -9.558089e-02  8.712268e-02 -6.451507e-02 
 3.345000e+04  2.517082e+03 -9.586904e-02  8.738270e-02 -6.471481e-02 
 3.350000e+04  2.528656e+03 -9.615614e-02  8.764272e-02 -6.491462e-02 
 3.355000e+04  2.540230e+03 -9.644303e-02  8.790332e-02 -6.511451e-02 
 3.360000e+04  2.551804e+03 -9.672896e-02  8.816332e-02 -6.531430e-02 
 3.365000e+04  2.563378e+03 -9.701504e-02  8.842281e-02 -6.551296e-02 
 3.370000e+04  2.574952e+03 -9.730053e-02  8.868190e-02 -6.571214e-02 
 3.375000e+04  2.586526e+03 -9.758612e-02  8.894108e-02 -6.591169e-02 
 3.380000e+04  2.598100e+03 -9.787221e-02  8.919977e-02 -6.611144e-02 
 3.385000e+04  2.609674e+03 -9.815884e-02  8.945783e-02 -6.631113e-02 
 3.390000e+04  2.621248e+03 -9.844424e-02  8.971526e-02 -6.651048e-02 
 3.395000e+04  2.632823e+03 -9.873006e-02  8.997235e-02 -6.670931e-02 
 3.400000e+04  2.644397e+03 -9.901599e-02  9.022840e-02 -6.690755e-02 
 3.405000e+04  2.655971e+03 -9.930100e-02  9.048440e-02 -6.710507e-02 
 3.410000e+04  2.667545e+03 -9.958651e-02  9.074054e-02 -6.730245e-02 
 3.415000e+04  2.679119e+03 -9.987202e-02  9.099699e-02 -6.750012e-02 
 3.420000e+04  2.690693e+03 -1.001571e-01  9.125338e-02 -6.769821e-02 
 3.425000e+04  2.702267e+03 -1.004423e-01  9.150898e-02 -6.789664e-02 
 3.430000e+04  2.713841e+03 -1.007263e-01  9.176430e-02 -6.809513e-02 
 3.435000e+04  2.725415e+03 -1.010094e-01  9.201966e-02 -6.829304e-02 
 3.440000e+04  2.736989e+03 -1.012929e-01  9.227485e-02 -6.849052e-02 
 3.445000e+04  2.748563e+03 -1.015763e-01  9.252958e-02 -6.868715e-02 
 3.450000e+04  2.760137e+03 -1.018588e-01  9.278467e-02 -6.888347e-02 
 3.455000e+04  2.771711e+03 -1.021410e-01  9.304037e-02 -6.908028e-02 
 3.460000e+04  2.783286e+03 -1.024235e-01  9.329673e-02 -6.927746e-02 
 3.465000e+04  2.794860e+03 -1.027061e-01  9.355240e-02 -6.947476e-02 
 3.470000e+04  2.806434e+03 -1.029883e-01  9.380729e-02 -6.967170e-02 
 3.475000e+04  2.818008e+03 -1.032705e-01  9.406151e-02 -6.986842e-02 
 3.480000e+04  2.829582e+03 -1.035525e-01  9.431551e-02 -7.006488e-02 
 3.485000e+04  2.841156e+03 -1.038344e-01  9.456929e-02 -7.026113e-02 
 3.490000e+04  2.852730e+03 -1.041165e-01  9.482312e-02 -7.045728e-02 
 3.495000e+04  2.864304e+03 -1.043986e-01  9.507695e-02 -7.065271e-02 
 3.500000e+04  2.875878e+03 -1.046795e-01  9.533047e-02 -7.084747e-02 
 3.505000e+04  2.887452e+03 -1.049592e-01  9.558301e-02 -7.104244e-02 
 3.510000e+04  2.899026e+03 -1.052384e-01  9.583341e-02 -7.123668e-02 
 3.515000e+04  2.910600e+03 -1.055173e-01  9.608236e-02 -7.142812e-02 
 3.520000e+04  2.922174e+03 -1.057971e-01  9.633128e-02 -7.162122e-02 
 3.525000e+04  2.933748e+03 -1.060761e-01  9.658145e-02 -7.181436e-02 
 3.530000e+04  2.945323e+03 -1.063541e-01  9.683252e-02 -7.200762e-02 
 3.535000e+04  2.956897e+03 -1.066325e-01  9.708386e-02 -7.220186e-02 
 3.540000e+04  2.968471e+03 -1.069115e-01  9.733629e-02 -7.239671e-02 
 3.545000e+04  2.980045e+03 -1.071898e-01  9.758881e-02 -7.259127e-02 
 3.550000e+04  2.991619e+03 -1.074670e-01  9.784122e-02 -7.278536e-02 
 3.555000e+04  3.003193e+03 -1.077445e-01  9.809341e-02 -7.297931e-02 
 3.560000e+04  3.014767e+03 -1.080222e-01  9.834530e-02 -7.317285e-02 
 3.565000e+04  3.026341e+03 -1.083002e-01  9.859681e-02 -7.336613e-02 
 3.570000e+04  3.037915e+03 -1.085784e-01  9.884816e-02 -7.355958e-02 
 3.575000e+04  3.049489e+03 -1.088569e-01  9.909913e-02 -7.375316e-02 
 3.580000e+04  3.061063e+03 -1.091354e-01  9.934949e-02 -7.394650e-02 
 3.585000e+04  3.072637e+03 -1.094135e-01  9.959948e-02 -7.413983e-02 
 3.590000e+04  3.084211e+03 -1.096915e-01  9.984912e-02 -7.433310e-02 
 3.595000e+04  3.095786e+03 -1.099695e-01  1.000986e-01 -7.452608e-02 
 3.600000e+04  3.107360e+03 -1.102474e-01  1.003481e-01 -7.471895e-02 
 3.605000e+04  3.118934e+03 -1.105243e-01  1.005974e-01 -7.491174e-02 
 3.610000e+04  3.130508e+03 -1.108014e-01  1.008466e-01 -7.510439e-02 
 3.615000e+04  3.142082e+03 -1.110787e-01  1.010955e-01 -7.529665e-02 
 3.620000e+04  3.153656e+03 -1.113560e-01  1.013442e-01 -7.548823e-02 
 3.625000e+04  3.165230e+03 -1.116331e-01  1.015931e-01 -7.567982e-02 
 3.630000e+04  3.176804e+03 -1.119096e-01  1.018406e-01 -7.587172e-02 
 3.635000e+04  3.188378e+03 -1.121851e-01  1.020875e-01 -7.606240e-02 
 3.640000e+04  3.199952e+03 -1.124603e-01  1.023336e-01 -7.625257e-02 
 3.645000e+04  3.211526e+03 -1.127336e-01  1.025803e-01 -7.644373e-02 
 3.650000e+04  3.223100e+03 -1.130056e-01  1.028267e-01 -7.663467e-02 
 3.655000e+04  3.234674e+03 -1.132782e-01  1.030737e-01 -7.682593e-02 
 3.660000e+04  3.246248e+03 -1.135524e-01  1.033216e-01 -7.701707e-02 
 3.665000e+04  3.257823e+03 -1.138269e-01  1.035703e-01 -7.720830e-02 
 3.670000e+04  3.269397e+03 -1.141016e-01  1.038189e-01 -7.739906e-02 
 3.675000e+04  3.280971e+03 -1.143759e-01  1.040677e-01 -7.758975e-02 
 3.680000e+04  3.292545e+03 -1.146499e-01  1.043159e-01 -7.778028e-02 
 3.685000e+04  3.304119e+03 -1.149236e-01  1.045634e-01 -7.797072e-02 
 3.690000e+04  3.315693e+03 -1.151961e-01  1.048105e-01 -7.816119e-02 
 3.695000e+04  3.327267e+03 -1.154688e-01  1.050574e-01 -7.835192e-02 
 3.700000e+04  3.338841e+03 -1.157418e-01  1.053039e-01 -7.854213e-02 
 3.705000e+04  3.350415e+03 -1.160147e-01  1.055503e-01 -7.873223e-02 
 3.710000e+04  3.361989e+03 -1.162871e-01  1.057971e-01 -7.892181e-02 
 3.715000e+04  3.373563e+03 -1.165600e-01  1.060438e-01 -7.911153e-02 
 3.720000e+04  3.385137e+03 -1.168334e-01  1.062902e-01 -7.930125e-02 
 3.725000e+04  3.396711e+03 -1.171068e-01  1.065362e-01 -7.949101e-02 
 3.730000e+04  3.408286e+03 -1.173799e-01  1.067813e-01 -7.968068e-02 
 3.735000e+04  3.419860e+03 -1.176526e-01  1.070247e-01 -7.987037e-02 
 3.740000e+04  3.431434e+03 -1.179251e-01  1.072684e-01 -8.005865e-02 
 3.745000e+04  3.443008e+03 -1.181976e-01  1.075126e-01 -8.024682e-02 
 3.750000e+04  3.454582e+03 -1.184690e-01  1.077575e-01 -8.043502e-02 
 3.755000e+04  3.466156e+03 -1.187382e-01  1.080026e-01 -8.062362e-02 
 3.760000e+04  3.477730e+03 -1.190085e-01  1.082477e-01 -8.081255e-02 
 3.765000e+04  3.489304e+03 -1.192785e-01  1.084929e-01 -8.100101e-02 
 3.770000e+04  3.500878e+03 -1.195489e-01  1.087378e-01 -8.118969e-02 
 3.775000e+04  3.512452e+03 -1.198190e-01  1.089829e-01 -8.137838e-02 
 3.780000e+04  3.524026e+03 -1.200890e-01  1.092264e-01 -8.156703e-02 
 3.785000e+04  3.535600e+03 -1.203587e-01  1.094700e-01 -8.175509e-02 
 3.790000e+04  3.547174e+03 -1.206284e-01  1.097139e-01 -8.194297e-02 
 3.795000e+04  3.558748e+03 -1.208985e-01  1.099582e-01 -8.213050e-02 
 3.800000e+04  3.570323e+03 -1.211683e-01  1.102027e-01 -8.231803e-02 
 3.805000e+04  3.581897e+03 -1.214381e-01  1.104472e-01 -8.250579e-02 
 3.810000e+04  3.593471e+03 -1.217081e-01  1.106913e-01 -8.269370e-02 
 3.815000e+04  3.605045e+03 -1.219785e-01  1.109348e-01 -8.288164e-02 
 3.820000e+04  3.616619e+03 -1.222490e-01  1.111775e-01 -8.306951e-02 
 3.825000e+04  3.628193e+03 -1.225175e-01  1.114200e-01 -8.325713e-02 
 3.830000e+04  3.639767e+03 -1.227856e-01  1.116621e-01 -8.344410e-02 
 3.835000e+04  3.651341e+03 -1.230546e-01  1.119043e-01 -8.363096e-02 
 3.840000e+04  3.662915e+03 -1.233236e-01  1.121467e-01 -8.381738e-02 
 3.845000e+04  3.674489e+03 -1.235924e-01  1.123894e-01 -8.400378e-02 
 3.850000e+04  3.686063e+03 -1.238608e-01  1.126327e-01 -8.419051e-02 
 3.855000e+04  3.697637e+03 -1.241291e-01  1.128764e-01 -8.437751e-02 
 3.860000e+04  3.709211e+03 -1.243973e-01  1.131193e-01 -8.456453e-02 
 3.865000e+04  3.720786e+03 -1.246653e-01  1.133616e-01 -8.475137e-02 
 3.870000e+04  3.732360e+03 -1.249332e-01  1.136037e-01 -8.493812e-02 
 3.875000e+04  3.743934e+03 -1.252011e-01  1.138458e-01 -8.512468e-02 
 3.880000e+04  3.755508e+03 -1.254689e-01  1.140878e-01 -8.531104e-02 
 3.885000e+04  3.767082e+03 -1.257368e-01  1.143297e-01 -8.549735e-02 
 3.890000e+04  3.778656e+03 -1.260050e-01  1.145714e-01 -8.568362e-02 
 3.895000e+04  3.790230e+03 -1.262733e-01  1.148128e-01 -8.586963e-02 
 3.900000e+04  3.801804e+03 -1.265415e-01  1.150539e-01 -8.605558e-02 
 3.905000e+04  3.813378e+03 -1.268097e-01  1.152947e-01 -8.624153e-02 
 3.910000e+04  3.824952e+03 -1.270777e-01  1.155353e-01 -8.642743e-02 
 3.915000e+04  3.836526e+03 -1.273456e-01  1.157756e-01 -8.661331e-02 
 3.920000e+04  3.848100e+03 -1.276133e-01  1.160160e-01 -8.679913e-02 
 3.925000e+04  3.859674e+03 -1.278806e-01  1.162564e-01 -8.698477e-02 
 3.930000e+04  3.871248e+03 -1.281478e-01  1.164969e-01 -8.717025e-02 
 3.935000e+04  3.882823e+03 -1.284147e-01  1.167375e-01 -8.735566e-02 
 3.940000e+04  3.894397e+03 -1.286813e-01  1.169782e-01 -8.754096e-02 
 3.945000e+04  3.905971e+03 -1.289475e-01  1.172188e-01 -8.772509e-02 
 3.950000e+04  3.917545e+03 -1.292133e-01  1.174594e-01 -8.790934e-02 
 3.955000e+04  3.929119e+03 -1.294778e-01  1.176999e-01 -8.809334e-02 
 3.960000e+04  3.940693e+03 -1.297421e-01  1.179402e-01 -8.827645e-02 
 3.965000e+04  3.952267e+03 -1.300063e-01  1.181806e-01 -8.845945e-02 
 3.970000e+04  3.963841e+03 -1.302679e-01  1.184204e-01 -8.864334e-02 
 3.975000e+04  3.975415e+03 -1.305287e-01  1.186590e-01 -8.882753e-02 
 3.980000e+04  3.986989e+03 -1.307902e-01  1.188981e-01 -8.901155e-02 
 3.985000e+04  3.998563e+03 -1.310534e-01  1.191378e-01 -8.919615e-02 
 3.990000e+04  4.010137e+03 -1.313169e-01  1.193779e-01 -8.938038e-02 
 3.995000e+04  4.021711e+03 -1.315805e-01  1.196181e-01 -8.956413e-02 
 4.000000e+04  4.033286e+03 -1.318448e-01  1.198579e-01 -8.974768e-02 
 4.005000e+04  4.044860e+03 -1.321095e-01  1.200971e-01 -8.993080e-02 
 4.010000e+04  4.056434e+03 -1.323740e-01  1.203356e-01 -9.011384e-02 
 4.015000e+04  4.068008e+03 -1.326387e-01  1.205736e-01 -9.029721e-02 
 4.020000e+04  4.079582e+03 -1.329037e-01  1.208110e-01 -9.048114e-02 
 4.025000e+04  4.091156e+03 -1.331691e-01  1.210480e-01 -9.066514e-02 
 4.030000e+04  4.102730e+03 -1.334349e-01  1.212848e-01 -9.084886e-02 
 4.035000e+04  4.114304e+03 -1.337005e-01  1.215215e-01 -9.103239e-02 
 4.040000e+04  4.125878e+03 -1.339659e-01  1.217581e-01 -9.121567e-02 
 4.045000e+04  4.137452e+03 -1.342305e-01  1.219949e-01 -9.139829e-02 
 4.050000e+04  4.149026e+03 -1.344939e-01  1.222320e-01 -9.158103e-02 
 4.055000e+04  4.160600e+03 -1.347572e-01  1.224695e-01 -9.176395e-02 
 4.060000e+04  4.172174e+03 -1.350205e-01  1.227071e-01 -9.194682e-02 
 4.065000e+04  4.183748e+03 -1.352833e-01  1.229449e-01 -9.212998e-02 
 4.070000e+04  4.195323e+03 -1.355455e-01  1.231830e-01 -9.231318e-02 
 4.075000e+04  4.206897e+03 -1.358074e-01  1.234214e-01 -9.249619e-02 
 4.080000e+04  4.218471e+03 -1.360690e-01  1.236598e-01 -9.267883e-02 
 4.085000e+04  4.230045e+03 -1.363303e-01  1.238974e-01 -9.286131e-02 
 4.090000e+04  4.241619e+03 -1.365903e-01  1.241334e-01 -9.304316e-02 
 4.095000e+04  4.253193e+03 -1.368507e-01  1.243697e-01 -9.322334e-02 
 4.100000e+04  4.264767e+03 -1.371111e-01  1.246064e-01 -9.340249e-02 
 4.105000e+04  4.276341e+03 -1.373711e-01  1.248427e-01 -9.358164e-02 
 4.110000e+04  4.287915e+03 -1.376304e-01  1.250784e-01 -9.376212e-02 
 4.115000e+04  4.299489e+03 -1.378901e-01  1.253139e-01 -9.394364e-02 
 4.120000e+04  4.311063e+03 -1.381498e-01  1.255495e-01 -9.412618e-02 
 4.125000e+04  4.322637e+03 -1.384106e-01  1.257851e-01 -9.430893e-02 
 4.130000e+04  4.334211e+03 -1.386715e-01  1.260205e-01 -9.449105e-02 
 4.135000e+04  4.345786e+03 -1.389328e-01  1.262559e-01 -9.467231e-02 
 4.140000e+04  4.357360e+03 -1.391941e-01  1.264915e-01 -9.485317e-02 
 4.145000e+04  4.368934e+03 -1.394556e-01  1.267276e-01 -9.503380e-02 
 4.150000e+04  4.380508e+03 -1.397148e-01  1.269637e-01 -9.521423e-02 
 4.155000e+04  4.392082e+03 -1.399747e-01  1.271996e-01 -9.539507e-02 
 4.160000e+04  4.403656e+03 -1.402351e-01  1.274350e-01 -9.557630e-02 
 4.165000e+04  4.415230e+03 -1.404957e-01  1.276696e-01 -9.575760e-02 
 4.170000e+04  4.426804e+03 -1.407563e-01  1.279044e-01 -9.593887e-02 
 4.175000e+04  4.438378e+03 -1.410168e-01  1.281394e-01 -9.612013e-02 
 4.180000e+04  4.449952e+03 -1.412775e-01  1.283745e-01 -9.630122e-02 
 4.185000e+04  4.461526e+03 -1.415376e-01  1.286094e-01 -9.648191e-02 
 4.190000e+04  4.473100e+03 -1.417977e-01  1.288445e-01 -9.666237e-02 
 4.195000e+04  4.484674e+03 -1.420576e-01  1.290797e-01 -9.684291e-02 
 4.200000e+04  4.496248e+03 -1.423160e-01  1.293149e-01 -9.702353e-02 
 4.205000e+04  4.507823e+03 -1.425747e-01  1.295500e-01 -9.720427e-02 
 4.210000e+04  4.519397e+03 -1.428337e-01  1.297846e-01 -9.738422e-02 
 4.215000e+04  4.530971e+03 -1.430923e-01  1.300187e-01 -9.756340e-02 
 4.220000e+04  4.542545e+03 -1.433511e-01  1.302507e-01 -9.774290e-02 
 4.225000e+04  4.554119e+03 -1.436098e-01  1.304821e-01 -9.792258e-02 
 4.230000e+04  4.565693e+03 -1.438684e-01  1.307124e-01 -9.810209e-02 
 4.235000e+04  4.577267e+03 -1.441268e-01  1.309438e-01 -9.828159e-02 
 4.240000e+04  4.588841e+03 -1.443859e-01  1.311762e-01 -9.846125e-02 
 4.245000e+04  4.600415e+03 -1.446452e-01  1.314097e-01 -9.864107e-02 
 4.250000e+04  4.611989e+03 -1.449048e-01  1.316436e-01 -9.882060e-02 
 4.255000e+04  4.623563e+03 -1.451642e-01  1.318778e-01 -9.899997e-02 
 4.260000e+04  4.635137e+03 -1.454234e-01  1.321113e-01 -9.917920e-02 
 4.265000e+04  4.646711e+03 -1.456822e-01  1.323432e-01 -9.935859e-02 
 4.270000e+04  4.658286e+03 -1.459406e-01  1.325743e-01 -9.953806e-02 
 4.275000e+04  4.669860e+03 -1.461990e-01  1.328057e-01 -9.971700e-02 
 4.280000e+04  4.681434e+03 -1.464573e-01  1.330377e-01 -9.989570e-02 
 4.285000e+04  4.693008e+03 -1.467159e-01  1.332695e-01 -1.000744e-01 
 4.290000e+04  4.704582e+03 -1.469740e-01  1.335017e-01 -1.002533e-01 
 4.295000e+04  4.716156e+03 -1.472314e-01  1.337346e-01 -1.004324e-01 
 4.300000e+04  4.727730e+03 -1.474882e-01  1.339684e-01 -1.006118e-01 
 4.305000e+04  4.739304e+03 -1.477449e-01  1.342026e-01 -1.007909e-01 
 4.310000e+04  4.750878e+03 -1.480015e-01  1.344367e-01 -1.009700e-01 
 4.315000e+04  4.762452e+03 -1.482584e-01  1.346702e-01 -1.011491e-01 
 4.320000e+04  4.774026e+03 -1.485151e-01  1.349031e-01 -1.013281e-01 
 4.325000e+04  4.785600e+03 -1.487718e-01  1.351358e-01 -1.015068e-01 
 4.330000e+04  4.797174e+03 -1.490285e-01  1.353685e-01 -1.016856e-01 
 4.335000e+04  4.808748e+03 -1.492851e-01  1.356013e-01 -1.018643e-01 
 4.340000e+04  4.820323e+03 -1.495416e-01  1.358341e-01 -1.020428e-01 
 4.345000e+04  4.831897e+03 -1.497981e-01  1.360667e-01 -1.022214e-01 
 4.350000e+04  4.843471e+03 -1.500547e-01  1.362992e-01 -1.024000e-01 
 4.355000e+04  4.855045e+03 -1.503113e-01  1.365315e-01 -1.025784e-01 
 4.360000e+04  4.866619e+03 -1.505682e-01  1.367635e-01 -1.027567e-01 
 4.365000e+04  4.878193e+03 -1.508254e-01  1.369950e-01 -1.029350e-01 
 4.370000e+04  4.889767e+03 -1.510813e-01  1.372262e-01 -1.031116e-01 
 4.375000e+04  4.901341e+03 -1.513363e-01  1.374572e-01 -1.032884e-01 
 4.380000e+04  4.912915e+03 -1.515904e-01  1.376878e-01 -1.034655e-01 
 4.385000e+04  4.924489e+03 -1.518453e-01  1.379182e-01 -1.036429e-01 
 4.390000e+04  4.936063e+03 -1.521011e-01  1.381493e-01 -1.038209e-01 
 4.395000e+04  4.947637e+03 -1.523567e-01  1.383810e-01 -1.039994e-01 
 4.400000e+04  4.959211e+03 -1.526121e-01  1.386131e-01 -1.041774e-01 
 4.405000e+04  4.970786e+03 -1.528669e-01  1.388449e-01 -1.043551e-01 
 4.410000e+04  4.982360e+03 -1.531219e-01  1.390764e-01 -1.045324e-01 
 4.415000e+04  4.993934e+03 -1.533774e-01  1.393076e-01 -1.047096e-01 
 4.420000e+04  5.005508e+03 -1.536330e-01  1.395388e-01 -1.048868e-01 
 4.425000e+04  5.017082e+03 -1.538886e-01  1.397698e-01 -1.050643e-01 
 4.430000e+04  5.028656e+03 -1.541440e-01  1.400005e-01 -1.052419e-01 
 4.435000e+04  5.040230e+03 -1.543995e-01  1.402308e-01 -1.054195e-01 
 4.440000e+04  5.051804e+03 -1.546552e-01  1.404608e-01 -1.055968e-01 
 4.445000e+04  5.063378e+03 -1.549110e-01  1.406907e-01 -1.057740e-01 
 4.450000e+04  5.074952e+03 -1.551666e-01  1.409206e-01 -1.059511e-01 
 4.455000e+04  5.086526e+03 -1.554221e-01  1.411507e-01 -1.061283e-01 
 4.460000e+04  5.098100e+03 -1.556775e-01  1.413810e-01 -1.063052e-01 
 4.465000e+04  5.109674e+03 -1.559327e-01  1.416110e-01 -1.064821e-01 
 4.470000e+04  5.121248e+03 -1.561879e-01  1.418410e-01 -1.066591e-01 
 4.475000e+04  5.132823e+03 -1.564426e-01  1.420711e-01 -1.068361e-01 
 4.480000e+04  5.144397e+03 -1.566971e-01  1.423011e-01 -1.070130e-01 
 4.485000e+04  5.155971e+03 -1.569512e-01  1.425311e-01 -1.071899e-01 
 4.490000e+04  5.167545e+03 -1.572053e-01  1.427611e-01 -1.073664e-01 
 4.495000e+04  5.179119e+03 -1.574593e-01  1.429912e-01 -1.075423e-01 
 4.500000e+04  5.190693e+03 -1.577130e-01  1.432212e-01 -1.077174e-01 
 4.505000e+04  5.202267e+03 -1.579638e-01  1.434500e-01 -1.078918e-01 
 4.510000e+04  5.213841e+03 -1.582139e-01  1.436789e-01 -1.080659e-01 
 4.515000e+04  5.225415e+03 -1.584645e-01  1.439072e-01 -1.082412e-01 
 4.520000e+04  5.236989e+03 -1.587148e-01  1.441362e-01 -1.084136e-01 
 4.525000e+04  5.248563e+03 -1.589661e-01  1.443654e-01 -1.085882e-01 
 4.530000e+04  5.260137e+03 -1.592175e-01  1.445949e-01 -1.087640e-01 
 4.535000e+04  5.271711e+03 -1.594677e-01  1.448242e-01 -1.089398e-01 
 4.540000e+04  5.283286e+03 -1.597188e-01  1.450531e-01 -1.091155e-01 
