         Step [creep.tim... Z Displace... Z Displace... X Displace... 
------------- ------------- ------------- ------------- ------------- 
 5.250000e+03  1.276223e-07 -4.629353e-03  4.524540e-03 -2.433365e-03 
 5.300000e+03  3.886505e-06 -4.629657e-03  4.524741e-03 -2.433692e-03 
 5.350000e+03  2.512615e-05 -4.631666e-03  4.525766e-03 -2.435511e-03 
 5.400000e+03  6.097170e-05 -4.634402e-03  4.527624e-03 -2.437517e-03 
 5.450000e+03  1.007143e-04 -4.636453e-03  4.530140e-03 -2.439269e-03 
 5.500000e+03  1.421656e-04 -4.639437e-03  4.533887e-03 -2.441838e-03 
 5.550000e+03  1.870603e-04 -4.643812e-03  4.539228e-03 -2.445516e-03 
 5.600000e+03  2.394689e-04 -4.649054e-03  4.545631e-03 -2.449612e-03 
 5.650000e+03  3.025117e-04 -4.654734e-03  4.552074e-03 -2.453778e-03 
 5.700000e+03  3.703536e-04 -4.659712e-03  4.557910e-03 -2.457927e-03 
 5.750000e+03  4.393788e-04 -4.664035e-03  4.562373e-03 -2.461728e-03 
 5.800000e+03  5.084040e-04 -4.668015e-03  4.566055e-03 -2.465288e-03 
 5.850000e+03  5.774292e-04 -4.672529e-03  4.570279e-03 -2.469405e-03 
 5.900000e+03  6.466614e-04 -4.678282e-03  4.575568e-03 -2.474199e-03 
 5.950000e+03  7.251879e-04 -4.685419e-03  4.582449e-03 -2.479695e-03 
 6.000000e+03  8.148104e-04 -4.692925e-03  4.590347e-03 -2.485202e-03 
 6.050000e+03  9.140864e-04 -4.700558e-03  4.598051e-03 -2.490357e-03 
 6.100000e+03  1.019433e-03 -4.707862e-03  4.605298e-03 -2.495378e-03 
 6.150000e+03  1.126514e-03 -4.714706e-03  4.611911e-03 -2.500363e-03 
 6.200000e+03  1.233595e-03 -4.721346e-03  4.618385e-03 -2.505676e-03 
 6.250000e+03  1.346705e-03 -4.728683e-03  4.625863e-03 -2.512081e-03 
 6.300000e+03  1.477600e-03 -4.737674e-03  4.635102e-03 -2.519945e-03 
 6.350000e+03  1.621686e-03 -4.747403e-03  4.644948e-03 -2.528104e-03 
 6.400000e+03  1.773716e-03 -4.756935e-03  4.654607e-03 -2.535736e-03 
 6.450000e+03  1.931923e-03 -4.766369e-03  4.664347e-03 -2.542827e-03 
 6.500000e+03  2.090130e-03 -4.775487e-03  4.674155e-03 -2.549399e-03 
 6.550000e+03  2.248337e-03 -4.784537e-03  4.684142e-03 -2.555999e-03 
 6.600000e+03  2.411179e-03 -4.793888e-03  4.694680e-03 -2.563207e-03 
 6.650000e+03  2.598008e-03 -4.804734e-03  4.706648e-03 -2.572080e-03 
 6.700000e+03  2.805579e-03 -4.816601e-03  4.718986e-03 -2.582013e-03 
 6.750000e+03  3.023528e-03 -4.828355e-03  4.730519e-03 -2.591872e-03 
 6.800000e+03  3.255713e-03 -4.840205e-03  4.742050e-03 -2.601658e-03 
 6.850000e+03  3.489457e-03 -4.851934e-03  4.753731e-03 -2.610858e-03 
 6.900000e+03  3.723201e-03 -4.863700e-03  4.765722e-03 -2.619561e-03 
 6.950000e+03  3.956944e-03 -4.875755e-03  4.778058e-03 -2.628175e-03 
 7.000000e+03  4.202586e-03 -4.888614e-03  4.791341e-03 -2.637459e-03 
 7.050000e+03  4.474359e-03 -4.902355e-03  4.805861e-03 -2.647755e-03 
 7.100000e+03  4.761601e-03 -4.915914e-03  4.820020e-03 -2.658439e-03 
 7.150000e+03  5.069769e-03 -4.929471e-03  4.833840e-03 -2.669536e-03 
 7.200000e+03  5.397730e-03 -4.943613e-03  4.847796e-03 -2.680925e-03 
 7.250000e+03  5.726631e-03 -4.957684e-03  4.861572e-03 -2.691953e-03 
 7.300000e+03  6.055532e-03 -4.971733e-03  4.875441e-03 -2.702644e-03 
 7.350000e+03  6.392655e-03 -4.986236e-03  4.889914e-03 -2.713392e-03 
 7.400000e+03  6.754578e-03 -5.001575e-03  4.905710e-03 -2.724674e-03 
 7.450000e+03  7.121543e-03 -5.016389e-03  4.921481e-03 -2.735732e-03 
 7.500000e+03  7.515689e-03 -5.031441e-03  4.937556e-03 -2.747209e-03 
 7.550000e+03  7.938397e-03 -5.047017e-03  4.954052e-03 -2.759347e-03 
 7.600000e+03  8.379156e-03 -5.062914e-03  4.970609e-03 -2.771913e-03 
 7.650000e+03  8.819915e-03 -5.078504e-03  4.986504e-03 -2.784255e-03 
 7.700000e+03  9.290733e-03 -5.095007e-03  5.003061e-03 -2.797195e-03 
 7.750000e+03  9.793192e-03 -5.112725e-03  5.020471e-03 -2.810556e-03 
 7.800000e+03  1.030343e-02 -5.130351e-03  5.037814e-03 -2.823450e-03 
 7.850000e+03  1.081366e-02 -5.147294e-03  5.054780e-03 -2.835716e-03 
 7.900000e+03  1.132797e-02 -5.163784e-03  5.071622e-03 -2.847797e-03 
 7.950000e+03  1.186372e-02 -5.180458e-03  5.089032e-03 -2.860349e-03 
 8.000000e+03  1.240589e-02 -5.196908e-03  5.106263e-03 -2.872991e-03 
 8.050000e+03  1.299981e-02 -5.214481e-03  5.124378e-03 -2.886718e-03 
 8.100000e+03  1.363241e-02 -5.233048e-03  5.142985e-03 -2.900994e-03 
 8.150000e+03  1.428361e-02 -5.251899e-03  5.161324e-03 -2.915091e-03 
 8.200000e+03  1.493481e-02 -5.270282e-03  5.178988e-03 -2.928557e-03 
 8.250000e+03  1.558601e-02 -5.288266e-03  5.196379e-03 -2.941526e-03 
 8.300000e+03  1.623722e-02 -5.305856e-03  5.213777e-03 -2.954241e-03 
 8.350000e+03  1.688842e-02 -5.322917e-03  5.231225e-03 -2.966837e-03 
 8.400000e+03  1.756736e-02 -5.340035e-03  5.249204e-03 -2.979848e-03 
 8.450000e+03  1.832756e-02 -5.358740e-03  5.268987e-03 -2.994241e-03 
 8.500000e+03  1.913493e-02 -5.378248e-03  5.289323e-03 -3.009156e-03 
 8.550000e+03  1.996605e-02 -5.397823e-03  5.309176e-03 -3.023928e-03 
 8.600000e+03  2.081711e-02 -5.417564e-03  5.328737e-03 -3.038533e-03 
 8.650000e+03  2.168978e-02 -5.437652e-03  5.348384e-03 -3.053119e-03 
 8.700000e+03  2.256245e-02 -5.457422e-03  5.367726e-03 -3.067382e-03 
 8.750000e+03  2.343513e-02 -5.476611e-03  5.386755e-03 -3.081376e-03 
 8.800000e+03  2.432874e-02 -5.495670e-03  5.406019e-03 -3.095511e-03 
 8.850000e+03  2.527345e-02 -5.515233e-03  5.426234e-03 -3.110244e-03 
 8.900000e+03  2.624231e-02 -5.534680e-03  5.446542e-03 -3.125010e-03 
 8.950000e+03  2.727375e-02 -5.554950e-03  5.467501e-03 -3.140254e-03 
 9.000000e+03  2.836207e-02 -5.576219e-03  5.489009e-03 -3.155901e-03 
 9.050000e+03  2.947584e-02 -5.597944e-03  5.510285e-03 -3.171454e-03 
 9.100000e+03  3.058962e-02 -5.619325e-03  5.530776e-03 -3.186621e-03 
 9.150000e+03  3.172122e-02 -5.640462e-03  5.551096e-03 -3.201773e-03 
 9.200000e+03  3.289068e-02 -5.661713e-03  5.571872e-03 -3.217219e-03 
 9.250000e+03  3.406014e-02 -5.682157e-03  5.592407e-03 -3.232370e-03 
 9.300000e+03  3.523429e-02 -5.702042e-03  5.612714e-03 -3.247247e-03 
 9.350000e+03  3.649292e-02 -5.723071e-03  5.634316e-03 -3.262900e-03 
 9.400000e+03  3.784157e-02 -5.745337e-03  5.657242e-03 -3.279283e-03 
 9.450000e+03  3.919537e-02 -5.767273e-03  5.679593e-03 -3.295199e-03 
 9.500000e+03  4.058978e-02 -5.789548e-03  5.701771e-03 -3.311118e-03 
 9.550000e+03  4.201127e-02 -5.812076e-03  5.723640e-03 -3.327083e-03 
 9.600000e+03  4.343276e-02 -5.834198e-03  5.744853e-03 -3.342832e-03 
 9.650000e+03  4.485425e-02 -5.855437e-03  5.765566e-03 -3.358327e-03 
 9.700000e+03  4.630418e-02 -5.876493e-03  5.786526e-03 -3.373871e-03 
 9.750000e+03  4.779674e-02 -5.897873e-03  5.808198e-03 -3.389655e-03 
 9.800000e+03  4.935946e-02 -5.919798e-03  5.830774e-03 -3.405782e-03 
 9.850000e+03  5.101253e-02 -5.942589e-03  5.854120e-03 -3.422320e-03 
 9.900000e+03  5.280775e-02 -5.967127e-03  5.879036e-03 -3.439763e-03 
 9.950000e+03  5.462197e-02 -5.991676e-03  5.903380e-03 -3.457015e-03 
 1.000000e+04  5.643620e-02 -6.015667e-03  5.926594e-03 -3.473969e-03 
 1.005000e+04  5.828307e-02 -6.039463e-03  5.949490e-03 -3.491079e-03 
 1.010000e+04  6.018801e-02 -6.063517e-03  5.972826e-03 -3.508553e-03 
 1.015000e+04  6.209294e-02 -6.086900e-03  5.995987e-03 -3.525672e-03 
 1.020000e+04  6.399788e-02 -6.109737e-03  6.018942e-03 -3.542293e-03 
 1.025000e+04  6.606006e-02 -6.134165e-03  6.043720e-03 -3.559850e-03 
 1.030000e+04  6.825476e-02 -6.159883e-03  6.069971e-03 -3.578108e-03 
 1.035000e+04  7.045996e-02 -6.185155e-03  6.095667e-03 -3.595946e-03 
 1.040000e+04  7.273572e-02 -6.210693e-03  6.121269e-03 -3.614005e-03 
 1.045000e+04  7.515538e-02 -6.237551e-03  6.147592e-03 -3.633087e-03 
 1.050000e+04  7.758661e-02 -6.264000e-03  6.173165e-03 -3.652044e-03 
 1.055000e+04  8.001784e-02 -6.289600e-03  6.198056e-03 -3.670642e-03 
 1.060000e+04  8.244908e-02 -6.314737e-03  6.222803e-03 -3.688793e-03 
 1.065000e+04  8.488031e-02 -6.339554e-03  6.247603e-03 -3.706557e-03 
 1.070000e+04  8.731154e-02 -6.363919e-03  6.272320e-03 -3.723873e-03 
 1.075000e+04  8.994445e-02 -6.389838e-03  6.298652e-03 -3.742196e-03 
 1.080000e+04  9.275891e-02 -6.417256e-03  6.326410e-03 -3.761403e-03 
 1.085000e+04  9.557336e-02 -6.444360e-03  6.353343e-03 -3.780335e-03 
 1.090000e+04  9.843004e-02 -6.471209e-03  6.379444e-03 -3.799296e-03 
 1.095000e+04  1.014650e-01 -6.499190e-03  6.406322e-03 -3.819261e-03 
 1.100000e+04  1.045679e-01 -6.527358e-03  6.433433e-03 -3.839358e-03 
 1.105000e+04  1.076709e-01 -6.554911e-03  6.460253e-03 -3.858902e-03 
 1.110000e+04  1.107738e-01 -6.581877e-03  6.486892e-03 -3.877925e-03 
 1.115000e+04  1.139636e-01 -6.609280e-03  6.514272e-03 -3.897104e-03 
 1.120000e+04  1.172217e-01 -6.636758e-03  6.542141e-03 -3.916352e-03 
 1.125000e+04  1.205613e-01 -6.664268e-03  6.570146e-03 -3.935733e-03 
 1.130000e+04  1.241907e-01 -6.693653e-03  6.599652e-03 -3.956492e-03 
 1.135000e+04  1.279624e-01 -6.723892e-03  6.629344e-03 -3.977806e-03 
 1.140000e+04  1.317340e-01 -6.753669e-03  6.658076e-03 -3.998836e-03 
 1.145000e+04  1.355057e-01 -6.782718e-03  6.686127e-03 -4.019435e-03 
 1.150000e+04  1.393980e-01 -6.812255e-03  6.714863e-03 -4.040185e-03 
 1.155000e+04  1.433582e-01 -6.841869e-03  6.744074e-03 -4.060921e-03 
 1.160000e+04  1.473184e-01 -6.870889e-03  6.773027e-03 -4.081218e-03 
 1.165000e+04  1.514685e-01 -6.900648e-03  6.803086e-03 -4.102086e-03 
 1.170000e+04  1.559351e-01 -6.932244e-03  6.835121e-03 -4.124220e-03 
 1.175000e+04  1.605196e-01 -6.964173e-03  6.867146e-03 -4.146617e-03 
 1.180000e+04  1.651040e-01 -6.995408e-03  6.897932e-03 -4.168617e-03 
 1.185000e+04  1.699131e-01 -7.027782e-03  6.929271e-03 -4.191381e-03 
 1.190000e+04  1.747268e-01 -7.059924e-03  6.960184e-03 -4.213821e-03 
 1.195000e+04  1.795405e-01 -7.091379e-03  6.990637e-03 -4.235758e-03 
 1.200000e+04  1.843541e-01 -7.122290e-03  7.020721e-03 -4.257171e-03 
 1.205000e+04  1.892978e-01 -7.153577e-03  7.051574e-03 -4.278815e-03 
 1.210000e+04  1.943521e-01 -7.185000e-03  7.082973e-03 -4.300651e-03 
 1.215000e+04  1.994570e-01 -7.215927e-03  7.114082e-03 -4.322316e-03 
 1.220000e+04  2.051205e-01 -7.249715e-03  7.147957e-03 -4.346013e-03 
 1.225000e+04  2.109715e-01 -7.284353e-03  7.182133e-03 -4.370228e-03 
 1.230000e+04  2.168226e-01 -7.318493e-03  7.215253e-03 -4.394020e-03 
 1.235000e+04  2.226736e-01 -7.351993e-03  7.247559e-03 -4.417297e-03 
 1.240000e+04  2.286651e-01 -7.385911e-03  7.280249e-03 -4.440663e-03 
 1.245000e+04  2.348087e-01 -7.420111e-03  7.313540e-03 -4.464274e-03 
 1.250000e+04  2.409523e-01 -7.453564e-03  7.346500e-03 -4.487436e-03 
 1.255000e+04  2.470959e-01 -7.486311e-03  7.379094e-03 -4.510261e-03 
 1.260000e+04  2.534914e-01 -7.519932e-03  7.412850e-03 -4.533760e-03 
 1.265000e+04  2.599422e-01 -7.553305e-03  7.446369e-03 -4.557118e-03 
 1.270000e+04  2.665291e-01 -7.586870e-03  7.479596e-03 -4.580512e-03 
 1.275000e+04  2.736411e-01 -7.622810e-03  7.514630e-03 -4.605467e-03 
 1.280000e+04  2.807530e-01 -7.658470e-03  7.549012e-03 -4.630002e-03 
 1.285000e+04  2.878650e-01 -7.693538e-03  7.582706e-03 -4.654043e-03 
 1.290000e+04  2.949770e-01 -7.727984e-03  7.615960e-03 -4.677677e-03 
 1.295000e+04  3.020890e-01 -7.761916e-03  7.649022e-03 -4.701058e-03 
 1.300000e+04  3.095281e-01 -7.796754e-03  7.683417e-03 -4.725198e-03 
 1.305000e+04  3.169957e-01 -7.830950e-03  7.717506e-03 -4.749061e-03 
 1.310000e+04  3.250888e-01 -7.867551e-03  7.753954e-03 -4.774512e-03 
 1.315000e+04  3.337334e-01 -7.906386e-03  7.792248e-03 -4.801345e-03 
 1.320000e+04  3.423781e-01 -7.944753e-03  7.829556e-03 -4.827689e-03 
 1.325000e+04  3.510228e-01 -7.982424e-03  7.865834e-03 -4.853553e-03 
 1.330000e+04  3.600392e-01 -8.021282e-03  7.903106e-03 -4.880113e-03 
 1.335000e+04  3.691161e-01 -8.059812e-03  7.940260e-03 -4.906548e-03 
 1.340000e+04  3.781930e-01 -8.097475e-03  7.976987e-03 -4.932564e-03 
 1.345000e+04  3.872699e-01 -8.134377e-03  8.013389e-03 -4.958200e-03 
 1.350000e+04  3.967552e-01 -8.172427e-03  8.051275e-03 -4.984630e-03 
 1.355000e+04  4.062860e-01 -8.210114e-03  8.088935e-03 -5.010810e-03 
 1.360000e+04  4.159406e-01 -8.247729e-03  8.126277e-03 -5.036818e-03 
 1.365000e+04  4.262781e-01 -8.287758e-03  8.165413e-03 -5.064279e-03 
 1.370000e+04  4.367858e-01 -8.328133e-03  8.204337e-03 -5.091855e-03 
 1.375000e+04  4.472934e-01 -8.367841e-03  8.242397e-03 -5.119020e-03 
 1.380000e+04  4.578011e-01 -8.406885e-03  8.279815e-03 -5.145762e-03 
 1.385000e+04  4.683087e-01 -8.445418e-03  8.317011e-03 -5.172212e-03 
 1.390000e+04  4.788163e-01 -8.483272e-03  8.353968e-03 -5.198327e-03 
 1.395000e+04  4.894291e-01 -8.520814e-03  8.390941e-03 -5.224272e-03 
 1.400000e+04  5.011572e-01 -8.561799e-03  8.431498e-03 -5.252512e-03 
 1.405000e+04  5.133211e-01 -8.604036e-03  8.472992e-03 -5.281430e-03 
 1.410000e+04  5.254850e-01 -8.645720e-03  8.513519e-03 -5.309900e-03 
 1.415000e+04  5.378557e-01 -8.687513e-03  8.553687e-03 -5.338377e-03 
 1.420000e+04  5.506278e-01 -8.730173e-03  8.594433e-03 -5.367455e-03 
 1.425000e+04  5.633999e-01 -8.772205e-03  8.634713e-03 -5.396222e-03 
 1.430000e+04  5.761720e-01 -8.813363e-03  8.674482e-03 -5.424567e-03 
 1.435000e+04  5.891613e-01 -8.854572e-03  8.714626e-03 -5.452972e-03 
 1.440000e+04  6.025720e-01 -8.896596e-03  8.755926e-03 -5.481898e-03 
 1.445000e+04  6.159827e-01 -8.938026e-03  8.796932e-03 -5.510397e-03 
 1.450000e+04  6.301739e-01 -8.981257e-03  8.839640e-03 -5.540072e-03 
 1.455000e+04  6.451958e-01 -9.026593e-03  8.883951e-03 -5.571083e-03 
 1.460000e+04  6.607203e-01 -9.073023e-03  8.928779e-03 -5.602779e-03 
 1.465000e+04  6.762449e-01 -9.118707e-03  8.972606e-03 -5.634038e-03 
 1.470000e+04  6.917695e-01 -9.163667e-03  9.015677e-03 -5.664797e-03 
 1.475000e+04  7.072941e-01 -9.207999e-03  9.058417e-03 -5.695214e-03 
 1.480000e+04  7.228187e-01 -9.251695e-03  9.100890e-03 -5.725266e-03 
 1.485000e+04  7.383432e-01 -9.294666e-03  9.142957e-03 -5.754798e-03 
 1.490000e+04  7.549592e-01 -9.340140e-03  9.187622e-03 -5.785945e-03 
 1.495000e+04  7.720750e-01 -9.386616e-03  9.233176e-03 -5.817676e-03 
 1.500000e+04  7.891909e-01 -9.432544e-03  9.277717e-03 -5.848947e-03 
 1.505000e+04  8.065977e-01 -9.478588e-03  9.321836e-03 -5.880336e-03 
 1.510000e+04  8.245693e-01 -9.525732e-03  9.366677e-03 -5.912416e-03 
 1.515000e+04  8.425410e-01 -9.572291e-03  9.410905e-03 -5.944154e-03 
 1.520000e+04  8.605126e-01 -9.617986e-03  9.454619e-03 -5.975373e-03 
 1.525000e+04  8.784842e-01 -9.663067e-03  9.498054e-03 -6.006169e-03 
 1.530000e+04  8.969771e-01 -9.708925e-03  9.542597e-03 -6.037447e-03 
 1.535000e+04  9.158473e-01 -9.754925e-03  9.587711e-03 -6.068940e-03 
 1.540000e+04  9.352081e-01 -9.801415e-03  9.633347e-03 -6.100839e-03 
 1.545000e+04  9.559531e-01 -9.850827e-03  9.681520e-03 -6.134659e-03 
 1.550000e+04  9.767575e-01 -9.899919e-03  9.728912e-03 -6.168181e-03 
 1.555000e+04  9.975619e-01 -9.948328e-03  9.775272e-03 -6.201242e-03 
 1.560000e+04  1.018554e+00 -9.996486e-03  9.821330e-03 -6.234143e-03 
 1.565000e+04  1.040398e+00 -1.004611e-02  9.868859e-03 -6.267983e-03 
 1.570000e+04  1.062243e+00 -1.009499e-02  9.916060e-03 -6.301409e-03 
 1.575000e+04  1.084088e+00 -1.014308e-02  9.962830e-03 -6.334354e-03 
 1.580000e+04  1.107283e+00 -1.019351e-02  1.001207e-02 -6.368882e-03 
 1.585000e+04  1.131367e+00 -1.024542e-02  1.006272e-02 -6.404334e-03 
 1.590000e+04  1.155451e+00 -1.029661e-02  1.011243e-02 -6.439320e-03 
 1.595000e+04  1.180161e+00 -1.034851e-02  1.016231e-02 -6.474683e-03 
 1.600000e+04  1.206586e+00 -1.040360e-02  1.021483e-02 -6.512152e-03 
 1.605000e+04  1.233139e+00 -1.045829e-02  1.026684e-02 -6.549379e-03 
 1.610000e+04  1.259691e+00 -1.051213e-02  1.031802e-02 -6.586002e-03 
 1.615000e+04  1.286243e+00 -1.056527e-02  1.036874e-02 -6.622081e-03 
 1.620000e+04  1.312796e+00 -1.061775e-02  1.041919e-02 -6.657783e-03 
 1.625000e+04  1.339348e+00 -1.066936e-02  1.046922e-02 -6.693009e-03 
 1.630000e+04  1.367305e+00 -1.072294e-02  1.052125e-02 -6.729615e-03 
 1.635000e+04  1.397691e+00 -1.078074e-02  1.057704e-02 -6.769026e-03 
 1.640000e+04  1.428429e+00 -1.083862e-02  1.063259e-02 -6.808394e-03 
 1.645000e+04  1.459166e+00 -1.089560e-02  1.068695e-02 -6.847122e-03 
 1.650000e+04  1.490703e+00 -1.095335e-02  1.074186e-02 -6.886334e-03 
 1.655000e+04  1.522978e+00 -1.101176e-02  1.079751e-02 -6.926064e-03 
 1.660000e+04  1.555252e+00 -1.106923e-02  1.085255e-02 -6.965252e-03 
 1.665000e+04  1.587527e+00 -1.112569e-02  1.090705e-02 -7.003899e-03 
 1.670000e+04  1.620898e+00 -1.118343e-02  1.096306e-02 -7.043374e-03 
 1.675000e+04  1.654787e+00 -1.124143e-02  1.101941e-02 -7.082997e-03 
 1.680000e+04  1.688709e+00 -1.129869e-02  1.107489e-02 -7.122104e-03 
 1.685000e+04  1.725643e+00 -1.136038e-02  1.113421e-02 -7.164112e-03 
 1.690000e+04  1.763005e+00 -1.142233e-02  1.119329e-02 -7.206144e-03 
 1.695000e+04  1.800367e+00 -1.148355e-02  1.125129e-02 -7.247658e-03 
 1.700000e+04  1.837729e+00 -1.154389e-02  1.130842e-02 -7.288572e-03 
 1.705000e+04  1.876286e+00 -1.160537e-02  1.136680e-02 -7.330263e-03 
 1.710000e+04  1.915516e+00 -1.166712e-02  1.142575e-02 -7.372223e-03 
 1.715000e+04  1.954746e+00 -1.172788e-02  1.148405e-02 -7.413599e-03 
 1.720000e+04  1.995113e+00 -1.178958e-02  1.154339e-02 -7.455621e-03 
 1.725000e+04  2.038117e+00 -1.185475e-02  1.160601e-02 -7.499888e-03 
 1.730000e+04  2.081368e+00 -1.191952e-02  1.166796e-02 -7.543803e-03 
 1.735000e+04  2.124619e+00 -1.198337e-02  1.172865e-02 -7.587093e-03 
 1.740000e+04  2.169902e+00 -1.204949e-02  1.179129e-02 -7.631917e-03 
 1.745000e+04  2.215316e+00 -1.211504e-02  1.185338e-02 -7.676364e-03 
 1.750000e+04  2.260729e+00 -1.217955e-02  1.191473e-02 -7.720178e-03 
 1.755000e+04  2.306143e+00 -1.224315e-02  1.197543e-02 -7.763374e-03 
 1.760000e+04  2.352782e+00 -1.230774e-02  1.203736e-02 -7.807245e-03 
 1.765000e+04  2.400466e+00 -1.237286e-02  1.210003e-02 -7.851612e-03 
 1.770000e+04  2.448150e+00 -1.243706e-02  1.216181e-02 -7.895347e-03 
 1.775000e+04  2.499175e+00 -1.250514e-02  1.222696e-02 -7.941609e-03 
 1.780000e+04  2.551747e+00 -1.257474e-02  1.229310e-02 -7.988737e-03 
 1.785000e+04  2.604318e+00 -1.264343e-02  1.235806e-02 -8.035196e-03 
 1.790000e+04  2.656890e+00 -1.271122e-02  1.242205e-02 -8.080999e-03 
 1.795000e+04  2.709462e+00 -1.277824e-02  1.248541e-02 -8.126285e-03 
 1.800000e+04  2.762033e+00 -1.284438e-02  1.254816e-02 -8.171080e-03 
 1.805000e+04  2.814605e+00 -1.290952e-02  1.261022e-02 -8.215296e-03 
 1.810000e+04  2.871961e+00 -1.297979e-02  1.267738e-02 -8.262983e-03 
 1.815000e+04  2.932587e+00 -1.305339e-02  1.274766e-02 -8.312793e-03 
 1.820000e+04  2.993446e+00 -1.312634e-02  1.281700e-02 -8.362099e-03 
 1.825000e+04  3.054304e+00 -1.319829e-02  1.288505e-02 -8.410710e-03 
 1.830000e+04  3.117475e+00 -1.327227e-02  1.295474e-02 -8.460590e-03 
 1.835000e+04  3.181376e+00 -1.334614e-02  1.302438e-02 -8.510463e-03 
 1.840000e+04  3.245278e+00 -1.341891e-02  1.309308e-02 -8.559663e-03 
 1.845000e+04  3.309179e+00 -1.349076e-02  1.316109e-02 -8.608189e-03 
 1.850000e+04  3.375828e+00 -1.356480e-02  1.323145e-02 -8.658296e-03 
 1.855000e+04  3.442924e+00 -1.363828e-02  1.330153e-02 -8.708079e-03 
 1.860000e+04  3.511564e+00 -1.371246e-02  1.337223e-02 -8.758247e-03 
 1.865000e+04  3.584833e+00 -1.379102e-02  1.344672e-02 -8.811209e-03 
 1.870000e+04  3.658807e+00 -1.386947e-02  1.352076e-02 -8.864047e-03 
 1.875000e+04  3.732780e+00 -1.394675e-02  1.359350e-02 -8.916188e-03 
 1.880000e+04  3.808234e+00 -1.402463e-02  1.366669e-02 -8.968657e-03 
 1.885000e+04  3.885906e+00 -1.410389e-02  1.374130e-02 -9.022019e-03 
 1.890000e+04  3.963578e+00 -1.418208e-02  1.381502e-02 -9.074675e-03 
 1.895000e+04  4.041639e+00 -1.425957e-02  1.388821e-02 -9.126855e-03 
 1.900000e+04  4.126620e+00 -1.434298e-02  1.396714e-02 -9.183014e-03 
 1.905000e+04  4.212254e+00 -1.442601e-02  1.404572e-02 -9.238930e-03 
 1.910000e+04  4.297888e+00 -1.450789e-02  1.412296e-02 -9.294036e-03 
 1.915000e+04  4.386005e+00 -1.459114e-02  1.420115e-02 -9.349975e-03 
 1.920000e+04  4.475921e+00 -1.467522e-02  1.427993e-02 -9.406427e-03 
 1.925000e+04  4.565836e+00 -1.475818e-02  1.435764e-02 -9.462117e-03 
 1.930000e+04  4.655752e+00 -1.483997e-02  1.443430e-02 -9.516973e-03 
 1.935000e+04  4.749623e+00 -1.492435e-02  1.451353e-02 -9.573563e-03 
 1.940000e+04  4.844035e+00 -1.500810e-02  1.459245e-02 -9.629844e-03 
 1.945000e+04  4.938446e+00 -1.509062e-02  1.467031e-02 -9.685338e-03 
 1.950000e+04  5.040883e+00 -1.517911e-02  1.475374e-02 -9.744730e-03 
 1.955000e+04  5.150176e+00 -1.527261e-02  1.484161e-02 -9.807375e-03 
 1.960000e+04  5.259468e+00 -1.536482e-02  1.492804e-02 -9.869169e-03 
 1.965000e+04  5.368761e+00 -1.545573e-02  1.501295e-02 -9.929998e-03 
 1.970000e+04  5.483191e+00 -1.554978e-02  1.510065e-02 -9.992837e-03 
 1.975000e+04  5.597948e+00 -1.564287e-02  1.518753e-02 -1.005504e-02 
 1.980000e+04  5.712706e+00 -1.573457e-02  1.527327e-02 -1.011632e-02 
 1.985000e+04  5.830447e+00 -1.582739e-02  1.536011e-02 -1.017833e-02 
 1.990000e+04  5.955401e+00 -1.592471e-02  1.545131e-02 -1.024341e-02 
 1.995000e+04  6.081921e+00 -1.602184e-02  1.554234e-02 -1.030837e-02 
 2.000000e+04  6.209453e+00 -1.611836e-02  1.563254e-02 -1.037280e-02 
 2.005000e+04  6.345488e+00 -1.622026e-02  1.572734e-02 -1.044060e-02 
 2.010000e+04  6.484976e+00 -1.632334e-02  1.582321e-02 -1.050924e-02 
 2.015000e+04  6.624464e+00 -1.642476e-02  1.591745e-02 -1.057682e-02 
 2.020000e+04  6.764650e+00 -1.652527e-02  1.601081e-02 -1.064368e-02 
 2.025000e+04  6.911113e+00 -1.662897e-02  1.610722e-02 -1.071263e-02 
 2.030000e+04  7.057576e+00 -1.673102e-02  1.620241e-02 -1.078060e-02 
 2.035000e+04  7.204771e+00 -1.683202e-02  1.629666e-02 -1.084784e-02 
 2.040000e+04  7.365631e+00 -1.694117e-02  1.639829e-02 -1.092039e-02 
 2.045000e+04  7.527107e+00 -1.704933e-02  1.649881e-02 -1.099223e-02 
 2.050000e+04  7.688582e+00 -1.715570e-02  1.659761e-02 -1.106290e-02 
 2.055000e+04  7.857800e+00 -1.726569e-02  1.669940e-02 -1.113581e-02 
 2.060000e+04  8.035827e+00 -1.738009e-02  1.680505e-02 -1.121151e-02 
 2.065000e+04  8.213853e+00 -1.749262e-02  1.690915e-02 -1.128601e-02 
 2.070000e+04  8.391880e+00 -1.760335e-02  1.701162e-02 -1.135928e-02 
 2.075000e+04  8.576493e+00 -1.771664e-02  1.711639e-02 -1.143420e-02 
 2.080000e+04  8.763421e+00 -1.782968e-02  1.722104e-02 -1.150903e-02 
 2.085000e+04  8.950349e+00 -1.794097e-02  1.732404e-02 -1.158266e-02 
 2.090000e+04  9.152334e+00 -1.805971e-02  1.743359e-02 -1.166100e-02 
 2.095000e+04  9.358422e+00 -1.817933e-02  1.754368e-02 -1.173981e-02 
 2.100000e+04  9.564510e+00 -1.829704e-02  1.765198e-02 -1.181737e-02 
 2.105000e+04  9.772865e+00 -1.841410e-02  1.775962e-02 -1.189444e-02 
 2.110000e+04  9.998562e+00 -1.853916e-02  1.787452e-02 -1.197676e-02 
 2.115000e+04  1.022577e+01 -1.866310e-02  1.798865e-02 -1.205842e-02 
 2.120000e+04  1.045299e+01 -1.878495e-02  1.810093e-02 -1.213864e-02 
 2.125000e+04  1.069216e+01 -1.891138e-02  1.821724e-02 -1.222172e-02 
 2.130000e+04  1.094266e+01 -1.904200e-02  1.833726e-02 -1.230747e-02 
 2.135000e+04  1.119316e+01 -1.917042e-02  1.845517e-02 -1.239179e-02 
 2.140000e+04  1.144717e+01 -1.929853e-02  1.857242e-02 -1.247576e-02 
 2.145000e+04  1.171861e+01 -1.943355e-02  1.869578e-02 -1.256416e-02 
 2.150000e+04  1.199479e+01 -1.956871e-02  1.881938e-02 -1.265270e-02 
 2.155000e+04  1.227097e+01 -1.970149e-02  1.894078e-02 -1.273957e-02 
 2.160000e+04  1.255626e+01 -1.983651e-02  1.906408e-02 -1.282774e-02 
 2.165000e+04  1.284625e+01 -1.997165e-02  1.918756e-02 -1.291605e-02 
 2.170000e+04  1.313623e+01 -2.010446e-02  1.930891e-02 -1.300281e-02 
 2.175000e+04  1.344455e+01 -2.024354e-02  1.943561e-02 -1.309347e-02 
 2.180000e+04  1.376426e+01 -2.038577e-02  1.956491e-02 -1.318606e-02 
 2.185000e+04  1.408397e+01 -2.052555e-02  1.969186e-02 -1.327706e-02 
 2.190000e+04  1.440400e+01 -2.066297e-02  1.981655e-02 -1.336639e-02 
 2.195000e+04  1.475111e+01 -2.080968e-02  1.994960e-02 -1.346168e-02 
 2.200000e+04  1.510359e+01 -2.095628e-02  2.008264e-02 -1.355691e-02 
 2.205000e+04  1.545607e+01 -2.110022e-02  2.021330e-02 -1.365037e-02 
 2.210000e+04  1.582934e+01 -2.125007e-02  2.034914e-02 -1.374751e-02 
 2.215000e+04  1.621795e+01 -2.140365e-02  2.048820e-02 -1.384703e-02 
 2.220000e+04  1.660656e+01 -2.155443e-02  2.062464e-02 -1.394474e-02 
 2.225000e+04  1.700217e+01 -2.170514e-02  2.076074e-02 -1.404220e-02 
 2.230000e+04  1.742979e+01 -2.186547e-02  2.090529e-02 -1.414574e-02 
 2.235000e+04  1.785824e+01 -2.202334e-02  2.104750e-02 -1.424760e-02 
 2.240000e+04  1.828668e+01 -2.217814e-02  2.118695e-02 -1.434745e-02 
 2.245000e+04  1.873853e+01 -2.233841e-02  2.133126e-02 -1.445079e-02 
 2.250000e+04  1.921089e+01 -2.250315e-02  2.147948e-02 -1.455694e-02 
 2.255000e+04  1.968325e+01 -2.266479e-02  2.162490e-02 -1.466098e-02 
 2.260000e+04  2.016553e+01 -2.282679e-02  2.177033e-02 -1.476505e-02 
 2.265000e+04  2.068283e+01 -2.299763e-02  2.192333e-02 -1.487471e-02 
 2.270000e+04  2.120360e+01 -2.316635e-02  2.207439e-02 -1.498301e-02 
 2.275000e+04  2.172438e+01 -2.333168e-02  2.222232e-02 -1.508898e-02 
 2.280000e+04  2.227254e+01 -2.350248e-02  2.237486e-02 -1.519833e-02 
 2.285000e+04  2.284670e+01 -2.367816e-02  2.253178e-02 -1.531081e-02 
 2.290000e+04  2.342085e+01 -2.385030e-02  2.268559e-02 -1.542093e-02 
 2.295000e+04  2.400763e+01 -2.402275e-02  2.283947e-02 -1.553110e-02 
 2.300000e+04  2.461049e+01 -2.419663e-02  2.299446e-02 -1.564217e-02 
 2.305000e+04  2.521336e+01 -2.436705e-02  2.314630e-02 -1.575098e-02 
 2.310000e+04  2.584003e+01 -2.454077e-02  2.330082e-02 -1.586170e-02 
 2.315000e+04  2.653592e+01 -2.473031e-02  2.346918e-02 -1.598238e-02 
 2.320000e+04  2.723381e+01 -2.491668e-02  2.363461e-02 -1.610102e-02 
 2.325000e+04  2.793170e+01 -2.509896e-02  2.379628e-02 -1.621695e-02 
 2.330000e+04  2.863377e+01 -2.527841e-02  2.395521e-02 -1.633094e-02 
 2.335000e+04  2.936655e+01 -2.546202e-02  2.411767e-02 -1.644750e-02 
 2.340000e+04  3.009933e+01 -2.564192e-02  2.427679e-02 -1.656163e-02 
 2.345000e+04  3.087993e+01 -2.582977e-02  2.444264e-02 -1.668064e-02 
 2.350000e+04  3.168782e+01 -2.602058e-02  2.461085e-02 -1.680146e-02 
 2.355000e+04  3.249571e+01 -2.620736e-02  2.477543e-02 -1.691968e-02 
 2.360000e+04  3.330441e+01 -2.639012e-02  2.493639e-02 -1.703520e-02 
 2.365000e+04  3.418493e+01 -2.658498e-02  2.510787e-02 -1.715826e-02 
 2.370000e+04  3.507563e+01 -2.677804e-02  2.527784e-02 -1.728029e-02 
 2.375000e+04  3.596633e+01 -2.696690e-02  2.544397e-02 -1.739963e-02 
 2.380000e+04  3.689618e+01 -2.715980e-02  2.561337e-02 -1.752138e-02 
 2.385000e+04  3.787818e+01 -2.735949e-02  2.578857e-02 -1.764728e-02 
 2.390000e+04  3.886017e+01 -2.755482e-02  2.595978e-02 -1.777030e-02 
 2.395000e+04  3.984904e+01 -2.774711e-02  2.612801e-02 -1.789125e-02 
 2.400000e+04  4.092963e+01 -2.795279e-02  2.630770e-02 -1.802059e-02 
 2.405000e+04  4.201229e+01 -2.815435e-02  2.648373e-02 -1.814737e-02 
 2.410000e+04  4.309494e+01 -2.835123e-02  2.665555e-02 -1.827111e-02 
 2.415000e+04  4.420682e+01 -2.854887e-02  2.682778e-02 -1.839518e-02 
 2.420000e+04  4.534361e+01 -2.874657e-02  2.699991e-02 -1.851926e-02 
 2.425000e+04  4.648960e+01 -2.894138e-02  2.716941e-02 -1.864146e-02 
 2.430000e+04  4.778050e+01 -2.915613e-02  2.735610e-02 -1.877609e-02 
 2.435000e+04  4.909647e+01 -2.937033e-02  2.754222e-02 -1.891040e-02 
 2.440000e+04  5.041244e+01 -2.957932e-02  2.772373e-02 -1.904144e-02 
 2.445000e+04  5.172841e+01 -2.978300e-02  2.790045e-02 -1.916903e-02 
 2.450000e+04  5.304438e+01 -2.998163e-02  2.807263e-02 -1.929340e-02 
 2.455000e+04  5.439193e+01 -3.018016e-02  2.824467e-02 -1.941777e-02 
 2.460000e+04  5.589067e+01 -3.039625e-02  2.843176e-02 -1.955308e-02 
 2.465000e+04  5.741407e+01 -3.061124e-02  2.861775e-02 -1.968764e-02 
 2.470000e+04  5.893747e+01 -3.082114e-02  2.879916e-02 -1.981898e-02 
 2.475000e+04  6.046087e+01 -3.102565e-02  2.897577e-02 -1.994688e-02 
 2.480000e+04  6.198427e+01 -3.122485e-02  2.914774e-02 -2.007144e-02 
 2.485000e+04  6.353250e+01 -3.142226e-02  2.931817e-02 -2.019495e-02 
 2.490000e+04  6.521205e+01 -3.163175e-02  2.949885e-02 -2.032603e-02 
 2.495000e+04  6.689160e+01 -3.183670e-02  2.967542e-02 -2.045428e-02 
 2.500000e+04  6.857114e+01 -3.203686e-02  2.984774e-02 -2.057951e-02 
 2.505000e+04  7.025069e+01 -3.223223e-02  3.001574e-02 -2.070160e-02 
 2.510000e+04  7.193024e+01 -3.242282e-02  3.017959e-02 -2.082072e-02 
 2.515000e+04  7.371081e+01 -3.262011e-02  3.034911e-02 -2.094403e-02 
 2.520000e+04  7.556252e+01 -3.282092e-02  3.052155e-02 -2.106961e-02 
 2.525000e+04  7.741422e+01 -3.301723e-02  3.069007e-02 -2.119253e-02 
 2.530000e+04  7.926592e+01 -3.320892e-02  3.085449e-02 -2.131252e-02 
 2.535000e+04  8.111762e+01 -3.339611e-02  3.101483e-02 -2.142958e-02 
 2.540000e+04  8.297488e+01 -3.357950e-02  3.117178e-02 -2.154424e-02 
 2.545000e+04  8.491917e+01 -3.376720e-02  3.133234e-02 -2.166160e-02 
 2.550000e+04  8.686345e+01 -3.395083e-02  3.148934e-02 -2.177645e-02 
 2.555000e+04  8.889134e+01 -3.413820e-02  3.164955e-02 -2.189377e-02 
 2.560000e+04  9.093285e+01 -3.432268e-02  3.180732e-02 -2.200935e-02 
 2.565000e+04  9.297435e+01 -3.450292e-02  3.196149e-02 -2.212231e-02 
 2.570000e+04  9.501585e+01 -3.467904e-02  3.211209e-02 -2.223273e-02 
 2.575000e+04  9.705735e+01 -3.485122e-02  3.225926e-02 -2.234069e-02 
 2.580000e+04  9.918868e+01 -3.502715e-02  3.240948e-02 -2.245097e-02 
 2.585000e+04  1.013323e+02 -3.520056e-02  3.255735e-02 -2.255964e-02 
 2.590000e+04  1.034758e+02 -3.537034e-02  3.270206e-02 -2.266611e-02 
 2.595000e+04  1.057266e+02 -3.554488e-02  3.285078e-02 -2.277561e-02 
 2.600000e+04  1.079773e+02 -3.571577e-02  3.299632e-02 -2.288284e-02 
 2.605000e+04  1.102281e+02 -3.588295e-02  3.313872e-02 -2.298782e-02 
 2.610000e+04  1.124991e+02 -3.604801e-02  3.327922e-02 -2.309147e-02 
 2.615000e+04  1.148624e+02 -3.621631e-02  3.342232e-02 -2.319716e-02 
 2.620000e+04  1.172257e+02 -3.638122e-02  3.356241e-02 -2.330074e-02 
 2.625000e+04  1.195890e+02 -3.654280e-02  3.369950e-02 -2.340223e-02 
 2.630000e+04  1.219523e+02 -3.670107e-02  3.383362e-02 -2.350166e-02 
 2.635000e+04  1.243628e+02 -3.685916e-02  3.396757e-02 -2.360103e-02 
 2.640000e+04  1.268443e+02 -3.701872e-02  3.410279e-02 -2.370137e-02 
 2.645000e+04  1.293258e+02 -3.717510e-02  3.423536e-02 -2.379976e-02 
 2.650000e+04  1.318072e+02 -3.732825e-02  3.436530e-02 -2.389627e-02 
 2.655000e+04  1.342887e+02 -3.747828e-02  3.449265e-02 -2.399090e-02 
 2.660000e+04  1.368694e+02 -3.763127e-02  3.462254e-02 -2.408741e-02 
 2.665000e+04  1.394749e+02 -3.778283e-02  3.475121e-02 -2.418281e-02 
 2.670000e+04  1.420804e+02 -3.793146e-02  3.487677e-02 -2.427622e-02 
 2.675000e+04  1.446860e+02 -3.807713e-02  3.499953e-02 -2.436798e-02 
 2.680000e+04  1.472915e+02 -3.821983e-02  3.512002e-02 -2.445816e-02 
 2.685000e+04  1.498970e+02 -3.835987e-02  3.523850e-02 -2.454673e-02 
 2.690000e+04  1.525026e+02 -3.849755e-02  3.535500e-02 -2.463368e-02 
 2.695000e+04  1.551081e+02 -3.863290e-02  3.546953e-02 -2.471911e-02 
 2.700000e+04  1.577136e+02 -3.876592e-02  3.558205e-02 -2.480314e-02 
 2.705000e+04  1.603192e+02 -3.889659e-02  3.569255e-02 -2.488582e-02 
 2.710000e+04  1.629247e+02 -3.902497e-02  3.580105e-02 -2.496715e-02 
 2.715000e+04  1.655302e+02 -3.915122e-02  3.590763e-02 -2.504709e-02 
 2.720000e+04  1.681358e+02 -3.927547e-02  3.601239e-02 -2.512568e-02 
 2.725000e+04  1.707413e+02 -3.939768e-02  3.611542e-02 -2.520300e-02 
 2.730000e+04  1.733468e+02 -3.951788e-02  3.621680e-02 -2.527914e-02 
 2.735000e+04  1.759523e+02 -3.963606e-02  3.631668e-02 -2.535413e-02 
 2.740000e+04  1.785579e+02 -3.975235e-02  3.641515e-02 -2.542799e-02 
 2.745000e+04  1.811634e+02 -3.986691e-02  3.651217e-02 -2.550075e-02 
 2.750000e+04  1.837715e+02 -3.997981e-02  3.660782e-02 -2.557250e-02 
 2.755000e+04  1.865073e+02 -4.009658e-02  3.670664e-02 -2.564669e-02 
 2.760000e+04  1.892432e+02 -4.021177e-02  3.680385e-02 -2.571970e-02 
 2.765000e+04  1.919790e+02 -4.032525e-02  3.689934e-02 -2.579156e-02 
 2.770000e+04  1.947148e+02 -4.043699e-02  3.699337e-02 -2.586235e-02 
 2.775000e+04  1.974506e+02 -4.054706e-02  3.708621e-02 -2.593215e-02 
 2.780000e+04  2.001864e+02 -4.065559e-02  3.717784e-02 -2.600097e-02 
 2.785000e+04  2.029222e+02 -4.076267e-02  3.726832e-02 -2.606887e-02 
 2.790000e+04  2.056580e+02 -4.086835e-02  3.735760e-02 -2.613593e-02 
 2.795000e+04  2.083938e+02 -4.097266e-02  3.744567e-02 -2.620216e-02 
 2.800000e+04  2.111296e+02 -4.107559e-02  3.753252e-02 -2.626761e-02 
 2.805000e+04  2.138654e+02 -4.117720e-02  3.761819e-02 -2.633228e-02 
 2.810000e+04  2.166012e+02 -4.127760e-02  3.770267e-02 -2.639614e-02 
 2.815000e+04  2.193370e+02 -4.137678e-02  3.778605e-02 -2.645925e-02 
 2.820000e+04  2.220728e+02 -4.147475e-02  3.786845e-02 -2.652160e-02 
 2.825000e+04  2.248086e+02 -4.157144e-02  3.794991e-02 -2.658324e-02 
 2.830000e+04  2.275445e+02 -4.166690e-02  3.803047e-02 -2.664420e-02 
 2.835000e+04  2.302803e+02 -4.176118e-02  3.811016e-02 -2.670452e-02 
 2.840000e+04  2.330215e+02 -4.185449e-02  3.818908e-02 -2.676432e-02 
 2.845000e+04  2.358941e+02 -4.195117e-02  3.827092e-02 -2.682636e-02 
 2.850000e+04  2.387667e+02 -4.204679e-02  3.835179e-02 -2.688767e-02 
 2.855000e+04  2.416393e+02 -4.214143e-02  3.843148e-02 -2.694831e-02 
 2.860000e+04  2.445119e+02 -4.223496e-02  3.851021e-02 -2.700838e-02 
 2.865000e+04  2.474276e+02 -4.232880e-02  3.858927e-02 -2.706876e-02 
 2.870000e+04  2.504438e+02 -4.242492e-02  3.867022e-02 -2.713060e-02 
 2.875000e+04  2.534601e+02 -4.252003e-02  3.875025e-02 -2.719172e-02 
 2.880000e+04  2.564763e+02 -4.261404e-02  3.882932e-02 -2.725213e-02 
 2.885000e+04  2.595227e+02 -4.270788e-02  3.890832e-02 -2.731249e-02 
 2.890000e+04  2.626897e+02 -4.280447e-02  3.898977e-02 -2.737463e-02 
 2.895000e+04  2.658568e+02 -4.290016e-02  3.907049e-02 -2.743603e-02 
 2.900000e+04  2.690238e+02 -4.299488e-02  3.915017e-02 -2.749667e-02 
 2.905000e+04  2.721908e+02 -4.308866e-02  3.922899e-02 -2.755676e-02 
 2.910000e+04  2.754814e+02 -4.318516e-02  3.931039e-02 -2.761859e-02 
 2.915000e+04  2.788068e+02 -4.328201e-02  3.939218e-02 -2.768050e-02 
 2.920000e+04  2.821322e+02 -4.337816e-02  3.947336e-02 -2.774169e-02 
 2.925000e+04  2.854576e+02 -4.347364e-02  3.955368e-02 -2.780221e-02 
 2.930000e+04  2.887830e+02 -4.356833e-02  3.963314e-02 -2.786204e-02 
 2.935000e+04  2.921083e+02 -4.366221e-02  3.971189e-02 -2.792139e-02 
 2.940000e+04  2.954337e+02 -4.375526e-02  3.978997e-02 -2.798024e-02 
 2.945000e+04  2.987591e+02 -4.384751e-02  3.986726e-02 -2.803848e-02 
 2.950000e+04  3.021377e+02 -4.394038e-02  3.994495e-02 -2.809699e-02 
 2.955000e+04  3.056294e+02 -4.403553e-02  4.002437e-02 -2.815689e-02 
 2.960000e+04  3.091210e+02 -4.412981e-02  4.010301e-02 -2.821589e-02 
 2.965000e+04  3.126127e+02 -4.422315e-02  4.018073e-02 -2.827431e-02 
 2.970000e+04  3.161044e+02 -4.431546e-02  4.025754e-02 -2.833225e-02 
 2.975000e+04  3.195960e+02 -4.440680e-02  4.033352e-02 -2.838971e-02 
 2.980000e+04  3.230877e+02 -4.449747e-02  4.040878e-02 -2.844658e-02 
 2.985000e+04  3.265793e+02 -4.458728e-02  4.048328e-02 -2.850285e-02 
 2.990000e+04  3.300710e+02 -4.467607e-02  4.055704e-02 -2.855864e-02 
 2.995000e+04  3.335766e+02 -4.476398e-02  4.063056e-02 -2.861401e-02 
 3.000000e+04  3.372429e+02 -4.485507e-02  4.070692e-02 -2.867142e-02 
 3.005000e+04  3.409091e+02 -4.494476e-02  4.078264e-02 -2.872764e-02 
 3.010000e+04  3.445754e+02 -4.503280e-02  4.085768e-02 -2.878293e-02 
 3.015000e+04  3.482416e+02 -4.511912e-02  4.093204e-02 -2.883745e-02 
 3.020000e+04  3.519078e+02 -4.520458e-02  4.100576e-02 -2.889162e-02 
 3.025000e+04  3.555741e+02 -4.528950e-02  4.107920e-02 -2.894561e-02 
 3.030000e+04  3.592403e+02 -4.537374e-02  4.115209e-02 -2.899948e-02 
 3.035000e+04  3.629066e+02 -4.545764e-02  4.122480e-02 -2.905314e-02 
 3.040000e+04  3.665728e+02 -4.554087e-02  4.129694e-02 -2.910635e-02 
 3.045000e+04  3.702391e+02 -4.562302e-02  4.136831e-02 -2.915893e-02 
 3.050000e+04  3.739053e+02 -4.570428e-02  4.143893e-02 -2.921092e-02 
 3.055000e+04  3.775716e+02 -4.578466e-02  4.150837e-02 -2.926227e-02 
 3.060000e+04  3.812378e+02 -4.586420e-02  4.157683e-02 -2.931311e-02 
 3.065000e+04  3.849040e+02 -4.594333e-02  4.164424e-02 -2.936333e-02 
 3.070000e+04  3.885703e+02 -4.602201e-02  4.171046e-02 -2.941298e-02 
 3.075000e+04  3.922365e+02 -4.610008e-02  4.177569e-02 -2.946211e-02 
 3.080000e+04  3.959028e+02 -4.617768e-02  4.184027e-02 -2.951076e-02 
 3.085000e+04  3.995690e+02 -4.625462e-02  4.190440e-02 -2.955931e-02 
 3.090000e+04  4.032353e+02 -4.633073e-02  4.196801e-02 -2.960763e-02 
 3.095000e+04  4.069015e+02 -4.640625e-02  4.203127e-02 -2.965568e-02 
 3.100000e+04  4.105677e+02 -4.648108e-02  4.209430e-02 -2.970349e-02 
 3.105000e+04  4.142340e+02 -4.655518e-02  4.215685e-02 -2.975089e-02 
 3.110000e+04  4.179002e+02 -4.662863e-02  4.221892e-02 -2.979791e-02 
 3.115000e+04  4.215665e+02 -4.670136e-02  4.228050e-02 -2.984464e-02 
 3.120000e+04  4.252327e+02 -4.677330e-02  4.234158e-02 -2.989093e-02 
 3.125000e+04  4.288990e+02 -4.684471e-02  4.240223e-02 -2.993683e-02 
 3.130000e+04  4.325652e+02 -4.691536e-02  4.246252e-02 -2.998225e-02 
 3.135000e+04  4.362314e+02 -4.698507e-02  4.252240e-02 -3.002737e-02 
 3.140000e+04  4.398977e+02 -4.705409e-02  4.258179e-02 -3.007204e-02 
 3.145000e+04  4.435639e+02 -4.712244e-02  4.264065e-02 -3.011640e-02 
 3.150000e+04  4.472302e+02 -4.718999e-02  4.269908e-02 -3.016034e-02 
 3.155000e+04  4.508964e+02 -4.725700e-02  4.275688e-02 -3.020385e-02 
 3.160000e+04  4.545627e+02 -4.732363e-02  4.281401e-02 -3.024708e-02 
 3.165000e+04  4.582289e+02 -4.738977e-02  4.287055e-02 -3.029001e-02 
 3.170000e+04  4.618951e+02 -4.745566e-02  4.292648e-02 -3.033254e-02 
 3.175000e+04  4.655614e+02 -4.752130e-02  4.298182e-02 -3.037479e-02 
 3.180000e+04  4.692276e+02 -4.758649e-02  4.303678e-02 -3.041679e-02 
 3.185000e+04  4.728939e+02 -4.765131e-02  4.309132e-02 -3.045843e-02 
 3.190000e+04  4.765601e+02 -4.771569e-02  4.314539e-02 -3.049982e-02 
 3.195000e+04  4.802264e+02 -4.777943e-02  4.319907e-02 -3.054083e-02 
 3.200000e+04  4.838926e+02 -4.784264e-02  4.325223e-02 -3.058147e-02 
 3.205000e+04  4.875588e+02 -4.790551e-02  4.330492e-02 -3.062189e-02 
 3.210000e+04  4.912251e+02 -4.796787e-02  4.335728e-02 -3.066202e-02 
 3.215000e+04  4.948913e+02 -4.802992e-02  4.340929e-02 -3.070193e-02 
 3.220000e+04  4.985576e+02 -4.809140e-02  4.346089e-02 -3.074153e-02 
 3.225000e+04  5.022238e+02 -4.815228e-02  4.351229e-02 -3.078091e-02 
 3.230000e+04  5.058901e+02 -4.821255e-02  4.356325e-02 -3.081991e-02 
 3.235000e+04  5.095563e+02 -4.827222e-02  4.361403e-02 -3.085854e-02 
 3.240000e+04  5.132225e+02 -4.833131e-02  4.366461e-02 -3.089684e-02 
 3.245000e+04  5.168888e+02 -4.838999e-02  4.371489e-02 -3.093476e-02 
 3.250000e+04  5.205550e+02 -4.844835e-02  4.376488e-02 -3.097241e-02 
 3.255000e+04  5.242213e+02 -4.850623e-02  4.381445e-02 -3.100988e-02 
 3.260000e+04  5.278875e+02 -4.856364e-02  4.386349e-02 -3.104714e-02 
 3.265000e+04  5.315538e+02 -4.862069e-02  4.391211e-02 -3.108421e-02 
 3.270000e+04  5.352200e+02 -4.867742e-02  4.396041e-02 -3.112112e-02 
 3.275000e+04  5.388863e+02 -4.873391e-02  4.400841e-02 -3.115776e-02 
 3.280000e+04  5.426478e+02 -4.879167e-02  4.405721e-02 -3.119511e-02 
 3.285000e+04  5.464974e+02 -4.885049e-02  4.410686e-02 -3.123310e-02 
 3.290000e+04  5.503469e+02 -4.890886e-02  4.415599e-02 -3.127071e-02 
 3.295000e+04  5.542658e+02 -4.896794e-02  4.420545e-02 -3.130874e-02 
 3.300000e+04  5.583078e+02 -4.902871e-02  4.425608e-02 -3.134768e-02 
 3.305000e+04  5.623498e+02 -4.908905e-02  4.430612e-02 -3.138641e-02 
 3.310000e+04  5.663919e+02 -4.914895e-02  4.435561e-02 -3.142493e-02 
 3.315000e+04  5.705915e+02 -4.921086e-02  4.440665e-02 -3.146486e-02 
 3.320000e+04  5.748357e+02 -4.927306e-02  4.445802e-02 -3.150495e-02 
 3.325000e+04  5.790798e+02 -4.933452e-02  4.450925e-02 -3.154468e-02 
 3.330000e+04  5.834470e+02 -4.939708e-02  4.456184e-02 -3.158514e-02 
 3.335000e+04  5.879034e+02 -4.946030e-02  4.461528e-02 -3.162614e-02 
 3.340000e+04  5.923597e+02 -4.952304e-02  4.466832e-02 -3.166669e-02 
 3.345000e+04  5.968161e+02 -4.958507e-02  4.472101e-02 -3.170685e-02 
 3.350000e+04  6.012724e+02 -4.964657e-02  4.477325e-02 -3.174681e-02 
 3.355000e+04  6.057287e+02 -4.970764e-02  4.482517e-02 -3.178659e-02 
 3.360000e+04  6.101851e+02 -4.976837e-02  4.487678e-02 -3.182637e-02 
 3.365000e+04  6.146414e+02 -4.982879e-02  4.492827e-02 -3.186602e-02 
 3.370000e+04  6.190978e+02 -4.988866e-02  4.497948e-02 -3.190513e-02 
 3.375000e+04  6.235541e+02 -4.994791e-02  4.503038e-02 -3.194381e-02 
 3.380000e+04  6.280461e+02 -5.000687e-02  4.508147e-02 -3.198258e-02 
 3.385000e+04  6.327253e+02 -5.006791e-02  4.513408e-02 -3.202290e-02 
 3.390000e+04  6.374044e+02 -5.012868e-02  4.518592e-02 -3.206299e-02 
 3.395000e+04  6.421070e+02 -5.018952e-02  4.523727e-02 -3.210294e-02 
 3.400000e+04  6.470201e+02 -5.025323e-02  4.529009e-02 -3.214434e-02 
 3.405000e+04  6.519332e+02 -5.031685e-02  4.534229e-02 -3.218519e-02 
 3.410000e+04  6.568463e+02 -5.037997e-02  4.539417e-02 -3.222540e-02 
 3.415000e+04  6.617594e+02 -5.044245e-02  4.544590e-02 -3.226542e-02 
 3.420000e+04  6.666725e+02 -5.050423e-02  4.549733e-02 -3.230550e-02 
 3.425000e+04  6.717724e+02 -5.056789e-02  4.555058e-02 -3.234726e-02 
 3.430000e+04  6.769311e+02 -5.063204e-02  4.560436e-02 -3.238933e-02 
 3.435000e+04  6.820899e+02 -5.069580e-02  4.565792e-02 -3.243064e-02 
 3.440000e+04  6.872487e+02 -5.075919e-02  4.571085e-02 -3.247132e-02 
 3.445000e+04  6.924075e+02 -5.082179e-02  4.576313e-02 -3.251162e-02 
 3.450000e+04  6.977210e+02 -5.088548e-02  4.581644e-02 -3.255312e-02 
 3.455000e+04  7.031377e+02 -5.095002e-02  4.587042e-02 -3.259546e-02 
 3.460000e+04  7.085544e+02 -5.101420e-02  4.592430e-02 -3.263734e-02 
 3.465000e+04  7.139711e+02 -5.107759e-02  4.597809e-02 -3.267843e-02 
 3.470000e+04  7.193878e+02 -5.114039e-02  4.603165e-02 -3.271869e-02 
 3.475000e+04  7.248045e+02 -5.120261e-02  4.608477e-02 -3.275849e-02 
 3.480000e+04  7.302213e+02 -5.126447e-02  4.613748e-02 -3.279845e-02 
 3.485000e+04  7.356380e+02 -5.132615e-02  4.618968e-02 -3.283876e-02 
 3.490000e+04  7.410547e+02 -5.138764e-02  4.624129e-02 -3.287934e-02 
 3.495000e+04  7.466339e+02 -5.145086e-02  4.629418e-02 -3.292086e-02 
 3.500000e+04  7.523214e+02 -5.151517e-02  4.634786e-02 -3.296215e-02 
 3.505000e+04  7.580317e+02 -5.157949e-02  4.640145e-02 -3.300267e-02 
 3.510000e+04  7.640037e+02 -5.164639e-02  4.645713e-02 -3.304460e-02 
 3.515000e+04  7.699756e+02 -5.171256e-02  4.651250e-02 -3.308611e-02 
 3.520000e+04  7.759475e+02 -5.177786e-02  4.656742e-02 -3.312769e-02 
 3.525000e+04  7.819194e+02 -5.184246e-02  4.662165e-02 -3.316919e-02 
 3.530000e+04  7.878913e+02 -5.190650e-02  4.667527e-02 -3.321019e-02 
 3.535000e+04  7.938633e+02 -5.196991e-02  4.672835e-02 -3.325042e-02 
 3.540000e+04  7.998352e+02 -5.203280e-02  4.678136e-02 -3.328998e-02 
 3.545000e+04  8.058071e+02 -5.209522e-02  4.683437e-02 -3.332960e-02 
 3.550000e+04  8.117790e+02 -5.215710e-02  4.688762e-02 -3.336958e-02 
 3.555000e+04  8.177510e+02 -5.221859e-02  4.694121e-02 -3.340963e-02 
 3.560000e+04  8.237229e+02 -5.227984e-02  4.699515e-02 -3.344970e-02 
 3.565000e+04  8.296948e+02 -5.234103e-02  4.704936e-02 -3.348945e-02 
 3.570000e+04  8.356667e+02 -5.240185e-02  4.710374e-02 -3.352875e-02 
 3.575000e+04  8.416387e+02 -5.246228e-02  4.715799e-02 -3.356744e-02 
 3.580000e+04  8.476106e+02 -5.252210e-02  4.721185e-02 -3.360555e-02 
 3.585000e+04  8.535825e+02 -5.258138e-02  4.726500e-02 -3.364341e-02 
 3.590000e+04  8.595544e+02 -5.264022e-02  4.731749e-02 -3.368076e-02 
 3.595000e+04  8.655264e+02 -5.269887e-02  4.736965e-02 -3.371801e-02 
 3.600000e+04  8.714983e+02 -5.275768e-02  4.742129e-02 -3.375557e-02 
 3.605000e+04  8.774702e+02 -5.281694e-02  4.747235e-02 -3.379383e-02 
 3.610000e+04  8.834421e+02 -5.287674e-02  4.752310e-02 -3.383228e-02 
 3.615000e+04  8.894141e+02 -5.293666e-02  4.757363e-02 -3.386986e-02 
 3.620000e+04  8.953860e+02 -5.299624e-02  4.762389e-02 -3.390585e-02 
 3.625000e+04  9.015908e+02 -5.305756e-02  4.767570e-02 -3.394239e-02 
 3.630000e+04  9.078613e+02 -5.311909e-02  4.772780e-02 -3.397949e-02 
 3.635000e+04  9.141632e+02 -5.318073e-02  4.777971e-02 -3.401758e-02 
 3.640000e+04  9.207472e+02 -5.324485e-02  4.783353e-02 -3.405832e-02 
 3.645000e+04  9.273313e+02 -5.330823e-02  4.788661e-02 -3.409902e-02 
 3.650000e+04  9.339153e+02 -5.337097e-02  4.793892e-02 -3.413867e-02 
 3.655000e+04  9.404994e+02 -5.343325e-02  4.799064e-02 -3.417697e-02 
 3.660000e+04  9.470834e+02 -5.349499e-02  4.804198e-02 -3.421433e-02 
 3.665000e+04  9.537728e+02 -5.355693e-02  4.809420e-02 -3.425227e-02 
 3.670000e+04  9.606861e+02 -5.362042e-02  4.814851e-02 -3.429208e-02 
 3.675000e+04  9.675993e+02 -5.368361e-02  4.820337e-02 -3.433240e-02 
 3.680000e+04  9.745126e+02 -5.374677e-02  4.825830e-02 -3.437311e-02 
 3.685000e+04  9.814258e+02 -5.380956e-02  4.831273e-02 -3.441381e-02 
 3.690000e+04  9.883391e+02 -5.387132e-02  4.836583e-02 -3.445336e-02 
 3.695000e+04  9.952523e+02 -5.393219e-02  4.841802e-02 -3.449166e-02 
 3.700000e+04  1.002269e+03 -5.399324e-02  4.847048e-02 -3.452991e-02 
 3.705000e+04  1.009528e+03 -5.405592e-02  4.852457e-02 -3.456994e-02 
 3.710000e+04  1.016874e+03 -5.411925e-02  4.857886e-02 -3.461124e-02 
 3.715000e+04  1.024496e+03 -5.418526e-02  4.863469e-02 -3.465501e-02 
 3.720000e+04  1.032118e+03 -5.425139e-02  4.868959e-02 -3.469892e-02 
 3.725000e+04  1.039740e+03 -5.431690e-02  4.874350e-02 -3.474176e-02 
 3.730000e+04  1.047362e+03 -5.438152e-02  4.879642e-02 -3.478239e-02 
 3.735000e+04  1.054983e+03 -5.444530e-02  4.884869e-02 -3.482197e-02 
 3.740000e+04  1.062605e+03 -5.450838e-02  4.890072e-02 -3.486217e-02 
 3.745000e+04  1.070227e+03 -5.457077e-02  4.895273e-02 -3.490318e-02 
 3.750000e+04  1.077849e+03 -5.463324e-02  4.900508e-02 -3.494542e-02 
 3.755000e+04  1.085661e+03 -5.469758e-02  4.905942e-02 -3.498951e-02 
 3.760000e+04  1.093664e+03 -5.476364e-02  4.911558e-02 -3.503460e-02 
 3.765000e+04  1.101667e+03 -5.482962e-02  4.917167e-02 -3.507775e-02 
 3.770000e+04  1.109670e+03 -5.489525e-02  4.922692e-02 -3.511921e-02 
 3.775000e+04  1.117673e+03 -5.495984e-02  4.928089e-02 -3.515977e-02 
 3.780000e+04  1.125676e+03 -5.502234e-02  4.933379e-02 -3.520068e-02 
 3.785000e+04  1.133855e+03 -5.508426e-02  4.938791e-02 -3.524342e-02 
 3.790000e+04  1.142258e+03 -5.514720e-02  4.944384e-02 -3.528767e-02 
 3.795000e+04  1.150661e+03 -5.521036e-02  4.949985e-02 -3.533201e-02 
 3.800000e+04  1.159064e+03 -5.527391e-02  4.955518e-02 -3.537529e-02 
 3.805000e+04  1.167468e+03 -5.533779e-02  4.960960e-02 -3.541736e-02 
 3.810000e+04  1.175871e+03 -5.540163e-02  4.966323e-02 -3.545887e-02 
 3.815000e+04  1.184274e+03 -5.546433e-02  4.971661e-02 -3.550040e-02 
 3.820000e+04  1.192946e+03 -5.552708e-02  4.977183e-02 -3.554344e-02 
 3.825000e+04  1.201928e+03 -5.559064e-02  4.982929e-02 -3.558842e-02 
 3.830000e+04  1.211192e+03 -5.565584e-02  4.988834e-02 -3.563533e-02 
 3.835000e+04  1.220457e+03 -5.572157e-02  4.994686e-02 -3.568172e-02 
 3.840000e+04  1.229721e+03 -5.578780e-02  5.000448e-02 -3.572775e-02 
 3.845000e+04  1.239097e+03 -5.585555e-02  5.006243e-02 -3.577361e-02 
 3.850000e+04  1.248824e+03 -5.592673e-02  5.012235e-02 -3.582068e-02 
 3.855000e+04  1.258552e+03 -5.599837e-02  5.018235e-02 -3.586745e-02 
 3.860000e+04  1.268280e+03 -5.606925e-02  5.024206e-02 -3.591406e-02 
 3.865000e+04  1.278007e+03 -5.613826e-02  5.030046e-02 -3.596012e-02 
 3.870000e+04  1.287735e+03 -5.620569e-02  5.035789e-02 -3.600600e-02 
 3.875000e+04  1.297745e+03 -5.627469e-02  5.041671e-02 -3.605308e-02 
 3.880000e+04  1.307959e+03 -5.634544e-02  5.047701e-02 -3.610143e-02 
 3.885000e+04  1.318173e+03 -5.641697e-02  5.053757e-02 -3.615008e-02 
 3.890000e+04  1.326426e+03 -5.647522e-02  5.058665e-02 -3.618864e-02 
 3.895000e+04  1.328468e+03 -5.649009e-02  5.059476e-02 -3.619586e-02 
 3.900000e+04  1.330511e+03 -5.650501e-02  5.059684e-02 -3.620245e-02 
 3.905000e+04  1.332554e+03 -5.651954e-02  5.060230e-02 -3.620949e-02 
 3.910000e+04  1.334597e+03 -5.653256e-02  5.061241e-02 -3.621909e-02 
 3.915000e+04  1.336640e+03 -5.654529e-02  5.062629e-02 -3.622924e-02 
 3.920000e+04  1.338682e+03 -5.655779e-02  5.064318e-02 -3.624062e-02 
 3.925000e+04  1.340725e+03 -5.657122e-02  5.066183e-02 -3.625313e-02 
 3.930000e+04  1.342768e+03 -5.658586e-02  5.068077e-02 -3.626510e-02 
 3.935000e+04  1.344811e+03 -5.660044e-02  5.069797e-02 -3.627498e-02 
 3.940000e+04  1.346854e+03 -5.661438e-02  5.071341e-02 -3.628294e-02 
 3.945000e+04  1.348896e+03 -5.662735e-02  5.072584e-02 -3.629127e-02 
 3.950000e+04  1.350939e+03 -5.663962e-02  5.073718e-02 -3.630034e-02 
 3.955000e+04  1.352982e+03 -5.665180e-02  5.074811e-02 -3.631012e-02 
 3.960000e+04  1.355025e+03 -5.666429e-02  5.075947e-02 -3.632019e-02 
 3.965000e+04  1.357096e+03 -5.667743e-02  5.077151e-02 -3.633052e-02 
 3.970000e+04  1.359413e+03 -5.669236e-02  5.078563e-02 -3.634184e-02 
 3.975000e+04  1.362175e+03 -5.671088e-02  5.080323e-02 -3.635468e-02 
 3.980000e+04  1.365220e+03 -5.673197e-02  5.082332e-02 -3.636828e-02 
 3.985000e+04  1.368618e+03 -5.675595e-02  5.084585e-02 -3.638307e-02 
 3.990000e+04  1.372112e+03 -5.678057e-02  5.086744e-02 -3.639830e-02 
 3.995000e+04  1.375644e+03 -5.680565e-02  5.088728e-02 -3.641400e-02 
 4.000000e+04  1.379313e+03 -5.683183e-02  5.090647e-02 -3.643081e-02 
 4.005000e+04  1.383040e+03 -5.685784e-02  5.092581e-02 -3.644808e-02 
 4.010000e+04  1.386907e+03 -5.688410e-02  5.094627e-02 -3.646591e-02 
 4.015000e+04  1.391102e+03 -5.691246e-02  5.096901e-02 -3.648504e-02 
 4.020000e+04  1.395561e+03 -5.694278e-02  5.099394e-02 -3.650495e-02 
 4.025000e+04  1.400128e+03 -5.697389e-02  5.102054e-02 -3.652499e-02 
 4.030000e+04  1.405051e+03 -5.700735e-02  5.105020e-02 -3.654649e-02 
 4.035000e+04  1.410213e+03 -5.704259e-02  5.108187e-02 -3.656898e-02 
 4.040000e+04  1.415375e+03 -5.707782e-02  5.111346e-02 -3.659153e-02 
 4.045000e+04  1.420796e+03 -5.711481e-02  5.114590e-02 -3.661555e-02 
 4.050000e+04  1.426516e+03 -5.715312e-02  5.117930e-02 -3.664128e-02 
 4.055000e+04  1.432599e+03 -5.719290e-02  5.121438e-02 -3.666872e-02 
 4.060000e+04  1.438874e+03 -5.723351e-02  5.125059e-02 -3.669679e-02 
 4.065000e+04  1.445148e+03 -5.727413e-02  5.128706e-02 -3.672429e-02 
 4.070000e+04  1.451423e+03 -5.731519e-02  5.132398e-02 -3.675128e-02 
 4.075000e+04  1.457835e+03 -5.735749e-02  5.136210e-02 -3.677875e-02 
 4.080000e+04  1.464423e+03 -5.740105e-02  5.140158e-02 -3.680696e-02 
 4.085000e+04  1.471012e+03 -5.744439e-02  5.144091e-02 -3.683525e-02 
 4.090000e+04  1.477890e+03 -5.749020e-02  5.148166e-02 -3.686515e-02 
 4.095000e+04  1.485008e+03 -5.753800e-02  5.152320e-02 -3.689642e-02 
 4.100000e+04  1.492272e+03 -5.758671e-02  5.156505e-02 -3.692822e-02 
 4.105000e+04  1.499950e+03 -5.763843e-02  5.160879e-02 -3.696154e-02 
 4.110000e+04  1.507958e+03 -5.769260e-02  5.165416e-02 -3.699599e-02 
 4.115000e+04  1.515966e+03 -5.774682e-02  5.169986e-02 -3.703022e-02 
 4.120000e+04  1.523990e+03 -5.780079e-02  5.174578e-02 -3.706407e-02 
 4.125000e+04  1.532398e+03 -5.785694e-02  5.179397e-02 -3.709968e-02 
 4.130000e+04  1.540807e+03 -5.791252e-02  5.184187e-02 -3.713522e-02 
 4.135000e+04  1.549215e+03 -5.796653e-02  5.188968e-02 -3.717056e-02 
 4.140000e+04  1.557624e+03 -5.802036e-02  5.193750e-02 -3.720634e-02 
 4.145000e+04  1.566032e+03 -5.807434e-02  5.198583e-02 -3.724271e-02 
 4.150000e+04  1.574440e+03 -5.812890e-02  5.203436e-02 -3.727915e-02 
 4.155000e+04  1.582849e+03 -5.818378e-02  5.208304e-02 -3.731527e-02 
 4.160000e+04  1.591501e+03 -5.823998e-02  5.213329e-02 -3.735185e-02 
 4.165000e+04  1.600445e+03 -5.829756e-02  5.218565e-02 -3.738955e-02 
 4.170000e+04  1.609715e+03 -5.835658e-02  5.223944e-02 -3.742836e-02 
 4.175000e+04  1.618986e+03 -5.841488e-02  5.229195e-02 -3.746690e-02 
 4.180000e+04  1.628256e+03 -5.847333e-02  5.234331e-02 -3.750567e-02 
 4.185000e+04  1.637526e+03 -5.853193e-02  5.239456e-02 -3.754478e-02 
 4.190000e+04  1.646796e+03 -5.859069e-02  5.244571e-02 -3.758388e-02 
 4.195000e+04  1.656067e+03 -5.864959e-02  5.249662e-02 -3.762236e-02 
 4.200000e+04  1.665560e+03 -5.871008e-02  5.254886e-02 -3.766179e-02 
 4.205000e+04  1.675914e+03 -5.877643e-02  5.260605e-02 -3.770462e-02 
 4.210000e+04  1.686646e+03 -5.884533e-02  5.266531e-02 -3.774890e-02 
 4.215000e+04  1.697378e+03 -5.891355e-02  5.272387e-02 -3.779280e-02 
 4.220000e+04  1.708109e+03 -5.898055e-02  5.278174e-02 -3.783626e-02 
 4.225000e+04  1.718841e+03 -5.904679e-02  5.283872e-02 -3.787975e-02 
 4.230000e+04  1.721846e+03 -5.906515e-02  5.285433e-02 -3.789113e-02 
 4.235000e+04  1.723992e+03 -5.907791e-02  5.285993e-02 -3.789562e-02 
 4.240000e+04  1.725314e+03 -5.908595e-02  5.286257e-02 -3.789933e-02 
 4.245000e+04  1.725743e+03 -5.908915e-02  5.286648e-02 -3.790277e-02 
 4.250000e+04  1.726172e+03 -5.909122e-02  5.287094e-02 -3.790685e-02 
 4.255000e+04  1.726602e+03 -5.909350e-02  5.287405e-02 -3.790959e-02 
 4.260000e+04  1.727031e+03 -5.909473e-02  5.287592e-02 -3.791158e-02 
 4.265000e+04  1.727460e+03 -5.909687e-02  5.287776e-02 -3.791279e-02 
 4.270000e+04  1.727890e+03 -5.909970e-02  5.287977e-02 -3.791412e-02 
 4.275000e+04  1.728320e+03 -5.910305e-02  5.288290e-02 -3.791581e-02 
 4.280000e+04  1.728848e+03 -5.910661e-02  5.288750e-02 -3.791814e-02 
 4.285000e+04  1.729492e+03 -5.911048e-02  5.289230e-02 -3.792097e-02 
 4.290000e+04  1.730223e+03 -5.911469e-02  5.289623e-02 -3.792419e-02 
 4.295000e+04  1.731055e+03 -5.911961e-02  5.289942e-02 -3.792752e-02 
 4.300000e+04  1.731905e+03 -5.912405e-02  5.290301e-02 -3.793100e-02 
 4.305000e+04  1.732795e+03 -5.912834e-02  5.290784e-02 -3.793488e-02 
 4.310000e+04  1.733787e+03 -5.913352e-02  5.291397e-02 -3.793930e-02 
 4.315000e+04  1.734911e+03 -5.914010e-02  5.292118e-02 -3.794407e-02 
 4.320000e+04  1.736229e+03 -5.914869e-02  5.292940e-02 -3.794905e-02 
 4.325000e+04  1.737706e+03 -5.915770e-02  5.293851e-02 -3.795443e-02 
 4.330000e+04  1.739232e+03 -5.916628e-02  5.294772e-02 -3.796018e-02 
 4.335000e+04  1.740826e+03 -5.917514e-02  5.295659e-02 -3.796649e-02 
 4.340000e+04  1.742578e+03 -5.918503e-02  5.296570e-02 -3.797387e-02 
 4.345000e+04  1.744502e+03 -5.919641e-02  5.297539e-02 -3.798215e-02 
 4.350000e+04  1.746564e+03 -5.920854e-02  5.298591e-02 -3.799082e-02 
 4.355000e+04  1.748756e+03 -5.922146e-02  5.299744e-02 -3.799964e-02 
 4.360000e+04  1.751154e+03 -5.923607e-02  5.301029e-02 -3.800907e-02 
 4.365000e+04  1.753719e+03 -5.925230e-02  5.302419e-02 -3.801899e-02 
 4.370000e+04  1.756421e+03 -5.926952e-02  5.303879e-02 -3.802932e-02 
 4.375000e+04  1.759256e+03 -5.928731e-02  5.305394e-02 -3.804027e-02 
 4.380000e+04  1.762305e+03 -5.930605e-02  5.307010e-02 -3.805244e-02 
 4.385000e+04  1.765583e+03 -5.932586e-02  5.308706e-02 -3.806592e-02 
 4.390000e+04  1.769045e+03 -5.934650e-02  5.310447e-02 -3.808033e-02 
 4.395000e+04  1.772704e+03 -5.936846e-02  5.312258e-02 -3.809537e-02 
 4.400000e+04  1.776476e+03 -5.939139e-02  5.314149e-02 -3.811047e-02 
 4.405000e+04  1.780333e+03 -5.941487e-02  5.316124e-02 -3.812565e-02 
 4.410000e+04  1.784190e+03 -5.943817e-02  5.318134e-02 -3.814069e-02 
 4.415000e+04  1.788124e+03 -5.946167e-02  5.320208e-02 -3.815592e-02 
 4.420000e+04  1.792312e+03 -5.948658e-02  5.322438e-02 -3.817225e-02 
 4.425000e+04  1.796709e+03 -5.951262e-02  5.324782e-02 -3.818965e-02 
 4.430000e+04  1.801258e+03 -5.953927e-02  5.327172e-02 -3.820781e-02 
 4.435000e+04  1.806170e+03 -5.956787e-02  5.329708e-02 -3.822745e-02 
 4.440000e+04  1.811338e+03 -5.959792e-02  5.332354e-02 -3.824820e-02 
 4.445000e+04  1.816507e+03 -5.962786e-02  5.334985e-02 -3.826880e-02 
 4.450000e+04  1.821722e+03 -5.965825e-02  5.337629e-02 -3.828930e-02 
 4.455000e+04  1.827149e+03 -5.969017e-02  5.340378e-02 -3.831050e-02 
 4.460000e+04  1.832810e+03 -5.972376e-02  5.343247e-02 -3.833261e-02 
 4.465000e+04  1.838508e+03 -5.975748e-02  5.346142e-02 -3.835483e-02 
 4.470000e+04  1.844403e+03 -5.979227e-02  5.349133e-02 -3.837782e-02 
 4.475000e+04  1.850830e+03 -5.983025e-02  5.352399e-02 -3.840307e-02 
 4.480000e+04  1.857552e+03 -5.986991e-02  5.355798e-02 -3.842958e-02 
 4.485000e+04  1.864479e+03 -5.991061e-02  5.359251e-02 -3.845684e-02 
 4.490000e+04  1.871706e+03 -5.995289e-02  5.362800e-02 -3.848520e-02 
 4.495000e+04  1.879343e+03 -5.999738e-02  5.366561e-02 -3.851519e-02 
 4.500000e+04  1.886979e+03 -6.004207e-02  5.370325e-02 -3.854485e-02 
 4.505000e+04  1.894616e+03 -6.008676e-02  5.374063e-02 -3.857396e-02 
 4.510000e+04  1.902267e+03 -6.013136e-02  5.377845e-02 -3.860317e-02 
 4.515000e+04  1.910286e+03 -6.017805e-02  5.381847e-02 -3.863369e-02 
 4.520000e+04  1.918304e+03 -6.022442e-02  5.385882e-02 -3.866388e-02 
 4.525000e+04  1.926322e+03 -6.027064e-02  5.389890e-02 -3.869451e-02 
 4.530000e+04  1.934340e+03 -6.031689e-02  5.393826e-02 -3.872547e-02 
 4.535000e+04  1.942519e+03 -6.036351e-02  5.397818e-02 -3.875717e-02 
 4.540000e+04  1.950972e+03 -6.041131e-02  5.401985e-02 -3.878977e-02 
 4.545000e+04  1.959812e+03 -6.046114e-02  5.406349e-02 -3.882349e-02 
 4.550000e+04  1.968652e+03 -6.051097e-02  5.410685e-02 -3.885653e-02 
 4.555000e+04  1.977492e+03 -6.056123e-02  5.414947e-02 -3.888920e-02 
 4.560000e+04  1.986615e+03 -6.061327e-02  5.419306e-02 -3.892296e-02 
 4.565000e+04  1.995963e+03 -6.066643e-02  5.423801e-02 -3.895776e-02 
 4.570000e+04  2.005787e+03 -6.072190e-02  5.428557e-02 -3.899432e-02 
 4.575000e+04  2.016419e+03 -6.078181e-02  5.433690e-02 -3.903385e-02 
 4.580000e+04  2.027165e+03 -6.084249e-02  5.438786e-02 -3.907399e-02 
 4.585000e+04  2.037910e+03 -6.090337e-02  5.443780e-02 -3.911392e-02 
 4.590000e+04  2.048655e+03 -6.096422e-02  5.448798e-02 -3.915310e-02 
 4.595000e+04  2.059400e+03 -6.102539e-02  5.453911e-02 -3.919237e-02 
 4.600000e+04  2.070146e+03 -6.108721e-02  5.459125e-02 -3.923192e-02 
 4.605000e+04  2.080891e+03 -6.114980e-02  5.464400e-02 -3.927138e-02 
 4.610000e+04  2.091636e+03 -6.121344e-02  5.469671e-02 -3.931098e-02 
 4.615000e+04  2.102381e+03 -6.127836e-02  5.474943e-02 -3.935081e-02 
 4.620000e+04  2.113389e+03 -6.134536e-02  5.480331e-02 -3.939182e-02 
 4.625000e+04  2.124963e+03 -6.141407e-02  5.485939e-02 -3.943526e-02 
 4.630000e+04  2.136537e+03 -6.148024e-02  5.491465e-02 -3.947864e-02 
 4.635000e+04  2.148111e+03 -6.154577e-02  5.496907e-02 -3.952189e-02 
 4.640000e+04  2.159685e+03 -6.161097e-02  5.502296e-02 -3.956468e-02 
 4.645000e+04  2.171260e+03 -6.167613e-02  5.507676e-02 -3.960664e-02 
 4.650000e+04  2.182834e+03 -6.174103e-02  5.513067e-02 -3.964824e-02 
 4.655000e+04  2.194408e+03 -6.180567e-02  5.518496e-02 -3.968979e-02 
 4.660000e+04  2.205982e+03 -6.186981e-02  5.523892e-02 -3.973158e-02 
 4.665000e+04  2.217556e+03 -6.193367e-02  5.529267e-02 -3.977378e-02 
 4.670000e+04  2.229130e+03 -6.199732e-02  5.534604e-02 -3.981579e-02 
 4.675000e+04  2.240704e+03 -6.206046e-02  5.539859e-02 -3.985726e-02 
 4.680000e+04  2.252278e+03 -6.212352e-02  5.545094e-02 -3.989832e-02 
 4.685000e+04  2.263852e+03 -6.218621e-02  5.550314e-02 -3.993933e-02 
 4.690000e+04  2.275426e+03 -6.224727e-02  5.555535e-02 -3.998015e-02 
 4.695000e+04  2.287000e+03 -6.230703e-02  5.560742e-02 -4.002105e-02 
 4.700000e+04  2.298574e+03 -6.236661e-02  5.565984e-02 -4.006230e-02 
 4.705000e+04  2.310148e+03 -6.242671e-02  5.571256e-02 -4.010356e-02 
 4.710000e+04  2.321722e+03 -6.248722e-02  5.576547e-02 -4.014443e-02 
 4.715000e+04  2.333297e+03 -6.254801e-02  5.581851e-02 -4.018513e-02 
 4.720000e+04  2.344871e+03 -6.260884e-02  5.587173e-02 -4.022587e-02 
 4.725000e+04  2.356445e+03 -6.266960e-02  5.592454e-02 -4.026667e-02 
 4.730000e+04  2.368019e+03 -6.273008e-02  5.597681e-02 -4.030748e-02 
 4.735000e+04  2.379593e+03 -6.279045e-02  5.602880e-02 -4.034821e-02 
 4.740000e+04  2.391167e+03 -6.285075e-02  5.608082e-02 -4.038897e-02 
 4.745000e+04  2.402741e+03 -6.291113e-02  5.613306e-02 -4.042956e-02 
 4.750000e+04  2.414315e+03 -6.297173e-02  5.618535e-02 -4.046996e-02 
 4.755000e+04  2.425889e+03 -6.303252e-02  5.623774e-02 -4.051017e-02 
 4.760000e+04  2.437463e+03 -6.309346e-02  5.629020e-02 -4.055040e-02 
 4.765000e+04  2.449037e+03 -6.315451e-02  5.634267e-02 -4.059074e-02 
 4.770000e+04  2.460611e+03 -6.321559e-02  5.639494e-02 -4.063117e-02 
 4.775000e+04  2.472185e+03 -6.327632e-02  5.644734e-02 -4.067161e-02 
 4.780000e+04  2.483760e+03 -6.333686e-02  5.649995e-02 -4.071199e-02 
 4.785000e+04  2.495334e+03 -6.339708e-02  5.655271e-02 -4.075203e-02 
 4.790000e+04  2.506908e+03 -6.345697e-02  5.660548e-02 -4.079182e-02 
 4.795000e+04  2.518482e+03 -6.351668e-02  5.665843e-02 -4.083154e-02 
 4.800000e+04  2.530056e+03 -6.357593e-02  5.671151e-02 -4.087126e-02 
 4.805000e+04  2.541630e+03 -6.363475e-02  5.676470e-02 -4.091074e-02 
 4.810000e+04  2.553204e+03 -6.369328e-02  5.681795e-02 -4.095033e-02 
 4.815000e+04  2.564778e+03 -6.375186e-02  5.687118e-02 -4.099010e-02 
 4.820000e+04  2.576352e+03 -6.381039e-02  5.692426e-02 -4.102989e-02 
 4.825000e+04  2.587926e+03 -6.386872e-02  5.697733e-02 -4.106953e-02 
 4.830000e+04  2.599500e+03 -6.392648e-02  5.703045e-02 -4.110918e-02 
 4.835000e+04  2.611074e+03 -6.398387e-02  5.708364e-02 -4.114866e-02 
 4.840000e+04  2.622648e+03 -6.404108e-02  5.713722e-02 -4.118802e-02 
 4.845000e+04  2.634222e+03 -6.409824e-02  5.719111e-02 -4.122732e-02 
 4.850000e+04  2.645797e+03 -6.415518e-02  5.724526e-02 -4.126647e-02 
 4.855000e+04  2.657371e+03 -6.421229e-02  5.729922e-02 -4.130545e-02 
 4.860000e+04  2.668945e+03 -6.426961e-02  5.735216e-02 -4.134443e-02 
 4.865000e+04  2.680519e+03 -6.432716e-02  5.740497e-02 -4.138350e-02 
 4.870000e+04  2.692093e+03 -6.438447e-02  5.745783e-02 -4.142243e-02 
 4.875000e+04  2.703667e+03 -6.444120e-02  5.751085e-02 -4.146046e-02 
 4.880000e+04  2.715241e+03 -6.449779e-02  5.756337e-02 -4.149881e-02 
 4.885000e+04  2.726815e+03 -6.455444e-02  5.761567e-02 -4.153755e-02 
 4.890000e+04  2.738389e+03 -6.461036e-02  5.766796e-02 -4.157656e-02 
 4.895000e+04  2.749963e+03 -6.466597e-02  5.772066e-02 -4.161573e-02 
 4.900000e+04  2.761537e+03 -6.472171e-02  5.777363e-02 -4.165483e-02 
 4.905000e+04  2.773111e+03 -6.477741e-02  5.782401e-02 -4.169370e-02 
 4.910000e+04  2.784685e+03 -6.483339e-02  5.787350e-02 -4.173193e-02 
 4.915000e+04  2.796260e+03 -6.488952e-02  5.792307e-02 -4.176958e-02 
 4.920000e+04  2.807834e+03 -6.494548e-02  5.797396e-02 -4.180701e-02 
 4.925000e+04  2.819408e+03 -6.500178e-02  5.802576e-02 -4.184472e-02 
 4.930000e+04  2.830982e+03 -6.505835e-02  5.807829e-02 -4.188280e-02 
 4.935000e+04  2.842556e+03 -6.511463e-02  5.813104e-02 -4.192113e-02 
 4.940000e+04  2.854130e+03 -6.517018e-02  5.818316e-02 -4.195960e-02 
 4.945000e+04  2.865704e+03 -6.522518e-02  5.823423e-02 -4.199823e-02 
 4.950000e+04  2.877278e+03 -6.527987e-02  5.828447e-02 -4.203692e-02 
 4.955000e+04  2.888852e+03 -6.533458e-02  5.833376e-02 -4.207524e-02 
 4.960000e+04  2.900426e+03 -6.538953e-02  5.838191e-02 -4.211318e-02 
 4.965000e+04  2.912000e+03 -6.544484e-02  5.842980e-02 -4.215090e-02 
 4.970000e+04  2.923574e+03 -6.550068e-02  5.847781e-02 -4.218853e-02 
 4.975000e+04  2.935148e+03 -6.555707e-02  5.852557e-02 -4.222619e-02 
 4.980000e+04  2.946722e+03 -6.561366e-02  5.857383e-02 -4.226386e-02 
 4.985000e+04  2.958297e+03 -6.567027e-02  5.862255e-02 -4.230159e-02 
 4.990000e+04  2.969871e+03 -6.572705e-02  5.867156e-02 -4.233952e-02 
 4.995000e+04  2.981445e+03 -6.578412e-02  5.872055e-02 -4.237753e-02 
 5.000000e+04  2.993019e+03 -6.584164e-02  5.876869e-02 -4.241567e-02 
 5.005000e+04  3.004593e+03 -6.589991e-02  5.881600e-02 -4.245376e-02 
 5.010000e+04  3.016167e+03 -6.595867e-02  5.886281e-02 -4.249156e-02 
 5.015000e+04  3.027741e+03 -6.601789e-02  5.890953e-02 -4.252896e-02 
 5.020000e+04  3.039315e+03 -6.607754e-02  5.895604e-02 -4.256635e-02 
 5.025000e+04  3.050889e+03 -6.613680e-02  5.900276e-02 -4.260382e-02 
 5.030000e+04  3.062463e+03 -6.619509e-02  5.904952e-02 -4.264141e-02 
 5.035000e+04  3.074037e+03 -6.625295e-02  5.909615e-02 -4.267893e-02 
 5.040000e+04  3.085611e+03 -6.631069e-02  5.914291e-02 -4.271618e-02 
 5.045000e+04  3.097185e+03 -6.636843e-02  5.918988e-02 -4.275335e-02 
 5.050000e+04  3.108760e+03 -6.642616e-02  5.923691e-02 -4.279050e-02 
 5.055000e+04  3.120334e+03 -6.648373e-02  5.928347e-02 -4.282758e-02 
 5.060000e+04  3.131908e+03 -6.654133e-02  5.932988e-02 -4.286446e-02 
 5.065000e+04  3.143482e+03 -6.659861e-02  5.937627e-02 -4.290144e-02 
 5.070000e+04  3.155056e+03 -6.665558e-02  5.942279e-02 -4.293842e-02 
 5.075000e+04  3.166630e+03 -6.671208e-02  5.946922e-02 -4.297531e-02 
 5.080000e+04  3.178204e+03 -6.676853e-02  5.951576e-02 -4.301208e-02 
 5.085000e+04  3.189778e+03 -6.682499e-02  5.956225e-02 -4.304877e-02 
 5.090000e+04  3.201352e+03 -6.688150e-02  5.960878e-02 -4.308537e-02 
 5.095000e+04  3.212926e+03 -6.693777e-02  5.965540e-02 -4.312194e-02 
 5.100000e+04  3.224500e+03 -6.699383e-02  5.970192e-02 -4.315855e-02 
 5.105000e+04  3.236074e+03 -6.704987e-02  5.974827e-02 -4.319519e-02 
 5.110000e+04  3.247648e+03 -6.710592e-02  5.979448e-02 -4.323190e-02 
 5.115000e+04  3.259222e+03 -6.716195e-02  5.984061e-02 -4.326856e-02 
 5.120000e+04  3.270797e+03 -6.721740e-02  5.988677e-02 -4.330520e-02 
 5.125000e+04  3.282371e+03 -6.727256e-02  5.993306e-02 -4.334187e-02 
 5.130000e+04  3.293945e+03 -6.732731e-02  5.997948e-02 -4.337846e-02 
 5.135000e+04  3.305519e+03 -6.738217e-02  6.002583e-02 -4.341483e-02 
 5.140000e+04  3.317093e+03 -6.743701e-02  6.007196e-02 -4.345108e-02 
 5.145000e+04  3.328667e+03 -6.749173e-02  6.011816e-02 -4.348734e-02 
 5.150000e+04  3.340241e+03 -6.754616e-02  6.016440e-02 -4.352364e-02 
 5.155000e+04  3.351815e+03 -6.760054e-02  6.021066e-02 -4.355993e-02 
 5.160000e+04  3.363389e+03 -6.765460e-02  6.025694e-02 -4.359630e-02 
 5.165000e+04  3.374963e+03 -6.770854e-02  6.030336e-02 -4.363270e-02 
 5.170000e+04  3.386537e+03 -6.776240e-02  6.034992e-02 -4.366908e-02 
 5.175000e+04  3.398111e+03 -6.781568e-02  6.039656e-02 -4.370530e-02 
 5.180000e+04  3.409685e+03 -6.786871e-02  6.044339e-02 -4.374147e-02 
 5.185000e+04  3.421260e+03 -6.792178e-02  6.049036e-02 -4.377756e-02 
 5.190000e+04  3.432834e+03 -6.797495e-02  6.053746e-02 -4.381347e-02 
 5.195000e+04  3.444408e+03 -6.802823e-02  6.058464e-02 -4.384933e-02 
 5.200000e+04  3.455982e+03 -6.808151e-02  6.063194e-02 -4.388531e-02 
 5.205000e+04  3.467556e+03 -6.813443e-02  6.067946e-02 -4.392137e-02 
 5.210000e+04  3.479130e+03 -6.818701e-02  6.072713e-02 -4.395751e-02 
 5.215000e+04  3.490704e+03 -6.823947e-02  6.077490e-02 -4.399361e-02 
 5.220000e+04  3.502278e+03 -6.829189e-02  6.082255e-02 -4.402965e-02 
 5.225000e+04  3.513852e+03 -6.834439e-02  6.087000e-02 -4.406563e-02 
 5.230000e+04  3.525426e+03 -6.839697e-02  6.091718e-02 -4.410157e-02 
 5.235000e+04  3.537000e+03 -6.844944e-02  6.096326e-02 -4.413741e-02 
 5.240000e+04  3.548574e+03 -6.850160e-02  6.100819e-02 -4.417320e-02 
 5.245000e+04  3.560148e+03 -6.855373e-02  6.105303e-02 -4.420859e-02 
 5.250000e+04  3.571722e+03 -6.860595e-02  6.109823e-02 -4.424393e-02 
 5.255000e+04  3.583297e+03 -6.865845e-02  6.114402e-02 -4.427967e-02 
 5.260000e+04  3.594871e+03 -6.871155e-02  6.119038e-02 -4.431581e-02 
 5.265000e+04  3.606445e+03 -6.876462e-02  6.123710e-02 -4.435210e-02 
 5.270000e+04  3.618019e+03 -6.881732e-02  6.128412e-02 -4.438835e-02 
 5.275000e+04  3.629593e+03 -6.886980e-02  6.133097e-02 -4.442479e-02 
 5.280000e+04  3.641167e+03 -6.892206e-02  6.137694e-02 -4.446154e-02 
 5.285000e+04  3.652741e+03 -6.897417e-02  6.142264e-02 -4.449822e-02 
 5.290000e+04  3.664315e+03 -6.902624e-02  6.146823e-02 -4.453482e-02 
 5.295000e+04  3.675889e+03 -6.907852e-02  6.151405e-02 -4.457143e-02 
 5.300000e+04  3.687463e+03 -6.913078e-02  6.156025e-02 -4.460798e-02 
 5.305000e+04  3.699037e+03 -6.918289e-02  6.160674e-02 -4.464422e-02 
 5.310000e+04  3.710611e+03 -6.923495e-02  6.165349e-02 -4.468037e-02 
 5.315000e+04  3.722185e+03 -6.928690e-02  6.170052e-02 -4.471658e-02 
 5.320000e+04  3.733760e+03 -6.933853e-02  6.174761e-02 -4.475294e-02 
 5.325000e+04  3.745334e+03 -6.939001e-02  6.179443e-02 -4.478938e-02 
 5.330000e+04  3.756908e+03 -6.944139e-02  6.184026e-02 -4.482590e-02 
 5.335000e+04  3.768482e+03 -6.949287e-02  6.188554e-02 -4.486230e-02 
 5.340000e+04  3.780056e+03 -6.954458e-02  6.193078e-02 -4.489827e-02 
 5.345000e+04  3.791630e+03 -6.959640e-02  6.197630e-02 -4.493407e-02 
 5.350000e+04  3.803204e+03 -6.964841e-02  6.202230e-02 -4.496980e-02 
 5.355000e+04  3.814778e+03 -6.970009e-02  6.206870e-02 -4.500543e-02 
 5.360000e+04  3.826352e+03 -6.975117e-02  6.211539e-02 -4.504108e-02 
 5.365000e+04  3.837926e+03 -6.980195e-02  6.216221e-02 -4.507682e-02 
 5.370000e+04  3.849500e+03 -6.985275e-02  6.220872e-02 -4.511269e-02 
 5.375000e+04  3.861074e+03 -6.990362e-02  6.225469e-02 -4.514863e-02 
 5.380000e+04  3.872648e+03 -6.995446e-02  6.230030e-02 -4.518461e-02 
 5.385000e+04  3.884222e+03 -7.000529e-02  6.234563e-02 -4.522058e-02 
 5.390000e+04  3.895797e+03 -7.005616e-02  6.239095e-02 -4.525626e-02 
 5.395000e+04  3.907371e+03 -7.010686e-02  6.243638e-02 -4.529165e-02 
 5.400000e+04  3.918945e+03 -7.015721e-02  6.248196e-02 -4.532670e-02 
 5.405000e+04  3.930519e+03 -7.020695e-02  6.252779e-02 -4.536187e-02 
 5.410000e+04  3.942093e+03 -7.025685e-02  6.257393e-02 -4.539735e-02 
 5.415000e+04  3.953667e+03 -7.030709e-02  6.262011e-02 -4.543312e-02 
 5.420000e+04  3.965241e+03 -7.035745e-02  6.266582e-02 -4.546889e-02 
 5.425000e+04  3.976815e+03 -7.040724e-02  6.271112e-02 -4.550366e-02 
 5.430000e+04  3.983389e+03 -7.043325e-02  6.273676e-02 -4.552247e-02 
 5.435000e+04  3.985704e+03 -7.044081e-02  6.274580e-02 -4.552873e-02 
 5.440000e+04  3.988019e+03 -7.045005e-02  6.275543e-02 -4.553582e-02 
 5.445000e+04  3.990334e+03 -7.045967e-02  6.276537e-02 -4.554359e-02 
 5.450000e+04  3.992648e+03 -7.046863e-02  6.277376e-02 -4.555060e-02 
 5.455000e+04  3.994963e+03 -7.047719e-02  6.278172e-02 -4.555763e-02 
 5.460000e+04  3.997278e+03 -7.048653e-02  6.279175e-02 -4.556523e-02 
 5.465000e+04  3.999593e+03 -7.049660e-02  6.280156e-02 -4.557235e-02 
 5.470000e+04  4.001908e+03 -7.050730e-02  6.281017e-02 -4.557902e-02 
 5.475000e+04  4.004222e+03 -7.051923e-02  6.281870e-02 -4.558595e-02 
 5.480000e+04  4.006537e+03 -7.053137e-02  6.282731e-02 -4.559312e-02 
 5.485000e+04  4.008852e+03 -7.054198e-02  6.283550e-02 -4.559985e-02 
 5.490000e+04  4.011167e+03 -7.055161e-02  6.284333e-02 -4.560660e-02 
 5.495000e+04  4.013482e+03 -7.056267e-02  6.285177e-02 -4.561398e-02 
 5.500000e+04  4.015797e+03 -7.057437e-02  6.286000e-02 -4.562189e-02 
 5.505000e+04  4.018111e+03 -7.058540e-02  6.286787e-02 -4.562909e-02 
 5.510000e+04  4.020426e+03 -7.059585e-02  6.287595e-02 -4.563640e-02 
 5.515000e+04  4.022741e+03 -7.060624e-02  6.288491e-02 -4.564393e-02 
 5.520000e+04  4.025056e+03 -7.061684e-02  6.289385e-02 -4.565083e-02 
 5.525000e+04  4.027371e+03 -7.062743e-02  6.290252e-02 -4.565741e-02 
 5.530000e+04  4.029685e+03 -7.063844e-02  6.291152e-02 -4.566433e-02 
 5.535000e+04  4.032000e+03 -7.064905e-02  6.292072e-02 -4.567171e-02 
 5.540000e+04  4.034315e+03 -7.065884e-02  6.292978e-02 -4.567883e-02 
 5.545000e+04  4.036630e+03 -7.066805e-02  6.293847e-02 -4.568559e-02 
 5.550000e+04  4.038945e+03 -7.067710e-02  6.294723e-02 -4.569243e-02 
 5.555000e+04  4.041260e+03 -7.068687e-02  6.295659e-02 -4.569950e-02 
 5.560000e+04  4.043574e+03 -7.069672e-02  6.296597e-02 -4.570684e-02 
 5.565000e+04  4.045889e+03 -7.070689e-02  6.297524e-02 -4.571405e-02 
 5.570000e+04  4.048204e+03 -7.071713e-02  6.298420e-02 -4.572140e-02 
 5.575000e+04  4.050519e+03 -7.072749e-02  6.299313e-02 -4.572862e-02 
 5.580000e+04  4.052834e+03 -7.073782e-02  6.300179e-02 -4.573563e-02 
 5.585000e+04  4.055148e+03 -7.074817e-02  6.301042e-02 -4.574259e-02 
 5.590000e+04  4.057463e+03 -7.075903e-02  6.301915e-02 -4.574974e-02 
 5.595000e+04  4.059778e+03 -7.077014e-02  6.302766e-02 -4.575706e-02 
 5.600000e+04  4.062093e+03 -7.078125e-02  6.303606e-02 -4.576428e-02 
 5.605000e+04  4.064408e+03 -7.079224e-02  6.304428e-02 -4.577149e-02 
 5.610000e+04  4.066722e+03 -7.080319e-02  6.305267e-02 -4.577864e-02 
 5.615000e+04  4.069037e+03 -7.081412e-02  6.306096e-02 -4.578573e-02 
 5.620000e+04  4.071352e+03 -7.082496e-02  6.306929e-02 -4.579269e-02 
 5.625000e+04  4.073667e+03 -7.083551e-02  6.307784e-02 -4.579984e-02 
 5.630000e+04  4.075982e+03 -7.084587e-02  6.308669e-02 -4.580709e-02 
 5.635000e+04  4.078297e+03 -7.085602e-02  6.309567e-02 -4.581431e-02 
 5.640000e+04  4.080611e+03 -7.086612e-02  6.310464e-02 -4.582142e-02 
 5.645000e+04  4.082926e+03 -7.087642e-02  6.311363e-02 -4.582845e-02 
 5.650000e+04  4.085241e+03 -7.088666e-02  6.312261e-02 -4.583550e-02 
 5.655000e+04  4.087556e+03 -7.089675e-02  6.313156e-02 -4.584257e-02 
 5.660000e+04  4.089896e+03 -7.090683e-02  6.314061e-02 -4.584975e-02 
 5.665000e+04  4.092327e+03 -7.091734e-02  6.315006e-02 -4.585722e-02 
 5.670000e+04  4.094791e+03 -7.092813e-02  6.315960e-02 -4.586468e-02 
 5.675000e+04  4.097343e+03 -7.093935e-02  6.316937e-02 -4.587248e-02 
 5.680000e+04  4.100013e+03 -7.095117e-02  6.317954e-02 -4.588067e-02 
 5.685000e+04  4.102754e+03 -7.096317e-02  6.318990e-02 -4.588911e-02 
 5.690000e+04  4.105568e+03 -7.097552e-02  6.320052e-02 -4.589773e-02 
 5.695000e+04  4.108381e+03 -7.098801e-02  6.321111e-02 -4.590625e-02 
 5.700000e+04  4.111195e+03 -7.100057e-02  6.322168e-02 -4.591425e-02 
 5.705000e+04  4.114009e+03 -7.101160e-02  6.323231e-02 -4.592210e-02 
 5.710000e+04  4.116822e+03 -7.102266e-02  6.324320e-02 -4.593014e-02 
 5.715000e+04  4.119636e+03 -7.103457e-02  6.325474e-02 -4.593887e-02 
 5.720000e+04  4.122450e+03 -7.104679e-02  6.326595e-02 -4.594796e-02 
 5.725000e+04  4.125263e+03 -7.105928e-02  6.327660e-02 -4.595686e-02 
 5.730000e+04  4.128077e+03 -7.107158e-02  6.328703e-02 -4.596578e-02 
 5.735000e+04  4.130891e+03 -7.108392e-02  6.329772e-02 -4.597440e-02 
 5.740000e+04  4.133704e+03 -7.109623e-02  6.330811e-02 -4.598273e-02 
 5.745000e+04  4.136518e+03 -7.110894e-02  6.331861e-02 -4.599102e-02 
 5.750000e+04  4.139332e+03 -7.112229e-02  6.332913e-02 -4.599954e-02 
 5.755000e+04  4.142233e+03 -7.113619e-02  6.334001e-02 -4.600846e-02 
 5.760000e+04  4.145273e+03 -7.115027e-02  6.335126e-02 -4.601769e-02 
 5.765000e+04  4.148459e+03 -7.116486e-02  6.336273e-02 -4.602743e-02 
 5.770000e+04  4.151716e+03 -7.117987e-02  6.337428e-02 -4.603748e-02 
 5.775000e+04  4.154973e+03 -7.119491e-02  6.338562e-02 -4.604739e-02 
 5.780000e+04  4.158269e+03 -7.120988e-02  6.339724e-02 -4.605730e-02 
 5.785000e+04  4.161689e+03 -7.122509e-02  6.340981e-02 -4.606769e-02 
 5.790000e+04  4.165198e+03 -7.124058e-02  6.342317e-02 -4.607833e-02 
 5.795000e+04  4.168789e+03 -7.125626e-02  6.343696e-02 -4.608909e-02 
 5.800000e+04  4.172531e+03 -7.127258e-02  6.345139e-02 -4.610028e-02 
 5.805000e+04  4.176486e+03 -7.128976e-02  6.346672e-02 -4.611209e-02 
 5.810000e+04  4.180521e+03 -7.130691e-02  6.348241e-02 -4.612420e-02 
 5.815000e+04  4.184678e+03 -7.132442e-02  6.349852e-02 -4.613670e-02 
 5.820000e+04  4.188835e+03 -7.134201e-02  6.351446e-02 -4.614926e-02 
 5.825000e+04  4.193050e+03 -7.136010e-02  6.353050e-02 -4.616195e-02 
 5.830000e+04  4.197415e+03 -7.137896e-02  6.354700e-02 -4.617503e-02 
 5.835000e+04  4.201780e+03 -7.139778e-02  6.356353e-02 -4.618811e-02 
 5.840000e+04  4.206232e+03 -7.141696e-02  6.358050e-02 -4.620141e-02 
 5.845000e+04  4.210820e+03 -7.143677e-02  6.359793e-02 -4.621504e-02 
 5.850000e+04  4.215632e+03 -7.145778e-02  6.361613e-02 -4.622928e-02 
 5.855000e+04  4.220483e+03 -7.147918e-02  6.363423e-02 -4.624370e-02 
 5.860000e+04  4.225551e+03 -7.150154e-02  6.365295e-02 -4.625879e-02 
 5.865000e+04  4.230857e+03 -7.152489e-02  6.367237e-02 -4.627464e-02 
 5.870000e+04  4.236163e+03 -7.154821e-02  6.369172e-02 -4.629048e-02 
 5.875000e+04  4.241595e+03 -7.157209e-02  6.371152e-02 -4.630667e-02 
 5.880000e+04  4.247311e+03 -7.159717e-02  6.373238e-02 -4.632367e-02 
 5.885000e+04  4.253161e+03 -7.162268e-02  6.375390e-02 -4.634104e-02 
 5.890000e+04  4.259168e+03 -7.164862e-02  6.377614e-02 -4.635884e-02 
 5.895000e+04  4.265310e+03 -7.167502e-02  6.379903e-02 -4.637700e-02 
 5.900000e+04  4.271740e+03 -7.170254e-02  6.382312e-02 -4.639603e-02 
 5.905000e+04  4.278189e+03 -7.173000e-02  6.384743e-02 -4.641509e-02 
 5.910000e+04  4.284780e+03 -7.175796e-02  6.387222e-02 -4.643454e-02 
 5.915000e+04  4.291674e+03 -7.178700e-02  6.389807e-02 -4.645488e-02 
 5.920000e+04  4.298784e+03 -7.181684e-02  6.392470e-02 -4.647588e-02 
 5.925000e+04  4.305894e+03 -7.184662e-02  6.395127e-02 -4.649691e-02 
 5.930000e+04  4.313160e+03 -7.187708e-02  6.397845e-02 -4.651841e-02 
 5.935000e+04  4.320790e+03 -7.190906e-02  6.400708e-02 -4.654097e-02 
 5.940000e+04  4.328629e+03 -7.194192e-02  6.403659e-02 -4.656411e-02 
 5.945000e+04  4.336671e+03 -7.197563e-02  6.406684e-02 -4.658781e-02 
 5.950000e+04  4.345091e+03 -7.201099e-02  6.409838e-02 -4.661262e-02 
 5.955000e+04  4.354001e+03 -7.204856e-02  6.413159e-02 -4.663894e-02 
 5.960000e+04  4.363076e+03 -7.208694e-02  6.416525e-02 -4.666581e-02 
 5.965000e+04  4.372341e+03 -7.212617e-02  6.419945e-02 -4.669324e-02 
 5.970000e+04  4.381955e+03 -7.216687e-02  6.423484e-02 -4.672170e-02 
 5.975000e+04  4.391959e+03 -7.220932e-02  6.427149e-02 -4.675138e-02 
 5.980000e+04  4.401964e+03 -7.225175e-02  6.430803e-02 -4.678110e-02 
 5.985000e+04  4.412258e+03 -7.229524e-02  6.434564e-02 -4.681163e-02 
 5.990000e+04  4.423267e+03 -7.234157e-02  6.438598e-02 -4.684424e-02 
 5.995000e+04  4.434297e+03 -7.238785e-02  6.442661e-02 -4.687687e-02 
 6.000000e+04  4.445327e+03 -7.243395e-02  6.446745e-02 -4.690945e-02 
 6.005000e+04  4.456868e+03 -7.248207e-02  6.451025e-02 -4.694349e-02 
 6.010000e+04  4.468443e+03 -7.253031e-02  6.455323e-02 -4.697750e-02 
 6.015000e+04  4.480017e+03 -7.257858e-02  6.459632e-02 -4.701145e-02 
 6.020000e+04  4.491591e+03 -7.262665e-02  6.463719e-02 -4.704422e-02 
 6.025000e+04  4.503165e+03 -7.267456e-02  6.467554e-02 -4.707538e-02 
 6.030000e+04  4.514739e+03 -7.272257e-02  6.471399e-02 -4.710756e-02 
 6.035000e+04  4.526313e+03 -7.277145e-02  6.475480e-02 -4.714162e-02 
 6.040000e+04  4.535294e+03 -7.280981e-02  6.478878e-02 -4.716883e-02 
 6.045000e+04  4.537609e+03 -7.281915e-02  6.479947e-02 -4.717593e-02 
 6.050000e+04  4.539924e+03 -7.282847e-02  6.481078e-02 -4.718282e-02 
 6.055000e+04  4.542239e+03 -7.283815e-02  6.482050e-02 -4.718954e-02 
 6.060000e+04  4.544554e+03 -7.284857e-02  6.482962e-02 -4.719633e-02 
 6.065000e+04  4.546868e+03 -7.285818e-02  6.483815e-02 -4.720330e-02 
 6.070000e+04  4.549183e+03 -7.286687e-02  6.484751e-02 -4.721005e-02 
 6.075000e+04  4.551498e+03 -7.287555e-02  6.485706e-02 -4.721707e-02 
 6.080000e+04  4.553813e+03 -7.288525e-02  6.486634e-02 -4.722420e-02 
 6.085000e+04  4.556128e+03 -7.289511e-02  6.487527e-02 -4.723139e-02 
 6.090000e+04  4.558443e+03 -7.290403e-02  6.488436e-02 -4.723844e-02 
 6.095000e+04  4.560757e+03 -7.291224e-02  6.489441e-02 -4.724525e-02 
 6.100000e+04  4.563072e+03 -7.292056e-02  6.490522e-02 -4.725205e-02 
 6.105000e+04  4.565387e+03 -7.292988e-02  6.491573e-02 -4.725863e-02 
 6.110000e+04  4.567702e+03 -7.294016e-02  6.492521e-02 -4.726515e-02 
 6.115000e+04  4.570017e+03 -7.295068e-02  6.493422e-02 -4.727184e-02 
 6.120000e+04  4.572331e+03 -7.296054e-02  6.494297e-02 -4.727881e-02 
 6.125000e+04  4.574646e+03 -7.296964e-02  6.495150e-02 -4.728589e-02 
 6.130000e+04  4.576961e+03 -7.297901e-02  6.496010e-02 -4.729301e-02 
 6.135000e+04  4.579276e+03 -7.298908e-02  6.496884e-02 -4.729998e-02 
 6.140000e+04  4.581591e+03 -7.299916e-02  6.497779e-02 -4.730679e-02 
 6.145000e+04  4.583905e+03 -7.300873e-02  6.498732e-02 -4.731359e-02 
 6.150000e+04  4.586220e+03 -7.301809e-02  6.499718e-02 -4.732036e-02 
 6.155000e+04  4.588535e+03 -7.302766e-02  6.500692e-02 -4.732702e-02 
 6.160000e+04  4.590850e+03 -7.303778e-02  6.501603e-02 -4.733359e-02 
 6.165000e+04  4.593165e+03 -7.304806e-02  6.502462e-02 -4.734034e-02 
 6.170000e+04  4.595480e+03 -7.305781e-02  6.503331e-02 -4.734732e-02 
 6.175000e+04  4.597794e+03 -7.306694e-02  6.504201e-02 -4.735435e-02 
 6.180000e+04  4.600109e+03 -7.307593e-02  6.505088e-02 -4.736141e-02 
 6.185000e+04  4.602424e+03 -7.308528e-02  6.505994e-02 -4.736840e-02 
 6.190000e+04  4.604739e+03 -7.309500e-02  6.506919e-02 -4.737519e-02 
 6.195000e+04  4.607054e+03 -7.310467e-02  6.507873e-02 -4.738182e-02 
 6.200000e+04  4.609470e+03 -7.311467e-02  6.508874e-02 -4.738863e-02 
 6.205000e+04  4.611901e+03 -7.312483e-02  6.509849e-02 -4.739558e-02 
 6.210000e+04  4.614426e+03 -7.313549e-02  6.510807e-02 -4.740293e-02 
 6.215000e+04  4.616978e+03 -7.314635e-02  6.511720e-02 -4.741053e-02 
 6.220000e+04  4.619530e+03 -7.315705e-02  6.512580e-02 -4.741792e-02 
 6.225000e+04  4.622082e+03 -7.316745e-02  6.513310e-02 -4.742436e-02 
 6.230000e+04  4.624635e+03 -7.317798e-02  6.514022e-02 -4.743121e-02 
 6.235000e+04  4.627187e+03 -7.318955e-02  6.514898e-02 -4.743904e-02 
 6.240000e+04  4.629739e+03 -7.320108e-02  6.515878e-02 -4.744703e-02 
 6.245000e+04  4.632291e+03 -7.321178e-02  6.516897e-02 -4.745441e-02 
 6.250000e+04  4.634843e+03 -7.322241e-02  6.517913e-02 -4.746186e-02 
 6.255000e+04  4.637395e+03 -7.323369e-02  6.518892e-02 -4.746933e-02 
 6.260000e+04  4.639947e+03 -7.324474e-02  6.519826e-02 -4.747640e-02 
 6.265000e+04  4.642499e+03 -7.325522e-02  6.520735e-02 -4.748359e-02 
 6.270000e+04  4.645051e+03 -7.326542e-02  6.521732e-02 -4.749135e-02 
 6.275000e+04  4.647603e+03 -7.327550e-02  6.522762e-02 -4.749928e-02 
 6.280000e+04  4.650155e+03 -7.328568e-02  6.523757e-02 -4.750681e-02 
 6.285000e+04  4.652707e+03 -7.329595e-02  6.524749e-02 -4.751426e-02 
 6.290000e+04  4.655260e+03 -7.330609e-02  6.525790e-02 -4.752178e-02 
 6.295000e+04  4.657812e+03 -7.331581e-02  6.526858e-02 -4.752913e-02 
 6.300000e+04  4.660364e+03 -7.332552e-02  6.527932e-02 -4.753643e-02 
 6.305000e+04  4.662916e+03 -7.333588e-02  6.528984e-02 -4.754387e-02 
 6.310000e+04  4.665550e+03 -7.334732e-02  6.530010e-02 -4.755150e-02 
 6.315000e+04  4.668229e+03 -7.335879e-02  6.531005e-02 -4.755927e-02 
 6.320000e+04  4.670917e+03 -7.336982e-02  6.531986e-02 -4.756719e-02 
 6.325000e+04  4.673731e+03 -7.338118e-02  6.533028e-02 -4.757562e-02 
 6.330000e+04  4.676544e+03 -7.339271e-02  6.534090e-02 -4.758396e-02 
 6.335000e+04  4.679417e+03 -7.340493e-02  6.535178e-02 -4.759230e-02 
 6.340000e+04  4.682582e+03 -7.341855e-02  6.536388e-02 -4.760144e-02 
 6.345000e+04  4.685950e+03 -7.343285e-02  6.537703e-02 -4.761113e-02 
 6.350000e+04  4.689455e+03 -7.344751e-02  6.539063e-02 -4.762119e-02 
 6.355000e+04  4.693046e+03 -7.346245e-02  6.540425e-02 -4.763158e-02 
 6.360000e+04  4.696767e+03 -7.347813e-02  6.541805e-02 -4.764240e-02 
 6.365000e+04  4.700537e+03 -7.349409e-02  6.543197e-02 -4.765349e-02 
 6.370000e+04  4.704308e+03 -7.350973e-02  6.544606e-02 -4.766459e-02 
 6.375000e+04  4.708241e+03 -7.352561e-02  6.546099e-02 -4.767613e-02 
 6.380000e+04  4.712275e+03 -7.354186e-02  6.547651e-02 -4.768794e-02 
 6.385000e+04  4.716482e+03 -7.355899e-02  6.549292e-02 -4.770014e-02 
 6.390000e+04  4.720895e+03 -7.357716e-02  6.551025e-02 -4.771284e-02 
 6.395000e+04  4.725616e+03 -7.359662e-02  6.552880e-02 -4.772635e-02 
 6.400000e+04  4.730428e+03 -7.361644e-02  6.554755e-02 -4.774012e-02 
 6.405000e+04  4.735240e+03 -7.363629e-02  6.556591e-02 -4.775400e-02 
 6.410000e+04  4.740115e+03 -7.365649e-02  6.558406e-02 -4.776823e-02 
 6.415000e+04  4.745168e+03 -7.367746e-02  6.560272e-02 -4.778307e-02 
 6.420000e+04  4.750221e+03 -7.369835e-02  6.562144e-02 -4.779791e-02 
 6.425000e+04  4.755380e+03 -7.371959e-02  6.564080e-02 -4.781291e-02 
 6.430000e+04  4.760808e+03 -7.374209e-02  6.566137e-02 -4.782858e-02 
 6.435000e+04  4.766529e+03 -7.376606e-02  6.568313e-02 -4.784502e-02 
 6.440000e+04  4.772495e+03 -7.379116e-02  6.570573e-02 -4.786213e-02 
 6.445000e+04  4.778729e+03 -7.381745e-02  6.572922e-02 -4.788003e-02 
 6.450000e+04  4.785178e+03 -7.384458e-02  6.575333e-02 -4.789861e-02 
 6.455000e+04  4.791627e+03 -7.387160e-02  6.577716e-02 -4.791728e-02 
 6.460000e+04  4.798083e+03 -7.389866e-02  6.580078e-02 -4.793607e-02 
 6.465000e+04  4.804854e+03 -7.392690e-02  6.582555e-02 -4.795583e-02 
 6.470000e+04  4.811795e+03 -7.395558e-02  6.585109e-02 -4.797601e-02 
 6.475000e+04  4.818905e+03 -7.398483e-02  6.587755e-02 -4.799658e-02 
 6.480000e+04  4.826179e+03 -7.401480e-02  6.590499e-02 -4.801749e-02 
 6.485000e+04  4.833935e+03 -7.404695e-02  6.593444e-02 -4.803970e-02 
 6.490000e+04  4.841774e+03 -7.407958e-02  6.596411e-02 -4.806208e-02 
 6.495000e+04  4.849746e+03 -7.411270e-02  6.599401e-02 -4.808490e-02 
 6.500000e+04  4.858100e+03 -7.414731e-02  6.602505e-02 -4.810897e-02 
 6.505000e+04  4.866742e+03 -7.418294e-02  6.605695e-02 -4.813404e-02 
 6.510000e+04  4.875385e+03 -7.421847e-02  6.608875e-02 -4.815914e-02 
 6.515000e+04  4.884131e+03 -7.425441e-02  6.612096e-02 -4.818449e-02 
 6.520000e+04  4.893205e+03 -7.429182e-02  6.615444e-02 -4.821069e-02 
 6.525000e+04  4.902715e+03 -7.433111e-02  6.618972e-02 -4.823810e-02 
 6.530000e+04  4.912243e+03 -7.437045e-02  6.622518e-02 -4.826545e-02 
 6.535000e+04  4.922260e+03 -7.441183e-02  6.626236e-02 -4.829412e-02 
 6.540000e+04  4.932765e+03 -7.445535e-02  6.630120e-02 -4.832423e-02 
 6.545000e+04  4.943270e+03 -7.449902e-02  6.633977e-02 -4.835446e-02 
 6.550000e+04  4.953974e+03 -7.454350e-02  6.637871e-02 -4.838534e-02 
 6.555000e+04  4.965396e+03 -7.459077e-02  6.642007e-02 -4.841833e-02 
 6.560000e+04  4.976970e+03 -7.463856e-02  6.646187e-02 -4.845179e-02 
 6.565000e+04  4.988544e+03 -7.468622e-02  6.650368e-02 -4.848516e-02 
 6.570000e+04  5.000118e+03 -7.473381e-02  6.654546e-02 -4.851835e-02 
 6.575000e+04  5.011692e+03 -7.478146e-02  6.658734e-02 -4.855138e-02 
 6.580000e+04  5.023266e+03 -7.482907e-02  6.662937e-02 -4.858435e-02 
 6.585000e+04  5.034840e+03 -7.487659e-02  6.667133e-02 -4.861730e-02 
 6.590000e+04  5.046414e+03 -7.492394e-02  6.671318e-02 -4.865027e-02 
 6.595000e+04  5.057989e+03 -7.497122e-02  6.675493e-02 -4.868333e-02 
 6.600000e+04  5.069563e+03 -7.501836e-02  6.679658e-02 -4.871638e-02 
 6.605000e+04  5.081137e+03 -7.506520e-02  6.683810e-02 -4.874938e-02 
 6.610000e+04  5.092711e+03 -7.511197e-02  6.687956e-02 -4.878232e-02 
 6.615000e+04  5.104285e+03 -7.515878e-02  6.692107e-02 -4.881527e-02 
 6.620000e+04  5.115859e+03 -7.520558e-02  6.696267e-02 -4.884814e-02 
 6.625000e+04  5.127433e+03 -7.525232e-02  6.700430e-02 -4.888095e-02 
 6.630000e+04  5.139007e+03 -7.529897e-02  6.704595e-02 -4.891372e-02 
 6.635000e+04  5.150581e+03 -7.534556e-02  6.708758e-02 -4.894651e-02 
 6.640000e+04  5.162155e+03 -7.539213e-02  6.712907e-02 -4.897932e-02 
 6.645000e+04  5.173729e+03 -7.543866e-02  6.717040e-02 -4.901216e-02 
 6.650000e+04  5.185303e+03 -7.548517e-02  6.721162e-02 -4.904505e-02 
 6.655000e+04  5.196877e+03 -7.553163e-02  6.725273e-02 -4.907790e-02 
 6.660000e+04  5.208451e+03 -7.557806e-02  6.729376e-02 -4.911071e-02 
 6.665000e+04  5.220026e+03 -7.562449e-02  6.733479e-02 -4.914351e-02 
 6.670000e+04  5.231600e+03 -7.567092e-02  6.737579e-02 -4.917623e-02 
 6.675000e+04  5.243174e+03 -7.571732e-02  6.741683e-02 -4.920894e-02 
 6.680000e+04  5.254748e+03 -7.576371e-02  6.745792e-02 -4.924169e-02 
 6.685000e+04  5.266322e+03 -7.581007e-02  6.749904e-02 -4.927451e-02 
 6.690000e+04  5.277896e+03 -7.585640e-02  6.754012e-02 -4.930737e-02 
 6.695000e+04  5.289470e+03 -7.590273e-02  6.758118e-02 -4.934028e-02 
