         Step [creep.tim... Z Displace... Z Displace... X Displace... 
------------- ------------- ------------- ------------- ------------- 
 5.250000e+03  1.276223e-07 -4.629353e-03  4.524540e-03 -2.433365e-03 
 5.300000e+03  3.886505e-06 -4.629544e-03  4.524630e-03 -2.433558e-03 
 5.350000e+03  3.180887e-05 -4.630330e-03  4.524741e-03 -2.434073e-03 
 5.400000e+03  2.095422e-04 -4.630607e-03  4.524904e-03 -2.434173e-03 
 5.450000e+03  8.794324e-04 -4.631459e-03  4.526037e-03 -2.435528e-03 
 5.500000e+03  1.802717e-03 -4.634295e-03  4.528806e-03 -2.438391e-03 
 5.550000e+03  3.060167e-03 -4.639708e-03  4.534251e-03 -2.443374e-03 
 5.600000e+03  4.607511e-03 -4.647138e-03  4.542549e-03 -2.449507e-03 
 5.650000e+03  6.926948e-03 -4.658319e-03  4.555740e-03 -2.458360e-03 
 5.700000e+03  9.515480e-03 -4.669948e-03  4.568931e-03 -2.466757e-03 
 5.750000e+03  1.219591e-02 -4.679946e-03  4.579233e-03 -2.473537e-03 
 5.800000e+03  1.487635e-02 -4.689008e-03  4.588154e-03 -2.480248e-03 
 5.850000e+03  1.755678e-02 -4.698833e-03  4.597933e-03 -2.488131e-03 
 5.900000e+03  2.023721e-02 -4.709633e-03  4.609130e-03 -2.497242e-03 
 5.950000e+03  2.297274e-02 -4.721055e-03  4.621360e-03 -2.507479e-03 
 6.000000e+03  2.655090e-02 -4.735963e-03  4.636594e-03 -2.520728e-03 
 6.050000e+03  3.035649e-02 -4.751224e-03  4.651035e-03 -2.532369e-03 
 6.100000e+03  3.431671e-02 -4.766018e-03  4.664302e-03 -2.541801e-03 
 6.150000e+03  3.827693e-02 -4.780156e-03  4.677257e-03 -2.550574e-03 
 6.200000e+03  4.223715e-02 -4.794267e-03  4.691172e-03 -2.560061e-03 
 6.250000e+03  4.619737e-02 -4.809034e-03  4.706386e-03 -2.570940e-03 
 6.300000e+03  5.016947e-02 -4.824159e-03  4.722365e-03 -2.583158e-03 
 6.350000e+03  5.492153e-02 -4.841231e-03  4.739911e-03 -2.598266e-03 
 6.400000e+03  6.030290e-02 -4.858202e-03  4.757202e-03 -2.613589e-03 
 6.450000e+03  6.587533e-02 -4.874438e-03  4.774018e-03 -2.627019e-03 
 6.500000e+03  7.144776e-02 -4.890941e-03  4.790989e-03 -2.639083e-03 
 6.550000e+03  7.702019e-02 -4.908185e-03  4.808706e-03 -2.651001e-03 
 6.600000e+03  8.259261e-02 -4.926313e-03  4.827560e-03 -2.663671e-03 
 6.650000e+03  8.816504e-02 -4.945026e-03  4.847377e-03 -2.677209e-03 
 6.700000e+03  9.383220e-02 -4.962904e-03  4.866663e-03 -2.691308e-03 
 6.750000e+03  1.001761e-01 -4.980435e-03  4.885146e-03 -2.706146e-03 
 6.800000e+03  1.071932e-01 -4.998502e-03  4.903772e-03 -2.721670e-03 
 6.850000e+03  1.143052e-01 -5.016897e-03  4.922405e-03 -2.736709e-03 
 6.900000e+03  1.214172e-01 -5.035643e-03  4.941504e-03 -2.751224e-03 
 6.950000e+03  1.285292e-01 -5.055189e-03  4.961531e-03 -2.765632e-03 
 7.000000e+03  1.356981e-01 -5.076113e-03  4.982687e-03 -2.780195e-03 
 7.050000e+03  1.432926e-01 -5.098362e-03  5.004369e-03 -2.795065e-03 
 7.100000e+03  1.511336e-01 -5.119135e-03  5.024448e-03 -2.809489e-03 
 7.150000e+03  1.593274e-01 -5.138818e-03  5.044016e-03 -2.824504e-03 
 7.200000e+03  1.675604e-01 -5.157863e-03  5.063276e-03 -2.839915e-03 
 7.250000e+03  1.757934e-01 -5.176613e-03  5.082488e-03 -2.855389e-03 
 7.300000e+03  1.842014e-01 -5.196261e-03  5.102461e-03 -2.871102e-03 
 7.350000e+03  1.939545e-01 -5.219974e-03  5.126221e-03 -2.888886e-03 
 7.400000e+03  2.039618e-01 -5.244191e-03  5.150174e-03 -2.905820e-03 
 7.450000e+03  2.139691e-01 -5.266972e-03  5.172659e-03 -2.921318e-03 
 7.500000e+03  2.239763e-01 -5.288712e-03  5.194374e-03 -2.936534e-03 
 7.550000e+03  2.339836e-01 -5.310056e-03  5.215994e-03 -2.952092e-03 
 7.600000e+03  2.439909e-01 -5.330708e-03  5.237472e-03 -2.968067e-03 
 7.650000e+03  2.542213e-01 -5.351285e-03  5.259051e-03 -2.984707e-03 
 7.700000e+03  2.663504e-01 -5.375497e-03  5.284312e-03 -3.004470e-03 
 7.750000e+03  2.791225e-01 -5.400570e-03  5.310035e-03 -3.024025e-03 
 7.800000e+03  2.918946e-01 -5.425089e-03  5.334726e-03 -3.041746e-03 
 7.850000e+03  3.046667e-01 -5.449577e-03  5.359085e-03 -3.058671e-03 
 7.900000e+03  3.174388e-01 -5.474125e-03  5.383596e-03 -3.075580e-03 
 7.950000e+03  3.302110e-01 -5.498323e-03  5.407950e-03 -3.092629e-03 
 8.000000e+03  3.429831e-01 -5.521753e-03  5.431600e-03 -3.109925e-03 
 8.050000e+03  3.562859e-01 -5.545188e-03  5.455281e-03 -3.128219e-03 
 8.100000e+03  3.703671e-01 -5.568920e-03  5.479373e-03 -3.147195e-03 
 8.150000e+03  3.844484e-01 -5.592019e-03  5.502779e-03 -3.165151e-03 
 8.200000e+03  3.985296e-01 -5.615285e-03  5.526159e-03 -3.182227e-03 
 8.250000e+03  4.126108e-01 -5.639160e-03  5.549781e-03 -3.198766e-03 
 8.300000e+03  4.266921e-01 -5.663358e-03  5.573405e-03 -3.215040e-03 
 8.350000e+03  4.411535e-01 -5.687808e-03  5.597232e-03 -3.231629e-03 
 8.400000e+03  4.565894e-01 -5.712614e-03  5.621709e-03 -3.249380e-03 
 8.450000e+03  4.727350e-01 -5.737068e-03  5.646349e-03 -3.267891e-03 
 8.500000e+03  4.890358e-01 -5.760785e-03  5.670465e-03 -3.286393e-03 
 8.550000e+03  5.054018e-01 -5.784341e-03  5.694437e-03 -3.304631e-03 
 8.600000e+03  5.226888e-01 -5.809424e-03  5.719876e-03 -3.323415e-03 
 8.650000e+03  5.406604e-01 -5.835759e-03  5.746639e-03 -3.342298e-03 
 8.700000e+03  5.586321e-01 -5.861945e-03  5.773100e-03 -3.360490e-03 
 8.750000e+03  5.775409e-01 -5.888978e-03  5.800054e-03 -3.379028e-03 
 8.800000e+03  5.973546e-01 -5.916656e-03  5.827298e-03 -3.398283e-03 
 8.850000e+03  6.171684e-01 -5.943393e-03  5.853821e-03 -3.417597e-03 
 8.900000e+03  6.369821e-01 -5.969020e-03  5.879696e-03 -3.436935e-03 
 8.950000e+03  6.571327e-01 -5.994618e-03  5.905663e-03 -3.456562e-03 
 9.000000e+03  6.786861e-01 -6.021955e-03  5.933400e-03 -3.477326e-03 
 9.050000e+03  7.005307e-01 -6.049597e-03  5.961328e-03 -3.497472e-03 
 9.100000e+03  7.227248e-01 -6.077487e-03  5.989195e-03 -3.516779e-03 
 9.150000e+03  7.465333e-01 -6.107318e-03  6.018714e-03 -3.536922e-03 
 9.200000e+03  7.706170e-01 -6.137081e-03  6.047926e-03 -3.557182e-03 
 9.250000e+03  7.947007e-01 -6.165996e-03  6.076193e-03 -3.577473e-03 
 9.300000e+03  8.187845e-01 -6.193965e-03  6.103575e-03 -3.597925e-03 
 9.350000e+03  8.434462e-01 -6.221845e-03  6.131272e-03 -3.618956e-03 
 9.400000e+03  8.687341e-01 -6.249800e-03  6.159374e-03 -3.640056e-03 
 9.450000e+03  8.941484e-01 -6.277536e-03  6.187266e-03 -3.660323e-03 
 9.500000e+03  9.217097e-01 -6.307761e-03  6.217500e-03 -3.681480e-03 
 9.550000e+03  9.495896e-01 -6.338475e-03  6.248157e-03 -3.702352e-03 
 9.600000e+03  9.774695e-01 -6.368702e-03  6.278202e-03 -3.722870e-03 
 9.650000e+03  1.005349e+00 -6.398041e-03  6.307359e-03 -3.743300e-03 
 9.700000e+03  1.034456e+00 -6.427960e-03  6.336898e-03 -3.764770e-03 
 9.750000e+03  1.063730e+00 -6.457247e-03  6.365867e-03 -3.786323e-03 
 9.800000e+03  1.093004e+00 -6.485583e-03  6.394203e-03 -3.807502e-03 
 9.850000e+03  1.123273e+00 -6.514686e-03  6.423382e-03 -3.828860e-03 
 9.900000e+03  1.155025e+00 -6.545400e-03  6.454280e-03 -3.850689e-03 
 9.950000e+03  1.187300e+00 -6.576500e-03  6.485601e-03 -3.872222e-03 
 1.000000e+04  1.219574e+00 -6.607279e-03  6.516342e-03 -3.893102e-03 
 1.005000e+04  1.253301e+00 -6.638999e-03  6.547750e-03 -3.914675e-03 
 1.010000e+04  1.287189e+00 -6.670303e-03  6.578428e-03 -3.936398e-03 
 1.015000e+04  1.321077e+00 -6.700491e-03  6.608119e-03 -3.958167e-03 
 1.020000e+04  1.355270e+00 -6.730149e-03  6.637383e-03 -3.979998e-03 
 1.025000e+04  1.391671e+00 -6.761600e-03  6.668434e-03 -4.002950e-03 
 1.030000e+04  1.429033e+00 -6.793799e-03  6.700299e-03 -4.025892e-03 
 1.035000e+04  1.466395e+00 -6.825718e-03  6.732021e-03 -4.047925e-03 
 1.040000e+04  1.504878e+00 -6.858412e-03  6.764455e-03 -4.069933e-03 
 1.045000e+04  1.544107e+00 -6.891381e-03  6.797134e-03 -4.092188e-03 
 1.050000e+04  1.583337e+00 -6.923602e-03  6.828963e-03 -4.114419e-03 
 1.055000e+04  1.622567e+00 -6.954858e-03  6.859831e-03 -4.136597e-03 
 1.060000e+04  1.663758e+00 -6.987132e-03  6.891542e-03 -4.159928e-03 
 1.065000e+04  1.704950e+00 -7.019035e-03  6.922930e-03 -4.183015e-03 
 1.070000e+04  1.746141e+00 -7.050383e-03  6.953981e-03 -4.205527e-03 
 1.075000e+04  1.788239e+00 -7.082243e-03  6.985602e-03 -4.227735e-03 
 1.080000e+04  1.831489e+00 -7.115018e-03  7.018147e-03 -4.250074e-03 
 1.085000e+04  1.874740e+00 -7.147565e-03  7.050500e-03 -4.272040e-03 
 1.090000e+04  1.917991e+00 -7.179422e-03  7.082164e-03 -4.293770e-03 
 1.095000e+04  1.963450e+00 -7.212246e-03  7.114706e-03 -4.316544e-03 
 1.100000e+04  2.011134e+00 -7.246151e-03  7.148077e-03 -4.340563e-03 
 1.105000e+04  2.058818e+00 -7.279271e-03  7.180643e-03 -4.364442e-03 
 1.110000e+04  2.106502e+00 -7.311786e-03  7.212636e-03 -4.387813e-03 
 1.115000e+04  2.155617e+00 -7.345336e-03  7.245648e-03 -4.411302e-03 
 1.120000e+04  2.205685e+00 -7.379619e-03  7.279378e-03 -4.434712e-03 
 1.125000e+04  2.255754e+00 -7.413514e-03  7.312773e-03 -4.457556e-03 
 1.130000e+04  2.306122e+00 -7.447016e-03  7.345894e-03 -4.480207e-03 
 1.135000e+04  2.358694e+00 -7.481503e-03  7.380072e-03 -4.503880e-03 
 1.140000e+04  2.411266e+00 -7.515255e-03  7.413485e-03 -4.527539e-03 
 1.145000e+04  2.463838e+00 -7.548204e-03  7.445939e-03 -4.551005e-03 
 1.150000e+04  2.518302e+00 -7.582070e-03  7.479106e-03 -4.575059e-03 
 1.155000e+04  2.573502e+00 -7.616423e-03  7.512624e-03 -4.599057e-03 
 1.160000e+04  2.628702e+00 -7.650399e-03  7.545867e-03 -4.622448e-03 
 1.165000e+04  2.683903e+00 -7.684001e-03  7.578821e-03 -4.645274e-03 
 1.170000e+04  2.740925e+00 -7.718565e-03  7.612805e-03 -4.668608e-03 
 1.175000e+04  2.798885e+00 -7.753260e-03  7.647062e-03 -4.692121e-03 
 1.180000e+04  2.856845e+00 -7.787113e-03  7.680517e-03 -4.715490e-03 
 1.185000e+04  2.916139e+00 -7.821111e-03  7.714057e-03 -4.739328e-03 
 1.190000e+04  2.976997e+00 -7.855680e-03  7.748049e-03 -4.763766e-03 
 1.195000e+04  3.037855e+00 -7.889830e-03  7.781557e-03 -4.787877e-03 
 1.200000e+04  3.098714e+00 -7.923628e-03  7.814672e-03 -4.811390e-03 
 1.205000e+04  3.162372e+00 -7.959081e-03  7.849227e-03 -4.835439e-03 
 1.210000e+04  3.226273e+00 -7.994571e-03  7.883856e-03 -4.859276e-03 
 1.215000e+04  3.290174e+00 -8.029404e-03  7.918041e-03 -4.882797e-03 
 1.220000e+04  3.354395e+00 -8.063718e-03  7.951764e-03 -4.906280e-03 
 1.225000e+04  3.421491e+00 -8.099164e-03  7.986658e-03 -4.930846e-03 
 1.230000e+04  3.488588e+00 -8.134081e-03  8.021025e-03 -4.955326e-03 
 1.235000e+04  3.555684e+00 -8.168437e-03  8.054745e-03 -4.979450e-03 
 1.240000e+04  3.627695e+00 -8.205151e-03  8.090592e-03 -5.004894e-03 
 1.245000e+04  3.701669e+00 -8.242904e-03  8.127291e-03 -5.030660e-03 
 1.250000e+04  3.775642e+00 -8.280296e-03  8.163587e-03 -5.055945e-03 
 1.255000e+04  3.849616e+00 -8.317111e-03  8.199372e-03 -5.080815e-03 
 1.260000e+04  3.923590e+00 -8.353560e-03  8.234942e-03 -5.105519e-03 
 1.265000e+04  3.997564e+00 -8.389566e-03  8.270204e-03 -5.130161e-03 
 1.270000e+04  4.071537e+00 -8.424826e-03  8.304856e-03 -5.154599e-03 
 1.275000e+04  4.148133e+00 -8.460735e-03  8.340247e-03 -5.179721e-03 
 1.280000e+04  4.229689e+00 -8.498889e-03  8.377673e-03 -5.206261e-03 
 1.285000e+04  4.311245e+00 -8.536792e-03  8.414743e-03 -5.232325e-03 
 1.290000e+04  4.392801e+00 -8.574343e-03  8.451298e-03 -5.257845e-03 
 1.295000e+04  4.476478e+00 -8.612724e-03  8.488497e-03 -5.283618e-03 
 1.300000e+04  4.562112e+00 -8.651689e-03  8.526304e-03 -5.309819e-03 
 1.305000e+04  4.647745e+00 -8.689904e-03  8.563552e-03 -5.335851e-03 
 1.310000e+04  4.733379e+00 -8.727377e-03  8.600254e-03 -5.361761e-03 
 1.315000e+04  4.822181e+00 -8.765798e-03  8.638003e-03 -5.388529e-03 
 1.320000e+04  4.912097e+00 -8.804399e-03  8.675877e-03 -5.415371e-03 
 1.325000e+04  5.002012e+00 -8.842592e-03  8.713319e-03 -5.441699e-03 
 1.330000e+04  5.097112e+00 -8.882862e-03  8.752510e-03 -5.469028e-03 
 1.335000e+04  5.196243e+00 -8.924765e-03  8.793005e-03 -5.497195e-03 
 1.340000e+04  5.295375e+00 -8.966201e-03  8.833044e-03 -5.525057e-03 
 1.345000e+04  5.394507e+00 -9.006951e-03  8.872352e-03 -5.552640e-03 
 1.350000e+04  5.493639e+00 -9.047189e-03  8.911282e-03 -5.580078e-03 
 1.355000e+04  5.592771e+00 -9.086924e-03  8.949894e-03 -5.607447e-03 
 1.360000e+04  5.691903e+00 -9.126028e-03  8.988057e-03 -5.634532e-03 
 1.365000e+04  5.796873e+00 -9.166980e-03  9.028080e-03 -5.662787e-03 
 1.370000e+04  5.909554e+00 -9.210829e-03  9.070861e-03 -5.692739e-03 
 1.375000e+04  6.024312e+00 -9.255291e-03  9.114093e-03 -5.722755e-03 
 1.380000e+04  6.139069e+00 -9.299201e-03  9.156695e-03 -5.752271e-03 
 1.385000e+04  6.256237e+00 -9.343622e-03  9.199491e-03 -5.782130e-03 
 1.390000e+04  6.376732e+00 -9.388691e-03  9.243029e-03 -5.812744e-03 
 1.395000e+04  6.497227e+00 -9.432928e-03  9.285964e-03 -5.843142e-03 
 1.400000e+04  6.617723e+00 -9.476392e-03  9.328384e-03 -5.873275e-03 
 1.405000e+04  6.741712e+00 -9.520821e-03  9.371870e-03 -5.903952e-03 
 1.410000e+04  6.868232e+00 -9.565915e-03  9.416045e-03 -5.934855e-03 
 1.415000e+04  6.994753e+00 -9.610595e-03  9.459721e-03 -5.965148e-03 
 1.420000e+04  7.125701e+00 -9.656479e-03  9.504357e-03 -5.996028e-03 
 1.425000e+04  7.258547e+00 -9.702817e-03  9.549097e-03 -6.027190e-03 
 1.430000e+04  7.391393e+00 -9.748570e-03  9.593131e-03 -6.058142e-03 
 1.435000e+04  7.524239e+00 -9.793556e-03  9.636334e-03 -6.088803e-03 
 1.440000e+04  7.660274e+00 -9.839156e-03  9.680153e-03 -6.120009e-03 
 1.445000e+04  7.799762e+00 -9.885493e-03  9.724869e-03 -6.151760e-03 
 1.450000e+04  7.939251e+00 -9.931267e-03  9.769202e-03 -6.183047e-03 
 1.455000e+04  8.081947e+00 -9.977649e-03  9.814252e-03 -6.214488e-03 
 1.460000e+04  8.234415e+00 -1.002699e-02  9.862117e-03 -6.247697e-03 
 1.465000e+04  8.388201e+00 -1.007632e-02  9.909846e-03 -6.280883e-03 
 1.470000e+04  8.541987e+00 -1.012488e-02  9.956758e-03 -6.313715e-03 
 1.475000e+04  8.698080e+00 -1.017362e-02  1.000367e-02 -6.346809e-03 
 1.480000e+04  8.859555e+00 -1.022355e-02  1.005165e-02 -6.380860e-03 
 1.485000e+04  9.021031e+00 -1.027273e-02  1.009908e-02 -6.414566e-03 
 1.490000e+04  9.182506e+00 -1.032130e-02  1.014612e-02 -6.447795e-03 
 1.495000e+04  9.347049e+00 -1.037057e-02  1.019387e-02 -6.481188e-03 
 1.500000e+04  9.516598e+00 -1.042098e-02  1.024278e-02 -6.515237e-03 
 1.505000e+04  9.686147e+00 -1.047076e-02  1.029113e-02 -6.548861e-03 
 1.510000e+04  9.858409e+00 -1.052074e-02  1.033958e-02 -6.582655e-03 
 1.515000e+04  1.003644e+01 -1.057208e-02  1.038898e-02 -6.617389e-03 
 1.520000e+04  1.021446e+01 -1.062282e-02  1.043765e-02 -6.651892e-03 
 1.525000e+04  1.039249e+01 -1.067291e-02  1.048559e-02 -6.686002e-03 
 1.530000e+04  1.057675e+01 -1.072431e-02  1.053484e-02 -6.720911e-03 
 1.535000e+04  1.076367e+01 -1.077615e-02  1.058453e-02 -6.755965e-03 
 1.540000e+04  1.095060e+01 -1.082747e-02  1.063378e-02 -6.790542e-03 
 1.545000e+04  1.113809e+01 -1.087824e-02  1.068273e-02 -6.824752e-03 
 1.550000e+04  1.133436e+01 -1.093099e-02  1.073361e-02 -6.860298e-03 
 1.555000e+04  1.153064e+01 -1.098323e-02  1.078393e-02 -6.895588e-03 
 1.560000e+04  1.172691e+01 -1.103482e-02  1.083347e-02 -6.930543e-03 
 1.565000e+04  1.193351e+01 -1.108859e-02  1.088492e-02 -6.967003e-03 
 1.570000e+04  1.214990e+01 -1.114447e-02  1.093836e-02 -7.004894e-03 
 1.575000e+04  1.236630e+01 -1.119967e-02  1.099130e-02 -7.042276e-03 
 1.580000e+04  1.258269e+01 -1.125423e-02  1.104364e-02 -7.079142e-03 
 1.585000e+04  1.279908e+01 -1.130841e-02  1.109570e-02 -7.115591e-03 
 1.590000e+04  1.301547e+01 -1.136204e-02  1.114739e-02 -7.151738e-03 
 1.595000e+04  1.323187e+01 -1.141490e-02  1.119850e-02 -7.187571e-03 
 1.600000e+04  1.345921e+01 -1.146989e-02  1.125162e-02 -7.224868e-03 
 1.605000e+04  1.369778e+01 -1.152719e-02  1.130678e-02 -7.263731e-03 
 1.610000e+04  1.393635e+01 -1.158398e-02  1.136117e-02 -7.302244e-03 
 1.615000e+04  1.417493e+01 -1.164010e-02  1.141480e-02 -7.340144e-03 
 1.620000e+04  1.442495e+01 -1.169850e-02  1.147053e-02 -7.379427e-03 
 1.625000e+04  1.467545e+01 -1.175662e-02  1.152596e-02 -7.418464e-03 
 1.630000e+04  1.492595e+01 -1.181397e-02  1.158073e-02 -7.457107e-03 
 1.635000e+04  1.517871e+01 -1.187110e-02  1.163547e-02 -7.495669e-03 
 1.640000e+04  1.545015e+01 -1.193196e-02  1.169384e-02 -7.536756e-03 
 1.645000e+04  1.572633e+01 -1.199327e-02  1.175261e-02 -7.578166e-03 
 1.650000e+04  1.600251e+01 -1.205384e-02  1.181056e-02 -7.619032e-03 
 1.655000e+04  1.628255e+01 -1.211474e-02  1.186862e-02 -7.660016e-03 
 1.660000e+04  1.657254e+01 -1.217739e-02  1.192819e-02 -7.702094e-03 
 1.665000e+04  1.686252e+01 -1.223922e-02  1.198707e-02 -7.743704e-03 
 1.670000e+04  1.715251e+01 -1.230033e-02  1.204527e-02 -7.784796e-03 
 1.675000e+04  1.744830e+01 -1.236215e-02  1.210419e-02 -7.826344e-03 
 1.680000e+04  1.775278e+01 -1.242504e-02  1.216435e-02 -7.868769e-03 
 1.685000e+04  1.805727e+01 -1.248711e-02  1.222385e-02 -7.910695e-03 
 1.690000e+04  1.836967e+01 -1.255019e-02  1.228428e-02 -7.953256e-03 
 1.695000e+04  1.868938e+01 -1.261434e-02  1.234559e-02 -7.996406e-03 
 1.700000e+04  1.900909e+01 -1.267783e-02  1.240609e-02 -8.039048e-03 
 1.705000e+04  1.932880e+01 -1.274065e-02  1.246580e-02 -8.081147e-03 
 1.710000e+04  1.966386e+01 -1.280596e-02  1.252774e-02 -8.124910e-03 
 1.715000e+04  1.999955e+01 -1.287077e-02  1.258920e-02 -8.168424e-03 
 1.720000e+04  2.033525e+01 -1.293470e-02  1.264994e-02 -8.211507e-03 
 1.725000e+04  2.067564e+01 -1.299885e-02  1.271096e-02 -8.254634e-03 
 1.730000e+04  2.102812e+01 -1.306476e-02  1.277373e-02 -8.298867e-03 
 1.735000e+04  2.138060e+01 -1.313008e-02  1.283592e-02 -8.342663e-03 
 1.740000e+04  2.173767e+01 -1.319543e-02  1.289815e-02 -8.386521e-03 
 1.745000e+04  2.212146e+01 -1.326513e-02  1.296431e-02 -8.433168e-03 
 1.750000e+04  2.251007e+01 -1.333517e-02  1.303057e-02 -8.479964e-03 
 1.755000e+04  2.289868e+01 -1.340428e-02  1.309598e-02 -8.526292e-03 
 1.760000e+04  2.328729e+01 -1.347256e-02  1.316063e-02 -8.572080e-03 
 1.765000e+04  2.369261e+01 -1.354313e-02  1.322750e-02 -8.619384e-03 
 1.770000e+04  2.410065e+01 -1.361341e-02  1.329423e-02 -8.666562e-03 
 1.775000e+04  2.450869e+01 -1.368281e-02  1.336025e-02 -8.713131e-03 
 1.780000e+04  2.493728e+01 -1.375508e-02  1.342904e-02 -8.761498e-03 
 1.785000e+04  2.538714e+01 -1.383038e-02  1.350053e-02 -8.811811e-03 
 1.790000e+04  2.583701e+01 -1.390477e-02  1.357103e-02 -8.861510e-03 
 1.795000e+04  2.628687e+01 -1.397832e-02  1.364049e-02 -8.910641e-03 
 1.800000e+04  2.675923e+01 -1.405482e-02  1.371266e-02 -8.961790e-03 
 1.805000e+04  2.723158e+01 -1.413054e-02  1.378403e-02 -9.012382e-03 
 1.810000e+04  2.770394e+01 -1.420536e-02  1.385462e-02 -9.062335e-03 
 1.815000e+04  2.818386e+01 -1.428060e-02  1.392572e-02 -9.112549e-03 
 1.820000e+04  2.867983e+01 -1.435764e-02  1.399855e-02 -9.163885e-03 
 1.825000e+04  2.917581e+01 -1.443378e-02  1.407058e-02 -9.214660e-03 
 1.830000e+04  2.967972e+01 -1.451029e-02  1.414286e-02 -9.265643e-03 
 1.835000e+04  3.020049e+01 -1.458872e-02  1.421667e-02 -9.317829e-03 
 1.840000e+04  3.072127e+01 -1.466638e-02  1.428961e-02 -9.369495e-03 
 1.845000e+04  3.124204e+01 -1.474312e-02  1.436161e-02 -9.420582e-03 
 1.850000e+04  3.179338e+01 -1.482351e-02  1.443703e-02 -9.474024e-03 
 1.855000e+04  3.236754e+01 -1.490641e-02  1.451495e-02 -9.529125e-03 
 1.860000e+04  3.294169e+01 -1.498828e-02  1.459208e-02 -9.583554e-03 
 1.865000e+04  3.352101e+01 -1.506988e-02  1.466898e-02 -9.637780e-03 
 1.870000e+04  3.414075e+01 -1.515635e-02  1.475046e-02 -9.695195e-03 
 1.875000e+04  3.477376e+01 -1.524369e-02  1.483272e-02 -9.753238e-03 
 1.880000e+04  3.540676e+01 -1.532986e-02  1.491382e-02 -9.810583e-03 
 1.885000e+04  3.605242e+01 -1.541682e-02  1.499541e-02 -9.868339e-03 
 1.890000e+04  3.671708e+01 -1.550555e-02  1.507851e-02 -9.927178e-03 
 1.895000e+04  3.738173e+01 -1.559323e-02  1.516059e-02 -9.985284e-03 
 1.900000e+04  3.804971e+01 -1.568025e-02  1.524209e-02 -1.004288e-02 
 1.905000e+04  3.874760e+01 -1.577028e-02  1.532644e-02 -1.010241e-02 
 1.910000e+04  3.944548e+01 -1.585933e-02  1.540989e-02 -1.016135e-02 
 1.915000e+04  4.014337e+01 -1.594722e-02  1.549221e-02 -1.021953e-02 
 1.920000e+04  4.090403e+01 -1.604203e-02  1.558087e-02 -1.028219e-02 
 1.925000e+04  4.167345e+01 -1.613709e-02  1.566953e-02 -1.034484e-02 
 1.930000e+04  4.244287e+01 -1.623090e-02  1.575695e-02 -1.040672e-02 
 1.935000e+04  4.322845e+01 -1.632543e-02  1.584493e-02 -1.046909e-02 
 1.940000e+04  4.407593e+01 -1.642638e-02  1.593884e-02 -1.053562e-02 
 1.945000e+04  4.492422e+01 -1.652620e-02  1.603183e-02 -1.060141e-02 
 1.950000e+04  4.577250e+01 -1.662466e-02  1.612356e-02 -1.066623e-02 
 1.955000e+04  4.668216e+01 -1.672902e-02  1.622076e-02 -1.073484e-02 
 1.960000e+04  4.761740e+01 -1.683505e-02  1.631949e-02 -1.080457e-02 
 1.965000e+04  4.855263e+01 -1.693954e-02  1.641685e-02 -1.087340e-02 
 1.970000e+04  4.950096e+01 -1.704408e-02  1.651416e-02 -1.094221e-02 
 1.975000e+04  5.048296e+01 -1.715117e-02  1.661362e-02 -1.101255e-02 
 1.980000e+04  5.146496e+01 -1.725695e-02  1.671181e-02 -1.108201e-02 
 1.985000e+04  5.244695e+01 -1.736127e-02  1.680865e-02 -1.115045e-02 
 1.990000e+04  5.350407e+01 -1.747228e-02  1.691153e-02 -1.122313e-02 
 1.995000e+04  5.458672e+01 -1.758463e-02  1.701569e-02 -1.129674e-02 
 2.000000e+04  5.566938e+01 -1.769529e-02  1.711842e-02 -1.136930e-02 
 2.005000e+04  5.677260e+01 -1.780658e-02  1.722153e-02 -1.144209e-02 
 2.010000e+04  5.796622e+01 -1.792566e-02  1.733165e-02 -1.151988e-02 
 2.015000e+04  5.915984e+01 -1.804311e-02  1.744024e-02 -1.159664e-02 
 2.020000e+04  6.035347e+01 -1.815892e-02  1.754706e-02 -1.167221e-02 
 2.025000e+04  6.161567e+01 -1.827984e-02  1.765843e-02 -1.175101e-02 
 2.030000e+04  6.293164e+01 -1.840433e-02  1.777301e-02 -1.183209e-02 
 2.035000e+04  6.424761e+01 -1.852695e-02  1.788585e-02 -1.191187e-02 
 2.040000e+04  6.556884e+01 -1.864828e-02  1.799738e-02 -1.199070e-02 
 2.045000e+04  6.695061e+01 -1.877358e-02  1.811247e-02 -1.207209e-02 
 2.050000e+04  6.833238e+01 -1.889695e-02  1.822600e-02 -1.215236e-02 
 2.055000e+04  6.972244e+01 -1.901919e-02  1.833845e-02 -1.223177e-02 
 2.060000e+04  7.122988e+01 -1.915016e-02  1.845869e-02 -1.231670e-02 
 2.065000e+04  7.275328e+01 -1.928079e-02  1.857854e-02 -1.240136e-02 
 2.070000e+04  7.427668e+01 -1.940930e-02  1.869640e-02 -1.248459e-02 
 2.075000e+04  7.583054e+01 -1.953848e-02  1.881465e-02 -1.256812e-02 
 2.080000e+04  7.743011e+01 -1.966966e-02  1.893467e-02 -1.265296e-02 
 2.085000e+04  7.902968e+01 -1.979883e-02  1.905293e-02 -1.273658e-02 
 2.090000e+04  8.065677e+01 -1.992825e-02  1.917141e-02 -1.282025e-02 
 2.095000e+04  8.242029e+01 -2.006681e-02  1.929805e-02 -1.290959e-02 
 2.100000e+04  8.418382e+01 -2.020341e-02  1.942282e-02 -1.299763e-02 
 2.105000e+04  8.594734e+01 -2.033780e-02  1.954546e-02 -1.308415e-02 
 2.110000e+04  8.783123e+01 -2.047927e-02  1.967428e-02 -1.317512e-02 
 2.115000e+04  8.977552e+01 -2.062335e-02  1.980525e-02 -1.326771e-02 
 2.120000e+04  9.171980e+01 -2.076511e-02  1.993402e-02 -1.335875e-02 
 2.125000e+04  9.369325e+01 -2.090672e-02  2.006244e-02 -1.344953e-02 
 2.130000e+04  9.583275e+01 -2.105808e-02  2.019958e-02 -1.354648e-02 
 2.135000e+04  9.797632e+01 -2.120734e-02  2.033484e-02 -1.364204e-02 
 2.140000e+04  1.001199e+02 -2.135408e-02  2.046773e-02 -1.373583e-02 
 2.145000e+04  1.024058e+02 -2.150808e-02  2.060701e-02 -1.383419e-02 
 2.150000e+04  1.047691e+02 -2.166486e-02  2.074883e-02 -1.393436e-02 
 2.155000e+04  1.071324e+02 -2.181890e-02  2.088806e-02 -1.403274e-02 
 2.160000e+04  1.095335e+02 -2.197274e-02  2.102689e-02 -1.413083e-02 
 2.165000e+04  1.120150e+02 -2.212933e-02  2.116805e-02 -1.423055e-02 
 2.170000e+04  1.144964e+02 -2.228327e-02  2.130684e-02 -1.432851e-02 
 2.175000e+04  1.170361e+02 -2.243811e-02  2.144631e-02 -1.442688e-02 
 2.180000e+04  1.197719e+02 -2.260240e-02  2.159416e-02 -1.453123e-02 
 2.185000e+04  1.225077e+02 -2.276389e-02  2.173954e-02 -1.463389e-02 
 2.190000e+04  1.252435e+02 -2.292244e-02  2.188217e-02 -1.473453e-02 
 2.195000e+04  1.281548e+02 -2.308840e-02  2.203110e-02 -1.483961e-02 
 2.200000e+04  1.311710e+02 -2.325768e-02  2.218281e-02 -1.494672e-02 
 2.205000e+04  1.341872e+02 -2.342391e-02  2.233166e-02 -1.505184e-02 
 2.210000e+04  1.372427e+02 -2.358928e-02  2.247947e-02 -1.515621e-02 
 2.215000e+04  1.405681e+02 -2.376633e-02  2.263745e-02 -1.526785e-02 
 2.220000e+04  1.438935e+02 -2.394025e-02  2.279257e-02 -1.537749e-02 
 2.225000e+04  1.472189e+02 -2.411086e-02  2.294461e-02 -1.548489e-02 
 2.230000e+04  1.507991e+02 -2.429126e-02  2.310513e-02 -1.559833e-02 
 2.235000e+04  1.544654e+02 -2.447282e-02  2.326654e-02 -1.571245e-02 
 2.240000e+04  1.581316e+02 -2.465090e-02  2.342471e-02 -1.582424e-02 
 2.245000e+04  1.618859e+02 -2.482972e-02  2.358333e-02 -1.593635e-02 
 2.250000e+04  1.657354e+02 -2.500977e-02  2.374287e-02 -1.604919e-02 
 2.255000e+04  1.695850e+02 -2.518631e-02  2.389933e-02 -1.615981e-02 
 2.260000e+04  1.736112e+02 -2.536734e-02  2.405974e-02 -1.627314e-02 
 2.265000e+04  1.779360e+02 -2.555838e-02  2.422897e-02 -1.639269e-02 
 2.270000e+04  1.823923e+02 -2.575153e-02  2.440012e-02 -1.651354e-02 
 2.275000e+04  1.868487e+02 -2.594068e-02  2.456753e-02 -1.663170e-02 
 2.280000e+04  1.913139e+02 -2.612629e-02  2.473145e-02 -1.674748e-02 
 2.285000e+04  1.959931e+02 -2.631695e-02  2.489966e-02 -1.686644e-02 
 2.290000e+04  2.006722e+02 -2.650385e-02  2.506443e-02 -1.698296e-02 
 2.295000e+04  2.055748e+02 -2.669587e-02  2.523337e-02 -1.710247e-02 
 2.300000e+04  2.107336e+02 -2.689432e-02  2.540773e-02 -1.722586e-02 
 2.305000e+04  2.158924e+02 -2.708877e-02  2.557846e-02 -1.734670e-02 
 2.310000e+04  2.210615e+02 -2.727941e-02  2.574565e-02 -1.746498e-02 
 2.315000e+04  2.266894e+02 -2.748278e-02  2.592377e-02 -1.759105e-02 
 2.320000e+04  2.323770e+02 -2.768425e-02  2.610006e-02 -1.771594e-02 
 2.325000e+04  2.380645e+02 -2.788139e-02  2.627234e-02 -1.783810e-02 
 2.330000e+04  2.442165e+02 -2.809018e-02  2.645448e-02 -1.796734e-02 
 2.335000e+04  2.504870e+02 -2.829865e-02  2.663615e-02 -1.809631e-02 
 2.340000e+04  2.567575e+02 -2.850245e-02  2.681364e-02 -1.822228e-02 
 2.345000e+04  2.630594e+02 -2.870260e-02  2.698781e-02 -1.834585e-02 
 2.350000e+04  2.698673e+02 -2.891412e-02  2.717184e-02 -1.847647e-02 
 2.355000e+04  2.767805e+02 -2.912429e-02  2.735477e-02 -1.860632e-02 
 2.360000e+04  2.836938e+02 -2.932962e-02  2.753348e-02 -1.873319e-02 
 2.365000e+04  2.909181e+02 -2.953936e-02  2.771591e-02 -1.886273e-02 
 2.370000e+04  2.981770e+02 -2.974543e-02  2.789504e-02 -1.898998e-02 
 2.375000e+04  3.055013e+02 -2.994857e-02  2.807148e-02 -1.911529e-02 
 2.380000e+04  3.134737e+02 -3.016492e-02  2.825920e-02 -1.924867e-02 
 2.385000e+04  3.214767e+02 -3.037738e-02  2.844345e-02 -1.937970e-02 
 2.390000e+04  3.294796e+02 -3.058488e-02  2.862323e-02 -1.950764e-02 
 2.395000e+04  3.376666e+02 -3.079220e-02  2.880257e-02 -1.963533e-02 
 2.400000e+04  3.460697e+02 -3.100029e-02  2.898238e-02 -1.976346e-02 
 2.405000e+04  3.547249e+02 -3.120984e-02  2.916321e-02 -1.989241e-02 
 2.410000e+04  3.639452e+02 -3.142826e-02  2.935136e-02 -2.002672e-02 
 2.415000e+04  3.732096e+02 -3.164286e-02  2.953596e-02 -2.015869e-02 
 2.420000e+04  3.824741e+02 -3.185232e-02  2.971598e-02 -2.028751e-02 
 2.425000e+04  3.918219e+02 -3.205844e-02  2.989299e-02 -2.041419e-02 
 2.430000e+04  4.015495e+02 -3.226790e-02  3.007285e-02 -2.054292e-02 
 2.435000e+04  4.115009e+02 -3.247725e-02  3.025262e-02 -2.067164e-02 
 2.440000e+04  4.217149e+02 -3.268727e-02  3.043297e-02 -2.080085e-02 
 2.445000e+04  4.319289e+02 -3.289233e-02  3.060908e-02 -2.092710e-02 
 2.450000e+04  4.424085e+02 -3.309765e-02  3.078548e-02 -2.105354e-02 
 2.455000e+04  4.531332e+02 -3.330290e-02  3.096182e-02 -2.117992e-02 
 2.460000e+04  4.640080e+02 -3.350610e-02  3.113639e-02 -2.130507e-02 
 2.465000e+04  4.752690e+02 -3.371171e-02  3.131294e-02 -2.143174e-02 
 2.470000e+04  4.865300e+02 -3.391256e-02  3.148525e-02 -2.155553e-02 
 2.475000e+04  4.979162e+02 -3.411085e-02  3.165527e-02 -2.167778e-02 
 2.480000e+04  5.094902e+02 -3.430792e-02  3.182401e-02 -2.179917e-02 
 2.485000e+04  5.210643e+02 -3.450066e-02  3.198878e-02 -2.191782e-02 
 2.490000e+04  5.326384e+02 -3.468913e-02  3.214967e-02 -2.203381e-02 
 2.495000e+04  5.442125e+02 -3.487344e-02  3.230681e-02 -2.214726e-02 
 2.500000e+04  5.557865e+02 -3.505378e-02  3.246048e-02 -2.225834e-02 
 2.505000e+04  5.673606e+02 -3.523029e-02  3.261095e-02 -2.236714e-02 
 2.510000e+04  5.789347e+02 -3.540314e-02  3.275834e-02 -2.247370e-02 
 2.515000e+04  5.905087e+02 -3.557248e-02  3.290280e-02 -2.257813e-02 
 2.520000e+04  6.020828e+02 -3.573840e-02  3.304441e-02 -2.268055e-02 
 2.525000e+04  6.136569e+02 -3.590102e-02  3.318323e-02 -2.278102e-02 
 2.530000e+04  6.252310e+02 -3.606044e-02  3.331940e-02 -2.287959e-02 
 2.535000e+04  6.368050e+02 -3.621683e-02  3.345299e-02 -2.297631e-02 
 2.540000e+04  6.483791e+02 -3.637033e-02  3.358404e-02 -2.307121e-02 
 2.545000e+04  6.599532e+02 -3.652107e-02  3.371260e-02 -2.316443e-02 
 2.550000e+04  6.715273e+02 -3.666911e-02  3.383876e-02 -2.325605e-02 
 2.555000e+04  6.831013e+02 -3.681455e-02  3.396262e-02 -2.334606e-02 
 2.560000e+04  6.946754e+02 -3.695754e-02  3.408429e-02 -2.343452e-02 
 2.565000e+04  7.062495e+02 -3.709816e-02  3.420382e-02 -2.352151e-02 
 2.570000e+04  7.178236e+02 -3.723645e-02  3.432129e-02 -2.360707e-02 
 2.575000e+04  7.293976e+02 -3.737246e-02  3.443676e-02 -2.369124e-02 
 2.580000e+04  7.409717e+02 -3.750627e-02  3.455030e-02 -2.377409e-02 
 2.585000e+04  7.525458e+02 -3.763795e-02  3.466202e-02 -2.385563e-02 
 2.590000e+04  7.641199e+02 -3.776758e-02  3.477191e-02 -2.393591e-02 
 2.595000e+04  7.756939e+02 -3.789520e-02  3.488002e-02 -2.401496e-02 
 2.600000e+04  7.872680e+02 -3.802079e-02  3.498643e-02 -2.409282e-02 
 2.605000e+04  7.988421e+02 -3.814441e-02  3.509125e-02 -2.416952e-02 
 2.610000e+04  8.104162e+02 -3.826613e-02  3.519452e-02 -2.424506e-02 
 2.615000e+04  8.219902e+02 -3.838602e-02  3.529634e-02 -2.431950e-02 
 2.620000e+04  8.335643e+02 -3.850412e-02  3.539671e-02 -2.439291e-02 
 2.625000e+04  8.451384e+02 -3.862049e-02  3.549562e-02 -2.446528e-02 
 2.630000e+04  8.567125e+02 -3.873522e-02  3.559307e-02 -2.453662e-02 
 2.635000e+04  8.682865e+02 -3.884842e-02  3.568911e-02 -2.460699e-02 
 2.640000e+04  8.798606e+02 -3.896007e-02  3.578376e-02 -2.467641e-02 
 2.645000e+04  8.914347e+02 -3.907014e-02  3.587704e-02 -2.474487e-02 
 2.650000e+04  9.030087e+02 -3.917870e-02  3.596905e-02 -2.481242e-02 
 2.655000e+04  9.145828e+02 -3.928585e-02  3.605989e-02 -2.487909e-02 
 2.660000e+04  9.261569e+02 -3.939161e-02  3.614955e-02 -2.494486e-02 
 2.665000e+04  9.377310e+02 -3.949600e-02  3.623802e-02 -2.500977e-02 
 2.670000e+04  9.493050e+02 -3.959899e-02  3.632533e-02 -2.507388e-02 
 2.675000e+04  9.608791e+02 -3.970067e-02  3.641152e-02 -2.513721e-02 
 2.680000e+04  9.724532e+02 -3.980101e-02  3.649669e-02 -2.519972e-02 
 2.685000e+04  9.840273e+02 -3.990017e-02  3.658080e-02 -2.526146e-02 
 2.690000e+04  9.956013e+02 -3.999814e-02  3.666388e-02 -2.532247e-02 
 2.695000e+04  1.007175e+03 -4.009490e-02  3.674594e-02 -2.538277e-02 
 2.700000e+04  1.018749e+03 -4.019046e-02  3.682698e-02 -2.544235e-02 
 2.705000e+04  1.030324e+03 -4.028493e-02  3.690701e-02 -2.550122e-02 
 2.710000e+04  1.041898e+03 -4.037833e-02  3.698610e-02 -2.555944e-02 
 2.715000e+04  1.053472e+03 -4.047070e-02  3.706429e-02 -2.561702e-02 
 2.720000e+04  1.065046e+03 -4.056205e-02  3.714158e-02 -2.567394e-02 
 2.725000e+04  1.076620e+03 -4.065244e-02  3.721794e-02 -2.573021e-02 
 2.730000e+04  1.088194e+03 -4.074184e-02  3.729342e-02 -2.578590e-02 
 2.735000e+04  1.099768e+03 -4.083033e-02  3.736809e-02 -2.584101e-02 
 2.740000e+04  1.111342e+03 -4.091785e-02  3.744197e-02 -2.589558e-02 
 2.745000e+04  1.122916e+03 -4.100442e-02  3.751510e-02 -2.594961e-02 
 2.750000e+04  1.134490e+03 -4.109009e-02  3.758753e-02 -2.600310e-02 
 2.755000e+04  1.146064e+03 -4.117492e-02  3.765927e-02 -2.605608e-02 
 2.760000e+04  1.157638e+03 -4.125893e-02  3.773031e-02 -2.610855e-02 
 2.765000e+04  1.169212e+03 -4.134212e-02  3.780066e-02 -2.616054e-02 
 2.770000e+04  1.180787e+03 -4.142446e-02  3.787034e-02 -2.621202e-02 
 2.775000e+04  1.192361e+03 -4.150601e-02  3.793935e-02 -2.626303e-02 
 2.780000e+04  1.203935e+03 -4.158682e-02  3.800769e-02 -2.631359e-02 
 2.785000e+04  1.215509e+03 -4.166688e-02  3.807539e-02 -2.636370e-02 
 2.790000e+04  1.227083e+03 -4.174619e-02  3.814244e-02 -2.641337e-02 
 2.795000e+04  1.238657e+03 -4.182477e-02  3.820886e-02 -2.646260e-02 
 2.800000e+04  1.250231e+03 -4.190265e-02  3.827469e-02 -2.651141e-02 
 2.805000e+04  1.261805e+03 -4.197988e-02  3.833994e-02 -2.655982e-02 
 2.810000e+04  1.273379e+03 -4.205641e-02  3.840460e-02 -2.660783e-02 
 2.815000e+04  1.284953e+03 -4.213225e-02  3.846870e-02 -2.665544e-02 
 2.820000e+04  1.296527e+03 -4.220744e-02  3.853228e-02 -2.670267e-02 
 2.825000e+04  1.308101e+03 -4.228199e-02  3.859531e-02 -2.674951e-02 
 2.830000e+04  1.319675e+03 -4.235586e-02  3.865779e-02 -2.679597e-02 
 2.835000e+04  1.331249e+03 -4.242911e-02  3.871974e-02 -2.684209e-02 
 2.840000e+04  1.342824e+03 -4.250176e-02  3.878124e-02 -2.688788e-02 
 2.845000e+04  1.354398e+03 -4.257382e-02  3.884228e-02 -2.693329e-02 
 2.850000e+04  1.365972e+03 -4.264529e-02  3.890285e-02 -2.697832e-02 
 2.855000e+04  1.377546e+03 -4.271622e-02  3.896294e-02 -2.702301e-02 
 2.860000e+04  1.389120e+03 -4.278658e-02  3.902255e-02 -2.706736e-02 
 2.865000e+04  1.400694e+03 -4.285632e-02  3.908170e-02 -2.711135e-02 
 2.870000e+04  1.412268e+03 -4.292548e-02  3.914042e-02 -2.715500e-02 
 2.875000e+04  1.423842e+03 -4.299413e-02  3.919876e-02 -2.719834e-02 
 2.880000e+04  1.435416e+03 -4.306230e-02  3.925669e-02 -2.724140e-02 
 2.885000e+04  1.446990e+03 -4.313002e-02  3.931417e-02 -2.728416e-02 
 2.890000e+04  1.458564e+03 -4.319731e-02  3.937122e-02 -2.732661e-02 
 2.895000e+04  1.470138e+03 -4.326419e-02  3.942788e-02 -2.736878e-02 
 2.900000e+04  1.481712e+03 -4.333063e-02  3.948417e-02 -2.741067e-02 
 2.905000e+04  1.493287e+03 -4.339664e-02  3.954009e-02 -2.745227e-02 
 2.910000e+04  1.504861e+03 -4.346224e-02  3.959568e-02 -2.749358e-02 
 2.915000e+04  1.516435e+03 -4.352743e-02  3.965094e-02 -2.753463e-02 
 2.920000e+04  1.528009e+03 -4.359223e-02  3.970589e-02 -2.757541e-02 
 2.925000e+04  1.539583e+03 -4.365666e-02  3.976052e-02 -2.761594e-02 
 2.930000e+04  1.551157e+03 -4.372072e-02  3.981487e-02 -2.765621e-02 
 2.935000e+04  1.562731e+03 -4.378444e-02  3.986891e-02 -2.769623e-02 
 2.940000e+04  1.574305e+03 -4.384788e-02  3.992265e-02 -2.773598e-02 
 2.945000e+04  1.585879e+03 -4.391101e-02  3.997610e-02 -2.777550e-02 
 2.950000e+04  1.597453e+03 -4.397386e-02  4.002925e-02 -2.781478e-02 
 2.955000e+04  1.609027e+03 -4.403641e-02  4.008208e-02 -2.785381e-02 
 2.960000e+04  1.620601e+03 -4.409869e-02  4.013463e-02 -2.789261e-02 
 2.965000e+04  1.632175e+03 -4.416067e-02  4.018690e-02 -2.793118e-02 
 2.970000e+04  1.643749e+03 -4.422234e-02  4.023889e-02 -2.796952e-02 
 2.975000e+04  1.655324e+03 -4.428370e-02  4.029057e-02 -2.800764e-02 
 2.980000e+04  1.666898e+03 -4.434474e-02  4.034196e-02 -2.804554e-02 
 2.985000e+04  1.678472e+03 -4.440547e-02  4.039306e-02 -2.808325e-02 
 2.990000e+04  1.690046e+03 -4.446592e-02  4.044387e-02 -2.812074e-02 
 2.995000e+04  1.701620e+03 -4.452602e-02  4.049446e-02 -2.815800e-02 
 3.000000e+04  1.713194e+03 -4.458578e-02  4.054485e-02 -2.819505e-02 
 3.005000e+04  1.724768e+03 -4.464520e-02  4.059500e-02 -2.823189e-02 
 3.010000e+04  1.736342e+03 -4.470425e-02  4.064489e-02 -2.826850e-02 
 3.015000e+04  1.747916e+03 -4.476294e-02  4.069453e-02 -2.830491e-02 
 3.020000e+04  1.759490e+03 -4.482128e-02  4.074397e-02 -2.834112e-02 
 3.025000e+04  1.771064e+03 -4.487924e-02  4.079323e-02 -2.837713e-02 
 3.030000e+04  1.782638e+03 -4.493682e-02  4.084233e-02 -2.841296e-02 
 3.035000e+04  1.794212e+03 -4.499405e-02  4.089126e-02 -2.844860e-02 
 3.040000e+04  1.805787e+03 -4.505095e-02  4.094001e-02 -2.848407e-02 
 3.045000e+04  1.817361e+03 -4.510752e-02  4.098856e-02 -2.851934e-02 
 3.050000e+04  1.828935e+03 -4.516377e-02  4.103692e-02 -2.855444e-02 
 3.055000e+04  1.840509e+03 -4.521971e-02  4.108505e-02 -2.858934e-02 
 3.060000e+04  1.852083e+03 -4.527532e-02  4.113295e-02 -2.862403e-02 
 3.065000e+04  1.863657e+03 -4.533065e-02  4.118061e-02 -2.865855e-02 
 3.070000e+04  1.875231e+03 -4.538564e-02  4.122802e-02 -2.869288e-02 
 3.075000e+04  1.886805e+03 -4.544033e-02  4.127513e-02 -2.872702e-02 
 3.080000e+04  1.898379e+03 -4.549471e-02  4.132199e-02 -2.876100e-02 
 3.085000e+04  1.909953e+03 -4.554882e-02  4.136860e-02 -2.879479e-02 
 3.090000e+04  1.921527e+03 -4.560265e-02  4.141493e-02 -2.882841e-02 
 3.095000e+04  1.933101e+03 -4.565623e-02  4.146099e-02 -2.886185e-02 
 3.100000e+04  1.944675e+03 -4.570956e-02  4.150673e-02 -2.889511e-02 
 3.105000e+04  1.956249e+03 -4.576263e-02  4.155215e-02 -2.892818e-02 
 3.110000e+04  1.967824e+03 -4.581540e-02  4.159726e-02 -2.896106e-02 
 3.115000e+04  1.979398e+03 -4.586789e-02  4.164206e-02 -2.899375e-02 
 3.120000e+04  1.990972e+03 -4.592007e-02  4.168656e-02 -2.902626e-02 
 3.125000e+04  2.002546e+03 -4.597195e-02  4.173078e-02 -2.905857e-02 
 3.130000e+04  2.014120e+03 -4.602357e-02  4.177473e-02 -2.909071e-02 
 3.135000e+04  2.025694e+03 -4.607492e-02  4.181843e-02 -2.912267e-02 
 3.140000e+04  2.037268e+03 -4.612598e-02  4.186185e-02 -2.915443e-02 
 3.145000e+04  2.048842e+03 -4.617675e-02  4.190501e-02 -2.918601e-02 
 3.150000e+04  2.060416e+03 -4.622725e-02  4.194789e-02 -2.921742e-02 
 3.155000e+04  2.071990e+03 -4.627744e-02  4.199052e-02 -2.924867e-02 
 3.160000e+04  2.083564e+03 -4.632734e-02  4.203287e-02 -2.927974e-02 
 3.165000e+04  2.095138e+03 -4.637697e-02  4.207497e-02 -2.931065e-02 
 3.170000e+04  2.106712e+03 -4.642634e-02  4.211685e-02 -2.934139e-02 
 3.175000e+04  2.118287e+03 -4.647542e-02  4.215848e-02 -2.937196e-02 
 3.180000e+04  2.129861e+03 -4.652421e-02  4.219989e-02 -2.940236e-02 
 3.185000e+04  2.141435e+03 -4.657276e-02  4.224109e-02 -2.943262e-02 
 3.190000e+04  2.153009e+03 -4.662104e-02  4.228206e-02 -2.946273e-02 
 3.195000e+04  2.164583e+03 -4.666906e-02  4.232278e-02 -2.949266e-02 
 3.200000e+04  2.176157e+03 -4.671682e-02  4.236327e-02 -2.952246e-02 
 3.205000e+04  2.187731e+03 -4.676431e-02  4.240353e-02 -2.955211e-02 
 3.210000e+04  2.199305e+03 -4.681153e-02  4.244356e-02 -2.958160e-02 
 3.215000e+04  2.210879e+03 -4.685848e-02  4.248337e-02 -2.961095e-02 
 3.220000e+04  2.222453e+03 -4.690518e-02  4.252300e-02 -2.964015e-02 
 3.225000e+04  2.234027e+03 -4.695163e-02  4.256246e-02 -2.966924e-02 
 3.230000e+04  2.245601e+03 -4.699780e-02  4.260172e-02 -2.969817e-02 
 3.235000e+04  2.257175e+03 -4.704371e-02  4.264080e-02 -2.972697e-02 
 3.240000e+04  2.268749e+03 -4.708939e-02  4.267970e-02 -2.975565e-02 
 3.245000e+04  2.280324e+03 -4.713479e-02  4.271842e-02 -2.978420e-02 
 3.250000e+04  2.291898e+03 -4.717996e-02  4.275693e-02 -2.981263e-02 
 3.255000e+04  2.303472e+03 -4.722491e-02  4.279524e-02 -2.984095e-02 
 3.260000e+04  2.315046e+03 -4.726964e-02  4.283335e-02 -2.986915e-02 
 3.265000e+04  2.326620e+03 -4.731413e-02  4.287126e-02 -2.989721e-02 
 3.270000e+04  2.338194e+03 -4.735841e-02  4.290899e-02 -2.992515e-02 
 3.275000e+04  2.349768e+03 -4.740245e-02  4.294654e-02 -2.995296e-02 
 3.280000e+04  2.361342e+03 -4.744627e-02  4.298392e-02 -2.998067e-02 
 3.285000e+04  2.372916e+03 -4.748985e-02  4.302111e-02 -3.000825e-02 
 3.290000e+04  2.384490e+03 -4.753321e-02  4.305815e-02 -3.003572e-02 
 3.295000e+04  2.396064e+03 -4.757636e-02  4.309504e-02 -3.006308e-02 
 3.300000e+04  2.407638e+03 -4.761931e-02  4.313176e-02 -3.009034e-02 
 3.305000e+04  2.419212e+03 -4.766204e-02  4.316832e-02 -3.011748e-02 
 3.310000e+04  2.430787e+03 -4.770455e-02  4.320474e-02 -3.014452e-02 
 3.315000e+04  2.442361e+03 -4.774686e-02  4.324100e-02 -3.017145e-02 
 3.320000e+04  2.453935e+03 -4.778897e-02  4.327712e-02 -3.019826e-02 
 3.325000e+04  2.465509e+03 -4.783085e-02  4.331311e-02 -3.022495e-02 
 3.330000e+04  2.477083e+03 -4.787254e-02  4.334897e-02 -3.025154e-02 
 3.335000e+04  2.488657e+03 -4.791403e-02  4.338467e-02 -3.027801e-02 
 3.340000e+04  2.500231e+03 -4.795531e-02  4.342020e-02 -3.030435e-02 
 3.345000e+04  2.511805e+03 -4.799641e-02  4.345559e-02 -3.033056e-02 
 3.350000e+04  2.523379e+03 -4.803732e-02  4.349081e-02 -3.035667e-02 
 3.355000e+04  2.534953e+03 -4.807804e-02  4.352589e-02 -3.038264e-02 
 3.360000e+04  2.546527e+03 -4.811857e-02  4.356083e-02 -3.040850e-02 
 3.365000e+04  2.558101e+03 -4.815894e-02  4.359562e-02 -3.043424e-02 
 3.370000e+04  2.569675e+03 -4.819915e-02  4.363026e-02 -3.045987e-02 
 3.375000e+04  2.581249e+03 -4.823919e-02  4.366475e-02 -3.048538e-02 
 3.380000e+04  2.592824e+03 -4.827905e-02  4.369910e-02 -3.051078e-02 
 3.385000e+04  2.604398e+03 -4.831873e-02  4.373331e-02 -3.053606e-02 
 3.390000e+04  2.615972e+03 -4.835824e-02  4.376739e-02 -3.056123e-02 
 3.395000e+04  2.627546e+03 -4.839759e-02  4.380136e-02 -3.058630e-02 
 3.400000e+04  2.639120e+03 -4.843677e-02  4.383519e-02 -3.061125e-02 
 3.405000e+04  2.650694e+03 -4.847578e-02  4.386890e-02 -3.063611e-02 
 3.410000e+04  2.662268e+03 -4.851462e-02  4.390246e-02 -3.066085e-02 
 3.415000e+04  2.673842e+03 -4.855328e-02  4.393587e-02 -3.068550e-02 
 3.420000e+04  2.685416e+03 -4.859178e-02  4.396915e-02 -3.071005e-02 
 3.425000e+04  2.696990e+03 -4.863011e-02  4.400230e-02 -3.073451e-02 
 3.430000e+04  2.708564e+03 -4.866827e-02  4.403533e-02 -3.075887e-02 
 3.435000e+04  2.720138e+03 -4.870628e-02  4.406824e-02 -3.078313e-02 
 3.440000e+04  2.731712e+03 -4.874415e-02  4.410103e-02 -3.080732e-02 
 3.445000e+04  2.743287e+03 -4.878187e-02  4.413369e-02 -3.083142e-02 
 3.450000e+04  2.754861e+03 -4.881945e-02  4.416621e-02 -3.085542e-02 
 3.455000e+04  2.766435e+03 -4.885691e-02  4.419861e-02 -3.087935e-02 
 3.460000e+04  2.778009e+03 -4.889423e-02  4.423088e-02 -3.090320e-02 
 3.465000e+04  2.789583e+03 -4.893143e-02  4.426302e-02 -3.092695e-02 
 3.470000e+04  2.801157e+03 -4.896849e-02  4.429505e-02 -3.095062e-02 
 3.475000e+04  2.812731e+03 -4.900544e-02  4.432695e-02 -3.097421e-02 
 3.480000e+04  2.824305e+03 -4.904227e-02  4.435873e-02 -3.099772e-02 
 3.485000e+04  2.835879e+03 -4.907897e-02  4.439039e-02 -3.102114e-02 
 3.490000e+04  2.847453e+03 -4.911555e-02  4.442194e-02 -3.104450e-02 
 3.495000e+04  2.859027e+03 -4.915200e-02  4.445339e-02 -3.106777e-02 
 3.500000e+04  2.870601e+03 -4.918832e-02  4.448474e-02 -3.109098e-02 
 3.505000e+04  2.882175e+03 -4.922450e-02  4.451599e-02 -3.111409e-02 
 3.510000e+04  2.893749e+03 -4.926054e-02  4.454714e-02 -3.113714e-02 
 3.515000e+04  2.905324e+03 -4.929645e-02  4.457820e-02 -3.116011e-02 
 3.520000e+04  2.916898e+03 -4.933222e-02  4.460915e-02 -3.118299e-02 
 3.525000e+04  2.928472e+03 -4.936786e-02  4.463998e-02 -3.120579e-02 
 3.530000e+04  2.940046e+03 -4.940337e-02  4.467073e-02 -3.122851e-02 
 3.535000e+04  2.951620e+03 -4.943876e-02  4.470137e-02 -3.125116e-02 
 3.540000e+04  2.963194e+03 -4.947403e-02  4.473191e-02 -3.127373e-02 
 3.545000e+04  2.974768e+03 -4.950919e-02  4.476234e-02 -3.129622e-02 
 3.550000e+04  2.986342e+03 -4.954423e-02  4.479266e-02 -3.131864e-02 
 3.555000e+04  2.997916e+03 -4.957915e-02  4.482287e-02 -3.134097e-02 
 3.560000e+04  3.009490e+03 -4.961395e-02  4.485296e-02 -3.136322e-02 
 3.565000e+04  3.021064e+03 -4.964863e-02  4.488294e-02 -3.138540e-02 
 3.570000e+04  3.032638e+03 -4.968319e-02  4.491281e-02 -3.140749e-02 
 3.575000e+04  3.044212e+03 -4.971765e-02  4.494256e-02 -3.142950e-02 
 3.580000e+04  3.055787e+03 -4.975199e-02  4.497219e-02 -3.145142e-02 
 3.585000e+04  3.067361e+03 -4.978621e-02  4.500171e-02 -3.147326e-02 
 3.590000e+04  3.078935e+03 -4.982030e-02  4.503110e-02 -3.149503e-02 
 3.595000e+04  3.090509e+03 -4.985428e-02  4.506039e-02 -3.151672e-02 
 3.600000e+04  3.102083e+03 -4.988815e-02  4.508958e-02 -3.153832e-02 
 3.605000e+04  3.113657e+03 -4.992190e-02  4.511867e-02 -3.155985e-02 
 3.610000e+04  3.125231e+03 -4.995554e-02  4.514764e-02 -3.158131e-02 
 3.615000e+04  3.136805e+03 -4.998907e-02  4.517653e-02 -3.160268e-02 
 3.620000e+04  3.148379e+03 -5.002249e-02  4.520531e-02 -3.162399e-02 
 3.625000e+04  3.159953e+03 -5.005580e-02  4.523399e-02 -3.164521e-02 
 3.630000e+04  3.171527e+03 -5.008901e-02  4.526258e-02 -3.166635e-02 
 3.635000e+04  3.183101e+03 -5.012211e-02  4.529109e-02 -3.168741e-02 
 3.640000e+04  3.194675e+03 -5.015510e-02  4.531949e-02 -3.170839e-02 
 3.645000e+04  3.206249e+03 -5.018799e-02  4.534780e-02 -3.172931e-02 
 3.650000e+04  3.217824e+03 -5.022077e-02  4.537601e-02 -3.175016e-02 
 3.655000e+04  3.229398e+03 -5.025345e-02  4.540411e-02 -3.177093e-02 
 3.660000e+04  3.240972e+03 -5.028603e-02  4.543211e-02 -3.179164e-02 
 3.665000e+04  3.252546e+03 -5.031851e-02  4.546000e-02 -3.181228e-02 
 3.670000e+04  3.264120e+03 -5.035090e-02  4.548779e-02 -3.183287e-02 
 3.675000e+04  3.275694e+03 -5.038321e-02  4.551548e-02 -3.185339e-02 
 3.680000e+04  3.287268e+03 -5.041543e-02  4.554308e-02 -3.187385e-02 
 3.685000e+04  3.298842e+03 -5.044756e-02  4.557059e-02 -3.189426e-02 
 3.690000e+04  3.310416e+03 -5.047959e-02  4.559802e-02 -3.191461e-02 
 3.695000e+04  3.321990e+03 -5.051153e-02  4.562536e-02 -3.193491e-02 
 3.700000e+04  3.333564e+03 -5.054337e-02  4.565259e-02 -3.195514e-02 
 3.705000e+04  3.345138e+03 -5.057512e-02  4.567973e-02 -3.197533e-02 
 3.710000e+04  3.356712e+03 -5.060677e-02  4.570678e-02 -3.199545e-02 
 3.715000e+04  3.368287e+03 -5.063833e-02  4.573374e-02 -3.201552e-02 
 3.720000e+04  3.379861e+03 -5.066979e-02  4.576061e-02 -3.203553e-02 
 3.725000e+04  3.391435e+03 -5.070116e-02  4.578740e-02 -3.205547e-02 
 3.730000e+04  3.403009e+03 -5.073244e-02  4.581411e-02 -3.207537e-02 
 3.735000e+04  3.414583e+03 -5.076363e-02  4.584073e-02 -3.209521e-02 
 3.740000e+04  3.426157e+03 -5.079472e-02  4.586727e-02 -3.211498e-02 
 3.745000e+04  3.437731e+03 -5.082571e-02  4.589372e-02 -3.213470e-02 
 3.750000e+04  3.449305e+03 -5.085660e-02  4.592009e-02 -3.215436e-02 
 3.755000e+04  3.460879e+03 -5.088741e-02  4.594639e-02 -3.217396e-02 
 3.760000e+04  3.472453e+03 -5.091814e-02  4.597261e-02 -3.219350e-02 
 3.765000e+04  3.484027e+03 -5.094877e-02  4.599874e-02 -3.221297e-02 
 3.770000e+04  3.495601e+03 -5.097932e-02  4.602479e-02 -3.223239e-02 
 3.775000e+04  3.507175e+03 -5.100979e-02  4.605076e-02 -3.225176e-02 
 3.780000e+04  3.518749e+03 -5.104017e-02  4.607666e-02 -3.227106e-02 
 3.785000e+04  3.530324e+03 -5.107046e-02  4.610249e-02 -3.229030e-02 
 3.790000e+04  3.541898e+03 -5.110066e-02  4.612824e-02 -3.230947e-02 
 3.795000e+04  3.553472e+03 -5.113078e-02  4.615393e-02 -3.232859e-02 
 3.800000e+04  3.565046e+03 -5.116082e-02  4.617956e-02 -3.234765e-02 
 3.805000e+04  3.576620e+03 -5.119077e-02  4.620511e-02 -3.236666e-02 
 3.810000e+04  3.588194e+03 -5.122065e-02  4.623059e-02 -3.238561e-02 
 3.815000e+04  3.599768e+03 -5.125044e-02  4.625600e-02 -3.240450e-02 
 3.820000e+04  3.611342e+03 -5.128014e-02  4.628136e-02 -3.242334e-02 
 3.825000e+04  3.622916e+03 -5.130975e-02  4.630666e-02 -3.244212e-02 
 3.830000e+04  3.634490e+03 -5.133927e-02  4.633189e-02 -3.246083e-02 
 3.835000e+04  3.646064e+03 -5.136871e-02  4.635706e-02 -3.247949e-02 
 3.840000e+04  3.657638e+03 -5.139805e-02  4.638218e-02 -3.249811e-02 
 3.845000e+04  3.669212e+03 -5.142731e-02  4.640722e-02 -3.251668e-02 
 3.850000e+04  3.680787e+03 -5.145649e-02  4.643219e-02 -3.253519e-02 
 3.855000e+04  3.692361e+03 -5.148560e-02  4.645710e-02 -3.255365e-02 
 3.860000e+04  3.703935e+03 -5.151461e-02  4.648194e-02 -3.257207e-02 
 3.865000e+04  3.715509e+03 -5.154354e-02  4.650672e-02 -3.259042e-02 
 3.870000e+04  3.727083e+03 -5.157237e-02  4.653142e-02 -3.260873e-02 
 3.875000e+04  3.738657e+03 -5.160112e-02  4.655607e-02 -3.262699e-02 
 3.880000e+04  3.750231e+03 -5.162980e-02  4.658065e-02 -3.264521e-02 
 3.885000e+04  3.761805e+03 -5.165841e-02  4.660517e-02 -3.266339e-02 
 3.890000e+04  3.773379e+03 -5.168694e-02  4.662966e-02 -3.268153e-02 
 3.895000e+04  3.784953e+03 -5.171539e-02  4.665410e-02 -3.269962e-02 
 3.900000e+04  3.796527e+03 -5.174375e-02  4.667851e-02 -3.271766e-02 
 3.905000e+04  3.808101e+03 -5.177202e-02  4.670288e-02 -3.273567e-02 
 3.910000e+04  3.819675e+03 -5.180022e-02  4.672720e-02 -3.275362e-02 
 3.915000e+04  3.831249e+03 -5.182835e-02  4.675147e-02 -3.277154e-02 
 3.920000e+04  3.842824e+03 -5.185639e-02  4.677569e-02 -3.278942e-02 
 3.925000e+04  3.854398e+03 -5.188436e-02  4.679985e-02 -3.280727e-02 
 3.930000e+04  3.865972e+03 -5.191225e-02  4.682395e-02 -3.282508e-02 
 3.935000e+04  3.877546e+03 -5.194007e-02  4.684800e-02 -3.284285e-02 
 3.940000e+04  3.889120e+03 -5.196783e-02  4.687201e-02 -3.286058e-02 
 3.945000e+04  3.900694e+03 -5.199551e-02  4.689595e-02 -3.287828e-02 
 3.950000e+04  3.912268e+03 -5.202312e-02  4.691985e-02 -3.289594e-02 
 3.955000e+04  3.923842e+03 -5.205067e-02  4.694369e-02 -3.291356e-02 
 3.960000e+04  3.935416e+03 -5.207814e-02  4.696747e-02 -3.293114e-02 
 3.965000e+04  3.946990e+03 -5.210553e-02  4.699119e-02 -3.294868e-02 
 3.970000e+04  3.958564e+03 -5.213285e-02  4.701485e-02 -3.296618e-02 
 3.975000e+04  3.970138e+03 -5.216010e-02  4.703846e-02 -3.298364e-02 
 3.980000e+04  3.981712e+03 -5.218727e-02  4.706201e-02 -3.300106e-02 
 3.985000e+04  3.993287e+03 -5.221436e-02  4.708551e-02 -3.301844e-02 
 3.990000e+04  4.004861e+03 -5.224138e-02  4.710898e-02 -3.303578e-02 
 3.995000e+04  4.016435e+03 -5.226832e-02  4.713239e-02 -3.305307e-02 
 4.000000e+04  4.028009e+03 -5.229518e-02  4.715574e-02 -3.307032e-02 
 4.005000e+04  4.039583e+03 -5.232197e-02  4.717904e-02 -3.308753e-02 
 4.010000e+04  4.051157e+03 -5.234869e-02  4.720230e-02 -3.310471e-02 
 4.015000e+04  4.062731e+03 -5.237533e-02  4.722550e-02 -3.312183e-02 
 4.020000e+04  4.074305e+03 -5.240190e-02  4.724864e-02 -3.313892e-02 
 4.025000e+04  4.085879e+03 -5.242839e-02  4.727173e-02 -3.315596e-02 
 4.030000e+04  4.097453e+03 -5.245481e-02  4.729476e-02 -3.317296e-02 
 4.035000e+04  4.109027e+03 -5.248115e-02  4.731773e-02 -3.318992e-02 
 4.040000e+04  4.120601e+03 -5.250742e-02  4.734063e-02 -3.320683e-02 
 4.045000e+04  4.132175e+03 -5.253362e-02  4.736348e-02 -3.322370e-02 
 4.050000e+04  4.143749e+03 -5.255976e-02  4.738626e-02 -3.324053e-02 
 4.055000e+04  4.155324e+03 -5.258582e-02  4.740899e-02 -3.325732e-02 
 4.060000e+04  4.166898e+03 -5.261183e-02  4.743165e-02 -3.327407e-02 
 4.065000e+04  4.178472e+03 -5.263778e-02  4.745426e-02 -3.329079e-02 
 4.070000e+04  4.190046e+03 -5.266366e-02  4.747681e-02 -3.330747e-02 
 4.075000e+04  4.201620e+03 -5.268948e-02  4.749930e-02 -3.332411e-02 
 4.080000e+04  4.213194e+03 -5.271524e-02  4.752174e-02 -3.334072e-02 
 4.085000e+04  4.224768e+03 -5.274094e-02  4.754414e-02 -3.335729e-02 
 4.090000e+04  4.236342e+03 -5.276657e-02  4.756647e-02 -3.337383e-02 
 4.095000e+04  4.247916e+03 -5.279215e-02  4.758875e-02 -3.339032e-02 
 4.100000e+04  4.259490e+03 -5.281767e-02  4.761096e-02 -3.340679e-02 
 4.105000e+04  4.271064e+03 -5.284314e-02  4.763311e-02 -3.342321e-02 
 4.110000e+04  4.282638e+03 -5.286854e-02  4.765518e-02 -3.343960e-02 
 4.115000e+04  4.294212e+03 -5.289390e-02  4.767720e-02 -3.345595e-02 
 4.120000e+04  4.305787e+03 -5.291920e-02  4.769916e-02 -3.347227e-02 
 4.125000e+04  4.317361e+03 -5.294444e-02  4.772107e-02 -3.348856e-02 
 4.130000e+04  4.328935e+03 -5.296962e-02  4.774293e-02 -3.350482e-02 
 4.135000e+04  4.340509e+03 -5.299475e-02  4.776475e-02 -3.352105e-02 
 4.140000e+04  4.352083e+03 -5.301982e-02  4.778650e-02 -3.353725e-02 
 4.145000e+04  4.363657e+03 -5.304484e-02  4.780819e-02 -3.355341e-02 
 4.150000e+04  4.375231e+03 -5.306981e-02  4.782981e-02 -3.356955e-02 
 4.155000e+04  4.386805e+03 -5.309472e-02  4.785137e-02 -3.358565e-02 
 4.160000e+04  4.398379e+03 -5.311958e-02  4.787286e-02 -3.360173e-02 
 4.165000e+04  4.409953e+03 -5.314439e-02  4.789429e-02 -3.361777e-02 
 4.170000e+04  4.421527e+03 -5.316917e-02  4.791568e-02 -3.363378e-02 
 4.175000e+04  4.433101e+03 -5.319389e-02  4.793702e-02 -3.364976e-02 
 4.180000e+04  4.444675e+03 -5.321856e-02  4.795831e-02 -3.366571e-02 
 4.185000e+04  4.456249e+03 -5.324319e-02  4.797956e-02 -3.368163e-02 
 4.190000e+04  4.467824e+03 -5.326776e-02  4.800077e-02 -3.369752e-02 
 4.195000e+04  4.479398e+03 -5.329229e-02  4.802194e-02 -3.371337e-02 
 4.200000e+04  4.490972e+03 -5.331677e-02  4.804307e-02 -3.372920e-02 
 4.205000e+04  4.502546e+03 -5.334122e-02  4.806415e-02 -3.374500e-02 
 4.210000e+04  4.514120e+03 -5.336562e-02  4.808518e-02 -3.376076e-02 
 4.215000e+04  4.525694e+03 -5.338998e-02  4.810616e-02 -3.377649e-02 
 4.220000e+04  4.537268e+03 -5.341428e-02  4.812709e-02 -3.379218e-02 
 4.225000e+04  4.548842e+03 -5.343853e-02  4.814797e-02 -3.380784e-02 
 4.230000e+04  4.560416e+03 -5.346273e-02  4.816879e-02 -3.382346e-02 
 4.235000e+04  4.571990e+03 -5.348689e-02  4.818957e-02 -3.383904e-02 
 4.240000e+04  4.583564e+03 -5.351100e-02  4.821029e-02 -3.385460e-02 
 4.245000e+04  4.595138e+03 -5.353506e-02  4.823097e-02 -3.387012e-02 
 4.250000e+04  4.606712e+03 -5.355908e-02  4.825161e-02 -3.388561e-02 
 4.255000e+04  4.618287e+03 -5.358305e-02  4.827220e-02 -3.390107e-02 
 4.260000e+04  4.629861e+03 -5.360697e-02  4.829276e-02 -3.391650e-02 
 4.265000e+04  4.641435e+03 -5.363086e-02  4.831328e-02 -3.393189e-02 
 4.270000e+04  4.653009e+03 -5.365469e-02  4.833376e-02 -3.394726e-02 
 4.275000e+04  4.664583e+03 -5.367849e-02  4.835420e-02 -3.396261e-02 
 4.280000e+04  4.676157e+03 -5.370224e-02  4.837459e-02 -3.397793e-02 
 4.285000e+04  4.687731e+03 -5.372594e-02  4.839494e-02 -3.399322e-02 
 4.290000e+04  4.699305e+03 -5.374961e-02  4.841526e-02 -3.400847e-02 
 4.295000e+04  4.710879e+03 -5.377324e-02  4.843554e-02 -3.402371e-02 
 4.300000e+04  4.722453e+03 -5.379682e-02  4.845578e-02 -3.403891e-02 
 4.305000e+04  4.734027e+03 -5.382037e-02  4.847597e-02 -3.405408e-02 
 4.310000e+04  4.745601e+03 -5.384388e-02  4.849612e-02 -3.406922e-02 
 4.315000e+04  4.757175e+03 -5.386735e-02  4.851622e-02 -3.408434e-02 
 4.320000e+04  4.768749e+03 -5.389076e-02  4.853628e-02 -3.409942e-02 
 4.325000e+04  4.780324e+03 -5.391414e-02  4.855630e-02 -3.411448e-02 
 4.330000e+04  4.791898e+03 -5.393746e-02  4.857626e-02 -3.412950e-02 
 4.335000e+04  4.803472e+03 -5.396075e-02  4.859618e-02 -3.414450e-02 
 4.340000e+04  4.815046e+03 -5.398400e-02  4.861605e-02 -3.415946e-02 
 4.345000e+04  4.826620e+03 -5.400720e-02  4.863589e-02 -3.417439e-02 
 4.350000e+04  4.838194e+03 -5.403036e-02  4.865569e-02 -3.418930e-02 
 4.355000e+04  4.849768e+03 -5.405346e-02  4.867546e-02 -3.420417e-02 
 4.360000e+04  4.861342e+03 -5.407652e-02  4.869519e-02 -3.421901e-02 
 4.365000e+04  4.872916e+03 -5.409952e-02  4.871489e-02 -3.423382e-02 
 4.370000e+04  4.884490e+03 -5.412248e-02  4.873455e-02 -3.424859e-02 
 4.375000e+04  4.896064e+03 -5.414541e-02  4.875418e-02 -3.426333e-02 
 4.380000e+04  4.907638e+03 -5.416829e-02  4.877377e-02 -3.427804e-02 
 4.385000e+04  4.919212e+03 -5.419113e-02  4.879333e-02 -3.429273e-02 
 4.390000e+04  4.930787e+03 -5.421393e-02  4.881285e-02 -3.430739e-02 
 4.395000e+04  4.942361e+03 -5.423670e-02  4.883235e-02 -3.432201e-02 
 4.400000e+04  4.953935e+03 -5.425942e-02  4.885180e-02 -3.433661e-02 
 4.405000e+04  4.965509e+03 -5.428211e-02  4.887122e-02 -3.435118e-02 
 4.410000e+04  4.977083e+03 -5.430477e-02  4.889060e-02 -3.436573e-02 
 4.415000e+04  4.988657e+03 -5.432738e-02  4.890993e-02 -3.438024e-02 
 4.420000e+04  5.000231e+03 -5.434996e-02  4.892923e-02 -3.439472e-02 
 4.425000e+04  5.011805e+03 -5.437251e-02  4.894848e-02 -3.440917e-02 
 4.430000e+04  5.023379e+03 -5.439502e-02  4.896770e-02 -3.442360e-02 
 4.435000e+04  5.034953e+03 -5.441748e-02  4.898689e-02 -3.443800e-02 
 4.440000e+04  5.046527e+03 -5.443991e-02  4.900605e-02 -3.445237e-02 
 4.445000e+04  5.058101e+03 -5.446229e-02  4.902518e-02 -3.446672e-02 
 4.450000e+04  5.069675e+03 -5.448464e-02  4.904429e-02 -3.448105e-02 
 4.455000e+04  5.081249e+03 -5.450694e-02  4.906337e-02 -3.449534e-02 
 4.460000e+04  5.092824e+03 -5.452919e-02  4.908241e-02 -3.450961e-02 
 4.465000e+04  5.104398e+03 -5.455140e-02  4.910142e-02 -3.452385e-02 
 4.470000e+04  5.115972e+03 -5.457357e-02  4.912039e-02 -3.453806e-02 
 4.475000e+04  5.127546e+03 -5.459570e-02  4.913933e-02 -3.455224e-02 
 4.480000e+04  5.139120e+03 -5.461779e-02  4.915823e-02 -3.456640e-02 
 4.485000e+04  5.150694e+03 -5.463984e-02  4.917711e-02 -3.458052e-02 
 4.490000e+04  5.162268e+03 -5.466184e-02  4.919596e-02 -3.459462e-02 
 4.495000e+04  5.173842e+03 -5.468379e-02  4.921480e-02 -3.460869e-02 
 4.500000e+04  5.185416e+03 -5.470571e-02  4.923361e-02 -3.462273e-02 
 4.505000e+04  5.196990e+03 -5.472759e-02  4.925239e-02 -3.463675e-02 
 4.510000e+04  5.208564e+03 -5.474944e-02  4.927114e-02 -3.465075e-02 
 4.515000e+04  5.220138e+03 -5.477125e-02  4.928985e-02 -3.466472e-02 
 4.520000e+04  5.231712e+03 -5.479301e-02  4.930853e-02 -3.467867e-02 
 4.525000e+04  5.243287e+03 -5.481475e-02  4.932717e-02 -3.469259e-02 
 4.530000e+04  5.254861e+03 -5.483643e-02  4.934579e-02 -3.470648e-02 
 4.535000e+04  5.266435e+03 -5.485808e-02  4.936437e-02 -3.472034e-02 
 4.540000e+04  5.278009e+03 -5.487968e-02  4.938292e-02 -3.473418e-02 
 4.545000e+04  5.289583e+03 -5.490125e-02  4.940144e-02 -3.474799e-02 
