         Step [creep.tim... Z Displace... Z Displace... X Displace... 
------------- ------------- ------------- ------------- ------------- 
 5.250000e+03  1.276223e-07 -4.629353e-03  4.524540e-03 -2.433365e-03 
 5.300000e+03  3.886505e-06 -4.629541e-03  4.524632e-03 -2.433554e-03 
 5.350000e+03  3.327760e-05 -4.630264e-03  4.524728e-03 -2.434011e-03 
 5.400000e+03  2.221697e-04 -4.630442e-03  4.524856e-03 -2.434071e-03 
 5.450000e+03  9.847822e-04 -4.631028e-03  4.525578e-03 -2.435034e-03 
 5.500000e+03  2.409538e-03 -4.633246e-03  4.527568e-03 -2.437453e-03 
 5.550000e+03  4.738202e-03 -4.637733e-03  4.531831e-03 -2.441894e-03 
 5.600000e+03  7.169434e-03 -4.643163e-03  4.537647e-03 -2.446679e-03 
 5.650000e+03  1.024946e-02 -4.650857e-03  4.546643e-03 -2.453244e-03 
 5.700000e+03  1.417797e-02 -4.661089e-03  4.558557e-03 -2.461267e-03 
 5.750000e+03  1.833620e-02 -4.670506e-03  4.568696e-03 -2.468330e-03 
 5.800000e+03  2.249443e-02 -4.678309e-03  4.576495e-03 -2.474507e-03 
 5.850000e+03  2.665266e-02 -4.685989e-03  4.584099e-03 -2.481152e-03 
 5.900000e+03  3.081089e-02 -4.694157e-03  4.592548e-03 -2.488412e-03 
 5.950000e+03  3.496912e-02 -4.702804e-03  4.601798e-03 -2.496404e-03 
 6.000000e+03  3.959435e-02 -4.713022e-03  4.612211e-03 -2.505967e-03 
 6.050000e+03  4.530715e-02 -4.726154e-03  4.624664e-03 -2.516862e-03 
 6.100000e+03  5.115820e-02 -4.738456e-03  4.636067e-03 -2.525863e-03 
 6.150000e+03  5.700925e-02 -4.749487e-03  4.646411e-03 -2.533528e-03 
 6.200000e+03  6.286030e-02 -4.760081e-03  4.656932e-03 -2.541348e-03 
 6.250000e+03  6.871135e-02 -4.771129e-03  4.668407e-03 -2.549930e-03 
 6.300000e+03  7.456239e-02 -4.782837e-03  4.680628e-03 -2.559496e-03 
 6.350000e+03  8.084252e-02 -4.795204e-03  4.693686e-03 -2.570632e-03 
 6.400000e+03  8.838905e-02 -4.809028e-03  4.707976e-03 -2.583521e-03 
 6.450000e+03  9.633979e-02 -4.822358e-03  4.721270e-03 -2.595282e-03 
 6.500000e+03  1.045728e-01 -4.835524e-03  4.734243e-03 -2.605874e-03 
 6.550000e+03  1.128058e-01 -4.849033e-03  4.747460e-03 -2.615974e-03 
 6.600000e+03  1.210388e-01 -4.863053e-03  4.761585e-03 -2.626372e-03 
 6.650000e+03  1.292718e-01 -4.877509e-03  4.776937e-03 -2.637606e-03 
 6.700000e+03  1.375049e-01 -4.891826e-03  4.792955e-03 -2.649388e-03 
 6.750000e+03  1.459454e-01 -4.905363e-03  4.807901e-03 -2.661142e-03 
 6.800000e+03  1.553853e-01 -4.919203e-03  4.822283e-03 -2.673362e-03 
 6.850000e+03  1.649161e-01 -4.932663e-03  4.835806e-03 -2.685128e-03 
 6.900000e+03  1.744468e-01 -4.946033e-03  4.849321e-03 -2.696397e-03 
 6.950000e+03  1.839776e-01 -4.959765e-03  4.863533e-03 -2.707531e-03 
 7.000000e+03  1.935083e-01 -4.974388e-03  4.878589e-03 -2.718784e-03 
 7.050000e+03  2.030486e-01 -4.989906e-03  4.894078e-03 -2.730077e-03 
 7.100000e+03  2.131859e-01 -5.005719e-03  4.909510e-03 -2.741557e-03 
 7.150000e+03  2.238407e-01 -5.020341e-03  4.924338e-03 -2.753092e-03 
 7.200000e+03  2.348737e-01 -5.034433e-03  4.939109e-03 -2.765059e-03 
 7.250000e+03  2.459068e-01 -5.048284e-03  4.953659e-03 -2.777067e-03 
 7.300000e+03  2.569398e-01 -5.062390e-03  4.968186e-03 -2.788969e-03 
 7.350000e+03  2.685134e-01 -5.077899e-03  4.983736e-03 -2.801483e-03 
 7.400000e+03  2.812490e-01 -5.095587e-03  5.001106e-03 -2.814959e-03 
 7.450000e+03  2.940211e-01 -5.112679e-03  5.017735e-03 -2.827559e-03 
 7.500000e+03  3.071636e-01 -5.128910e-03  5.033994e-03 -2.839736e-03 
 7.550000e+03  3.205744e-01 -5.145070e-03  5.050286e-03 -2.852133e-03 
 7.600000e+03  3.339851e-01 -5.160984e-03  5.066682e-03 -2.864646e-03 
 7.650000e+03  3.473958e-01 -5.176447e-03  5.083043e-03 -2.877371e-03 
 7.700000e+03  3.611444e-01 -5.192300e-03  5.099792e-03 -2.890666e-03 
 7.750000e+03  3.762994e-01 -5.209657e-03  5.118061e-03 -2.905214e-03 
 7.800000e+03  3.918240e-01 -5.226985e-03  5.135699e-03 -2.919062e-03 
 7.850000e+03  4.073485e-01 -5.244016e-03  5.152534e-03 -2.931922e-03 
 7.900000e+03  4.228731e-01 -5.261115e-03  5.169384e-03 -2.944569e-03 
 7.950000e+03  4.383977e-01 -5.278205e-03  5.186396e-03 -2.957127e-03 
 8.000000e+03  4.539223e-01 -5.294905e-03  5.203368e-03 -2.969795e-03 
 8.050000e+03  4.695400e-01 -5.311342e-03  5.220254e-03 -2.982820e-03 
 8.100000e+03  4.864765e-01 -5.328690e-03  5.238173e-03 -2.997071e-03 
 8.150000e+03  5.043797e-01 -5.346156e-03  5.256385e-03 -3.011515e-03 
 8.200000e+03  5.223514e-01 -5.363348e-03  5.273982e-03 -3.025214e-03 
 8.250000e+03  5.403230e-01 -5.380739e-03  5.291534e-03 -3.038495e-03 
 8.300000e+03  5.582946e-01 -5.398490e-03  5.309125e-03 -3.051566e-03 
 8.350000e+03  5.762663e-01 -5.416381e-03  5.326552e-03 -3.064546e-03 
 8.400000e+03  5.946153e-01 -5.434126e-03  5.344136e-03 -3.077839e-03 
 8.450000e+03  6.143913e-01 -5.452504e-03  5.362647e-03 -3.092086e-03 
 8.500000e+03  6.342050e-01 -5.469992e-03  5.380737e-03 -3.106021e-03 
 8.550000e+03  6.540188e-01 -5.486962e-03  5.398330e-03 -3.119700e-03 
 8.600000e+03  6.743873e-01 -5.504455e-03  5.416243e-03 -3.133551e-03 
 8.650000e+03  6.955454e-01 -5.522698e-03  5.435028e-03 -3.147747e-03 
 8.700000e+03  7.173900e-01 -5.541545e-03  5.454401e-03 -3.162148e-03 
 8.750000e+03  7.396497e-01 -5.560647e-03  5.473766e-03 -3.176404e-03 
 8.800000e+03  7.634123e-01 -5.580862e-03  5.493739e-03 -3.191190e-03 
 8.850000e+03  7.874960e-01 -5.600985e-03  5.513272e-03 -3.205938e-03 
 8.900000e+03  8.115797e-01 -5.620243e-03  5.532418e-03 -3.220607e-03 
 8.950000e+03  8.356634e-01 -5.638766e-03  5.551375e-03 -3.235251e-03 
 9.000000e+03  8.598194e-01 -5.657160e-03  5.570442e-03 -3.250023e-03 
 9.050000e+03  8.851073e-01 -5.676428e-03  5.590467e-03 -3.265370e-03 
 9.100000e+03  9.108757e-01 -5.696054e-03  5.610593e-03 -3.280338e-03 
 9.150000e+03  9.391286e-01 -5.717514e-03  5.632189e-03 -3.295946e-03 
 9.200000e+03  9.684025e-01 -5.739536e-03  5.654069e-03 -3.311765e-03 
 9.250000e+03  9.976764e-01 -5.761128e-03  5.675292e-03 -3.327485e-03 
 9.300000e+03  1.026950e+00 -5.782088e-03  5.695918e-03 -3.343248e-03 
 9.350000e+03  1.056224e+00 -5.802597e-03  5.716308e-03 -3.359065e-03 
 9.400000e+03  1.085498e+00 -5.822788e-03  5.736658e-03 -3.374873e-03 
 9.450000e+03  1.114801e+00 -5.842501e-03  5.756916e-03 -3.390391e-03 
 9.500000e+03  1.146277e+00 -5.863307e-03  5.778411e-03 -3.406405e-03 
 9.550000e+03  1.179713e+00 -5.885468e-03  5.801091e-03 -3.422879e-03 
 9.600000e+03  1.213601e+00 -5.907931e-03  5.823902e-03 -3.439191e-03 
 9.650000e+03  1.247489e+00 -5.930147e-03  5.846162e-03 -3.455232e-03 
 9.700000e+03  1.281378e+00 -5.952056e-03  5.867887e-03 -3.471243e-03 
 9.750000e+03  1.315266e+00 -5.973603e-03  5.889088e-03 -3.487314e-03 
 9.800000e+03  1.349154e+00 -5.994490e-03  5.909677e-03 -3.503313e-03 
 9.850000e+03  1.383551e+00 -6.014955e-03  5.930182e-03 -3.519285e-03 
 9.900000e+03  1.419845e+00 -6.036402e-03  5.951852e-03 -3.535827e-03 
 9.950000e+03  1.457207e+00 -6.058451e-03  5.974439e-03 -3.552491e-03 
 1.000000e+04  1.494606e+00 -6.080560e-03  5.997058e-03 -3.568566e-03 
 1.005000e+04  1.534620e+00 -6.104232e-03  6.020899e-03 -3.585363e-03 
 1.010000e+04  1.575811e+00 -6.128406e-03  6.044870e-03 -3.602512e-03 
 1.015000e+04  1.617003e+00 -6.151920e-03  6.067895e-03 -3.619622e-03 
 1.020000e+04  1.658194e+00 -6.174484e-03  6.090141e-03 -3.636712e-03 
 1.025000e+04  1.699385e+00 -6.196537e-03  6.112129e-03 -3.653774e-03 
 1.030000e+04  1.741936e+00 -6.219164e-03  6.134861e-03 -3.671212e-03 
 1.035000e+04  1.785187e+00 -6.242033e-03  6.158012e-03 -3.688486e-03 
 1.040000e+04  1.830951e+00 -6.266156e-03  6.182470e-03 -3.706127e-03 
 1.045000e+04  1.878921e+00 -6.291260e-03  6.208145e-03 -3.724159e-03 
 1.050000e+04  1.928989e+00 -6.317089e-03  6.234511e-03 -3.742675e-03 
 1.055000e+04  1.979058e+00 -6.342385e-03  6.259974e-03 -3.760982e-03 
 1.060000e+04  2.029126e+00 -6.367282e-03  6.284664e-03 -3.779253e-03 
 1.065000e+04  2.079194e+00 -6.391889e-03  6.308835e-03 -3.797601e-03 
 1.070000e+04  2.129262e+00 -6.415952e-03  6.332598e-03 -3.815851e-03 
 1.075000e+04  2.180282e+00 -6.439935e-03  6.356529e-03 -3.834108e-03 
 1.080000e+04  2.234799e+00 -6.465481e-03  6.382128e-03 -3.853134e-03 
 1.085000e+04  2.289999e+00 -6.491336e-03  6.408072e-03 -3.871797e-03 
 1.090000e+04  2.345200e+00 -6.517048e-03  6.433867e-03 -3.889913e-03 
 1.095000e+04  2.401449e+00 -6.542956e-03  6.459801e-03 -3.908144e-03 
 1.100000e+04  2.459409e+00 -6.569290e-03  6.486078e-03 -3.926915e-03 
 1.105000e+04  2.517369e+00 -6.595021e-03  6.511478e-03 -3.945763e-03 
 1.110000e+04  2.576779e+00 -6.620640e-03  6.536694e-03 -3.965056e-03 
 1.115000e+04  2.637637e+00 -6.646492e-03  6.562179e-03 -3.984564e-03 
 1.120000e+04  2.698495e+00 -6.672228e-03  6.587653e-03 -4.003623e-03 
 1.125000e+04  2.759354e+00 -6.697837e-03  6.613128e-03 -4.022179e-03 
 1.130000e+04  2.821673e+00 -6.723907e-03  6.639211e-03 -4.040657e-03 
 1.135000e+04  2.887363e+00 -6.751174e-03  6.666611e-03 -4.059904e-03 
 1.140000e+04  2.954459e+00 -6.778468e-03  6.694272e-03 -4.079426e-03 
 1.145000e+04  3.021556e+00 -6.805112e-03  6.721193e-03 -4.098825e-03 
 1.150000e+04  3.090665e+00 -6.832123e-03  6.748137e-03 -4.118713e-03 
 1.155000e+04  3.161116e+00 -6.859404e-03  6.775081e-03 -4.138934e-03 
 1.160000e+04  3.231567e+00 -6.886273e-03  6.801647e-03 -4.158879e-03 
 1.165000e+04  3.303357e+00 -6.913378e-03  6.828539e-03 -4.178727e-03 
 1.170000e+04  3.378440e+00 -6.941668e-03  6.856664e-03 -4.199042e-03 
 1.175000e+04  3.456113e+00 -6.970743e-03  6.885734e-03 -4.219627e-03 
 1.180000e+04  3.533785e+00 -6.999395e-03  6.914503e-03 -4.239853e-03 
 1.185000e+04  3.612312e+00 -7.027943e-03  6.943022e-03 -4.260101e-03 
 1.190000e+04  3.693868e+00 -7.057129e-03  6.972105e-03 -4.281152e-03 
 1.195000e+04  3.775424e+00 -7.085738e-03  7.000549e-03 -4.302163e-03 
 1.200000e+04  3.857959e+00 -7.114156e-03  7.028672e-03 -4.323227e-03 
 1.205000e+04  3.945219e+00 -7.144063e-03  7.058111e-03 -4.345117e-03 
 1.210000e+04  4.035135e+00 -7.174928e-03  7.088337e-03 -4.367135e-03 
 1.215000e+04  4.125050e+00 -7.205569e-03  7.118347e-03 -4.388622e-03 
 1.220000e+04  4.214966e+00 -7.235749e-03  7.148086e-03 -4.409724e-03 
 1.225000e+04  4.308388e+00 -7.266622e-03  7.178772e-03 -4.431535e-03 
 1.230000e+04  4.402799e+00 -7.297287e-03  7.209471e-03 -4.453502e-03 
 1.235000e+04  4.497211e+00 -7.327264e-03  7.239466e-03 -4.475288e-03 
 1.240000e+04  4.595224e+00 -7.358003e-03  7.269981e-03 -4.497719e-03 
 1.245000e+04  4.699312e+00 -7.390494e-03  7.302030e-03 -4.521293e-03 
 1.250000e+04  4.803401e+00 -7.422645e-03  7.333690e-03 -4.544441e-03 
 1.255000e+04  4.907489e+00 -7.454378e-03  7.364970e-03 -4.567023e-03 
 1.260000e+04  5.011577e+00 -7.485929e-03  7.396097e-03 -4.589260e-03 
 1.265000e+04  5.115666e+00 -7.517276e-03  7.427143e-03 -4.611275e-03 
 1.270000e+04  5.219754e+00 -7.548034e-03  7.457789e-03 -4.633024e-03 
 1.275000e+04  5.326653e+00 -7.579042e-03  7.488707e-03 -4.655191e-03 
 1.280000e+04  5.441411e+00 -7.611935e-03  7.521528e-03 -4.678939e-03 
 1.285000e+04  5.556168e+00 -7.644398e-03  7.553812e-03 -4.702497e-03 
 1.290000e+04  5.671270e+00 -7.676526e-03  7.585593e-03 -4.725747e-03 
 1.295000e+04  5.791765e+00 -7.710047e-03  7.618559e-03 -4.749640e-03 
 1.300000e+04  5.912260e+00 -7.743604e-03  7.651322e-03 -4.773110e-03 
 1.305000e+04  6.032756e+00 -7.776829e-03  7.683678e-03 -4.796194e-03 
 1.310000e+04  6.153372e+00 -7.809513e-03  7.715593e-03 -4.819027e-03 
 1.315000e+04  6.279892e+00 -7.843270e-03  7.748868e-03 -4.842946e-03 
 1.320000e+04  6.406412e+00 -7.876482e-03  7.781849e-03 -4.866815e-03 
 1.325000e+04  6.534324e+00 -7.909488e-03  7.814626e-03 -4.890597e-03 
 1.330000e+04  6.670358e+00 -7.944307e-03  7.848998e-03 -4.915496e-03 
 1.335000e+04  6.809847e+00 -7.979990e-03  7.883987e-03 -4.940730e-03 
 1.340000e+04  6.949335e+00 -8.015299e-03  7.918525e-03 -4.965555e-03 
 1.345000e+04  7.089382e+00 -8.050233e-03  7.952679e-03 -4.990062e-03 
 1.350000e+04  7.235844e+00 -8.086513e-03  7.988177e-03 -5.015456e-03 
 1.355000e+04  7.382307e+00 -8.122352e-03  8.023375e-03 -5.040669e-03 
 1.360000e+04  7.528770e+00 -8.157518e-03  8.058070e-03 -5.065616e-03 
 1.365000e+04  7.679480e+00 -8.193048e-03  8.093333e-03 -5.091037e-03 
 1.370000e+04  7.838188e+00 -8.230201e-03  8.130216e-03 -5.117590e-03 
 1.375000e+04  7.999663e+00 -8.267628e-03  8.167336e-03 -5.144303e-03 
 1.380000e+04  8.161138e+00 -8.304623e-03  8.203918e-03 -5.170526e-03 
 1.385000e+04  8.327781e+00 -8.342652e-03  8.241270e-03 -5.197190e-03 
 1.390000e+04  8.497330e+00 -8.381204e-03  8.278851e-03 -5.223980e-03 
 1.395000e+04  8.666879e+00 -8.419150e-03  8.315869e-03 -5.250468e-03 
 1.400000e+04  8.836428e+00 -8.456491e-03  8.352310e-03 -5.276735e-03 
 1.405000e+04  9.005977e+00 -8.493375e-03  8.388503e-03 -5.302907e-03 
 1.410000e+04  9.175526e+00 -8.529818e-03  8.424407e-03 -5.328859e-03 
 1.415000e+04  9.347279e+00 -8.566329e-03  8.460337e-03 -5.354785e-03 
 1.420000e+04  9.531359e+00 -8.605246e-03  8.498499e-03 -5.382170e-03 
 1.425000e+04  9.725390e+00 -8.646106e-03  8.538363e-03 -5.410636e-03 
 1.430000e+04  9.921664e+00 -8.686978e-03  8.578137e-03 -5.439052e-03 
 1.435000e+04  1.011794e+01 -8.727342e-03  8.617263e-03 -5.467129e-03 
 1.440000e+04  1.031421e+01 -8.767256e-03  8.655887e-03 -5.494957e-03 
 1.445000e+04  1.051049e+01 -8.806654e-03  8.694253e-03 -5.522661e-03 
 1.450000e+04  1.070676e+01 -8.845332e-03  8.732193e-03 -5.550156e-03 
 1.455000e+04  1.090304e+01 -8.883437e-03  8.769813e-03 -5.577259e-03 
 1.460000e+04  1.110814e+01 -8.923072e-03  8.808986e-03 -5.605284e-03 
 1.465000e+04  1.131423e+01 -8.962685e-03  8.848094e-03 -5.633086e-03 
 1.470000e+04  1.152073e+01 -9.001979e-03  8.886764e-03 -5.660510e-03 
 1.475000e+04  1.173777e+01 -9.042951e-03  8.926886e-03 -5.689000e-03 
 1.480000e+04  1.196498e+01 -9.085550e-03  8.968334e-03 -5.718644e-03 
 1.485000e+04  1.219220e+01 -9.127519e-03  9.009088e-03 -5.748074e-03 
 1.490000e+04  1.241941e+01 -9.168834e-03  9.049272e-03 -5.777240e-03 
 1.495000e+04  1.264662e+01 -9.209749e-03  9.089285e-03 -5.806172e-03 
 1.500000e+04  1.287383e+01 -9.250283e-03  9.129112e-03 -5.834792e-03 
 1.505000e+04  1.310104e+01 -9.290461e-03  9.168600e-03 -5.862987e-03 
 1.510000e+04  1.333832e+01 -9.332118e-03  9.209452e-03 -5.892036e-03 
 1.515000e+04  1.358882e+01 -9.375976e-03  9.252209e-03 -5.922400e-03 
 1.520000e+04  1.383932e+01 -9.419372e-03  9.294269e-03 -5.952466e-03 
 1.525000e+04  1.408982e+01 -9.462190e-03  9.335602e-03 -5.982257e-03 
 1.530000e+04  1.434033e+01 -9.504572e-03  9.376417e-03 -6.011877e-03 
 1.535000e+04  1.459083e+01 -9.546543e-03  9.416907e-03 -6.041332e-03 
 1.540000e+04  1.484133e+01 -9.587928e-03  9.457099e-03 -6.070489e-03 
 1.545000e+04  1.509358e+01 -9.629122e-03  9.497344e-03 -6.099450e-03 
 1.550000e+04  1.535661e+01 -9.671869e-03  9.539212e-03 -6.129274e-03 
 1.555000e+04  1.562621e+01 -9.715443e-03  9.581904e-03 -6.159535e-03 
 1.560000e+04  1.590239e+01 -9.759594e-03  9.624971e-03 -6.190178e-03 
 1.565000e+04  1.618658e+01 -9.804611e-03  9.668670e-03 -6.221411e-03 
 1.570000e+04  1.647656e+01 -9.850173e-03  9.712699e-03 -6.253085e-03 
 1.575000e+04  1.676655e+01 -9.895147e-03  9.756080e-03 -6.284583e-03 
 1.580000e+04  1.705653e+01 -9.939549e-03  9.798913e-03 -6.315755e-03 
 1.585000e+04  1.734652e+01 -9.983536e-03  9.841588e-03 -6.346645e-03 
 1.590000e+04  1.763651e+01 -1.002724e-02  9.884200e-03 -6.377218e-03 
 1.595000e+04  1.792649e+01 -1.007052e-02  9.926555e-03 -6.407349e-03 
 1.600000e+04  1.823739e+01 -1.011656e-02  9.971571e-03 -6.439292e-03 
 1.605000e+04  1.855710e+01 -1.016362e-02  1.001740e-02 -6.471880e-03 
 1.610000e+04  1.887681e+01 -1.021025e-02  1.006254e-02 -6.504218e-03 
 1.615000e+04  1.919652e+01 -1.025631e-02  1.010695e-02 -6.536303e-03 
 1.620000e+04  1.952934e+01 -1.030381e-02  1.015260e-02 -6.569506e-03 
 1.625000e+04  1.986503e+01 -1.035137e-02  1.019830e-02 -6.602732e-03 
 1.630000e+04  2.020073e+01 -1.039838e-02  1.024370e-02 -6.635589e-03 
 1.635000e+04  2.054012e+01 -1.044545e-02  1.028930e-02 -6.668332e-03 
 1.640000e+04  2.089260e+01 -1.049404e-02  1.033651e-02 -6.702009e-03 
 1.645000e+04  2.124508e+01 -1.054221e-02  1.038339e-02 -6.735371e-03 
 1.650000e+04  2.160320e+01 -1.059060e-02  1.043039e-02 -6.768941e-03 
 1.655000e+04  2.197589e+01 -1.064054e-02  1.047871e-02 -6.803636e-03 
 1.660000e+04  2.236450e+01 -1.069219e-02  1.052841e-02 -6.839585e-03 
 1.665000e+04  2.275311e+01 -1.074325e-02  1.057750e-02 -6.875240e-03 
 1.670000e+04  2.314172e+01 -1.079374e-02  1.062612e-02 -6.910490e-03 
 1.675000e+04  2.353033e+01 -1.084389e-02  1.067450e-02 -6.945364e-03 
 1.680000e+04  2.391894e+01 -1.089366e-02  1.072265e-02 -6.979880e-03 
 1.685000e+04  2.430755e+01 -1.094288e-02  1.077042e-02 -7.014044e-03 
 1.690000e+04  2.471131e+01 -1.099353e-02  1.081964e-02 -7.049216e-03 
 1.695000e+04  2.513568e+01 -1.104642e-02  1.087093e-02 -7.085909e-03 
 1.700000e+04  2.556412e+01 -1.109931e-02  1.092205e-02 -7.122684e-03 
 1.705000e+04  2.599256e+01 -1.115166e-02  1.097240e-02 -7.159125e-03 
 1.710000e+04  2.643471e+01 -1.120528e-02  1.102382e-02 -7.196414e-03 
 1.715000e+04  2.688458e+01 -1.125947e-02  1.107578e-02 -7.234007e-03 
 1.720000e+04  2.733444e+01 -1.131310e-02  1.112723e-02 -7.271206e-03 
 1.725000e+04  2.778431e+01 -1.136620e-02  1.117827e-02 -7.307990e-03 
 1.730000e+04  2.825126e+01 -1.142089e-02  1.123102e-02 -7.345854e-03 
 1.735000e+04  2.872362e+01 -1.147574e-02  1.128399e-02 -7.383843e-03 
 1.740000e+04  2.919598e+01 -1.153003e-02  1.133635e-02 -7.421437e-03 
 1.745000e+04  2.969054e+01 -1.158637e-02  1.139056e-02 -7.460508e-03 
 1.750000e+04  3.018651e+01 -1.164247e-02  1.144436e-02 -7.499435e-03 
 1.755000e+04  3.068249e+01 -1.169800e-02  1.149758e-02 -7.537994e-03 
 1.760000e+04  3.118590e+01 -1.175383e-02  1.155098e-02 -7.576702e-03 
 1.765000e+04  3.170668e+01 -1.181121e-02  1.160590e-02 -7.616408e-03 
 1.770000e+04  3.222745e+01 -1.186808e-02  1.166053e-02 -7.655793e-03 
 1.775000e+04  3.274822e+01 -1.192430e-02  1.171469e-02 -7.694719e-03 
 1.780000e+04  3.328723e+01 -1.198202e-02  1.177028e-02 -7.734648e-03 
 1.785000e+04  3.385974e+01 -1.204293e-02  1.182886e-02 -7.776795e-03 
 1.790000e+04  3.443389e+01 -1.210330e-02  1.188694e-02 -7.818723e-03 
 1.795000e+04  3.500805e+01 -1.216307e-02  1.194427e-02 -7.860236e-03 
 1.800000e+04  3.561033e+01 -1.222540e-02  1.200384e-02 -7.903372e-03 
 1.805000e+04  3.621319e+01 -1.228736e-02  1.206299e-02 -7.946213e-03 
 1.810000e+04  3.681605e+01 -1.234864e-02  1.212148e-02 -7.988581e-03 
 1.815000e+04  3.743459e+01 -1.241087e-02  1.218106e-02 -8.031604e-03 
 1.820000e+04  3.806759e+01 -1.247410e-02  1.224175e-02 -8.075323e-03 
 1.825000e+04  3.870060e+01 -1.253676e-02  1.230184e-02 -8.118633e-03 
 1.830000e+04  3.934753e+01 -1.260014e-02  1.236259e-02 -8.162457e-03 
 1.835000e+04  4.004010e+01 -1.266752e-02  1.242699e-02 -8.209044e-03 
 1.840000e+04  4.073798e+01 -1.273482e-02  1.249124e-02 -8.255599e-03 
 1.845000e+04  4.143587e+01 -1.280143e-02  1.255471e-02 -8.301612e-03 
 1.850000e+04  4.213376e+01 -1.286751e-02  1.261757e-02 -8.347187e-03 
 1.855000e+04  4.286445e+01 -1.293618e-02  1.268291e-02 -8.394534e-03 
 1.860000e+04  4.359723e+01 -1.300433e-02  1.274794e-02 -8.441542e-03 
 1.865000e+04  4.433001e+01 -1.307173e-02  1.281233e-02 -8.488084e-03 
 1.870000e+04  4.509818e+01 -1.314182e-02  1.287926e-02 -8.536473e-03 
 1.875000e+04  4.590608e+01 -1.321490e-02  1.294909e-02 -8.586976e-03 
 1.880000e+04  4.671397e+01 -1.328719e-02  1.301818e-02 -8.636978e-03 
 1.885000e+04  4.752186e+01 -1.335882e-02  1.308645e-02 -8.686426e-03 
 1.890000e+04  4.836368e+01 -1.343294e-02  1.315698e-02 -8.737473e-03 
 1.895000e+04  4.921197e+01 -1.350702e-02  1.322736e-02 -8.788499e-03 
 1.900000e+04  5.006025e+01 -1.358024e-02  1.329696e-02 -8.838986e-03 
 1.905000e+04  5.092381e+01 -1.365407e-02  1.336722e-02 -8.889919e-03 
 1.910000e+04  5.181451e+01 -1.372966e-02  1.343919e-02 -8.942048e-03 
 1.915000e+04  5.270521e+01 -1.380451e-02  1.351047e-02 -8.993665e-03 
 1.920000e+04  5.360036e+01 -1.387897e-02  1.358131e-02 -9.044952e-03 
 1.925000e+04  5.456178e+01 -1.395845e-02  1.365675e-02 -9.099596e-03 
 1.930000e+04  5.554378e+01 -1.403893e-02  1.373311e-02 -9.154945e-03 
 1.935000e+04  5.652578e+01 -1.411851e-02  1.380849e-02 -9.209699e-03 
 1.940000e+04  5.751465e+01 -1.419792e-02  1.388361e-02 -9.264330e-03 
 1.945000e+04  5.854575e+01 -1.428012e-02  1.396135e-02 -9.320781e-03 
 1.950000e+04  5.957684e+01 -1.436141e-02  1.403838e-02 -9.376708e-03 
 1.955000e+04  6.060794e+01 -1.444177e-02  1.411467e-02 -9.432018e-03 
 1.960000e+04  6.168441e+01 -1.452505e-02  1.419367e-02 -9.489249e-03 
 1.965000e+04  6.276706e+01 -1.460816e-02  1.427239e-02 -9.546349e-03 
 1.970000e+04  6.384971e+01 -1.469036e-02  1.435028e-02 -9.602899e-03 
 1.975000e+04  6.496809e+01 -1.477451e-02  1.442996e-02 -9.660677e-03 
 1.980000e+04  6.615944e+01 -1.486354e-02  1.451404e-02 -9.721689e-03 
 1.985000e+04  6.735306e+01 -1.495188e-02  1.459734e-02 -9.782285e-03 
 1.990000e+04  6.854669e+01 -1.503917e-02  1.467974e-02 -9.842251e-03 
 1.995000e+04  6.978089e+01 -1.512860e-02  1.476425e-02 -9.903656e-03 
 2.000000e+04  7.103420e+01 -1.521872e-02  1.484939e-02 -9.965482e-03 
 2.005000e+04  7.228750e+01 -1.530786e-02  1.493371e-02 -1.002663e-02 
 2.010000e+04  7.357352e+01 -1.539850e-02  1.501934e-02 -1.008869e-02 
 2.015000e+04  7.495529e+01 -1.549510e-02  1.511054e-02 -1.015486e-02 
 2.020000e+04  7.633705e+01 -1.559079e-02  1.520073e-02 -1.022042e-02 
 2.025000e+04  7.771882e+01 -1.568542e-02  1.528986e-02 -1.028525e-02 
 2.030000e+04  7.915172e+01 -1.578272e-02  1.538132e-02 -1.035183e-02 
 2.035000e+04  8.060257e+01 -1.588041e-02  1.547309e-02 -1.041860e-02 
 2.040000e+04  8.205343e+01 -1.597703e-02  1.556395e-02 -1.048467e-02 
 2.045000e+04  8.352170e+01 -1.607383e-02  1.565502e-02 -1.055085e-02 
 2.050000e+04  8.506643e+01 -1.617485e-02  1.575001e-02 -1.061985e-02 
 2.055000e+04  8.666599e+01 -1.627851e-02  1.584748e-02 -1.069069e-02 
 2.060000e+04  8.826556e+01 -1.638100e-02  1.594380e-02 -1.076069e-02 
 2.065000e+04  8.991952e+01 -1.648604e-02  1.604226e-02 -1.083230e-02 
 2.070000e+04  9.159907e+01 -1.659183e-02  1.614126e-02 -1.090441e-02 
 2.075000e+04  9.327862e+01 -1.669647e-02  1.623918e-02 -1.097578e-02 
 2.080000e+04  9.496152e+01 -1.680020e-02  1.633627e-02 -1.104650e-02 
 2.085000e+04  9.672505e+01 -1.690803e-02  1.643719e-02 -1.111995e-02 
 2.090000e+04  9.848857e+01 -1.701480e-02  1.653719e-02 -1.119266e-02 
 2.095000e+04  1.002521e+02 -1.712039e-02  1.663612e-02 -1.126459e-02 
 2.100000e+04  1.020968e+02 -1.722986e-02  1.673861e-02 -1.133909e-02 
 2.105000e+04  1.040411e+02 -1.734423e-02  1.684561e-02 -1.141693e-02 
 2.110000e+04  1.059854e+02 -1.745742e-02  1.695143e-02 -1.149397e-02 
 2.115000e+04  1.079297e+02 -1.756942e-02  1.705600e-02 -1.157009e-02 
 2.120000e+04  1.099712e+02 -1.768608e-02  1.716478e-02 -1.164928e-02 
 2.125000e+04  1.120127e+02 -1.780159e-02  1.727249e-02 -1.172770e-02 
 2.130000e+04  1.140542e+02 -1.791581e-02  1.737896e-02 -1.180527e-02 
 2.135000e+04  1.161569e+02 -1.803234e-02  1.748761e-02 -1.188436e-02 
 2.140000e+04  1.184077e+02 -1.815607e-02  1.760287e-02 -1.196827e-02 
 2.145000e+04  1.206585e+02 -1.827853e-02  1.771684e-02 -1.205126e-02 
 2.150000e+04  1.229092e+02 -1.839972e-02  1.782945e-02 -1.213327e-02 
 2.155000e+04  1.252140e+02 -1.852273e-02  1.794356e-02 -1.221641e-02 
 2.160000e+04  1.275773e+02 -1.864756e-02  1.805940e-02 -1.230088e-02 
 2.165000e+04  1.299406e+02 -1.877107e-02  1.817401e-02 -1.238444e-02 
 2.170000e+04  1.323607e+02 -1.889632e-02  1.829020e-02 -1.246908e-02 
 2.175000e+04  1.349662e+02 -1.903000e-02  1.841413e-02 -1.255938e-02 
 2.180000e+04  1.375718e+02 -1.916217e-02  1.853675e-02 -1.264870e-02 
 2.185000e+04  1.401773e+02 -1.929287e-02  1.865794e-02 -1.273694e-02 
 2.190000e+04  1.429053e+02 -1.942850e-02  1.878355e-02 -1.282839e-02 
 2.195000e+04  1.456411e+02 -1.956316e-02  1.890819e-02 -1.291923e-02 
 2.200000e+04  1.483769e+02 -1.969628e-02  1.903142e-02 -1.300903e-02 
 2.205000e+04  1.512792e+02 -1.983618e-02  1.916074e-02 -1.310326e-02 
 2.210000e+04  1.542954e+02 -1.998029e-02  1.929378e-02 -1.320023e-02 
 2.215000e+04  1.573116e+02 -2.012276e-02  1.942541e-02 -1.329615e-02 
 2.220000e+04  1.603399e+02 -2.026413e-02  1.955600e-02 -1.339125e-02 
 2.225000e+04  1.636020e+02 -2.041510e-02  1.969518e-02 -1.349260e-02 
 2.230000e+04  1.669274e+02 -2.056743e-02  1.983557e-02 -1.359487e-02 
 2.235000e+04  1.702528e+02 -2.071797e-02  1.997424e-02 -1.369594e-02 
 2.240000e+04  1.736786e+02 -2.087139e-02  2.011540e-02 -1.379885e-02 
 2.245000e+04  1.773448e+02 -2.103394e-02  2.026487e-02 -1.390786e-02 
 2.250000e+04  1.810111e+02 -2.119463e-02  2.041260e-02 -1.401557e-02 
 2.255000e+04  1.846773e+02 -2.135352e-02  2.055851e-02 -1.412187e-02 
 2.260000e+04  1.885232e+02 -2.151855e-02  2.070986e-02 -1.423214e-02 
 2.265000e+04  1.923727e+02 -2.168189e-02  2.085966e-02 -1.434132e-02 
 2.270000e+04  1.962223e+02 -2.184326e-02  2.100757e-02 -1.444917e-02 
 2.275000e+04  2.002905e+02 -2.201197e-02  2.116205e-02 -1.456184e-02 
 2.280000e+04  2.045346e+02 -2.218627e-02  2.132159e-02 -1.467820e-02 
 2.285000e+04  2.087788e+02 -2.235842e-02  2.147924e-02 -1.479304e-02 
 2.290000e+04  2.130908e+02 -2.253133e-02  2.163735e-02 -1.490817e-02 
 2.295000e+04  2.176586e+02 -2.271259e-02  2.180293e-02 -1.502886e-02 
 2.300000e+04  2.223377e+02 -2.289613e-02  2.197061e-02 -1.515108e-02 
 2.305000e+04  2.270169e+02 -2.307740e-02  2.213612e-02 -1.527167e-02 
 2.310000e+04  2.318645e+02 -2.326311e-02  2.230542e-02 -1.539508e-02 
 2.315000e+04  2.367776e+02 -2.344930e-02  2.247501e-02 -1.551874e-02 
 2.320000e+04  2.416907e+02 -2.363314e-02  2.264251e-02 -1.564083e-02 
 2.325000e+04  2.468552e+02 -2.382411e-02  2.281641e-02 -1.576749e-02 
 2.330000e+04  2.522719e+02 -2.402239e-02  2.299686e-02 -1.589891e-02 
 2.335000e+04  2.576886e+02 -2.421827e-02  2.317505e-02 -1.602870e-02 
 2.340000e+04  2.631053e+02 -2.441168e-02  2.335085e-02 -1.615670e-02 
 2.345000e+04  2.689578e+02 -2.461831e-02  2.353842e-02 -1.629336e-02 
 2.350000e+04  2.749297e+02 -2.482671e-02  2.372755e-02 -1.643116e-02 
 2.355000e+04  2.809016e+02 -2.503248e-02  2.391419e-02 -1.656709e-02 
 2.360000e+04  2.869751e+02 -2.523915e-02  2.410144e-02 -1.670350e-02 
 2.365000e+04  2.932456e+02 -2.545012e-02  2.429244e-02 -1.684266e-02 
 2.370000e+04  2.995161e+02 -2.565846e-02  2.448114e-02 -1.698003e-02 
 2.375000e+04  3.059710e+02 -2.587022e-02  2.467282e-02 -1.711952e-02 
 2.380000e+04  3.128842e+02 -2.609454e-02  2.487562e-02 -1.726721e-02 
 2.385000e+04  3.197975e+02 -2.631616e-02  2.507587e-02 -1.741308e-02 
 2.390000e+04  3.267107e+02 -2.653492e-02  2.527339e-02 -1.755686e-02 
 2.395000e+04  3.341957e+02 -2.676891e-02  2.548438e-02 -1.771045e-02 
 2.400000e+04  3.418176e+02 -2.700431e-02  2.569658e-02 -1.786498e-02 
 2.405000e+04  3.494394e+02 -2.723656e-02  2.590584e-02 -1.801738e-02 
 2.410000e+04  3.572229e+02 -2.747066e-02  2.611655e-02 -1.817081e-02 
 2.415000e+04  3.656259e+02 -2.772040e-02  2.634125e-02 -1.833443e-02 
 2.420000e+04  3.740290e+02 -2.796689e-02  2.656300e-02 -1.849579e-02 
 2.425000e+04  3.824321e+02 -2.820996e-02  2.678154e-02 -1.865479e-02 
 2.430000e+04  3.913130e+02 -2.846351e-02  2.700926e-02 -1.882061e-02 
 2.435000e+04  4.005774e+02 -2.872472e-02  2.724382e-02 -1.899139e-02 
 2.440000e+04  4.098418e+02 -2.898234e-02  2.747512e-02 -1.915966e-02 
 2.445000e+04  4.191710e+02 -2.923824e-02  2.770461e-02 -1.932661e-02 
 2.450000e+04  4.288987e+02 -2.950159e-02  2.794066e-02 -1.949839e-02 
 2.455000e+04  4.386263e+02 -2.976133e-02  2.817346e-02 -1.966783e-02 
 2.460000e+04  4.485913e+02 -3.002378e-02  2.840856e-02 -1.983891e-02 
 2.465000e+04  4.593160e+02 -3.030277e-02  2.865834e-02 -2.002065e-02 
 2.470000e+04  4.700407e+02 -3.057804e-02  2.890472e-02 -2.019985e-02 
 2.475000e+04  4.807655e+02 -3.084939e-02  2.914744e-02 -2.037636e-02 
 2.480000e+04  4.918870e+02 -3.112688e-02  2.939545e-02 -2.055681e-02 
 2.485000e+04  5.031479e+02 -3.140411e-02  2.964319e-02 -2.073710e-02 
 2.490000e+04  5.144089e+02 -3.167749e-02  2.988746e-02 -2.091482e-02 
 2.495000e+04  5.259579e+02 -3.195409e-02  3.013445e-02 -2.109448e-02 
 2.500000e+04  5.375320e+02 -3.222774e-02  3.037863e-02 -2.127215e-02 
 2.505000e+04  5.491061e+02 -3.249780e-02  3.061955e-02 -2.144745e-02 
 2.510000e+04  5.606801e+02 -3.276422e-02  3.085718e-02 -2.162028e-02 
 2.515000e+04  5.722542e+02 -3.302722e-02  3.109169e-02 -2.179087e-02 
 2.520000e+04  5.838283e+02 -3.328694e-02  3.132328e-02 -2.195938e-02 
 2.525000e+04  5.954024e+02 -3.354344e-02  3.155193e-02 -2.212576e-02 
 2.530000e+04  6.069764e+02 -3.379682e-02  3.177782e-02 -2.229009e-02 
 2.535000e+04  6.185505e+02 -3.404726e-02  3.200106e-02 -2.245246e-02 
 2.540000e+04  6.301246e+02 -3.429478e-02  3.222169e-02 -2.261287e-02 
 2.545000e+04  6.416987e+02 -3.453947e-02  3.243969e-02 -2.277142e-02 
 2.550000e+04  6.532727e+02 -3.478149e-02  3.265516e-02 -2.292821e-02 
 2.555000e+04  6.648468e+02 -3.502084e-02  3.286819e-02 -2.308329e-02 
 2.560000e+04  6.764209e+02 -3.525760e-02  3.307885e-02 -2.323665e-02 
 2.565000e+04  6.879950e+02 -3.549192e-02  3.328717e-02 -2.338834e-02 
 2.570000e+04  6.995690e+02 -3.572386e-02  3.349324e-02 -2.353842e-02 
 2.575000e+04  7.111431e+02 -3.595343e-02  3.369715e-02 -2.368698e-02 
 2.580000e+04  7.227172e+02 -3.618065e-02  3.389891e-02 -2.383401e-02 
 2.585000e+04  7.342912e+02 -3.640558e-02  3.409859e-02 -2.397954e-02 
 2.590000e+04  7.458653e+02 -3.662829e-02  3.429631e-02 -2.412368e-02 
 2.595000e+04  7.574394e+02 -3.684886e-02  3.449208e-02 -2.426640e-02 
 2.600000e+04  7.690135e+02 -3.706727e-02  3.468595e-02 -2.440771e-02 
 2.605000e+04  7.805875e+02 -3.728356e-02  3.487800e-02 -2.454772e-02 
 2.610000e+04  7.921616e+02 -3.749782e-02  3.506825e-02 -2.468643e-02 
 2.615000e+04  8.037357e+02 -3.771008e-02  3.525672e-02 -2.482385e-02 
 2.620000e+04  8.153098e+02 -3.792042e-02  3.544349e-02 -2.496004e-02 
 2.625000e+04  8.268838e+02 -3.812887e-02  3.562856e-02 -2.509501e-02 
 2.630000e+04  8.384579e+02 -3.833546e-02  3.581197e-02 -2.522879e-02 
 2.635000e+04  8.500320e+02 -3.854024e-02  3.599375e-02 -2.536141e-02 
 2.640000e+04  8.616061e+02 -3.874328e-02  3.617394e-02 -2.549291e-02 
 2.645000e+04  8.731801e+02 -3.894463e-02  3.635256e-02 -2.562329e-02 
 2.650000e+04  8.847542e+02 -3.914433e-02  3.652967e-02 -2.575259e-02 
 2.655000e+04  8.963283e+02 -3.934239e-02  3.670528e-02 -2.588081e-02 
 2.660000e+04  9.079024e+02 -3.953886e-02  3.687938e-02 -2.600803e-02 
 2.665000e+04  9.194764e+02 -3.973377e-02  3.705204e-02 -2.613425e-02 
 2.670000e+04  9.310505e+02 -3.992711e-02  3.722330e-02 -2.625948e-02 
 2.675000e+04  9.426246e+02 -4.011896e-02  3.739321e-02 -2.638374e-02 
 2.680000e+04  9.541987e+02 -4.030933e-02  3.756180e-02 -2.650703e-02 
 2.685000e+04  9.657727e+02 -4.049822e-02  3.772908e-02 -2.662940e-02 
 2.690000e+04  9.773468e+02 -4.068566e-02  3.789512e-02 -2.675086e-02 
 2.695000e+04  9.889209e+02 -4.087164e-02  3.805991e-02 -2.687142e-02 
 2.700000e+04  1.000495e+03 -4.105619e-02  3.822350e-02 -2.699112e-02 
 2.705000e+04  1.012069e+03 -4.123937e-02  3.838590e-02 -2.710996e-02 
 2.710000e+04  1.023643e+03 -4.142121e-02  3.854712e-02 -2.722795e-02 
 2.715000e+04  1.035217e+03 -4.160177e-02  3.870719e-02 -2.734511e-02 
 2.720000e+04  1.046791e+03 -4.178106e-02  3.886612e-02 -2.746145e-02 
 2.725000e+04  1.058365e+03 -4.195908e-02  3.902388e-02 -2.757698e-02 
 2.730000e+04  1.069939e+03 -4.213587e-02  3.918055e-02 -2.769176e-02 
 2.735000e+04  1.081513e+03 -4.231145e-02  3.933612e-02 -2.780577e-02 
 2.740000e+04  1.093088e+03 -4.248585e-02  3.949062e-02 -2.791902e-02 
 2.745000e+04  1.104662e+03 -4.265911e-02  3.964410e-02 -2.803155e-02 
 2.750000e+04  1.116236e+03 -4.283124e-02  3.979653e-02 -2.814334e-02 
 2.755000e+04  1.127810e+03 -4.300228e-02  3.994795e-02 -2.825443e-02 
 2.760000e+04  1.139384e+03 -4.317223e-02  4.009838e-02 -2.836480e-02 
 2.765000e+04  1.150958e+03 -4.334110e-02  4.024782e-02 -2.847450e-02 
 2.770000e+04  1.162532e+03 -4.350886e-02  4.039628e-02 -2.858353e-02 
 2.775000e+04  1.174106e+03 -4.367558e-02  4.054382e-02 -2.869192e-02 
 2.780000e+04  1.185680e+03 -4.384126e-02  4.069046e-02 -2.879965e-02 
 2.785000e+04  1.197254e+03 -4.400590e-02  4.083621e-02 -2.890672e-02 
 2.790000e+04  1.208828e+03 -4.416953e-02  4.098109e-02 -2.901317e-02 
 2.795000e+04  1.220402e+03 -4.433217e-02  4.112510e-02 -2.911900e-02 
 2.800000e+04  1.231976e+03 -4.449383e-02  4.126825e-02 -2.922423e-02 
 2.805000e+04  1.243551e+03 -4.465452e-02  4.141057e-02 -2.932886e-02 
 2.810000e+04  1.255125e+03 -4.481426e-02  4.155205e-02 -2.943290e-02 
 2.815000e+04  1.266699e+03 -4.497306e-02  4.169270e-02 -2.953636e-02 
 2.820000e+04  1.278273e+03 -4.513095e-02  4.183257e-02 -2.963926e-02 
 2.825000e+04  1.289847e+03 -4.528795e-02  4.197165e-02 -2.974160e-02 
 2.830000e+04  1.301421e+03 -4.544409e-02  4.210994e-02 -2.984338e-02 
 2.835000e+04  1.312995e+03 -4.559937e-02  4.224746e-02 -2.994461e-02 
 2.840000e+04  1.324569e+03 -4.575382e-02  4.238421e-02 -3.004533e-02 
 2.845000e+04  1.336143e+03 -4.590744e-02  4.252019e-02 -3.014552e-02 
 2.850000e+04  1.347717e+03 -4.606024e-02  4.265543e-02 -3.024520e-02 
 2.855000e+04  1.359291e+03 -4.621224e-02  4.278995e-02 -3.034437e-02 
 2.860000e+04  1.370865e+03 -4.636343e-02  4.292375e-02 -3.044304e-02 
 2.865000e+04  1.382439e+03 -4.651385e-02  4.305684e-02 -3.054121e-02 
 2.870000e+04  1.394013e+03 -4.666348e-02  4.318926e-02 -3.063891e-02 
 2.875000e+04  1.405588e+03 -4.681233e-02  4.332101e-02 -3.073613e-02 
 2.880000e+04  1.417162e+03 -4.696042e-02  4.345210e-02 -3.083289e-02 
 2.885000e+04  1.428736e+03 -4.710774e-02  4.358255e-02 -3.092917e-02 
 2.890000e+04  1.440310e+03 -4.725432e-02  4.371236e-02 -3.102500e-02 
 2.895000e+04  1.451884e+03 -4.740018e-02  4.384154e-02 -3.112039e-02 
 2.900000e+04  1.463458e+03 -4.754528e-02  4.397009e-02 -3.121533e-02 
 2.905000e+04  1.475032e+03 -4.768966e-02  4.409802e-02 -3.130983e-02 
 2.910000e+04  1.486606e+03 -4.783337e-02  4.422534e-02 -3.140390e-02 
 2.915000e+04  1.498180e+03 -4.797642e-02  4.435207e-02 -3.149753e-02 
 2.920000e+04  1.509754e+03 -4.811879e-02  4.447818e-02 -3.159076e-02 
 2.925000e+04  1.521328e+03 -4.826051e-02  4.460369e-02 -3.168357e-02 
 2.930000e+04  1.532902e+03 -4.840155e-02  4.472861e-02 -3.177598e-02 
 2.935000e+04  1.544476e+03 -4.854198e-02  4.485296e-02 -3.186800e-02 
 2.940000e+04  1.556051e+03 -4.868180e-02  4.497675e-02 -3.195961e-02 
 2.945000e+04  1.567625e+03 -4.882099e-02  4.509997e-02 -3.205084e-02 
 2.950000e+04  1.579199e+03 -4.895956e-02  4.522264e-02 -3.214168e-02 
 2.955000e+04  1.590773e+03 -4.909751e-02  4.534477e-02 -3.223214e-02 
 2.960000e+04  1.602347e+03 -4.923485e-02  4.546637e-02 -3.232224e-02 
 2.965000e+04  1.613921e+03 -4.937160e-02  4.558747e-02 -3.241197e-02 
 2.970000e+04  1.625495e+03 -4.950775e-02  4.570805e-02 -3.250133e-02 
 2.975000e+04  1.637069e+03 -4.964330e-02  4.582811e-02 -3.259034e-02 
 2.980000e+04  1.648643e+03 -4.977827e-02  4.594768e-02 -3.267900e-02 
 2.985000e+04  1.660217e+03 -4.991266e-02  4.606677e-02 -3.276733e-02 
 2.990000e+04  1.671791e+03 -5.004648e-02  4.618536e-02 -3.285529e-02 
 2.995000e+04  1.683365e+03 -5.017975e-02  4.630348e-02 -3.294291e-02 
 3.000000e+04  1.694939e+03 -5.031249e-02  4.642114e-02 -3.303019e-02 
 3.005000e+04  1.706513e+03 -5.044467e-02  4.653831e-02 -3.311716e-02 
 3.010000e+04  1.718088e+03 -5.057632e-02  4.665501e-02 -3.320380e-02 
 3.015000e+04  1.729662e+03 -5.070745e-02  4.677126e-02 -3.329012e-02 
 3.020000e+04  1.741236e+03 -5.083809e-02  4.688706e-02 -3.337612e-02 
 3.025000e+04  1.752810e+03 -5.096825e-02  4.700239e-02 -3.346180e-02 
 3.030000e+04  1.764384e+03 -5.109791e-02  4.711724e-02 -3.354719e-02 
 3.035000e+04  1.775958e+03 -5.122708e-02  4.723165e-02 -3.363227e-02 
 3.040000e+04  1.787532e+03 -5.135574e-02  4.734565e-02 -3.371706e-02 
 3.045000e+04  1.799106e+03 -5.148392e-02  4.745922e-02 -3.380153e-02 
 3.050000e+04  1.810680e+03 -5.161163e-02  4.757238e-02 -3.388571e-02 
 3.055000e+04  1.822254e+03 -5.173887e-02  4.768513e-02 -3.396961e-02 
 3.060000e+04  1.833828e+03 -5.186561e-02  4.779748e-02 -3.405322e-02 
 3.065000e+04  1.845402e+03 -5.199188e-02  4.790942e-02 -3.413656e-02 
 3.070000e+04  1.856976e+03 -5.211768e-02  4.802097e-02 -3.421962e-02 
 3.075000e+04  1.868551e+03 -5.224302e-02  4.813214e-02 -3.430241e-02 
 3.080000e+04  1.880125e+03 -5.236792e-02  4.824292e-02 -3.438492e-02 
 3.085000e+04  1.891699e+03 -5.249238e-02  4.835330e-02 -3.446715e-02 
 3.090000e+04  1.903273e+03 -5.261641e-02  4.846332e-02 -3.454913e-02 
 3.095000e+04  1.914847e+03 -5.274001e-02  4.857297e-02 -3.463084e-02 
 3.100000e+04  1.926421e+03 -5.286318e-02  4.868223e-02 -3.471228e-02 
 3.105000e+04  1.937995e+03 -5.298592e-02  4.879112e-02 -3.479348e-02 
 3.110000e+04  1.949569e+03 -5.310824e-02  4.889965e-02 -3.487443e-02 
 3.115000e+04  1.961143e+03 -5.323016e-02  4.900782e-02 -3.495513e-02 
 3.120000e+04  1.972717e+03 -5.335169e-02  4.911564e-02 -3.503559e-02 
 3.125000e+04  1.984291e+03 -5.347284e-02  4.922310e-02 -3.511579e-02 
 3.130000e+04  1.995865e+03 -5.359360e-02  4.933021e-02 -3.519577e-02 
 3.135000e+04  2.007439e+03 -5.371396e-02  4.943698e-02 -3.527551e-02 
 3.140000e+04  2.019013e+03 -5.383393e-02  4.954340e-02 -3.535503e-02 
 3.145000e+04  2.030588e+03 -5.395354e-02  4.964950e-02 -3.543432e-02 
 3.150000e+04  2.042162e+03 -5.407277e-02  4.975529e-02 -3.551339e-02 
 3.155000e+04  2.053736e+03 -5.419163e-02  4.986075e-02 -3.559222e-02 
 3.160000e+04  2.065310e+03 -5.431014e-02  4.996589e-02 -3.567085e-02 
 3.165000e+04  2.076884e+03 -5.442826e-02  5.007072e-02 -3.574926e-02 
 3.170000e+04  2.088458e+03 -5.454602e-02  5.017523e-02 -3.582745e-02 
 3.175000e+04  2.100032e+03 -5.466344e-02  5.027944e-02 -3.590542e-02 
 3.180000e+04  2.111606e+03 -5.478049e-02  5.038336e-02 -3.598319e-02 
 3.185000e+04  2.123180e+03 -5.489720e-02  5.048698e-02 -3.606076e-02 
 3.190000e+04  2.134754e+03 -5.501354e-02  5.059031e-02 -3.613810e-02 
 3.195000e+04  2.146328e+03 -5.512956e-02  5.069335e-02 -3.621525e-02 
 3.200000e+04  2.157902e+03 -5.524525e-02  5.079611e-02 -3.629219e-02 
 3.205000e+04  2.169476e+03 -5.536063e-02  5.089857e-02 -3.636894e-02 
 3.210000e+04  2.181051e+03 -5.547568e-02  5.100076e-02 -3.644550e-02 
 3.215000e+04  2.192625e+03 -5.559043e-02  5.110266e-02 -3.652187e-02 
 3.220000e+04  2.204199e+03 -5.570487e-02  5.120427e-02 -3.659804e-02 
 3.225000e+04  2.215773e+03 -5.581900e-02  5.130560e-02 -3.667404e-02 
 3.230000e+04  2.227347e+03 -5.593283e-02  5.140666e-02 -3.674985e-02 
 3.235000e+04  2.238921e+03 -5.604636e-02  5.150746e-02 -3.682547e-02 
 3.240000e+04  2.250495e+03 -5.615960e-02  5.160799e-02 -3.690091e-02 
 3.245000e+04  2.262069e+03 -5.627254e-02  5.170826e-02 -3.697617e-02 
 3.250000e+04  2.273643e+03 -5.638519e-02  5.180830e-02 -3.705127e-02 
 3.255000e+04  2.285217e+03 -5.649754e-02  5.190807e-02 -3.712618e-02 
 3.260000e+04  2.296791e+03 -5.660960e-02  5.200758e-02 -3.720092e-02 
 3.265000e+04  2.308365e+03 -5.672136e-02  5.210686e-02 -3.727550e-02 
 3.270000e+04  2.319939e+03 -5.683284e-02  5.220589e-02 -3.734991e-02 
 3.275000e+04  2.331513e+03 -5.694404e-02  5.230470e-02 -3.742416e-02 
 3.280000e+04  2.343088e+03 -5.705496e-02  5.240327e-02 -3.749823e-02 
 3.285000e+04  2.354662e+03 -5.716561e-02  5.250161e-02 -3.757213e-02 
 3.290000e+04  2.366236e+03 -5.727598e-02  5.259971e-02 -3.764588e-02 
 3.295000e+04  2.377810e+03 -5.738608e-02  5.269759e-02 -3.771947e-02 
 3.300000e+04  2.389384e+03 -5.749591e-02  5.279523e-02 -3.779291e-02 
 3.305000e+04  2.400958e+03 -5.760549e-02  5.289263e-02 -3.786619e-02 
 3.310000e+04  2.412532e+03 -5.771483e-02  5.298981e-02 -3.793932e-02 
 3.315000e+04  2.424106e+03 -5.782392e-02  5.308677e-02 -3.801230e-02 
 3.320000e+04  2.435680e+03 -5.793277e-02  5.318350e-02 -3.808512e-02 
 3.325000e+04  2.447254e+03 -5.804137e-02  5.328000e-02 -3.815780e-02 
 3.330000e+04  2.458828e+03 -5.814973e-02  5.337628e-02 -3.822986e-02 
 3.335000e+04  2.470402e+03 -5.825787e-02  5.347196e-02 -3.830140e-02 
 3.340000e+04  2.481976e+03 -5.836580e-02  5.356678e-02 -3.837310e-02 
 3.345000e+04  2.493551e+03 -5.847308e-02  5.366170e-02 -3.844473e-02 
 3.350000e+04  2.505125e+03 -5.858015e-02  5.375683e-02 -3.851645e-02 
 3.355000e+04  2.516699e+03 -5.868720e-02  5.385181e-02 -3.858808e-02 
 3.360000e+04  2.528273e+03 -5.879382e-02  5.394669e-02 -3.865950e-02 
 3.365000e+04  2.539847e+03 -5.889979e-02  5.404164e-02 -3.873095e-02 
 3.370000e+04  2.551421e+03 -5.900546e-02  5.413655e-02 -3.880247e-02 
 3.375000e+04  2.562995e+03 -5.911127e-02  5.423139e-02 -3.887390e-02 
 3.380000e+04  2.574569e+03 -5.921710e-02  5.432598e-02 -3.894506e-02 
 3.385000e+04  2.586143e+03 -5.932285e-02  5.442034e-02 -3.901573e-02 
 3.390000e+04  2.597717e+03 -5.942803e-02  5.451448e-02 -3.908629e-02 
 3.395000e+04  2.609291e+03 -5.953258e-02  5.460822e-02 -3.915685e-02 
 3.400000e+04  2.620865e+03 -5.963703e-02  5.470161e-02 -3.922745e-02 
 3.405000e+04  2.632439e+03 -5.974167e-02  5.479483e-02 -3.929769e-02 
 3.410000e+04  2.644013e+03 -5.984649e-02  5.488772e-02 -3.936774e-02 
 3.415000e+04  2.655588e+03 -5.995098e-02  5.498043e-02 -3.943774e-02 
 3.420000e+04  2.667162e+03 -6.005492e-02  5.507285e-02 -3.950759e-02 
 3.425000e+04  2.678736e+03 -6.015877e-02  5.516505e-02 -3.957746e-02 
 3.430000e+04  2.690310e+03 -6.026257e-02  5.525708e-02 -3.964753e-02 
 3.435000e+04  2.701884e+03 -6.036647e-02  5.534879e-02 -3.971768e-02 
 3.440000e+04  2.713458e+03 -6.047034e-02  5.544039e-02 -3.978740e-02 
 3.445000e+04  2.725032e+03 -6.057395e-02  5.553204e-02 -3.985684e-02 
 3.450000e+04  2.736606e+03 -6.067723e-02  5.562340e-02 -3.992618e-02 
 3.455000e+04  2.748180e+03 -6.078002e-02  5.571455e-02 -3.999533e-02 
 3.460000e+04  2.759754e+03 -6.088265e-02  5.580576e-02 -4.006444e-02 
 3.465000e+04  2.771328e+03 -6.098506e-02  5.589700e-02 -4.013373e-02 
 3.470000e+04  2.782902e+03 -6.108741e-02  5.598821e-02 -4.020280e-02 
 3.475000e+04  2.794476e+03 -6.118962e-02  5.607913e-02 -4.027134e-02 
 3.480000e+04  2.806051e+03 -6.129111e-02  5.616983e-02 -4.033959e-02 
 3.485000e+04  2.817625e+03 -6.139230e-02  5.625997e-02 -4.040784e-02 
 3.490000e+04  2.829199e+03 -6.149335e-02  5.635015e-02 -4.047618e-02 
 3.495000e+04  2.840773e+03 -6.159398e-02  5.644030e-02 -4.054478e-02 
 3.500000e+04  2.852347e+03 -6.169451e-02  5.653048e-02 -4.061326e-02 
 3.505000e+04  2.863921e+03 -6.179518e-02  5.662073e-02 -4.068122e-02 
 3.510000e+04  2.875495e+03 -6.189541e-02  5.671094e-02 -4.074895e-02 
 3.515000e+04  2.887069e+03 -6.199539e-02  5.680057e-02 -4.081673e-02 
 3.520000e+04  2.898643e+03 -6.209548e-02  5.688957e-02 -4.088464e-02 
 3.525000e+04  2.910217e+03 -6.219581e-02  5.697858e-02 -4.095267e-02 
 3.530000e+04  2.921791e+03 -6.229624e-02  5.706766e-02 -4.102076e-02 
 3.535000e+04  2.933365e+03 -6.239662e-02  5.715649e-02 -4.108863e-02 
 3.540000e+04  2.944939e+03 -6.249682e-02  5.724510e-02 -4.115630e-02 
 3.545000e+04  2.956513e+03 -6.259715e-02  5.733365e-02 -4.122366e-02 
 3.550000e+04  2.968088e+03 -6.269676e-02  5.742198e-02 -4.129061e-02 
 3.555000e+04  2.979662e+03 -6.279629e-02  5.751017e-02 -4.135736e-02 
 3.560000e+04  2.991236e+03 -6.289579e-02  5.759828e-02 -4.142435e-02 
 3.565000e+04  3.002810e+03 -6.299496e-02  5.768623e-02 -4.149124e-02 
 3.570000e+04  3.014384e+03 -6.309358e-02  5.777387e-02 -4.155816e-02 
 3.575000e+04  3.025958e+03 -6.319213e-02  5.786147e-02 -4.162529e-02 
 3.580000e+04  3.037532e+03 -6.329080e-02  5.794902e-02 -4.169255e-02 
 3.585000e+04  3.049106e+03 -6.338933e-02  5.803655e-02 -4.175945e-02 
 3.590000e+04  3.060680e+03 -6.348761e-02  5.812413e-02 -4.182583e-02 
 3.595000e+04  3.072254e+03 -6.358544e-02  5.821174e-02 -4.189192e-02 
 3.600000e+04  3.083828e+03 -6.368296e-02  5.829911e-02 -4.195790e-02 
 3.605000e+04  3.095402e+03 -6.378019e-02  5.838628e-02 -4.202390e-02 
 3.610000e+04  3.106976e+03 -6.387757e-02  5.847344e-02 -4.209016e-02 
 3.615000e+04  3.118551e+03 -6.397510e-02  5.856025e-02 -4.215669e-02 
 3.620000e+04  3.130125e+03 -6.407254e-02  5.864677e-02 -4.222306e-02 
 3.625000e+04  3.141699e+03 -6.417000e-02  5.873312e-02 -4.228917e-02 
 3.630000e+04  3.153273e+03 -6.426758e-02  5.881947e-02 -4.235488e-02 
 3.635000e+04  3.164847e+03 -6.436448e-02  5.890568e-02 -4.242020e-02 
 3.640000e+04  3.176421e+03 -6.446053e-02  5.899176e-02 -4.248491e-02 
 3.645000e+04  3.187995e+03 -6.455675e-02  5.907765e-02 -4.254997e-02 
 3.650000e+04  3.199569e+03 -6.465329e-02  5.916296e-02 -4.261542e-02 
 3.655000e+04  3.211143e+03 -6.474982e-02  5.924826e-02 -4.268077e-02 
 3.660000e+04  3.222717e+03 -6.484634e-02  5.933366e-02 -4.274625e-02 
 3.665000e+04  3.234291e+03 -6.494271e-02  5.941921e-02 -4.281194e-02 
 3.670000e+04  3.245865e+03 -6.503874e-02  5.950471e-02 -4.287743e-02 
 3.675000e+04  3.257439e+03 -6.513486e-02  5.958995e-02 -4.294264e-02 
 3.680000e+04  3.269013e+03 -6.523061e-02  5.967518e-02 -4.300760e-02 
 3.685000e+04  3.280588e+03 -6.532623e-02  5.976050e-02 -4.307233e-02 
 3.690000e+04  3.292162e+03 -6.542173e-02  5.984576e-02 -4.313707e-02 
 3.695000e+04  3.303736e+03 -6.551715e-02  5.993106e-02 -4.320196e-02 
 3.700000e+04  3.315310e+03 -6.561215e-02  6.001608e-02 -4.326665e-02 
 3.705000e+04  3.326884e+03 -6.570660e-02  6.010068e-02 -4.333071e-02 
 3.710000e+04  3.338458e+03 -6.580099e-02  6.018521e-02 -4.339500e-02 
 3.715000e+04  3.350032e+03 -6.589539e-02  6.026980e-02 -4.345942e-02 
 3.720000e+04  3.361606e+03 -6.598947e-02  6.035420e-02 -4.352370e-02 
 3.725000e+04  3.373180e+03 -6.608285e-02  6.043855e-02 -4.358809e-02 
 3.730000e+04  3.384754e+03 -6.617677e-02  6.052306e-02 -4.365249e-02 
 3.735000e+04  3.396328e+03 -6.627053e-02  6.060754e-02 -4.371648e-02 
 3.740000e+04  3.407902e+03 -6.636444e-02  6.069192e-02 -4.378002e-02 
 3.745000e+04  3.419476e+03 -6.645796e-02  6.077627e-02 -4.384367e-02 
 3.750000e+04  3.431051e+03 -6.655144e-02  6.086041e-02 -4.390722e-02 
 3.755000e+04  3.442625e+03 -6.664509e-02  6.094426e-02 -4.397106e-02 
 3.760000e+04  3.454199e+03 -6.673890e-02  6.102776e-02 -4.403502e-02 
 3.765000e+04  3.465773e+03 -6.683194e-02  6.111083e-02 -4.409887e-02 
 3.770000e+04  3.477347e+03 -6.692499e-02  6.119384e-02 -4.416264e-02 
 3.775000e+04  3.488921e+03 -6.701829e-02  6.127675e-02 -4.422635e-02 
 3.780000e+04  3.500495e+03 -6.711175e-02  6.135965e-02 -4.428953e-02 
 3.785000e+04  3.512069e+03 -6.720458e-02  6.144271e-02 -4.435250e-02 
 3.790000e+04  3.523643e+03 -6.729775e-02  6.152578e-02 -4.441566e-02 
 3.795000e+04  3.535217e+03 -6.739119e-02  6.160860e-02 -4.447898e-02 
 3.800000e+04  3.546791e+03 -6.748460e-02  6.169139e-02 -4.454232e-02 
 3.805000e+04  3.558365e+03 -6.757799e-02  6.177412e-02 -4.460578e-02 
 3.810000e+04  3.569939e+03 -6.767121e-02  6.185681e-02 -4.466885e-02 
 3.815000e+04  3.581513e+03 -6.776343e-02  6.193935e-02 -4.473138e-02 
 3.820000e+04  3.593088e+03 -6.785530e-02  6.202178e-02 -4.479362e-02 
 3.825000e+04  3.604662e+03 -6.794622e-02  6.210435e-02 -4.485589e-02 
 3.830000e+04  3.616236e+03 -6.803708e-02  6.218712e-02 -4.491847e-02 
 3.835000e+04  3.627810e+03 -6.812834e-02  6.226984e-02 -4.498143e-02 
 3.840000e+04  3.639384e+03 -6.821967e-02  6.235248e-02 -4.504447e-02 
 3.845000e+04  3.650958e+03 -6.831076e-02  6.243491e-02 -4.510729e-02 
 3.850000e+04  3.662532e+03 -6.840208e-02  6.251738e-02 -4.516978e-02 
 3.855000e+04  3.674106e+03 -6.849348e-02  6.259966e-02 -4.523207e-02 
 3.860000e+04  3.685680e+03 -6.858492e-02  6.268165e-02 -4.529417e-02 
 3.865000e+04  3.697254e+03 -6.867651e-02  6.276369e-02 -4.535601e-02 
 3.870000e+04  3.708828e+03 -6.876845e-02  6.284572e-02 -4.541797e-02 
 3.875000e+04  3.720402e+03 -6.886028e-02  6.292750e-02 -4.548021e-02 
 3.880000e+04  3.731976e+03 -6.895185e-02  6.300871e-02 -4.554233e-02 
 3.885000e+04  3.743551e+03 -6.904328e-02  6.308959e-02 -4.560435e-02 
 3.890000e+04  3.755125e+03 -6.913474e-02  6.317044e-02 -4.566638e-02 
 3.895000e+04  3.766699e+03 -6.922617e-02  6.325113e-02 -4.572835e-02 
 3.900000e+04  3.778273e+03 -6.931771e-02  6.333147e-02 -4.579038e-02 
 3.905000e+04  3.789847e+03 -6.940862e-02  6.341215e-02 -4.585244e-02 
 3.910000e+04  3.801421e+03 -6.949977e-02  6.349272e-02 -4.591412e-02 
 3.915000e+04  3.812995e+03 -6.959090e-02  6.357321e-02 -4.597549e-02 
 3.920000e+04  3.824569e+03 -6.968186e-02  6.365397e-02 -4.603682e-02 
 3.925000e+04  3.836143e+03 -6.977263e-02  6.373499e-02 -4.609810e-02 
 3.930000e+04  3.847717e+03 -6.986278e-02  6.381612e-02 -4.615954e-02 
 3.935000e+04  3.859291e+03 -6.995220e-02  6.389703e-02 -4.622092e-02 
 3.940000e+04  3.870865e+03 -7.004152e-02  6.397729e-02 -4.628213e-02 
 3.945000e+04  3.882439e+03 -7.013110e-02  6.405765e-02 -4.634284e-02 
 3.950000e+04  3.894013e+03 -7.022063e-02  6.413838e-02 -4.640364e-02 
 3.955000e+04  3.905588e+03 -7.031043e-02  6.421901e-02 -4.646470e-02 
 3.960000e+04  3.917162e+03 -7.040012e-02  6.429927e-02 -4.652574e-02 
 3.965000e+04  3.928736e+03 -7.048976e-02  6.437955e-02 -4.658689e-02 
 3.970000e+04  3.940310e+03 -7.057957e-02  6.445988e-02 -4.664818e-02 
 3.975000e+04  3.951884e+03 -7.066936e-02  6.454008e-02 -4.670925e-02 
 3.980000e+04  3.963458e+03 -7.075904e-02  6.462011e-02 -4.677007e-02 
 3.985000e+04  3.975032e+03 -7.084880e-02  6.469964e-02 -4.683093e-02 
 3.990000e+04  3.986606e+03 -7.093852e-02  6.477846e-02 -4.689157e-02 
 3.995000e+04  3.998180e+03 -7.102808e-02  6.485689e-02 -4.695204e-02 
 4.000000e+04  4.009754e+03 -7.111771e-02  6.493549e-02 -4.701232e-02 
 4.005000e+04  4.021328e+03 -7.120689e-02  6.501360e-02 -4.707278e-02 
 4.010000e+04  4.032902e+03 -7.129550e-02  6.509210e-02 -4.713308e-02 
 4.015000e+04  4.044476e+03 -7.138422e-02  6.517104e-02 -4.719356e-02 
 4.020000e+04  4.056051e+03 -7.147308e-02  6.525051e-02 -4.725411e-02 
 4.025000e+04  4.067625e+03 -7.156174e-02  6.533034e-02 -4.731456e-02 
 4.030000e+04  4.079199e+03 -7.165002e-02  6.540983e-02 -4.737502e-02 
 4.035000e+04  4.090773e+03 -7.173832e-02  6.548974e-02 -4.743550e-02 
 4.040000e+04  4.102347e+03 -7.182643e-02  6.556966e-02 -4.749598e-02 
 4.045000e+04  4.113921e+03 -7.191437e-02  6.564939e-02 -4.755608e-02 
 4.050000e+04  4.125495e+03 -7.200188e-02  6.572892e-02 -4.761593e-02 
 4.055000e+04  4.137069e+03 -7.208873e-02  6.580851e-02 -4.767560e-02 
 4.060000e+04  4.148643e+03 -7.217483e-02  6.588796e-02 -4.773558e-02 
 4.065000e+04  4.160217e+03 -7.226095e-02  6.596743e-02 -4.779567e-02 
 4.070000e+04  4.171791e+03 -7.234795e-02  6.604642e-02 -4.785595e-02 
 4.075000e+04  4.183365e+03 -7.243547e-02  6.612501e-02 -4.791612e-02 
 4.080000e+04  4.194939e+03 -7.252342e-02  6.620366e-02 -4.797614e-02 
 4.085000e+04  4.206513e+03 -7.261120e-02  6.628236e-02 -4.803603e-02 
 4.090000e+04  4.218088e+03 -7.269920e-02  6.636097e-02 -4.809576e-02 
 4.095000e+04  4.229662e+03 -7.278733e-02  6.643936e-02 -4.815549e-02 
 4.100000e+04  4.241236e+03 -7.287581e-02  6.651741e-02 -4.821527e-02 
 4.105000e+04  4.252810e+03 -7.296436e-02  6.659529e-02 -4.827518e-02 
 4.110000e+04  4.264384e+03 -7.305263e-02  6.667304e-02 -4.833510e-02 
 4.115000e+04  4.275958e+03 -7.314067e-02  6.675027e-02 -4.839492e-02 
 4.120000e+04  4.287532e+03 -7.322861e-02  6.682656e-02 -4.845447e-02 
 4.125000e+04  4.299106e+03 -7.331661e-02  6.690268e-02 -4.851351e-02 
 4.130000e+04  4.310680e+03 -7.340444e-02  6.697921e-02 -4.857229e-02 
 4.135000e+04  4.322254e+03 -7.349189e-02  6.705624e-02 -4.863120e-02 
 4.140000e+04  4.333828e+03 -7.357833e-02  6.713326e-02 -4.869019e-02 
 4.145000e+04  4.345402e+03 -7.366413e-02  6.721027e-02 -4.874920e-02 
 4.150000e+04  4.356976e+03 -7.374973e-02  6.728793e-02 -4.880791e-02 
 4.155000e+04  4.368551e+03 -7.383514e-02  6.736574e-02 -4.886683e-02 
 4.160000e+04  4.380125e+03 -7.392036e-02  6.744362e-02 -4.892562e-02 
 4.165000e+04  4.391699e+03 -7.400529e-02  6.752204e-02 -4.898443e-02 
 4.170000e+04  4.403273e+03 -7.409065e-02  6.760084e-02 -4.904355e-02 
 4.175000e+04  4.414847e+03 -7.417608e-02  6.767973e-02 -4.910272e-02 
 4.180000e+04  4.426421e+03 -7.426141e-02  6.775784e-02 -4.916168e-02 
 4.185000e+04  4.437995e+03 -7.434678e-02  6.783529e-02 -4.922060e-02 
 4.190000e+04  4.449569e+03 -7.443216e-02  6.791275e-02 -4.927953e-02 
 4.195000e+04  4.461143e+03 -7.451763e-02  6.798999e-02 -4.933796e-02 
 4.200000e+04  4.472717e+03 -7.460298e-02  6.806712e-02 -4.939630e-02 
 4.205000e+04  4.484291e+03 -7.468914e-02  6.814393e-02 -4.945490e-02 
 4.210000e+04  4.495865e+03 -7.477583e-02  6.822033e-02 -4.951353e-02 
 4.215000e+04  4.507439e+03 -7.486234e-02  6.829669e-02 -4.957209e-02 
 4.220000e+04  4.519013e+03 -7.494877e-02  6.837263e-02 -4.963055e-02 
 4.225000e+04  4.530588e+03 -7.503557e-02  6.844849e-02 -4.968923e-02 
 4.230000e+04  4.542162e+03 -7.512239e-02  6.852453e-02 -4.974782e-02 
 4.235000e+04  4.553736e+03 -7.520908e-02  6.860003e-02 -4.980633e-02 
 4.240000e+04  4.565310e+03 -7.529526e-02  6.867516e-02 -4.986481e-02 
 4.245000e+04  4.576884e+03 -7.538127e-02  6.875061e-02 -4.992322e-02 
 4.250000e+04  4.588458e+03 -7.546692e-02  6.882648e-02 -4.998148e-02 
 4.255000e+04  4.600032e+03 -7.555156e-02  6.890290e-02 -5.003931e-02 
 4.260000e+04  4.611606e+03 -7.563569e-02  6.897970e-02 -5.009682e-02 
 4.265000e+04  4.623180e+03 -7.571966e-02  6.905643e-02 -5.015471e-02 
 4.270000e+04  4.634754e+03 -7.580350e-02  6.913342e-02 -5.021284e-02 
 4.275000e+04  4.646328e+03 -7.588725e-02  6.920993e-02 -5.027096e-02 
 4.280000e+04  4.657902e+03 -7.597112e-02  6.928648e-02 -5.032892e-02 
 4.285000e+04  4.669476e+03 -7.605463e-02  6.936353e-02 -5.038694e-02 
 4.290000e+04  4.681051e+03 -7.613776e-02  6.944076e-02 -5.044496e-02 
 4.295000e+04  4.692625e+03 -7.622103e-02  6.951783e-02 -5.050293e-02 
 4.300000e+04  4.704199e+03 -7.630484e-02  6.959453e-02 -5.056095e-02 
 4.305000e+04  4.715773e+03 -7.638939e-02  6.967090e-02 -5.061897e-02 
 4.310000e+04  4.727347e+03 -7.647415e-02  6.974701e-02 -5.067691e-02 
 4.315000e+04  4.738921e+03 -7.655870e-02  6.982246e-02 -5.073472e-02 
 4.320000e+04  4.750495e+03 -7.664338e-02  6.989676e-02 -5.079230e-02 
 4.325000e+04  4.762069e+03 -7.672823e-02  6.996982e-02 -5.084966e-02 
 4.330000e+04  4.773643e+03 -7.681270e-02  7.004302e-02 -5.090694e-02 
 4.335000e+04  4.785217e+03 -7.689679e-02  7.011667e-02 -5.096439e-02 
 4.340000e+04  4.796791e+03 -7.698161e-02  7.019077e-02 -5.102195e-02 
 4.345000e+04  4.808365e+03 -7.706693e-02  7.026525e-02 -5.107952e-02 
 4.350000e+04  4.819939e+03 -7.715233e-02  7.034001e-02 -5.113714e-02 
 4.355000e+04  4.831513e+03 -7.723700e-02  7.041498e-02 -5.119481e-02 
 4.360000e+04  4.843088e+03 -7.732124e-02  7.049018e-02 -5.125246e-02 
 4.365000e+04  4.854662e+03 -7.740510e-02  7.056532e-02 -5.130993e-02 
 4.370000e+04  4.866236e+03 -7.748858e-02  7.064060e-02 -5.136737e-02 
 4.375000e+04  4.877810e+03 -7.757176e-02  7.071608e-02 -5.142490e-02 
 4.380000e+04  4.889384e+03 -7.765464e-02  7.079145e-02 -5.148244e-02 
 4.385000e+04  4.900958e+03 -7.773728e-02  7.086708e-02 -5.153984e-02 
 4.390000e+04  4.912532e+03 -7.781991e-02  7.094282e-02 -5.159705e-02 
 4.395000e+04  4.924106e+03 -7.790251e-02  7.101868e-02 -5.165428e-02 
 4.400000e+04  4.935680e+03 -7.798519e-02  7.109458e-02 -5.171154e-02 
 4.405000e+04  4.947254e+03 -7.806743e-02  7.117023e-02 -5.176883e-02 
 4.410000e+04  4.958828e+03 -7.814959e-02  7.124564e-02 -5.182606e-02 
 4.415000e+04  4.970402e+03 -7.823207e-02  7.132042e-02 -5.188297e-02 
 4.420000e+04  4.981976e+03 -7.831477e-02  7.139454e-02 -5.193977e-02 
 4.425000e+04  4.993551e+03 -7.839768e-02  7.146869e-02 -5.199650e-02 
 4.430000e+04  5.005125e+03 -7.848113e-02  7.154304e-02 -5.205336e-02 
 4.435000e+04  5.016699e+03 -7.856489e-02  7.161739e-02 -5.211028e-02 
 4.440000e+04  5.028273e+03 -7.864891e-02  7.169160e-02 -5.216726e-02 
 4.445000e+04  5.039847e+03 -7.873314e-02  7.176573e-02 -5.222439e-02 
 4.450000e+04  5.051421e+03 -7.881718e-02  7.183976e-02 -5.228151e-02 
 4.455000e+04  5.062995e+03 -7.890089e-02  7.191278e-02 -5.233852e-02 
 4.460000e+04  5.074569e+03 -7.898424e-02  7.198545e-02 -5.239549e-02 
 4.465000e+04  5.086143e+03 -7.906719e-02  7.205865e-02 -5.245227e-02 
 4.470000e+04  5.097717e+03 -7.915001e-02  7.213216e-02 -5.250878e-02 
 4.475000e+04  5.109291e+03 -7.923266e-02  7.220600e-02 -5.256528e-02 
 4.480000e+04  5.120865e+03 -7.931534e-02  7.228015e-02 -5.262195e-02 
 4.485000e+04  5.132439e+03 -7.939801e-02  7.235412e-02 -5.267883e-02 
 4.490000e+04  5.144013e+03 -7.948039e-02  7.242858e-02 -5.273550e-02 
 4.495000e+04  5.155588e+03 -7.956229e-02  7.250321e-02 -5.279211e-02 
 4.500000e+04  5.167162e+03 -7.964392e-02  7.257783e-02 -5.284873e-02 
 4.505000e+04  5.178736e+03 -7.972554e-02  7.265229e-02 -5.290526e-02 
 4.510000e+04  5.190310e+03 -7.980729e-02  7.272644e-02 -5.296178e-02 
 4.515000e+04  5.201884e+03 -7.988892e-02  7.280070e-02 -5.301830e-02 
 4.520000e+04  5.213458e+03 -7.997060e-02  7.287485e-02 -5.307461e-02 
 4.525000e+04  5.225032e+03 -8.005242e-02  7.294879e-02 -5.313094e-02 
 4.530000e+04  5.236606e+03 -8.013432e-02  7.302203e-02 -5.318721e-02 
 4.535000e+04  5.248180e+03 -8.021638e-02  7.309505e-02 -5.324338e-02 
 4.540000e+04  5.259754e+03 -8.029838e-02  7.316811e-02 -5.329946e-02 
 4.545000e+04  5.271328e+03 -8.038048e-02  7.324127e-02 -5.335563e-02 
 4.550000e+04  5.282902e+03 -8.046295e-02  7.331445e-02 -5.341189e-02 
