         Step [creep.tim... Z Displace... Z Displace... X Displace... 
------------- ------------- ------------- ------------- ------------- 
 5.250000e+03  1.276223e-07 -4.629353e-03  4.524540e-03 -2.433365e-03 
 5.300000e+03  3.886505e-06 -4.629594e-03  4.524677e-03 -2.433619e-03 
 5.350000e+03  2.761693e-05 -4.630867e-03  4.525132e-03 -2.434700e-03 
 5.400000e+03  9.558171e-05 -4.632020e-03  4.525607e-03 -2.435307e-03 
 5.450000e+03  2.481976e-04 -4.632608e-03  4.526983e-03 -2.436452e-03 
 5.500000e+03  4.143149e-04 -4.635281e-03  4.529947e-03 -2.439487e-03 
 5.550000e+03  5.804322e-04 -4.639932e-03  4.534784e-03 -2.443931e-03 
 5.600000e+03  7.556910e-04 -4.645758e-03  4.541057e-03 -2.448730e-03 
 5.650000e+03  1.011403e-03 -4.653801e-03  4.550129e-03 -2.454939e-03 
 5.700000e+03  1.293696e-03 -4.660806e-03  4.558114e-03 -2.460268e-03 
 5.750000e+03  1.612573e-03 -4.665780e-03  4.562975e-03 -2.463827e-03 
 5.800000e+03  1.941474e-03 -4.670215e-03  4.566297e-03 -2.467213e-03 
 5.850000e+03  2.270375e-03 -4.675950e-03  4.570870e-03 -2.472212e-03 
 5.900000e+03  2.599276e-03 -4.683249e-03  4.577616e-03 -2.478956e-03 
 5.950000e+03  2.936493e-03 -4.691472e-03  4.586335e-03 -2.486653e-03 
 6.000000e+03  3.419406e-03 -4.702847e-03  4.599177e-03 -2.497016e-03 
 6.050000e+03  3.929639e-03 -4.714092e-03  4.610558e-03 -2.505855e-03 
 6.100000e+03  4.492404e-03 -4.724249e-03  4.619530e-03 -2.512569e-03 
 6.150000e+03  5.083063e-03 -4.733415e-03  4.627575e-03 -2.518391e-03 
 6.200000e+03  5.673722e-03 -4.742657e-03  4.636614e-03 -2.525310e-03 
 6.250000e+03  6.264380e-03 -4.753134e-03  4.647816e-03 -2.534079e-03 
 6.300000e+03  6.855630e-03 -4.764584e-03  4.660488e-03 -2.544544e-03 
 6.350000e+03  7.635449e-03 -4.779797e-03  4.676562e-03 -2.558882e-03 
 6.400000e+03  8.508121e-03 -4.794959e-03  4.691705e-03 -2.572477e-03 
 6.450000e+03  9.413431e-03 -4.808286e-03  4.705001e-03 -2.583391e-03 
 6.500000e+03  1.037555e-02 -4.820985e-03  4.718339e-03 -2.593054e-03 
 6.550000e+03  1.133767e-02 -4.833945e-03  4.732098e-03 -2.602600e-03 
 6.600000e+03  1.229979e-02 -4.848131e-03  4.747378e-03 -2.613293e-03 
 6.650000e+03  1.326192e-02 -4.863763e-03  4.764264e-03 -2.625700e-03 
 6.700000e+03  1.431172e-02 -4.880912e-03  4.782697e-03 -2.640126e-03 
 6.750000e+03  1.553211e-02 -4.898239e-03  4.800615e-03 -2.655796e-03 
 6.800000e+03  1.688050e-02 -4.914960e-03  4.817161e-03 -2.670872e-03 
 6.850000e+03  1.835885e-02 -4.932479e-03  4.834488e-03 -2.685308e-03 
 6.900000e+03  1.985142e-02 -4.950099e-03  4.852076e-03 -2.698729e-03 
 6.950000e+03  2.134398e-02 -4.968310e-03  4.870669e-03 -2.712392e-03 
 7.000000e+03  2.283655e-02 -4.987763e-03  4.890741e-03 -2.726898e-03 
 7.050000e+03  2.437568e-02 -5.008572e-03  4.912235e-03 -2.742275e-03 
 7.100000e+03  2.603111e-02 -5.028945e-03  4.932677e-03 -2.757984e-03 
 7.150000e+03  2.789955e-02 -5.048718e-03  4.952452e-03 -2.774552e-03 
 7.200000e+03  2.994573e-02 -5.069035e-03  4.973113e-03 -2.792016e-03 
 7.250000e+03  3.204592e-02 -5.089451e-03  4.994057e-03 -2.808848e-03 
 7.300000e+03  3.414611e-02 -5.110159e-03  5.015234e-03 -2.825253e-03 
 7.350000e+03  3.624630e-02 -5.131882e-03  5.037195e-03 -2.841665e-03 
 7.400000e+03  3.843260e-02 -5.155203e-03  5.060580e-03 -2.858477e-03 
 7.450000e+03  4.063780e-02 -5.176929e-03  5.082698e-03 -2.874366e-03 
 7.500000e+03  4.293242e-02 -5.197013e-03  5.103628e-03 -2.890108e-03 
 7.550000e+03  4.536365e-02 -5.217364e-03  5.124976e-03 -2.906655e-03 
 7.600000e+03  4.779488e-02 -5.237464e-03  5.145949e-03 -2.922958e-03 
 7.650000e+03  5.022611e-02 -5.257337e-03  5.166575e-03 -2.939135e-03 
 7.700000e+03  5.290434e-02 -5.279490e-03  5.189450e-03 -2.956856e-03 
 7.750000e+03  5.585952e-02 -5.304168e-03  5.214429e-03 -2.975769e-03 
 7.800000e+03  5.881469e-02 -5.328057e-03  5.237875e-03 -2.993181e-03 
 7.850000e+03  6.176987e-02 -5.350634e-03  5.259956e-03 -3.009577e-03 
 7.900000e+03  6.486394e-02 -5.373554e-03  5.282710e-03 -3.026410e-03 
 7.950000e+03  6.796688e-02 -5.396051e-03  5.305446e-03 -3.043323e-03 
 8.000000e+03  7.106982e-02 -5.417887e-03  5.327816e-03 -3.060386e-03 
 8.050000e+03  7.442422e-02 -5.441048e-03  5.351390e-03 -3.078925e-03 
 8.100000e+03  7.817790e-02 -5.466541e-03  5.377130e-03 -3.099053e-03 
 8.150000e+03  8.194954e-02 -5.491272e-03  5.401929e-03 -3.117869e-03 
 8.200000e+03  8.572118e-02 -5.515277e-03  5.425804e-03 -3.135495e-03 
 8.250000e+03  8.949282e-02 -5.539080e-03  5.449279e-03 -3.152523e-03 
 8.300000e+03  9.326446e-02 -5.562734e-03  5.472585e-03 -3.169451e-03 
 8.350000e+03  9.703610e-02 -5.585755e-03  5.495632e-03 -3.186482e-03 
 8.400000e+03  1.009067e-01 -5.608251e-03  5.518663e-03 -3.204012e-03 
 8.450000e+03  1.052658e-01 -5.632570e-03  5.543902e-03 -3.223468e-03 
 8.500000e+03  1.098503e-01 -5.657369e-03  5.569752e-03 -3.243209e-03 
 8.550000e+03  1.144347e-01 -5.681796e-03  5.594719e-03 -3.261774e-03 
 8.600000e+03  1.190192e-01 -5.706120e-03  5.619321e-03 -3.279515e-03 
 8.650000e+03  1.236036e-01 -5.730507e-03  5.643858e-03 -3.297007e-03 
 8.700000e+03  1.281881e-01 -5.754636e-03  5.667967e-03 -3.314360e-03 
 8.750000e+03  1.328138e-01 -5.778182e-03  5.691330e-03 -3.331646e-03 
 8.800000e+03  1.378597e-01 -5.803018e-03  5.715894e-03 -3.350289e-03 
 8.850000e+03  1.431668e-01 -5.828292e-03  5.741244e-03 -3.369641e-03 
 8.900000e+03  1.484739e-01 -5.852704e-03  5.765933e-03 -3.388379e-03 
 8.950000e+03  1.538552e-01 -5.877106e-03  5.790547e-03 -3.406750e-03 
 9.000000e+03  1.595893e-01 -5.903227e-03  5.816779e-03 -3.425904e-03 
 9.050000e+03  1.654403e-01 -5.929834e-03  5.843292e-03 -3.444942e-03 
 9.100000e+03  1.712914e-01 -5.955809e-03  5.868938e-03 -3.463378e-03 
 9.150000e+03  1.774078e-01 -5.982228e-03  5.894851e-03 -3.482321e-03 
 9.200000e+03  1.838585e-01 -6.009468e-03  5.921470e-03 -3.502132e-03 
 9.250000e+03  1.903093e-01 -6.035578e-03  5.947277e-03 -3.521700e-03 
 9.300000e+03  1.967601e-01 -6.060764e-03  5.972512e-03 -3.540919e-03 
 9.350000e+03  2.034238e-01 -6.086630e-03  5.998566e-03 -3.560455e-03 
 9.400000e+03  2.104816e-01 -6.113897e-03  6.026313e-03 -3.580612e-03 
 9.450000e+03  2.175935e-01 -6.140834e-03  6.053794e-03 -3.600084e-03 
 9.500000e+03  2.250156e-01 -6.168498e-03  6.081678e-03 -3.619719e-03 
 9.550000e+03  2.328566e-01 -6.197401e-03  6.110510e-03 -3.640207e-03 
 9.600000e+03  2.406976e-01 -6.225551e-03  6.138375e-03 -3.660541e-03 
 9.650000e+03  2.485385e-01 -6.252589e-03  6.165225e-03 -3.680642e-03 
 9.700000e+03  2.565441e-01 -6.279715e-03  6.192150e-03 -3.700970e-03 
 9.750000e+03  2.647772e-01 -6.307387e-03  6.219694e-03 -3.721561e-03 
 9.800000e+03  2.730102e-01 -6.334468e-03  6.246880e-03 -3.741574e-03 
 9.850000e+03  2.814589e-01 -6.361820e-03  6.274338e-03 -3.761303e-03 
 9.900000e+03  2.908263e-01 -6.391980e-03  6.304627e-03 -3.782628e-03 
 9.950000e+03  3.003570e-01 -6.422319e-03  6.334993e-03 -3.803940e-03 
 1.000000e+04  3.098877e-01 -6.451868e-03  6.364188e-03 -3.824903e-03 
 1.005000e+04  3.194757e-01 -6.480941e-03  6.392562e-03 -3.845827e-03 
 1.010000e+04  3.294829e-01 -6.510752e-03  6.421631e-03 -3.867628e-03 
 1.015000e+04  3.394902e-01 -6.539734e-03  6.450166e-03 -3.889050e-03 
 1.020000e+04  3.494975e-01 -6.567929e-03  6.478162e-03 -3.909859e-03 
 1.025000e+04  3.598951e-01 -6.597090e-03  6.507201e-03 -3.930886e-03 
 1.030000e+04  3.704027e-01 -6.626542e-03  6.536569e-03 -3.951644e-03 
 1.035000e+04  3.809104e-01 -6.655404e-03  6.565550e-03 -3.971863e-03 
 1.040000e+04  3.917910e-01 -6.684578e-03  6.594793e-03 -3.992475e-03 
 1.045000e+04  4.036190e-01 -6.715871e-03  6.625935e-03 -4.014775e-03 
 1.050000e+04  4.157829e-01 -6.747402e-03  6.657040e-03 -4.037596e-03 
 1.055000e+04  4.279468e-01 -6.777965e-03  6.687077e-03 -4.060002e-03 
 1.060000e+04  4.401107e-01 -6.808059e-03  6.716693e-03 -4.081960e-03 
 1.065000e+04  4.528707e-01 -6.839506e-03  6.747743e-03 -4.104539e-03 
 1.070000e+04  4.656428e-01 -6.870513e-03  6.778577e-03 -4.126547e-03 
 1.075000e+04  4.784149e-01 -6.900877e-03  6.808939e-03 -4.147982e-03 
 1.080000e+04  4.918562e-01 -6.932488e-03  6.840594e-03 -4.170179e-03 
 1.085000e+04  5.059375e-01 -6.965162e-03  6.873318e-03 -4.193237e-03 
 1.090000e+04  5.200187e-01 -6.997017e-03  6.904927e-03 -4.216015e-03 
 1.095000e+04  5.342830e-01 -7.028644e-03  6.935914e-03 -4.238782e-03 
 1.100000e+04  5.490684e-01 -7.061170e-03  6.967545e-03 -4.262113e-03 
 1.105000e+04  5.638537e-01 -7.093204e-03  6.998788e-03 -4.285076e-03 
 1.110000e+04  5.786390e-01 -7.124546e-03  7.029597e-03 -4.307429e-03 
 1.115000e+04  5.939418e-01 -7.156747e-03  7.061316e-03 -4.329989e-03 
 1.120000e+04  6.094664e-01 -7.189261e-03  7.093415e-03 -4.352502e-03 
 1.125000e+04  6.249909e-01 -7.221099e-03  7.125025e-03 -4.374685e-03 
 1.130000e+04  6.409223e-01 -7.252889e-03  7.156637e-03 -4.397151e-03 
 1.135000e+04  6.585002e-01 -7.287455e-03  7.190861e-03 -4.421853e-03 
 1.140000e+04  6.764719e-01 -7.322344e-03  7.225173e-03 -4.446918e-03 
 1.145000e+04  6.944435e-01 -7.356445e-03  7.258597e-03 -4.471440e-03 
 1.150000e+04  7.125949e-01 -7.390501e-03  7.291950e-03 -4.495561e-03 
 1.155000e+04  7.314651e-01 -7.425837e-03  7.326525e-03 -4.520194e-03 
 1.160000e+04  7.503353e-01 -7.460606e-03  7.360748e-03 -4.544372e-03 
 1.165000e+04  7.692055e-01 -7.494541e-03  7.394312e-03 -4.568087e-03 
 1.170000e+04  7.886985e-01 -7.529006e-03  7.428627e-03 -4.592405e-03 
 1.175000e+04  8.085122e-01 -7.563583e-03  7.463139e-03 -4.616971e-03 
 1.180000e+04  8.283259e-01 -7.597472e-03  7.496736e-03 -4.641151e-03 
 1.185000e+04  8.489421e-01 -7.632240e-03  7.530927e-03 -4.665887e-03 
 1.190000e+04  8.707867e-01 -7.668951e-03  7.566739e-03 -4.691740e-03 
 1.195000e+04  8.926314e-01 -7.705234e-03  7.602076e-03 -4.717130e-03 
 1.200000e+04  9.144760e-01 -7.740836e-03  7.636813e-03 -4.741960e-03 
 1.205000e+04  9.367139e-01 -7.776626e-03  7.671788e-03 -4.766838e-03 
 1.210000e+04  9.596507e-01 -7.813192e-03  7.707654e-03 -4.792236e-03 
 1.215000e+04  9.825876e-01 -7.849026e-03  7.742977e-03 -4.817345e-03 
 1.220000e+04  1.005777e+00 -7.884418e-03  7.777916e-03 -4.842342e-03 
 1.225000e+04  1.030920e+00 -7.922353e-03  7.815398e-03 -4.869222e-03 
 1.230000e+04  1.056208e+00 -7.960197e-03  7.852617e-03 -4.895973e-03 
 1.235000e+04  1.081496e+00 -7.997416e-03  7.889024e-03 -4.922081e-03 
 1.240000e+04  1.107391e+00 -8.035138e-03  7.925749e-03 -4.948260e-03 
 1.245000e+04  1.133943e+00 -8.073656e-03  7.963138e-03 -4.974804e-03 
 1.250000e+04  1.160495e+00 -8.111485e-03  8.000026e-03 -5.001072e-03 
 1.255000e+04  1.187048e+00 -8.148346e-03  8.036218e-03 -5.026932e-03 
 1.260000e+04  1.215159e+00 -8.186823e-03  8.074106e-03 -5.054069e-03 
 1.265000e+04  1.244432e+00 -8.226554e-03  8.113333e-03 -5.082090e-03 
 1.270000e+04  1.273706e+00 -8.265699e-03  8.151844e-03 -5.109567e-03 
 1.275000e+04  1.303566e+00 -8.305049e-03  8.190408e-03 -5.137004e-03 
 1.280000e+04  1.335625e+00 -8.347144e-03  8.231393e-03 -5.166103e-03 
 1.285000e+04  1.367900e+00 -8.389030e-03  8.272043e-03 -5.195037e-03 
 1.290000e+04  1.400174e+00 -8.429931e-03  8.311831e-03 -5.223535e-03 
 1.295000e+04  1.432642e+00 -8.470524e-03  8.351260e-03 -5.251856e-03 
 1.300000e+04  1.466530e+00 -8.512478e-03  8.392202e-03 -5.281166e-03 
 1.305000e+04  1.500419e+00 -8.553671e-03  8.432644e-03 -5.310023e-03 
 1.310000e+04  1.534307e+00 -8.594180e-03  8.472386e-03 -5.338364e-03 
 1.315000e+04  1.570994e+00 -8.637663e-03  8.515023e-03 -5.368650e-03 
 1.320000e+04  1.608356e+00 -8.681560e-03  8.558043e-03 -5.399145e-03 
 1.325000e+04  1.645718e+00 -8.724719e-03  8.600126e-03 -5.429091e-03 
 1.330000e+04  1.683416e+00 -8.767711e-03  8.641828e-03 -5.458842e-03 
 1.335000e+04  1.722645e+00 -8.812073e-03  8.684744e-03 -5.489563e-03 
 1.340000e+04  1.761875e+00 -8.855763e-03  8.727099e-03 -5.519921e-03 
 1.345000e+04  1.801105e+00 -8.898486e-03  8.768736e-03 -5.549850e-03 
 1.350000e+04  1.841943e+00 -8.942507e-03  8.811693e-03 -5.580569e-03 
 1.355000e+04  1.883135e+00 -8.986631e-03  8.854779e-03 -5.611182e-03 
 1.360000e+04  1.924326e+00 -9.030125e-03  8.897272e-03 -5.641295e-03 
 1.365000e+04  1.966796e+00 -9.074286e-03  8.940318e-03 -5.671823e-03 
 1.370000e+04  2.012210e+00 -9.121155e-03  8.985795e-03 -5.704145e-03 
 1.375000e+04  2.057623e+00 -9.167473e-03  9.030568e-03 -5.736183e-03 
 1.380000e+04  2.103037e+00 -9.212841e-03  9.074407e-03 -5.767823e-03 
 1.385000e+04  2.149449e+00 -9.258672e-03  9.118691e-03 -5.799700e-03 
 1.390000e+04  2.197133e+00 -9.305355e-03  9.163959e-03 -5.832128e-03 
 1.395000e+04  2.244817e+00 -9.351334e-03  9.208758e-03 -5.864018e-03 
 1.400000e+04  2.292502e+00 -9.396513e-03  9.252916e-03 -5.895376e-03 
 1.405000e+04  2.344339e+00 -9.445248e-03  9.300529e-03 -5.929098e-03 
 1.410000e+04  2.396911e+00 -9.494195e-03  9.348244e-03 -5.962958e-03 
 1.415000e+04  2.449482e+00 -9.542277e-03  9.395099e-03 -5.996330e-03 
 1.420000e+04  2.502475e+00 -9.590148e-03  9.441461e-03 -6.029534e-03 
 1.425000e+04  2.557675e+00 -9.639633e-03  9.489245e-03 -6.063824e-03 
 1.430000e+04  2.612875e+00 -9.688420e-03  9.536371e-03 -6.097725e-03 
 1.435000e+04  2.668076e+00 -9.736397e-03  9.582778e-03 -6.131045e-03 
 1.440000e+04  2.724490e+00 -9.784952e-03  9.629855e-03 -6.164642e-03 
 1.445000e+04  2.782451e+00 -9.834524e-03  9.677960e-03 -6.198799e-03 
 1.450000e+04  2.840411e+00 -9.883300e-03  9.725413e-03 -6.232508e-03 
 1.455000e+04  2.899357e+00 -9.932237e-03  9.772810e-03 -6.266305e-03 
 1.460000e+04  2.963075e+00 -9.984764e-03  9.823490e-03 -6.302551e-03 
 1.465000e+04  3.026977e+00 -1.003678e-02  9.873589e-03 -6.338543e-03 
 1.470000e+04  3.090878e+00 -1.008790e-02  9.922719e-03 -6.374004e-03 
 1.475000e+04  3.156121e+00 -1.013958e-02  9.972373e-03 -6.409686e-03 
 1.480000e+04  3.223217e+00 -1.019235e-02  1.002310e-02 -6.446023e-03 
 1.485000e+04  3.290314e+00 -1.024431e-02  1.007326e-02 -6.481867e-03 
 1.490000e+04  3.357477e+00 -1.029548e-02  1.012277e-02 -6.517188e-03 
 1.495000e+04  3.427928e+00 -1.034865e-02  1.017430e-02 -6.553941e-03 
 1.500000e+04  3.498379e+00 -1.040123e-02  1.022532e-02 -6.590347e-03 
 1.505000e+04  3.568831e+00 -1.045299e-02  1.027543e-02 -6.626237e-03 
 1.510000e+04  3.643287e+00 -1.050717e-02  1.032763e-02 -6.663712e-03 
 1.515000e+04  3.720959e+00 -1.056338e-02  1.038152e-02 -6.702402e-03 
 1.520000e+04  3.798632e+00 -1.061881e-02  1.043470e-02 -6.740615e-03 
 1.525000e+04  3.876304e+00 -1.067332e-02  1.048708e-02 -6.778254e-03 
 1.530000e+04  3.953976e+00 -1.072731e-02  1.053904e-02 -6.815461e-03 
 1.535000e+04  4.031649e+00 -1.078073e-02  1.059065e-02 -6.852342e-03 
 1.540000e+04  4.109321e+00 -1.083333e-02  1.064157e-02 -6.888769e-03 
 1.545000e+04  4.191347e+00 -1.088826e-02  1.069472e-02 -6.926771e-03 
 1.550000e+04  4.276981e+00 -1.094521e-02  1.074968e-02 -6.966072e-03 
 1.555000e+04  4.362615e+00 -1.100154e-02  1.080379e-02 -7.004970e-03 
 1.560000e+04  4.448248e+00 -1.105712e-02  1.085701e-02 -7.043295e-03 
 1.565000e+04  4.537479e+00 -1.111450e-02  1.091183e-02 -7.082713e-03 
 1.570000e+04  4.627394e+00 -1.117184e-02  1.096664e-02 -7.122055e-03 
 1.575000e+04  4.717310e+00 -1.122829e-02  1.102071e-02 -7.161004e-03 
 1.580000e+04  4.807765e+00 -1.128432e-02  1.107452e-02 -7.199691e-03 
 1.585000e+04  4.904348e+00 -1.134358e-02  1.113159e-02 -7.240564e-03 
 1.590000e+04  5.003479e+00 -1.140378e-02  1.118960e-02 -7.282120e-03 
 1.595000e+04  5.102611e+00 -1.146310e-02  1.124667e-02 -7.323079e-03 
 1.600000e+04  5.204023e+00 -1.152321e-02  1.130431e-02 -7.364444e-03 
 1.605000e+04  5.308112e+00 -1.158452e-02  1.136282e-02 -7.406539e-03 
 1.610000e+04  5.412200e+00 -1.164495e-02  1.142050e-02 -7.448108e-03 
 1.615000e+04  5.516288e+00 -1.170456e-02  1.147742e-02 -7.489156e-03 
 1.620000e+04  5.623499e+00 -1.176534e-02  1.153558e-02 -7.531053e-03 
 1.625000e+04  5.732792e+00 -1.182664e-02  1.159435e-02 -7.573341e-03 
 1.630000e+04  5.842085e+00 -1.188710e-02  1.165245e-02 -7.615042e-03 
 1.635000e+04  5.954575e+00 -1.194868e-02  1.171160e-02 -7.657435e-03 
 1.640000e+04  6.075070e+00 -1.201419e-02  1.177434e-02 -7.702435e-03 
 1.645000e+04  6.195566e+00 -1.207890e-02  1.183618e-02 -7.746906e-03 
 1.650000e+04  6.316061e+00 -1.214272e-02  1.189706e-02 -7.790820e-03 
 1.655000e+04  6.440533e+00 -1.220809e-02  1.195914e-02 -7.835728e-03 
 1.660000e+04  6.567053e+00 -1.227386e-02  1.202164e-02 -7.880906e-03 
 1.665000e+04  6.693573e+00 -1.233869e-02  1.208342e-02 -7.925544e-03 
 1.670000e+04  6.820852e+00 -1.240319e-02  1.214493e-02 -7.969850e-03 
 1.675000e+04  6.953698e+00 -1.246989e-02  1.220860e-02 -8.015590e-03 
 1.680000e+04  7.086544e+00 -1.253578e-02  1.227166e-02 -8.060887e-03 
 1.685000e+04  7.219391e+00 -1.260084e-02  1.233386e-02 -8.105628e-03 
 1.690000e+04  7.362366e+00 -1.267017e-02  1.239997e-02 -8.153203e-03 
 1.695000e+04  7.508829e+00 -1.274059e-02  1.246691e-02 -8.201552e-03 
 1.700000e+04  7.655292e+00 -1.281009e-02  1.253297e-02 -8.249343e-03 
 1.705000e+04  7.801755e+00 -1.287871e-02  1.259809e-02 -8.296416e-03 
 1.710000e+04  7.954662e+00 -1.294969e-02  1.266542e-02 -8.345081e-03 
 1.715000e+04  8.108448e+00 -1.302028e-02  1.273262e-02 -8.393564e-03 
 1.720000e+04  8.262234e+00 -1.308987e-02  1.279899e-02 -8.441356e-03 
 1.725000e+04  8.421441e+00 -1.316113e-02  1.286696e-02 -8.490283e-03 
 1.730000e+04  8.590990e+00 -1.323641e-02  1.293870e-02 -8.541948e-03 
 1.735000e+04  8.760539e+00 -1.331073e-02  1.300944e-02 -8.592984e-03 
 1.740000e+04  8.930088e+00 -1.338410e-02  1.307907e-02 -8.643292e-03 
 1.745000e+04  9.107945e+00 -1.346044e-02  1.315129e-02 -8.695523e-03 
 1.750000e+04  9.285972e+00 -1.353609e-02  1.322280e-02 -8.747252e-03 
 1.755000e+04  9.463998e+00 -1.361061e-02  1.329338e-02 -8.798338e-03 
 1.760000e+04  9.647196e+00 -1.368646e-02  1.336524e-02 -8.850270e-03 
 1.765000e+04  9.843471e+00 -1.376696e-02  1.344163e-02 -8.905379e-03 
 1.770000e+04  1.003974e+01 -1.384641e-02  1.351704e-02 -8.959834e-03 
 1.775000e+04  1.023602e+01 -1.392482e-02  1.359142e-02 -9.013554e-03 
 1.780000e+04  1.044152e+01 -1.400620e-02  1.366842e-02 -9.069128e-03 
 1.785000e+04  1.064761e+01 -1.408699e-02  1.374466e-02 -9.124287e-03 
 1.790000e+04  1.085369e+01 -1.416668e-02  1.381979e-02 -9.178773e-03 
 1.795000e+04  1.106349e+01 -1.424686e-02  1.389542e-02 -9.233553e-03 
 1.800000e+04  1.127988e+01 -1.432875e-02  1.397271e-02 -9.289495e-03 
 1.805000e+04  1.149628e+01 -1.440960e-02  1.404914e-02 -9.344795e-03 
 1.810000e+04  1.171462e+01 -1.449011e-02  1.412535e-02 -9.399821e-03 
 1.815000e+04  1.195046e+01 -1.457622e-02  1.420686e-02 -9.458611e-03 
 1.820000e+04  1.218903e+01 -1.466247e-02  1.428835e-02 -9.517488e-03 
 1.825000e+04  1.242761e+01 -1.474758e-02  1.436863e-02 -9.575617e-03 
 1.830000e+04  1.267383e+01 -1.483444e-02  1.445037e-02 -9.634827e-03 
 1.835000e+04  1.293685e+01 -1.492633e-02  1.453671e-02 -9.697421e-03 
 1.840000e+04  1.319988e+01 -1.501711e-02  1.462198e-02 -9.759246e-03 
 1.845000e+04  1.346291e+01 -1.510660e-02  1.470610e-02 -9.820203e-03 
 1.850000e+04  1.373514e+01 -1.519820e-02  1.479221e-02 -9.882556e-03 
 1.855000e+04  1.401131e+01 -1.529007e-02  1.487864e-02 -9.945140e-03 
 1.860000e+04  1.428749e+01 -1.538071e-02  1.496396e-02 -1.000690e-02 
 1.865000e+04  1.457140e+01 -1.547286e-02  1.505054e-02 -1.006958e-02 
 1.870000e+04  1.487009e+01 -1.556889e-02  1.514058e-02 -1.013479e-02 
 1.875000e+04  1.517457e+01 -1.566557e-02  1.523116e-02 -1.020048e-02 
 1.880000e+04  1.547906e+01 -1.576093e-02  1.532039e-02 -1.026527e-02 
 1.885000e+04  1.579299e+01 -1.585818e-02  1.541126e-02 -1.033119e-02 
 1.890000e+04  1.611270e+01 -1.595609e-02  1.550288e-02 -1.039763e-02 
 1.895000e+04  1.643241e+01 -1.605258e-02  1.559334e-02 -1.046318e-02 
 1.900000e+04  1.675819e+01 -1.614970e-02  1.568431e-02 -1.052909e-02 
 1.905000e+04  1.710866e+01 -1.625313e-02  1.578120e-02 -1.059926e-02 
 1.910000e+04  1.746114e+01 -1.635588e-02  1.587742e-02 -1.066897e-02 
 1.915000e+04  1.781362e+01 -1.645720e-02  1.597215e-02 -1.073764e-02 
 1.920000e+04  1.818090e+01 -1.656166e-02  1.606953e-02 -1.080830e-02 
 1.925000e+04  1.855101e+01 -1.666578e-02  1.616647e-02 -1.087867e-02 
 1.930000e+04  1.892111e+01 -1.676840e-02  1.626210e-02 -1.094814e-02 
 1.935000e+04  1.929529e+01 -1.687079e-02  1.635754e-02 -1.101742e-02 
 1.940000e+04  1.968390e+01 -1.697602e-02  1.645566e-02 -1.108860e-02 
 1.945000e+04  2.007250e+01 -1.707999e-02  1.655262e-02 -1.115890e-02 
 1.950000e+04  2.046461e+01 -1.718356e-02  1.664913e-02 -1.122881e-02 
 1.955000e+04  2.088571e+01 -1.729365e-02  1.675142e-02 -1.130297e-02 
 1.960000e+04  2.131415e+01 -1.740439e-02  1.685418e-02 -1.137760e-02 
 1.965000e+04  2.174259e+01 -1.751353e-02  1.695543e-02 -1.145123e-02 
 1.970000e+04  2.217789e+01 -1.762300e-02  1.705687e-02 -1.152499e-02 
 1.975000e+04  2.262775e+01 -1.773496e-02  1.716053e-02 -1.160035e-02 
 1.980000e+04  2.307762e+01 -1.784541e-02  1.726299e-02 -1.167473e-02 
 1.985000e+04  2.353063e+01 -1.795515e-02  1.736478e-02 -1.174856e-02 
 1.990000e+04  2.402141e+01 -1.807270e-02  1.747377e-02 -1.182759e-02 
 1.995000e+04  2.451739e+01 -1.819011e-02  1.758251e-02 -1.190656e-02 
 2.000000e+04  2.501336e+01 -1.830587e-02  1.768968e-02 -1.198439e-02 
 2.005000e+04  2.552025e+01 -1.842267e-02  1.779760e-02 -1.206277e-02 
 2.010000e+04  2.606706e+01 -1.854733e-02  1.791257e-02 -1.214634e-02 
 2.015000e+04  2.661387e+01 -1.867032e-02  1.802600e-02 -1.222881e-02 
 2.020000e+04  2.716069e+01 -1.879155e-02  1.813778e-02 -1.231004e-02 
 2.025000e+04  2.773101e+01 -1.891641e-02  1.825282e-02 -1.239366e-02 
 2.030000e+04  2.830517e+01 -1.904053e-02  1.836721e-02 -1.247679e-02 
 2.035000e+04  2.887932e+01 -1.916293e-02  1.847997e-02 -1.255867e-02 
 2.040000e+04  2.949030e+01 -1.929155e-02  1.859830e-02 -1.264461e-02 
 2.045000e+04  3.012331e+01 -1.942330e-02  1.871932e-02 -1.273260e-02 
 2.050000e+04  3.075631e+01 -1.955311e-02  1.883856e-02 -1.281935e-02 
 2.055000e+04  3.139058e+01 -1.968128e-02  1.895618e-02 -1.290490e-02 
 2.060000e+04  3.206919e+01 -1.981681e-02  1.908029e-02 -1.299521e-02 
 2.065000e+04  3.276708e+01 -1.995442e-02  1.920638e-02 -1.308689e-02 
 2.070000e+04  3.346497e+01 -2.008991e-02  1.933059e-02 -1.317712e-02 
 2.075000e+04  3.419419e+01 -2.022949e-02  1.945837e-02 -1.327001e-02 
 2.080000e+04  3.496361e+01 -2.037496e-02  1.959148e-02 -1.336679e-02 
 2.085000e+04  3.573303e+01 -2.051823e-02  1.972251e-02 -1.346207e-02 
 2.090000e+04  3.650245e+01 -2.065935e-02  1.985139e-02 -1.355579e-02 
 2.095000e+04  3.730727e+01 -2.080503e-02  1.998417e-02 -1.365243e-02 
 2.100000e+04  3.811516e+01 -2.094922e-02  2.011565e-02 -1.374811e-02 
 2.105000e+04  3.892305e+01 -2.109124e-02  2.024508e-02 -1.384225e-02 
 2.110000e+04  3.977953e+01 -2.123976e-02  2.038026e-02 -1.394058e-02 
 2.115000e+04  4.067023e+01 -2.139222e-02  2.051900e-02 -1.404146e-02 
 2.120000e+04  4.156094e+01 -2.154226e-02  2.065562e-02 -1.414077e-02 
 2.125000e+04  4.246321e+01 -2.169194e-02  2.079165e-02 -1.423971e-02 
 2.130000e+04  4.344521e+01 -2.185271e-02  2.093756e-02 -1.434592e-02 
 2.135000e+04  4.442721e+01 -2.201111e-02  2.108129e-02 -1.445054e-02 
 2.140000e+04  4.540921e+01 -2.216700e-02  2.122255e-02 -1.455328e-02 
 2.145000e+04  4.644993e+01 -2.232988e-02  2.136981e-02 -1.466044e-02 
 2.150000e+04  4.753258e+01 -2.249692e-02  2.152077e-02 -1.477037e-02 
 2.155000e+04  4.861523e+01 -2.266115e-02  2.166923e-02 -1.487845e-02 
 2.160000e+04  4.970438e+01 -2.282367e-02  2.181601e-02 -1.498529e-02 
 2.165000e+04  5.084116e+01 -2.299088e-02  2.196684e-02 -1.509515e-02 
 2.170000e+04  5.197795e+01 -2.315550e-02  2.211534e-02 -1.520325e-02 
 2.175000e+04  5.313894e+01 -2.332092e-02  2.226446e-02 -1.531174e-02 
 2.180000e+04  5.439225e+01 -2.349699e-02  2.242297e-02 -1.542709e-02 
 2.185000e+04  5.564555e+01 -2.367032e-02  2.257896e-02 -1.554062e-02 
 2.190000e+04  5.689886e+01 -2.384065e-02  2.273216e-02 -1.565212e-02 
 2.195000e+04  5.823012e+01 -2.401866e-02  2.289208e-02 -1.576852e-02 
 2.200000e+04  5.961189e+01 -2.420066e-02  2.305553e-02 -1.588752e-02 
 2.205000e+04  6.099366e+01 -2.437957e-02  2.321621e-02 -1.600445e-02 
 2.210000e+04  6.239753e+01 -2.455831e-02  2.337647e-02 -1.612105e-02 
 2.215000e+04  6.391368e+01 -2.474841e-02  2.354663e-02 -1.624494e-02 
 2.220000e+04  6.543708e+01 -2.493630e-02  2.371471e-02 -1.636735e-02 
 2.225000e+04  6.696048e+01 -2.512088e-02  2.387965e-02 -1.648743e-02 
 2.230000e+04  6.860986e+01 -2.531742e-02  2.405494e-02 -1.661514e-02 
 2.235000e+04  7.028941e+01 -2.551426e-02  2.423038e-02 -1.674307e-02 
 2.240000e+04  7.196896e+01 -2.570753e-02  2.440258e-02 -1.686861e-02 
 2.245000e+04  7.369789e+01 -2.590294e-02  2.457643e-02 -1.699529e-02 
 2.250000e+04  7.554959e+01 -2.610882e-02  2.475945e-02 -1.712866e-02 
 2.255000e+04  7.740129e+01 -2.631093e-02  2.493914e-02 -1.725958e-02 
 2.260000e+04  7.925299e+01 -2.650923e-02  2.511529e-02 -1.738795e-02 
 2.265000e+04  8.119172e+01 -2.671313e-02  2.529623e-02 -1.751988e-02 
 2.270000e+04  8.313601e+01 -2.691388e-02  2.547445e-02 -1.764979e-02 
 2.275000e+04  8.509196e+01 -2.711208e-02  2.565038e-02 -1.777790e-02 
 2.280000e+04  8.730066e+01 -2.733204e-02  2.584551e-02 -1.791994e-02 
 2.285000e+04  8.955142e+01 -2.755230e-02  2.604082e-02 -1.806219e-02 
 2.290000e+04  9.180217e+01 -2.776817e-02  2.623210e-02 -1.820152e-02 
 2.295000e+04  9.405293e+01 -2.797968e-02  2.641925e-02 -1.833782e-02 
 2.300000e+04  9.633294e+01 -2.818979e-02  2.660486e-02 -1.847313e-02 
 2.305000e+04  9.869624e+01 -2.840358e-02  2.679360e-02 -1.861078e-02 
 2.310000e+04  1.010784e+02 -2.861514e-02  2.698010e-02 -1.874685e-02 
 2.315000e+04  1.036393e+02 -2.883855e-02  2.717676e-02 -1.889038e-02 
 2.320000e+04  1.062448e+02 -2.906178e-02  2.737311e-02 -1.903367e-02 
 2.325000e+04  1.088504e+02 -2.928050e-02  2.756537e-02 -1.917394e-02 
 2.330000e+04  1.114872e+02 -2.949729e-02  2.775576e-02 -1.931290e-02 
 2.335000e+04  1.142230e+02 -2.971786e-02  2.794940e-02 -1.945434e-02 
 2.340000e+04  1.169916e+02 -2.993670e-02  2.814147e-02 -1.959465e-02 
 2.345000e+04  1.198757e+02 -3.016034e-02  2.833759e-02 -1.973795e-02 
 2.350000e+04  1.228919e+02 -3.038983e-02  2.853873e-02 -1.988493e-02 
 2.355000e+04  1.259081e+02 -3.061477e-02  2.873577e-02 -2.002889e-02 
 2.360000e+04  1.289244e+02 -3.083503e-02  2.892856e-02 -2.016972e-02 
 2.365000e+04  1.320986e+02 -3.106208e-02  2.912719e-02 -2.031487e-02 
 2.370000e+04  1.354240e+02 -3.129531e-02  2.933121e-02 -2.046406e-02 
 2.375000e+04  1.387494e+02 -3.152380e-02  2.953102e-02 -2.061022e-02 
 2.380000e+04  1.421114e+02 -3.174997e-02  2.972863e-02 -2.075483e-02 
 2.385000e+04  1.456031e+02 -3.198021e-02  2.992960e-02 -2.090192e-02 
 2.390000e+04  1.490947e+02 -3.220576e-02  3.012630e-02 -2.104591e-02 
 2.395000e+04  1.527191e+02 -3.243509e-02  3.032610e-02 -2.119224e-02 
 2.400000e+04  1.563853e+02 -3.266243e-02  3.052401e-02 -2.133731e-02 
 2.405000e+04  1.601432e+02 -3.289061e-02  3.072258e-02 -2.148296e-02 
 2.410000e+04  1.639928e+02 -3.311960e-02  3.092183e-02 -2.162911e-02 
 2.415000e+04  1.679309e+02 -3.334899e-02  3.112139e-02 -2.177550e-02 
 2.420000e+04  1.719729e+02 -3.357969e-02  3.132202e-02 -2.192270e-02 
 2.425000e+04  1.760149e+02 -3.380556e-02  3.151830e-02 -2.206681e-02 
 2.430000e+04  1.801459e+02 -3.403149e-02  3.171447e-02 -2.221094e-02 
 2.435000e+04  1.843900e+02 -3.425893e-02  3.191178e-02 -2.235603e-02 
 2.440000e+04  1.887275e+02 -3.448656e-02  3.210920e-02 -2.250126e-02 
 2.445000e+04  1.931839e+02 -3.471569e-02  3.230786e-02 -2.264742e-02 
 2.450000e+04  1.976402e+02 -3.494004e-02  3.250229e-02 -2.279053e-02 
 2.455000e+04  2.021768e+02 -3.516356e-02  3.269594e-02 -2.293315e-02 
 2.460000e+04  2.068559e+02 -3.538936e-02  3.289152e-02 -2.307727e-02 
 2.465000e+04  2.116333e+02 -3.561511e-02  3.308699e-02 -2.322139e-02 
 2.470000e+04  2.165465e+02 -3.584268e-02  3.328387e-02 -2.336665e-02 
 2.475000e+04  2.214596e+02 -3.606555e-02  3.347651e-02 -2.350889e-02 
 2.480000e+04  2.263727e+02 -3.628371e-02  3.366489e-02 -2.364810e-02 
 2.485000e+04  2.315167e+02 -3.650734e-02  3.385790e-02 -2.379085e-02 
 2.490000e+04  2.366755e+02 -3.672698e-02  3.404747e-02 -2.393113e-02 
 2.495000e+04  2.418343e+02 -3.694204e-02  3.423312e-02 -2.406854e-02 
 2.500000e+04  2.472303e+02 -3.716240e-02  3.442336e-02 -2.420939e-02 
 2.505000e+04  2.526471e+02 -3.737915e-02  3.461050e-02 -2.434798e-02 
 2.510000e+04  2.580638e+02 -3.759141e-02  3.479374e-02 -2.448376e-02 
 2.515000e+04  2.634805e+02 -3.779926e-02  3.497311e-02 -2.461677e-02 
 2.520000e+04  2.688972e+02 -3.800287e-02  3.514874e-02 -2.474710e-02 
 2.525000e+04  2.748296e+02 -3.822160e-02  3.533731e-02 -2.488715e-02 
 2.530000e+04  2.808015e+02 -3.843769e-02  3.552357e-02 -2.502554e-02 
 2.535000e+04  2.867734e+02 -3.864947e-02  3.570604e-02 -2.516120e-02 
 2.540000e+04  2.927453e+02 -3.885686e-02  3.588456e-02 -2.529405e-02 
 2.545000e+04  2.987173e+02 -3.905990e-02  3.605924e-02 -2.542420e-02 
 2.550000e+04  3.046892e+02 -3.925876e-02  3.623027e-02 -2.555174e-02 
 2.555000e+04  3.107865e+02 -3.945782e-02  3.640140e-02 -2.567940e-02 
 2.560000e+04  3.170570e+02 -3.965887e-02  3.657410e-02 -2.580833e-02 
 2.565000e+04  3.233276e+02 -3.985626e-02  3.674357e-02 -2.593495e-02 
 2.570000e+04  3.295981e+02 -4.004994e-02  3.690980e-02 -2.605926e-02 
 2.575000e+04  3.358686e+02 -4.023983e-02  3.707282e-02 -2.618123e-02 
 2.580000e+04  3.421391e+02 -4.042595e-02  3.723274e-02 -2.630092e-02 
 2.585000e+04  3.485805e+02 -4.061344e-02  3.739394e-02 -2.642160e-02 
 2.590000e+04  3.558118e+02 -4.082038e-02  3.757192e-02 -2.655485e-02 
 2.595000e+04  3.630707e+02 -4.102455e-02  3.774752e-02 -2.668638e-02 
 2.600000e+04  3.703296e+02 -4.122472e-02  3.791966e-02 -2.681540e-02 
 2.605000e+04  3.775885e+02 -4.142082e-02  3.808805e-02 -2.694175e-02 
 2.610000e+04  3.848474e+02 -4.161285e-02  3.825278e-02 -2.706556e-02 
 2.615000e+04  3.921063e+02 -4.180097e-02  3.841404e-02 -2.718690e-02 
 2.620000e+04  3.993652e+02 -4.198551e-02  3.857206e-02 -2.730594e-02 
 2.625000e+04  4.066241e+02 -4.216672e-02  3.872711e-02 -2.742285e-02 
 2.630000e+04  4.138831e+02 -4.234478e-02  3.887942e-02 -2.753776e-02 
 2.635000e+04  4.211420e+02 -4.251978e-02  3.902915e-02 -2.765077e-02 
 2.640000e+04  4.284009e+02 -4.269173e-02  3.917639e-02 -2.776192e-02 
 2.645000e+04  4.356598e+02 -4.286061e-02  3.932122e-02 -2.787125e-02 
 2.650000e+04  4.429187e+02 -4.302653e-02  3.946364e-02 -2.797880e-02 
 2.655000e+04  4.501776e+02 -4.318960e-02  3.960372e-02 -2.808461e-02 
 2.660000e+04  4.577922e+02 -4.335792e-02  3.974829e-02 -2.819385e-02 
 2.665000e+04  4.654141e+02 -4.352378e-02  3.989066e-02 -2.830149e-02 
 2.670000e+04  4.730359e+02 -4.368693e-02  4.003060e-02 -2.840741e-02 
 2.675000e+04  4.806578e+02 -4.384737e-02  4.016814e-02 -2.851160e-02 
 2.680000e+04  4.882796e+02 -4.400518e-02  4.030333e-02 -2.861409e-02 
 2.685000e+04  4.959015e+02 -4.416044e-02  4.043627e-02 -2.871494e-02 
 2.690000e+04  5.035233e+02 -4.431324e-02  4.056708e-02 -2.881426e-02 
 2.695000e+04  5.112214e+02 -4.446518e-02  4.069716e-02 -2.891307e-02 
 2.700000e+04  5.192244e+02 -4.462090e-02  4.083044e-02 -2.901437e-02 
 2.705000e+04  5.272273e+02 -4.477433e-02  4.096169e-02 -2.911405e-02 
 2.710000e+04  5.352303e+02 -4.492545e-02  4.109065e-02 -2.921225e-02 
 2.715000e+04  5.432332e+02 -4.507418e-02  4.121756e-02 -2.930907e-02 
 2.720000e+04  5.512362e+02 -4.522054e-02  4.134269e-02 -2.940453e-02 
 2.725000e+04  5.592391e+02 -4.536470e-02  4.146609e-02 -2.949861e-02 
 2.730000e+04  5.672421e+02 -4.550683e-02  4.158780e-02 -2.959136e-02 
 2.735000e+04  5.752450e+02 -4.564696e-02  4.170790e-02 -2.968286e-02 
 2.740000e+04  5.832480e+02 -4.578516e-02  4.182645e-02 -2.977319e-02 
 2.745000e+04  5.912509e+02 -4.592142e-02  4.194347e-02 -2.986232e-02 
 2.750000e+04  5.992539e+02 -4.605588e-02  4.205890e-02 -2.995028e-02 
 2.755000e+04  6.072568e+02 -4.618853e-02  4.217276e-02 -3.003709e-02 
 2.760000e+04  6.153478e+02 -4.632089e-02  4.228634e-02 -3.012369e-02 
 2.765000e+04  6.237509e+02 -4.645666e-02  4.240288e-02 -3.021250e-02 
 2.770000e+04  6.321540e+02 -4.659068e-02  4.251781e-02 -3.030012e-02 
 2.775000e+04  6.405571e+02 -4.672293e-02  4.263110e-02 -3.038661e-02 
 2.780000e+04  6.489602e+02 -4.685347e-02  4.274296e-02 -3.047206e-02 
 2.785000e+04  6.573633e+02 -4.698248e-02  4.285347e-02 -3.055651e-02 
 2.790000e+04  6.657664e+02 -4.711001e-02  4.296265e-02 -3.063995e-02 
 2.795000e+04  6.741695e+02 -4.723602e-02  4.307043e-02 -3.072234e-02 
 2.800000e+04  6.825726e+02 -4.736058e-02  4.317688e-02 -3.080376e-02 
 2.805000e+04  6.909757e+02 -4.748358e-02  4.328207e-02 -3.088435e-02 
 2.810000e+04  6.993788e+02 -4.760501e-02  4.338605e-02 -3.096405e-02 
 2.815000e+04  7.081516e+02 -4.773022e-02  4.349347e-02 -3.104633e-02 
 2.820000e+04  7.169748e+02 -4.785472e-02  4.360035e-02 -3.112812e-02 
 2.825000e+04  7.257981e+02 -4.797776e-02  4.370599e-02 -3.120899e-02 
 2.830000e+04  7.347184e+02 -4.810068e-02  4.381152e-02 -3.128988e-02 
 2.835000e+04  7.439828e+02 -4.822694e-02  4.391997e-02 -3.137306e-02 
 2.840000e+04  7.532472e+02 -4.835172e-02  4.402713e-02 -3.145532e-02 
 2.845000e+04  7.625116e+02 -4.847498e-02  4.413296e-02 -3.153665e-02 
 2.850000e+04  7.717760e+02 -4.859672e-02  4.423752e-02 -3.161706e-02 
 2.855000e+04  7.810405e+02 -4.871704e-02  4.434092e-02 -3.169665e-02 
 2.860000e+04  7.904716e+02 -4.883815e-02  4.444506e-02 -3.177681e-02 
 2.865000e+04  8.001993e+02 -4.896177e-02  4.455134e-02 -3.185860e-02 
 2.870000e+04  8.099269e+02 -4.908413e-02  4.465642e-02 -3.193952e-02 
 2.875000e+04  8.196545e+02 -4.920523e-02  4.476030e-02 -3.201964e-02 
 2.880000e+04  8.298296e+02 -4.933054e-02  4.486783e-02 -3.210263e-02 
 2.885000e+04  8.400437e+02 -4.945488e-02  4.497460e-02 -3.218503e-02 
 2.890000e+04  8.502577e+02 -4.957775e-02  4.508020e-02 -3.226656e-02 
 2.895000e+04  8.604717e+02 -4.969920e-02  4.518468e-02 -3.234719e-02 
 2.900000e+04  8.706857e+02 -4.981922e-02  4.528814e-02 -3.242704e-02 
 2.905000e+04  8.809508e+02 -4.993853e-02  4.539114e-02 -3.250651e-02 
 2.910000e+04  8.916755e+02 -5.006191e-02  4.549777e-02 -3.258870e-02 
 2.915000e+04  9.024002e+02 -5.018401e-02  4.560332e-02 -3.267011e-02 
 2.920000e+04  9.131249e+02 -5.030473e-02  4.570785e-02 -3.275081e-02 
 2.925000e+04  9.238497e+02 -5.042418e-02  4.581137e-02 -3.283084e-02 
 2.930000e+04  9.345744e+02 -5.054245e-02  4.591397e-02 -3.291014e-02 
 2.935000e+04  9.457603e+02 -5.066454e-02  4.602005e-02 -3.299222e-02 
 2.940000e+04  9.570212e+02 -5.078609e-02  4.612592e-02 -3.307377e-02 
 2.945000e+04  9.682822e+02 -5.090605e-02  4.623067e-02 -3.315431e-02 
 2.950000e+04  9.795431e+02 -5.102446e-02  4.633428e-02 -3.323410e-02 
 2.955000e+04  9.908041e+02 -5.114178e-02  4.643672e-02 -3.331316e-02 
 2.960000e+04  1.002065e+03 -5.125813e-02  4.653813e-02 -3.339175e-02 
 2.965000e+04  1.013326e+03 -5.137368e-02  4.663866e-02 -3.346991e-02 
 2.970000e+04  1.024587e+03 -5.148841e-02  4.673842e-02 -3.354738e-02 
 2.975000e+04  1.035848e+03 -5.160235e-02  4.683727e-02 -3.362422e-02 
 2.980000e+04  1.047109e+03 -5.171525e-02  4.693523e-02 -3.370040e-02 
 2.985000e+04  1.058370e+03 -5.182706e-02  4.703242e-02 -3.377592e-02 
 2.990000e+04  1.069631e+03 -5.193798e-02  4.712864e-02 -3.385078e-02 
 2.995000e+04  1.080892e+03 -5.204823e-02  4.722381e-02 -3.392496e-02 
 3.000000e+04  1.092153e+03 -5.215760e-02  4.731798e-02 -3.399854e-02 
 3.005000e+04  1.103414e+03 -5.226622e-02  4.741103e-02 -3.407148e-02 
 3.010000e+04  1.114675e+03 -5.237426e-02  4.750296e-02 -3.414387e-02 
 3.015000e+04  1.125936e+03 -5.248175e-02  4.759414e-02 -3.421577e-02 
 3.020000e+04  1.137196e+03 -5.258869e-02  4.768464e-02 -3.428716e-02 
 3.025000e+04  1.148457e+03 -5.269507e-02  4.777449e-02 -3.435802e-02 
 3.030000e+04  1.159718e+03 -5.280073e-02  4.786373e-02 -3.442830e-02 
 3.035000e+04  1.170979e+03 -5.290557e-02  4.795238e-02 -3.449805e-02 
 3.040000e+04  1.182240e+03 -5.300964e-02  4.804035e-02 -3.456728e-02 
 3.045000e+04  1.193501e+03 -5.311290e-02  4.812755e-02 -3.463600e-02 
 3.050000e+04  1.204762e+03 -5.321521e-02  4.821400e-02 -3.470415e-02 
 3.055000e+04  1.216023e+03 -5.331661e-02  4.829978e-02 -3.477168e-02 
 3.060000e+04  1.227441e+03 -5.341862e-02  4.838616e-02 -3.483957e-02 
 3.065000e+04  1.239015e+03 -5.352112e-02  4.847312e-02 -3.490782e-02 
 3.070000e+04  1.250589e+03 -5.362247e-02  4.855942e-02 -3.497543e-02 
 3.075000e+04  1.262163e+03 -5.372283e-02  4.864512e-02 -3.504255e-02 
 3.080000e+04  1.273737e+03 -5.382248e-02  4.873026e-02 -3.510924e-02 
 3.085000e+04  1.285311e+03 -5.392134e-02  4.881484e-02 -3.517543e-02 
 3.090000e+04  1.296885e+03 -5.401946e-02  4.889889e-02 -3.524113e-02 
 3.095000e+04  1.308459e+03 -5.411694e-02  4.898238e-02 -3.530639e-02 
 3.100000e+04  1.320033e+03 -5.421379e-02  4.906530e-02 -3.537116e-02 
 3.105000e+04  1.331607e+03 -5.430992e-02  4.914758e-02 -3.543549e-02 
 3.110000e+04  1.343181e+03 -5.440532e-02  4.922926e-02 -3.549936e-02 
 3.115000e+04  1.354755e+03 -5.450000e-02  4.931027e-02 -3.556271e-02 
 3.120000e+04  1.366330e+03 -5.459395e-02  4.939070e-02 -3.562559e-02 
 3.125000e+04  1.377904e+03 -5.468719e-02  4.947061e-02 -3.568804e-02 
 3.130000e+04  1.389478e+03 -5.477976e-02  4.954998e-02 -3.575005e-02 
 3.135000e+04  1.401052e+03 -5.487173e-02  4.962882e-02 -3.581163e-02 
 3.140000e+04  1.412626e+03 -5.496305e-02  4.970725e-02 -3.587281e-02 
 3.145000e+04  1.424200e+03 -5.505367e-02  4.978525e-02 -3.593364e-02 
 3.150000e+04  1.435774e+03 -5.514359e-02  4.986285e-02 -3.599407e-02 
 3.155000e+04  1.447348e+03 -5.523288e-02  4.993999e-02 -3.605409e-02 
 3.160000e+04  1.458922e+03 -5.532154e-02  5.001670e-02 -3.611372e-02 
 3.165000e+04  1.470496e+03 -5.540954e-02  5.009301e-02 -3.617301e-02 
 3.170000e+04  1.482070e+03 -5.549682e-02  5.016890e-02 -3.623196e-02 
 3.175000e+04  1.493644e+03 -5.558354e-02  5.024442e-02 -3.629055e-02 
 3.180000e+04  1.505218e+03 -5.566973e-02  5.031956e-02 -3.634877e-02 
 3.185000e+04  1.516792e+03 -5.575538e-02  5.039435e-02 -3.640663e-02 
 3.190000e+04  1.528367e+03 -5.584047e-02  5.046876e-02 -3.646411e-02 
 3.195000e+04  1.539941e+03 -5.592504e-02  5.054279e-02 -3.652126e-02 
 3.200000e+04  1.551515e+03 -5.600910e-02  5.061648e-02 -3.657814e-02 
 3.205000e+04  1.563089e+03 -5.609267e-02  5.068984e-02 -3.663478e-02 
 3.210000e+04  1.574663e+03 -5.617577e-02  5.076273e-02 -3.669112e-02 
 3.215000e+04  1.586237e+03 -5.625846e-02  5.083517e-02 -3.674715e-02 
 3.220000e+04  1.597811e+03 -5.634082e-02  5.090718e-02 -3.680291e-02 
 3.225000e+04  1.609385e+03 -5.642282e-02  5.097872e-02 -3.685833e-02 
 3.230000e+04  1.620959e+03 -5.650440e-02  5.104978e-02 -3.691345e-02 
 3.235000e+04  1.632533e+03 -5.658553e-02  5.112043e-02 -3.696831e-02 
 3.240000e+04  1.644107e+03 -5.666620e-02  5.119066e-02 -3.702290e-02 
 3.245000e+04  1.655681e+03 -5.674645e-02  5.126046e-02 -3.707717e-02 
 3.250000e+04  1.667255e+03 -5.682629e-02  5.132990e-02 -3.713118e-02 
 3.255000e+04  1.678830e+03 -5.690569e-02  5.139895e-02 -3.718494e-02 
 3.260000e+04  1.690404e+03 -5.698466e-02  5.146761e-02 -3.723841e-02 
 3.265000e+04  1.701978e+03 -5.706322e-02  5.153593e-02 -3.729166e-02 
 3.270000e+04  1.713552e+03 -5.714140e-02  5.160389e-02 -3.734466e-02 
 3.275000e+04  1.725126e+03 -5.721919e-02  5.167152e-02 -3.739739e-02 
 3.280000e+04  1.736700e+03 -5.729656e-02  5.173887e-02 -3.744989e-02 
 3.285000e+04  1.748274e+03 -5.737353e-02  5.180592e-02 -3.750215e-02 
 3.290000e+04  1.759848e+03 -5.745009e-02  5.187265e-02 -3.755417e-02 
 3.295000e+04  1.771422e+03 -5.752631e-02  5.193906e-02 -3.760602e-02 
 3.300000e+04  1.782996e+03 -5.760224e-02  5.200517e-02 -3.765766e-02 
 3.305000e+04  1.794570e+03 -5.767786e-02  5.207092e-02 -3.770906e-02 
 3.310000e+04  1.806144e+03 -5.775318e-02  5.213633e-02 -3.776027e-02 
 3.315000e+04  1.817718e+03 -5.782820e-02  5.220146e-02 -3.781130e-02 
 3.320000e+04  1.829292e+03 -5.790288e-02  5.226629e-02 -3.786216e-02 
 3.325000e+04  1.840867e+03 -5.797723e-02  5.233082e-02 -3.791284e-02 
 3.330000e+04  1.852441e+03 -5.805129e-02  5.239507e-02 -3.796336e-02 
 3.335000e+04  1.864015e+03 -5.812503e-02  5.245906e-02 -3.801369e-02 
 3.340000e+04  1.875589e+03 -5.819844e-02  5.252278e-02 -3.806383e-02 
 3.345000e+04  1.887163e+03 -5.827150e-02  5.258627e-02 -3.811377e-02 
 3.350000e+04  1.898737e+03 -5.834422e-02  5.264953e-02 -3.816355e-02 
 3.355000e+04  1.910311e+03 -5.841659e-02  5.271259e-02 -3.821313e-02 
 3.360000e+04  1.921885e+03 -5.848867e-02  5.277542e-02 -3.826217e-02 
 3.365000e+04  1.933459e+03 -5.856031e-02  5.283795e-02 -3.831089e-02 
 3.370000e+04  1.945033e+03 -5.863150e-02  5.289987e-02 -3.835946e-02 
 3.375000e+04  1.956607e+03 -5.870234e-02  5.296153e-02 -3.840820e-02 
 3.380000e+04  1.968181e+03 -5.877301e-02  5.302301e-02 -3.845714e-02 
 3.385000e+04  1.979755e+03 -5.884353e-02  5.308454e-02 -3.850609e-02 
 3.390000e+04  1.991330e+03 -5.891395e-02  5.314614e-02 -3.855481e-02 
 3.395000e+04  2.002904e+03 -5.898418e-02  5.320782e-02 -3.860307e-02 
 3.400000e+04  2.014478e+03 -5.905410e-02  5.326945e-02 -3.865095e-02 
 3.405000e+04  2.026052e+03 -5.912351e-02  5.333086e-02 -3.869847e-02 
 3.410000e+04  2.037626e+03 -5.919257e-02  5.339177e-02 -3.874581e-02 
 3.415000e+04  2.049200e+03 -5.926146e-02  5.345205e-02 -3.879309e-02 
 3.420000e+04  2.060774e+03 -5.933013e-02  5.351198e-02 -3.884041e-02 
 3.425000e+04  2.072348e+03 -5.939871e-02  5.357174e-02 -3.888768e-02 
 3.430000e+04  2.083922e+03 -5.946718e-02  5.363151e-02 -3.893492e-02 
 3.435000e+04  2.095496e+03 -5.953544e-02  5.369125e-02 -3.898189e-02 
 3.440000e+04  2.107070e+03 -5.960363e-02  5.375095e-02 -3.902841e-02 
 3.445000e+04  2.118644e+03 -5.967145e-02  5.381060e-02 -3.907454e-02 
 3.450000e+04  2.130218e+03 -5.973882e-02  5.387001e-02 -3.912044e-02 
 3.455000e+04  2.141792e+03 -5.980593e-02  5.392921e-02 -3.916636e-02 
 3.460000e+04  2.153367e+03 -5.987243e-02  5.398819e-02 -3.921253e-02 
 3.465000e+04  2.164941e+03 -5.993875e-02  5.404695e-02 -3.925880e-02 
 3.470000e+04  2.176515e+03 -6.000514e-02  5.410558e-02 -3.930468e-02 
 3.475000e+04  2.188089e+03 -6.007155e-02  5.416415e-02 -3.934995e-02 
 3.480000e+04  2.199663e+03 -6.013785e-02  5.422260e-02 -3.939498e-02 
 3.485000e+04  2.211237e+03 -6.020346e-02  5.428091e-02 -3.944008e-02 
 3.490000e+04  2.222811e+03 -6.026898e-02  5.433908e-02 -3.948505e-02 
 3.495000e+04  2.234385e+03 -6.033424e-02  5.439709e-02 -3.953004e-02 
 3.500000e+04  2.245959e+03 -6.039957e-02  5.445491e-02 -3.957508e-02 
 3.505000e+04  2.257533e+03 -6.046479e-02  5.451246e-02 -3.961970e-02 
 3.510000e+04  2.269107e+03 -6.053020e-02  5.456956e-02 -3.966439e-02 
 3.515000e+04  2.280681e+03 -6.059534e-02  5.462644e-02 -3.970908e-02 
 3.520000e+04  2.292255e+03 -6.066009e-02  5.468323e-02 -3.975358e-02 
 3.525000e+04  2.303830e+03 -6.072482e-02  5.473983e-02 -3.979791e-02 
 3.530000e+04  2.315404e+03 -6.078942e-02  5.479620e-02 -3.984211e-02 
 3.535000e+04  2.326978e+03 -6.085371e-02  5.485243e-02 -3.988599e-02 
 3.540000e+04  2.338552e+03 -6.091797e-02  5.490854e-02 -3.992987e-02 
 3.545000e+04  2.350126e+03 -6.098208e-02  5.496436e-02 -3.997372e-02 
 3.550000e+04  2.361700e+03 -6.104634e-02  5.501992e-02 -4.001735e-02 
 3.555000e+04  2.373274e+03 -6.111051e-02  5.507525e-02 -4.006098e-02 
 3.560000e+04  2.384848e+03 -6.117453e-02  5.513062e-02 -4.010469e-02 
 3.565000e+04  2.396422e+03 -6.123836e-02  5.518611e-02 -4.014835e-02 
 3.570000e+04  2.407996e+03 -6.130145e-02  5.524151e-02 -4.019160e-02 
 3.575000e+04  2.419570e+03 -6.136413e-02  5.529684e-02 -4.023471e-02 
 3.580000e+04  2.431144e+03 -6.142669e-02  5.535200e-02 -4.027779e-02 
 3.585000e+04  2.442718e+03 -6.148811e-02  5.540690e-02 -4.032048e-02 
 3.590000e+04  2.454292e+03 -6.154955e-02  5.546171e-02 -4.036322e-02 
 3.595000e+04  2.465867e+03 -6.161123e-02  5.551659e-02 -4.040589e-02 
 3.600000e+04  2.477441e+03 -6.167328e-02  5.557146e-02 -4.044861e-02 
 3.605000e+04  2.489015e+03 -6.173572e-02  5.562609e-02 -4.049100e-02 
 3.610000e+04  2.500589e+03 -6.179814e-02  5.568036e-02 -4.053308e-02 
 3.615000e+04  2.512163e+03 -6.186018e-02  5.573390e-02 -4.057484e-02 
 3.620000e+04  2.523737e+03 -6.192157e-02  5.578649e-02 -4.061672e-02 
 3.625000e+04  2.535311e+03 -6.198275e-02  5.583863e-02 -4.065888e-02 
 3.630000e+04  2.546885e+03 -6.204376e-02  5.589060e-02 -4.070117e-02 
 3.635000e+04  2.558459e+03 -6.210462e-02  5.594270e-02 -4.074327e-02 
 3.640000e+04  2.570033e+03 -6.216501e-02  5.599507e-02 -4.078486e-02 
 3.645000e+04  2.581607e+03 -6.222569e-02  5.604755e-02 -4.082620e-02 
 3.650000e+04  2.593181e+03 -6.228681e-02  5.610059e-02 -4.086752e-02 
 3.655000e+04  2.604755e+03 -6.234818e-02  5.615385e-02 -4.090888e-02 
 3.660000e+04  2.616330e+03 -6.240962e-02  5.620697e-02 -4.095031e-02 
 3.665000e+04  2.627904e+03 -6.247112e-02  5.625983e-02 -4.099195e-02 
 3.670000e+04  2.639478e+03 -6.253218e-02  5.631293e-02 -4.103377e-02 
 3.675000e+04  2.651052e+03 -6.259269e-02  5.636580e-02 -4.107549e-02 
 3.680000e+04  2.662626e+03 -6.265278e-02  5.641786e-02 -4.111681e-02 
 3.685000e+04  2.674200e+03 -6.271259e-02  5.646990e-02 -4.115778e-02 
 3.690000e+04  2.685774e+03 -6.277220e-02  5.652194e-02 -4.119858e-02 
 3.695000e+04  2.697348e+03 -6.283153e-02  5.657395e-02 -4.123916e-02 
 3.700000e+04  2.708922e+03 -6.289061e-02  5.662602e-02 -4.127965e-02 
 3.705000e+04  2.720496e+03 -6.294944e-02  5.667823e-02 -4.132020e-02 
 3.710000e+04  2.732070e+03 -6.300840e-02  5.673057e-02 -4.136097e-02 
 3.715000e+04  2.743644e+03 -6.306750e-02  5.678273e-02 -4.140187e-02 
 3.720000e+04  2.755218e+03 -6.312689e-02  5.683453e-02 -4.144270e-02 
 3.725000e+04  2.766792e+03 -6.318634e-02  5.688631e-02 -4.148353e-02 
 3.730000e+04  2.778367e+03 -6.324567e-02  5.693829e-02 -4.152418e-02 
 3.735000e+04  2.789941e+03 -6.330509e-02  5.699023e-02 -4.156450e-02 
 3.740000e+04  2.801515e+03 -6.336431e-02  5.704205e-02 -4.160471e-02 
 3.745000e+04  2.813089e+03 -6.342314e-02  5.709380e-02 -4.164491e-02 
 3.750000e+04  2.824663e+03 -6.348191e-02  5.714537e-02 -4.168515e-02 
 3.755000e+04  2.836237e+03 -6.354074e-02  5.719695e-02 -4.172511e-02 
 3.760000e+04  2.847811e+03 -6.359939e-02  5.724827e-02 -4.176488e-02 
 3.765000e+04  2.859385e+03 -6.365800e-02  5.729950e-02 -4.180466e-02 
 3.770000e+04  2.870959e+03 -6.371593e-02  5.735097e-02 -4.184452e-02 
 3.775000e+04  2.882533e+03 -6.377386e-02  5.740272e-02 -4.188441e-02 
 3.780000e+04  2.894107e+03 -6.383170e-02  5.745464e-02 -4.192435e-02 
 3.785000e+04  2.905681e+03 -6.388971e-02  5.750657e-02 -4.196430e-02 
 3.790000e+04  2.917255e+03 -6.394772e-02  5.755862e-02 -4.200421e-02 
 3.795000e+04  2.928830e+03 -6.400547e-02  5.761074e-02 -4.204382e-02 
 3.800000e+04  2.940404e+03 -6.406312e-02  5.766289e-02 -4.208320e-02 
 3.805000e+04  2.951978e+03 -6.412064e-02  5.771490e-02 -4.212244e-02 
 3.810000e+04  2.963552e+03 -6.417779e-02  5.776666e-02 -4.216157e-02 
 3.815000e+04  2.975126e+03 -6.423447e-02  5.781822e-02 -4.220082e-02 
 3.820000e+04  2.986700e+03 -6.429108e-02  5.786959e-02 -4.224014e-02 
 3.825000e+04  2.998274e+03 -6.434778e-02  5.792061e-02 -4.227945e-02 
 3.830000e+04  3.009848e+03 -6.440461e-02  5.797136e-02 -4.231853e-02 
 3.835000e+04  3.021422e+03 -6.446149e-02  5.802201e-02 -4.235741e-02 
 3.840000e+04  3.032996e+03 -6.451833e-02  5.807245e-02 -4.239623e-02 
 3.845000e+04  3.044570e+03 -6.457520e-02  5.812253e-02 -4.243494e-02 
 3.850000e+04  3.056144e+03 -6.463212e-02  5.817260e-02 -4.247356e-02 
 3.855000e+04  3.067718e+03 -6.468864e-02  5.822234e-02 -4.251213e-02 
 3.860000e+04  3.079292e+03 -6.474504e-02  5.827184e-02 -4.255071e-02 
 3.865000e+04  3.090867e+03 -6.480143e-02  5.832149e-02 -4.258923e-02 
 3.870000e+04  3.102441e+03 -6.485771e-02  5.837125e-02 -4.262780e-02 
 3.875000e+04  3.114015e+03 -6.491387e-02  5.842118e-02 -4.266632e-02 
 3.880000e+04  3.125589e+03 -6.496977e-02  5.847118e-02 -4.270470e-02 
 3.885000e+04  3.137163e+03 -6.502580e-02  5.852093e-02 -4.274289e-02 
 3.890000e+04  3.148737e+03 -6.508170e-02  5.857023e-02 -4.278110e-02 
 3.895000e+04  3.160311e+03 -6.513750e-02  5.861946e-02 -4.281915e-02 
 3.900000e+04  3.171885e+03 -6.519277e-02  5.866876e-02 -4.285728e-02 
 3.905000e+04  3.183459e+03 -6.524762e-02  5.871812e-02 -4.289538e-02 
 3.910000e+04  3.195033e+03 -6.530218e-02  5.876741e-02 -4.293341e-02 
 3.915000e+04  3.206607e+03 -6.535680e-02  5.881672e-02 -4.297138e-02 
 3.920000e+04  3.218181e+03 -6.541163e-02  5.886590e-02 -4.300934e-02 
 3.925000e+04  3.229755e+03 -6.546635e-02  5.891482e-02 -4.304705e-02 
 3.930000e+04  3.241330e+03 -6.552101e-02  5.896343e-02 -4.308471e-02 
 3.935000e+04  3.252904e+03 -6.557580e-02  5.901193e-02 -4.312244e-02 
 3.940000e+04  3.264478e+03 -6.563059e-02  5.906036e-02 -4.316001e-02 
 3.945000e+04  3.276052e+03 -6.568543e-02  5.910825e-02 -4.319754e-02 
 3.950000e+04  3.287626e+03 -6.574042e-02  5.915640e-02 -4.323518e-02 
 3.955000e+04  3.299200e+03 -6.579543e-02  5.920467e-02 -4.327297e-02 
 3.960000e+04  3.310774e+03 -6.585027e-02  5.925303e-02 -4.331071e-02 
 3.965000e+04  3.322348e+03 -6.590509e-02  5.930140e-02 -4.334824e-02 
 3.970000e+04  3.333922e+03 -6.595985e-02  5.934949e-02 -4.338572e-02 
 3.975000e+04  3.345496e+03 -6.601450e-02  5.939693e-02 -4.342310e-02 
 3.980000e+04  3.357070e+03 -6.606885e-02  5.944360e-02 -4.346037e-02 
 3.985000e+04  3.368644e+03 -6.612318e-02  5.949010e-02 -4.349744e-02 
 3.990000e+04  3.380218e+03 -6.617743e-02  5.953633e-02 -4.353447e-02 
 3.995000e+04  3.391792e+03 -6.623168e-02  5.958250e-02 -4.357147e-02 
 4.000000e+04  3.403367e+03 -6.628557e-02  5.962921e-02 -4.360854e-02 
 4.005000e+04  3.414941e+03 -6.633887e-02  5.967605e-02 -4.364580e-02 
 4.010000e+04  3.426515e+03 -6.639201e-02  5.972328e-02 -4.368301e-02 
 4.015000e+04  3.438089e+03 -6.644501e-02  5.977064e-02 -4.372006e-02 
 4.020000e+04  3.449663e+03 -6.649799e-02  5.981822e-02 -4.375695e-02 
 4.025000e+04  3.461237e+03 -6.655108e-02  5.986599e-02 -4.379375e-02 
 4.030000e+04  3.472811e+03 -6.660415e-02  5.991381e-02 -4.383060e-02 
 4.035000e+04  3.484385e+03 -6.665714e-02  5.996121e-02 -4.386740e-02 
 4.040000e+04  3.495959e+03 -6.670998e-02  6.000799e-02 -4.390425e-02 
 4.045000e+04  3.507533e+03 -6.676282e-02  6.005429e-02 -4.394116e-02 
 4.050000e+04  3.519107e+03 -6.681562e-02  6.010059e-02 -4.397807e-02 
 4.055000e+04  3.530681e+03 -6.686832e-02  6.014708e-02 -4.401472e-02 
 4.060000e+04  3.542255e+03 -6.692108e-02  6.019372e-02 -4.405131e-02 
 4.065000e+04  3.553830e+03 -6.697396e-02  6.024023e-02 -4.408787e-02 
 4.070000e+04  3.565404e+03 -6.702699e-02  6.028616e-02 -4.412428e-02 
 4.075000e+04  3.576978e+03 -6.708022e-02  6.033195e-02 -4.416056e-02 
 4.080000e+04  3.588552e+03 -6.713351e-02  6.037777e-02 -4.419683e-02 
 4.085000e+04  3.600126e+03 -6.718669e-02  6.042361e-02 -4.423311e-02 
 4.090000e+04  3.611700e+03 -6.723977e-02  6.046942e-02 -4.426940e-02 
 4.095000e+04  3.623274e+03 -6.729272e-02  6.051436e-02 -4.430578e-02 
 4.100000e+04  3.634848e+03 -6.734553e-02  6.055941e-02 -4.434225e-02 
 4.105000e+04  3.646422e+03 -6.739813e-02  6.060454e-02 -4.437870e-02 
 4.110000e+04  3.657996e+03 -6.745042e-02  6.065000e-02 -4.441503e-02 
 4.115000e+04  3.669570e+03 -6.750237e-02  6.069597e-02 -4.445127e-02 
 4.120000e+04  3.681144e+03 -6.755442e-02  6.074230e-02 -4.448750e-02 
 4.125000e+04  3.692718e+03 -6.760642e-02  6.078884e-02 -4.452362e-02 
 4.130000e+04  3.704292e+03 -6.765792e-02  6.083538e-02 -4.455969e-02 
 4.135000e+04  3.715867e+03 -6.770926e-02  6.088189e-02 -4.459566e-02 
 4.140000e+04  3.727441e+03 -6.776068e-02  6.092829e-02 -4.463167e-02 
 4.145000e+04  3.739015e+03 -6.781218e-02  6.097429e-02 -4.466761e-02 
 4.150000e+04  3.750589e+03 -6.786368e-02  6.102008e-02 -4.470357e-02 
 4.155000e+04  3.762163e+03 -6.791528e-02  6.106584e-02 -4.473960e-02 
 4.160000e+04  3.773737e+03 -6.796707e-02  6.111145e-02 -4.477559e-02 
 4.165000e+04  3.785311e+03 -6.801885e-02  6.115697e-02 -4.481138e-02 
 4.170000e+04  3.796885e+03 -6.807066e-02  6.120244e-02 -4.484710e-02 
 4.175000e+04  3.808459e+03 -6.812274e-02  6.124785e-02 -4.488275e-02 
 4.180000e+04  3.820033e+03 -6.817494e-02  6.129313e-02 -4.491817e-02 
 4.185000e+04  3.831607e+03 -6.822729e-02  6.133787e-02 -4.495360e-02 
 4.190000e+04  3.843181e+03 -6.827981e-02  6.138251e-02 -4.498915e-02 
 4.195000e+04  3.854755e+03 -6.833225e-02  6.142730e-02 -4.502497e-02 
 4.200000e+04  3.866330e+03 -6.838462e-02  6.147222e-02 -4.506086e-02 
 4.205000e+04  3.877904e+03 -6.843694e-02  6.151720e-02 -4.509667e-02 
 4.210000e+04  3.889478e+03 -6.848915e-02  6.156215e-02 -4.513242e-02 
 4.215000e+04  3.901052e+03 -6.854129e-02  6.160726e-02 -4.516807e-02 
 4.220000e+04  3.912626e+03 -6.859312e-02  6.165253e-02 -4.520358e-02 
 4.225000e+04  3.924200e+03 -6.864437e-02  6.169800e-02 -4.523893e-02 
 4.230000e+04  3.935774e+03 -6.869534e-02  6.174366e-02 -4.527432e-02 
 4.235000e+04  3.947348e+03 -6.874640e-02  6.178920e-02 -4.530964e-02 
 4.240000e+04  3.958922e+03 -6.879747e-02  6.183469e-02 -4.534488e-02 
 4.245000e+04  3.970496e+03 -6.884817e-02  6.188023e-02 -4.538011e-02 
 4.250000e+04  3.982070e+03 -6.889861e-02  6.192593e-02 -4.541536e-02 
 4.255000e+04  3.993644e+03 -6.894908e-02  6.197159e-02 -4.545053e-02 
 4.260000e+04  4.005218e+03 -6.899966e-02  6.201715e-02 -4.548561e-02 
 4.265000e+04  4.016792e+03 -6.905045e-02  6.206260e-02 -4.552066e-02 
 4.270000e+04  4.028367e+03 -6.910139e-02  6.210784e-02 -4.555572e-02 
 4.275000e+04  4.039941e+03 -6.915244e-02  6.215292e-02 -4.559074e-02 
 4.280000e+04  4.051515e+03 -6.920344e-02  6.219784e-02 -4.562568e-02 
 4.285000e+04  4.063089e+03 -6.925453e-02  6.224259e-02 -4.566062e-02 
 4.290000e+04  4.074663e+03 -6.930569e-02  6.228717e-02 -4.569557e-02 
 4.295000e+04  4.086237e+03 -6.935705e-02  6.233156e-02 -4.573053e-02 
 4.300000e+04  4.097811e+03 -6.940857e-02  6.237591e-02 -4.576544e-02 
 4.305000e+04  4.109385e+03 -6.946016e-02  6.242031e-02 -4.580035e-02 
 4.310000e+04  4.120959e+03 -6.951161e-02  6.246470e-02 -4.583518e-02 
 4.315000e+04  4.132533e+03 -6.956288e-02  6.250904e-02 -4.587001e-02 
 4.320000e+04  4.144107e+03 -6.961402e-02  6.255334e-02 -4.590480e-02 
 4.325000e+04  4.155681e+03 -6.966503e-02  6.259714e-02 -4.593940e-02 
 4.330000e+04  4.167255e+03 -6.971576e-02  6.264050e-02 -4.597387e-02 
 4.335000e+04  4.178830e+03 -6.976640e-02  6.268384e-02 -4.600827e-02 
 4.340000e+04  4.190404e+03 -6.981672e-02  6.272740e-02 -4.604255e-02 
 4.345000e+04  4.201978e+03 -6.986674e-02  6.277104e-02 -4.607682e-02 
 4.350000e+04  4.213552e+03 -6.991671e-02  6.281509e-02 -4.611129e-02 
 4.355000e+04  4.225126e+03 -6.996662e-02  6.285943e-02 -4.614593e-02 
 4.360000e+04  4.236700e+03 -7.001652e-02  6.290390e-02 -4.618059e-02 
 4.365000e+04  4.248274e+03 -7.006637e-02  6.294838e-02 -4.621524e-02 
 4.370000e+04  4.259848e+03 -7.011623e-02  6.299286e-02 -4.624978e-02 
 4.375000e+04  4.271422e+03 -7.016604e-02  6.303709e-02 -4.628413e-02 
 4.380000e+04  4.282996e+03 -7.021572e-02  6.308103e-02 -4.631831e-02 
 4.385000e+04  4.294570e+03 -7.026531e-02  6.312453e-02 -4.635241e-02 
 4.390000e+04  4.306144e+03 -7.031492e-02  6.316725e-02 -4.638637e-02 
 4.395000e+04  4.317718e+03 -7.036426e-02  6.320954e-02 -4.642040e-02 
 4.400000e+04  4.329292e+03 -7.041345e-02  6.325167e-02 -4.645454e-02 
 4.405000e+04  4.340867e+03 -7.046283e-02  6.329384e-02 -4.648871e-02 
 4.410000e+04  4.352441e+03 -7.051247e-02  6.333622e-02 -4.652286e-02 
 4.415000e+04  4.364015e+03 -7.056235e-02  6.337886e-02 -4.655692e-02 
 4.420000e+04  4.375589e+03 -7.061241e-02  6.342174e-02 -4.659093e-02 
 4.425000e+04  4.387163e+03 -7.066241e-02  6.346470e-02 -4.662485e-02 
 4.430000e+04  4.398737e+03 -7.071225e-02  6.350749e-02 -4.665870e-02 
 4.435000e+04  4.410311e+03 -7.076188e-02  6.355007e-02 -4.669255e-02 
 4.440000e+04  4.421885e+03 -7.081123e-02  6.359246e-02 -4.672645e-02 
 4.445000e+04  4.433459e+03 -7.086043e-02  6.363479e-02 -4.676039e-02 
 4.450000e+04  4.445033e+03 -7.090952e-02  6.367717e-02 -4.679436e-02 
 4.455000e+04  4.456607e+03 -7.095849e-02  6.371968e-02 -4.682827e-02 
 4.460000e+04  4.468181e+03 -7.100739e-02  6.376235e-02 -4.686203e-02 
 4.465000e+04  4.479755e+03 -7.105616e-02  6.380523e-02 -4.689572e-02 
 4.470000e+04  4.491330e+03 -7.110487e-02  6.384823e-02 -4.692932e-02 
 4.475000e+04  4.502904e+03 -7.115344e-02  6.389129e-02 -4.696293e-02 
 4.480000e+04  4.514478e+03 -7.120136e-02  6.393430e-02 -4.699654e-02 
 4.485000e+04  4.526052e+03 -7.124887e-02  6.397709e-02 -4.703017e-02 
 4.490000e+04  4.537626e+03 -7.129634e-02  6.401964e-02 -4.706372e-02 
 4.495000e+04  4.549200e+03 -7.134402e-02  6.406212e-02 -4.709720e-02 
 4.500000e+04  4.560774e+03 -7.139196e-02  6.410464e-02 -4.713069e-02 
 4.505000e+04  4.572348e+03 -7.144017e-02  6.414721e-02 -4.716407e-02 
 4.510000e+04  4.583922e+03 -7.148856e-02  6.418972e-02 -4.719738e-02 
 4.515000e+04  4.595496e+03 -7.153709e-02  6.423207e-02 -4.723070e-02 
 4.520000e+04  4.607070e+03 -7.158572e-02  6.427424e-02 -4.726405e-02 
 4.525000e+04  4.618644e+03 -7.163420e-02  6.431631e-02 -4.729743e-02 
 4.530000e+04  4.630218e+03 -7.168256e-02  6.435832e-02 -4.733079e-02 
 4.535000e+04  4.641792e+03 -7.173095e-02  6.440029e-02 -4.736414e-02 
 4.540000e+04  4.653367e+03 -7.177938e-02  6.444204e-02 -4.739746e-02 
 4.545000e+04  4.664941e+03 -7.182782e-02  6.448368e-02 -4.743077e-02 
 4.550000e+04  4.676515e+03 -7.187629e-02  6.452540e-02 -4.746411e-02 
 4.555000e+04  4.688089e+03 -7.192475e-02  6.456722e-02 -4.749743e-02 
 4.560000e+04  4.699663e+03 -7.197294e-02  6.460893e-02 -4.753064e-02 
 4.565000e+04  4.711237e+03 -7.202102e-02  6.465050e-02 -4.756385e-02 
 4.570000e+04  4.722811e+03 -7.206904e-02  6.469213e-02 -4.759707e-02 
 4.575000e+04  4.734385e+03 -7.211677e-02  6.473367e-02 -4.763025e-02 
 4.580000e+04  4.745959e+03 -7.216438e-02  6.477534e-02 -4.766338e-02 
 4.585000e+04  4.757533e+03 -7.221192e-02  6.481717e-02 -4.769648e-02 
 4.590000e+04  4.769107e+03 -7.225949e-02  6.485922e-02 -4.772961e-02 
 4.595000e+04  4.780681e+03 -7.230710e-02  6.490133e-02 -4.776273e-02 
 4.600000e+04  4.792255e+03 -7.235465e-02  6.494340e-02 -4.779579e-02 
 4.605000e+04  4.803830e+03 -7.240221e-02  6.498541e-02 -4.782884e-02 
 4.610000e+04  4.815404e+03 -7.244968e-02  6.502737e-02 -4.786189e-02 
 4.615000e+04  4.826978e+03 -7.249692e-02  6.506917e-02 -4.789490e-02 
 4.620000e+04  4.838552e+03 -7.254386e-02  6.511052e-02 -4.792789e-02 
 4.625000e+04  4.850126e+03 -7.259081e-02  6.515173e-02 -4.796084e-02 
 4.630000e+04  4.861700e+03 -7.263798e-02  6.519280e-02 -4.799372e-02 
 4.635000e+04  4.873274e+03 -7.268519e-02  6.523383e-02 -4.802652e-02 
 4.640000e+04  4.884848e+03 -7.273247e-02  6.527496e-02 -4.805931e-02 
 4.645000e+04  4.896422e+03 -7.277989e-02  6.531627e-02 -4.809219e-02 
 4.650000e+04  4.907996e+03 -7.282750e-02  6.535773e-02 -4.812514e-02 
 4.655000e+04  4.919570e+03 -7.287506e-02  6.539914e-02 -4.815810e-02 
 4.660000e+04  4.931144e+03 -7.292259e-02  6.544046e-02 -4.819107e-02 
 4.665000e+04  4.942718e+03 -7.297009e-02  6.548132e-02 -4.822413e-02 
 4.670000e+04  4.954292e+03 -7.301754e-02  6.552199e-02 -4.825712e-02 
 4.675000e+04  4.965867e+03 -7.306476e-02  6.556252e-02 -4.829008e-02 
 4.680000e+04  4.977441e+03 -7.311194e-02  6.560316e-02 -4.832296e-02 
 4.685000e+04  4.989015e+03 -7.315910e-02  6.564386e-02 -4.835585e-02 
 4.690000e+04  5.000589e+03 -7.320639e-02  6.568467e-02 -4.838875e-02 
 4.695000e+04  5.012163e+03 -7.325370e-02  6.572567e-02 -4.842163e-02 
 4.700000e+04  5.023737e+03 -7.330100e-02  6.576685e-02 -4.845449e-02 
 4.705000e+04  5.035311e+03 -7.334814e-02  6.580806e-02 -4.848739e-02 
 4.710000e+04  5.046885e+03 -7.339509e-02  6.584930e-02 -4.852027e-02 
 4.715000e+04  5.058459e+03 -7.344193e-02  6.589056e-02 -4.855321e-02 
 4.720000e+04  5.070033e+03 -7.348871e-02  6.593186e-02 -4.858614e-02 
 4.725000e+04  5.081607e+03 -7.353525e-02  6.597314e-02 -4.861905e-02 
 4.730000e+04  5.093181e+03 -7.358174e-02  6.601440e-02 -4.865186e-02 
 4.735000e+04  5.104755e+03 -7.362808e-02  6.605572e-02 -4.868460e-02 
 4.740000e+04  5.116330e+03 -7.367441e-02  6.609709e-02 -4.871727e-02 
 4.745000e+04  5.127904e+03 -7.372077e-02  6.613849e-02 -4.874990e-02 
 4.750000e+04  5.139478e+03 -7.376719e-02  6.617992e-02 -4.878253e-02 
 4.755000e+04  5.151052e+03 -7.381366e-02  6.622135e-02 -4.881519e-02 
 4.760000e+04  5.162626e+03 -7.386013e-02  6.626273e-02 -4.884784e-02 
 4.765000e+04  5.174200e+03 -7.390653e-02  6.630398e-02 -4.888048e-02 
 4.770000e+04  5.185774e+03 -7.395293e-02  6.634518e-02 -4.891309e-02 
 4.775000e+04  5.197348e+03 -7.399937e-02  6.638635e-02 -4.894562e-02 
 4.780000e+04  5.208922e+03 -7.404576e-02  6.642751e-02 -4.897804e-02 
 4.785000e+04  5.220496e+03 -7.409216e-02  6.646869e-02 -4.901041e-02 
 4.790000e+04  5.232070e+03 -7.413861e-02  6.650992e-02 -4.904280e-02 
 4.795000e+04  5.243644e+03 -7.418506e-02  6.655109e-02 -4.907518e-02 
 4.800000e+04  5.255218e+03 -7.423147e-02  6.659222e-02 -4.910752e-02 
 4.805000e+04  5.266792e+03 -7.427782e-02  6.663325e-02 -4.913985e-02 
 4.810000e+04  5.278367e+03 -7.432393e-02  6.667427e-02 -4.917216e-02 
 4.815000e+04  5.289941e+03 -7.436990e-02  6.671536e-02 -4.920441e-02 
