         Step [creep.tim... Z Displace... Z Displace... X Displace... 
------------- ------------- ------------- ------------- ------------- 
 5.250000e+03  1.276223e-07 -4.629353e-03  4.524540e-03 -2.433365e-03 
 5.300000e+03  3.886505e-06 -4.629558e-03  4.524646e-03 -2.433578e-03 
 5.350000e+03  3.032390e-05 -4.630463e-03  4.524841e-03 -2.434256e-03 
 5.400000e+03  1.784631e-04 -4.630898e-03  4.525060e-03 -2.434445e-03 
 5.450000e+03  6.921000e-04 -4.631833e-03  4.526487e-03 -2.436181e-03 
 5.500000e+03  1.282759e-03 -4.634823e-03  4.529651e-03 -2.439643e-03 
 5.550000e+03  1.873418e-03 -4.639635e-03  4.534466e-03 -2.444298e-03 
 5.600000e+03  2.779926e-03 -4.648305e-03  4.543912e-03 -2.451703e-03 
 5.650000e+03  4.056981e-03 -4.659587e-03  4.557001e-03 -2.460847e-03 
 5.700000e+03  5.407320e-03 -4.668511e-03  4.567090e-03 -2.467806e-03 
 5.750000e+03  6.971529e-03 -4.676240e-03  4.574350e-03 -2.473685e-03 
 5.800000e+03  8.538722e-03 -4.684159e-03  4.581047e-03 -2.480228e-03 
 5.850000e+03  1.010592e-02 -4.693679e-03  4.589614e-03 -2.488547e-03 
 5.900000e+03  1.167311e-02 -4.704436e-03  4.600520e-03 -2.498499e-03 
 5.950000e+03  1.340592e-02 -4.716989e-03  4.614297e-03 -2.510419e-03 
 6.000000e+03  1.569932e-02 -4.732785e-03  4.631218e-03 -2.524975e-03 
 6.050000e+03  1.801478e-02 -4.746917e-03  4.644421e-03 -2.536050e-03 
 6.100000e+03  2.053389e-02 -4.760488e-03  4.655854e-03 -2.545069e-03 
 6.150000e+03  2.308668e-02 -4.773613e-03  4.667632e-03 -2.553878e-03 
 6.200000e+03  2.563947e-02 -4.787070e-03  4.680937e-03 -2.564119e-03 
 6.250000e+03  2.819227e-02 -4.801526e-03  4.696162e-03 -2.576306e-03 
 6.300000e+03  3.083845e-02 -4.817296e-03  4.713087e-03 -2.590768e-03 
 6.350000e+03  3.407481e-02 -4.835339e-03  4.731490e-03 -2.608024e-03 
 6.400000e+03  3.738193e-02 -4.850286e-03  4.746569e-03 -2.622192e-03 
 6.450000e+03  4.097397e-02 -4.864968e-03  4.762094e-03 -2.635046e-03 
 6.500000e+03  4.456600e-02 -4.879982e-03  4.777948e-03 -2.646752e-03 
 6.550000e+03  4.815804e-02 -4.895740e-03  4.794797e-03 -2.658717e-03 
 6.600000e+03  5.175008e-02 -4.912882e-03  4.813134e-03 -2.671839e-03 
 6.650000e+03  5.544107e-02 -4.931661e-03  4.833124e-03 -2.686581e-03 
 6.700000e+03  5.958347e-02 -4.950756e-03  4.853323e-03 -2.702991e-03 
 6.750000e+03  6.395231e-02 -4.967145e-03  4.870199e-03 -2.718437e-03 
 6.800000e+03  6.893974e-02 -4.984900e-03  4.888086e-03 -2.734799e-03 
 6.850000e+03  7.399409e-02 -5.003207e-03  4.906595e-03 -2.750272e-03 
 6.900000e+03  7.904845e-02 -5.022067e-03  4.925787e-03 -2.765367e-03 
 6.950000e+03  8.410281e-02 -5.041925e-03  4.946183e-03 -2.780709e-03 
 7.000000e+03  8.938360e-02 -5.064011e-03  4.968860e-03 -2.797059e-03 
 7.050000e+03  9.495603e-02 -5.086556e-03  4.991148e-03 -2.813207e-03 
 7.100000e+03  1.006288e-01 -5.106257e-03  5.010124e-03 -2.828233e-03 
 7.150000e+03  1.067080e-01 -5.125735e-03  5.029187e-03 -2.844344e-03 
 7.200000e+03  1.128516e-01 -5.144800e-03  5.048379e-03 -2.860818e-03 
 7.250000e+03  1.189952e-01 -5.163703e-03  5.067849e-03 -2.877157e-03 
 7.300000e+03  1.252383e-01 -5.183575e-03  5.088243e-03 -2.893726e-03 
 7.350000e+03  1.322758e-01 -5.207081e-03  5.111993e-03 -2.911932e-03 
 7.400000e+03  1.393878e-01 -5.229970e-03  5.134902e-03 -2.928593e-03 
 7.450000e+03  1.464998e-01 -5.250720e-03  5.156018e-03 -2.943687e-03 
 7.500000e+03  1.536118e-01 -5.270608e-03  5.176506e-03 -2.958780e-03 
 7.550000e+03  1.607238e-01 -5.290185e-03  5.196842e-03 -2.974217e-03 
 7.600000e+03  1.678357e-01 -5.309209e-03  5.216891e-03 -2.990091e-03 
 7.650000e+03  1.753859e-01 -5.329223e-03  5.237844e-03 -3.007324e-03 
 7.700000e+03  1.842813e-01 -5.352722e-03  5.262165e-03 -3.027289e-03 
 7.750000e+03  1.933582e-01 -5.376025e-03  5.285730e-03 -3.045719e-03 
 7.800000e+03  2.024351e-01 -5.398496e-03  5.308233e-03 -3.062463e-03 
 7.850000e+03  2.115120e-01 -5.420775e-03  5.330729e-03 -3.078715e-03 
 7.900000e+03  2.205889e-01 -5.443093e-03  5.353373e-03 -3.094991e-03 
 7.950000e+03  2.296658e-01 -5.465055e-03  5.375939e-03 -3.111522e-03 
 8.000000e+03  2.387971e-01 -5.486509e-03  5.397882e-03 -3.128481e-03 
 8.050000e+03  2.491896e-01 -5.509977e-03  5.421516e-03 -3.147783e-03 
 8.100000e+03  2.602227e-01 -5.533730e-03  5.445287e-03 -3.167358e-03 
 8.150000e+03  2.712557e-01 -5.556911e-03  5.468306e-03 -3.185685e-03 
 8.200000e+03  2.822887e-01 -5.580201e-03  5.491381e-03 -3.203043e-03 
 8.250000e+03  2.933217e-01 -5.603873e-03  5.514705e-03 -3.219994e-03 
 8.300000e+03  3.043548e-01 -5.627604e-03  5.538176e-03 -3.236777e-03 
 8.350000e+03  3.153878e-01 -5.650586e-03  5.561277e-03 -3.253577e-03 
 8.400000e+03  3.273588e-01 -5.674001e-03  5.585179e-03 -3.271686e-03 
 8.450000e+03  3.401309e-01 -5.697598e-03  5.609627e-03 -3.290803e-03 
 8.500000e+03  3.529030e-01 -5.720448e-03  5.633256e-03 -3.309483e-03 
 8.550000e+03  3.656751e-01 -5.743241e-03  5.656440e-03 -3.327529e-03 
 8.600000e+03  3.787027e-01 -5.766745e-03  5.680277e-03 -3.345387e-03 
 8.650000e+03  3.921134e-01 -5.791210e-03  5.704934e-03 -3.363273e-03 
 8.700000e+03  4.055241e-01 -5.815365e-03  5.729143e-03 -3.380601e-03 
 8.750000e+03  4.194042e-01 -5.839416e-03  5.753325e-03 -3.398092e-03 
 8.800000e+03  4.334854e-01 -5.863033e-03  5.777095e-03 -3.415730e-03 
 8.850000e+03  4.475667e-01 -5.885750e-03  5.800353e-03 -3.433415e-03 
 8.900000e+03  4.616902e-01 -5.907819e-03  5.823047e-03 -3.450954e-03 
 8.950000e+03  4.771948e-01 -5.931972e-03  5.847626e-03 -3.470035e-03 
 9.000000e+03  4.934956e-01 -5.957531e-03  5.873428e-03 -3.489655e-03 
 9.050000e+03  5.097964e-01 -5.983046e-03  5.898711e-03 -3.508279e-03 
 9.100000e+03  5.266857e-01 -6.009074e-03  5.924286e-03 -3.526703e-03 
 9.150000e+03  5.446573e-01 -6.036369e-03  5.951051e-03 -3.545949e-03 
 9.200000e+03  5.626289e-01 -6.063060e-03  5.977320e-03 -3.565110e-03 
 9.250000e+03  5.806006e-01 -6.088576e-03  6.002817e-03 -3.584262e-03 
 9.300000e+03  5.985722e-01 -6.113310e-03  6.027776e-03 -3.603480e-03 
 9.350000e+03  6.170830e-01 -6.138328e-03  6.053335e-03 -3.623171e-03 
 9.400000e+03  6.359532e-01 -6.163376e-03  6.079052e-03 -3.642632e-03 
 9.450000e+03  6.550310e-01 -6.188527e-03  6.104526e-03 -3.661328e-03 
 9.500000e+03  6.755779e-01 -6.215788e-03  6.131746e-03 -3.680714e-03 
 9.550000e+03  6.963823e-01 -6.243403e-03  6.158934e-03 -3.700020e-03 
 9.600000e+03  7.171867e-01 -6.270216e-03  6.185400e-03 -3.719144e-03 
 9.650000e+03  7.379911e-01 -6.296057e-03  6.211168e-03 -3.738261e-03 
 9.700000e+03  7.587955e-01 -6.321277e-03  6.236544e-03 -3.757461e-03 
 9.750000e+03  7.795999e-01 -6.345781e-03  6.261492e-03 -3.776508e-03 
 9.800000e+03  8.010389e-01 -6.370493e-03  6.286632e-03 -3.795553e-03 
 9.850000e+03  8.246409e-01 -6.397706e-03  6.314227e-03 -3.815878e-03 
 9.900000e+03  8.487247e-01 -6.425688e-03  6.342485e-03 -3.836054e-03 
 9.950000e+03  8.728084e-01 -6.453534e-03  6.370128e-03 -3.855592e-03 
 1.000000e+04  8.971329e-01 -6.481210e-03  6.397215e-03 -3.874978e-03 
 1.005000e+04  9.224208e-01 -6.509503e-03  6.424769e-03 -3.895093e-03 
 1.010000e+04  9.477087e-01 -6.536849e-03  6.451744e-03 -3.915238e-03 
 1.015000e+04  9.729966e-01 -6.563052e-03  6.477992e-03 -3.935201e-03 
 1.020000e+04  9.987169e-01 -6.589269e-03  6.504378e-03 -3.955269e-03 
 1.025000e+04  1.026597e+00 -6.617737e-03  6.533120e-03 -3.976615e-03 
 1.030000e+04  1.054477e+00 -6.646099e-03  6.561812e-03 -3.997229e-03 
 1.035000e+04  1.082412e+00 -6.674278e-03  6.590100e-03 -4.017132e-03 
 1.040000e+04  1.111686e+00 -6.703695e-03  6.619252e-03 -4.037532e-03 
 1.045000e+04  1.142336e+00 -6.734103e-03  6.648961e-03 -4.058799e-03 
 1.050000e+04  1.173074e+00 -6.763558e-03  6.677747e-03 -4.080098e-03 
 1.055000e+04  1.203811e+00 -6.791977e-03  6.705854e-03 -4.101338e-03 
 1.060000e+04  1.234549e+00 -6.820000e-03  6.733833e-03 -4.122466e-03 
 1.065000e+04  1.265287e+00 -6.847734e-03  6.761658e-03 -4.143267e-03 
 1.070000e+04  1.296147e+00 -6.875257e-03  6.789408e-03 -4.163404e-03 
 1.075000e+04  1.329785e+00 -6.905178e-03  6.819578e-03 -4.184660e-03 
 1.080000e+04  1.365368e+00 -6.936797e-03  6.851283e-03 -4.206705e-03 
 1.085000e+04  1.400950e+00 -6.967852e-03  6.882106e-03 -4.228509e-03 
 1.090000e+04  1.436533e+00 -6.998251e-03  6.911844e-03 -4.250104e-03 
 1.095000e+04  1.472116e+00 -7.028123e-03  6.940858e-03 -4.271752e-03 
 1.100000e+04  1.509157e+00 -7.058592e-03  6.970667e-03 -4.294247e-03 
 1.105000e+04  1.546519e+00 -7.088401e-03  7.000306e-03 -4.316563e-03 
 1.110000e+04  1.584217e+00 -7.118158e-03  7.030121e-03 -4.338433e-03 
 1.115000e+04  1.623447e+00 -7.149202e-03  7.061243e-03 -4.360676e-03 
 1.120000e+04  1.662677e+00 -7.180226e-03  7.092325e-03 -4.382329e-03 
 1.125000e+04  1.702024e+00 -7.210863e-03  7.122929e-03 -4.403535e-03 
 1.130000e+04  1.744451e+00 -7.243372e-03  7.155172e-03 -4.426293e-03 
 1.135000e+04  1.787702e+00 -7.275979e-03  7.187124e-03 -4.449565e-03 
 1.140000e+04  1.830953e+00 -7.307691e-03  7.218044e-03 -4.472745e-03 
 1.145000e+04  1.874204e+00 -7.338699e-03  7.248416e-03 -4.495678e-03 
 1.150000e+04  1.919055e+00 -7.370665e-03  7.279849e-03 -4.519031e-03 
 1.155000e+04  1.964468e+00 -7.402897e-03  7.311782e-03 -4.542125e-03 
 1.160000e+04  2.009882e+00 -7.434778e-03  7.343602e-03 -4.564543e-03 
 1.165000e+04  2.057829e+00 -7.468074e-03  7.376871e-03 -4.587707e-03 
 1.170000e+04  2.107898e+00 -7.502454e-03  7.411211e-03 -4.611692e-03 
 1.175000e+04  2.157966e+00 -7.536226e-03  7.444726e-03 -4.635565e-03 
 1.180000e+04  2.208034e+00 -7.569154e-03  7.477096e-03 -4.659304e-03 
 1.185000e+04  2.260205e+00 -7.602991e-03  7.510102e-03 -4.683884e-03 
 1.190000e+04  2.312777e+00 -7.636779e-03  7.543060e-03 -4.708434e-03 
 1.195000e+04  2.365349e+00 -7.670052e-03  7.575791e-03 -4.732452e-03 
 1.200000e+04  2.417921e+00 -7.702957e-03  7.608349e-03 -4.755774e-03 
 1.205000e+04  2.473121e+00 -7.737438e-03  7.642604e-03 -4.779787e-03 
 1.210000e+04  2.528321e+00 -7.771630e-03  7.676716e-03 -4.803491e-03 
 1.215000e+04  2.583522e+00 -7.805105e-03  7.709971e-03 -4.826949e-03 
 1.220000e+04  2.642878e+00 -7.840451e-03  7.744889e-03 -4.852054e-03 
 1.225000e+04  2.703737e+00 -7.876205e-03  7.780049e-03 -4.877782e-03 
 1.230000e+04  2.764595e+00 -7.911386e-03  7.814424e-03 -4.903223e-03 
 1.235000e+04  2.825453e+00 -7.946005e-03  7.848275e-03 -4.928188e-03 
 1.240000e+04  2.887833e+00 -7.981491e-03  7.882896e-03 -4.953230e-03 
 1.245000e+04  2.951735e+00 -8.017760e-03  7.918326e-03 -4.978370e-03 
 1.250000e+04  3.015636e+00 -8.053333e-03  7.953467e-03 -5.003055e-03 
 1.255000e+04  3.080240e+00 -8.088633e-03  7.988476e-03 -5.027753e-03 
 1.260000e+04  3.147336e+00 -8.124858e-03  8.024512e-03 -5.053366e-03 
 1.265000e+04  3.214433e+00 -8.160503e-03  8.059789e-03 -5.078821e-03 
 1.270000e+04  3.281999e+00 -8.195745e-03  8.094392e-03 -5.104132e-03 
 1.275000e+04  3.354352e+00 -8.233220e-03  8.131009e-03 -5.130916e-03 
 1.280000e+04  3.428326e+00 -8.271490e-03  8.168191e-03 -5.157872e-03 
 1.285000e+04  3.502299e+00 -8.309168e-03  8.204954e-03 -5.184256e-03 
 1.290000e+04  3.576273e+00 -8.346435e-03  8.241374e-03 -5.210116e-03 
 1.295000e+04  3.650247e+00 -8.383370e-03  8.277611e-03 -5.235748e-03 
 1.300000e+04  3.724220e+00 -8.419688e-03  8.313557e-03 -5.261194e-03 
 1.305000e+04  3.798194e+00 -8.455229e-03  8.348807e-03 -5.286429e-03 
 1.310000e+04  3.877501e+00 -8.492876e-03  8.386035e-03 -5.313330e-03 
 1.315000e+04  3.959057e+00 -8.531404e-03  8.423814e-03 -5.340774e-03 
 1.320000e+04  4.040613e+00 -8.569482e-03  8.460952e-03 -5.367747e-03 
 1.325000e+04  4.122169e+00 -8.607196e-03  8.497583e-03 -5.394147e-03 
 1.330000e+04  4.207640e+00 -8.646615e-03  8.535776e-03 -5.421367e-03 
 1.335000e+04  4.293274e+00 -8.685744e-03  8.573746e-03 -5.448373e-03 
 1.340000e+04  4.378908e+00 -8.724032e-03  8.611204e-03 -5.475118e-03 
 1.345000e+04  4.465483e+00 -8.762040e-03  8.648654e-03 -5.501961e-03 
 1.350000e+04  4.555399e+00 -8.801137e-03  8.687272e-03 -5.529693e-03 
 1.355000e+04  4.645314e+00 -8.839710e-03  8.725381e-03 -5.557116e-03 
 1.360000e+04  4.736489e+00 -8.878358e-03  8.763360e-03 -5.584476e-03 
 1.365000e+04  4.833449e+00 -8.919362e-03  8.803294e-03 -5.613110e-03 
 1.370000e+04  4.932581e+00 -8.961109e-03  8.843732e-03 -5.642039e-03 
 1.375000e+04  5.031713e+00 -9.002262e-03  8.883553e-03 -5.670579e-03 
 1.380000e+04  5.130845e+00 -9.042816e-03  8.922866e-03 -5.698757e-03 
 1.385000e+04  5.229976e+00 -9.082875e-03  8.961922e-03 -5.726787e-03 
 1.390000e+04  5.329108e+00 -9.122290e-03  9.000636e-03 -5.754615e-03 
 1.395000e+04  5.429033e+00 -9.161345e-03  9.039133e-03 -5.782332e-03 
 1.400000e+04  5.536556e+00 -9.203056e-03  9.080189e-03 -5.811811e-03 
 1.405000e+04  5.645849e+00 -9.245296e-03  9.121644e-03 -5.841425e-03 
 1.410000e+04  5.755142e+00 -9.287164e-03  9.162486e-03 -5.870540e-03 
 1.415000e+04  5.865200e+00 -9.328905e-03  9.202901e-03 -5.899426e-03 
 1.420000e+04  5.979958e+00 -9.372128e-03  9.244557e-03 -5.929292e-03 
 1.425000e+04  6.094715e+00 -9.414773e-03  9.285764e-03 -5.958981e-03 
 1.430000e+04  6.209473e+00 -9.456562e-03  9.326443e-03 -5.988376e-03 
 1.435000e+04  6.324804e+00 -9.498008e-03  9.366984e-03 -6.017616e-03 
 1.440000e+04  6.445299e+00 -9.541009e-03  9.409166e-03 -6.047940e-03 
 1.445000e+04  6.565795e+00 -9.583633e-03  9.450999e-03 -6.077845e-03 
 1.450000e+04  6.687856e+00 -9.626357e-03  9.492788e-03 -6.107605e-03 
 1.455000e+04  6.816780e+00 -9.671286e-03  9.536430e-03 -6.138629e-03 
 1.460000e+04  6.949626e+00 -9.717194e-03  9.580847e-03 -6.170362e-03 
 1.465000e+04  7.082473e+00 -9.762440e-03  9.624423e-03 -6.201781e-03 
 1.470000e+04  7.215319e+00 -9.807005e-03  9.667409e-03 -6.232939e-03 
 1.475000e+04  7.348165e+00 -9.851149e-03  9.710115e-03 -6.263866e-03 
 1.480000e+04  7.481011e+00 -9.894772e-03  9.752569e-03 -6.294493e-03 
 1.485000e+04  7.613857e+00 -9.937755e-03  9.794600e-03 -6.324699e-03 
 1.490000e+04  7.752681e+00 -9.982360e-03  9.838227e-03 -6.355862e-03 
 1.495000e+04  7.898028e+00 -1.002889e-02  9.883600e-03 -6.388114e-03 
 1.500000e+04  8.044491e+00 -1.007535e-02  9.928617e-03 -6.420231e-03 
 1.505000e+04  8.190954e+00 -1.012127e-02  9.972858e-03 -6.451949e-03 
 1.510000e+04  8.343715e+00 -1.016876e-02  1.001844e-02 -6.484864e-03 
 1.515000e+04  8.497501e+00 -1.021599e-02  1.006385e-02 -6.517809e-03 
 1.520000e+04  8.651287e+00 -1.026236e-02  1.010862e-02 -6.550363e-03 
 1.525000e+04  8.806303e+00 -1.030859e-02  1.015348e-02 -6.582795e-03 
 1.530000e+04  8.967778e+00 -1.035645e-02  1.020011e-02 -6.616234e-03 
 1.535000e+04  9.129254e+00 -1.040393e-02  1.024650e-02 -6.649181e-03 
 1.540000e+04  9.291213e+00 -1.045097e-02  1.029246e-02 -6.681771e-03 
 1.545000e+04  9.460763e+00 -1.049993e-02  1.033990e-02 -6.715612e-03 
 1.550000e+04  9.630312e+00 -1.054843e-02  1.038672e-02 -6.749264e-03 
 1.555000e+04  9.799861e+00 -1.059621e-02  1.043274e-02 -6.782614e-03 
 1.560000e+04  9.969410e+00 -1.064345e-02  1.047818e-02 -6.815663e-03 
 1.565000e+04  1.013896e+01 -1.069034e-02  1.052337e-02 -6.848412e-03 
 1.570000e+04  1.030851e+01 -1.073682e-02  1.056832e-02 -6.880797e-03 
 1.575000e+04  1.047806e+01 -1.078273e-02  1.061295e-02 -6.912758e-03 
 1.580000e+04  1.066249e+01 -1.083231e-02  1.066113e-02 -6.947131e-03 
 1.585000e+04  1.084942e+01 -1.088227e-02  1.070964e-02 -6.981647e-03 
 1.590000e+04  1.103635e+01 -1.093170e-02  1.075745e-02 -7.015850e-03 
 1.595000e+04  1.122477e+01 -1.098098e-02  1.080473e-02 -7.049997e-03 
 1.600000e+04  1.142105e+01 -1.103191e-02  1.085343e-02 -7.085369e-03 
 1.605000e+04  1.161732e+01 -1.108234e-02  1.090169e-02 -7.120513e-03 
 1.610000e+04  1.181359e+01 -1.113212e-02  1.094945e-02 -7.155183e-03 
 1.615000e+04  1.201379e+01 -1.118243e-02  1.099782e-02 -7.190093e-03 
 1.620000e+04  1.221988e+01 -1.123394e-02  1.104747e-02 -7.225697e-03 
 1.625000e+04  1.242597e+01 -1.128489e-02  1.109676e-02 -7.260895e-03 
 1.630000e+04  1.263536e+01 -1.133600e-02  1.114625e-02 -7.296236e-03 
 1.635000e+04  1.285889e+01 -1.139009e-02  1.119857e-02 -7.333768e-03 
 1.640000e+04  1.308610e+01 -1.144459e-02  1.125109e-02 -7.371715e-03 
 1.645000e+04  1.331331e+01 -1.149834e-02  1.130273e-02 -7.409222e-03 
 1.650000e+04  1.354052e+01 -1.155160e-02  1.135385e-02 -7.446297e-03 
 1.655000e+04  1.376774e+01 -1.160459e-02  1.140470e-02 -7.483000e-03 
 1.660000e+04  1.399495e+01 -1.165710e-02  1.145516e-02 -7.519295e-03 
 1.665000e+04  1.422216e+01 -1.170892e-02  1.150513e-02 -7.555207e-03 
 1.670000e+04  1.446415e+01 -1.176361e-02  1.155798e-02 -7.593156e-03 
 1.675000e+04  1.471465e+01 -1.181984e-02  1.161230e-02 -7.632114e-03 
 1.680000e+04  1.496515e+01 -1.187547e-02  1.166587e-02 -7.670704e-03 
 1.685000e+04  1.521991e+01 -1.193150e-02  1.171958e-02 -7.709524e-03 
 1.690000e+04  1.548294e+01 -1.198892e-02  1.177443e-02 -7.749284e-03 
 1.695000e+04  1.574597e+01 -1.204586e-02  1.182869e-02 -7.788659e-03 
 1.700000e+04  1.600899e+01 -1.210213e-02  1.188239e-02 -7.827629e-03 
 1.705000e+04  1.627491e+01 -1.215855e-02  1.193629e-02 -7.866560e-03 
 1.710000e+04  1.655109e+01 -1.221671e-02  1.199196e-02 -7.906668e-03 
 1.715000e+04  1.682727e+01 -1.227420e-02  1.204720e-02 -7.946384e-03 
 1.720000e+04  1.710483e+01 -1.233123e-02  1.210199e-02 -7.985870e-03 
 1.725000e+04  1.740148e+01 -1.239172e-02  1.216002e-02 -8.027754e-03 
 1.730000e+04  1.770597e+01 -1.245330e-02  1.221901e-02 -8.070452e-03 
 1.735000e+04  1.801045e+01 -1.251419e-02  1.227724e-02 -8.112669e-03 
 1.740000e+04  1.831738e+01 -1.257506e-02  1.233530e-02 -8.154668e-03 
 1.745000e+04  1.863709e+01 -1.263799e-02  1.239530e-02 -8.198017e-03 
 1.750000e+04  1.895680e+01 -1.270026e-02  1.245474e-02 -8.241005e-03 
 1.755000e+04  1.927651e+01 -1.276164e-02  1.251353e-02 -8.283508e-03 
 1.760000e+04  1.960485e+01 -1.282413e-02  1.257350e-02 -8.326772e-03 
 1.765000e+04  1.994054e+01 -1.288755e-02  1.263433e-02 -8.370661e-03 
 1.770000e+04  2.027624e+01 -1.295027e-02  1.269446e-02 -8.414062e-03 
 1.775000e+04  2.062100e+01 -1.301405e-02  1.275549e-02 -8.458144e-03 
 1.780000e+04  2.097947e+01 -1.307996e-02  1.281831e-02 -8.503598e-03 
 1.785000e+04  2.134958e+01 -1.314738e-02  1.288242e-02 -8.550101e-03 
 1.790000e+04  2.171968e+01 -1.321399e-02  1.294581e-02 -8.596057e-03 
 1.795000e+04  2.208978e+01 -1.328007e-02  1.300860e-02 -8.641552e-03 
 1.800000e+04  2.245989e+01 -1.334566e-02  1.307090e-02 -8.686633e-03 
 1.805000e+04  2.282999e+01 -1.341037e-02  1.313256e-02 -8.731266e-03 
 1.810000e+04  2.320380e+01 -1.347501e-02  1.319424e-02 -8.775954e-03 
 1.815000e+04  2.360951e+01 -1.354465e-02  1.326063e-02 -8.824027e-03 
 1.820000e+04  2.401755e+01 -1.361414e-02  1.332681e-02 -8.871944e-03 
 1.825000e+04  2.442559e+01 -1.368295e-02  1.339222e-02 -8.919300e-03 
 1.830000e+04  2.484872e+01 -1.375365e-02  1.345926e-02 -8.967818e-03 
 1.835000e+04  2.527717e+01 -1.382463e-02  1.352647e-02 -9.016493e-03 
 1.840000e+04  2.570561e+01 -1.389471e-02  1.359298e-02 -9.064802e-03 
 1.845000e+04  2.613405e+01 -1.396398e-02  1.365888e-02 -9.112633e-03 
 1.850000e+04  2.657835e+01 -1.403517e-02  1.372667e-02 -9.161753e-03 
 1.855000e+04  2.702821e+01 -1.410670e-02  1.379481e-02 -9.211051e-03 
 1.860000e+04  2.747807e+01 -1.417749e-02  1.386221e-02 -9.259753e-03 
 1.865000e+04  2.795452e+01 -1.425175e-02  1.393281e-02 -9.310769e-03 
 1.870000e+04  2.845050e+01 -1.432846e-02  1.400559e-02 -9.363470e-03 
 1.875000e+04  2.894648e+01 -1.440444e-02  1.407746e-02 -9.415652e-03 
 1.880000e+04  2.944245e+01 -1.447956e-02  1.414845e-02 -9.467252e-03 
 1.885000e+04  2.995182e+01 -1.455605e-02  1.422065e-02 -9.519738e-03 
 1.890000e+04  3.047259e+01 -1.463352e-02  1.429390e-02 -9.572925e-03 
 1.895000e+04  3.099337e+01 -1.471002e-02  1.436638e-02 -9.625503e-03 
 1.900000e+04  3.152403e+01 -1.478720e-02  1.443952e-02 -9.678534e-03 
 1.905000e+04  3.207085e+01 -1.486614e-02  1.451432e-02 -9.732684e-03 
 1.910000e+04  3.261766e+01 -1.494433e-02  1.458834e-02 -9.786263e-03 
 1.915000e+04  3.316447e+01 -1.502169e-02  1.466144e-02 -9.839255e-03 
 1.920000e+04  3.373863e+01 -1.510221e-02  1.473735e-02 -9.894392e-03 
 1.925000e+04  3.431278e+01 -1.518202e-02  1.481249e-02 -9.949043e-03 
 1.930000e+04  3.488693e+01 -1.526087e-02  1.488683e-02 -1.000316e-02 
 1.935000e+04  3.547601e+01 -1.534099e-02  1.496240e-02 -1.005810e-02 
 1.940000e+04  3.607887e+01 -1.542233e-02  1.503916e-02 -1.011374e-02 
 1.945000e+04  3.668174e+01 -1.550286e-02  1.511520e-02 -1.016882e-02 
 1.950000e+04  3.729062e+01 -1.558329e-02  1.519123e-02 -1.022386e-02 
 1.955000e+04  3.795022e+01 -1.566965e-02  1.527275e-02 -1.028293e-02 
 1.960000e+04  3.861487e+01 -1.575589e-02  1.535405e-02 -1.034197e-02 
 1.965000e+04  3.927952e+01 -1.584121e-02  1.543435e-02 -1.040034e-02 
 1.970000e+04  3.995149e+01 -1.592666e-02  1.551458e-02 -1.045863e-02 
 1.975000e+04  4.064938e+01 -1.601469e-02  1.559717e-02 -1.051863e-02 
 1.980000e+04  4.134726e+01 -1.610172e-02  1.567891e-02 -1.057809e-02 
 1.985000e+04  4.205352e+01 -1.618880e-02  1.576077e-02 -1.063756e-02 
 1.990000e+04  4.279876e+01 -1.627988e-02  1.584642e-02 -1.069971e-02 
 1.995000e+04  4.356818e+01 -1.637308e-02  1.593396e-02 -1.076323e-02 
 2.000000e+04  4.433760e+01 -1.646526e-02  1.602052e-02 -1.082604e-02 
 2.005000e+04  4.512857e+01 -1.655905e-02  1.610841e-02 -1.088987e-02 
 2.010000e+04  4.593646e+01 -1.665402e-02  1.619720e-02 -1.095443e-02 
 2.015000e+04  4.674435e+01 -1.674793e-02  1.628497e-02 -1.101836e-02 
 2.020000e+04  4.755547e+01 -1.684116e-02  1.637214e-02 -1.108182e-02 
 2.025000e+04  4.841818e+01 -1.693942e-02  1.646397e-02 -1.114861e-02 
 2.030000e+04  4.930888e+01 -1.703987e-02  1.655791e-02 -1.121685e-02 
 2.035000e+04  5.019958e+01 -1.713908e-02  1.665084e-02 -1.128428e-02 
 2.040000e+04  5.111789e+01 -1.724022e-02  1.674553e-02 -1.135306e-02 
 2.045000e+04  5.208773e+01 -1.734604e-02  1.684450e-02 -1.142494e-02 
 2.050000e+04  5.306973e+01 -1.745203e-02  1.694358e-02 -1.149691e-02 
 2.055000e+04  5.405173e+01 -1.755680e-02  1.704133e-02 -1.156797e-02 
 2.060000e+04  5.506711e+01 -1.766407e-02  1.714125e-02 -1.164060e-02 
 2.065000e+04  5.609821e+01 -1.777185e-02  1.724161e-02 -1.171365e-02 
 2.070000e+04  5.712931e+01 -1.787829e-02  1.734081e-02 -1.178584e-02 
 2.075000e+04  5.818927e+01 -1.798653e-02  1.744160e-02 -1.185913e-02 
 2.080000e+04  5.931307e+01 -1.810024e-02  1.754742e-02 -1.193603e-02 
 2.085000e+04  6.044985e+01 -1.821395e-02  1.765328e-02 -1.201292e-02 
 2.090000e+04  6.158663e+01 -1.832627e-02  1.775775e-02 -1.208881e-02 
 2.095000e+04  6.277685e+01 -1.844266e-02  1.786578e-02 -1.216740e-02 
 2.100000e+04  6.397047e+01 -1.855810e-02  1.797287e-02 -1.224536e-02 
 2.105000e+04  6.516409e+01 -1.867213e-02  1.807862e-02 -1.232239e-02 
 2.110000e+04  6.640952e+01 -1.878988e-02  1.818765e-02 -1.240172e-02 
 2.115000e+04  6.772549e+01 -1.891311e-02  1.830169e-02 -1.248468e-02 
 2.120000e+04  6.904146e+01 -1.903484e-02  1.841432e-02 -1.256664e-02 
 2.125000e+04  7.035743e+01 -1.915498e-02  1.852550e-02 -1.264750e-02 
 2.130000e+04  7.174223e+01 -1.928003e-02  1.864113e-02 -1.273162e-02 
 2.135000e+04  7.319308e+01 -1.940954e-02  1.876091e-02 -1.281877e-02 
 2.140000e+04  7.464394e+01 -1.953751e-02  1.887920e-02 -1.290480e-02 
 2.145000e+04  7.612962e+01 -1.966699e-02  1.899871e-02 -1.299172e-02 
 2.150000e+04  7.765302e+01 -1.979830e-02  1.911973e-02 -1.307981e-02 
 2.155000e+04  7.917642e+01 -1.992790e-02  1.923919e-02 -1.316680e-02 
 2.160000e+04  8.073364e+01 -2.005871e-02  1.935978e-02 -1.325454e-02 
 2.165000e+04  8.241318e+01 -2.019831e-02  1.948840e-02 -1.334804e-02 
 2.170000e+04  8.409273e+01 -2.033626e-02  1.961541e-02 -1.344040e-02 
 2.175000e+04  8.577228e+01 -2.047237e-02  1.974067e-02 -1.353149e-02 
 2.180000e+04  8.751733e+01 -2.061204e-02  1.986900e-02 -1.362491e-02 
 2.185000e+04  8.928086e+01 -2.075163e-02  1.999714e-02 -1.371818e-02 
 2.190000e+04  9.104438e+01 -2.088943e-02  2.012363e-02 -1.381021e-02 
 2.195000e+04  9.288162e+01 -2.103123e-02  2.025362e-02 -1.390483e-02 
 2.200000e+04  9.482591e+01 -2.117965e-02  2.038952e-02 -1.400375e-02 
 2.205000e+04  9.677020e+01 -2.132621e-02  2.052369e-02 -1.410139e-02 
 2.210000e+04  9.871449e+01 -2.147074e-02  2.065603e-02 -1.419764e-02 
 2.215000e+04  1.008213e+02 -2.162543e-02  2.079753e-02 -1.430057e-02 
 2.220000e+04  1.029649e+02 -2.178092e-02  2.093962e-02 -1.440398e-02 
 2.225000e+04  1.051085e+02 -2.193430e-02  2.107974e-02 -1.450592e-02 
 2.230000e+04  1.073497e+02 -2.209257e-02  2.122417e-02 -1.461103e-02 
 2.235000e+04  1.097130e+02 -2.225739e-02  2.137443e-02 -1.472044e-02 
 2.240000e+04  1.120763e+02 -2.241997e-02  2.152252e-02 -1.482824e-02 
 2.245000e+04  1.144679e+02 -2.258222e-02  2.167020e-02 -1.493566e-02 
 2.250000e+04  1.170710e+02 -2.275659e-02  2.182875e-02 -1.505103e-02 
 2.255000e+04  1.196765e+02 -2.292873e-02  2.198518e-02 -1.516491e-02 
 2.260000e+04  1.222820e+02 -2.309829e-02  2.213919e-02 -1.527700e-02 
 2.265000e+04  1.249735e+02 -2.327101e-02  2.229588e-02 -1.539109e-02 
 2.270000e+04  1.277094e+02 -2.344428e-02  2.245296e-02 -1.550549e-02 
 2.275000e+04  1.304452e+02 -2.361504e-02  2.260779e-02 -1.561814e-02 
 2.280000e+04  1.333511e+02 -2.379395e-02  2.276984e-02 -1.573599e-02 
 2.285000e+04  1.364729e+02 -2.398368e-02  2.294158e-02 -1.586092e-02 
 2.290000e+04  1.396400e+02 -2.417333e-02  2.311321e-02 -1.598579e-02 
 2.295000e+04  1.428070e+02 -2.436005e-02  2.328195e-02 -1.610853e-02 
 2.300000e+04  1.460501e+02 -2.454839e-02  2.345193e-02 -1.623223e-02 
 2.305000e+04  1.493754e+02 -2.473877e-02  2.362362e-02 -1.635725e-02 
 2.310000e+04  1.527008e+02 -2.492628e-02  2.379265e-02 -1.648029e-02 
 2.315000e+04  1.562429e+02 -2.512311e-02  2.396992e-02 -1.660932e-02 
 2.320000e+04  1.599091e+02 -2.532413e-02  2.415086e-02 -1.674099e-02 
 2.325000e+04  1.635754e+02 -2.552205e-02  2.432889e-02 -1.687047e-02 
 2.330000e+04  1.672893e+02 -2.571937e-02  2.450616e-02 -1.699940e-02 
 2.335000e+04  1.713159e+02 -2.593017e-02  2.469541e-02 -1.713714e-02 
 2.340000e+04  1.753579e+02 -2.613856e-02  2.488243e-02 -1.727330e-02 
 2.345000e+04  1.794000e+02 -2.634359e-02  2.506628e-02 -1.740715e-02 
 2.350000e+04  1.837096e+02 -2.655887e-02  2.525907e-02 -1.754748e-02 
 2.355000e+04  1.881659e+02 -2.677820e-02  2.545537e-02 -1.769036e-02 
 2.360000e+04  1.926223e+02 -2.699387e-02  2.564839e-02 -1.783075e-02 
 2.365000e+04  1.971232e+02 -2.720809e-02  2.583988e-02 -1.797008e-02 
 2.370000e+04  2.020222e+02 -2.743771e-02  2.604500e-02 -1.811940e-02 
 2.375000e+04  2.069354e+02 -2.766428e-02  2.624735e-02 -1.826670e-02 
 2.380000e+04  2.118485e+02 -2.788696e-02  2.644610e-02 -1.841133e-02 
 2.385000e+04  2.168795e+02 -2.811122e-02  2.664605e-02 -1.855686e-02 
 2.390000e+04  2.220383e+02 -2.833758e-02  2.684776e-02 -1.870371e-02 
 2.395000e+04  2.271971e+02 -2.856019e-02  2.704606e-02 -1.884800e-02 
 2.400000e+04  2.327618e+02 -2.879652e-02  2.725635e-02 -1.900103e-02 
 2.405000e+04  2.384494e+02 -2.903442e-02  2.746783e-02 -1.915502e-02 
 2.410000e+04  2.441369e+02 -2.926826e-02  2.767557e-02 -1.930630e-02 
 2.415000e+04  2.498873e+02 -2.950054e-02  2.788173e-02 -1.945642e-02 
 2.420000e+04  2.561578e+02 -2.974982e-02  2.810276e-02 -1.961745e-02 
 2.425000e+04  2.624284e+02 -2.999498e-02  2.832007e-02 -1.977581e-02 
 2.430000e+04  2.686989e+02 -3.023586e-02  2.853337e-02 -1.993123e-02 
 2.435000e+04  2.752782e+02 -3.048431e-02  2.875309e-02 -2.009142e-02 
 2.440000e+04  2.821915e+02 -3.074117e-02  2.898007e-02 -2.025697e-02 
 2.445000e+04  2.891047e+02 -3.099350e-02  2.920299e-02 -2.041952e-02 
 2.450000e+04  2.960594e+02 -3.124275e-02  2.942299e-02 -2.057997e-02 
 2.455000e+04  3.036014e+02 -3.150842e-02  2.965738e-02 -2.075101e-02 
 2.460000e+04  3.112233e+02 -3.177224e-02  2.989017e-02 -2.092089e-02 
 2.465000e+04  3.188452e+02 -3.203116e-02  3.011862e-02 -2.108755e-02 
 2.470000e+04  3.267033e+02 -3.229322e-02  3.034969e-02 -2.125616e-02 
 2.475000e+04  3.347062e+02 -3.255543e-02  3.058083e-02 -2.142486e-02 
 2.480000e+04  3.427092e+02 -3.281288e-02  3.080771e-02 -2.159046e-02 
 2.485000e+04  3.513404e+02 -3.308565e-02  3.104795e-02 -2.176585e-02 
 2.490000e+04  3.601636e+02 -3.335981e-02  3.128931e-02 -2.194213e-02 
 2.495000e+04  3.689869e+02 -3.362895e-02  3.152618e-02 -2.211515e-02 
 2.500000e+04  3.778101e+02 -3.389303e-02  3.175839e-02 -2.228485e-02 
 2.505000e+04  3.872792e+02 -3.417133e-02  3.200294e-02 -2.246369e-02 
 2.510000e+04  3.970069e+02 -3.445233e-02  3.224979e-02 -2.264429e-02 
 2.515000e+04  4.067345e+02 -3.472822e-02  3.249193e-02 -2.282152e-02 
 2.520000e+04  4.165011e+02 -3.500012e-02  3.273028e-02 -2.299610e-02 
 2.525000e+04  4.267151e+02 -3.527944e-02  3.297494e-02 -2.317544e-02 
 2.530000e+04  4.369291e+02 -3.555364e-02  3.321507e-02 -2.335153e-02 
 2.535000e+04  4.474955e+02 -3.583200e-02  3.345884e-02 -2.353032e-02 
 2.540000e+04  4.587564e+02 -3.612366e-02  3.371420e-02 -2.371772e-02 
 2.545000e+04  4.700174e+02 -3.641006e-02  3.396497e-02 -2.390183e-02 
 2.550000e+04  4.812783e+02 -3.669098e-02  3.421092e-02 -2.408243e-02 
 2.555000e+04  4.925393e+02 -3.696653e-02  3.445212e-02 -2.425961e-02 
 2.560000e+04  5.041134e+02 -3.724451e-02  3.469544e-02 -2.443845e-02 
 2.565000e+04  5.156874e+02 -3.751746e-02  3.493437e-02 -2.461412e-02 
 2.570000e+04  5.272615e+02 -3.778561e-02  3.516904e-02 -2.478676e-02 
 2.575000e+04  5.388356e+02 -3.804912e-02  3.539971e-02 -2.495653e-02 
 2.580000e+04  5.504097e+02 -3.830809e-02  3.562650e-02 -2.512345e-02 
 2.585000e+04  5.619837e+02 -3.856269e-02  3.584954e-02 -2.528757e-02 
 2.590000e+04  5.735578e+02 -3.881322e-02  3.606901e-02 -2.544915e-02 
 2.595000e+04  5.851319e+02 -3.905978e-02  3.628504e-02 -2.560830e-02 
 2.600000e+04  5.967060e+02 -3.930249e-02  3.649765e-02 -2.576501e-02 
 2.605000e+04  6.082800e+02 -3.954156e-02  3.670697e-02 -2.591942e-02 
 2.610000e+04  6.198541e+02 -3.977720e-02  3.691312e-02 -2.607163e-02 
 2.615000e+04  6.314282e+02 -4.000951e-02  3.711624e-02 -2.622169e-02 
 2.620000e+04  6.430023e+02 -4.023854e-02  3.731635e-02 -2.636963e-02 
 2.625000e+04  6.545763e+02 -4.046442e-02  3.751360e-02 -2.651554e-02 
 2.630000e+04  6.661504e+02 -4.068721e-02  3.770815e-02 -2.665958e-02 
 2.635000e+04  6.777245e+02 -4.090698e-02  3.790003e-02 -2.680177e-02 
 2.640000e+04  6.892986e+02 -4.112383e-02  3.808937e-02 -2.694212e-02 
 2.645000e+04  7.008726e+02 -4.133790e-02  3.827631e-02 -2.708073e-02 
 2.650000e+04  7.124467e+02 -4.154927e-02  3.846086e-02 -2.721763e-02 
 2.655000e+04  7.240208e+02 -4.175797e-02  3.864305e-02 -2.735285e-02 
 2.660000e+04  7.355949e+02 -4.196405e-02  3.882302e-02 -2.748650e-02 
 2.665000e+04  7.471689e+02 -4.216758e-02  3.900082e-02 -2.761860e-02 
 2.670000e+04  7.587430e+02 -4.236861e-02  3.917652e-02 -2.774914e-02 
 2.675000e+04  7.703171e+02 -4.256725e-02  3.935022e-02 -2.787821e-02 
 2.680000e+04  7.818911e+02 -4.276360e-02  3.952196e-02 -2.800587e-02 
 2.685000e+04  7.934652e+02 -4.295768e-02  3.969173e-02 -2.813210e-02 
 2.690000e+04  8.050393e+02 -4.314960e-02  3.985960e-02 -2.825700e-02 
 2.695000e+04  8.166134e+02 -4.333941e-02  4.002561e-02 -2.838059e-02 
 2.700000e+04  8.281874e+02 -4.352720e-02  4.018979e-02 -2.850289e-02 
 2.705000e+04  8.397615e+02 -4.371300e-02  4.035220e-02 -2.862394e-02 
 2.710000e+04  8.513356e+02 -4.389691e-02  4.051290e-02 -2.874377e-02 
 2.715000e+04  8.629097e+02 -4.407895e-02  4.067192e-02 -2.886242e-02 
 2.720000e+04  8.744837e+02 -4.425915e-02  4.082932e-02 -2.897993e-02 
 2.725000e+04  8.860578e+02 -4.443755e-02  4.098514e-02 -2.909633e-02 
 2.730000e+04  8.976319e+02 -4.461424e-02  4.113942e-02 -2.921164e-02 
 2.735000e+04  9.092060e+02 -4.478919e-02  4.129222e-02 -2.932589e-02 
 2.740000e+04  9.207800e+02 -4.496244e-02  4.144355e-02 -2.943908e-02 
 2.745000e+04  9.323541e+02 -4.513403e-02  4.159348e-02 -2.955127e-02 
 2.750000e+04  9.439282e+02 -4.530398e-02  4.174208e-02 -2.966246e-02 
 2.755000e+04  9.555023e+02 -4.547235e-02  4.188937e-02 -2.977269e-02 
 2.760000e+04  9.670763e+02 -4.563917e-02  4.203536e-02 -2.988197e-02 
 2.765000e+04  9.786504e+02 -4.580449e-02  4.218005e-02 -2.999032e-02 
 2.770000e+04  9.902245e+02 -4.596836e-02  4.232349e-02 -3.009778e-02 
 2.775000e+04  1.001799e+03 -4.613083e-02  4.246569e-02 -3.020435e-02 
 2.780000e+04  1.013373e+03 -4.629196e-02  4.260668e-02 -3.031005e-02 
 2.785000e+04  1.024947e+03 -4.645174e-02  4.274647e-02 -3.041491e-02 
 2.790000e+04  1.036521e+03 -4.661020e-02  4.288507e-02 -3.051897e-02 
 2.795000e+04  1.048095e+03 -4.676735e-02  4.302255e-02 -3.062226e-02 
 2.800000e+04  1.059669e+03 -4.692326e-02  4.315894e-02 -3.072475e-02 
 2.805000e+04  1.071243e+03 -4.707796e-02  4.329426e-02 -3.082646e-02 
 2.810000e+04  1.082817e+03 -4.723149e-02  4.342855e-02 -3.092741e-02 
 2.815000e+04  1.094391e+03 -4.738384e-02  4.356181e-02 -3.102763e-02 
 2.820000e+04  1.105965e+03 -4.753506e-02  4.369407e-02 -3.112714e-02 
 2.825000e+04  1.117539e+03 -4.768514e-02  4.382532e-02 -3.122598e-02 
 2.830000e+04  1.129113e+03 -4.783407e-02  4.395561e-02 -3.132413e-02 
 2.835000e+04  1.140687e+03 -4.798190e-02  4.408494e-02 -3.142160e-02 
 2.840000e+04  1.152262e+03 -4.812865e-02  4.421334e-02 -3.151841e-02 
 2.845000e+04  1.163836e+03 -4.827435e-02  4.434087e-02 -3.161460e-02 
 2.850000e+04  1.175410e+03 -4.841900e-02  4.446756e-02 -3.171013e-02 
 2.855000e+04  1.186984e+03 -4.856266e-02  4.459343e-02 -3.180502e-02 
 2.860000e+04  1.198558e+03 -4.870537e-02  4.471846e-02 -3.189931e-02 
 2.865000e+04  1.210132e+03 -4.884710e-02  4.484265e-02 -3.199305e-02 
 2.870000e+04  1.221706e+03 -4.898787e-02  4.496600e-02 -3.208621e-02 
 2.875000e+04  1.233280e+03 -4.912773e-02  4.508853e-02 -3.217882e-02 
 2.880000e+04  1.244854e+03 -4.926667e-02  4.521029e-02 -3.227087e-02 
 2.885000e+04  1.256428e+03 -4.940479e-02  4.533129e-02 -3.236238e-02 
 2.890000e+04  1.268002e+03 -4.954209e-02  4.545156e-02 -3.245336e-02 
 2.895000e+04  1.279576e+03 -4.967857e-02  4.557110e-02 -3.254383e-02 
 2.900000e+04  1.291150e+03 -4.981424e-02  4.568991e-02 -3.263380e-02 
 2.905000e+04  1.302724e+03 -4.994911e-02  4.580800e-02 -3.272329e-02 
 2.910000e+04  1.314299e+03 -5.008317e-02  4.592538e-02 -3.281230e-02 
 2.915000e+04  1.325873e+03 -5.021642e-02  4.604210e-02 -3.290086e-02 
 2.920000e+04  1.337447e+03 -5.034891e-02  4.615821e-02 -3.298896e-02 
 2.925000e+04  1.349021e+03 -5.048068e-02  4.627369e-02 -3.307659e-02 
 2.930000e+04  1.360595e+03 -5.061170e-02  4.638857e-02 -3.316377e-02 
 2.935000e+04  1.372169e+03 -5.074197e-02  4.650287e-02 -3.325053e-02 
 2.940000e+04  1.383743e+03 -5.087151e-02  4.661660e-02 -3.333685e-02 
 2.945000e+04  1.395317e+03 -5.100032e-02  4.672977e-02 -3.342277e-02 
 2.950000e+04  1.406891e+03 -5.112845e-02  4.684241e-02 -3.350831e-02 
 2.955000e+04  1.418465e+03 -5.125593e-02  4.695451e-02 -3.359345e-02 
 2.960000e+04  1.430039e+03 -5.138280e-02  4.706606e-02 -3.367821e-02 
 2.965000e+04  1.441613e+03 -5.150910e-02  4.717704e-02 -3.376259e-02 
 2.970000e+04  1.453187e+03 -5.163484e-02  4.728745e-02 -3.384661e-02 
 2.975000e+04  1.464762e+03 -5.176002e-02  4.739733e-02 -3.393029e-02 
 2.980000e+04  1.476336e+03 -5.188467e-02  4.750667e-02 -3.401363e-02 
 2.985000e+04  1.487910e+03 -5.200879e-02  4.761548e-02 -3.409662e-02 
 2.990000e+04  1.499484e+03 -5.213236e-02  4.772380e-02 -3.417929e-02 
 2.995000e+04  1.511058e+03 -5.225536e-02  4.783165e-02 -3.426165e-02 
 3.000000e+04  1.522632e+03 -5.237781e-02  4.793907e-02 -3.434369e-02 
 3.005000e+04  1.534206e+03 -5.249973e-02  4.804612e-02 -3.442486e-02 
 3.010000e+04  1.545780e+03 -5.262099e-02  4.815279e-02 -3.450497e-02 
 3.015000e+04  1.557354e+03 -5.274111e-02  4.825829e-02 -3.458514e-02 
 3.020000e+04  1.568928e+03 -5.286090e-02  4.836296e-02 -3.466576e-02 
 3.025000e+04  1.580502e+03 -5.298018e-02  4.846754e-02 -3.474666e-02 
 3.030000e+04  1.592076e+03 -5.309945e-02  4.857222e-02 -3.482714e-02 
 3.035000e+04  1.603650e+03 -5.321863e-02  4.867699e-02 -3.490710e-02 
 3.040000e+04  1.615224e+03 -5.333704e-02  4.878149e-02 -3.498672e-02 
 3.045000e+04  1.626799e+03 -5.345432e-02  4.888540e-02 -3.506615e-02 
 3.050000e+04  1.638373e+03 -5.357136e-02  4.898891e-02 -3.514556e-02 
 3.055000e+04  1.649947e+03 -5.368819e-02  4.909200e-02 -3.522449e-02 
 3.060000e+04  1.661521e+03 -5.380500e-02  4.919457e-02 -3.530278e-02 
 3.065000e+04  1.673095e+03 -5.392131e-02  4.929660e-02 -3.538090e-02 
 3.070000e+04  1.684669e+03 -5.403653e-02  4.939816e-02 -3.545911e-02 
 3.075000e+04  1.696243e+03 -5.415157e-02  4.949946e-02 -3.553738e-02 
 3.080000e+04  1.707817e+03 -5.426666e-02  4.960032e-02 -3.561536e-02 
 3.085000e+04  1.719391e+03 -5.438169e-02  4.970100e-02 -3.569279e-02 
 3.090000e+04  1.730965e+03 -5.449616e-02  4.980156e-02 -3.576964e-02 
 3.095000e+04  1.742539e+03 -5.460964e-02  4.990196e-02 -3.584616e-02 
 3.100000e+04  1.754113e+03 -5.472247e-02  5.000192e-02 -3.592276e-02 
 3.105000e+04  1.765687e+03 -5.483544e-02  5.010126e-02 -3.599962e-02 
 3.110000e+04  1.777262e+03 -5.494859e-02  5.019996e-02 -3.607667e-02 
 3.115000e+04  1.788836e+03 -5.506149e-02  5.029844e-02 -3.615353e-02 
 3.120000e+04  1.800410e+03 -5.517405e-02  5.039694e-02 -3.622968e-02 
 3.125000e+04  1.811984e+03 -5.528579e-02  5.049544e-02 -3.630501e-02 
 3.130000e+04  1.823558e+03 -5.539666e-02  5.059342e-02 -3.637965e-02 
 3.135000e+04  1.835132e+03 -5.550657e-02  5.069060e-02 -3.645391e-02 
 3.140000e+04  1.846706e+03 -5.561509e-02  5.078713e-02 -3.652799e-02 
 3.145000e+04  1.858280e+03 -5.572325e-02  5.088397e-02 -3.660252e-02 
 3.150000e+04  1.869854e+03 -5.583150e-02  5.098110e-02 -3.667761e-02 
 3.155000e+04  1.881428e+03 -5.594023e-02  5.107826e-02 -3.675252e-02 
 3.160000e+04  1.893002e+03 -5.604949e-02  5.117521e-02 -3.682699e-02 
 3.165000e+04  1.904576e+03 -5.615930e-02  5.127213e-02 -3.690083e-02 
 3.170000e+04  1.916150e+03 -5.626853e-02  5.136897e-02 -3.697427e-02 
 3.175000e+04  1.927724e+03 -5.637650e-02  5.146527e-02 -3.704751e-02 
 3.180000e+04  1.939299e+03 -5.648340e-02  5.156068e-02 -3.712099e-02 
 3.185000e+04  1.950873e+03 -5.658947e-02  5.165572e-02 -3.719363e-02 
 3.190000e+04  1.962447e+03 -5.669594e-02  5.175050e-02 -3.726617e-02 
 3.195000e+04  1.974021e+03 -5.680264e-02  5.184527e-02 -3.733850e-02 
 3.200000e+04  1.985595e+03 -5.690893e-02  5.193963e-02 -3.741048e-02 
 3.205000e+04  1.997169e+03 -5.701521e-02  5.203382e-02 -3.748297e-02 
 3.210000e+04  2.008743e+03 -5.712224e-02  5.212765e-02 -3.755581e-02 
 3.215000e+04  2.020317e+03 -5.722944e-02  5.222106e-02 -3.762869e-02 
 3.220000e+04  2.031891e+03 -5.733649e-02  5.231427e-02 -3.770085e-02 
 3.225000e+04  2.043465e+03 -5.744325e-02  5.240734e-02 -3.777258e-02 
 3.230000e+04  2.055039e+03 -5.754955e-02  5.250035e-02 -3.784421e-02 
 3.235000e+04  2.066613e+03 -5.765524e-02  5.259315e-02 -3.791572e-02 
 3.240000e+04  2.078187e+03 -5.776004e-02  5.268583e-02 -3.798689e-02 
 3.245000e+04  2.089762e+03 -5.786399e-02  5.277795e-02 -3.805804e-02 
 3.250000e+04  2.101336e+03 -5.796716e-02  5.286925e-02 -3.812853e-02 
 3.255000e+04  2.112910e+03 -5.807050e-02  5.295925e-02 -3.819888e-02 
 3.260000e+04  2.124484e+03 -5.817399e-02  5.304910e-02 -3.826913e-02 
 3.265000e+04  2.136058e+03 -5.827747e-02  5.313889e-02 -3.833904e-02 
 3.270000e+04  2.147632e+03 -5.838120e-02  5.322856e-02 -3.840904e-02 
 3.275000e+04  2.159206e+03 -5.848413e-02  5.331811e-02 -3.847901e-02 
 3.280000e+04  2.170780e+03 -5.858626e-02  5.340833e-02 -3.854874e-02 
 3.285000e+04  2.182354e+03 -5.868753e-02  5.349880e-02 -3.861857e-02 
 3.290000e+04  2.193928e+03 -5.878853e-02  5.358969e-02 -3.868837e-02 
 3.295000e+04  2.205502e+03 -5.889046e-02  5.368042e-02 -3.875796e-02 
 3.300000e+04  2.217076e+03 -5.899267e-02  5.377116e-02 -3.882718e-02 
 3.305000e+04  2.228650e+03 -5.909481e-02  5.386201e-02 -3.889639e-02 
 3.310000e+04  2.240224e+03 -5.919608e-02  5.395272e-02 -3.896570e-02 
 3.315000e+04  2.251799e+03 -5.929678e-02  5.404279e-02 -3.903460e-02 
 3.320000e+04  2.263373e+03 -5.939720e-02  5.413165e-02 -3.910305e-02 
 3.325000e+04  2.274947e+03 -5.949778e-02  5.421980e-02 -3.917108e-02 
 3.330000e+04  2.286521e+03 -5.959783e-02  5.430712e-02 -3.923941e-02 
 3.335000e+04  2.298095e+03 -5.969683e-02  5.439464e-02 -3.930778e-02 
 3.340000e+04  2.309669e+03 -5.979623e-02  5.448265e-02 -3.937630e-02 
 3.345000e+04  2.321243e+03 -5.989643e-02  5.457117e-02 -3.944472e-02 
 3.350000e+04  2.332817e+03 -5.999704e-02  5.466004e-02 -3.951287e-02 
 3.355000e+04  2.344391e+03 -6.009758e-02  5.474874e-02 -3.958089e-02 
 3.360000e+04  2.355965e+03 -6.019741e-02  5.483683e-02 -3.964871e-02 
 3.365000e+04  2.367539e+03 -6.029576e-02  5.492440e-02 -3.971648e-02 
 3.370000e+04  2.379113e+03 -6.039424e-02  5.501197e-02 -3.978435e-02 
 3.375000e+04  2.390687e+03 -6.049277e-02  5.509934e-02 -3.985211e-02 
 3.380000e+04  2.402262e+03 -6.059062e-02  5.518634e-02 -3.991956e-02 
 3.385000e+04  2.413836e+03 -6.068817e-02  5.527338e-02 -3.998705e-02 
 3.390000e+04  2.425410e+03 -6.078536e-02  5.536079e-02 -4.005428e-02 
 3.395000e+04  2.436984e+03 -6.088304e-02  5.544825e-02 -4.012121e-02 
 3.400000e+04  2.448558e+03 -6.098072e-02  5.553492e-02 -4.018811e-02 
 3.405000e+04  2.460132e+03 -6.107847e-02  5.562140e-02 -4.025477e-02 
 3.410000e+04  2.471706e+03 -6.117607e-02  5.570802e-02 -4.032128e-02 
 3.415000e+04  2.483280e+03 -6.127289e-02  5.579430e-02 -4.038754e-02 
 3.420000e+04  2.494854e+03 -6.136910e-02  5.588039e-02 -4.045384e-02 
 3.425000e+04  2.506428e+03 -6.146557e-02  5.596626e-02 -4.052028e-02 
 3.430000e+04  2.518002e+03 -6.156228e-02  5.605172e-02 -4.058602e-02 
 3.435000e+04  2.529576e+03 -6.165868e-02  5.613610e-02 -4.065151e-02 
 3.440000e+04  2.541150e+03 -6.175513e-02  5.622008e-02 -4.071721e-02 
 3.445000e+04  2.552724e+03 -6.185109e-02  5.630482e-02 -4.078329e-02 
 3.450000e+04  2.564299e+03 -6.194711e-02  5.638959e-02 -4.084919e-02 
 3.455000e+04  2.575873e+03 -6.204319e-02  5.647426e-02 -4.091473e-02 
 3.460000e+04  2.587447e+03 -6.213957e-02  5.655841e-02 -4.098036e-02 
 3.465000e+04  2.599021e+03 -6.223564e-02  5.664319e-02 -4.104609e-02 
 3.470000e+04  2.610595e+03 -6.233126e-02  5.672820e-02 -4.111163e-02 
 3.475000e+04  2.622169e+03 -6.242667e-02  5.681313e-02 -4.117695e-02 
 3.480000e+04  2.633743e+03 -6.252215e-02  5.689782e-02 -4.124207e-02 
 3.485000e+04  2.645317e+03 -6.261706e-02  5.698231e-02 -4.130694e-02 
 3.490000e+04  2.656891e+03 -6.271126e-02  5.706684e-02 -4.137169e-02 
 3.495000e+04  2.668465e+03 -6.280478e-02  5.715136e-02 -4.143664e-02 
 3.500000e+04  2.680039e+03 -6.289785e-02  5.723575e-02 -4.150175e-02 
 3.505000e+04  2.691613e+03 -6.299147e-02  5.731945e-02 -4.156688e-02 
 3.510000e+04  2.703187e+03 -6.308557e-02  5.740259e-02 -4.163179e-02 
 3.515000e+04  2.714762e+03 -6.317990e-02  5.748583e-02 -4.169613e-02 
 3.520000e+04  2.726336e+03 -6.327374e-02  5.756928e-02 -4.176007e-02 
 3.525000e+04  2.737910e+03 -6.336736e-02  5.765275e-02 -4.182389e-02 
 3.530000e+04  2.749484e+03 -6.346056e-02  5.773572e-02 -4.188757e-02 
 3.535000e+04  2.761058e+03 -6.355360e-02  5.781839e-02 -4.195148e-02 
 3.540000e+04  2.772632e+03 -6.364661e-02  5.790114e-02 -4.201539e-02 
 3.545000e+04  2.784206e+03 -6.373930e-02  5.798391e-02 -4.207914e-02 
 3.550000e+04  2.795780e+03 -6.383201e-02  5.806680e-02 -4.214279e-02 
 3.555000e+04  2.807354e+03 -6.392496e-02  5.814976e-02 -4.220663e-02 
 3.560000e+04  2.818928e+03 -6.401803e-02  5.823185e-02 -4.227054e-02 
 3.565000e+04  2.830502e+03 -6.411109e-02  5.831350e-02 -4.233444e-02 
 3.570000e+04  2.842076e+03 -6.420391e-02  5.839541e-02 -4.239798e-02 
 3.575000e+04  2.853650e+03 -6.429654e-02  5.847747e-02 -4.246125e-02 
 3.580000e+04  2.865224e+03 -6.438917e-02  5.855938e-02 -4.252426e-02 
 3.585000e+04  2.876799e+03 -6.448168e-02  5.864134e-02 -4.258725e-02 
 3.590000e+04  2.888373e+03 -6.457368e-02  5.872277e-02 -4.265033e-02 
 3.595000e+04  2.899947e+03 -6.466531e-02  5.880362e-02 -4.271345e-02 
 3.600000e+04  2.911521e+03 -6.475708e-02  5.888441e-02 -4.277672e-02 
 3.605000e+04  2.923095e+03 -6.484898e-02  5.896516e-02 -4.283981e-02 
 3.610000e+04  2.934669e+03 -6.494067e-02  5.904620e-02 -4.290255e-02 
 3.615000e+04  2.946243e+03 -6.503231e-02  5.912733e-02 -4.296509e-02 
 3.620000e+04  2.957817e+03 -6.512396e-02  5.920801e-02 -4.302750e-02 
 3.625000e+04  2.969391e+03 -6.521546e-02  5.928867e-02 -4.308999e-02 
 3.630000e+04  2.980965e+03 -6.530668e-02  5.936952e-02 -4.315261e-02 
 3.635000e+04  2.992539e+03 -6.539748e-02  5.945013e-02 -4.321531e-02 
 3.640000e+04  3.004113e+03 -6.548794e-02  5.953023e-02 -4.327797e-02 
 3.645000e+04  3.015687e+03 -6.557846e-02  5.961045e-02 -4.334048e-02 
 3.650000e+04  3.027262e+03 -6.566909e-02  5.969089e-02 -4.340266e-02 
 3.655000e+04  3.038836e+03 -6.575972e-02  5.977146e-02 -4.346453e-02 
 3.660000e+04  3.050410e+03 -6.585032e-02  5.985170e-02 -4.352633e-02 
 3.665000e+04  3.061984e+03 -6.594082e-02  5.993199e-02 -4.358828e-02 
 3.670000e+04  3.073558e+03 -6.603106e-02  6.001232e-02 -4.365048e-02 
 3.675000e+04  3.085132e+03 -6.612036e-02  6.009262e-02 -4.371273e-02 
 3.680000e+04  3.096706e+03 -6.620937e-02  6.017283e-02 -4.377483e-02 
 3.685000e+04  3.108280e+03 -6.629860e-02  6.025298e-02 -4.383651e-02 
 3.690000e+04  3.119854e+03 -6.638796e-02  6.033294e-02 -4.389804e-02 
 3.695000e+04  3.131428e+03 -6.647745e-02  6.041268e-02 -4.395940e-02 
 3.700000e+04  3.143002e+03 -6.656690e-02  6.049211e-02 -4.402063e-02 
 3.705000e+04  3.154576e+03 -6.665637e-02  6.057153e-02 -4.408198e-02 
 3.710000e+04  3.166150e+03 -6.674577e-02  6.065099e-02 -4.414348e-02 
 3.715000e+04  3.177724e+03 -6.683515e-02  6.073015e-02 -4.420502e-02 
 3.720000e+04  3.189299e+03 -6.692438e-02  6.080863e-02 -4.426650e-02 
 3.725000e+04  3.200873e+03 -6.701358e-02  6.088711e-02 -4.432796e-02 
 3.730000e+04  3.212447e+03 -6.710228e-02  6.096583e-02 -4.438911e-02 
 3.735000e+04  3.224021e+03 -6.719053e-02  6.104482e-02 -4.444994e-02 
 3.740000e+04  3.235595e+03 -6.727876e-02  6.112391e-02 -4.451070e-02 
 3.745000e+04  3.247169e+03 -6.736737e-02  6.120288e-02 -4.457160e-02 
 3.750000e+04  3.258743e+03 -6.745639e-02  6.128156e-02 -4.463242e-02 
 3.755000e+04  3.270317e+03 -6.754535e-02  6.136007e-02 -4.469324e-02 
 3.760000e+04  3.281891e+03 -6.763349e-02  6.143841e-02 -4.475370e-02 
 3.765000e+04  3.293465e+03 -6.772076e-02  6.151612e-02 -4.481412e-02 
 3.770000e+04  3.305039e+03 -6.780810e-02  6.159330e-02 -4.487476e-02 
 3.775000e+04  3.316613e+03 -6.789542e-02  6.167032e-02 -4.493538e-02 
 3.780000e+04  3.328187e+03 -6.798259e-02  6.174781e-02 -4.499558e-02 
 3.785000e+04  3.339762e+03 -6.806979e-02  6.182607e-02 -4.505561e-02 
 3.790000e+04  3.351336e+03 -6.815731e-02  6.190473e-02 -4.511590e-02 
 3.795000e+04  3.362910e+03 -6.824467e-02  6.198331e-02 -4.517625e-02 
 3.800000e+04  3.374484e+03 -6.833176e-02  6.206162e-02 -4.523643e-02 
 3.805000e+04  3.386058e+03 -6.841809e-02  6.213982e-02 -4.529670e-02 
 3.810000e+04  3.397632e+03 -6.850452e-02  6.221794e-02 -4.535698e-02 
 3.815000e+04  3.409206e+03 -6.859108e-02  6.229559e-02 -4.541701e-02 
 3.820000e+04  3.420780e+03 -6.867780e-02  6.237289e-02 -4.547692e-02 
 3.825000e+04  3.432354e+03 -6.876468e-02  6.245019e-02 -4.553674e-02 
 3.830000e+04  3.443928e+03 -6.885152e-02  6.252715e-02 -4.559634e-02 
 3.835000e+04  3.455502e+03 -6.893806e-02  6.260386e-02 -4.565561e-02 
 3.840000e+04  3.467076e+03 -6.902486e-02  6.267971e-02 -4.571498e-02 
 3.845000e+04  3.478650e+03 -6.911187e-02  6.275595e-02 -4.577452e-02 
 3.850000e+04  3.490224e+03 -6.919868e-02  6.283251e-02 -4.583412e-02 
 3.855000e+04  3.501799e+03 -6.928511e-02  6.290942e-02 -4.589364e-02 
 3.860000e+04  3.513373e+03 -6.937151e-02  6.298651e-02 -4.595333e-02 
 3.865000e+04  3.524947e+03 -6.945808e-02  6.306361e-02 -4.601314e-02 
 3.870000e+04  3.536521e+03 -6.954479e-02  6.314052e-02 -4.607282e-02 
 3.875000e+04  3.548095e+03 -6.963138e-02  6.321728e-02 -4.613229e-02 
 3.880000e+04  3.559669e+03 -6.971769e-02  6.329403e-02 -4.619166e-02 
 3.885000e+04  3.571243e+03 -6.980365e-02  6.337050e-02 -4.625079e-02 
 3.890000e+04  3.582817e+03 -6.988939e-02  6.344644e-02 -4.630976e-02 
 3.895000e+04  3.594391e+03 -6.997497e-02  6.352242e-02 -4.636874e-02 
 3.900000e+04  3.605965e+03 -7.006039e-02  6.359875e-02 -4.642791e-02 
 3.905000e+04  3.617539e+03 -7.014568e-02  6.367536e-02 -4.648711e-02 
 3.910000e+04  3.629113e+03 -7.023093e-02  6.375219e-02 -4.654636e-02 
 3.915000e+04  3.640687e+03 -7.031632e-02  6.382904e-02 -4.660561e-02 
 3.920000e+04  3.652262e+03 -7.040165e-02  6.390563e-02 -4.666461e-02 
 3.925000e+04  3.663836e+03 -7.048692e-02  6.398200e-02 -4.672341e-02 
 3.930000e+04  3.675410e+03 -7.057206e-02  6.405829e-02 -4.678208e-02 
 3.935000e+04  3.686984e+03 -7.065654e-02  6.413437e-02 -4.684076e-02 
 3.940000e+04  3.698558e+03 -7.074091e-02  6.420972e-02 -4.689942e-02 
 3.945000e+04  3.710132e+03 -7.082557e-02  6.428456e-02 -4.695792e-02 
 3.950000e+04  3.721706e+03 -7.091045e-02  6.435952e-02 -4.701633e-02 
 3.955000e+04  3.733280e+03 -7.099541e-02  6.443472e-02 -4.707486e-02 
 3.960000e+04  3.744854e+03 -7.108007e-02  6.451006e-02 -4.713320e-02 
 3.965000e+04  3.756428e+03 -7.116483e-02  6.458557e-02 -4.719150e-02 
 3.970000e+04  3.768002e+03 -7.124978e-02  6.466131e-02 -4.725002e-02 
 3.975000e+04  3.779576e+03 -7.133478e-02  6.473681e-02 -4.730854e-02 
 3.980000e+04  3.791150e+03 -7.141962e-02  6.481215e-02 -4.736701e-02 
 3.985000e+04  3.802724e+03 -7.150431e-02  6.488660e-02 -4.742553e-02 
 3.990000e+04  3.814299e+03 -7.158876e-02  6.496013e-02 -4.748400e-02 
 3.995000e+04  3.825873e+03 -7.167298e-02  6.503362e-02 -4.754206e-02 
 4.000000e+04  3.837447e+03 -7.175721e-02  6.510716e-02 -4.759996e-02 
 4.005000e+04  3.849021e+03 -7.184152e-02  6.518125e-02 -4.765772e-02 
 4.010000e+04  3.860595e+03 -7.192561e-02  6.525586e-02 -4.771544e-02 
 4.015000e+04  3.872169e+03 -7.200961e-02  6.533067e-02 -4.777317e-02 
 4.020000e+04  3.883743e+03 -7.209326e-02  6.540569e-02 -4.783114e-02 
 4.025000e+04  3.895317e+03 -7.217639e-02  6.548091e-02 -4.788932e-02 
 4.030000e+04  3.906891e+03 -7.225942e-02  6.555601e-02 -4.794750e-02 
 4.035000e+04  3.918465e+03 -7.234204e-02  6.563092e-02 -4.800551e-02 
 4.040000e+04  3.930039e+03 -7.242484e-02  6.570573e-02 -4.806338e-02 
 4.045000e+04  3.941613e+03 -7.250776e-02  6.578036e-02 -4.812105e-02 
 4.050000e+04  3.953187e+03 -7.259078e-02  6.585484e-02 -4.817851e-02 
 4.055000e+04  3.964762e+03 -7.267395e-02  6.592909e-02 -4.823589e-02 
 4.060000e+04  3.976336e+03 -7.275719e-02  6.600315e-02 -4.829329e-02 
 4.065000e+04  3.987910e+03 -7.284029e-02  6.607708e-02 -4.835070e-02 
 4.070000e+04  3.999484e+03 -7.292283e-02  6.615098e-02 -4.840813e-02 
 4.075000e+04  4.011058e+03 -7.300522e-02  6.622489e-02 -4.846557e-02 
 4.080000e+04  4.022632e+03 -7.308769e-02  6.629879e-02 -4.852296e-02 
 4.085000e+04  4.034206e+03 -7.317054e-02  6.637259e-02 -4.858035e-02 
 4.090000e+04  4.045780e+03 -7.325385e-02  6.644627e-02 -4.863774e-02 
 4.095000e+04  4.057354e+03 -7.333737e-02  6.651989e-02 -4.869505e-02 
 4.100000e+04  4.068928e+03 -7.342064e-02  6.659348e-02 -4.875229e-02 
 4.105000e+04  4.080502e+03 -7.350353e-02  6.666715e-02 -4.880949e-02 
 4.110000e+04  4.092076e+03 -7.358611e-02  6.674086e-02 -4.886674e-02 
 4.115000e+04  4.103650e+03 -7.366866e-02  6.681462e-02 -4.892400e-02 
 4.120000e+04  4.115224e+03 -7.375100e-02  6.688784e-02 -4.898129e-02 
 4.125000e+04  4.126799e+03 -7.383295e-02  6.696098e-02 -4.903840e-02 
 4.130000e+04  4.138373e+03 -7.391467e-02  6.703427e-02 -4.909533e-02 
 4.135000e+04  4.149947e+03 -7.399649e-02  6.710784e-02 -4.915226e-02 
 4.140000e+04  4.161521e+03 -7.407858e-02  6.718160e-02 -4.920923e-02 
 4.145000e+04  4.173095e+03 -7.416091e-02  6.725532e-02 -4.926615e-02 
 4.150000e+04  4.184669e+03 -7.424332e-02  6.732891e-02 -4.932308e-02 
 4.155000e+04  4.196243e+03 -7.432547e-02  6.740242e-02 -4.938003e-02 
 4.160000e+04  4.207817e+03 -7.440724e-02  6.747586e-02 -4.943694e-02 
 4.165000e+04  4.219391e+03 -7.448891e-02  6.754915e-02 -4.949378e-02 
 4.170000e+04  4.230965e+03 -7.457048e-02  6.762229e-02 -4.955057e-02 
 4.175000e+04  4.242539e+03 -7.465212e-02  6.769530e-02 -4.960719e-02 
 4.180000e+04  4.254113e+03 -7.473392e-02  6.776827e-02 -4.966381e-02 
 4.185000e+04  4.265687e+03 -7.481581e-02  6.784127e-02 -4.972024e-02 
 4.190000e+04  4.277262e+03 -7.489782e-02  6.791416e-02 -4.977663e-02 
 4.195000e+04  4.288836e+03 -7.497971e-02  6.798692e-02 -4.983310e-02 
 4.200000e+04  4.300410e+03 -7.506150e-02  6.805962e-02 -4.988961e-02 
 4.205000e+04  4.311984e+03 -7.514253e-02  6.813226e-02 -4.994621e-02 
 4.210000e+04  4.323558e+03 -7.522350e-02  6.820490e-02 -5.000275e-02 
 4.215000e+04  4.335132e+03 -7.530458e-02  6.827758e-02 -5.005916e-02 
 4.220000e+04  4.346706e+03 -7.538579e-02  6.835031e-02 -5.011542e-02 
 4.225000e+04  4.358280e+03 -7.546708e-02  6.842296e-02 -5.017146e-02 
 4.230000e+04  4.369854e+03 -7.554840e-02  6.849559e-02 -5.022751e-02 
 4.235000e+04  4.381428e+03 -7.562956e-02  6.856787e-02 -5.028369e-02 
 4.240000e+04  4.393002e+03 -7.571057e-02  6.863987e-02 -5.033993e-02 
 4.245000e+04  4.404576e+03 -7.579120e-02  6.871189e-02 -5.039616e-02 
 4.250000e+04  4.416150e+03 -7.587147e-02  6.878404e-02 -5.045244e-02 
 4.255000e+04  4.427724e+03 -7.595194e-02  6.885627e-02 -5.050854e-02 
 4.260000e+04  4.439299e+03 -7.603244e-02  6.892801e-02 -5.056453e-02 
 4.265000e+04  4.450873e+03 -7.611314e-02  6.899974e-02 -5.062026e-02 
 4.270000e+04  4.462447e+03 -7.619387e-02  6.907139e-02 -5.067604e-02 
 4.275000e+04  4.474021e+03 -7.627466e-02  6.914323e-02 -5.073180e-02 
 4.280000e+04  4.485595e+03 -7.635551e-02  6.921516e-02 -5.078769e-02 
 4.285000e+04  4.497169e+03 -7.643630e-02  6.928706e-02 -5.084359e-02 
 4.290000e+04  4.508743e+03 -7.651691e-02  6.935881e-02 -5.089942e-02 
 4.295000e+04  4.520317e+03 -7.659738e-02  6.943042e-02 -5.095530e-02 
 4.300000e+04  4.531891e+03 -7.667772e-02  6.950212e-02 -5.101115e-02 
 4.305000e+04  4.543465e+03 -7.675798e-02  6.957394e-02 -5.106693e-02 
 4.310000e+04  4.555039e+03 -7.683824e-02  6.964586e-02 -5.112266e-02 
 4.315000e+04  4.566613e+03 -7.691854e-02  6.971782e-02 -5.117831e-02 
 4.320000e+04  4.578187e+03 -7.699889e-02  6.978967e-02 -5.123391e-02 
 4.325000e+04  4.589762e+03 -7.707910e-02  6.986144e-02 -5.128945e-02 
 4.330000e+04  4.601336e+03 -7.715917e-02  6.993309e-02 -5.134495e-02 
 4.335000e+04  4.612910e+03 -7.723900e-02  7.000467e-02 -5.140048e-02 
 4.340000e+04  4.624484e+03 -7.731875e-02  7.007627e-02 -5.145606e-02 
 4.345000e+04  4.636058e+03 -7.739852e-02  7.014787e-02 -5.151155e-02 
 4.350000e+04  4.647632e+03 -7.747818e-02  7.021945e-02 -5.156694e-02 
 4.355000e+04  4.659206e+03 -7.755768e-02  7.029093e-02 -5.162231e-02 
 4.360000e+04  4.670780e+03 -7.763691e-02  7.036237e-02 -5.167767e-02 
 4.365000e+04  4.682354e+03 -7.771629e-02  7.043377e-02 -5.173306e-02 
 4.370000e+04  4.693928e+03 -7.779590e-02  7.050507e-02 -5.178834e-02 
 4.375000e+04  4.705502e+03 -7.787556e-02  7.057633e-02 -5.184354e-02 
 4.380000e+04  4.717076e+03 -7.795519e-02  7.064763e-02 -5.189874e-02 
 4.385000e+04  4.728650e+03 -7.803479e-02  7.071893e-02 -5.195395e-02 
 4.390000e+04  4.740224e+03 -7.811436e-02  7.079012e-02 -5.200919e-02 
 4.395000e+04  4.751799e+03 -7.819394e-02  7.086116e-02 -5.206442e-02 
 4.400000e+04  4.763373e+03 -7.827351e-02  7.093212e-02 -5.211956e-02 
 4.405000e+04  4.774947e+03 -7.835304e-02  7.100290e-02 -5.217467e-02 
 4.410000e+04  4.786521e+03 -7.843258e-02  7.107349e-02 -5.222962e-02 
 4.415000e+04  4.798095e+03 -7.851211e-02  7.114361e-02 -5.228447e-02 
 4.420000e+04  4.809669e+03 -7.859119e-02  7.121345e-02 -5.233935e-02 
 4.425000e+04  4.821243e+03 -7.867012e-02  7.128340e-02 -5.239427e-02 
 4.430000e+04  4.832817e+03 -7.874892e-02  7.135355e-02 -5.244899e-02 
 4.435000e+04  4.844391e+03 -7.882772e-02  7.142408e-02 -5.250370e-02 
 4.440000e+04  4.855965e+03 -7.890678e-02  7.149444e-02 -5.255851e-02 
 4.445000e+04  4.867539e+03 -7.898597e-02  7.156457e-02 -5.261334e-02 
 4.450000e+04  4.879113e+03 -7.906498e-02  7.163487e-02 -5.266818e-02 
 4.455000e+04  4.890687e+03 -7.914371e-02  7.170534e-02 -5.272304e-02 
 4.460000e+04  4.902262e+03 -7.922225e-02  7.177604e-02 -5.277786e-02 
 4.465000e+04  4.913836e+03 -7.930073e-02  7.184682e-02 -5.283260e-02 
 4.470000e+04  4.925410e+03 -7.937929e-02  7.191742e-02 -5.288728e-02 
 4.475000e+04  4.936984e+03 -7.945784e-02  7.198797e-02 -5.294192e-02 
 4.480000e+04  4.948558e+03 -7.953618e-02  7.205857e-02 -5.299655e-02 
 4.485000e+04  4.960132e+03 -7.961440e-02  7.212926e-02 -5.305113e-02 
 4.490000e+04  4.971706e+03 -7.969259e-02  7.219992e-02 -5.310572e-02 
 4.495000e+04  4.983280e+03 -7.977086e-02  7.227029e-02 -5.316030e-02 
 4.500000e+04  4.994854e+03 -7.984919e-02  7.234051e-02 -5.321483e-02 
 4.505000e+04  5.006428e+03 -7.992763e-02  7.241072e-02 -5.326935e-02 
 4.510000e+04  5.018002e+03 -8.000599e-02  7.248100e-02 -5.332385e-02 
 4.515000e+04  5.029576e+03 -8.008426e-02  7.255129e-02 -5.337829e-02 
 4.520000e+04  5.041150e+03 -8.016247e-02  7.262141e-02 -5.343270e-02 
 4.525000e+04  5.052724e+03 -8.024044e-02  7.269097e-02 -5.348710e-02 
 4.530000e+04  5.064299e+03 -8.031843e-02  7.276030e-02 -5.354128e-02 
 4.535000e+04  5.075873e+03 -8.039640e-02  7.282967e-02 -5.359527e-02 
 4.540000e+04  5.087447e+03 -8.047440e-02  7.289924e-02 -5.364926e-02 
 4.545000e+04  5.099021e+03 -8.055245e-02  7.296908e-02 -5.370340e-02 
 4.550000e+04  5.110595e+03 -8.063061e-02  7.303897e-02 -5.375766e-02 
 4.555000e+04  5.122169e+03 -8.070878e-02  7.310883e-02 -5.381192e-02 
 4.560000e+04  5.133743e+03 -8.078672e-02  7.317868e-02 -5.386613e-02 
 4.565000e+04  5.145317e+03 -8.086446e-02  7.324854e-02 -5.392033e-02 
 4.570000e+04  5.156891e+03 -8.094206e-02  7.331842e-02 -5.397449e-02 
 4.575000e+04  5.168465e+03 -8.101968e-02  7.338822e-02 -5.402847e-02 
 4.580000e+04  5.180039e+03 -8.109721e-02  7.345794e-02 -5.408238e-02 
 4.585000e+04  5.191613e+03 -8.117472e-02  7.352771e-02 -5.413627e-02 
 4.590000e+04  5.203187e+03 -8.125219e-02  7.359746e-02 -5.419017e-02 
 4.595000e+04  5.214762e+03 -8.132958e-02  7.366706e-02 -5.424405e-02 
 4.600000e+04  5.226336e+03 -8.140698e-02  7.373662e-02 -5.429796e-02 
 4.605000e+04  5.237910e+03 -8.148438e-02  7.380618e-02 -5.435192e-02 
 4.610000e+04  5.249484e+03 -8.156184e-02  7.387572e-02 -5.440588e-02 
 4.615000e+04  5.261058e+03 -8.163926e-02  7.394521e-02 -5.445980e-02 
 4.620000e+04  5.272632e+03 -8.171674e-02  7.401462e-02 -5.451366e-02 
 4.625000e+04  5.284206e+03 -8.179427e-02  7.408395e-02 -5.456746e-02 
