         Step [creep.tim... Z Displace... Z Displace... X Displace... 
------------- ------------- ------------- ------------- ------------- 
 5.250000e+03  1.276223e-07 -4.629353e-03  4.524540e-03 -2.433365e-03 
 5.300000e+03  3.886505e-06 -4.629539e-03  4.524625e-03 -2.433550e-03 
 5.350000e+03  3.149760e-05 -4.630319e-03  4.524734e-03 -2.434009e-03 
 5.400000e+03  2.110362e-04 -4.630572e-03  4.524892e-03 -2.434071e-03 
 5.450000e+03  8.858862e-04 -4.631467e-03  4.526108e-03 -2.435047e-03 
 5.500000e+03  1.785622e-03 -4.634515e-03  4.528979e-03 -2.437309e-03 
 5.550000e+03  3.018013e-03 -4.640318e-03  4.534822e-03 -2.441501e-03 
 5.600000e+03  4.550271e-03 -4.648085e-03  4.543636e-03 -2.446820e-03 
 5.650000e+03  6.756847e-03 -4.659058e-03  4.556678e-03 -2.453908e-03 
 5.700000e+03  9.214823e-03 -4.670226e-03  4.569657e-03 -2.460313e-03 
 5.750000e+03  1.176762e-02 -4.680150e-03  4.579973e-03 -2.465435e-03 
 5.800000e+03  1.432041e-02 -4.689118e-03  4.588993e-03 -2.470555e-03 
 5.850000e+03  1.687320e-02 -4.698733e-03  4.599001e-03 -2.476965e-03 
 5.900000e+03  1.942600e-02 -4.709440e-03  4.610554e-03 -2.484713e-03 
 5.950000e+03  2.200981e-02 -4.720718e-03  4.623110e-03 -2.493510e-03 
 6.000000e+03  2.527869e-02 -4.734732e-03  4.638076e-03 -2.504159e-03 
 6.050000e+03  2.872362e-02 -4.748899e-03  4.652000e-03 -2.513144e-03 
 6.100000e+03  3.231566e-02 -4.762702e-03  4.664949e-03 -2.520236e-03 
 6.150000e+03  3.590769e-02 -4.776042e-03  4.677725e-03 -2.526729e-03 
 6.200000e+03  3.949973e-02 -4.789588e-03  4.691502e-03 -2.534204e-03 
 6.250000e+03  4.309177e-02 -4.804106e-03  4.706793e-03 -2.543371e-03 
 6.300000e+03  4.670176e-02 -4.819019e-03  4.722639e-03 -2.553941e-03 
 6.350000e+03  5.103700e-02 -4.835744e-03  4.739947e-03 -2.566744e-03 
 6.400000e+03  5.584150e-02 -4.852075e-03  4.756582e-03 -2.579111e-03 
 6.450000e+03  6.065518e-02 -4.867381e-03  4.772332e-03 -2.589391e-03 
 6.500000e+03  6.546885e-02 -4.882987e-03  4.788396e-03 -2.598596e-03 
 6.550000e+03  7.028252e-02 -4.899540e-03  4.805524e-03 -2.608103e-03 
 6.600000e+03  7.509620e-02 -4.917228e-03  4.824039e-03 -2.618666e-03 
 6.650000e+03  7.990987e-02 -4.935507e-03  4.843671e-03 -2.630370e-03 
 6.700000e+03  8.521416e-02 -4.954118e-03  4.864031e-03 -2.643329e-03 
 6.750000e+03  9.105713e-02 -4.972047e-03  4.883159e-03 -2.656460e-03 
 6.800000e+03  9.745877e-02 -4.990640e-03  4.902430e-03 -2.669776e-03 
 6.850000e+03  1.039095e-01 -5.009528e-03  4.921736e-03 -2.682674e-03 
 6.900000e+03  1.103603e-01 -5.028891e-03  4.941808e-03 -2.695626e-03 
 6.950000e+03  1.168111e-01 -5.049284e-03  4.963204e-03 -2.709006e-03 
 7.000000e+03  1.233458e-01 -5.071285e-03  4.986051e-03 -2.722858e-03 
 7.050000e+03  1.304442e-01 -5.094812e-03  5.009735e-03 -2.737192e-03 
 7.100000e+03  1.377695e-01 -5.116896e-03  5.031425e-03 -2.750686e-03 
 7.150000e+03  1.455956e-01 -5.138838e-03  5.053316e-03 -2.764878e-03 
 7.200000e+03  1.534365e-01 -5.160153e-03  5.075114e-03 -2.779537e-03 
 7.250000e+03  1.612775e-01 -5.181336e-03  5.096994e-03 -2.794580e-03 
 7.300000e+03  1.692388e-01 -5.203477e-03  5.119693e-03 -2.810248e-03 
 7.350000e+03  1.783840e-01 -5.230001e-03  5.146286e-03 -2.828161e-03 
 7.400000e+03  1.879148e-01 -5.257127e-03  5.172937e-03 -2.845308e-03 
 7.450000e+03  1.976457e-01 -5.282988e-03  5.198506e-03 -2.860969e-03 
 7.500000e+03  2.076529e-01 -5.308744e-03  5.224335e-03 -2.876837e-03 
 7.550000e+03  2.176602e-01 -5.334167e-03  5.250256e-03 -2.893184e-03 
 7.600000e+03  2.276675e-01 -5.359061e-03  5.276114e-03 -2.910131e-03 
 7.650000e+03  2.377648e-01 -5.383935e-03  5.302139e-03 -2.927793e-03 
 7.700000e+03  2.493688e-01 -5.412219e-03  5.331611e-03 -2.948206e-03 
 7.750000e+03  2.615327e-01 -5.440737e-03  5.360729e-03 -2.968115e-03 
 7.800000e+03  2.736967e-01 -5.468317e-03  5.388562e-03 -2.986207e-03 
 7.850000e+03  2.858606e-01 -5.496135e-03  5.416400e-03 -3.003787e-03 
 7.900000e+03  2.980245e-01 -5.524313e-03  5.444645e-03 -3.021416e-03 
 7.950000e+03  3.101884e-01 -5.552170e-03  5.472949e-03 -3.039246e-03 
 8.000000e+03  3.223888e-01 -5.579699e-03  5.500925e-03 -3.057431e-03 
 8.050000e+03  3.358589e-01 -5.609076e-03  5.530575e-03 -3.077664e-03 
 8.100000e+03  3.499401e-01 -5.638078e-03  5.559869e-03 -3.098080e-03 
 8.150000e+03  3.640214e-01 -5.666143e-03  5.588079e-03 -3.117596e-03 
 8.200000e+03  3.781026e-01 -5.694403e-03  5.616497e-03 -3.136564e-03 
 8.250000e+03  3.921839e-01 -5.723247e-03  5.645280e-03 -3.155206e-03 
 8.300000e+03  4.062651e-01 -5.752484e-03  5.674148e-03 -3.173598e-03 
 8.350000e+03  4.213933e-01 -5.783675e-03  5.704695e-03 -3.193110e-03 
 8.400000e+03  4.376941e-01 -5.815887e-03  5.736383e-03 -3.213785e-03 
 8.450000e+03  4.539949e-01 -5.846050e-03  5.766798e-03 -3.234128e-03 
 8.500000e+03  4.702957e-01 -5.875121e-03  5.796355e-03 -3.254364e-03 
 8.550000e+03  4.865966e-01 -5.904109e-03  5.825708e-03 -3.274484e-03 
 8.600000e+03  5.030930e-01 -5.933590e-03  5.855539e-03 -3.294669e-03 
 8.650000e+03  5.206025e-01 -5.965012e-03  5.887429e-03 -3.315569e-03 
 8.700000e+03  5.385741e-01 -5.996941e-03  5.919740e-03 -3.336279e-03 
 8.750000e+03  5.578217e-01 -6.030364e-03  5.953082e-03 -3.357543e-03 
 8.800000e+03  5.776355e-01 -6.063919e-03  5.986366e-03 -3.379045e-03 
 8.850000e+03  5.974492e-01 -6.096701e-03  6.019051e-03 -3.400574e-03 
 8.900000e+03  6.172629e-01 -6.128581e-03  6.051230e-03 -3.422165e-03 
 8.950000e+03  6.370767e-01 -6.159904e-03  6.083119e-03 -3.443845e-03 
 9.000000e+03  6.575244e-01 -6.192021e-03  6.115665e-03 -3.466184e-03 
 9.050000e+03  6.783289e-01 -6.224250e-03  6.148095e-03 -3.488001e-03 
 9.100000e+03  6.997158e-01 -6.256950e-03  6.180743e-03 -3.509221e-03 
 9.150000e+03  7.215604e-01 -6.290334e-03  6.213831e-03 -3.530380e-03 
 9.200000e+03  7.434051e-01 -6.323642e-03  6.246503e-03 -3.551371e-03 
 9.250000e+03  7.652497e-01 -6.356403e-03  6.278400e-03 -3.572320e-03 
 9.300000e+03  7.872691e-01 -6.388597e-03  6.309752e-03 -3.593620e-03 
 9.350000e+03  8.102060e-01 -6.421192e-03  6.341901e-03 -3.615883e-03 
 9.400000e+03  8.331428e-01 -6.452697e-03  6.373513e-03 -3.637675e-03 
 9.450000e+03  8.564008e-01 -6.484214e-03  6.405158e-03 -3.658986e-03 
 9.500000e+03  8.810385e-01 -6.517872e-03  6.438678e-03 -3.680936e-03 
 9.550000e+03  9.063264e-01 -6.552527e-03  6.473090e-03 -3.703005e-03 
 9.600000e+03  9.316143e-01 -6.586638e-03  6.507068e-03 -3.724722e-03 
 9.650000e+03  9.575091e-01 -6.620784e-03  6.541085e-03 -3.746863e-03 
 9.700000e+03  9.840614e-01 -6.655137e-03  6.575080e-03 -3.769492e-03 
 9.750000e+03  1.010614e+00 -6.688497e-03  6.608084e-03 -3.791877e-03 
 9.800000e+03  1.037166e+00 -6.721063e-03  6.640467e-03 -3.813981e-03 
 9.850000e+03  1.064170e+00 -6.753909e-03  6.673341e-03 -3.836178e-03 
 9.900000e+03  1.092050e+00 -6.787749e-03  6.707447e-03 -3.858768e-03 
 9.950000e+03  1.119929e+00 -6.821344e-03  6.741398e-03 -3.880802e-03 
 1.000000e+04  1.149284e+00 -6.856422e-03  6.776534e-03 -3.903278e-03 
 1.005000e+04  1.181159e+00 -6.894266e-03  6.814014e-03 -3.927267e-03 
 1.010000e+04  1.213434e+00 -6.931887e-03  6.850926e-03 -3.951457e-03 
 1.015000e+04  1.245708e+00 -6.968441e-03  6.886751e-03 -3.975544e-03 
 1.020000e+04  1.277983e+00 -7.004238e-03  6.921948e-03 -3.999610e-03 
 1.025000e+04  1.310257e+00 -7.039682e-03  6.956965e-03 -4.023579e-03 
 1.030000e+04  1.342532e+00 -7.074760e-03  6.991676e-03 -4.047043e-03 
 1.035000e+04  1.375032e+00 -7.109770e-03  7.026367e-03 -4.069842e-03 
 1.040000e+04  1.410242e+00 -7.147558e-03  7.063797e-03 -4.093871e-03 
 1.045000e+04  1.445824e+00 -7.185432e-03  7.101301e-03 -4.117847e-03 
 1.050000e+04  1.481407e+00 -7.222600e-03  7.137888e-03 -4.141622e-03 
 1.055000e+04  1.517025e+00 -7.259063e-03  7.173591e-03 -4.165420e-03 
 1.060000e+04  1.554387e+00 -7.296680e-03  7.210427e-03 -4.190484e-03 
 1.065000e+04  1.591749e+00 -7.333581e-03  7.246606e-03 -4.215209e-03 
 1.070000e+04  1.629110e+00 -7.369823e-03  7.282354e-03 -4.239346e-03 
 1.075000e+04  1.667070e+00 -7.406521e-03  7.318590e-03 -4.263304e-03 
 1.080000e+04  1.706300e+00 -7.444283e-03  7.356020e-03 -4.287633e-03 
 1.085000e+04  1.745530e+00 -7.481435e-03  7.393240e-03 -4.311537e-03 
 1.090000e+04  1.785387e+00 -7.518628e-03  7.430519e-03 -4.335513e-03 
 1.095000e+04  1.827855e+00 -7.557897e-03  7.469528e-03 -4.360905e-03 
 1.100000e+04  1.871106e+00 -7.597260e-03  7.508258e-03 -4.386649e-03 
 1.105000e+04  1.914357e+00 -7.635698e-03  7.545953e-03 -4.412167e-03 
 1.110000e+04  1.957608e+00 -7.673542e-03  7.583200e-03 -4.437385e-03 
 1.115000e+04  2.000859e+00 -7.711209e-03  7.620334e-03 -4.462238e-03 
 1.120000e+04  2.044110e+00 -7.748675e-03  7.657298e-03 -4.486605e-03 
 1.125000e+04  2.087707e+00 -7.786145e-03  7.694277e-03 -4.510590e-03 
 1.130000e+04  2.134346e+00 -7.825899e-03  7.733471e-03 -4.535831e-03 
 1.135000e+04  2.182030e+00 -7.866030e-03  7.773009e-03 -4.561458e-03 
 1.140000e+04  2.229715e+00 -7.905288e-03  7.811620e-03 -4.586942e-03 
 1.145000e+04  2.277589e+00 -7.944006e-03  7.849412e-03 -4.612384e-03 
 1.150000e+04  2.327658e+00 -7.984187e-03  7.888511e-03 -4.638858e-03 
 1.155000e+04  2.377726e+00 -8.023982e-03  7.927287e-03 -4.664999e-03 
 1.160000e+04  2.427794e+00 -8.063258e-03  7.965618e-03 -4.690472e-03 
 1.165000e+04  2.479214e+00 -8.103242e-03  8.004793e-03 -4.716059e-03 
 1.170000e+04  2.531786e+00 -8.143858e-03  8.044743e-03 -4.741952e-03 
 1.175000e+04  2.584358e+00 -8.183756e-03  8.084237e-03 -4.767570e-03 
 1.180000e+04  2.636930e+00 -8.222894e-03  8.122992e-03 -4.792922e-03 
 1.185000e+04  2.693344e+00 -8.264471e-03  8.164026e-03 -4.820045e-03 
 1.190000e+04  2.751305e+00 -8.306706e-03  8.205565e-03 -4.847759e-03 
 1.195000e+04  2.809265e+00 -8.348210e-03  8.246215e-03 -4.875028e-03 
 1.200000e+04  2.867225e+00 -8.389205e-03  8.286402e-03 -4.901748e-03 
 1.205000e+04  2.925186e+00 -8.430130e-03  8.326490e-03 -4.928138e-03 
 1.210000e+04  2.983146e+00 -8.470685e-03  8.366285e-03 -4.954144e-03 
 1.215000e+04  3.041106e+00 -8.510611e-03  8.405626e-03 -4.979726e-03 
 1.220000e+04  3.104156e+00 -8.553640e-03  8.447991e-03 -5.007322e-03 
 1.225000e+04  3.168057e+00 -8.596780e-03  8.490356e-03 -5.035167e-03 
 1.230000e+04  3.231958e+00 -8.639067e-03  8.531721e-03 -5.062741e-03 
 1.235000e+04  3.297783e+00 -8.681985e-03  8.573642e-03 -5.090824e-03 
 1.240000e+04  3.368234e+00 -8.727755e-03  8.618180e-03 -5.120522e-03 
 1.245000e+04  3.438685e+00 -8.773226e-03  8.662288e-03 -5.149710e-03 
 1.250000e+04  3.509136e+00 -8.818112e-03  8.705842e-03 -5.178299e-03 
 1.255000e+04  3.579587e+00 -8.862539e-03  8.748990e-03 -5.206485e-03 
 1.260000e+04  3.650039e+00 -8.906386e-03  8.791805e-03 -5.234496e-03 
 1.265000e+04  3.720490e+00 -8.949349e-03  8.834020e-03 -5.262325e-03 
 1.270000e+04  3.791927e+00 -8.992235e-03  8.876197e-03 -5.290228e-03 
 1.275000e+04  3.868416e+00 -9.037805e-03  8.920879e-03 -5.319830e-03 
 1.280000e+04  3.946088e+00 -9.083759e-03  8.965666e-03 -5.349573e-03 
 1.285000e+04  4.023761e+00 -9.129116e-03  9.009798e-03 -5.378803e-03 
 1.290000e+04  4.102676e+00 -9.174664e-03  9.054116e-03 -5.407958e-03 
 1.295000e+04  4.184232e+00 -9.221352e-03  9.099594e-03 -5.437761e-03 
 1.300000e+04  4.265788e+00 -9.267446e-03  9.144630e-03 -5.467246e-03 
 1.305000e+04  4.347344e+00 -9.312856e-03  9.189021e-03 -5.496361e-03 
 1.310000e+04  4.430694e+00 -9.358634e-03  9.233903e-03 -5.525901e-03 
 1.315000e+04  4.516328e+00 -9.405135e-03  9.279592e-03 -5.556084e-03 
 1.320000e+04  4.601962e+00 -9.450927e-03  9.324622e-03 -5.585869e-03 
 1.325000e+04  4.689394e+00 -9.497223e-03  9.369840e-03 -5.615758e-03 
 1.330000e+04  4.783535e+00 -9.546953e-03  9.418040e-03 -5.647530e-03 
 1.335000e+04  4.877947e+00 -9.596480e-03  9.465920e-03 -5.678949e-03 
 1.340000e+04  4.972358e+00 -9.645237e-03  9.512978e-03 -5.709893e-03 
 1.345000e+04  5.066769e+00 -9.693322e-03  9.559467e-03 -5.740508e-03 
 1.350000e+04  5.161180e+00 -9.740809e-03  9.605573e-03 -5.770992e-03 
 1.355000e+04  5.255592e+00 -9.787522e-03  9.651171e-03 -5.801221e-03 
 1.360000e+04  5.351325e+00 -9.834213e-03  9.696805e-03 -5.831397e-03 
 1.365000e+04  5.454620e+00 -9.884381e-03  9.745679e-03 -5.863558e-03 
 1.370000e+04  5.558708e+00 -9.934633e-03  9.794464e-03 -5.895567e-03 
 1.375000e+04  5.662797e+00 -9.984111e-03  9.842384e-03 -5.927017e-03 
 1.380000e+04  5.768967e+00 -1.003405e-02  9.890601e-03 -5.958693e-03 
 1.385000e+04  5.878260e+00 -1.008499e-02  9.939725e-03 -5.991075e-03 
 1.390000e+04  5.987553e+00 -1.013513e-02  9.988287e-03 -6.023152e-03 
 1.395000e+04  6.096846e+00 -1.018442e-02  1.003623e-02 -6.054850e-03 
 1.400000e+04  6.210073e+00 -1.023493e-02  1.008553e-02 -6.087315e-03 
 1.405000e+04  6.324831e+00 -1.028563e-02  1.013510e-02 -6.119875e-03 
 1.410000e+04  6.439588e+00 -1.033566e-02  1.018404e-02 -6.151984e-03 
 1.415000e+04  6.557100e+00 -1.038641e-02  1.023350e-02 -6.184310e-03 
 1.420000e+04  6.682174e+00 -1.044017e-02  1.028558e-02 -6.218284e-03 
 1.425000e+04  6.808694e+00 -1.049402e-02  1.033750e-02 -6.252350e-03 
 1.430000e+04  6.935214e+00 -1.054696e-02  1.038846e-02 -6.286031e-03 
 1.435000e+04  7.061734e+00 -1.059916e-02  1.043878e-02 -6.319388e-03 
 1.440000e+04  7.188254e+00 -1.065085e-02  1.048870e-02 -6.352475e-03 
 1.445000e+04  7.314774e+00 -1.070188e-02  1.053811e-02 -6.385109e-03 
 1.450000e+04  7.443319e+00 -1.075308e-02  1.058784e-02 -6.417742e-03 
 1.455000e+04  7.580283e+00 -1.080732e-02  1.064039e-02 -6.452065e-03 
 1.460000e+04  7.719772e+00 -1.086212e-02  1.069336e-02 -6.486633e-03 
 1.465000e+04  7.859260e+00 -1.091615e-02  1.074538e-02 -6.520780e-03 
 1.470000e+04  8.002243e+00 -1.097074e-02  1.079783e-02 -6.555368e-03 
 1.475000e+04  8.156029e+00 -1.102896e-02  1.085369e-02 -6.592311e-03 
 1.480000e+04  8.309815e+00 -1.108637e-02  1.090883e-02 -6.628783e-03 
 1.485000e+04  8.463601e+00 -1.114287e-02  1.096323e-02 -6.664673e-03 
 1.490000e+04  8.617387e+00 -1.119875e-02  1.101724e-02 -6.700165e-03 
 1.495000e+04  8.771173e+00 -1.125410e-02  1.107093e-02 -6.735213e-03 
 1.500000e+04  8.924959e+00 -1.130860e-02  1.112399e-02 -6.769798e-03 
 1.505000e+04  9.084635e+00 -1.136453e-02  1.117831e-02 -6.805230e-03 
 1.510000e+04  9.254184e+00 -1.142355e-02  1.123534e-02 -6.842488e-03 
 1.515000e+04  9.423733e+00 -1.148190e-02  1.129149e-02 -6.879377e-03 
 1.520000e+04  9.593282e+00 -1.153936e-02  1.134662e-02 -6.915766e-03 
 1.525000e+04  9.766731e+00 -1.159750e-02  1.140240e-02 -6.952517e-03 
 1.530000e+04  9.944757e+00 -1.165661e-02  1.145917e-02 -6.989858e-03 
 1.535000e+04  1.012278e+01 -1.171488e-02  1.151527e-02 -7.026715e-03 
 1.540000e+04  1.030206e+01 -1.177287e-02  1.157108e-02 -7.063178e-03 
 1.545000e+04  1.048898e+01 -1.183286e-02  1.162885e-02 -7.100822e-03 
 1.550000e+04  1.067591e+01 -1.189217e-02  1.168598e-02 -7.138104e-03 
 1.555000e+04  1.086321e+01 -1.195061e-02  1.174216e-02 -7.174943e-03 
 1.560000e+04  1.106538e+01 -1.201308e-02  1.180200e-02 -7.214243e-03 
 1.565000e+04  1.127146e+01 -1.207624e-02  1.186229e-02 -7.253927e-03 
 1.570000e+04  1.147755e+01 -1.213846e-02  1.192170e-02 -7.293035e-03 
 1.575000e+04  1.168364e+01 -1.219980e-02  1.198040e-02 -7.331543e-03 
 1.580000e+04  1.189962e+01 -1.226340e-02  1.204147e-02 -7.371430e-03 
 1.585000e+04  1.211601e+01 -1.232631e-02  1.210200e-02 -7.410909e-03 
 1.590000e+04  1.233241e+01 -1.238829e-02  1.216176e-02 -7.449827e-03 
 1.595000e+04  1.256180e+01 -1.245320e-02  1.222431e-02 -7.490586e-03 
 1.600000e+04  1.280038e+01 -1.252016e-02  1.228862e-02 -7.532499e-03 
 1.605000e+04  1.303895e+01 -1.258619e-02  1.235186e-02 -7.573864e-03 
 1.610000e+04  1.327824e+01 -1.265142e-02  1.241424e-02 -7.614754e-03 
 1.615000e+04  1.353550e+01 -1.272086e-02  1.248046e-02 -7.658151e-03 
 1.620000e+04  1.379853e+01 -1.279111e-02  1.254743e-02 -7.701967e-03 
 1.625000e+04  1.406155e+01 -1.286021e-02  1.261346e-02 -7.745093e-03 
 1.630000e+04  1.432642e+01 -1.292884e-02  1.267916e-02 -7.787890e-03 
 1.635000e+04  1.460260e+01 -1.299967e-02  1.274701e-02 -7.831965e-03 
 1.640000e+04  1.487878e+01 -1.306949e-02  1.281379e-02 -7.875498e-03 
 1.645000e+04  1.515716e+01 -1.313879e-02  1.287996e-02 -7.918671e-03 
 1.650000e+04  1.545411e+01 -1.321203e-02  1.294969e-02 -7.964180e-03 
 1.655000e+04  1.575859e+01 -1.328633e-02  1.302014e-02 -8.010294e-03 
 1.660000e+04  1.606308e+01 -1.335941e-02  1.308945e-02 -8.055642e-03 
 1.665000e+04  1.636757e+01 -1.343153e-02  1.315778e-02 -8.100217e-03 
 1.670000e+04  1.667205e+01 -1.350280e-02  1.322538e-02 -8.144238e-03 
 1.675000e+04  1.697654e+01 -1.357293e-02  1.329222e-02 -8.187718e-03 
 1.680000e+04  1.728529e+01 -1.364293e-02  1.335908e-02 -8.231210e-03 
 1.685000e+04  1.762178e+01 -1.371840e-02  1.343115e-02 -8.277990e-03 
 1.690000e+04  1.797426e+01 -1.379660e-02  1.350568e-02 -8.326367e-03 
 1.695000e+04  1.832674e+01 -1.387356e-02  1.357887e-02 -8.373969e-03 
 1.700000e+04  1.868098e+01 -1.394978e-02  1.365115e-02 -8.420944e-03 
 1.705000e+04  1.905109e+01 -1.402857e-02  1.372569e-02 -8.469395e-03 
 1.710000e+04  1.942119e+01 -1.410619e-02  1.379919e-02 -8.517205e-03 
 1.715000e+04  1.979130e+01 -1.418248e-02  1.387155e-02 -8.564234e-03 
 1.720000e+04  2.017399e+01 -1.426038e-02  1.394550e-02 -8.612220e-03 
 1.725000e+04  2.056260e+01 -1.433849e-02  1.401975e-02 -8.660341e-03 
 1.730000e+04  2.095121e+01 -1.441538e-02  1.409280e-02 -8.707631e-03 
 1.735000e+04  2.136080e+01 -1.449537e-02  1.416860e-02 -8.756659e-03 
 1.740000e+04  2.178924e+01 -1.457824e-02  1.424680e-02 -8.807288e-03 
 1.745000e+04  2.221768e+01 -1.465994e-02  1.432366e-02 -8.857170e-03 
 1.750000e+04  2.264613e+01 -1.474024e-02  1.439915e-02 -8.906233e-03 
 1.755000e+04  2.308614e+01 -1.482158e-02  1.447558e-02 -8.955845e-03 
 1.760000e+04  2.353600e+01 -1.490362e-02  1.455276e-02 -9.005915e-03 
 1.765000e+04  2.398586e+01 -1.498421e-02  1.462890e-02 -9.055223e-03 
 1.770000e+04  2.444614e+01 -1.506544e-02  1.470576e-02 -9.104784e-03 
 1.775000e+04  2.494212e+01 -1.515203e-02  1.478754e-02 -9.157487e-03 
 1.780000e+04  2.543809e+01 -1.523736e-02  1.486806e-02 -9.209366e-03 
 1.785000e+04  2.593407e+01 -1.532127e-02  1.494705e-02 -9.260285e-03 
 1.790000e+04  2.645137e+01 -1.540760e-02  1.502805e-02 -9.312588e-03 
 1.795000e+04  2.697214e+01 -1.549335e-02  1.510838e-02 -9.364555e-03 
 1.800000e+04  2.749292e+01 -1.557757e-02  1.518742e-02 -9.415731e-03 
 1.805000e+04  2.801994e+01 -1.566150e-02  1.526624e-02 -9.466565e-03 
 1.810000e+04  2.858589e+01 -1.575060e-02  1.534991e-02 -9.520415e-03 
 1.815000e+04  2.916005e+01 -1.583964e-02  1.543351e-02 -9.574178e-03 
 1.820000e+04  2.973420e+01 -1.592714e-02  1.551560e-02 -9.626933e-03 
 1.825000e+04  3.034941e+01 -1.601966e-02  1.560215e-02 -9.682522e-03 
 1.830000e+04  3.098241e+01 -1.611356e-02  1.568976e-02 -9.738970e-03 
 1.835000e+04  3.161541e+01 -1.620580e-02  1.577563e-02 -9.794392e-03 
 1.840000e+04  3.225032e+01 -1.629687e-02  1.586024e-02 -9.848961e-03 
 1.845000e+04  3.291497e+01 -1.639087e-02  1.594749e-02 -9.905212e-03 
 1.850000e+04  3.357962e+01 -1.648323e-02  1.603344e-02 -9.960578e-03 
 1.855000e+04  3.424428e+01 -1.657401e-02  1.611795e-02 -1.001485e-02 
 1.860000e+04  3.495556e+01 -1.666985e-02  1.620701e-02 -1.007196e-02 
 1.865000e+04  3.568834e+01 -1.676716e-02  1.629735e-02 -1.012996e-02 
 1.870000e+04  3.642112e+01 -1.686263e-02  1.638600e-02 -1.018690e-02 
 1.875000e+04  3.716936e+01 -1.695850e-02  1.647472e-02 -1.024391e-02 
 1.880000e+04  3.797726e+01 -1.706055e-02  1.656895e-02 -1.030454e-02 
 1.885000e+04  3.878515e+01 -1.716080e-02  1.666156e-02 -1.036413e-02 
 1.890000e+04  3.959304e+01 -1.725915e-02  1.675245e-02 -1.042241e-02 
 1.895000e+04  4.042597e+01 -1.735895e-02  1.684461e-02 -1.048140e-02 
 1.900000e+04  4.127426e+01 -1.745891e-02  1.693699e-02 -1.054061e-02 
 1.905000e+04  4.212255e+01 -1.755700e-02  1.702765e-02 -1.059870e-02 
 1.910000e+04  4.301499e+01 -1.765844e-02  1.712127e-02 -1.065862e-02 
 1.915000e+04  4.395022e+01 -1.776336e-02  1.721772e-02 -1.072043e-02 
 1.920000e+04  4.488546e+01 -1.786636e-02  1.731229e-02 -1.078112e-02 
 1.925000e+04  4.582350e+01 -1.796773e-02  1.740515e-02 -1.084068e-02 
 1.930000e+04  4.683594e+01 -1.807535e-02  1.750353e-02 -1.090377e-02 
 1.935000e+04  4.786703e+01 -1.818315e-02  1.760203e-02 -1.096698e-02 
 1.940000e+04  4.889813e+01 -1.828872e-02  1.769866e-02 -1.102890e-02 
 1.945000e+04  4.997655e+01 -1.839723e-02  1.779770e-02 -1.109232e-02 
 1.950000e+04  5.111334e+01 -1.850982e-02  1.790027e-02 -1.115805e-02 
 1.955000e+04  5.225012e+01 -1.862012e-02  1.800073e-02 -1.122246e-02 
 1.960000e+04  5.339828e+01 -1.872935e-02  1.809995e-02 -1.128604e-02 
 1.965000e+04  5.464322e+01 -1.884582e-02  1.820543e-02 -1.135371e-02 
 1.970000e+04  5.589653e+01 -1.896088e-02  1.830959e-02 -1.142061e-02 
 1.975000e+04  5.714983e+01 -1.907347e-02  1.841149e-02 -1.148597e-02 
 1.980000e+04  5.845014e+01 -1.918795e-02  1.851503e-02 -1.155230e-02 
 1.985000e+04  5.983191e+01 -1.930739e-02  1.862309e-02 -1.162156e-02 
 1.990000e+04  6.121368e+01 -1.942439e-02  1.872893e-02 -1.168939e-02 
 1.995000e+04  6.261064e+01 -1.954019e-02  1.883354e-02 -1.175631e-02 
 2.000000e+04  6.413114e+01 -1.966397e-02  1.894509e-02 -1.182776e-02 
 2.005000e+04  6.565454e+01 -1.978555e-02  1.905446e-02 -1.189792e-02 
 2.010000e+04  6.717794e+01 -1.990441e-02  1.916125e-02 -1.196636e-02 
 2.015000e+04  6.881841e+01 -2.002988e-02  1.927365e-02 -1.203845e-02 
 2.020000e+04  7.049796e+01 -2.015587e-02  1.938640e-02 -1.211087e-02 
 2.025000e+04  7.217751e+01 -2.027899e-02  1.949661e-02 -1.218160e-02 
 2.030000e+04  7.389065e+01 -2.040188e-02  1.960639e-02 -1.225197e-02 
 2.035000e+04  7.574235e+01 -2.053220e-02  1.972259e-02 -1.232650e-02 
 2.040000e+04  7.759405e+01 -2.065971e-02  1.983622e-02 -1.239948e-02 
 2.045000e+04  7.945501e+01 -2.078493e-02  1.994759e-02 -1.247098e-02 
 2.050000e+04  8.147318e+01 -2.091798e-02  2.006558e-02 -1.254678e-02 
 2.055000e+04  8.351468e+01 -2.104982e-02  2.018227e-02 -1.262189e-02 
 2.060000e+04  8.555619e+01 -2.117850e-02  2.029612e-02 -1.269511e-02 
 2.065000e+04  8.771982e+01 -2.131176e-02  2.041380e-02 -1.277074e-02 
 2.070000e+04  9.008311e+01 -2.145438e-02  2.053974e-02 -1.285173e-02 
 2.075000e+04  9.244640e+01 -2.159358e-02  2.066266e-02 -1.293083e-02 
 2.080000e+04  9.480969e+01 -2.172927e-02  2.078220e-02 -1.300774e-02 
 2.085000e+04  9.724625e+01 -2.186593e-02  2.090227e-02 -1.308503e-02 
 2.090000e+04  9.972771e+01 -2.200198e-02  2.102169e-02 -1.316202e-02 
 2.095000e+04  1.022216e+02 -2.213541e-02  2.113871e-02 -1.323741e-02 
 2.100000e+04  1.050055e+02 -2.228116e-02  2.126627e-02 -1.331959e-02 
 2.105000e+04  1.078780e+02 -2.242834e-02  2.139497e-02 -1.340265e-02 
 2.110000e+04  1.107506e+02 -2.257175e-02  2.152018e-02 -1.348351e-02 
 2.115000e+04  1.136405e+02 -2.271223e-02  2.164258e-02 -1.356245e-02 
 2.120000e+04  1.167864e+02 -2.286152e-02  2.177250e-02 -1.364630e-02 
 2.125000e+04  1.199534e+02 -2.300820e-02  2.190001e-02 -1.372878e-02 
 2.130000e+04  1.231205e+02 -2.315115e-02  2.202400e-02 -1.380906e-02 
 2.135000e+04  1.265494e+02 -2.330237e-02  2.215474e-02 -1.389378e-02 
 2.140000e+04  1.300411e+02 -2.345277e-02  2.228463e-02 -1.397806e-02 
 2.145000e+04  1.335328e+02 -2.359911e-02  2.241099e-02 -1.405999e-02 
 2.150000e+04  1.371812e+02 -2.374797e-02  2.253938e-02 -1.414313e-02 
 2.155000e+04  1.410307e+02 -2.390134e-02  2.267160e-02 -1.422886e-02 
 2.160000e+04  1.448803e+02 -2.405073e-02  2.280034e-02 -1.431251e-02 
 2.165000e+04  1.489144e+02 -2.420315e-02  2.293151e-02 -1.439775e-02 
 2.170000e+04  1.533538e+02 -2.436701e-02  2.307227e-02 -1.448924e-02 
 2.175000e+04  1.578101e+02 -2.452729e-02  2.320970e-02 -1.457872e-02 
 2.180000e+04  1.622665e+02 -2.468301e-02  2.334287e-02 -1.466554e-02 
 2.185000e+04  1.668864e+02 -2.483986e-02  2.347674e-02 -1.475289e-02 
 2.190000e+04  1.720452e+02 -2.501063e-02  2.362246e-02 -1.484806e-02 
 2.195000e+04  1.772040e+02 -2.517689e-02  2.376424e-02 -1.494075e-02 
 2.200000e+04  1.823627e+02 -2.533849e-02  2.390182e-02 -1.503075e-02 
 2.205000e+04  1.875215e+02 -2.549563e-02  2.403531e-02 -1.511821e-02 
 2.210000e+04  1.928660e+02 -2.565384e-02  2.416957e-02 -1.520625e-02 
 2.215000e+04  1.984615e+02 -2.581503e-02  2.430633e-02 -1.529592e-02 
 2.220000e+04  2.041490e+02 -2.597478e-02  2.444170e-02 -1.538479e-02 
 2.225000e+04  2.100242e+02 -2.613556e-02  2.457743e-02 -1.547437e-02 
 2.230000e+04  2.159962e+02 -2.629464e-02  2.471163e-02 -1.556302e-02 
 2.235000e+04  2.220338e+02 -2.645102e-02  2.484356e-02 -1.565023e-02 
 2.240000e+04  2.283043e+02 -2.660928e-02  2.497720e-02 -1.573855e-02 
 2.245000e+04  2.345748e+02 -2.676351e-02  2.510715e-02 -1.582458e-02 
 2.250000e+04  2.411212e+02 -2.692073e-02  2.523931e-02 -1.591226e-02 
 2.255000e+04  2.480345e+02 -2.708343e-02  2.537575e-02 -1.600299e-02 
 2.260000e+04  2.549477e+02 -2.724294e-02  2.550881e-02 -1.609186e-02 
 2.265000e+04  2.618610e+02 -2.739913e-02  2.563839e-02 -1.617900e-02 
 2.270000e+04  2.687742e+02 -2.755203e-02  2.576470e-02 -1.626432e-02 
 2.275000e+04  2.757843e+02 -2.770395e-02  2.588973e-02 -1.634902e-02 
 2.280000e+04  2.830577e+02 -2.785855e-02  2.601667e-02 -1.643507e-02 
 2.285000e+04  2.906795e+02 -2.801729e-02  2.614689e-02 -1.652335e-02 
 2.290000e+04  2.983014e+02 -2.817277e-02  2.627447e-02 -1.661000e-02 
 2.295000e+04  3.059233e+02 -2.832478e-02  2.639939e-02 -1.669496e-02 
 2.300000e+04  3.135451e+02 -2.847333e-02  2.652169e-02 -1.677793e-02 
 2.305000e+04  3.213880e+02 -2.862278e-02  2.664494e-02 -1.686137e-02 
 2.310000e+04  3.293910e+02 -2.877199e-02  2.676840e-02 -1.694497e-02 
 2.315000e+04  3.373939e+02 -2.891814e-02  2.688920e-02 -1.702713e-02 
 2.320000e+04  3.453969e+02 -2.906158e-02  2.700749e-02 -1.710787e-02 
 2.325000e+04  3.537759e+02 -2.920924e-02  2.712908e-02 -1.719098e-02 
 2.330000e+04  3.621790e+02 -2.935483e-02  2.724910e-02 -1.727290e-02 
 2.335000e+04  3.705821e+02 -2.949797e-02  2.736674e-02 -1.735331e-02 
 2.340000e+04  3.791785e+02 -2.964198e-02  2.748464e-02 -1.743399e-02 
 2.345000e+04  3.880018e+02 -2.978744e-02  2.760362e-02 -1.751528e-02 
 2.350000e+04  3.968250e+02 -2.993036e-02  2.772051e-02 -1.759499e-02 
 2.355000e+04  4.056483e+02 -3.007077e-02  2.783562e-02 -1.767329e-02 
 2.360000e+04  4.144715e+02 -3.020882e-02  2.794925e-02 -1.775037e-02 
 2.365000e+04  4.237271e+02 -3.035133e-02  2.806693e-02 -1.782990e-02 
 2.370000e+04  4.329915e+02 -3.049167e-02  2.818314e-02 -1.790816e-02 
 2.375000e+04  4.422559e+02 -3.062940e-02  2.829783e-02 -1.798517e-02 
 2.380000e+04  4.516037e+02 -3.076582e-02  2.841242e-02 -1.806177e-02 
 2.385000e+04  4.613314e+02 -3.090544e-02  2.853044e-02 -1.814029e-02 
 2.390000e+04  4.710590e+02 -3.104275e-02  2.864717e-02 -1.821735e-02 
 2.395000e+04  4.807866e+02 -3.117811e-02  2.876225e-02 -1.829344e-02 
 2.400000e+04  4.905143e+02 -3.131141e-02  2.887577e-02 -1.836863e-02 
 2.405000e+04  5.002419e+02 -3.144272e-02  2.898777e-02 -1.844286e-02 
 2.410000e+04  5.100960e+02 -3.157397e-02  2.909996e-02 -1.851704e-02 
 2.415000e+04  5.203100e+02 -3.170809e-02  2.921481e-02 -1.859274e-02 
 2.420000e+04  5.305240e+02 -3.183965e-02  2.932785e-02 -1.866706e-02 
 2.425000e+04  5.407380e+02 -3.196873e-02  2.943876e-02 -1.874036e-02 
 2.430000e+04  5.509520e+02 -3.209564e-02  2.954791e-02 -1.881257e-02 
 2.435000e+04  5.611661e+02 -3.222067e-02  2.965534e-02 -1.888358e-02 
 2.440000e+04  5.713801e+02 -3.234389e-02  2.976115e-02 -1.895370e-02 
 2.445000e+04  5.820742e+02 -3.247106e-02  2.987024e-02 -1.902645e-02 
 2.450000e+04  5.927989e+02 -3.259687e-02  2.997815e-02 -1.909866e-02 
 2.455000e+04  6.037595e+02 -3.272376e-02  3.008691e-02 -1.917146e-02 
 2.460000e+04  6.150205e+02 -3.285222e-02  3.019731e-02 -1.924522e-02 
 2.465000e+04  6.262814e+02 -3.297846e-02  3.030602e-02 -1.931775e-02 
 2.470000e+04  6.376676e+02 -3.310392e-02  3.041428e-02 -1.939004e-02 
 2.475000e+04  6.492417e+02 -3.322954e-02  3.052279e-02 -1.946259e-02 
 2.480000e+04  6.608158e+02 -3.335346e-02  3.062991e-02 -1.953435e-02 
 2.485000e+04  6.723899e+02 -3.347575e-02  3.073576e-02 -1.960541e-02 
 2.490000e+04  6.839639e+02 -3.359630e-02  3.084044e-02 -1.967571e-02 
 2.495000e+04  6.955380e+02 -3.371515e-02  3.094393e-02 -1.974527e-02 
 2.500000e+04  7.071121e+02 -3.383239e-02  3.104598e-02 -1.981404e-02 
 2.505000e+04  7.186862e+02 -3.394816e-02  3.114652e-02 -1.988204e-02 
 2.510000e+04  7.302602e+02 -3.406257e-02  3.124580e-02 -1.994945e-02 
 2.515000e+04  7.418343e+02 -3.417569e-02  3.134400e-02 -2.001637e-02 
 2.520000e+04  7.534084e+02 -3.428769e-02  3.144104e-02 -2.008273e-02 
 2.525000e+04  7.649825e+02 -3.439878e-02  3.153695e-02 -2.014837e-02 
 2.530000e+04  7.765565e+02 -3.450899e-02  3.163171e-02 -2.021253e-02 
 2.535000e+04  7.881306e+02 -3.461754e-02  3.172487e-02 -2.027631e-02 
 2.540000e+04  7.997047e+02 -3.472398e-02  3.181655e-02 -2.034028e-02 
 2.545000e+04  8.112788e+02 -3.482891e-02  3.190770e-02 -2.040355e-02 
 2.550000e+04  8.228528e+02 -3.493364e-02  3.199883e-02 -2.046612e-02 
 2.555000e+04  8.344269e+02 -3.503802e-02  3.208946e-02 -2.052896e-02 
 2.560000e+04  8.460010e+02 -3.514296e-02  3.217901e-02 -2.059181e-02 
 2.565000e+04  8.575750e+02 -3.524716e-02  3.226751e-02 -2.065413e-02 
 2.570000e+04  8.691491e+02 -3.535004e-02  3.235562e-02 -2.071504e-02 
 2.575000e+04  8.807232e+02 -3.545102e-02  3.244296e-02 -2.077566e-02 
 2.580000e+04  8.922973e+02 -3.555065e-02  3.252885e-02 -2.083544e-02 
 2.585000e+04  9.038713e+02 -3.564943e-02  3.261346e-02 -2.089504e-02 
 2.590000e+04  9.154454e+02 -3.574792e-02  3.269703e-02 -2.095478e-02 
 2.595000e+04  9.270195e+02 -3.584650e-02  3.278053e-02 -2.101462e-02 
 2.600000e+04  9.385936e+02 -3.594590e-02  3.286379e-02 -2.107472e-02 
 2.605000e+04  9.501676e+02 -3.604580e-02  3.294551e-02 -2.113393e-02 
 2.610000e+04  9.617417e+02 -3.614460e-02  3.302657e-02 -2.119179e-02 
 2.615000e+04  9.733158e+02 -3.624196e-02  3.310801e-02 -2.124949e-02 
 2.620000e+04  9.848899e+02 -3.633793e-02  3.318995e-02 -2.130746e-02 
 2.625000e+04  9.964639e+02 -3.643247e-02  3.327148e-02 -2.136504e-02 
 2.630000e+04  1.008038e+03 -3.652698e-02  3.335137e-02 -2.142271e-02 
 2.635000e+04  1.019612e+03 -3.662184e-02  3.342966e-02 -2.148075e-02 
 2.640000e+04  1.031186e+03 -3.671625e-02  3.350765e-02 -2.153832e-02 
 2.645000e+04  1.042760e+03 -3.680926e-02  3.358504e-02 -2.159398e-02 
 2.650000e+04  1.054334e+03 -3.690107e-02  3.366100e-02 -2.164971e-02 
 2.655000e+04  1.065908e+03 -3.699207e-02  3.373675e-02 -2.170553e-02 
 2.660000e+04  1.077482e+03 -3.708224e-02  3.381309e-02 -2.176111e-02 
 2.665000e+04  1.089057e+03 -3.717191e-02  3.388993e-02 -2.181587e-02 
 2.670000e+04  1.100631e+03 -3.726138e-02  3.396696e-02 -2.187042e-02 
 2.675000e+04  1.112205e+03 -3.735065e-02  3.404381e-02 -2.192560e-02 
 2.680000e+04  1.123779e+03 -3.743882e-02  3.412070e-02 -2.198101e-02 
 2.685000e+04  1.135353e+03 -3.752610e-02  3.419733e-02 -2.203609e-02 
 2.690000e+04  1.146927e+03 -3.761296e-02  3.427284e-02 -2.209045e-02 
 2.695000e+04  1.158501e+03 -3.769998e-02  3.434717e-02 -2.214448e-02 
 2.700000e+04  1.170075e+03 -3.778699e-02  3.442079e-02 -2.219831e-02 
 2.705000e+04  1.181649e+03 -3.787303e-02  3.449430e-02 -2.225172e-02 
 2.710000e+04  1.193223e+03 -3.795861e-02  3.456775e-02 -2.230464e-02 
 2.715000e+04  1.204797e+03 -3.804378e-02  3.464063e-02 -2.235779e-02 
 2.720000e+04  1.216371e+03 -3.812942e-02  3.471347e-02 -2.241069e-02 
 2.725000e+04  1.227945e+03 -3.821515e-02  3.478605e-02 -2.246337e-02 
 2.730000e+04  1.239519e+03 -3.830027e-02  3.485904e-02 -2.251572e-02 
 2.735000e+04  1.251094e+03 -3.838420e-02  3.493231e-02 -2.256778e-02 
 2.740000e+04  1.262668e+03 -3.846771e-02  3.500519e-02 -2.261993e-02 
 2.745000e+04  1.274242e+03 -3.855119e-02  3.507678e-02 -2.267213e-02 
 2.750000e+04  1.285816e+03 -3.863428e-02  3.514760e-02 -2.272409e-02 
 2.755000e+04  1.297390e+03 -3.871671e-02  3.521786e-02 -2.277566e-02 
 2.760000e+04  1.308964e+03 -3.879848e-02  3.528827e-02 -2.282677e-02 
 2.765000e+04  1.320538e+03 -3.888006e-02  3.535774e-02 -2.287766e-02 
 2.770000e+04  1.332112e+03 -3.896125e-02  3.542711e-02 -2.292882e-02 
 2.775000e+04  1.343686e+03 -3.904199e-02  3.549625e-02 -2.297998e-02 
 2.780000e+04  1.355260e+03 -3.912246e-02  3.556558e-02 -2.303097e-02 
 2.785000e+04  1.366834e+03 -3.920291e-02  3.563545e-02 -2.308175e-02 
 2.790000e+04  1.378408e+03 -3.928350e-02  3.570530e-02 -2.313247e-02 
 2.795000e+04  1.389982e+03 -3.936374e-02  3.577375e-02 -2.318301e-02 
 2.800000e+04  1.401557e+03 -3.944325e-02  3.584067e-02 -2.323341e-02 
 2.805000e+04  1.413131e+03 -3.952250e-02  3.590651e-02 -2.328373e-02 
 2.810000e+04  1.424705e+03 -3.960143e-02  3.597261e-02 -2.333384e-02 
 2.815000e+04  1.436279e+03 -3.968010e-02  3.603930e-02 -2.338380e-02 
 2.820000e+04  1.447853e+03 -3.975863e-02  3.610638e-02 -2.343354e-02 
 2.825000e+04  1.459427e+03 -3.983725e-02  3.617311e-02 -2.348305e-02 
 2.830000e+04  1.471001e+03 -3.991579e-02  3.623922e-02 -2.353252e-02 
 2.835000e+04  1.482575e+03 -3.999350e-02  3.630452e-02 -2.358201e-02 
 2.840000e+04  1.494149e+03 -4.007083e-02  3.636916e-02 -2.363131e-02 
 2.845000e+04  1.505723e+03 -4.014791e-02  3.643381e-02 -2.368037e-02 
 2.850000e+04  1.517297e+03 -4.022455e-02  3.649845e-02 -2.372905e-02 
 2.855000e+04  1.528871e+03 -4.030080e-02  3.656273e-02 -2.377756e-02 
 2.860000e+04  1.540445e+03 -4.037713e-02  3.662709e-02 -2.382615e-02 
 2.865000e+04  1.552019e+03 -4.045303e-02  3.669179e-02 -2.387464e-02 
 2.870000e+04  1.563594e+03 -4.052850e-02  3.675652e-02 -2.392292e-02 
 2.875000e+04  1.575168e+03 -4.060341e-02  3.682109e-02 -2.397114e-02 
 2.880000e+04  1.586742e+03 -4.067797e-02  3.688499e-02 -2.401929e-02 
 2.885000e+04  1.598316e+03 -4.075198e-02  3.694868e-02 -2.406714e-02 
 2.890000e+04  1.609890e+03 -4.082572e-02  3.701257e-02 -2.411492e-02 
 2.895000e+04  1.621464e+03 -4.089944e-02  3.707603e-02 -2.416265e-02 
 2.900000e+04  1.633038e+03 -4.097289e-02  3.713879e-02 -2.421013e-02 
 2.905000e+04  1.644612e+03 -4.104641e-02  3.720183e-02 -2.425706e-02 
 2.910000e+04  1.656186e+03 -4.111995e-02  3.726544e-02 -2.430391e-02 
 2.915000e+04  1.667760e+03 -4.119318e-02  3.732968e-02 -2.435055e-02 
 2.920000e+04  1.679334e+03 -4.126610e-02  3.739391e-02 -2.439700e-02 
 2.925000e+04  1.690908e+03 -4.133903e-02  3.745766e-02 -2.444357e-02 
 2.930000e+04  1.702482e+03 -4.141215e-02  3.752099e-02 -2.449058e-02 
 2.935000e+04  1.714057e+03 -4.148534e-02  3.758387e-02 -2.453765e-02 
 2.940000e+04  1.725631e+03 -4.155818e-02  3.764640e-02 -2.458447e-02 
 2.945000e+04  1.737205e+03 -4.163077e-02  3.770899e-02 -2.463084e-02 
 2.950000e+04  1.748779e+03 -4.170313e-02  3.777148e-02 -2.467699e-02 
 2.955000e+04  1.760353e+03 -4.177555e-02  3.783388e-02 -2.472287e-02 
 2.960000e+04  1.771927e+03 -4.184814e-02  3.789626e-02 -2.476870e-02 
 2.965000e+04  1.783501e+03 -4.192081e-02  3.795872e-02 -2.481463e-02 
 2.970000e+04  1.795075e+03 -4.199334e-02  3.802130e-02 -2.486060e-02 
 2.975000e+04  1.806649e+03 -4.206559e-02  3.808394e-02 -2.490655e-02 
 2.980000e+04  1.818223e+03 -4.213765e-02  3.814597e-02 -2.495218e-02 
 2.985000e+04  1.829797e+03 -4.220924e-02  3.820709e-02 -2.499694e-02 
 2.990000e+04  1.841371e+03 -4.228054e-02  3.826820e-02 -2.504176e-02 
 2.995000e+04  1.852945e+03 -4.235238e-02  3.832995e-02 -2.508688e-02 
 3.000000e+04  1.864519e+03 -4.242415e-02  3.839289e-02 -2.513211e-02 
 3.005000e+04  1.876094e+03 -4.249572e-02  3.845668e-02 -2.517719e-02 
 3.010000e+04  1.887668e+03 -4.256700e-02  3.852093e-02 -2.522224e-02 
 3.015000e+04  1.899242e+03 -4.263816e-02  3.858476e-02 -2.526733e-02 
 3.020000e+04  1.910816e+03 -4.270899e-02  3.864792e-02 -2.531185e-02 
 3.025000e+04  1.922390e+03 -4.277940e-02  3.871046e-02 -2.535635e-02 
 3.030000e+04  1.933964e+03 -4.284951e-02  3.877300e-02 -2.540110e-02 
 3.035000e+04  1.945538e+03 -4.291902e-02  3.883517e-02 -2.544584e-02 
 3.040000e+04  1.957112e+03 -4.298846e-02  3.889696e-02 -2.549044e-02 
 3.045000e+04  1.968686e+03 -4.305816e-02  3.895847e-02 -2.553505e-02 
 3.050000e+04  1.980260e+03 -4.312778e-02  3.901973e-02 -2.557937e-02 
 3.055000e+04  1.991834e+03 -4.319695e-02  3.908066e-02 -2.562341e-02 
 3.060000e+04  2.003408e+03 -4.326596e-02  3.914115e-02 -2.566729e-02 
 3.065000e+04  2.014982e+03 -4.333499e-02  3.920077e-02 -2.571111e-02 
 3.070000e+04  2.026557e+03 -4.340403e-02  3.925946e-02 -2.575468e-02 
 3.075000e+04  2.038131e+03 -4.347281e-02  3.931497e-02 -2.579656e-02 
 3.080000e+04  2.049705e+03 -4.354154e-02  3.936867e-02 -2.583801e-02 
 3.085000e+04  2.061279e+03 -4.361063e-02  3.942315e-02 -2.588056e-02 
 3.090000e+04  2.072853e+03 -4.368037e-02  3.947957e-02 -2.592452e-02 
 3.095000e+04  2.084427e+03 -4.374972e-02  3.953763e-02 -2.596873e-02 
 3.100000e+04  2.096001e+03 -4.381784e-02  3.959659e-02 -2.601278e-02 
 3.105000e+04  2.107575e+03 -4.388605e-02  3.965565e-02 -2.605695e-02 
 3.110000e+04  2.119149e+03 -4.395365e-02  3.971421e-02 -2.610050e-02 
 3.115000e+04  2.130723e+03 -4.402069e-02  3.977223e-02 -2.614330e-02 
 3.120000e+04  2.142297e+03 -4.408692e-02  3.982979e-02 -2.618616e-02 
 3.125000e+04  2.153871e+03 -4.415234e-02  3.988740e-02 -2.622927e-02 
 3.130000e+04  2.165445e+03 -4.421736e-02  3.994435e-02 -2.627251e-02 
 3.135000e+04  2.177019e+03 -4.428279e-02  4.000082e-02 -2.631584e-02 
 3.140000e+04  2.188594e+03 -4.434847e-02  4.005721e-02 -2.635938e-02 
 3.145000e+04  2.200168e+03 -4.441346e-02  4.011379e-02 -2.640292e-02 
 3.150000e+04  2.211742e+03 -4.447809e-02  4.017036e-02 -2.644626e-02 
 3.155000e+04  2.223316e+03 -4.454292e-02  4.022702e-02 -2.648952e-02 
 3.160000e+04  2.234890e+03 -4.460850e-02  4.028349e-02 -2.653263e-02 
 3.165000e+04  2.246464e+03 -4.467485e-02  4.033932e-02 -2.657556e-02 
 3.170000e+04  2.258038e+03 -4.474186e-02  4.039451e-02 -2.661843e-02 
 3.175000e+04  2.269612e+03 -4.480913e-02  4.044912e-02 -2.666142e-02 
 3.180000e+04  2.281186e+03 -4.487642e-02  4.050317e-02 -2.670448e-02 
 3.185000e+04  2.292760e+03 -4.494335e-02  4.055696e-02 -2.674761e-02 
 3.190000e+04  2.304334e+03 -4.501021e-02  4.061083e-02 -2.679074e-02 
 3.195000e+04  2.315908e+03 -4.507666e-02  4.066487e-02 -2.683381e-02 
 3.200000e+04  2.327482e+03 -4.514268e-02  4.071927e-02 -2.687674e-02 
 3.205000e+04  2.339057e+03 -4.520836e-02  4.077402e-02 -2.691960e-02 
 3.210000e+04  2.350631e+03 -4.527371e-02  4.082907e-02 -2.696224e-02 
 3.215000e+04  2.362205e+03 -4.533877e-02  4.088436e-02 -2.700469e-02 
 3.220000e+04  2.373779e+03 -4.540350e-02  4.093972e-02 -2.704695e-02 
 3.225000e+04  2.385353e+03 -4.546772e-02  4.099508e-02 -2.708921e-02 
 3.230000e+04  2.396927e+03 -4.553126e-02  4.105043e-02 -2.713161e-02 
 3.235000e+04  2.408501e+03 -4.559419e-02  4.110575e-02 -2.717406e-02 
 3.240000e+04  2.420075e+03 -4.565679e-02  4.116116e-02 -2.721631e-02 
 3.245000e+04  2.431649e+03 -4.571927e-02  4.121680e-02 -2.725840e-02 
 3.250000e+04  2.443223e+03 -4.578173e-02  4.127264e-02 -2.730036e-02 
 3.255000e+04  2.454797e+03 -4.584411e-02  4.132810e-02 -2.734190e-02 
 3.260000e+04  2.466371e+03 -4.590639e-02  4.138309e-02 -2.738327e-02 
 3.265000e+04  2.477945e+03 -4.596898e-02  4.143763e-02 -2.742490e-02 
 3.270000e+04  2.489519e+03 -4.603196e-02  4.149190e-02 -2.746666e-02 
 3.275000e+04  2.501094e+03 -4.609492e-02  4.154590e-02 -2.750839e-02 
 3.280000e+04  2.512668e+03 -4.615761e-02  4.159953e-02 -2.755008e-02 
 3.285000e+04  2.524242e+03 -4.622040e-02  4.165295e-02 -2.759173e-02 
 3.290000e+04  2.535816e+03 -4.628336e-02  4.170629e-02 -2.763330e-02 
 3.295000e+04  2.547390e+03 -4.634627e-02  4.175967e-02 -2.767468e-02 
 3.300000e+04  2.558964e+03 -4.640889e-02  4.181310e-02 -2.771588e-02 
 3.305000e+04  2.570538e+03 -4.647063e-02  4.186659e-02 -2.775708e-02 
 3.310000e+04  2.582112e+03 -4.653210e-02  4.192000e-02 -2.779824e-02 
 3.315000e+04  2.593686e+03 -4.659371e-02  4.197305e-02 -2.783918e-02 
 3.320000e+04  2.605260e+03 -4.665533e-02  4.202595e-02 -2.788021e-02 
 3.325000e+04  2.616834e+03 -4.671678e-02  4.207909e-02 -2.792143e-02 
 3.330000e+04  2.628408e+03 -4.677792e-02  4.213245e-02 -2.796273e-02 
 3.335000e+04  2.639982e+03 -4.683886e-02  4.218599e-02 -2.800390e-02 
 3.340000e+04  2.651557e+03 -4.689980e-02  4.223954e-02 -2.804482e-02 
 3.345000e+04  2.663131e+03 -4.696064e-02  4.229287e-02 -2.808530e-02 
 3.350000e+04  2.674705e+03 -4.702150e-02  4.234599e-02 -2.812557e-02 
 3.355000e+04  2.686279e+03 -4.708237e-02  4.239858e-02 -2.816604e-02 
 3.360000e+04  2.697853e+03 -4.714320e-02  4.245083e-02 -2.820661e-02 
 3.365000e+04  2.709427e+03 -4.720385e-02  4.250282e-02 -2.824720e-02 
 3.370000e+04  2.721001e+03 -4.726447e-02  4.255472e-02 -2.828785e-02 
 3.375000e+04  2.732575e+03 -4.732507e-02  4.260659e-02 -2.832847e-02 
 3.380000e+04  2.744149e+03 -4.738572e-02  4.265837e-02 -2.836891e-02 
 3.385000e+04  2.755723e+03 -4.744665e-02  4.271011e-02 -2.840913e-02 
 3.390000e+04  2.767297e+03 -4.750789e-02  4.276184e-02 -2.844930e-02 
 3.395000e+04  2.778871e+03 -4.756933e-02  4.281353e-02 -2.848942e-02 
 3.400000e+04  2.790445e+03 -4.763088e-02  4.286508e-02 -2.852964e-02 
 3.405000e+04  2.802019e+03 -4.769241e-02  4.291638e-02 -2.856999e-02 
 3.410000e+04  2.813594e+03 -4.775385e-02  4.296743e-02 -2.861034e-02 
 3.415000e+04  2.825168e+03 -4.781508e-02  4.301834e-02 -2.865061e-02 
 3.420000e+04  2.836742e+03 -4.787625e-02  4.306910e-02 -2.869089e-02 
 3.425000e+04  2.848316e+03 -4.793728e-02  4.311978e-02 -2.873101e-02 
 3.430000e+04  2.859890e+03 -4.799823e-02  4.317061e-02 -2.877093e-02 
 3.435000e+04  2.871464e+03 -4.805882e-02  4.322167e-02 -2.881034e-02 
 3.440000e+04  2.883038e+03 -4.811586e-02  4.327302e-02 -2.884794e-02 
 3.445000e+04  2.894612e+03 -4.817129e-02  4.332449e-02 -2.888563e-02 
 3.450000e+04  2.906186e+03 -4.822770e-02  4.337663e-02 -2.892450e-02 
 3.455000e+04  2.917760e+03 -4.828546e-02  4.343000e-02 -2.896502e-02 
 3.460000e+04  2.929334e+03 -4.834454e-02  4.348273e-02 -2.900609e-02 
 3.465000e+04  2.940908e+03 -4.840393e-02  4.353428e-02 -2.904702e-02 
 3.470000e+04  2.952482e+03 -4.846260e-02  4.358603e-02 -2.908737e-02 
 3.475000e+04  2.964057e+03 -4.852100e-02  4.363766e-02 -2.912664e-02 
 3.480000e+04  2.975631e+03 -4.857966e-02  4.368876e-02 -2.916535e-02 
 3.485000e+04  2.987205e+03 -4.863919e-02  4.373947e-02 -2.920401e-02 
 3.490000e+04  2.998779e+03 -4.870028e-02  4.378986e-02 -2.924301e-02 
 3.495000e+04  3.010353e+03 -4.876261e-02  4.384016e-02 -2.928236e-02 
 3.500000e+04  3.021927e+03 -4.882536e-02  4.388993e-02 -2.932184e-02 
 3.505000e+04  3.033501e+03 -4.888821e-02  4.393891e-02 -2.936129e-02 
 3.510000e+04  3.045075e+03 -4.895115e-02  4.398719e-02 -2.940083e-02 
 3.515000e+04  3.056649e+03 -4.901431e-02  4.403532e-02 -2.944016e-02 
 3.520000e+04  3.068223e+03 -4.907668e-02  4.408369e-02 -2.947915e-02 
 3.525000e+04  3.079797e+03 -4.913794e-02  4.413250e-02 -2.951800e-02 
 3.530000e+04  3.091371e+03 -4.919841e-02  4.418205e-02 -2.955689e-02 
 3.535000e+04  3.102945e+03 -4.925840e-02  4.423244e-02 -2.959590e-02 
 3.540000e+04  3.114519e+03 -4.931815e-02  4.428367e-02 -2.963504e-02 
 3.545000e+04  3.126094e+03 -4.937697e-02  4.433556e-02 -2.967416e-02 
 3.550000e+04  3.137668e+03 -4.943497e-02  4.438778e-02 -2.971325e-02 
 3.555000e+04  3.149242e+03 -4.949235e-02  4.444014e-02 -2.975244e-02 
 3.560000e+04  3.160816e+03 -4.954940e-02  4.449234e-02 -2.979142e-02 
 3.565000e+04  3.172390e+03 -4.960616e-02  4.454440e-02 -2.983018e-02 
 3.570000e+04  3.183964e+03 -4.966281e-02  4.459669e-02 -2.986898e-02 
 3.575000e+04  3.195538e+03 -4.971964e-02  4.464918e-02 -2.990795e-02 
 3.580000e+04  3.207112e+03 -4.977682e-02  4.470132e-02 -2.994705e-02 
 3.585000e+04  3.218686e+03 -4.983439e-02  4.475287e-02 -2.998613e-02 
 3.590000e+04  3.230260e+03 -4.989257e-02  4.480384e-02 -3.002522e-02 
 3.595000e+04  3.241834e+03 -4.995142e-02  4.485430e-02 -3.006422e-02 
 3.600000e+04  3.253408e+03 -5.000883e-02  4.490414e-02 -3.010300e-02 
 3.605000e+04  3.264982e+03 -5.006523e-02  4.495360e-02 -3.014005e-02 
 3.610000e+04  3.276557e+03 -5.012272e-02  4.500287e-02 -3.017720e-02 
 3.615000e+04  3.288131e+03 -5.018121e-02  4.505244e-02 -3.021593e-02 
 3.620000e+04  3.299705e+03 -5.024059e-02  4.510245e-02 -3.025566e-02 
 3.625000e+04  3.311279e+03 -5.030034e-02  4.514948e-02 -3.029510e-02 
 3.630000e+04  3.322853e+03 -5.035984e-02  4.519550e-02 -3.033345e-02 
 3.635000e+04  3.334427e+03 -5.041897e-02  4.524189e-02 -3.037246e-02 
 3.640000e+04  3.346001e+03 -5.047834e-02  4.528964e-02 -3.041149e-02 
 3.645000e+04  3.357575e+03 -5.053733e-02  4.533851e-02 -3.045042e-02 
 3.650000e+04  3.369149e+03 -5.059639e-02  4.538804e-02 -3.048922e-02 
 3.655000e+04  3.380723e+03 -5.065594e-02  4.543780e-02 -3.052820e-02 
 3.660000e+04  3.392297e+03 -5.071524e-02  4.548736e-02 -3.056704e-02 
 3.665000e+04  3.403871e+03 -5.077402e-02  4.553619e-02 -3.060557e-02 
 3.670000e+04  3.415445e+03 -5.083194e-02  4.558443e-02 -3.064424e-02 
 3.675000e+04  3.427019e+03 -5.088954e-02  4.563195e-02 -3.068305e-02 
 3.680000e+04  3.438594e+03 -5.094678e-02  4.567924e-02 -3.072164e-02 
 3.685000e+04  3.450168e+03 -5.100362e-02  4.572702e-02 -3.076017e-02 
 3.690000e+04  3.461742e+03 -5.105997e-02  4.577560e-02 -3.079863e-02 
 3.695000e+04  3.473316e+03 -5.111564e-02  4.582508e-02 -3.083701e-02 
 3.700000e+04  3.484890e+03 -5.117127e-02  4.587537e-02 -3.087522e-02 
 3.705000e+04  3.496464e+03 -5.122724e-02  4.592575e-02 -3.091318e-02 
 3.710000e+04  3.508038e+03 -5.128380e-02  4.597550e-02 -3.095099e-02 
 3.715000e+04  3.519612e+03 -5.134075e-02  4.602423e-02 -3.098895e-02 
 3.720000e+04  3.531186e+03 -5.139770e-02  4.607201e-02 -3.102715e-02 
 3.725000e+04  3.542760e+03 -5.145454e-02  4.611922e-02 -3.106550e-02 
 3.730000e+04  3.554334e+03 -5.151134e-02  4.616629e-02 -3.110385e-02 
 3.735000e+04  3.565908e+03 -5.156837e-02  4.621351e-02 -3.114209e-02 
 3.740000e+04  3.577482e+03 -5.162575e-02  4.626102e-02 -3.118014e-02 
 3.745000e+04  3.589057e+03 -5.168310e-02  4.630885e-02 -3.121797e-02 
 3.750000e+04  3.600631e+03 -5.174049e-02  4.635692e-02 -3.125568e-02 
 3.755000e+04  3.612205e+03 -5.179795e-02  4.640505e-02 -3.129345e-02 
 3.760000e+04  3.623779e+03 -5.185534e-02  4.645281e-02 -3.133135e-02 
 3.765000e+04  3.635353e+03 -5.191227e-02  4.649987e-02 -3.136930e-02 
 3.770000e+04  3.646927e+03 -5.196884e-02  4.654653e-02 -3.140736e-02 
 3.775000e+04  3.658501e+03 -5.202507e-02  4.659314e-02 -3.144545e-02 
 3.780000e+04  3.670075e+03 -5.208083e-02  4.664003e-02 -3.148346e-02 
 3.785000e+04  3.681649e+03 -5.213633e-02  4.668736e-02 -3.152140e-02 
 3.790000e+04  3.693223e+03 -5.219172e-02  4.673530e-02 -3.155922e-02 
 3.795000e+04  3.704797e+03 -5.224702e-02  4.678377e-02 -3.159691e-02 
 3.800000e+04  3.716371e+03 -5.230212e-02  4.683250e-02 -3.163443e-02 
 3.805000e+04  3.727945e+03 -5.235709e-02  4.688088e-02 -3.167176e-02 
 3.810000e+04  3.739519e+03 -5.241197e-02  4.692880e-02 -3.170909e-02 
 3.815000e+04  3.751094e+03 -5.246676e-02  4.697622e-02 -3.174659e-02 
 3.820000e+04  3.762668e+03 -5.252130e-02  4.702330e-02 -3.178413e-02 
 3.825000e+04  3.774242e+03 -5.257575e-02  4.707040e-02 -3.182173e-02 
 3.830000e+04  3.785816e+03 -5.263025e-02  4.711754e-02 -3.185936e-02 
 3.835000e+04  3.797390e+03 -5.268502e-02  4.716467e-02 -3.189681e-02 
 3.840000e+04  3.808964e+03 -5.274003e-02  4.721179e-02 -3.193396e-02 
 3.845000e+04  3.820538e+03 -5.279523e-02  4.725905e-02 -3.197094e-02 
 3.850000e+04  3.832112e+03 -5.285057e-02  4.730636e-02 -3.200793e-02 
 3.855000e+04  3.843686e+03 -5.290593e-02  4.735347e-02 -3.204499e-02 
 3.860000e+04  3.855260e+03 -5.296130e-02  4.740011e-02 -3.208216e-02 
 3.865000e+04  3.866834e+03 -5.301666e-02  4.744636e-02 -3.211946e-02 
 3.870000e+04  3.878408e+03 -5.307183e-02  4.749252e-02 -3.215673e-02 
 3.875000e+04  3.889982e+03 -5.312668e-02  4.753870e-02 -3.219387e-02 
 3.880000e+04  3.901557e+03 -5.318154e-02  4.758509e-02 -3.223094e-02 
 3.885000e+04  3.913131e+03 -5.323650e-02  4.763170e-02 -3.226796e-02 
 3.890000e+04  3.924705e+03 -5.329134e-02  4.767855e-02 -3.230490e-02 
 3.895000e+04  3.936279e+03 -5.334591e-02  4.772555e-02 -3.234183e-02 
 3.900000e+04  3.947853e+03 -5.340037e-02  4.777260e-02 -3.237877e-02 
 3.905000e+04  3.959427e+03 -5.345470e-02  4.781946e-02 -3.241577e-02 
 3.910000e+04  3.971001e+03 -5.350898e-02  4.786586e-02 -3.245282e-02 
 3.915000e+04  3.982575e+03 -5.356313e-02  4.791188e-02 -3.248990e-02 
 3.920000e+04  3.994149e+03 -5.361653e-02  4.795784e-02 -3.252673e-02 
 3.925000e+04  4.005723e+03 -5.366962e-02  4.800383e-02 -3.256302e-02 
 3.930000e+04  4.017297e+03 -5.372268e-02  4.804990e-02 -3.259947e-02 
 3.935000e+04  4.028871e+03 -5.377617e-02  4.809645e-02 -3.263631e-02 
 3.940000e+04  4.040445e+03 -5.383009e-02  4.814288e-02 -3.267338e-02 
 3.945000e+04  4.052019e+03 -5.388372e-02  4.818882e-02 -3.271027e-02 
 3.950000e+04  4.063594e+03 -5.393670e-02  4.823447e-02 -3.274636e-02 
 3.955000e+04  4.075168e+03 -5.398903e-02  4.828002e-02 -3.278235e-02 
 3.960000e+04  4.086742e+03 -5.404128e-02  4.832586e-02 -3.281865e-02 
 3.965000e+04  4.098316e+03 -5.409412e-02  4.837185e-02 -3.285544e-02 
 3.970000e+04  4.109890e+03 -5.414788e-02  4.841771e-02 -3.289259e-02 
 3.975000e+04  4.121464e+03 -5.420230e-02  4.846316e-02 -3.292981e-02 
 3.980000e+04  4.133038e+03 -5.425640e-02  4.850834e-02 -3.296678e-02 
 3.985000e+04  4.144612e+03 -5.431001e-02  4.855341e-02 -3.300345e-02 
 3.990000e+04  4.156186e+03 -5.436361e-02  4.859811e-02 -3.303988e-02 
 3.995000e+04  4.167760e+03 -5.441777e-02  4.864254e-02 -3.307619e-02 
 4.000000e+04  4.179334e+03 -5.447243e-02  4.868674e-02 -3.311261e-02 
 4.005000e+04  4.190908e+03 -5.452718e-02  4.873079e-02 -3.314915e-02 
 4.010000e+04  4.202482e+03 -5.458160e-02  4.877474e-02 -3.318586e-02 
 4.015000e+04  4.214057e+03 -5.463577e-02  4.881854e-02 -3.322271e-02 
 4.020000e+04  4.225631e+03 -5.469001e-02  4.886211e-02 -3.325951e-02 
 4.025000e+04  4.237205e+03 -5.474417e-02  4.890559e-02 -3.329612e-02 
 4.030000e+04  4.248779e+03 -5.479790e-02  4.894923e-02 -3.333259e-02 
 4.035000e+04  4.260353e+03 -5.485116e-02  4.899322e-02 -3.336899e-02 
 4.040000e+04  4.271927e+03 -5.490423e-02  4.903763e-02 -3.340545e-02 
 4.045000e+04  4.283501e+03 -5.495702e-02  4.908238e-02 -3.344192e-02 
 4.050000e+04  4.295075e+03 -5.500959e-02  4.912729e-02 -3.347829e-02 
 4.055000e+04  4.306649e+03 -5.506206e-02  4.917214e-02 -3.351460e-02 
 4.060000e+04  4.318223e+03 -5.511442e-02  4.921656e-02 -3.355094e-02 
 4.065000e+04  4.329797e+03 -5.516669e-02  4.926075e-02 -3.358742e-02 
 4.070000e+04  4.341371e+03 -5.521873e-02  4.930506e-02 -3.362406e-02 
 4.075000e+04  4.352945e+03 -5.527069e-02  4.934957e-02 -3.366063e-02 
 4.080000e+04  4.364519e+03 -5.532276e-02  4.939417e-02 -3.369705e-02 
 4.085000e+04  4.376094e+03 -5.537506e-02  4.943880e-02 -3.373342e-02 
 4.090000e+04  4.387668e+03 -5.542764e-02  4.948331e-02 -3.376971e-02 
 4.095000e+04  4.399242e+03 -5.548042e-02  4.952756e-02 -3.380589e-02 
 4.100000e+04  4.410816e+03 -5.553289e-02  4.957161e-02 -3.384204e-02 
 4.105000e+04  4.422390e+03 -5.558514e-02  4.961547e-02 -3.387834e-02 
 4.110000e+04  4.433964e+03 -5.563744e-02  4.965910e-02 -3.391464e-02 
 4.115000e+04  4.445538e+03 -5.568925e-02  4.970255e-02 -3.395072e-02 
 4.120000e+04  4.457112e+03 -5.574092e-02  4.974602e-02 -3.398628e-02 
 4.125000e+04  4.468686e+03 -5.579254e-02  4.978983e-02 -3.402196e-02 
 4.130000e+04  4.480260e+03 -5.584415e-02  4.983428e-02 -3.405816e-02 
 4.135000e+04  4.491834e+03 -5.589573e-02  4.987925e-02 -3.409451e-02 
 4.140000e+04  4.503408e+03 -5.594737e-02  4.992375e-02 -3.413078e-02 
 4.145000e+04  4.514982e+03 -5.599888e-02  4.996814e-02 -3.416694e-02 
 4.150000e+04  4.526557e+03 -5.605015e-02  5.001240e-02 -3.420303e-02 
 4.155000e+04  4.538131e+03 -5.610102e-02  5.005652e-02 -3.423888e-02 
 4.160000e+04  4.549705e+03 -5.615187e-02  5.010064e-02 -3.427482e-02 
 4.165000e+04  4.561279e+03 -5.620311e-02  5.014464e-02 -3.431085e-02 
 4.170000e+04  4.572853e+03 -5.625465e-02  5.018870e-02 -3.434684e-02 
 4.175000e+04  4.584427e+03 -5.630638e-02  5.023285e-02 -3.438278e-02 
 4.180000e+04  4.596001e+03 -5.635819e-02  5.027703e-02 -3.441853e-02 
 4.185000e+04  4.607575e+03 -5.640984e-02  5.032100e-02 -3.445421e-02 
 4.190000e+04  4.619149e+03 -5.646152e-02  5.036479e-02 -3.448987e-02 
 4.195000e+04  4.630723e+03 -5.651316e-02  5.040804e-02 -3.452558e-02 
 4.200000e+04  4.642297e+03 -5.656461e-02  5.044960e-02 -3.456084e-02 
 4.205000e+04  4.653871e+03 -5.661588e-02  5.049106e-02 -3.459496e-02 
 4.210000e+04  4.665445e+03 -5.666725e-02  5.053327e-02 -3.462960e-02 
 4.215000e+04  4.677019e+03 -5.671950e-02  5.057703e-02 -3.466492e-02 
 4.220000e+04  4.688594e+03 -5.677231e-02  5.062210e-02 -3.470070e-02 
 4.225000e+04  4.700168e+03 -5.682365e-02  5.066804e-02 -3.473636e-02 
 4.230000e+04  4.711742e+03 -5.687378e-02  5.071439e-02 -3.477193e-02 
 4.235000e+04  4.723316e+03 -5.692364e-02  5.076073e-02 -3.480755e-02 
 4.240000e+04  4.734890e+03 -5.697324e-02  5.080675e-02 -3.484286e-02 
 4.245000e+04  4.746464e+03 -5.702217e-02  5.085235e-02 -3.487808e-02 
 4.250000e+04  4.758038e+03 -5.707085e-02  5.089837e-02 -3.491355e-02 
 4.255000e+04  4.769612e+03 -5.711983e-02  5.094461e-02 -3.494893e-02 
 4.260000e+04  4.781186e+03 -5.716852e-02  5.099032e-02 -3.498394e-02 
 4.265000e+04  4.792760e+03 -5.721695e-02  5.103595e-02 -3.501865e-02 
 4.270000e+04  4.804334e+03 -5.726563e-02  5.108211e-02 -3.505334e-02 
 4.275000e+04  4.815908e+03 -5.731436e-02  5.112838e-02 -3.508857e-02 
 4.280000e+04  4.827482e+03 -5.736384e-02  5.117467e-02 -3.512397e-02 
 4.285000e+04  4.839057e+03 -5.741384e-02  5.122064e-02 -3.515944e-02 
 4.290000e+04  4.850631e+03 -5.746435e-02  5.126648e-02 -3.519466e-02 
 4.295000e+04  4.862205e+03 -5.751523e-02  5.131182e-02 -3.522957e-02 
 4.300000e+04  4.873779e+03 -5.756628e-02  5.135669e-02 -3.526451e-02 
 4.305000e+04  4.885353e+03 -5.761750e-02  5.140103e-02 -3.529964e-02 
 4.310000e+04  4.896927e+03 -5.766866e-02  5.144495e-02 -3.533480e-02 
 4.315000e+04  4.908501e+03 -5.771960e-02  5.148917e-02 -3.536995e-02 
 4.320000e+04  4.920075e+03 -5.777056e-02  5.153367e-02 -3.540535e-02 
 4.325000e+04  4.931649e+03 -5.782131e-02  5.157854e-02 -3.544062e-02 
 4.330000e+04  4.943223e+03 -5.787151e-02  5.162368e-02 -3.547577e-02 
 4.335000e+04  4.954797e+03 -5.792172e-02  5.166907e-02 -3.551081e-02 
 4.340000e+04  4.966371e+03 -5.797169e-02  5.171455e-02 -3.554587e-02 
 4.345000e+04  4.977945e+03 -5.802159e-02  5.176004e-02 -3.558081e-02 
 4.350000e+04  4.989519e+03 -5.807136e-02  5.180533e-02 -3.561579e-02 
 4.355000e+04  5.001094e+03 -5.812097e-02  5.185054e-02 -3.565074e-02 
 4.360000e+04  5.012668e+03 -5.817039e-02  5.189549e-02 -3.568577e-02 
 4.365000e+04  5.024242e+03 -5.821957e-02  5.194028e-02 -3.572088e-02 
 4.370000e+04  5.035816e+03 -5.826864e-02  5.198516e-02 -3.575581e-02 
 4.375000e+04  5.047390e+03 -5.831798e-02  5.202980e-02 -3.579058e-02 
 4.380000e+04  5.058964e+03 -5.836771e-02  5.207446e-02 -3.582524e-02 
 4.385000e+04  5.070538e+03 -5.841790e-02  5.211923e-02 -3.586001e-02 
 4.390000e+04  5.082112e+03 -5.846835e-02  5.216383e-02 -3.589478e-02 
 4.395000e+04  5.093686e+03 -5.851874e-02  5.220814e-02 -3.592957e-02 
 4.400000e+04  5.105260e+03 -5.856909e-02  5.225197e-02 -3.596445e-02 
 4.405000e+04  5.116834e+03 -5.861958e-02  5.229548e-02 -3.599937e-02 
 4.410000e+04  5.128408e+03 -5.866997e-02  5.233871e-02 -3.603437e-02 
 4.415000e+04  5.139982e+03 -5.872029e-02  5.238194e-02 -3.606926e-02 
 4.420000e+04  5.151557e+03 -5.877046e-02  5.242515e-02 -3.610415e-02 
 4.425000e+04  5.163131e+03 -5.882062e-02  5.246847e-02 -3.613900e-02 
 4.430000e+04  5.174705e+03 -5.887078e-02  5.251201e-02 -3.617376e-02 
 4.435000e+04  5.186279e+03 -5.892088e-02  5.255559e-02 -3.620837e-02 
 4.440000e+04  5.197853e+03 -5.897083e-02  5.259915e-02 -3.624301e-02 
 4.445000e+04  5.209427e+03 -5.902060e-02  5.264261e-02 -3.627770e-02 
 4.450000e+04  5.221001e+03 -5.907016e-02  5.268590e-02 -3.631241e-02 
 4.455000e+04  5.232575e+03 -5.911952e-02  5.272900e-02 -3.634718e-02 
 4.460000e+04  5.244149e+03 -5.916880e-02  5.277209e-02 -3.638188e-02 
 4.465000e+04  5.255723e+03 -5.921802e-02  5.281532e-02 -3.641649e-02 
 4.470000e+04  5.267297e+03 -5.926727e-02  5.285864e-02 -3.645098e-02 
 4.475000e+04  5.278871e+03 -5.931664e-02  5.290201e-02 -3.648542e-02 
 4.480000e+04  5.290445e+03 -5.936607e-02  5.294544e-02 -3.651978e-02 
