         Step [creep.tim... Z Displace... Z Displace... X Displace... 
------------- ------------- ------------- ------------- ------------- 
 5.250000e+03  1.276223e-07 -4.629353e-03  4.524540e-03 -2.433365e-03 
 5.300000e+03  3.886505e-06 -4.629564e-03  4.524654e-03 -2.433584e-03 
 5.350000e+03  2.876135e-05 -4.630594e-03  4.524931e-03 -2.434353e-03 
 5.400000e+03  1.417104e-04 -4.631299e-03  4.525190e-03 -2.434589e-03 
 5.450000e+03  4.777256e-04 -4.632237e-03  4.526717e-03 -2.436061e-03 
 5.500000e+03  8.403390e-04 -4.635674e-03  4.530242e-03 -2.439427e-03 
 5.550000e+03  1.202952e-03 -4.641238e-03  4.535833e-03 -2.444207e-03 
 5.600000e+03  1.613064e-03 -4.648469e-03  4.543946e-03 -2.449846e-03 
 5.650000e+03  2.256380e-03 -4.659240e-03  4.556612e-03 -2.457697e-03 
 5.700000e+03  2.930311e-03 -4.667963e-03  4.566610e-03 -2.463531e-03 
 5.750000e+03  3.706774e-03 -4.674628e-03  4.572832e-03 -2.467462e-03 
 5.800000e+03  4.498313e-03 -4.681232e-03  4.578037e-03 -2.471846e-03 
 5.850000e+03  5.289852e-03 -4.689370e-03  4.585117e-03 -2.478442e-03 
 5.900000e+03  6.081392e-03 -4.699132e-03  4.594855e-03 -2.487062e-03 
 5.950000e+03  6.896574e-03 -4.710091e-03  4.606960e-03 -2.496980e-03 
 6.000000e+03  8.085784e-03 -4.725767e-03  4.624490e-03 -2.510421e-03 
 6.050000e+03  9.313721e-03 -4.740456e-03  4.639118e-03 -2.520882e-03 
 6.100000e+03  1.065323e-02 -4.753906e-03  4.650776e-03 -2.528205e-03 
 6.150000e+03  1.207472e-02 -4.766935e-03  4.662552e-03 -2.535369e-03 
 6.200000e+03  1.349621e-02 -4.780512e-03  4.676266e-03 -2.544385e-03 
 6.250000e+03  1.491770e-02 -4.795368e-03  4.692395e-03 -2.555990e-03 
 6.300000e+03  1.634353e-02 -4.811341e-03  4.709954e-03 -2.569946e-03 
 6.350000e+03  1.824618e-02 -4.832384e-03  4.731644e-03 -2.588880e-03 
 6.400000e+03  2.024636e-02 -4.851371e-03  4.750117e-03 -2.604822e-03 
 6.450000e+03  2.224654e-02 -4.867584e-03  4.766500e-03 -2.616731e-03 
 6.500000e+03  2.424672e-02 -4.883227e-03  4.782687e-03 -2.626913e-03 
 6.550000e+03  2.624690e-02 -4.899717e-03  4.800000e-03 -2.637578e-03 
 6.600000e+03  2.824708e-02 -4.917989e-03  4.819346e-03 -2.650154e-03 
 6.650000e+03  3.027198e-02 -4.938128e-03  4.840697e-03 -2.664998e-03 
 6.700000e+03  3.288261e-02 -4.962955e-03  4.867001e-03 -2.685021e-03 
 6.750000e+03  3.556305e-02 -4.983878e-03  4.887998e-03 -2.703034e-03 
 6.800000e+03  3.873660e-02 -5.005857e-03  4.909424e-03 -2.721429e-03 
 6.850000e+03  4.215759e-02 -5.029653e-03  4.932713e-03 -2.739416e-03 
 6.900000e+03  4.557857e-02 -5.054161e-03  4.957058e-03 -2.757009e-03 
 6.950000e+03  4.899956e-02 -5.079983e-03  4.983218e-03 -2.775199e-03 
 7.000000e+03  5.249788e-02 -5.108211e-03  5.012368e-03 -2.794821e-03 
 7.050000e+03  5.645810e-02 -5.139687e-03  5.044887e-03 -2.816447e-03 
 7.100000e+03  6.041832e-02 -5.166278e-03  5.071508e-03 -2.835642e-03 
 7.150000e+03  6.494096e-02 -5.193414e-03  5.098702e-03 -2.856687e-03 
 7.200000e+03  6.975464e-02 -5.221681e-03  5.127419e-03 -2.878950e-03 
 7.250000e+03  7.456831e-02 -5.249872e-03  5.156493e-03 -2.900972e-03 
 7.300000e+03  7.938198e-02 -5.278695e-03  5.186248e-03 -2.923095e-03 
 7.350000e+03  8.482549e-02 -5.312845e-03  5.220851e-03 -2.947942e-03 
 7.400000e+03  9.039792e-02 -5.347446e-03  5.254461e-03 -2.971176e-03 
 7.450000e+03  9.597035e-02 -5.377745e-03  5.284754e-03 -2.991823e-03 
 7.500000e+03  1.015428e-01 -5.406100e-03  5.313984e-03 -3.012184e-03 
 7.550000e+03  1.071152e-01 -5.434062e-03  5.343141e-03 -3.032964e-03 
 7.600000e+03  1.126876e-01 -5.461774e-03  5.372155e-03 -3.054218e-03 
 7.650000e+03  1.190791e-01 -5.493699e-03  5.404798e-03 -3.079042e-03 
 7.700000e+03  1.269126e-01 -5.532841e-03  5.443952e-03 -3.108669e-03 
 7.750000e+03  1.347535e-01 -5.570268e-03  5.480204e-03 -3.135298e-03 
 7.800000e+03  1.425945e-01 -5.605688e-03  5.514449e-03 -3.159431e-03 
 7.850000e+03  1.504355e-01 -5.640453e-03  5.548287e-03 -3.182903e-03 
 7.900000e+03  1.582764e-01 -5.674984e-03  5.582145e-03 -3.206425e-03 
 7.950000e+03  1.661174e-01 -5.708670e-03  5.615965e-03 -3.230464e-03 
 8.000000e+03  1.741414e-01 -5.741863e-03  5.649921e-03 -3.255473e-03 
 8.050000e+03  1.834375e-01 -5.778410e-03  5.687367e-03 -3.283913e-03 
 8.100000e+03  1.929682e-01 -5.814151e-03  5.723584e-03 -3.310943e-03 
 8.150000e+03  2.024990e-01 -5.849405e-03  5.758876e-03 -3.336112e-03 
 8.200000e+03  2.120297e-01 -5.884687e-03  5.794026e-03 -3.360202e-03 
 8.250000e+03  2.215605e-01 -5.919926e-03  5.828832e-03 -3.384028e-03 
 8.300000e+03  2.310912e-01 -5.954788e-03  5.863305e-03 -3.407904e-03 
 8.350000e+03  2.406219e-01 -5.988061e-03  5.896688e-03 -3.431788e-03 
 8.400000e+03  2.506959e-01 -6.020845e-03  5.930253e-03 -3.456558e-03 
 8.450000e+03  2.612036e-01 -6.053573e-03  5.964410e-03 -3.481789e-03 
 8.500000e+03  2.717112e-01 -6.086164e-03  5.998081e-03 -3.506063e-03 
 8.550000e+03  2.823555e-01 -6.119429e-03  6.031846e-03 -3.529680e-03 
 8.600000e+03  2.938850e-01 -6.155724e-03  6.068288e-03 -3.554604e-03 
 8.650000e+03  3.054697e-01 -6.192160e-03  6.104086e-03 -3.579071e-03 
 8.700000e+03  3.170543e-01 -6.227489e-03  6.138118e-03 -3.602938e-03 
 8.750000e+03  3.289286e-01 -6.262218e-03  6.171356e-03 -3.627067e-03 
 8.800000e+03  3.410925e-01 -6.296578e-03  6.204748e-03 -3.651709e-03 
 8.850000e+03  3.532565e-01 -6.329900e-03  6.237759e-03 -3.676119e-03 
 8.900000e+03  3.655907e-01 -6.363193e-03  6.270888e-03 -3.700339e-03 
 8.950000e+03  3.792185e-01 -6.399919e-03  6.307548e-03 -3.726399e-03 
 9.000000e+03  3.932998e-01 -6.437626e-03  6.345308e-03 -3.752275e-03 
 9.050000e+03  4.073810e-01 -6.474522e-03  6.381831e-03 -3.776948e-03 
 9.100000e+03  4.218847e-01 -6.511659e-03  6.418033e-03 -3.801876e-03 
 9.150000e+03  4.366700e-01 -6.548848e-03  6.453920e-03 -3.827307e-03 
 9.200000e+03  4.514553e-01 -6.584797e-03  6.488894e-03 -3.852718e-03 
 9.250000e+03  4.662406e-01 -6.619231e-03  6.523155e-03 -3.878042e-03 
 9.300000e+03  4.814399e-01 -6.654055e-03  6.558203e-03 -3.903640e-03 
 9.350000e+03  4.969645e-01 -6.689222e-03  6.594005e-03 -3.928916e-03 
 9.400000e+03  5.124891e-01 -6.723933e-03  6.629558e-03 -3.953025e-03 
 9.450000e+03  5.291687e-01 -6.760836e-03  6.667286e-03 -3.978059e-03 
 9.500000e+03  5.462845e-01 -6.798629e-03  6.705296e-03 -4.003443e-03 
 9.550000e+03  5.634004e-01 -6.835792e-03  6.741813e-03 -4.028787e-03 
 9.600000e+03  5.805162e-01 -6.871832e-03  6.776672e-03 -4.054108e-03 
 9.650000e+03  5.979401e-01 -6.907568e-03  6.811289e-03 -4.079741e-03 
 9.700000e+03  6.159118e-01 -6.943840e-03  6.846667e-03 -4.105714e-03 
 9.750000e+03  6.338834e-01 -6.979531e-03  6.881742e-03 -4.130895e-03 
 9.800000e+03  6.518551e-01 -7.015048e-03  6.916720e-03 -4.155172e-03 
 9.850000e+03  6.706714e-01 -7.052095e-03  6.953428e-03 -4.179941e-03 
 9.900000e+03  6.895416e-01 -7.088782e-03  6.990040e-03 -4.204440e-03 
 9.950000e+03  7.084118e-01 -7.124603e-03  7.025443e-03 -4.228678e-03 
 1.000000e+04  7.289218e-01 -7.162759e-03  7.062360e-03 -4.254882e-03 
 1.005000e+04  7.497263e-01 -7.200802e-03  7.098804e-03 -4.281467e-03 
 1.010000e+04  7.705307e-01 -7.237814e-03  7.134500e-03 -4.307716e-03 
 1.015000e+04  7.913351e-01 -7.274051e-03  7.169878e-03 -4.333260e-03 
 1.020000e+04  8.121395e-01 -7.310106e-03  7.205350e-03 -4.358170e-03 
 1.025000e+04  8.329439e-01 -7.346087e-03  7.241012e-03 -4.382470e-03 
 1.030000e+04  8.537484e-01 -7.381325e-03  7.276534e-03 -4.406152e-03 
 1.035000e+04  8.765485e-01 -7.419169e-03  7.314912e-03 -4.431800e-03 
 1.040000e+04  9.006323e-01 -7.458476e-03  7.354527e-03 -4.458883e-03 
 1.045000e+04  9.247160e-01 -7.497021e-03  7.392628e-03 -4.485860e-03 
 1.050000e+04  9.487997e-01 -7.534748e-03  7.429339e-03 -4.512531e-03 
 1.055000e+04  9.736541e-01 -7.573291e-03  7.466849e-03 -4.539616e-03 
 1.060000e+04  9.989420e-01 -7.612378e-03  7.504910e-03 -4.566603e-03 
 1.065000e+04  1.024230e+00 -7.651009e-03  7.542722e-03 -4.592797e-03 
 1.070000e+04  1.049518e+00 -7.689120e-03  7.580186e-03 -4.618396e-03 
 1.075000e+04  1.074806e+00 -7.726803e-03  7.617489e-03 -4.643669e-03 
 1.080000e+04  1.100094e+00 -7.763766e-03  7.654441e-03 -4.668760e-03 
 1.085000e+04  1.125786e+00 -7.800580e-03  7.690910e-03 -4.694112e-03 
 1.090000e+04  1.154371e+00 -7.841036e-03  7.730333e-03 -4.722129e-03 
 1.095000e+04  1.183645e+00 -7.882174e-03  7.769840e-03 -4.750555e-03 
 1.100000e+04  1.212919e+00 -7.922781e-03  7.808645e-03 -4.778434e-03 
 1.105000e+04  1.242193e+00 -7.962800e-03  7.847069e-03 -4.805580e-03 
 1.110000e+04  1.271467e+00 -8.002567e-03  7.885393e-03 -4.832116e-03 
 1.115000e+04  1.300740e+00 -8.041810e-03  7.923686e-03 -4.858310e-03 
 1.120000e+04  1.330014e+00 -8.080124e-03  7.961619e-03 -4.884177e-03 
 1.125000e+04  1.360382e+00 -8.118953e-03  8.000378e-03 -4.910849e-03 
 1.130000e+04  1.392656e+00 -8.159664e-03  8.041117e-03 -4.939182e-03 
 1.135000e+04  1.424931e+00 -8.199772e-03  8.080899e-03 -4.967222e-03 
 1.140000e+04  1.457689e+00 -8.239982e-03  8.120249e-03 -4.995034e-03 
 1.145000e+04  1.492899e+00 -8.283051e-03  8.162093e-03 -5.024357e-03 
 1.150000e+04  1.528482e+00 -8.326436e-03  8.204072e-03 -5.053478e-03 
 1.155000e+04  1.564064e+00 -8.369040e-03  8.245433e-03 -5.082087e-03 
 1.160000e+04  1.599647e+00 -8.410833e-03  8.286317e-03 -5.110351e-03 
 1.165000e+04  1.635230e+00 -8.451949e-03  8.326951e-03 -5.138469e-03 
 1.170000e+04  1.670812e+00 -8.492331e-03  8.367253e-03 -5.166402e-03 
 1.175000e+04  1.706537e+00 -8.532294e-03  8.406844e-03 -5.194006e-03 
 1.180000e+04  1.745864e+00 -8.576054e-03  8.449699e-03 -5.223952e-03 
 1.185000e+04  1.787055e+00 -8.621882e-03  8.493977e-03 -5.254929e-03 
 1.190000e+04  1.828247e+00 -8.667169e-03  8.537250e-03 -5.285324e-03 
 1.195000e+04  1.869438e+00 -8.711871e-03  8.579803e-03 -5.315155e-03 
 1.200000e+04  1.910629e+00 -8.756117e-03  8.621971e-03 -5.344650e-03 
 1.205000e+04  1.951821e+00 -8.799595e-03  8.663831e-03 -5.373877e-03 
 1.210000e+04  1.993012e+00 -8.841999e-03  8.705192e-03 -5.402790e-03 
 1.215000e+04  2.034862e+00 -8.884409e-03  8.746941e-03 -5.431916e-03 
 1.220000e+04  2.079843e+00 -8.929518e-03  8.791604e-03 -5.462985e-03 
 1.225000e+04  2.125257e+00 -8.974528e-03  8.836042e-03 -5.493845e-03 
 1.230000e+04  2.170943e+00 -9.019375e-03  8.879922e-03 -5.524186e-03 
 1.235000e+04  2.218627e+00 -9.066035e-03  8.924965e-03 -5.555339e-03 
 1.240000e+04  2.266311e+00 -9.112335e-03  8.969301e-03 -5.586192e-03 
 1.245000e+04  2.313995e+00 -9.157600e-03  9.012889e-03 -5.616771e-03 
 1.250000e+04  2.361679e+00 -9.201916e-03  9.056044e-03 -5.647072e-03 
 1.255000e+04  2.409363e+00 -9.245664e-03  9.099047e-03 -5.677207e-03 
 1.260000e+04  2.457047e+00 -9.288905e-03  9.141803e-03 -5.706995e-03 
 1.265000e+04  2.505399e+00 -9.332268e-03  9.184657e-03 -5.736607e-03 
 1.270000e+04  2.558970e+00 -9.380089e-03  9.231651e-03 -5.768868e-03 
 1.275000e+04  2.614170e+00 -9.429214e-03  9.279283e-03 -5.801738e-03 
 1.280000e+04  2.669370e+00 -9.477755e-03  9.325783e-03 -5.834177e-03 
 1.285000e+04  2.724571e+00 -9.525648e-03  9.371323e-03 -5.866286e-03 
 1.290000e+04  2.779771e+00 -9.573057e-03  9.416327e-03 -5.898144e-03 
 1.295000e+04  2.834971e+00 -9.619725e-03  9.460903e-03 -5.929710e-03 
 1.300000e+04  2.890171e+00 -9.665559e-03  9.505076e-03 -5.960878e-03 
 1.305000e+04  2.946973e+00 -9.712131e-03  9.550325e-03 -5.992520e-03 
 1.310000e+04  3.007715e+00 -9.761513e-03  9.598632e-03 -6.025928e-03 
 1.315000e+04  3.068573e+00 -9.810516e-03  9.646576e-03 -6.058887e-03 
 1.320000e+04  3.130162e+00 -9.859531e-03  9.694206e-03 -6.091717e-03 
 1.325000e+04  3.195789e+00 -9.911434e-03  9.743966e-03 -6.126330e-03 
 1.330000e+04  3.262885e+00 -9.963856e-03  9.793990e-03 -6.161493e-03 
 1.335000e+04  3.329981e+00 -1.001520e-02  9.843129e-03 -6.196336e-03 
 1.340000e+04  3.397078e+00 -1.006569e-02  9.891734e-03 -6.230766e-03 
 1.345000e+04  3.464174e+00 -1.011568e-02  9.940231e-03 -6.264816e-03 
 1.350000e+04  3.531270e+00 -1.016506e-02  9.988564e-03 -6.298375e-03 
 1.355000e+04  3.598568e+00 -1.021397e-02  1.003667e-02 -6.331413e-03 
 1.360000e+04  3.671203e+00 -1.026639e-02  1.008813e-02 -6.366607e-03 
 1.365000e+04  3.745177e+00 -1.031940e-02  1.013976e-02 -6.402167e-03 
 1.370000e+04  3.819150e+00 -1.037171e-02  1.019009e-02 -6.437406e-03 
 1.375000e+04  3.894234e+00 -1.042418e-02  1.024009e-02 -6.472797e-03 
 1.380000e+04  3.971906e+00 -1.047800e-02  1.029125e-02 -6.509102e-03 
 1.385000e+04  4.049578e+00 -1.053125e-02  1.034186e-02 -6.544947e-03 
 1.390000e+04  4.127251e+00 -1.058373e-02  1.039200e-02 -6.580239e-03 
 1.395000e+04  4.205778e+00 -1.063616e-02  1.044245e-02 -6.615429e-03 
 1.400000e+04  4.287334e+00 -1.069008e-02  1.049472e-02 -6.651574e-03 
 1.405000e+04  4.368890e+00 -1.074332e-02  1.054646e-02 -6.687295e-03 
 1.410000e+04  4.452909e+00 -1.079751e-02  1.059879e-02 -6.723640e-03 
 1.415000e+04  4.545701e+00 -1.085700e-02  1.065562e-02 -6.763462e-03 
 1.420000e+04  4.640113e+00 -1.091686e-02  1.071244e-02 -6.803629e-03 
 1.425000e+04  4.734524e+00 -1.097561e-02  1.076828e-02 -6.843238e-03 
 1.430000e+04  4.828935e+00 -1.103359e-02  1.082354e-02 -6.882320e-03 
 1.435000e+04  4.923346e+00 -1.109105e-02  1.087854e-02 -6.920904e-03 
 1.440000e+04  5.017758e+00 -1.114770e-02  1.093331e-02 -6.958950e-03 
 1.445000e+04  5.112169e+00 -1.120347e-02  1.098762e-02 -6.996454e-03 
 1.450000e+04  5.213892e+00 -1.126294e-02  1.104563e-02 -7.036490e-03 
 1.455000e+04  5.317981e+00 -1.132323e-02  1.110414e-02 -7.077149e-03 
 1.460000e+04  5.422069e+00 -1.138267e-02  1.116145e-02 -7.117340e-03 
 1.465000e+04  5.527511e+00 -1.144228e-02  1.121840e-02 -7.157506e-03 
 1.470000e+04  5.636804e+00 -1.150369e-02  1.127673e-02 -7.198670e-03 
 1.475000e+04  5.746097e+00 -1.156448e-02  1.133444e-02 -7.239303e-03 
 1.480000e+04  5.855389e+00 -1.162440e-02  1.139150e-02 -7.279351e-03 
 1.485000e+04  5.964682e+00 -1.168356e-02  1.144821e-02 -7.318912e-03 
 1.490000e+04  6.073975e+00 -1.174205e-02  1.150460e-02 -7.358151e-03 
 1.495000e+04  6.183268e+00 -1.179978e-02  1.156032e-02 -7.396984e-03 
 1.500000e+04  6.299228e+00 -1.186041e-02  1.161855e-02 -7.437662e-03 
 1.505000e+04  6.419723e+00 -1.192307e-02  1.167820e-02 -7.479530e-03 
 1.510000e+04  6.540218e+00 -1.198519e-02  1.173688e-02 -7.520945e-03 
 1.515000e+04  6.660714e+00 -1.204642e-02  1.179458e-02 -7.561807e-03 
 1.520000e+04  6.781209e+00 -1.210696e-02  1.185169e-02 -7.602165e-03 
 1.525000e+04  6.901704e+00 -1.216691e-02  1.190848e-02 -7.642093e-03 
 1.530000e+04  7.022200e+00 -1.222598e-02  1.196490e-02 -7.681565e-03 
 1.535000e+04  7.144509e+00 -1.228503e-02  1.202172e-02 -7.721185e-03 
 1.540000e+04  7.277355e+00 -1.234847e-02  1.208310e-02 -7.763898e-03 
 1.545000e+04  7.410201e+00 -1.241129e-02  1.214375e-02 -7.806177e-03 
 1.550000e+04  7.544243e+00 -1.247396e-02  1.220388e-02 -7.848208e-03 
 1.555000e+04  7.686102e+00 -1.253978e-02  1.226649e-02 -7.892137e-03 
 1.560000e+04  7.832565e+00 -1.260722e-02  1.233038e-02 -7.937030e-03 
 1.565000e+04  7.979028e+00 -1.267380e-02  1.239337e-02 -7.981391e-03 
 1.570000e+04  8.125491e+00 -1.273944e-02  1.245560e-02 -8.025191e-03 
 1.575000e+04  8.271954e+00 -1.280430e-02  1.251741e-02 -8.068577e-03 
 1.580000e+04  8.418417e+00 -1.286836e-02  1.257880e-02 -8.111539e-03 
 1.585000e+04  8.566491e+00 -1.293231e-02  1.264020e-02 -8.154385e-03 
 1.590000e+04  8.726613e+00 -1.300092e-02  1.270586e-02 -8.200174e-03 
 1.595000e+04  8.896162e+00 -1.307317e-02  1.277447e-02 -8.248126e-03 
 1.600000e+04  9.065711e+00 -1.314458e-02  1.284185e-02 -8.295520e-03 
 1.605000e+04  9.235260e+00 -1.321509e-02  1.290801e-02 -8.342321e-03 
 1.610000e+04  9.412439e+00 -1.328801e-02  1.297631e-02 -8.390670e-03 
 1.615000e+04  9.590465e+00 -1.336039e-02  1.304430e-02 -8.438722e-03 
 1.620000e+04  9.768492e+00 -1.343170e-02  1.311165e-02 -8.486109e-03 
 1.625000e+04  9.948655e+00 -1.350283e-02  1.317934e-02 -8.533483e-03 
 1.630000e+04  1.013558e+01 -1.357590e-02  1.324905e-02 -8.582142e-03 
 1.635000e+04  1.032251e+01 -1.364799e-02  1.331799e-02 -8.630191e-03 
 1.640000e+04  1.051811e+01 -1.372258e-02  1.338902e-02 -8.679820e-03 
 1.645000e+04  1.072420e+01 -1.380045e-02  1.346274e-02 -8.731513e-03 
 1.650000e+04  1.093029e+01 -1.387751e-02  1.353538e-02 -8.782634e-03 
 1.655000e+04  1.113638e+01 -1.395343e-02  1.360690e-02 -8.833086e-03 
 1.660000e+04  1.134762e+01 -1.403028e-02  1.367937e-02 -8.884136e-03 
 1.665000e+04  1.156401e+01 -1.410814e-02  1.375308e-02 -8.935831e-03 
 1.670000e+04  1.178040e+01 -1.418492e-02  1.382604e-02 -8.986889e-03 
 1.675000e+04  1.199939e+01 -1.426160e-02  1.389907e-02 -9.037857e-03 
 1.680000e+04  1.223546e+01 -1.434354e-02  1.397688e-02 -9.092141e-03 
 1.685000e+04  1.247404e+01 -1.442556e-02  1.405441e-02 -9.146405e-03 
 1.690000e+04  1.271261e+01 -1.450650e-02  1.413050e-02 -9.199935e-03 
 1.695000e+04  1.295834e+01 -1.458900e-02  1.420758e-02 -9.254368e-03 
 1.700000e+04  1.320884e+01 -1.467227e-02  1.428521e-02 -9.309193e-03 
 1.705000e+04  1.345934e+01 -1.475441e-02  1.436190e-02 -9.363331e-03 
 1.710000e+04  1.370984e+01 -1.483544e-02  1.443774e-02 -9.416690e-03 
 1.715000e+04  1.396635e+01 -1.491731e-02  1.451476e-02 -9.470675e-03 
 1.720000e+04  1.422938e+01 -1.500023e-02  1.459300e-02 -9.525448e-03 
 1.725000e+04  1.449241e+01 -1.508202e-02  1.467028e-02 -9.579503e-03 
 1.730000e+04  1.477583e+01 -1.516920e-02  1.475236e-02 -9.636984e-03 
 1.735000e+04  1.506582e+01 -1.525752e-02  1.483519e-02 -9.695126e-03 
 1.740000e+04  1.535580e+01 -1.534469e-02  1.491668e-02 -9.752499e-03 
 1.745000e+04  1.564579e+01 -1.543062e-02  1.499700e-02 -9.809043e-03 
 1.750000e+04  1.594303e+01 -1.551762e-02  1.507837e-02 -9.866278e-03 
 1.755000e+04  1.624751e+01 -1.560566e-02  1.516093e-02 -9.924220e-03 
 1.760000e+04  1.655200e+01 -1.569243e-02  1.524257e-02 -9.981381e-03 
 1.765000e+04  1.687099e+01 -1.578217e-02  1.532714e-02 -1.004046e-02 
 1.770000e+04  1.720669e+01 -1.587569e-02  1.541504e-02 -1.010193e-02 
 1.775000e+04  1.754238e+01 -1.596804e-02  1.550151e-02 -1.016257e-02 
 1.780000e+04  1.788144e+01 -1.606008e-02  1.558728e-02 -1.022292e-02 
 1.785000e+04  1.824414e+01 -1.615758e-02  1.567775e-02 -1.028666e-02 
 1.790000e+04  1.861424e+01 -1.625594e-02  1.576886e-02 -1.035085e-02 
 1.795000e+04  1.898435e+01 -1.635283e-02  1.585864e-02 -1.041410e-02 
 1.800000e+04  1.935667e+01 -1.644888e-02  1.594775e-02 -1.047678e-02 
 1.805000e+04  1.974528e+01 -1.654780e-02  1.603981e-02 -1.054139e-02 
 1.810000e+04  2.013389e+01 -1.664524e-02  1.613075e-02 -1.060514e-02 
 1.815000e+04  2.053074e+01 -1.674346e-02  1.622223e-02 -1.066929e-02 
 1.820000e+04  2.095918e+01 -1.684829e-02  1.631975e-02 -1.073768e-02 
 1.825000e+04  2.138762e+01 -1.695179e-02  1.641577e-02 -1.080511e-02 
 1.830000e+04  2.181607e+01 -1.705370e-02  1.651010e-02 -1.087145e-02 
 1.835000e+04  2.225736e+01 -1.715724e-02  1.660578e-02 -1.093877e-02 
 1.840000e+04  2.270723e+01 -1.726136e-02  1.670222e-02 -1.100658e-02 
 1.845000e+04  2.315709e+01 -1.736386e-02  1.679742e-02 -1.107338e-02 
 1.850000e+04  2.361190e+01 -1.746597e-02  1.689236e-02 -1.113984e-02 
 1.855000e+04  2.409890e+01 -1.757400e-02  1.699281e-02 -1.121008e-02 
 1.860000e+04  2.459488e+01 -1.768256e-02  1.709371e-02 -1.128070e-02 
 1.865000e+04  2.509085e+01 -1.778950e-02  1.719282e-02 -1.135016e-02 
 1.870000e+04  2.562068e+01 -1.790236e-02  1.729689e-02 -1.142324e-02 
 1.875000e+04  2.616749e+01 -1.801745e-02  1.740271e-02 -1.149765e-02 
 1.880000e+04  2.671430e+01 -1.813075e-02  1.750673e-02 -1.157086e-02 
 1.885000e+04  2.726112e+01 -1.824231e-02  1.760912e-02 -1.164285e-02 
 1.890000e+04  2.783035e+01 -1.835684e-02  1.771428e-02 -1.171673e-02 
 1.895000e+04  2.840450e+01 -1.847064e-02  1.781889e-02 -1.179019e-02 
 1.900000e+04  2.897866e+01 -1.858261e-02  1.792199e-02 -1.186248e-02 
 1.905000e+04  2.959903e+01 -1.870206e-02  1.803175e-02 -1.193940e-02 
 1.910000e+04  3.023203e+01 -1.882238e-02  1.814205e-02 -1.201682e-02 
 1.915000e+04  3.086504e+01 -1.894066e-02  1.825039e-02 -1.209295e-02 
 1.920000e+04  3.151260e+01 -1.905978e-02  1.835927e-02 -1.216945e-02 
 1.925000e+04  3.221049e+01 -1.918645e-02  1.847491e-02 -1.225075e-02 
 1.930000e+04  3.290837e+01 -1.931103e-02  1.858884e-02 -1.233077e-02 
 1.935000e+04  3.360626e+01 -1.943344e-02  1.870094e-02 -1.240934e-02 
 1.940000e+04  3.432857e+01 -1.955818e-02  1.881514e-02 -1.248935e-02 
 1.945000e+04  3.506135e+01 -1.968285e-02  1.892931e-02 -1.256933e-02 
 1.950000e+04  3.579414e+01 -1.980552e-02  1.904154e-02 -1.264800e-02 
 1.955000e+04  3.658459e+01 -1.993600e-02  1.916047e-02 -1.273140e-02 
 1.960000e+04  3.743288e+01 -2.007417e-02  1.928605e-02 -1.281956e-02 
 1.965000e+04  3.828116e+01 -2.020999e-02  1.940932e-02 -1.290619e-02 
 1.970000e+04  3.912945e+01 -2.034339e-02  1.953014e-02 -1.299111e-02 
 1.975000e+04  3.999555e+01 -2.047732e-02  1.965133e-02 -1.307629e-02 
 1.980000e+04  4.088625e+01 -2.061279e-02  1.977412e-02 -1.316257e-02 
 1.985000e+04  4.177695e+01 -2.074594e-02  1.989485e-02 -1.324727e-02 
 1.990000e+04  4.273860e+01 -2.088752e-02  2.002298e-02 -1.333715e-02 
 1.995000e+04  4.372059e+01 -2.102995e-02  2.015159e-02 -1.342747e-02 
 2.000000e+04  4.470259e+01 -2.116980e-02  2.027771e-02 -1.351609e-02 
 2.005000e+04  4.570030e+01 -2.130930e-02  2.040327e-02 -1.360432e-02 
 2.010000e+04  4.678295e+01 -2.145828e-02  2.053715e-02 -1.369846e-02 
 2.015000e+04  4.786560e+01 -2.160459e-02  2.066876e-02 -1.379102e-02 
 2.020000e+04  4.894825e+01 -2.174806e-02  2.079788e-02 -1.388173e-02 
 2.025000e+04  5.008119e+01 -2.189547e-02  2.093063e-02 -1.397487e-02 
 2.030000e+04  5.127482e+01 -2.204817e-02  2.106820e-02 -1.407132e-02 
 2.035000e+04  5.246844e+01 -2.219804e-02  2.120309e-02 -1.416588e-02 
 2.040000e+04  5.368749e+01 -2.234831e-02  2.133796e-02 -1.426049e-02 
 2.045000e+04  5.500346e+01 -2.250789e-02  2.148080e-02 -1.436084e-02 
 2.050000e+04  5.631943e+01 -2.266448e-02  2.162077e-02 -1.445928e-02 
 2.055000e+04  5.763540e+01 -2.281792e-02  2.175774e-02 -1.455559e-02 
 2.060000e+04  5.899085e+01 -2.297304e-02  2.189603e-02 -1.465284e-02 
 2.065000e+04  6.037262e+01 -2.312831e-02  2.203445e-02 -1.475018e-02 
 2.070000e+04  6.175439e+01 -2.328061e-02  2.217018e-02 -1.484554e-02 
 2.075000e+04  6.326117e+01 -2.344371e-02  2.231536e-02 -1.494753e-02 
 2.080000e+04  6.486074e+01 -2.361396e-02  2.246665e-02 -1.505391e-02 
 2.085000e+04  6.646031e+01 -2.378078e-02  2.261463e-02 -1.515804e-02 
 2.090000e+04  6.805988e+01 -2.394409e-02  2.275907e-02 -1.525975e-02 
 2.095000e+04  6.970263e+01 -2.410839e-02  2.290414e-02 -1.536202e-02 
 2.100000e+04  7.138218e+01 -2.427299e-02  2.304957e-02 -1.546458e-02 
 2.105000e+04  7.307181e+01 -2.443518e-02  2.319292e-02 -1.556557e-02 
 2.110000e+04  7.491822e+01 -2.460913e-02  2.334662e-02 -1.567372e-02 
 2.115000e+04  7.676992e+01 -2.478023e-02  2.349772e-02 -1.578005e-02 
 2.120000e+04  7.862162e+01 -2.494763e-02  2.364547e-02 -1.588401e-02 
 2.125000e+04  8.054082e+01 -2.511734e-02  2.379507e-02 -1.598930e-02 
 2.130000e+04  8.258232e+01 -2.529439e-02  2.395090e-02 -1.609910e-02 
 2.135000e+04  8.462382e+01 -2.546781e-02  2.410334e-02 -1.620660e-02 
 2.140000e+04  8.669186e+01 -2.563969e-02  2.425417e-02 -1.631300e-02 
 2.145000e+04  8.894262e+01 -2.582302e-02  2.441479e-02 -1.642634e-02 
 2.150000e+04  9.119337e+01 -2.600246e-02  2.457196e-02 -1.653725e-02 
 2.155000e+04  9.344413e+01 -2.617786e-02  2.472546e-02 -1.664555e-02 
 2.160000e+04  9.584591e+01 -2.636101e-02  2.488540e-02 -1.675844e-02 
 2.165000e+04  9.832737e+01 -2.654634e-02  2.504704e-02 -1.687270e-02 
 2.170000e+04  1.008088e+02 -2.672754e-02  2.520485e-02 -1.698436e-02 
 2.175000e+04  1.033805e+02 -2.691103e-02  2.536437e-02 -1.709730e-02 
 2.180000e+04  1.061163e+02 -2.710210e-02  2.553032e-02 -1.721480e-02 
 2.185000e+04  1.088521e+02 -2.728877e-02  2.569241e-02 -1.732958e-02 
 2.190000e+04  1.115879e+02 -2.747093e-02  2.585049e-02 -1.744151e-02 
 2.195000e+04  1.145238e+02 -2.766189e-02  2.601611e-02 -1.755885e-02 
 2.200000e+04  1.175401e+02 -2.785370e-02  2.618249e-02 -1.767675e-02 
 2.205000e+04  1.205563e+02 -2.804096e-02  2.634483e-02 -1.779178e-02 
 2.210000e+04  1.237371e+02 -2.823380e-02  2.651176e-02 -1.791014e-02 
 2.215000e+04  1.270624e+02 -2.843087e-02  2.668213e-02 -1.803106e-02 
 2.220000e+04  1.303878e+02 -2.862310e-02  2.684818e-02 -1.814898e-02 
 2.225000e+04  1.337664e+02 -2.881349e-02  2.701242e-02 -1.826569e-02 
 2.230000e+04  1.372581e+02 -2.900562e-02  2.717799e-02 -1.838344e-02 
 2.235000e+04  1.408161e+02 -2.919671e-02  2.734254e-02 -1.850053e-02 
 2.240000e+04  1.445043e+02 -2.939019e-02  2.750894e-02 -1.861899e-02 
 2.245000e+04  1.483539e+02 -2.958752e-02  2.767841e-02 -1.873973e-02 
 2.250000e+04  1.522034e+02 -2.978009e-02  2.784360e-02 -1.885756e-02 
 2.255000e+04  1.561034e+02 -2.997020e-02  2.800645e-02 -1.897385e-02 
 2.260000e+04  1.603476e+02 -3.017210e-02  2.817925e-02 -1.909735e-02 
 2.265000e+04  1.645917e+02 -3.036911e-02  2.834783e-02 -1.921792e-02 
 2.270000e+04  1.688358e+02 -3.056111e-02  2.851198e-02 -1.933540e-02 
 2.275000e+04  1.732115e+02 -3.075402e-02  2.867670e-02 -1.945335e-02 
 2.280000e+04  1.776679e+02 -3.094571e-02  2.884024e-02 -1.957054e-02 
 2.285000e+04  1.822757e+02 -3.113895e-02  2.900506e-02 -1.968874e-02 
 2.290000e+04  1.869549e+02 -3.133038e-02  2.916829e-02 -1.980587e-02 
 2.295000e+04  1.916341e+02 -3.151696e-02  2.932742e-02 -1.992010e-02 
 2.300000e+04  1.965331e+02 -3.170746e-02  2.948986e-02 -2.003673e-02 
 2.305000e+04  2.016722e+02 -3.190244e-02  2.965609e-02 -2.015616e-02 
 2.310000e+04  2.068310e+02 -3.209330e-02  2.981883e-02 -2.027316e-02 
 2.315000e+04  2.119898e+02 -3.227935e-02  2.997724e-02 -2.038720e-02 
 2.320000e+04  2.171486e+02 -3.246070e-02  3.013137e-02 -2.049827e-02 
 2.325000e+04  2.225648e+02 -3.264640e-02  3.028893e-02 -2.061197e-02 
 2.330000e+04  2.282523e+02 -3.283703e-02  3.045052e-02 -2.072868e-02 
 2.335000e+04  2.339399e+02 -3.302311e-02  3.060813e-02 -2.084267e-02 
 2.340000e+04  2.396274e+02 -3.320453e-02  3.076170e-02 -2.095385e-02 
 2.345000e+04  2.453149e+02 -3.338143e-02  3.091127e-02 -2.106226e-02 
 2.350000e+04  2.511390e+02 -3.355802e-02  3.106055e-02 -2.117052e-02 
 2.355000e+04  2.571109e+02 -3.373485e-02  3.121001e-02 -2.127889e-02 
 2.360000e+04  2.630828e+02 -3.390758e-02  3.135568e-02 -2.138458e-02 
 2.365000e+04  2.690548e+02 -3.407629e-02  3.149752e-02 -2.148789e-02 
 2.370000e+04  2.752417e+02 -3.424696e-02  3.164106e-02 -2.159261e-02 
 2.375000e+04  2.815122e+02 -3.441601e-02  3.178345e-02 -2.169634e-02 
 2.380000e+04  2.877827e+02 -3.458118e-02  3.192246e-02 -2.179773e-02 
 2.385000e+04  2.940532e+02 -3.474253e-02  3.205829e-02 -2.189690e-02 
 2.390000e+04  3.003238e+02 -3.490016e-02  3.219114e-02 -2.199391e-02 
 2.395000e+04  3.065943e+02 -3.505426e-02  3.232116e-02 -2.208881e-02 
 2.400000e+04  3.128648e+02 -3.520503e-02  3.244834e-02 -2.218165e-02 
 2.405000e+04  3.191353e+02 -3.535266e-02  3.257279e-02 -2.227255e-02 
 2.410000e+04  3.256441e+02 -3.550281e-02  3.269924e-02 -2.236505e-02 
 2.415000e+04  3.322282e+02 -3.565170e-02  3.282452e-02 -2.245666e-02 
 2.420000e+04  3.388122e+02 -3.579745e-02  3.294699e-02 -2.254641e-02 
 2.425000e+04  3.453963e+02 -3.594005e-02  3.306697e-02 -2.263432e-02 
 2.430000e+04  3.519803e+02 -3.607976e-02  3.318467e-02 -2.272046e-02 
 2.435000e+04  3.585643e+02 -3.621675e-02  3.330012e-02 -2.280490e-02 
 2.440000e+04  3.651484e+02 -3.635114e-02  3.341325e-02 -2.288769e-02 
 2.445000e+04  3.717324e+02 -3.648302e-02  3.352420e-02 -2.296897e-02 
 2.450000e+04  3.783165e+02 -3.661249e-02  3.363305e-02 -2.304881e-02 
 2.455000e+04  3.849005e+02 -3.673967e-02  3.373990e-02 -2.312724e-02 
 2.460000e+04  3.914846e+02 -3.686462e-02  3.384484e-02 -2.320428e-02 
 2.465000e+04  3.980686e+02 -3.698736e-02  3.394792e-02 -2.327999e-02 
 2.470000e+04  4.046527e+02 -3.710791e-02  3.404915e-02 -2.335445e-02 
 2.475000e+04  4.112367e+02 -3.722640e-02  3.414854e-02 -2.342777e-02 
 2.480000e+04  4.178208e+02 -3.734295e-02  3.424622e-02 -2.349998e-02 
 2.485000e+04  4.244048e+02 -3.745768e-02  3.434233e-02 -2.357114e-02 
 2.490000e+04  4.309889e+02 -3.757065e-02  3.443694e-02 -2.364126e-02 
 2.495000e+04  4.375729e+02 -3.768188e-02  3.453008e-02 -2.371044e-02 
 2.500000e+04  4.441569e+02 -3.779144e-02  3.462189e-02 -2.377874e-02 
 2.505000e+04  4.507410e+02 -3.789947e-02  3.471243e-02 -2.384617e-02 
 2.510000e+04  4.573250e+02 -3.800601e-02  3.480177e-02 -2.391275e-02 
 2.515000e+04  4.639091e+02 -3.811107e-02  3.488993e-02 -2.397851e-02 
 2.520000e+04  4.704931e+02 -3.821470e-02  3.497686e-02 -2.404347e-02 
 2.525000e+04  4.770772e+02 -3.831687e-02  3.506263e-02 -2.410767e-02 
 2.530000e+04  4.836612e+02 -3.841765e-02  3.514733e-02 -2.417106e-02 
 2.535000e+04  4.902453e+02 -3.851715e-02  3.523092e-02 -2.423365e-02 
 2.540000e+04  4.968293e+02 -3.861543e-02  3.531342e-02 -2.429552e-02 
 2.545000e+04  5.034134e+02 -3.871252e-02  3.539482e-02 -2.435675e-02 
 2.550000e+04  5.099974e+02 -3.880850e-02  3.547514e-02 -2.441731e-02 
 2.555000e+04  5.165815e+02 -3.890341e-02  3.555460e-02 -2.447726e-02 
 2.560000e+04  5.233235e+02 -3.899949e-02  3.563510e-02 -2.453796e-02 
 2.565000e+04  5.302368e+02 -3.909693e-02  3.571683e-02 -2.459948e-02 
 2.570000e+04  5.371500e+02 -3.919334e-02  3.579754e-02 -2.466021e-02 
 2.575000e+04  5.440633e+02 -3.928870e-02  3.587718e-02 -2.472024e-02 
 2.580000e+04  5.509765e+02 -3.938304e-02  3.595586e-02 -2.477962e-02 
 2.585000e+04  5.578898e+02 -3.947650e-02  3.603377e-02 -2.483836e-02 
 2.590000e+04  5.651418e+02 -3.957375e-02  3.611478e-02 -2.489934e-02 
 2.595000e+04  5.724079e+02 -3.967056e-02  3.619526e-02 -2.495972e-02 
 2.600000e+04  5.800298e+02 -3.977149e-02  3.627883e-02 -2.502241e-02 
 2.605000e+04  5.876516e+02 -3.987169e-02  3.636171e-02 -2.508450e-02 
 2.610000e+04  5.952735e+02 -3.997097e-02  3.644388e-02 -2.514588e-02 
 2.615000e+04  6.028953e+02 -4.006934e-02  3.652517e-02 -2.520659e-02 
 2.620000e+04  6.105172e+02 -4.016677e-02  3.660562e-02 -2.526667e-02 
 2.625000e+04  6.181391e+02 -4.026320e-02  3.668530e-02 -2.532601e-02 
 2.630000e+04  6.259896e+02 -4.036170e-02  3.676669e-02 -2.538649e-02 
 2.635000e+04  6.339925e+02 -4.046117e-02  3.684906e-02 -2.544752e-02 
 2.640000e+04  6.419955e+02 -4.055956e-02  3.693073e-02 -2.550787e-02 
 2.645000e+04  6.499984e+02 -4.065666e-02  3.701160e-02 -2.556743e-02 
 2.650000e+04  6.580014e+02 -4.075241e-02  3.709164e-02 -2.562638e-02 
 2.655000e+04  6.660043e+02 -4.084691e-02  3.717108e-02 -2.568485e-02 
 2.660000e+04  6.742233e+02 -4.094284e-02  3.725234e-02 -2.574439e-02 
 2.665000e+04  6.826264e+02 -4.103995e-02  3.733527e-02 -2.580467e-02 
 2.670000e+04  6.910295e+02 -4.113548e-02  3.741768e-02 -2.586385e-02 
 2.675000e+04  6.994326e+02 -4.122939e-02  3.749912e-02 -2.592206e-02 
 2.680000e+04  7.078357e+02 -4.132182e-02  3.757933e-02 -2.597953e-02 
 2.685000e+04  7.162388e+02 -4.141264e-02  3.765837e-02 -2.603646e-02 
 2.690000e+04  7.246419e+02 -4.150246e-02  3.773657e-02 -2.609299e-02 
 2.695000e+04  7.330450e+02 -4.159161e-02  3.781397e-02 -2.614913e-02 
 2.700000e+04  7.414481e+02 -4.167989e-02  3.789063e-02 -2.620470e-02 
 2.705000e+04  7.498512e+02 -4.176723e-02  3.796649e-02 -2.625973e-02 
 2.710000e+04  7.582543e+02 -4.185364e-02  3.804138e-02 -2.631424e-02 
 2.715000e+04  7.666574e+02 -4.193907e-02  3.811518e-02 -2.636813e-02 
 2.720000e+04  7.750605e+02 -4.202347e-02  3.818780e-02 -2.642123e-02 
 2.725000e+04  7.834636e+02 -4.210711e-02  3.825922e-02 -2.647381e-02 
 2.730000e+04  7.918667e+02 -4.219003e-02  3.832949e-02 -2.652590e-02 
 2.735000e+04  8.002698e+02 -4.227225e-02  3.839869e-02 -2.657738e-02 
 2.740000e+04  8.086729e+02 -4.235407e-02  3.846697e-02 -2.662826e-02 
 2.745000e+04  8.170760e+02 -4.243532e-02  3.853436e-02 -2.667860e-02 
 2.750000e+04  8.254791e+02 -4.251583e-02  3.860083e-02 -2.672845e-02 
 2.755000e+04  8.338822e+02 -4.259563e-02  3.866650e-02 -2.677788e-02 
 2.760000e+04  8.422853e+02 -4.267468e-02  3.873163e-02 -2.682686e-02 
 2.765000e+04  8.506884e+02 -4.275280e-02  3.879626e-02 -2.687533e-02 
 2.770000e+04  8.590915e+02 -4.283008e-02  3.886022e-02 -2.692328e-02 
 2.775000e+04  8.674946e+02 -4.290657e-02  3.892366e-02 -2.697069e-02 
 2.780000e+04  8.758977e+02 -4.298192e-02  3.898659e-02 -2.701751e-02 
 2.785000e+04  8.843008e+02 -4.305629e-02  3.904889e-02 -2.706387e-02 
 2.790000e+04  8.927039e+02 -4.312985e-02  3.911074e-02 -2.710982e-02 
 2.795000e+04  9.011069e+02 -4.320250e-02  3.917220e-02 -2.715528e-02 
 2.800000e+04  9.095100e+02 -4.327437e-02  3.923303e-02 -2.720023e-02 
 2.805000e+04  9.179131e+02 -4.334566e-02  3.929326e-02 -2.724473e-02 
 2.810000e+04  9.263162e+02 -4.341618e-02  3.935296e-02 -2.728879e-02 
 2.815000e+04  9.347193e+02 -4.348594e-02  3.941208e-02 -2.733236e-02 
 2.820000e+04  9.431224e+02 -4.355529e-02  3.947075e-02 -2.737562e-02 
 2.825000e+04  9.515255e+02 -4.362403e-02  3.952891e-02 -2.741846e-02 
 2.830000e+04  9.599286e+02 -4.369227e-02  3.958645e-02 -2.746089e-02 
 2.835000e+04  9.683317e+02 -4.376027e-02  3.964330e-02 -2.750306e-02 
 2.840000e+04  9.767348e+02 -4.382794e-02  3.969960e-02 -2.754491e-02 
 2.845000e+04  9.851379e+02 -4.389529e-02  3.975529e-02 -2.758639e-02 
 2.850000e+04  9.935410e+02 -4.396217e-02  3.981053e-02 -2.762759e-02 
 2.855000e+04  1.001944e+03 -4.402836e-02  3.986533e-02 -2.766844e-02 
 2.860000e+04  1.010347e+03 -4.409392e-02  3.991968e-02 -2.770891e-02 
 2.865000e+04  1.018750e+03 -4.415895e-02  3.997351e-02 -2.774904e-02 
 2.870000e+04  1.027153e+03 -4.422346e-02  4.002699e-02 -2.778891e-02 
 2.875000e+04  1.035556e+03 -4.428739e-02  4.008004e-02 -2.782843e-02 
 2.880000e+04  1.043960e+03 -4.435086e-02  4.013259e-02 -2.786771e-02 
 2.885000e+04  1.052363e+03 -4.441383e-02  4.018486e-02 -2.790672e-02 
 2.890000e+04  1.060766e+03 -4.447612e-02  4.023686e-02 -2.794540e-02 
 2.895000e+04  1.069169e+03 -4.453785e-02  4.028872e-02 -2.798377e-02 
 2.900000e+04  1.077572e+03 -4.459904e-02  4.034039e-02 -2.802185e-02 
 2.905000e+04  1.085975e+03 -4.465963e-02  4.039179e-02 -2.805964e-02 
 2.910000e+04  1.094756e+03 -4.472245e-02  4.044518e-02 -2.809883e-02 
 2.915000e+04  1.103580e+03 -4.478520e-02  4.049846e-02 -2.813794e-02 
 2.920000e+04  1.112403e+03 -4.484740e-02  4.055123e-02 -2.817660e-02 
 2.925000e+04  1.121226e+03 -4.490906e-02  4.060341e-02 -2.821481e-02 
 2.930000e+04  1.130049e+03 -4.497040e-02  4.065499e-02 -2.825277e-02 
 2.935000e+04  1.138873e+03 -4.503143e-02  4.070615e-02 -2.829060e-02 
 2.940000e+04  1.147696e+03 -4.509217e-02  4.075687e-02 -2.832823e-02 
 2.945000e+04  1.156519e+03 -4.515261e-02  4.080737e-02 -2.836560e-02 
 2.950000e+04  1.165342e+03 -4.521277e-02  4.085760e-02 -2.840262e-02 
 2.955000e+04  1.174166e+03 -4.527262e-02  4.090757e-02 -2.843948e-02 
 2.960000e+04  1.183077e+03 -4.533257e-02  4.095770e-02 -2.847656e-02 
 2.965000e+04  1.192341e+03 -4.539450e-02  4.100945e-02 -2.851507e-02 
 2.970000e+04  1.201745e+03 -4.545689e-02  4.106169e-02 -2.855395e-02 
 2.975000e+04  1.211472e+03 -4.552116e-02  4.111527e-02 -2.859417e-02 
 2.980000e+04  1.221239e+03 -4.558516e-02  4.116853e-02 -2.863449e-02 
 2.985000e+04  1.231453e+03 -4.565168e-02  4.122374e-02 -2.867647e-02 
 2.990000e+04  1.241667e+03 -4.571773e-02  4.127877e-02 -2.871814e-02 
 2.995000e+04  1.251881e+03 -4.578279e-02  4.133363e-02 -2.875924e-02 
 3.000000e+04  1.262095e+03 -4.584699e-02  4.138831e-02 -2.879988e-02 
 3.005000e+04  1.272309e+03 -4.591055e-02  4.144268e-02 -2.884039e-02 
 3.010000e+04  1.282523e+03 -4.597351e-02  4.149688e-02 -2.888089e-02 
 3.015000e+04  1.292829e+03 -4.603636e-02  4.155121e-02 -2.892166e-02 
 3.020000e+04  1.303554e+03 -4.610131e-02  4.160728e-02 -2.896394e-02 
 3.025000e+04  1.314278e+03 -4.616569e-02  4.166267e-02 -2.900578e-02 
 3.030000e+04  1.325003e+03 -4.622958e-02  4.171725e-02 -2.904717e-02 
 3.035000e+04  1.335728e+03 -4.629300e-02  4.177121e-02 -2.908826e-02 
 3.040000e+04  1.346453e+03 -4.635624e-02  4.182482e-02 -2.912918e-02 
 3.045000e+04  1.357177e+03 -4.641891e-02  4.187840e-02 -2.916998e-02 
 3.050000e+04  1.367902e+03 -4.648083e-02  4.193196e-02 -2.921053e-02 
 3.055000e+04  1.378734e+03 -4.654259e-02  4.198595e-02 -2.925119e-02 
 3.060000e+04  1.389995e+03 -4.660640e-02  4.204166e-02 -2.929320e-02 
 3.065000e+04  1.401256e+03 -4.667008e-02  4.209639e-02 -2.933497e-02 
 3.070000e+04  1.412567e+03 -4.673400e-02  4.215028e-02 -2.937658e-02 
 3.075000e+04  1.424141e+03 -4.679909e-02  4.220457e-02 -2.941861e-02 
 3.080000e+04  1.435715e+03 -4.686321e-02  4.225858e-02 -2.946016e-02 
 3.085000e+04  1.447289e+03 -4.692602e-02  4.231268e-02 -2.950147e-02 
 3.090000e+04  1.458863e+03 -4.698800e-02  4.236667e-02 -2.954250e-02 
 3.095000e+04  1.470437e+03 -4.704944e-02  4.242060e-02 -2.958314e-02 
 3.100000e+04  1.482011e+03 -4.711027e-02  4.247463e-02 -2.962373e-02 
 3.105000e+04  1.493586e+03 -4.717070e-02  4.252862e-02 -2.966394e-02 
 3.110000e+04  1.505160e+03 -4.723090e-02  4.258218e-02 -2.970383e-02 
 3.115000e+04  1.516734e+03 -4.729095e-02  4.263486e-02 -2.974348e-02 
 3.120000e+04  1.528308e+03 -4.735085e-02  4.268678e-02 -2.978298e-02 
 3.125000e+04  1.539882e+03 -4.741036e-02  4.273811e-02 -2.982222e-02 
 3.130000e+04  1.551456e+03 -4.746901e-02  4.278909e-02 -2.986107e-02 
 3.135000e+04  1.563030e+03 -4.752680e-02  4.283994e-02 -2.989927e-02 
 3.140000e+04  1.574604e+03 -4.758423e-02  4.289058e-02 -2.993682e-02 
 3.145000e+04  1.586178e+03 -4.764169e-02  4.294080e-02 -2.997391e-02 
 3.150000e+04  1.597752e+03 -4.769929e-02  4.299052e-02 -3.001076e-02 
 3.155000e+04  1.609326e+03 -4.775688e-02  4.303978e-02 -3.004747e-02 
 3.160000e+04  1.620900e+03 -4.781408e-02  4.308877e-02 -3.008368e-02 
 3.165000e+04  1.632474e+03 -4.787038e-02  4.313772e-02 -3.011976e-02 
 3.170000e+04  1.644048e+03 -4.792594e-02  4.318686e-02 -3.015579e-02 
 3.175000e+04  1.655623e+03 -4.798137e-02  4.323610e-02 -3.019180e-02 
 3.180000e+04  1.667197e+03 -4.803686e-02  4.328509e-02 -3.022748e-02 
 3.185000e+04  1.678771e+03 -4.809257e-02  4.333371e-02 -3.026271e-02 
 3.190000e+04  1.690345e+03 -4.814831e-02  4.338215e-02 -3.029753e-02 
 3.195000e+04  1.701919e+03 -4.820366e-02  4.343058e-02 -3.033206e-02 
 3.200000e+04  1.713493e+03 -4.825837e-02  4.347906e-02 -3.036643e-02 
 3.205000e+04  1.725067e+03 -4.831261e-02  4.352728e-02 -3.040062e-02 
 3.210000e+04  1.736641e+03 -4.836671e-02  4.357509e-02 -3.043465e-02 
 3.215000e+04  1.748215e+03 -4.842085e-02  4.362227e-02 -3.046840e-02 
 3.220000e+04  1.759789e+03 -4.847477e-02  4.366878e-02 -3.050186e-02 
 3.225000e+04  1.771363e+03 -4.852800e-02  4.371468e-02 -3.053466e-02 
 3.230000e+04  1.782937e+03 -4.858039e-02  4.376029e-02 -3.056711e-02 
 3.235000e+04  1.794511e+03 -4.863212e-02  4.380583e-02 -3.059956e-02 
 3.240000e+04  1.806086e+03 -4.868376e-02  4.385087e-02 -3.063215e-02 
 3.245000e+04  1.817660e+03 -4.873548e-02  4.389520e-02 -3.066475e-02 
 3.250000e+04  1.829234e+03 -4.878737e-02  4.393900e-02 -3.069713e-02 
 3.255000e+04  1.840808e+03 -4.883921e-02  4.398259e-02 -3.072913e-02 
 3.260000e+04  1.852382e+03 -4.889055e-02  4.402616e-02 -3.076073e-02 
 3.265000e+04  1.863956e+03 -4.894122e-02  4.406946e-02 -3.079220e-02 
 3.270000e+04  1.875530e+03 -4.899134e-02  4.411232e-02 -3.082365e-02 
 3.275000e+04  1.887104e+03 -4.904128e-02  4.415480e-02 -3.085502e-02 
 3.280000e+04  1.898678e+03 -4.909118e-02  4.419689e-02 -3.088624e-02 
 3.285000e+04  1.910252e+03 -4.914092e-02  4.423844e-02 -3.091700e-02 
 3.290000e+04  1.921826e+03 -4.919022e-02  4.427952e-02 -3.094734e-02 
 3.295000e+04  1.933400e+03 -4.923896e-02  4.432041e-02 -3.097750e-02 
 3.300000e+04  1.944974e+03 -4.928712e-02  4.436120e-02 -3.100761e-02 
 3.305000e+04  1.956548e+03 -4.933486e-02  4.440189e-02 -3.103784e-02 
 3.310000e+04  1.968123e+03 -4.938232e-02  4.444254e-02 -3.106799e-02 
 3.315000e+04  1.979697e+03 -4.942955e-02  4.448320e-02 -3.109778e-02 
 3.320000e+04  1.991271e+03 -4.947646e-02  4.452388e-02 -3.112723e-02 
 3.325000e+04  2.002845e+03 -4.952287e-02  4.456456e-02 -3.115659e-02 
 3.330000e+04  2.014419e+03 -4.956863e-02  4.460502e-02 -3.118581e-02 
 3.335000e+04  2.025993e+03 -4.961389e-02  4.464516e-02 -3.121503e-02 
 3.340000e+04  2.037567e+03 -4.965909e-02  4.468490e-02 -3.124426e-02 
 3.345000e+04  2.049141e+03 -4.970432e-02  4.472424e-02 -3.127346e-02 
 3.350000e+04  2.060715e+03 -4.974950e-02  4.476324e-02 -3.130241e-02 
 3.355000e+04  2.072289e+03 -4.979454e-02  4.480215e-02 -3.133106e-02 
 3.360000e+04  2.083863e+03 -4.983925e-02  4.484106e-02 -3.135952e-02 
 3.365000e+04  2.095437e+03 -4.988364e-02  4.487993e-02 -3.138795e-02 
 3.370000e+04  2.107011e+03 -4.992779e-02  4.491858e-02 -3.141630e-02 
 3.375000e+04  2.118586e+03 -4.997185e-02  4.495699e-02 -3.144463e-02 
 3.380000e+04  2.130160e+03 -5.001588e-02  4.499513e-02 -3.147290e-02 
 3.385000e+04  2.141734e+03 -5.005974e-02  4.503296e-02 -3.150106e-02 
 3.390000e+04  2.153308e+03 -5.010323e-02  4.507049e-02 -3.152909e-02 
 3.395000e+04  2.164882e+03 -5.014633e-02  4.510782e-02 -3.155700e-02 
 3.400000e+04  2.176456e+03 -5.018909e-02  4.514511e-02 -3.158483e-02 
 3.405000e+04  2.188030e+03 -5.023150e-02  4.518237e-02 -3.161257e-02 
 3.410000e+04  2.199604e+03 -5.027346e-02  4.521957e-02 -3.164023e-02 
 3.415000e+04  2.211178e+03 -5.031509e-02  4.525676e-02 -3.166777e-02 
 3.420000e+04  2.222752e+03 -5.035654e-02  4.529396e-02 -3.169526e-02 
 3.425000e+04  2.234326e+03 -5.039789e-02  4.533105e-02 -3.172272e-02 
 3.430000e+04  2.245900e+03 -5.043906e-02  4.536781e-02 -3.175007e-02 
 3.435000e+04  2.257474e+03 -5.048001e-02  4.540423e-02 -3.177735e-02 
 3.440000e+04  2.269048e+03 -5.052079e-02  4.544049e-02 -3.180462e-02 
 3.445000e+04  2.280623e+03 -5.056139e-02  4.547660e-02 -3.183184e-02 
 3.450000e+04  2.292197e+03 -5.060187e-02  4.551260e-02 -3.185896e-02 
 3.455000e+04  2.303771e+03 -5.064232e-02  4.554853e-02 -3.188602e-02 
 3.460000e+04  2.315345e+03 -5.068275e-02  4.558444e-02 -3.191303e-02 
 3.465000e+04  2.326919e+03 -5.072314e-02  4.562035e-02 -3.193999e-02 
 3.470000e+04  2.338493e+03 -5.076349e-02  4.565619e-02 -3.196688e-02 
 3.475000e+04  2.350067e+03 -5.080378e-02  4.569192e-02 -3.199371e-02 
 3.480000e+04  2.361641e+03 -5.084402e-02  4.572756e-02 -3.202051e-02 
 3.485000e+04  2.373215e+03 -5.088418e-02  4.576312e-02 -3.204726e-02 
 3.490000e+04  2.384789e+03 -5.092420e-02  4.579861e-02 -3.207390e-02 
 3.495000e+04  2.396363e+03 -5.096408e-02  4.583404e-02 -3.210043e-02 
 3.500000e+04  2.407937e+03 -5.100381e-02  4.586946e-02 -3.212684e-02 
 3.505000e+04  2.419511e+03 -5.104340e-02  4.590484e-02 -3.215311e-02 
 3.510000e+04  2.431086e+03 -5.108285e-02  4.594013e-02 -3.217923e-02 
 3.515000e+04  2.442660e+03 -5.112216e-02  4.597530e-02 -3.220529e-02 
 3.520000e+04  2.454234e+03 -5.116133e-02  4.601033e-02 -3.223121e-02 
 3.525000e+04  2.465808e+03 -5.120032e-02  4.604522e-02 -3.225673e-02 
 3.530000e+04  2.477382e+03 -5.123920e-02  4.607987e-02 -3.228238e-02 
 3.535000e+04  2.488956e+03 -5.127772e-02  4.611436e-02 -3.230804e-02 
 3.540000e+04  2.500530e+03 -5.131611e-02  4.614879e-02 -3.233374e-02 
 3.545000e+04  2.512104e+03 -5.135458e-02  4.618317e-02 -3.235942e-02 
 3.550000e+04  2.523678e+03 -5.139317e-02  4.621751e-02 -3.238497e-02 
 3.555000e+04  2.535252e+03 -5.143189e-02  4.625171e-02 -3.241033e-02 
 3.560000e+04  2.546826e+03 -5.147071e-02  4.628565e-02 -3.243554e-02 
 3.565000e+04  2.558400e+03 -5.150940e-02  4.631929e-02 -3.246069e-02 
 3.570000e+04  2.569974e+03 -5.154774e-02  4.635261e-02 -3.248576e-02 
 3.575000e+04  2.581548e+03 -5.158587e-02  4.638562e-02 -3.251078e-02 
 3.580000e+04  2.593123e+03 -5.162392e-02  4.641848e-02 -3.253575e-02 
 3.585000e+04  2.604697e+03 -5.166192e-02  4.645130e-02 -3.256054e-02 
 3.590000e+04  2.616271e+03 -5.169978e-02  4.648411e-02 -3.258529e-02 
 3.595000e+04  2.627845e+03 -5.173752e-02  4.651688e-02 -3.261005e-02 
 3.600000e+04  2.639419e+03 -5.177517e-02  4.654955e-02 -3.263475e-02 
 3.605000e+04  2.650993e+03 -5.181282e-02  4.658202e-02 -3.265945e-02 
 3.610000e+04  2.662567e+03 -5.185031e-02  4.661416e-02 -3.268399e-02 
 3.615000e+04  2.674141e+03 -5.188747e-02  4.664598e-02 -3.270841e-02 
 3.620000e+04  2.685715e+03 -5.192433e-02  4.667768e-02 -3.273272e-02 
 3.625000e+04  2.697289e+03 -5.196100e-02  4.670931e-02 -3.275689e-02 
 3.630000e+04  2.708863e+03 -5.199757e-02  4.674079e-02 -3.278092e-02 
 3.635000e+04  2.720437e+03 -5.203403e-02  4.677206e-02 -3.280472e-02 
 3.640000e+04  2.732011e+03 -5.207029e-02  4.680319e-02 -3.282839e-02 
 3.645000e+04  2.743586e+03 -5.210639e-02  4.683412e-02 -3.285213e-02 
 3.650000e+04  2.755160e+03 -5.214235e-02  4.686482e-02 -3.287594e-02 
 3.655000e+04  2.766734e+03 -5.217828e-02  4.689532e-02 -3.289970e-02 
 3.660000e+04  2.778308e+03 -5.221421e-02  4.692570e-02 -3.292348e-02 
 3.665000e+04  2.789882e+03 -5.225024e-02  4.695603e-02 -3.294710e-02 
 3.670000e+04  2.801456e+03 -5.228638e-02  4.698618e-02 -3.297056e-02 
 3.675000e+04  2.813030e+03 -5.232262e-02  4.701624e-02 -3.299387e-02 
 3.680000e+04  2.824604e+03 -5.235883e-02  4.704619e-02 -3.301709e-02 
 3.685000e+04  2.836178e+03 -5.239471e-02  4.707590e-02 -3.304034e-02 
 3.690000e+04  2.847752e+03 -5.243040e-02  4.710533e-02 -3.306367e-02 
 3.695000e+04  2.859326e+03 -5.246605e-02  4.713462e-02 -3.308704e-02 
 3.700000e+04  2.870900e+03 -5.250161e-02  4.716390e-02 -3.311030e-02 
 3.705000e+04  2.882474e+03 -5.253709e-02  4.719320e-02 -3.313346e-02 
 3.710000e+04  2.894048e+03 -5.257244e-02  4.722254e-02 -3.315662e-02 
 3.715000e+04  2.905623e+03 -5.260765e-02  4.725193e-02 -3.317980e-02 
 3.720000e+04  2.917197e+03 -5.264285e-02  4.728132e-02 -3.320285e-02 
 3.725000e+04  2.928771e+03 -5.267778e-02  4.731063e-02 -3.322567e-02 
 3.730000e+04  2.940345e+03 -5.271241e-02  4.733991e-02 -3.324844e-02 
 3.735000e+04  2.951919e+03 -5.274677e-02  4.736922e-02 -3.327117e-02 
 3.740000e+04  2.963493e+03 -5.278099e-02  4.739856e-02 -3.329384e-02 
 3.745000e+04  2.975067e+03 -5.281511e-02  4.742771e-02 -3.331653e-02 
 3.750000e+04  2.986641e+03 -5.284901e-02  4.745657e-02 -3.333925e-02 
 3.755000e+04  2.998215e+03 -5.288287e-02  4.748549e-02 -3.336197e-02 
 3.760000e+04  3.009789e+03 -5.291668e-02  4.751453e-02 -3.338457e-02 
 3.765000e+04  3.021363e+03 -5.295048e-02  4.754373e-02 -3.340705e-02 
 3.770000e+04  3.032937e+03 -5.298424e-02  4.757298e-02 -3.342935e-02 
 3.775000e+04  3.044511e+03 -5.301801e-02  4.760230e-02 -3.345172e-02 
 3.780000e+04  3.056086e+03 -5.305181e-02  4.763162e-02 -3.347413e-02 
 3.785000e+04  3.067660e+03 -5.308562e-02  4.766084e-02 -3.349658e-02 
 3.790000e+04  3.079234e+03 -5.311933e-02  4.768990e-02 -3.351899e-02 
 3.795000e+04  3.090808e+03 -5.315297e-02  4.771888e-02 -3.354130e-02 
 3.800000e+04  3.102382e+03 -5.318652e-02  4.774767e-02 -3.356353e-02 
 3.805000e+04  3.113956e+03 -5.321986e-02  4.777637e-02 -3.358567e-02 
 3.810000e+04  3.125530e+03 -5.325314e-02  4.780505e-02 -3.360777e-02 
 3.815000e+04  3.137104e+03 -5.328636e-02  4.783377e-02 -3.362985e-02 
 3.820000e+04  3.148678e+03 -5.331949e-02  4.786255e-02 -3.365193e-02 
 3.825000e+04  3.160252e+03 -5.335273e-02  4.789140e-02 -3.367400e-02 
 3.830000e+04  3.171826e+03 -5.338605e-02  4.792030e-02 -3.369602e-02 
 3.835000e+04  3.183400e+03 -5.341928e-02  4.794925e-02 -3.371799e-02 
 3.840000e+04  3.194974e+03 -5.345231e-02  4.797820e-02 -3.373994e-02 
 3.845000e+04  3.206548e+03 -5.348522e-02  4.800709e-02 -3.376196e-02 
 3.850000e+04  3.218123e+03 -5.351791e-02  4.803585e-02 -3.378401e-02 
 3.855000e+04  3.229697e+03 -5.355049e-02  4.806448e-02 -3.380599e-02 
 3.860000e+04  3.241271e+03 -5.358293e-02  4.809308e-02 -3.382783e-02 
 3.865000e+04  3.252845e+03 -5.361552e-02  4.812163e-02 -3.384961e-02 
 3.870000e+04  3.264419e+03 -5.364830e-02  4.815003e-02 -3.387132e-02 
 3.875000e+04  3.275993e+03 -5.368129e-02  4.817829e-02 -3.389306e-02 
 3.880000e+04  3.287567e+03 -5.371428e-02  4.820644e-02 -3.391488e-02 
 3.885000e+04  3.299141e+03 -5.374721e-02  4.823444e-02 -3.393670e-02 
 3.890000e+04  3.310715e+03 -5.378015e-02  4.826227e-02 -3.395855e-02 
 3.895000e+04  3.322289e+03 -5.381306e-02  4.828996e-02 -3.398021e-02 
 3.900000e+04  3.333863e+03 -5.384598e-02  4.831759e-02 -3.400169e-02 
 3.905000e+04  3.345437e+03 -5.387864e-02  4.834496e-02 -3.402306e-02 
 3.910000e+04  3.357011e+03 -5.391109e-02  4.837220e-02 -3.404447e-02 
 3.915000e+04  3.368586e+03 -5.394362e-02  4.839936e-02 -3.406603e-02 
 3.920000e+04  3.380160e+03 -5.397617e-02  4.842645e-02 -3.408763e-02 
 3.925000e+04  3.391734e+03 -5.400883e-02  4.845357e-02 -3.410925e-02 
 3.930000e+04  3.403308e+03 -5.404147e-02  4.848071e-02 -3.413072e-02 
 3.935000e+04  3.414882e+03 -5.407385e-02  4.850784e-02 -3.415204e-02 
 3.940000e+04  3.426456e+03 -5.410598e-02  4.853496e-02 -3.417333e-02 
 3.945000e+04  3.438030e+03 -5.413770e-02  4.856201e-02 -3.419454e-02 
 3.950000e+04  3.449604e+03 -5.416909e-02  4.858890e-02 -3.421561e-02 
 3.955000e+04  3.461178e+03 -5.420005e-02  4.861567e-02 -3.423655e-02 
 3.960000e+04  3.472752e+03 -5.423095e-02  4.864253e-02 -3.425744e-02 
 3.965000e+04  3.484326e+03 -5.426194e-02  4.866948e-02 -3.427834e-02 
 3.970000e+04  3.495900e+03 -5.429305e-02  4.869646e-02 -3.429925e-02 
 3.975000e+04  3.507474e+03 -5.432430e-02  4.872344e-02 -3.432017e-02 
 3.980000e+04  3.519048e+03 -5.435553e-02  4.875032e-02 -3.434099e-02 
 3.985000e+04  3.530623e+03 -5.438661e-02  4.877688e-02 -3.436148e-02 
 3.990000e+04  3.542197e+03 -5.441727e-02  4.880303e-02 -3.438181e-02 
 3.995000e+04  3.553771e+03 -5.444795e-02  4.882897e-02 -3.440233e-02 
 4.000000e+04  3.565345e+03 -5.447857e-02  4.885503e-02 -3.442297e-02 
 4.005000e+04  3.576919e+03 -5.450903e-02  4.888115e-02 -3.444361e-02 
 4.010000e+04  3.588493e+03 -5.453968e-02  4.890734e-02 -3.446415e-02 
 4.015000e+04  3.600067e+03 -5.457049e-02  4.893357e-02 -3.448467e-02 
 4.020000e+04  3.611641e+03 -5.460147e-02  4.895985e-02 -3.450505e-02 
 4.025000e+04  3.623215e+03 -5.463230e-02  4.898602e-02 -3.452510e-02 
 4.030000e+04  3.634789e+03 -5.466268e-02  4.901197e-02 -3.454519e-02 
 4.035000e+04  3.646363e+03 -5.469299e-02  4.903783e-02 -3.456533e-02 
 4.040000e+04  3.657937e+03 -5.472323e-02  4.906350e-02 -3.458560e-02 
 4.045000e+04  3.669511e+03 -5.475310e-02  4.908905e-02 -3.460583e-02 
 4.050000e+04  3.681086e+03 -5.478295e-02  4.911467e-02 -3.462600e-02 
 4.055000e+04  3.692660e+03 -5.481291e-02  4.914046e-02 -3.464620e-02 
 4.060000e+04  3.704234e+03 -5.484313e-02  4.916659e-02 -3.466640e-02 
 4.065000e+04  3.715808e+03 -5.487349e-02  4.919291e-02 -3.468647e-02 
 4.070000e+04  3.727382e+03 -5.490385e-02  4.921939e-02 -3.470648e-02 
 4.075000e+04  3.738956e+03 -5.493428e-02  4.924592e-02 -3.472648e-02 
 4.080000e+04  3.750530e+03 -5.496459e-02  4.927229e-02 -3.474645e-02 
 4.085000e+04  3.762104e+03 -5.499477e-02  4.929835e-02 -3.476616e-02 
 4.090000e+04  3.773678e+03 -5.502479e-02  4.932421e-02 -3.478590e-02 
 4.095000e+04  3.785252e+03 -5.505471e-02  4.934998e-02 -3.480569e-02 
 4.100000e+04  3.796826e+03 -5.508469e-02  4.937574e-02 -3.482555e-02 
 4.105000e+04  3.808400e+03 -5.511481e-02  4.940148e-02 -3.484549e-02 
 4.110000e+04  3.819974e+03 -5.514502e-02  4.942726e-02 -3.486547e-02 
 4.115000e+04  3.831548e+03 -5.517538e-02  4.945290e-02 -3.488538e-02 
 4.120000e+04  3.843123e+03 -5.520595e-02  4.947831e-02 -3.490521e-02 
 4.125000e+04  3.854697e+03 -5.523662e-02  4.950371e-02 -3.492496e-02 
 4.130000e+04  3.866271e+03 -5.526725e-02  4.952916e-02 -3.494459e-02 
 4.135000e+04  3.877845e+03 -5.529771e-02  4.955467e-02 -3.496419e-02 
 4.140000e+04  3.889419e+03 -5.532814e-02  4.958027e-02 -3.498389e-02 
 4.145000e+04  3.900993e+03 -5.535856e-02  4.960591e-02 -3.500367e-02 
 4.150000e+04  3.912567e+03 -5.538881e-02  4.963151e-02 -3.502355e-02 
 4.155000e+04  3.924141e+03 -5.541898e-02  4.965712e-02 -3.504346e-02 
 4.160000e+04  3.935715e+03 -5.544904e-02  4.968277e-02 -3.506324e-02 
 4.165000e+04  3.947289e+03 -5.547903e-02  4.970836e-02 -3.508288e-02 
 4.170000e+04  3.958863e+03 -5.550886e-02  4.973385e-02 -3.510241e-02 
 4.175000e+04  3.970437e+03 -5.553860e-02  4.975921e-02 -3.512178e-02 
 4.180000e+04  3.982011e+03 -5.556822e-02  4.978446e-02 -3.514114e-02 
 4.185000e+04  3.993586e+03 -5.559758e-02  4.980962e-02 -3.516054e-02 
 4.190000e+04  4.005160e+03 -5.562679e-02  4.983464e-02 -3.518010e-02 
 4.195000e+04  4.016734e+03 -5.565607e-02  4.985956e-02 -3.519977e-02 
 4.200000e+04  4.028308e+03 -5.568541e-02  4.988434e-02 -3.521942e-02 
 4.205000e+04  4.039882e+03 -5.571482e-02  4.990909e-02 -3.523889e-02 
 4.210000e+04  4.051456e+03 -5.574430e-02  4.993389e-02 -3.525814e-02 
 4.215000e+04  4.063030e+03 -5.577371e-02  4.995853e-02 -3.527730e-02 
 4.220000e+04  4.074604e+03 -5.580306e-02  4.998290e-02 -3.529644e-02 
 4.225000e+04  4.086178e+03 -5.583221e-02  5.000710e-02 -3.531551e-02 
 4.230000e+04  4.097752e+03 -5.586121e-02  5.003088e-02 -3.533473e-02 
 4.235000e+04  4.109326e+03 -5.589023e-02  5.005471e-02 -3.535398e-02 
 4.240000e+04  4.120900e+03 -5.591927e-02  5.007858e-02 -3.537333e-02 
 4.245000e+04  4.132474e+03 -5.594834e-02  5.010261e-02 -3.539268e-02 
 4.250000e+04  4.144048e+03 -5.597735e-02  5.012676e-02 -3.541189e-02 
 4.255000e+04  4.155623e+03 -5.600633e-02  5.015090e-02 -3.543098e-02 
 4.260000e+04  4.167197e+03 -5.603513e-02  5.017508e-02 -3.544994e-02 
 4.265000e+04  4.178771e+03 -5.606347e-02  5.019942e-02 -3.546884e-02 
 4.270000e+04  4.190345e+03 -5.609153e-02  5.022381e-02 -3.548777e-02 
 4.275000e+04  4.201919e+03 -5.611956e-02  5.024827e-02 -3.550661e-02 
 4.280000e+04  4.213493e+03 -5.614762e-02  5.027272e-02 -3.552545e-02 
 4.285000e+04  4.225067e+03 -5.617563e-02  5.029710e-02 -3.554432e-02 
 4.290000e+04  4.236641e+03 -5.620343e-02  5.032149e-02 -3.556327e-02 
 4.295000e+04  4.248215e+03 -5.623108e-02  5.034594e-02 -3.558228e-02 
 4.300000e+04  4.259789e+03 -5.625871e-02  5.037036e-02 -3.560119e-02 
 4.305000e+04  4.271363e+03 -5.628638e-02  5.039478e-02 -3.562003e-02 
 4.310000e+04  4.282937e+03 -5.631424e-02  5.041926e-02 -3.563887e-02 
 4.315000e+04  4.294511e+03 -5.634219e-02  5.044374e-02 -3.565772e-02 
 4.320000e+04  4.306086e+03 -5.637026e-02  5.046810e-02 -3.567652e-02 
 4.325000e+04  4.317660e+03 -5.639832e-02  5.049217e-02 -3.569521e-02 
 4.330000e+04  4.329234e+03 -5.642636e-02  5.051600e-02 -3.571394e-02 
 4.335000e+04  4.340808e+03 -5.645435e-02  5.053970e-02 -3.573270e-02 
 4.340000e+04  4.352382e+03 -5.648239e-02  5.056332e-02 -3.575153e-02 
 4.345000e+04  4.363956e+03 -5.651041e-02  5.058687e-02 -3.577043e-02 
 4.350000e+04  4.375530e+03 -5.653849e-02  5.061049e-02 -3.578937e-02 
 4.355000e+04  4.387104e+03 -5.656655e-02  5.063415e-02 -3.580818e-02 
 4.360000e+04  4.398678e+03 -5.659442e-02  5.065769e-02 -3.582690e-02 
 4.365000e+04  4.410252e+03 -5.662217e-02  5.068125e-02 -3.584563e-02 
 4.370000e+04  4.421826e+03 -5.664952e-02  5.070485e-02 -3.586436e-02 
 4.375000e+04  4.433400e+03 -5.667652e-02  5.072844e-02 -3.588313e-02 
 4.380000e+04  4.444974e+03 -5.670350e-02  5.075212e-02 -3.590197e-02 
 4.385000e+04  4.456548e+03 -5.673052e-02  5.077579e-02 -3.592086e-02 
 4.390000e+04  4.468123e+03 -5.675749e-02  5.079952e-02 -3.593959e-02 
 4.395000e+04  4.479697e+03 -5.678460e-02  5.082336e-02 -3.595822e-02 
 4.400000e+04  4.491271e+03 -5.681161e-02  5.084733e-02 -3.597688e-02 
 4.405000e+04  4.502845e+03 -5.683850e-02  5.087127e-02 -3.599563e-02 
 4.410000e+04  4.514419e+03 -5.686511e-02  5.089484e-02 -3.601445e-02 
 4.415000e+04  4.525993e+03 -5.689165e-02  5.091811e-02 -3.603336e-02 
 4.420000e+04  4.537567e+03 -5.691827e-02  5.094129e-02 -3.605224e-02 
 4.425000e+04  4.549141e+03 -5.694512e-02  5.096446e-02 -3.607098e-02 
 4.430000e+04  4.560715e+03 -5.697220e-02  5.098760e-02 -3.608962e-02 
 4.435000e+04  4.572289e+03 -5.699955e-02  5.101083e-02 -3.610819e-02 
 4.440000e+04  4.583863e+03 -5.702706e-02  5.103403e-02 -3.612669e-02 
 4.445000e+04  4.595437e+03 -5.705457e-02  5.105709e-02 -3.614524e-02 
 4.450000e+04  4.607011e+03 -5.708192e-02  5.108003e-02 -3.616387e-02 
 4.455000e+04  4.618586e+03 -5.710917e-02  5.110275e-02 -3.618253e-02 
 4.460000e+04  4.630160e+03 -5.713645e-02  5.112547e-02 -3.620124e-02 
 4.465000e+04  4.641734e+03 -5.716367e-02  5.114824e-02 -3.621995e-02 
 4.470000e+04  4.653308e+03 -5.719077e-02  5.117109e-02 -3.623860e-02 
 4.475000e+04  4.664882e+03 -5.721787e-02  5.119404e-02 -3.625720e-02 
 4.480000e+04  4.676456e+03 -5.724499e-02  5.121704e-02 -3.627567e-02 
 4.485000e+04  4.688030e+03 -5.727203e-02  5.123979e-02 -3.629388e-02 
 4.490000e+04  4.699604e+03 -5.729898e-02  5.126243e-02 -3.631210e-02 
 4.495000e+04  4.711178e+03 -5.732589e-02  5.128526e-02 -3.633047e-02 
 4.500000e+04  4.722752e+03 -5.735262e-02  5.130830e-02 -3.634894e-02 
 4.505000e+04  4.734326e+03 -5.737917e-02  5.133145e-02 -3.636743e-02 
 4.510000e+04  4.745900e+03 -5.740571e-02  5.135458e-02 -3.638593e-02 
 4.515000e+04  4.757474e+03 -5.743233e-02  5.137766e-02 -3.640438e-02 
 4.520000e+04  4.769048e+03 -5.745904e-02  5.140067e-02 -3.642277e-02 
 4.525000e+04  4.780623e+03 -5.748583e-02  5.142370e-02 -3.644109e-02 
 4.530000e+04  4.792197e+03 -5.751264e-02  5.144681e-02 -3.645932e-02 
 4.535000e+04  4.803771e+03 -5.753949e-02  5.146991e-02 -3.647752e-02 
 4.540000e+04  4.815345e+03 -5.756639e-02  5.149278e-02 -3.649565e-02 
 4.545000e+04  4.826919e+03 -5.759336e-02  5.151522e-02 -3.651381e-02 
 4.550000e+04  4.838493e+03 -5.762041e-02  5.153764e-02 -3.653207e-02 
 4.555000e+04  4.850067e+03 -5.764751e-02  5.156013e-02 -3.655034e-02 
 4.560000e+04  4.861641e+03 -5.767455e-02  5.158263e-02 -3.656856e-02 
 4.565000e+04  4.873215e+03 -5.770159e-02  5.160514e-02 -3.658680e-02 
 4.570000e+04  4.884789e+03 -5.772873e-02  5.162769e-02 -3.660503e-02 
 4.575000e+04  4.896363e+03 -5.775593e-02  5.165018e-02 -3.662316e-02 
 4.580000e+04  4.907937e+03 -5.778312e-02  5.167252e-02 -3.664119e-02 
 4.585000e+04  4.919511e+03 -5.781022e-02  5.169462e-02 -3.665915e-02 
 4.590000e+04  4.931086e+03 -5.783720e-02  5.171664e-02 -3.667716e-02 
 4.595000e+04  4.942660e+03 -5.786402e-02  5.173877e-02 -3.669521e-02 
 4.600000e+04  4.954234e+03 -5.789077e-02  5.176096e-02 -3.671326e-02 
 4.605000e+04  4.965808e+03 -5.791747e-02  5.178325e-02 -3.673128e-02 
 4.610000e+04  4.977382e+03 -5.794412e-02  5.180564e-02 -3.674924e-02 
 4.615000e+04  4.988956e+03 -5.797078e-02  5.182810e-02 -3.676711e-02 
 4.620000e+04  5.000530e+03 -5.799727e-02  5.185059e-02 -3.678475e-02 
 4.625000e+04  5.012104e+03 -5.802353e-02  5.187278e-02 -3.680226e-02 
 4.630000e+04  5.023678e+03 -5.804983e-02  5.189490e-02 -3.681983e-02 
 4.635000e+04  5.035252e+03 -5.807621e-02  5.191695e-02 -3.683757e-02 
 4.640000e+04  5.046826e+03 -5.810262e-02  5.193902e-02 -3.685539e-02 
 4.645000e+04  5.058400e+03 -5.812908e-02  5.196099e-02 -3.687317e-02 
 4.650000e+04  5.069974e+03 -5.815558e-02  5.198284e-02 -3.689083e-02 
 4.655000e+04  5.081548e+03 -5.818212e-02  5.200471e-02 -3.690835e-02 
 4.660000e+04  5.093123e+03 -5.820860e-02  5.202658e-02 -3.692577e-02 
 4.665000e+04  5.104697e+03 -5.823485e-02  5.204844e-02 -3.694316e-02 
 4.670000e+04  5.116271e+03 -5.826111e-02  5.207031e-02 -3.696060e-02 
 4.675000e+04  5.127845e+03 -5.828753e-02  5.209212e-02 -3.697810e-02 
 4.680000e+04  5.139419e+03 -5.831406e-02  5.211384e-02 -3.699560e-02 
 4.685000e+04  5.150993e+03 -5.834039e-02  5.213549e-02 -3.701298e-02 
 4.690000e+04  5.162567e+03 -5.836664e-02  5.215710e-02 -3.703024e-02 
 4.695000e+04  5.174141e+03 -5.839292e-02  5.217866e-02 -3.704748e-02 
 4.700000e+04  5.185715e+03 -5.841917e-02  5.220020e-02 -3.706474e-02 
 4.705000e+04  5.197289e+03 -5.844538e-02  5.222181e-02 -3.708204e-02 
 4.710000e+04  5.208863e+03 -5.847145e-02  5.224356e-02 -3.709941e-02 
 4.715000e+04  5.220437e+03 -5.849737e-02  5.226545e-02 -3.711683e-02 
 4.720000e+04  5.232011e+03 -5.852319e-02  5.228742e-02 -3.713421e-02 
 4.725000e+04  5.243586e+03 -5.854894e-02  5.230937e-02 -3.715148e-02 
 4.730000e+04  5.255160e+03 -5.857459e-02  5.233124e-02 -3.716860e-02 
 4.735000e+04  5.266734e+03 -5.859998e-02  5.235308e-02 -3.718574e-02 
 4.740000e+04  5.278308e+03 -5.862522e-02  5.237496e-02 -3.720289e-02 
 4.745000e+04  5.289882e+03 -5.865039e-02  5.239679e-02 -3.722009e-02 
