         Step [creep.tim... Z Displace... Z Displace... X Displace... 
------------- ------------- ------------- ------------- ------------- 
 5.250000e+03  1.276223e-07 -4.629353e-03  4.524540e-03 -2.433365e-03 
 5.300000e+03  3.886505e-06 -4.629533e-03  4.524620e-03 -2.433545e-03 
 5.350000e+03  3.446463e-05 -4.630194e-03  4.524697e-03 -2.433924e-03 
 5.400000e+03  2.307857e-04 -4.630295e-03  4.524782e-03 -2.433953e-03 
 5.450000e+03  1.052104e-03 -4.630687e-03  4.525309e-03 -2.434594e-03 
 5.500000e+03  2.888141e-03 -4.632579e-03  4.526920e-03 -2.436431e-03 
 5.550000e+03  6.627430e-03 -4.636934e-03  4.531006e-03 -2.440645e-03 
 5.600000e+03  1.078566e-02 -4.642242e-03  4.536770e-03 -2.445367e-03 
 5.650000e+03  1.516246e-02 -4.648719e-03  4.544393e-03 -2.450995e-03 
 5.700000e+03  2.113955e-02 -4.658574e-03  4.556251e-03 -2.458879e-03 
 5.750000e+03  2.784191e-02 -4.668885e-03  4.568208e-03 -2.466640e-03 
 5.800000e+03  3.461523e-02 -4.677570e-03  4.577363e-03 -2.473161e-03 
 5.850000e+03  4.138856e-02 -4.685523e-03  4.585500e-03 -2.479682e-03 
 5.900000e+03  4.816188e-02 -4.693773e-03  4.594012e-03 -2.486755e-03 
 5.950000e+03  5.493520e-02 -4.702560e-03  4.603307e-03 -2.494593e-03 
 6.000000e+03  6.172207e-02 -4.712024e-03  4.612932e-03 -2.503236e-03 
 6.050000e+03  6.975585e-02 -4.724296e-03  4.624552e-03 -2.513338e-03 
 6.100000e+03  7.840051e-02 -4.736767e-03  4.636264e-03 -2.522653e-03 
 6.150000e+03  8.704518e-02 -4.747866e-03  4.646564e-03 -2.530172e-03 
 6.200000e+03  9.568985e-02 -4.758271e-03  4.656542e-03 -2.537456e-03 
 6.250000e+03  1.043345e-01 -4.768986e-03  4.667310e-03 -2.545267e-03 
 6.300000e+03  1.129792e-01 -4.780432e-03  4.678816e-03 -2.553929e-03 
 6.350000e+03  1.218002e-01 -4.792176e-03  4.690869e-03 -2.563698e-03 
 6.400000e+03  1.325597e-01 -4.805802e-03  4.704868e-03 -2.575805e-03 
 6.450000e+03  1.441444e-01 -4.819287e-03  4.718308e-03 -2.587504e-03 
 6.500000e+03  1.557290e-01 -4.831758e-03  4.730534e-03 -2.597517e-03 
 6.550000e+03  1.673137e-01 -4.844356e-03  4.742806e-03 -2.606790e-03 
 6.600000e+03  1.788984e-01 -4.857444e-03  4.755963e-03 -2.616278e-03 
 6.650000e+03  1.904831e-01 -4.870975e-03  4.770332e-03 -2.626550e-03 
 6.700000e+03  2.020678e-01 -4.884654e-03  4.785622e-03 -2.637465e-03 
 6.750000e+03  2.142537e-01 -4.898268e-03  4.800892e-03 -2.648923e-03 
 6.800000e+03  2.277781e-01 -4.912201e-03  4.815461e-03 -2.660691e-03 
 6.850000e+03  2.418593e-01 -4.925952e-03  4.829252e-03 -2.672226e-03 
 6.900000e+03  2.559406e-01 -4.939432e-03  4.842930e-03 -2.683316e-03 
 6.950000e+03  2.700218e-01 -4.953261e-03  4.857144e-03 -2.694302e-03 
 7.000000e+03  2.841031e-01 -4.967893e-03  4.872265e-03 -2.705552e-03 
 7.050000e+03  2.981843e-01 -4.983434e-03  4.887999e-03 -2.717011e-03 
 7.100000e+03  3.126458e-01 -4.999232e-03  4.903490e-03 -2.728318e-03 
 7.150000e+03  3.280668e-01 -5.014239e-03  4.918542e-03 -2.739717e-03 
 7.200000e+03  3.442745e-01 -5.028843e-03  4.933626e-03 -2.751476e-03 
 7.250000e+03  3.605753e-01 -5.043222e-03  4.948468e-03 -2.763306e-03 
 7.300000e+03  3.768761e-01 -5.057888e-03  4.963420e-03 -2.775170e-03 
 7.350000e+03  3.932095e-01 -5.073182e-03  4.978688e-03 -2.787270e-03 
 7.400000e+03  4.108217e-01 -5.090335e-03  4.995508e-03 -2.800197e-03 
 7.450000e+03  4.296560e-01 -5.108177e-03  5.012907e-03 -2.813282e-03 
 7.500000e+03  4.485262e-01 -5.124519e-03  5.029244e-03 -2.825428e-03 
 7.550000e+03  4.673964e-01 -5.140273e-03  5.045273e-03 -2.837371e-03 
 7.600000e+03  4.862667e-01 -5.156083e-03  5.061474e-03 -2.849437e-03 
 7.650000e+03  5.051369e-01 -5.171636e-03  5.077846e-03 -2.861757e-03 
 7.700000e+03  5.243090e-01 -5.187376e-03  5.094618e-03 -2.874555e-03 
 7.750000e+03  5.459258e-01 -5.205101e-03  5.113389e-03 -2.888943e-03 
 7.800000e+03  5.677704e-01 -5.222657e-03  5.131172e-03 -2.902664e-03 
 7.850000e+03  5.896151e-01 -5.239705e-03  5.147848e-03 -2.915429e-03 
 7.900000e+03  6.114597e-01 -5.256584e-03  5.164388e-03 -2.927877e-03 
 7.950000e+03  6.333043e-01 -5.273583e-03  5.181352e-03 -2.940313e-03 
 8.000000e+03  6.551490e-01 -5.290446e-03  5.198580e-03 -2.952953e-03 
 8.050000e+03  6.771029e-01 -5.307248e-03  5.215828e-03 -2.965846e-03 
 8.100000e+03  7.007737e-01 -5.324876e-03  5.233967e-03 -2.979796e-03 
 8.150000e+03  7.258448e-01 -5.342732e-03  5.252412e-03 -2.994013e-03 
 8.200000e+03  7.511327e-01 -5.360237e-03  5.270244e-03 -3.007601e-03 
 8.250000e+03  7.764206e-01 -5.377824e-03  5.287894e-03 -3.020779e-03 
 8.300000e+03  8.017085e-01 -5.395783e-03  5.305642e-03 -3.033943e-03 
 8.350000e+03  8.269964e-01 -5.414008e-03  5.323384e-03 -3.047110e-03 
 8.400000e+03  8.526131e-01 -5.432081e-03  5.341116e-03 -3.060446e-03 
 8.450000e+03  8.800416e-01 -5.450666e-03  5.359743e-03 -3.074558e-03 
 8.500000e+03  9.079215e-01 -5.468638e-03  5.378315e-03 -3.088541e-03 
 8.550000e+03  9.358014e-01 -5.486181e-03  5.396419e-03 -3.102118e-03 
 8.600000e+03  9.638765e-01 -5.503825e-03  5.414493e-03 -3.115643e-03 
 8.650000e+03  9.932382e-01 -5.522425e-03  5.433509e-03 -3.129791e-03 
 8.700000e+03  1.023976e+00 -5.541904e-03  5.453477e-03 -3.144441e-03 
 8.750000e+03  1.056097e+00 -5.562005e-03  5.473867e-03 -3.159414e-03 
 8.800000e+03  1.089565e+00 -5.582673e-03  5.494281e-03 -3.174566e-03 
 8.850000e+03  1.123453e+00 -5.603301e-03  5.514277e-03 -3.189551e-03 
 8.900000e+03  1.157342e+00 -5.623249e-03  5.534039e-03 -3.204370e-03 
 8.950000e+03  1.191230e+00 -5.642571e-03  5.553786e-03 -3.219202e-03 
 9.000000e+03  1.225118e+00 -5.661667e-03  5.573713e-03 -3.234137e-03 
 9.050000e+03  1.260125e+00 -5.681404e-03  5.594334e-03 -3.249428e-03 
 9.100000e+03  1.296277e+00 -5.701753e-03  5.615221e-03 -3.264662e-03 
 9.150000e+03  1.335021e+00 -5.723417e-03  5.636972e-03 -3.280283e-03 
 9.200000e+03  1.374250e+00 -5.745089e-03  5.658383e-03 -3.295801e-03 
 9.250000e+03  1.413480e+00 -5.766342e-03  5.679311e-03 -3.311227e-03 
 9.300000e+03  1.452710e+00 -5.787175e-03  5.699863e-03 -3.326730e-03 
 9.350000e+03  1.491940e+00 -5.807766e-03  5.720245e-03 -3.342215e-03 
 9.400000e+03  1.531170e+00 -5.828086e-03  5.740591e-03 -3.357611e-03 
 9.450000e+03  1.570713e+00 -5.848102e-03  5.760994e-03 -3.372828e-03 
 9.500000e+03  1.612111e+00 -5.868578e-03  5.782153e-03 -3.388262e-03 
 9.550000e+03  1.655362e+00 -5.889887e-03  5.804107e-03 -3.403919e-03 
 9.600000e+03  1.698613e+00 -5.911294e-03  5.825780e-03 -3.419349e-03 
 9.650000e+03  1.741863e+00 -5.932562e-03  5.847053e-03 -3.434656e-03 
 9.700000e+03  1.786628e+00 -5.954290e-03  5.868523e-03 -3.450420e-03 
 9.750000e+03  1.832042e+00 -5.976017e-03  5.889889e-03 -3.466373e-03 
 9.800000e+03  1.877455e+00 -5.997184e-03  5.910774e-03 -3.482164e-03 
 9.850000e+03  1.923323e+00 -6.017929e-03  5.931514e-03 -3.497840e-03 
 9.900000e+03  1.971007e+00 -6.039256e-03  5.953079e-03 -3.513958e-03 
 9.950000e+03  2.020646e+00 -6.061424e-03  5.975823e-03 -3.530458e-03 
 1.000000e+04  2.070714e+00 -6.083747e-03  5.998750e-03 -3.546631e-03 
 1.005000e+04  2.124187e+00 -6.107515e-03  6.022814e-03 -3.563531e-03 
 1.010000e+04  2.179387e+00 -6.131936e-03  6.047054e-03 -3.580792e-03 
 1.015000e+04  2.234588e+00 -6.155833e-03  6.070457e-03 -3.597977e-03 
 1.020000e+04  2.289788e+00 -6.178999e-03  6.093203e-03 -3.615060e-03 
 1.025000e+04  2.344988e+00 -6.201739e-03  6.115685e-03 -3.632063e-03 
 1.030000e+04  2.400189e+00 -6.224276e-03  6.138228e-03 -3.648944e-03 
 1.035000e+04  2.455886e+00 -6.246847e-03  6.160965e-03 -3.665658e-03 
 1.040000e+04  2.515469e+00 -6.270877e-03  6.185232e-03 -3.683054e-03 
 1.045000e+04  2.578640e+00 -6.296099e-03  6.210852e-03 -3.701097e-03 
 1.050000e+04  2.642541e+00 -6.321299e-03  6.236400e-03 -3.718978e-03 
 1.055000e+04  2.706442e+00 -6.346043e-03  6.261281e-03 -3.736702e-03 
 1.060000e+04  2.770344e+00 -6.370626e-03  6.285480e-03 -3.754410e-03 
 1.065000e+04  2.836545e+00 -6.395834e-03  6.310011e-03 -3.772734e-03 
 1.070000e+04  2.903642e+00 -6.420792e-03  6.334562e-03 -3.791171e-03 
 1.075000e+04  2.970738e+00 -6.445198e-03  6.358868e-03 -3.809320e-03 
 1.080000e+04  3.039512e+00 -6.469994e-03  6.383855e-03 -3.827491e-03 
 1.085000e+04  3.109963e+00 -6.495358e-03  6.409528e-03 -3.845683e-03 
 1.090000e+04  3.180414e+00 -6.520598e-03  6.434996e-03 -3.863458e-03 
 1.095000e+04  3.253845e+00 -6.546630e-03  6.461265e-03 -3.881766e-03 
 1.100000e+04  3.331518e+00 -6.573788e-03  6.488514e-03 -3.901062e-03 
 1.105000e+04  3.409190e+00 -6.600461e-03  6.514911e-03 -3.920337e-03 
 1.110000e+04  3.486862e+00 -6.626551e-03  6.540543e-03 -3.939501e-03 
 1.115000e+04  3.567331e+00 -6.653292e-03  6.566688e-03 -3.959125e-03 
 1.120000e+04  3.648887e+00 -6.680170e-03  6.593242e-03 -3.978694e-03 
 1.125000e+04  3.730443e+00 -6.706853e-03  6.619806e-03 -3.997792e-03 
 1.130000e+04  3.812407e+00 -6.733428e-03  6.646475e-03 -4.016571e-03 
 1.135000e+04  3.899411e+00 -6.761400e-03  6.674735e-03 -4.036263e-03 
 1.140000e+04  3.989326e+00 -6.789907e-03  6.703477e-03 -4.056409e-03 
 1.145000e+04  4.079242e+00 -6.817797e-03  6.731523e-03 -4.076311e-03 
 1.150000e+04  4.169157e+00 -6.845399e-03  6.758885e-03 -4.096113e-03 
 1.155000e+04  4.262759e+00 -6.873895e-03  6.786782e-03 -4.116703e-03 
 1.160000e+04  4.357171e+00 -6.902210e-03  6.814560e-03 -4.137275e-03 
 1.165000e+04  4.451582e+00 -6.930072e-03  6.842050e-03 -4.157465e-03 
 1.170000e+04  4.545993e+00 -6.957769e-03  6.869579e-03 -4.177217e-03 
 1.175000e+04  4.640404e+00 -6.985320e-03  6.897202e-03 -4.196637e-03 
 1.180000e+04  4.734816e+00 -7.012590e-03  6.924667e-03 -4.215693e-03 
 1.185000e+04  4.835175e+00 -7.041202e-03  6.953466e-03 -4.235713e-03 
 1.190000e+04  4.939263e+00 -7.070532e-03  6.982828e-03 -4.256442e-03 
 1.195000e+04  5.043352e+00 -7.099388e-03  7.011414e-03 -4.277166e-03 
 1.200000e+04  5.148793e+00 -7.128125e-03  7.039694e-03 -4.298032e-03 
 1.205000e+04  5.258086e+00 -7.157733e-03  7.068632e-03 -4.319329e-03 
 1.210000e+04  5.367379e+00 -7.187266e-03  7.097416e-03 -4.340212e-03 
 1.215000e+04  5.476672e+00 -7.216610e-03  7.126123e-03 -4.360687e-03 
 1.220000e+04  5.587495e+00 -7.245948e-03  7.155117e-03 -4.381160e-03 
 1.225000e+04  5.702252e+00 -7.275923e-03  7.185037e-03 -4.402131e-03 
 1.230000e+04  5.817010e+00 -7.305473e-03  7.214678e-03 -4.422941e-03 
 1.235000e+04  5.934407e+00 -7.335297e-03  7.244448e-03 -4.444061e-03 
 1.240000e+04  6.059963e+00 -7.366801e-03  7.275623e-03 -4.466493e-03 
 1.245000e+04  6.186483e+00 -7.398255e-03  7.306560e-03 -4.488906e-03 
 1.250000e+04  6.313003e+00 -7.429372e-03  7.337036e-03 -4.511060e-03 
 1.255000e+04  6.439523e+00 -7.460194e-03  7.367200e-03 -4.532801e-03 
 1.260000e+04  6.571610e+00 -7.492111e-03  7.398595e-03 -4.555127e-03 
 1.265000e+04  6.704456e+00 -7.523965e-03  7.430140e-03 -4.577317e-03 
 1.270000e+04  6.837302e+00 -7.555283e-03  7.461418e-03 -4.599257e-03 
 1.275000e+04  6.972673e+00 -7.586670e-03  7.492891e-03 -4.621381e-03 
 1.280000e+04  7.112161e+00 -7.618697e-03  7.524961e-03 -4.644095e-03 
 1.285000e+04  7.251650e+00 -7.650436e-03  7.556511e-03 -4.666633e-03 
 1.290000e+04  7.396160e+00 -7.682942e-03  7.588485e-03 -4.689707e-03 
 1.295000e+04  7.545698e+00 -7.716406e-03  7.621176e-03 -4.713244e-03 
 1.300000e+04  7.699484e+00 -7.750698e-03  7.654568e-03 -4.737094e-03 
 1.305000e+04  7.853270e+00 -7.784629e-03  7.687604e-03 -4.760576e-03 
 1.310000e+04  8.007056e+00 -7.818046e-03  7.720310e-03 -4.783760e-03 
 1.315000e+04  8.160842e+00 -7.851062e-03  7.752911e-03 -4.806812e-03 
 1.320000e+04  8.314628e+00 -7.883563e-03  7.785326e-03 -4.829732e-03 
 1.325000e+04  8.471029e+00 -7.916148e-03  7.817781e-03 -4.852788e-03 
 1.330000e+04  8.637994e+00 -7.950698e-03  7.852003e-03 -4.877135e-03 
 1.335000e+04  8.807543e+00 -7.985709e-03  7.886308e-03 -4.901572e-03 
 1.340000e+04  8.977092e+00 -8.020396e-03  7.920069e-03 -4.925665e-03 
 1.345000e+04  9.146641e+00 -8.054617e-03  7.953417e-03 -4.949434e-03 
 1.350000e+04  9.322294e+00 -8.089852e-03  7.987684e-03 -4.973824e-03 
 1.355000e+04  9.500321e+00 -8.125173e-03  8.022205e-03 -4.998337e-03 
 1.360000e+04  9.678347e+00 -8.159933e-03  8.056402e-03 -5.022574e-03 
 1.365000e+04  9.857442e+00 -8.194366e-03  8.090519e-03 -5.046757e-03 
 1.370000e+04  1.004437e+01 -8.229958e-03  8.125941e-03 -5.071789e-03 
 1.375000e+04  1.023130e+01 -8.265208e-03  8.160973e-03 -5.096573e-03 
 1.380000e+04  1.041972e+01 -8.300457e-03  8.195728e-03 -5.121191e-03 
 1.385000e+04  1.061600e+01 -8.337032e-03  8.231473e-03 -5.146522e-03 
 1.390000e+04  1.081227e+01 -8.373480e-03  8.266803e-03 -5.171556e-03 
 1.395000e+04  1.100854e+01 -8.409393e-03  8.301676e-03 -5.196354e-03 
 1.400000e+04  1.120482e+01 -8.444748e-03  8.336207e-03 -5.221008e-03 
 1.405000e+04  1.140109e+01 -8.479723e-03  8.370505e-03 -5.245465e-03 
 1.410000e+04  1.159737e+01 -8.514344e-03  8.404704e-03 -5.269696e-03 
 1.415000e+04  1.179874e+01 -8.549507e-03  8.439511e-03 -5.294251e-03 
 1.420000e+04  1.201545e+01 -8.587033e-03  8.476650e-03 -5.320376e-03 
 1.425000e+04  1.224266e+01 -8.626228e-03  8.515143e-03 -5.347448e-03 
 1.430000e+04  1.246987e+01 -8.665105e-03  8.553005e-03 -5.374239e-03 
 1.435000e+04  1.269708e+01 -8.703552e-03  8.590259e-03 -5.400793e-03 
 1.440000e+04  1.292429e+01 -8.741601e-03  8.627087e-03 -5.427085e-03 
 1.445000e+04  1.315151e+01 -8.779297e-03  8.663693e-03 -5.453186e-03 
 1.450000e+04  1.337872e+01 -8.816532e-03  8.699985e-03 -5.479038e-03 
 1.455000e+04  1.360752e+01 -8.853608e-03  8.736274e-03 -5.504818e-03 
 1.460000e+04  1.384609e+01 -8.891839e-03  8.773976e-03 -5.531437e-03 
 1.465000e+04  1.408466e+01 -8.929803e-03  8.811423e-03 -5.557819e-03 
 1.470000e+04  1.432944e+01 -8.968489e-03  8.849360e-03 -5.584460e-03 
 1.475000e+04  1.458821e+01 -9.009131e-03  8.888918e-03 -5.612319e-03 
 1.480000e+04  1.485123e+01 -9.050230e-03  8.928665e-03 -5.640471e-03 
 1.485000e+04  1.511426e+01 -9.090732e-03  8.967761e-03 -5.668399e-03 
 1.490000e+04  1.537729e+01 -9.130648e-03  9.006433e-03 -5.696071e-03 
 1.495000e+04  1.564031e+01 -9.170125e-03  9.044901e-03 -5.723580e-03 
 1.500000e+04  1.590334e+01 -9.209272e-03  9.083245e-03 -5.750834e-03 
 1.505000e+04  1.616637e+01 -9.248002e-03  9.121342e-03 -5.777679e-03 
 1.510000e+04  1.643965e+01 -9.288025e-03  9.160748e-03 -5.805236e-03 
 1.515000e+04  1.672826e+01 -9.330086e-03  9.202020e-03 -5.834096e-03 
 1.520000e+04  1.701824e+01 -9.371952e-03  9.242774e-03 -5.862798e-03 
 1.525000e+04  1.730823e+01 -9.413313e-03  9.282803e-03 -5.891325e-03 
 1.530000e+04  1.760662e+01 -9.455620e-03  9.323583e-03 -5.920491e-03 
 1.535000e+04  1.791111e+01 -9.498430e-03  9.364741e-03 -5.949992e-03 
 1.540000e+04  1.821560e+01 -9.540670e-03  9.405530e-03 -5.979173e-03 
 1.545000e+04  1.852008e+01 -9.582500e-03  9.446148e-03 -6.008056e-03 
 1.550000e+04  1.882457e+01 -9.624009e-03  9.486682e-03 -6.036628e-03 
 1.555000e+04  1.913210e+01 -9.665563e-03  9.527405e-03 -6.065176e-03 
 1.560000e+04  1.945181e+01 -9.708384e-03  9.569357e-03 -6.094545e-03 
 1.565000e+04  1.978495e+01 -9.752732e-03  9.612519e-03 -6.124863e-03 
 1.570000e+04  2.012064e+01 -9.797043e-03  9.655365e-03 -6.155273e-03 
 1.575000e+04  2.045634e+01 -9.840845e-03  9.697535e-03 -6.185438e-03 
 1.580000e+04  2.079203e+01 -9.884169e-03  9.739206e-03 -6.215362e-03 
 1.585000e+04  2.112773e+01 -9.927143e-03  9.780673e-03 -6.245047e-03 
 1.590000e+04  2.146342e+01 -9.969797e-03  9.821961e-03 -6.274408e-03 
 1.595000e+04  2.179912e+01 -1.001211e-02  9.863124e-03 -6.303413e-03 
 1.600000e+04  2.215867e+01 -1.005703e-02  9.906936e-03 -6.334147e-03 
 1.605000e+04  2.252877e+01 -1.010293e-02  9.951678e-03 -6.365531e-03 
 1.610000e+04  2.289887e+01 -1.014833e-02  9.995845e-03 -6.396724e-03 
 1.615000e+04  2.327897e+01 -1.019453e-02  1.004050e-02 -6.428480e-03 
 1.620000e+04  2.366758e+01 -1.024141e-02  1.008560e-02 -6.460703e-03 
 1.625000e+04  2.405619e+01 -1.028799e-02  1.013030e-02 -6.492660e-03 
 1.630000e+04  2.444480e+01 -1.033408e-02  1.017461e-02 -6.524262e-03 
 1.635000e+04  2.483341e+01 -1.037969e-02  1.021871e-02 -6.555553e-03 
 1.640000e+04  2.522202e+01 -1.042493e-02  1.026268e-02 -6.586587e-03 
 1.645000e+04  2.561840e+01 -1.047063e-02  1.030727e-02 -6.617927e-03 
 1.650000e+04  2.602889e+01 -1.051754e-02  1.035298e-02 -6.650099e-03 
 1.655000e+04  2.645733e+01 -1.056623e-02  1.040016e-02 -6.683416e-03 
 1.660000e+04  2.688577e+01 -1.061458e-02  1.044675e-02 -6.716497e-03 
 1.665000e+04  2.731422e+01 -1.066250e-02  1.049271e-02 -6.749312e-03 
 1.670000e+04  2.775680e+01 -1.071147e-02  1.053966e-02 -6.782923e-03 
 1.675000e+04  2.820666e+01 -1.076092e-02  1.058707e-02 -6.816802e-03 
 1.680000e+04  2.865653e+01 -1.080998e-02  1.063421e-02 -6.850310e-03 
 1.685000e+04  2.910639e+01 -1.085854e-02  1.068108e-02 -6.883435e-03 
 1.690000e+04  2.957155e+01 -1.090828e-02  1.072929e-02 -6.917443e-03 
 1.695000e+04  3.004391e+01 -1.095834e-02  1.077797e-02 -6.951707e-03 
 1.700000e+04  3.051626e+01 -1.100795e-02  1.082605e-02 -6.985706e-03 
 1.705000e+04  3.101224e+01 -1.105969e-02  1.087583e-02 -7.021110e-03 
 1.710000e+04  3.150821e+01 -1.111108e-02  1.092509e-02 -7.056215e-03 
 1.715000e+04  3.200419e+01 -1.116212e-02  1.097382e-02 -7.091008e-03 
 1.720000e+04  3.250016e+01 -1.121266e-02  1.102212e-02 -7.125510e-03 
 1.725000e+04  3.299614e+01 -1.126275e-02  1.107009e-02 -7.159697e-03 
 1.730000e+04  3.349212e+01 -1.131245e-02  1.111783e-02 -7.193625e-03 
 1.735000e+04  3.400099e+01 -1.136290e-02  1.116660e-02 -7.228114e-03 
 1.740000e+04  3.452957e+01 -1.141489e-02  1.121687e-02 -7.263624e-03 
 1.745000e+04  3.508295e+01 -1.146898e-02  1.126911e-02 -7.300500e-03 
 1.750000e+04  3.565710e+01 -1.152467e-02  1.132267e-02 -7.338488e-03 
 1.755000e+04  3.623125e+01 -1.157983e-02  1.137543e-02 -7.376106e-03 
 1.760000e+04  3.680541e+01 -1.163454e-02  1.142761e-02 -7.413404e-03 
 1.765000e+04  3.737956e+01 -1.168885e-02  1.147946e-02 -7.450439e-03 
 1.770000e+04  3.795371e+01 -1.174263e-02  1.153093e-02 -7.487153e-03 
 1.775000e+04  3.852787e+01 -1.179592e-02  1.158210e-02 -7.523472e-03 
 1.780000e+04  3.912843e+01 -1.185121e-02  1.163537e-02 -7.561185e-03 
 1.785000e+04  3.973129e+01 -1.190624e-02  1.168846e-02 -7.598749e-03 
 1.790000e+04  4.034621e+01 -1.196190e-02  1.174212e-02 -7.636693e-03 
 1.795000e+04  4.100137e+01 -1.202075e-02  1.179869e-02 -7.676827e-03 
 1.800000e+04  4.166602e+01 -1.208012e-02  1.185544e-02 -7.717212e-03 
 1.805000e+04  4.233068e+01 -1.213902e-02  1.191147e-02 -7.757194e-03 
 1.810000e+04  4.299533e+01 -1.219740e-02  1.196691e-02 -7.796842e-03 
 1.815000e+04  4.365999e+01 -1.225523e-02  1.202200e-02 -7.836230e-03 
 1.820000e+04  4.432464e+01 -1.231254e-02  1.207680e-02 -7.875244e-03 
 1.825000e+04  4.499395e+01 -1.236969e-02  1.213162e-02 -7.914202e-03 
 1.830000e+04  4.569253e+01 -1.242898e-02  1.218852e-02 -7.954509e-03 
 1.835000e+04  4.642531e+01 -1.249073e-02  1.224766e-02 -7.996413e-03 
 1.840000e+04  4.715809e+01 -1.255194e-02  1.230619e-02 -8.037970e-03 
 1.845000e+04  4.789967e+01 -1.261336e-02  1.236470e-02 -8.079661e-03 
 1.850000e+04  4.866909e+01 -1.267663e-02  1.242484e-02 -8.122613e-03 
 1.855000e+04  4.943851e+01 -1.273941e-02  1.248439e-02 -8.165211e-03 
 1.860000e+04  5.020793e+01 -1.280157e-02  1.254343e-02 -8.207400e-03 
 1.865000e+04  5.097735e+01 -1.286320e-02  1.260211e-02 -8.249211e-03 
 1.870000e+04  5.174677e+01 -1.292429e-02  1.266049e-02 -8.290672e-03 
 1.875000e+04  5.253697e+01 -1.298645e-02  1.272006e-02 -8.332956e-03 
 1.880000e+04  5.336102e+01 -1.305074e-02  1.278164e-02 -8.376666e-03 
 1.885000e+04  5.420930e+01 -1.311650e-02  1.284447e-02 -8.421265e-03 
 1.890000e+04  5.505759e+01 -1.318181e-02  1.290662e-02 -8.465471e-03 
 1.895000e+04  5.592284e+01 -1.324794e-02  1.296924e-02 -8.510153e-03 
 1.900000e+04  5.681354e+01 -1.331546e-02  1.303309e-02 -8.555812e-03 
 1.905000e+04  5.770424e+01 -1.338235e-02  1.309639e-02 -8.601128e-03 
 1.910000e+04  5.859494e+01 -1.344858e-02  1.315923e-02 -8.646054e-03 
 1.915000e+04  5.949277e+01 -1.351477e-02  1.322222e-02 -8.690891e-03 
 1.920000e+04  6.042800e+01 -1.358323e-02  1.328742e-02 -8.737192e-03 
 1.925000e+04  6.139129e+01 -1.365322e-02  1.335410e-02 -8.784483e-03 
 1.930000e+04  6.237329e+01 -1.372391e-02  1.342135e-02 -8.832281e-03 
 1.935000e+04  6.338475e+01 -1.379618e-02  1.348982e-02 -8.881086e-03 
 1.940000e+04  6.441584e+01 -1.386926e-02  1.355890e-02 -8.930478e-03 
 1.945000e+04  6.544694e+01 -1.394173e-02  1.362729e-02 -8.979440e-03 
 1.950000e+04  6.647804e+01 -1.401353e-02  1.369508e-02 -9.027909e-03 
 1.955000e+04  6.750913e+01 -1.408470e-02  1.376245e-02 -9.075962e-03 
 1.960000e+04  6.854023e+01 -1.415529e-02  1.382939e-02 -9.123627e-03 
 1.965000e+04  6.961154e+01 -1.422793e-02  1.389842e-02 -9.172734e-03 
 1.970000e+04  7.071260e+01 -1.430204e-02  1.396884e-02 -9.222775e-03 
 1.975000e+04  7.184938e+01 -1.437800e-02  1.404097e-02 -9.273969e-03 
 1.980000e+04  7.298617e+01 -1.445335e-02  1.411223e-02 -9.324701e-03 
 1.985000e+04  7.416501e+01 -1.453084e-02  1.418531e-02 -9.376884e-03 
 1.990000e+04  7.535864e+01 -1.460864e-02  1.425861e-02 -9.429324e-03 
 1.995000e+04  7.655226e+01 -1.468579e-02  1.433125e-02 -9.481322e-03 
 2.000000e+04  7.774588e+01 -1.476217e-02  1.440336e-02 -9.532836e-03 
 2.005000e+04  7.898845e+01 -1.484111e-02  1.447797e-02 -9.585928e-03 
 2.010000e+04  8.024175e+01 -1.492012e-02  1.455266e-02 -9.639038e-03 
 2.015000e+04  8.151636e+01 -1.499974e-02  1.462795e-02 -9.692556e-03 
 2.020000e+04  8.287576e+01 -1.508398e-02  1.470745e-02 -9.749175e-03 
 2.025000e+04  8.425753e+01 -1.516892e-02  1.478749e-02 -9.806271e-03 
 2.030000e+04  8.563929e+01 -1.525315e-02  1.486659e-02 -9.862832e-03 
 2.035000e+04  8.706113e+01 -1.533911e-02  1.494713e-02 -9.920485e-03 
 2.040000e+04  8.851199e+01 -1.542612e-02  1.502862e-02 -9.978778e-03 
 2.045000e+04  8.996285e+01 -1.551229e-02  1.510946e-02 -1.003650e-02 
 2.050000e+04  9.141371e+01 -1.559760e-02  1.518971e-02 -1.009370e-02 
 2.055000e+04  9.292405e+01 -1.568562e-02  1.527265e-02 -1.015275e-02 
 2.060000e+04  9.451143e+01 -1.577739e-02  1.535905e-02 -1.021429e-02 
 2.065000e+04  9.611100e+01 -1.586901e-02  1.544529e-02 -1.027565e-02 
 2.070000e+04  9.776336e+01 -1.596285e-02  1.553341e-02 -1.033845e-02 
 2.075000e+04  9.944290e+01 -1.605746e-02  1.562201e-02 -1.040172e-02 
 2.080000e+04  1.011225e+02 -1.615113e-02  1.570968e-02 -1.046443e-02 
 2.085000e+04  1.028054e+02 -1.624408e-02  1.579671e-02 -1.052667e-02 
 2.090000e+04  1.045689e+02 -1.634064e-02  1.588720e-02 -1.059125e-02 
 2.095000e+04  1.063324e+02 -1.643647e-02  1.597698e-02 -1.065520e-02 
 2.100000e+04  1.081048e+02 -1.653182e-02  1.606643e-02 -1.071884e-02 
 2.105000e+04  1.099824e+02 -1.663196e-02  1.616027e-02 -1.078565e-02 
 2.110000e+04  1.119267e+02 -1.673475e-02  1.625650e-02 -1.085426e-02 
 2.115000e+04  1.138710e+02 -1.683658e-02  1.635163e-02 -1.092217e-02 
 2.120000e+04  1.158152e+02 -1.693754e-02  1.644576e-02 -1.098942e-02 
 2.125000e+04  1.178451e+02 -1.704206e-02  1.654304e-02 -1.105897e-02 
 2.130000e+04  1.198866e+02 -1.714621e-02  1.664000e-02 -1.112823e-02 
 2.135000e+04  1.219281e+02 -1.724928e-02  1.673604e-02 -1.119680e-02 
 2.140000e+04  1.240349e+02 -1.735470e-02  1.683433e-02 -1.126689e-02 
 2.145000e+04  1.261785e+02 -1.746101e-02  1.693349e-02 -1.133757e-02 
 2.150000e+04  1.283328e+02 -1.756683e-02  1.703220e-02 -1.140790e-02 
 2.155000e+04  1.306173e+02 -1.767807e-02  1.713584e-02 -1.148172e-02 
 2.160000e+04  1.329806e+02 -1.779214e-02  1.724190e-02 -1.155738e-02 
 2.165000e+04  1.353439e+02 -1.790513e-02  1.734679e-02 -1.163231e-02 
 2.170000e+04  1.377072e+02 -1.801701e-02  1.745062e-02 -1.170649e-02 
 2.175000e+04  1.401390e+02 -1.813106e-02  1.755636e-02 -1.178203e-02 
 2.180000e+04  1.426205e+02 -1.824639e-02  1.766337e-02 -1.185836e-02 
 2.185000e+04  1.451019e+02 -1.836055e-02  1.776938e-02 -1.193393e-02 
 2.190000e+04  1.476504e+02 -1.847672e-02  1.787721e-02 -1.201075e-02 
 2.195000e+04  1.503289e+02 -1.859770e-02  1.798947e-02 -1.209075e-02 
 2.200000e+04  1.530647e+02 -1.872014e-02  1.810300e-02 -1.217164e-02 
 2.205000e+04  1.558005e+02 -1.884137e-02  1.821519e-02 -1.225167e-02 
 2.210000e+04  1.586594e+02 -1.896694e-02  1.833117e-02 -1.233448e-02 
 2.215000e+04  1.615320e+02 -1.909190e-02  1.844651e-02 -1.241683e-02 
 2.220000e+04  1.644046e+02 -1.921559e-02  1.856067e-02 -1.249831e-02 
 2.225000e+04  1.674405e+02 -1.934503e-02  1.868017e-02 -1.258351e-02 
 2.230000e+04  1.706075e+02 -1.947884e-02  1.880375e-02 -1.267155e-02 
 2.235000e+04  1.737746e+02 -1.961125e-02  1.892600e-02 -1.275868e-02 
 2.240000e+04  1.770113e+02 -1.974514e-02  1.904949e-02 -1.284669e-02 
 2.245000e+04  1.804564e+02 -1.988630e-02  1.917956e-02 -1.293944e-02 
 2.250000e+04  1.839480e+02 -2.002791e-02  1.930998e-02 -1.303246e-02 
 2.255000e+04  1.874397e+02 -2.016806e-02  1.943887e-02 -1.312439e-02 
 2.260000e+04  1.910361e+02 -2.031093e-02  1.957017e-02 -1.321798e-02 
 2.265000e+04  1.947024e+02 -2.045512e-02  1.970267e-02 -1.331243e-02 
 2.270000e+04  1.983686e+02 -2.059770e-02  1.983378e-02 -1.340581e-02 
 2.275000e+04  2.020898e+02 -2.074089e-02  1.996540e-02 -1.349953e-02 
 2.280000e+04  2.060549e+02 -2.089198e-02  2.010424e-02 -1.359841e-02 
 2.285000e+04  2.100969e+02 -2.104450e-02  2.024422e-02 -1.369815e-02 
 2.290000e+04  2.141389e+02 -2.119536e-02  2.038253e-02 -1.379666e-02 
 2.295000e+04  2.182942e+02 -2.134887e-02  2.052309e-02 -1.389678e-02 
 2.300000e+04  2.225383e+02 -2.150410e-02  2.066505e-02 -1.399794e-02 
 2.305000e+04  2.267824e+02 -2.165757e-02  2.080542e-02 -1.409799e-02 
 2.310000e+04  2.311199e+02 -2.181279e-02  2.094726e-02 -1.419904e-02 
 2.315000e+04  2.357634e+02 -2.197736e-02  2.109763e-02 -1.430614e-02 
 2.320000e+04  2.404426e+02 -2.214144e-02  2.124753e-02 -1.441285e-02 
 2.325000e+04  2.451218e+02 -2.230363e-02  2.139557e-02 -1.451821e-02 
 2.330000e+04  2.501724e+02 -2.247690e-02  2.155350e-02 -1.463065e-02 
 2.335000e+04  2.553312e+02 -2.265207e-02  2.171300e-02 -1.474426e-02 
 2.340000e+04  2.604900e+02 -2.282514e-02  2.187056e-02 -1.485649e-02 
 2.345000e+04  2.657107e+02 -2.299828e-02  2.202803e-02 -1.496864e-02 
 2.350000e+04  2.713115e+02 -2.318204e-02  2.219513e-02 -1.508762e-02 
 2.355000e+04  2.769991e+02 -2.336649e-02  2.236295e-02 -1.520703e-02 
 2.360000e+04  2.826866e+02 -2.354877e-02  2.252868e-02 -1.532488e-02 
 2.365000e+04  2.886187e+02 -2.373676e-02  2.269946e-02 -1.544635e-02 
 2.370000e+04  2.945907e+02 -2.392389e-02  2.286933e-02 -1.556721e-02 
 2.375000e+04  3.005626e+02 -2.410875e-02  2.303707e-02 -1.568653e-02 
 2.380000e+04  3.068985e+02 -2.430268e-02  2.321283e-02 -1.581158e-02 
 2.385000e+04  3.134826e+02 -2.450209e-02  2.339351e-02 -1.594012e-02 
 2.390000e+04  3.200666e+02 -2.469907e-02  2.357199e-02 -1.606700e-02 
 2.395000e+04  3.267099e+02 -2.489536e-02  2.374970e-02 -1.619328e-02 
 2.400000e+04  3.337891e+02 -2.510217e-02  2.393682e-02 -1.632628e-02 
 2.405000e+04  3.410480e+02 -2.531183e-02  2.412647e-02 -1.646109e-02 
 2.410000e+04  3.483069e+02 -2.551886e-02  2.431362e-02 -1.659410e-02 
 2.415000e+04  3.558271e+02 -2.573088e-02  2.450488e-02 -1.673011e-02 
 2.420000e+04  3.634490e+02 -2.594332e-02  2.469636e-02 -1.686633e-02 
 2.425000e+04  3.710708e+02 -2.615311e-02  2.488535e-02 -1.700077e-02 
 2.430000e+04  3.791675e+02 -2.637327e-02  2.508361e-02 -1.714173e-02 
 2.435000e+04  3.875706e+02 -2.659923e-02  2.528700e-02 -1.728634e-02 
 2.440000e+04  3.959737e+02 -2.682237e-02  2.548782e-02 -1.742911e-02 
 2.445000e+04  4.044869e+02 -2.704552e-02  2.568852e-02 -1.757175e-02 
 2.450000e+04  4.137513e+02 -2.728546e-02  2.590424e-02 -1.772506e-02 
 2.455000e+04  4.230157e+02 -2.752248e-02  2.611723e-02 -1.787646e-02 
 2.460000e+04  4.322801e+02 -2.775637e-02  2.632727e-02 -1.802576e-02 
 2.465000e+04  4.419059e+02 -2.799630e-02  2.654251e-02 -1.817882e-02 
 2.470000e+04  4.516335e+02 -2.823586e-02  2.675730e-02 -1.833160e-02 
 2.475000e+04  4.613611e+02 -2.847233e-02  2.696936e-02 -1.848234e-02 
 2.480000e+04  4.717323e+02 -2.872126e-02  2.719250e-02 -1.864090e-02 
 2.485000e+04  4.824570e+02 -2.897570e-02  2.742043e-02 -1.880291e-02 
 2.490000e+04  4.931817e+02 -2.922686e-02  2.764537e-02 -1.896282e-02 
 2.495000e+04  5.039815e+02 -2.947643e-02  2.786874e-02 -1.912157e-02 
 2.500000e+04  5.152424e+02 -2.973339e-02  2.809855e-02 -1.928498e-02 
 2.505000e+04  5.265034e+02 -2.998711e-02  2.832539e-02 -1.944636e-02 
 2.510000e+04  5.379522e+02 -3.024177e-02  2.855298e-02 -1.960825e-02 
 2.515000e+04  5.495263e+02 -3.049612e-02  2.878009e-02 -1.976985e-02 
 2.520000e+04  5.611004e+02 -3.074740e-02  2.900433e-02 -1.992941e-02 
 2.525000e+04  5.726744e+02 -3.099558e-02  2.922580e-02 -2.008695e-02 
 2.530000e+04  5.842485e+02 -3.124074e-02  2.944448e-02 -2.024253e-02 
 2.535000e+04  5.958226e+02 -3.148303e-02  2.966053e-02 -2.039634e-02 
 2.540000e+04  6.073967e+02 -3.172258e-02  2.987413e-02 -2.054842e-02 
 2.545000e+04  6.189707e+02 -3.195942e-02  3.008528e-02 -2.069873e-02 
 2.550000e+04  6.305448e+02 -3.219365e-02  3.029405e-02 -2.084736e-02 
 2.555000e+04  6.421189e+02 -3.242536e-02  3.050057e-02 -2.099441e-02 
 2.560000e+04  6.536930e+02 -3.265462e-02  3.070488e-02 -2.113987e-02 
 2.565000e+04  6.652670e+02 -3.288149e-02  3.090700e-02 -2.128380e-02 
 2.570000e+04  6.768411e+02 -3.310606e-02  3.110704e-02 -2.142631e-02 
 2.575000e+04  6.884152e+02 -3.332841e-02  3.130501e-02 -2.156739e-02 
 2.580000e+04  6.999892e+02 -3.354860e-02  3.150094e-02 -2.170708e-02 
 2.585000e+04  7.115633e+02 -3.376670e-02  3.169492e-02 -2.184542e-02 
 2.590000e+04  7.231374e+02 -3.398276e-02  3.188702e-02 -2.198246e-02 
 2.595000e+04  7.347115e+02 -3.419685e-02  3.207728e-02 -2.211822e-02 
 2.600000e+04  7.462855e+02 -3.440901e-02  3.226572e-02 -2.225273e-02 
 2.605000e+04  7.578596e+02 -3.461928e-02  3.245243e-02 -2.238604e-02 
 2.610000e+04  7.694337e+02 -3.482771e-02  3.263747e-02 -2.251821e-02 
 2.615000e+04  7.810078e+02 -3.503427e-02  3.282083e-02 -2.264925e-02 
 2.620000e+04  7.925818e+02 -3.523905e-02  3.300258e-02 -2.277916e-02 
 2.625000e+04  8.041559e+02 -3.544211e-02  3.318277e-02 -2.290800e-02 
 2.630000e+04  8.157300e+02 -3.564346e-02  3.336148e-02 -2.303578e-02 
 2.635000e+04  8.273041e+02 -3.584314e-02  3.353872e-02 -2.316251e-02 
 2.640000e+04  8.388781e+02 -3.604119e-02  3.371453e-02 -2.328823e-02 
 2.645000e+04  8.504522e+02 -3.623766e-02  3.388889e-02 -2.341299e-02 
 2.650000e+04  8.620263e+02 -3.643258e-02  3.406188e-02 -2.353681e-02 
 2.655000e+04  8.736004e+02 -3.662599e-02  3.423351e-02 -2.365966e-02 
 2.660000e+04  8.851744e+02 -3.681794e-02  3.440381e-02 -2.378160e-02 
 2.665000e+04  8.967485e+02 -3.700844e-02  3.457281e-02 -2.390266e-02 
 2.670000e+04  9.083226e+02 -3.719755e-02  3.474052e-02 -2.402285e-02 
 2.675000e+04  9.198967e+02 -3.738528e-02  3.490701e-02 -2.414217e-02 
 2.680000e+04  9.314707e+02 -3.757170e-02  3.507227e-02 -2.426065e-02 
 2.685000e+04  9.430448e+02 -3.775679e-02  3.523632e-02 -2.437834e-02 
 2.690000e+04  9.546189e+02 -3.794057e-02  3.539922e-02 -2.449526e-02 
 2.695000e+04  9.661930e+02 -3.812312e-02  3.556096e-02 -2.461137e-02 
 2.700000e+04  9.777670e+02 -3.830446e-02  3.572160e-02 -2.472670e-02 
 2.705000e+04  9.893411e+02 -3.848459e-02  3.588115e-02 -2.484129e-02 
 2.710000e+04  1.000915e+03 -3.866349e-02  3.603961e-02 -2.495516e-02 
 2.715000e+04  1.012489e+03 -3.884121e-02  3.619703e-02 -2.506832e-02 
 2.720000e+04  1.024063e+03 -3.901777e-02  3.635345e-02 -2.518080e-02 
 2.725000e+04  1.035637e+03 -3.919322e-02  3.650889e-02 -2.529257e-02 
 2.730000e+04  1.047211e+03 -3.936758e-02  3.666334e-02 -2.540366e-02 
 2.735000e+04  1.058786e+03 -3.954086e-02  3.681684e-02 -2.551410e-02 
 2.740000e+04  1.070360e+03 -3.971307e-02  3.696939e-02 -2.562390e-02 
 2.745000e+04  1.081934e+03 -3.988423e-02  3.712100e-02 -2.573307e-02 
 2.750000e+04  1.093508e+03 -4.005435e-02  3.727171e-02 -2.584162e-02 
 2.755000e+04  1.105082e+03 -4.022351e-02  3.742154e-02 -2.594956e-02 
 2.760000e+04  1.116656e+03 -4.039167e-02  3.757049e-02 -2.605690e-02 
 2.765000e+04  1.128230e+03 -4.055889e-02  3.771856e-02 -2.616365e-02 
 2.770000e+04  1.139804e+03 -4.072514e-02  3.786581e-02 -2.626983e-02 
 2.775000e+04  1.151378e+03 -4.089046e-02  3.801222e-02 -2.637545e-02 
 2.780000e+04  1.162952e+03 -4.105489e-02  3.815783e-02 -2.648052e-02 
 2.785000e+04  1.174526e+03 -4.121844e-02  3.830263e-02 -2.658505e-02 
 2.790000e+04  1.186100e+03 -4.138113e-02  3.844663e-02 -2.668904e-02 
 2.795000e+04  1.197674e+03 -4.154291e-02  3.858985e-02 -2.679253e-02 
 2.800000e+04  1.209249e+03 -4.170384e-02  3.873232e-02 -2.689550e-02 
 2.805000e+04  1.220823e+03 -4.186394e-02  3.887408e-02 -2.699795e-02 
 2.810000e+04  1.232397e+03 -4.202324e-02  3.901511e-02 -2.709990e-02 
 2.815000e+04  1.243971e+03 -4.218171e-02  3.915544e-02 -2.720136e-02 
 2.820000e+04  1.255545e+03 -4.233938e-02  3.929504e-02 -2.730235e-02 
 2.825000e+04  1.267119e+03 -4.249625e-02  3.943396e-02 -2.740290e-02 
 2.830000e+04  1.278693e+03 -4.265234e-02  3.957219e-02 -2.750298e-02 
 2.835000e+04  1.290267e+03 -4.280768e-02  3.970977e-02 -2.760260e-02 
 2.840000e+04  1.301841e+03 -4.296228e-02  3.984669e-02 -2.770176e-02 
 2.845000e+04  1.313415e+03 -4.311617e-02  3.998296e-02 -2.780046e-02 
 2.850000e+04  1.324989e+03 -4.326935e-02  4.011860e-02 -2.789876e-02 
 2.855000e+04  1.336563e+03 -4.342179e-02  4.025361e-02 -2.799665e-02 
 2.860000e+04  1.348137e+03 -4.357351e-02  4.038799e-02 -2.809412e-02 
 2.865000e+04  1.359711e+03 -4.372457e-02  4.052178e-02 -2.819119e-02 
 2.870000e+04  1.371286e+03 -4.387501e-02  4.065497e-02 -2.828784e-02 
 2.875000e+04  1.382860e+03 -4.402476e-02  4.078756e-02 -2.838410e-02 
 2.880000e+04  1.394434e+03 -4.417385e-02  4.091956e-02 -2.847997e-02 
 2.885000e+04  1.406008e+03 -4.432229e-02  4.105100e-02 -2.857546e-02 
 2.890000e+04  1.417582e+03 -4.447012e-02  4.118189e-02 -2.867058e-02 
 2.895000e+04  1.429156e+03 -4.461733e-02  4.131223e-02 -2.876532e-02 
 2.900000e+04  1.440730e+03 -4.476393e-02  4.144202e-02 -2.885969e-02 
 2.905000e+04  1.452304e+03 -4.490990e-02  4.157128e-02 -2.895371e-02 
 2.910000e+04  1.463878e+03 -4.505529e-02  4.170000e-02 -2.904738e-02 
 2.915000e+04  1.475452e+03 -4.520008e-02  4.182822e-02 -2.914071e-02 
 2.920000e+04  1.487026e+03 -4.534431e-02  4.195593e-02 -2.923368e-02 
 2.925000e+04  1.498600e+03 -4.548795e-02  4.208316e-02 -2.932631e-02 
 2.930000e+04  1.510174e+03 -4.563100e-02  4.220988e-02 -2.941860e-02 
 2.935000e+04  1.521749e+03 -4.577349e-02  4.233612e-02 -2.951058e-02 
 2.940000e+04  1.533323e+03 -4.591542e-02  4.246191e-02 -2.960226e-02 
 2.945000e+04  1.544897e+03 -4.605682e-02  4.258723e-02 -2.969360e-02 
 2.950000e+04  1.556471e+03 -4.619769e-02  4.271208e-02 -2.978462e-02 
 2.955000e+04  1.568045e+03 -4.633807e-02  4.283645e-02 -2.987533e-02 
 2.960000e+04  1.579619e+03 -4.647790e-02  4.296036e-02 -2.996575e-02 
 2.965000e+04  1.591193e+03 -4.661725e-02  4.308383e-02 -3.005588e-02 
 2.970000e+04  1.602767e+03 -4.675610e-02  4.320685e-02 -3.014569e-02 
 2.975000e+04  1.614341e+03 -4.689447e-02  4.332944e-02 -3.023522e-02 
 2.980000e+04  1.625915e+03 -4.703235e-02  4.345160e-02 -3.032449e-02 
 2.985000e+04  1.637489e+03 -4.716976e-02  4.357336e-02 -3.041347e-02 
 2.990000e+04  1.649063e+03 -4.730671e-02  4.369471e-02 -3.050217e-02 
 2.995000e+04  1.660637e+03 -4.744320e-02  4.381565e-02 -3.059060e-02 
 3.000000e+04  1.672211e+03 -4.757922e-02  4.393617e-02 -3.067878e-02 
 3.005000e+04  1.683786e+03 -4.771479e-02  4.405629e-02 -3.076668e-02 
 3.010000e+04  1.695360e+03 -4.784992e-02  4.417603e-02 -3.085433e-02 
 3.015000e+04  1.706934e+03 -4.798459e-02  4.429539e-02 -3.094174e-02 
 3.020000e+04  1.718508e+03 -4.811883e-02  4.441438e-02 -3.102889e-02 
 3.025000e+04  1.730082e+03 -4.825267e-02  4.453300e-02 -3.111579e-02 
 3.030000e+04  1.741656e+03 -4.838609e-02  4.465127e-02 -3.120245e-02 
 3.035000e+04  1.753230e+03 -4.851907e-02  4.476918e-02 -3.128887e-02 
 3.040000e+04  1.764804e+03 -4.865165e-02  4.488673e-02 -3.137504e-02 
 3.045000e+04  1.776378e+03 -4.878382e-02  4.500393e-02 -3.146099e-02 
 3.050000e+04  1.787952e+03 -4.891558e-02  4.512078e-02 -3.154671e-02 
 3.055000e+04  1.799526e+03 -4.904697e-02  4.523730e-02 -3.163220e-02 
 3.060000e+04  1.811100e+03 -4.917796e-02  4.535349e-02 -3.171745e-02 
 3.065000e+04  1.822674e+03 -4.930856e-02  4.546934e-02 -3.180248e-02 
 3.070000e+04  1.834249e+03 -4.943880e-02  4.558488e-02 -3.188732e-02 
 3.075000e+04  1.845823e+03 -4.956866e-02  4.570010e-02 -3.197194e-02 
 3.080000e+04  1.857397e+03 -4.969817e-02  4.581502e-02 -3.205633e-02 
 3.085000e+04  1.868971e+03 -4.982733e-02  4.592960e-02 -3.214051e-02 
 3.090000e+04  1.880545e+03 -4.995613e-02  4.604386e-02 -3.222449e-02 
 3.095000e+04  1.892119e+03 -5.008459e-02  4.615782e-02 -3.230827e-02 
 3.100000e+04  1.903693e+03 -5.021269e-02  4.627146e-02 -3.239186e-02 
 3.105000e+04  1.915267e+03 -5.034047e-02  4.638481e-02 -3.247524e-02 
 3.110000e+04  1.926841e+03 -5.046791e-02  4.649787e-02 -3.255843e-02 
 3.115000e+04  1.938415e+03 -5.059502e-02  4.661063e-02 -3.264143e-02 
 3.120000e+04  1.949989e+03 -5.072179e-02  4.672311e-02 -3.272423e-02 
 3.125000e+04  1.961563e+03 -5.084825e-02  4.683531e-02 -3.280686e-02 
 3.130000e+04  1.973137e+03 -5.097440e-02  4.694724e-02 -3.288930e-02 
 3.135000e+04  1.984711e+03 -5.110023e-02  4.705888e-02 -3.297155e-02 
 3.140000e+04  1.996286e+03 -5.122576e-02  4.717026e-02 -3.305363e-02 
 3.145000e+04  2.007860e+03 -5.135096e-02  4.728136e-02 -3.313554e-02 
 3.150000e+04  2.019434e+03 -5.147586e-02  4.739220e-02 -3.321727e-02 
 3.155000e+04  2.031008e+03 -5.160046e-02  4.750278e-02 -3.329883e-02 
 3.160000e+04  2.042582e+03 -5.172479e-02  4.761311e-02 -3.338022e-02 
 3.165000e+04  2.054156e+03 -5.184881e-02  4.772318e-02 -3.346144e-02 
 3.170000e+04  2.065730e+03 -5.197253e-02  4.783300e-02 -3.354248e-02 
 3.175000e+04  2.077304e+03 -5.209597e-02  4.794257e-02 -3.362331e-02 
 3.180000e+04  2.088878e+03 -5.221912e-02  4.805192e-02 -3.370338e-02 
 3.185000e+04  2.100452e+03 -5.234202e-02  4.816026e-02 -3.378336e-02 
 3.190000e+04  2.112026e+03 -5.246455e-02  4.826816e-02 -3.386345e-02 
 3.195000e+04  2.123600e+03 -5.258659e-02  4.837630e-02 -3.394364e-02 
 3.200000e+04  2.135174e+03 -5.270859e-02  4.848461e-02 -3.402343e-02 
 3.205000e+04  2.146749e+03 -5.283042e-02  4.859275e-02 -3.410315e-02 
 3.210000e+04  2.158323e+03 -5.295195e-02  4.870030e-02 -3.418255e-02 
 3.215000e+04  2.169897e+03 -5.307289e-02  4.880777e-02 -3.426174e-02 
 3.220000e+04  2.181471e+03 -5.319285e-02  4.891538e-02 -3.434105e-02 
 3.225000e+04  2.193045e+03 -5.331261e-02  4.902287e-02 -3.442046e-02 
 3.230000e+04  2.204619e+03 -5.343258e-02  4.913017e-02 -3.449958e-02 
 3.235000e+04  2.216193e+03 -5.355263e-02  4.923728e-02 -3.457873e-02 
 3.240000e+04  2.227767e+03 -5.367224e-02  4.934413e-02 -3.465779e-02 
 3.245000e+04  2.239341e+03 -5.379156e-02  4.945065e-02 -3.473667e-02 
 3.250000e+04  2.250915e+03 -5.391073e-02  4.955694e-02 -3.481540e-02 
 3.255000e+04  2.262489e+03 -5.402980e-02  4.966304e-02 -3.489342e-02 
 3.260000e+04  2.274063e+03 -5.414879e-02  4.976890e-02 -3.497137e-02 
 3.265000e+04  2.285637e+03 -5.426729e-02  4.987424e-02 -3.504929e-02 
 3.270000e+04  2.297211e+03 -5.438550e-02  4.997928e-02 -3.512710e-02 
 3.275000e+04  2.308786e+03 -5.450380e-02  5.008394e-02 -3.520508e-02 
 3.280000e+04  2.320360e+03 -5.462223e-02  5.018841e-02 -3.528301e-02 
 3.285000e+04  2.331934e+03 -5.474058e-02  5.029266e-02 -3.536083e-02 
 3.290000e+04  2.343508e+03 -5.485831e-02  5.039670e-02 -3.543848e-02 
 3.295000e+04  2.355082e+03 -5.497572e-02  5.050063e-02 -3.551577e-02 
 3.300000e+04  2.366656e+03 -5.509313e-02  5.060454e-02 -3.559305e-02 
 3.305000e+04  2.378230e+03 -5.521036e-02  5.070818e-02 -3.567018e-02 
 3.310000e+04  2.389804e+03 -5.532690e-02  5.081182e-02 -3.574726e-02 
 3.315000e+04  2.401378e+03 -5.544317e-02  5.091557e-02 -3.582453e-02 
 3.320000e+04  2.412952e+03 -5.555954e-02  5.101930e-02 -3.590180e-02 
 3.325000e+04  2.424526e+03 -5.567580e-02  5.112266e-02 -3.597837e-02 
 3.330000e+04  2.436100e+03 -5.579158e-02  5.122575e-02 -3.605458e-02 
 3.335000e+04  2.447674e+03 -5.590694e-02  5.132884e-02 -3.613106e-02 
 3.340000e+04  2.459249e+03 -5.602170e-02  5.143163e-02 -3.620743e-02 
 3.345000e+04  2.470823e+03 -5.613654e-02  5.153431e-02 -3.628326e-02 
 3.350000e+04  2.482397e+03 -5.625153e-02  5.163639e-02 -3.635914e-02 
 3.355000e+04  2.493971e+03 -5.636615e-02  5.173841e-02 -3.643520e-02 
 3.360000e+04  2.505545e+03 -5.647995e-02  5.184045e-02 -3.651133e-02 
 3.365000e+04  2.517119e+03 -5.659402e-02  5.194234e-02 -3.658751e-02 
 3.370000e+04  2.528693e+03 -5.670851e-02  5.204417e-02 -3.666353e-02 
 3.375000e+04  2.540267e+03 -5.682294e-02  5.214566e-02 -3.673928e-02 
 3.380000e+04  2.551841e+03 -5.693725e-02  5.224699e-02 -3.681483e-02 
 3.385000e+04  2.563415e+03 -5.705126e-02  5.234818e-02 -3.688998e-02 
 3.390000e+04  2.574989e+03 -5.716533e-02  5.244921e-02 -3.696515e-02 
 3.395000e+04  2.586563e+03 -5.727927e-02  5.254954e-02 -3.704022e-02 
 3.400000e+04  2.598137e+03 -5.739243e-02  5.264956e-02 -3.711525e-02 
 3.405000e+04  2.609711e+03 -5.750559e-02  5.274971e-02 -3.719044e-02 
 3.410000e+04  2.621286e+03 -5.761891e-02  5.285003e-02 -3.726576e-02 
 3.415000e+04  2.632860e+03 -5.773213e-02  5.295029e-02 -3.734042e-02 
 3.420000e+04  2.644434e+03 -5.784471e-02  5.305028e-02 -3.741486e-02 
 3.425000e+04  2.656008e+03 -5.795681e-02  5.315035e-02 -3.748953e-02 
 3.430000e+04  2.667582e+03 -5.806910e-02  5.325044e-02 -3.756439e-02 
 3.435000e+04  2.679156e+03 -5.818132e-02  5.335039e-02 -3.763921e-02 
 3.440000e+04  2.690730e+03 -5.829338e-02  5.345013e-02 -3.771351e-02 
 3.445000e+04  2.702304e+03 -5.840541e-02  5.354972e-02 -3.778745e-02 
 3.450000e+04  2.713878e+03 -5.851631e-02  5.364918e-02 -3.786127e-02 
 3.455000e+04  2.725452e+03 -5.862679e-02  5.374826e-02 -3.793522e-02 
 3.460000e+04  2.737026e+03 -5.873762e-02  5.384724e-02 -3.800936e-02 
 3.465000e+04  2.748600e+03 -5.884853e-02  5.394618e-02 -3.808340e-02 
 3.470000e+04  2.760174e+03 -5.895944e-02  5.404509e-02 -3.815716e-02 
 3.475000e+04  2.771749e+03 -5.907044e-02  5.414387e-02 -3.823102e-02 
 3.480000e+04  2.783323e+03 -5.918134e-02  5.424230e-02 -3.830471e-02 
 3.485000e+04  2.794897e+03 -5.929220e-02  5.434056e-02 -3.837795e-02 
 3.490000e+04  2.806471e+03 -5.940320e-02  5.443870e-02 -3.845103e-02 
 3.495000e+04  2.818045e+03 -5.951381e-02  5.453665e-02 -3.852432e-02 
 3.500000e+04  2.829619e+03 -5.962375e-02  5.463451e-02 -3.859763e-02 
 3.505000e+04  2.841193e+03 -5.973341e-02  5.473222e-02 -3.867098e-02 
 3.510000e+04  2.852767e+03 -5.984285e-02  5.482978e-02 -3.874385e-02 
 3.515000e+04  2.864341e+03 -5.995263e-02  5.492715e-02 -3.881616e-02 
 3.520000e+04  2.875915e+03 -6.006238e-02  5.502382e-02 -3.888876e-02 
 3.525000e+04  2.887489e+03 -6.017119e-02  5.512022e-02 -3.896151e-02 
 3.530000e+04  2.899063e+03 -6.027959e-02  5.521707e-02 -3.903424e-02 
 3.535000e+04  2.910637e+03 -6.038797e-02  5.531428e-02 -3.910694e-02 
 3.540000e+04  2.922211e+03 -6.049683e-02  5.541173e-02 -3.917982e-02 
 3.545000e+04  2.933786e+03 -6.060578e-02  5.550927e-02 -3.925266e-02 
 3.550000e+04  2.945360e+03 -6.071478e-02  5.560658e-02 -3.932524e-02 
 3.555000e+04  2.956934e+03 -6.082298e-02  5.570378e-02 -3.939759e-02 
 3.560000e+04  2.968508e+03 -6.093025e-02  5.580066e-02 -3.946967e-02 
 3.565000e+04  2.980082e+03 -6.103731e-02  5.589718e-02 -3.954165e-02 
 3.570000e+04  2.991656e+03 -6.114475e-02  5.599349e-02 -3.961330e-02 
 3.575000e+04  3.003230e+03 -6.125236e-02  5.608973e-02 -3.968505e-02 
 3.580000e+04  3.014804e+03 -6.135907e-02  5.618610e-02 -3.975668e-02 
 3.585000e+04  3.026378e+03 -6.146579e-02  5.628257e-02 -3.982865e-02 
 3.590000e+04  3.037952e+03 -6.157308e-02  5.637892e-02 -3.990082e-02 
 3.595000e+04  3.049526e+03 -6.168071e-02  5.647484e-02 -3.997265e-02 
 3.600000e+04  3.061100e+03 -6.178853e-02  5.657057e-02 -4.004417e-02 
 3.605000e+04  3.072674e+03 -6.189644e-02  5.666631e-02 -4.011584e-02 
 3.610000e+04  3.084249e+03 -6.200419e-02  5.676183e-02 -4.018749e-02 
 3.615000e+04  3.095823e+03 -6.211190e-02  5.685693e-02 -4.025870e-02 
 3.620000e+04  3.107397e+03 -6.221944e-02  5.695192e-02 -4.032969e-02 
 3.625000e+04  3.118971e+03 -6.232572e-02  5.704690e-02 -4.040083e-02 
 3.630000e+04  3.130545e+03 -6.243165e-02  5.714168e-02 -4.047212e-02 
 3.635000e+04  3.142119e+03 -6.253786e-02  5.723628e-02 -4.054346e-02 
 3.640000e+04  3.153693e+03 -6.264433e-02  5.733083e-02 -4.061419e-02 
 3.645000e+04  3.165267e+03 -6.275067e-02  5.742552e-02 -4.068479e-02 
 3.650000e+04  3.176841e+03 -6.285709e-02  5.752040e-02 -4.075575e-02 
 3.655000e+04  3.188415e+03 -6.296345e-02  5.761526e-02 -4.082671e-02 
 3.660000e+04  3.199989e+03 -6.306956e-02  5.771008e-02 -4.089733e-02 
 3.665000e+04  3.211563e+03 -6.317582e-02  5.780501e-02 -4.096810e-02 
 3.670000e+04  3.223137e+03 -6.328139e-02  5.789933e-02 -4.103913e-02 
 3.675000e+04  3.234711e+03 -6.338611e-02  5.799357e-02 -4.111004e-02 
 3.680000e+04  3.246286e+03 -6.349076e-02  5.808780e-02 -4.118078e-02 
 3.685000e+04  3.257860e+03 -6.359561e-02  5.818213e-02 -4.125097e-02 
 3.690000e+04  3.269434e+03 -6.370018e-02  5.827654e-02 -4.132036e-02 
 3.695000e+04  3.281008e+03 -6.380433e-02  5.837094e-02 -4.139016e-02 
 3.700000e+04  3.292582e+03 -6.390907e-02  5.846528e-02 -4.146042e-02 
 3.705000e+04  3.304156e+03 -6.401422e-02  5.855929e-02 -4.153089e-02 
 3.710000e+04  3.315730e+03 -6.411954e-02  5.865284e-02 -4.160090e-02 
 3.715000e+04  3.327304e+03 -6.422478e-02  5.874632e-02 -4.167108e-02 
 3.720000e+04  3.338878e+03 -6.432966e-02  5.883997e-02 -4.174142e-02 
 3.725000e+04  3.350452e+03 -6.443419e-02  5.893346e-02 -4.181155e-02 
 3.730000e+04  3.362026e+03 -6.453890e-02  5.902669e-02 -4.188142e-02 
 3.735000e+04  3.373600e+03 -6.464371e-02  5.911992e-02 -4.195121e-02 
 3.740000e+04  3.385174e+03 -6.474857e-02  5.921307e-02 -4.202104e-02 
 3.745000e+04  3.396749e+03 -6.485347e-02  5.930610e-02 -4.209099e-02 
 3.750000e+04  3.408323e+03 -6.495853e-02  5.939878e-02 -4.216093e-02 
 3.755000e+04  3.419897e+03 -6.506337e-02  5.949122e-02 -4.223079e-02 
 3.760000e+04  3.431471e+03 -6.516806e-02  5.958306e-02 -4.230030e-02 
 3.765000e+04  3.443045e+03 -6.527193e-02  5.967499e-02 -4.236988e-02 
 3.770000e+04  3.454619e+03 -6.537574e-02  5.976736e-02 -4.243952e-02 
 3.775000e+04  3.466193e+03 -6.547964e-02  5.986016e-02 -4.250892e-02 
 3.780000e+04  3.477767e+03 -6.558280e-02  5.995310e-02 -4.257812e-02 
 3.785000e+04  3.489341e+03 -6.568594e-02  6.004575e-02 -4.264731e-02 
 3.790000e+04  3.500915e+03 -6.578949e-02  6.013851e-02 -4.271662e-02 
 3.795000e+04  3.512489e+03 -6.589313e-02  6.023121e-02 -4.278552e-02 
 3.800000e+04  3.524063e+03 -6.599668e-02  6.032369e-02 -4.285434e-02 
 3.805000e+04  3.535637e+03 -6.609973e-02  6.041634e-02 -4.292314e-02 
 3.810000e+04  3.547211e+03 -6.620241e-02  6.050896e-02 -4.299205e-02 
 3.815000e+04  3.558786e+03 -6.630510e-02  6.060127e-02 -4.306099e-02 
 3.820000e+04  3.570360e+03 -6.640707e-02  6.069326e-02 -4.312994e-02 
 3.825000e+04  3.581934e+03 -6.650838e-02  6.078424e-02 -4.319854e-02 
 3.830000e+04  3.593508e+03 -6.661045e-02  6.087537e-02 -4.326676e-02 
 3.835000e+04  3.605082e+03 -6.671258e-02  6.096599e-02 -4.333494e-02 
 3.840000e+04  3.616656e+03 -6.681492e-02  6.105624e-02 -4.340305e-02 
 3.845000e+04  3.628230e+03 -6.691778e-02  6.114669e-02 -4.347110e-02 
 3.850000e+04  3.639804e+03 -6.702096e-02  6.123750e-02 -4.353918e-02 
 3.855000e+04  3.651378e+03 -6.712380e-02  6.132827e-02 -4.360751e-02 
 3.860000e+04  3.662952e+03 -6.722617e-02  6.141874e-02 -4.367599e-02 
 3.865000e+04  3.674526e+03 -6.732796e-02  6.150972e-02 -4.374448e-02 
 3.870000e+04  3.686100e+03 -6.742994e-02  6.160086e-02 -4.381311e-02 
 3.875000e+04  3.697674e+03 -6.753160e-02  6.169212e-02 -4.388130e-02 
 3.880000e+04  3.709249e+03 -6.763269e-02  6.178337e-02 -4.394944e-02 
 3.885000e+04  3.720823e+03 -6.773435e-02  6.187491e-02 -4.401770e-02 
 3.890000e+04  3.732397e+03 -6.783592e-02  6.196640e-02 -4.408580e-02 
 3.895000e+04  3.743971e+03 -6.793675e-02  6.205769e-02 -4.415343e-02 
 3.900000e+04  3.755545e+03 -6.803737e-02  6.214894e-02 -4.422129e-02 
 3.905000e+04  3.767119e+03 -6.813802e-02  6.224051e-02 -4.428951e-02 
 3.910000e+04  3.778693e+03 -6.823881e-02  6.233170e-02 -4.435777e-02 
 3.915000e+04  3.790267e+03 -6.833946e-02  6.242259e-02 -4.442599e-02 
 3.920000e+04  3.801841e+03 -6.844029e-02  6.251361e-02 -4.449413e-02 
 3.925000e+04  3.813415e+03 -6.854111e-02  6.260463e-02 -4.456166e-02 
 3.930000e+04  3.824989e+03 -6.864195e-02  6.269545e-02 -4.462920e-02 
 3.935000e+04  3.836563e+03 -6.874304e-02  6.278605e-02 -4.469688e-02 
 3.940000e+04  3.848137e+03 -6.884439e-02  6.287625e-02 -4.476459e-02 
 3.945000e+04  3.859711e+03 -6.894539e-02  6.296607e-02 -4.483222e-02 
 3.950000e+04  3.871286e+03 -6.904586e-02  6.305557e-02 -4.489983e-02 
 3.955000e+04  3.882860e+03 -6.914649e-02  6.314515e-02 -4.496766e-02 
 3.960000e+04  3.894434e+03 -6.924724e-02  6.323483e-02 -4.503518e-02 
 3.965000e+04  3.906008e+03 -6.934802e-02  6.332435e-02 -4.510213e-02 
 3.970000e+04  3.917582e+03 -6.944840e-02  6.341363e-02 -4.516943e-02 
 3.975000e+04  3.929156e+03 -6.954864e-02  6.350334e-02 -4.523673e-02 
 3.980000e+04  3.940730e+03 -6.964885e-02  6.359331e-02 -4.530408e-02 
 3.985000e+04  3.952304e+03 -6.974906e-02  6.368343e-02 -4.537150e-02 
 3.990000e+04  3.963878e+03 -6.984922e-02  6.377376e-02 -4.543902e-02 
 3.995000e+04  3.975452e+03 -6.994940e-02  6.386394e-02 -4.550656e-02 
 4.000000e+04  3.987026e+03 -7.004893e-02  6.395399e-02 -4.557402e-02 
 4.005000e+04  3.998600e+03 -7.014764e-02  6.404395e-02 -4.564096e-02 
 4.010000e+04  4.010174e+03 -7.024658e-02  6.413395e-02 -4.570774e-02 
 4.015000e+04  4.021749e+03 -7.034581e-02  6.422333e-02 -4.577457e-02 
 4.020000e+04  4.033323e+03 -7.044501e-02  6.431175e-02 -4.584107e-02 
 4.025000e+04  4.044897e+03 -7.054402e-02  6.440038e-02 -4.590764e-02 
 4.030000e+04  4.056471e+03 -7.064324e-02  6.448963e-02 -4.597420e-02 
 4.035000e+04  4.068045e+03 -7.074200e-02  6.457828e-02 -4.604062e-02 
 4.040000e+04  4.079619e+03 -7.084110e-02  6.466596e-02 -4.610667e-02 
 4.045000e+04  4.091193e+03 -7.094092e-02  6.475349e-02 -4.617317e-02 
 4.050000e+04  4.102767e+03 -7.104107e-02  6.484161e-02 -4.623984e-02 
 4.055000e+04  4.114341e+03 -7.114064e-02  6.492986e-02 -4.630662e-02 
 4.060000e+04  4.125915e+03 -7.124017e-02  6.501801e-02 -4.637316e-02 
 4.065000e+04  4.137489e+03 -7.133969e-02  6.510633e-02 -4.643973e-02 
 4.070000e+04  4.149063e+03 -7.143933e-02  6.519467e-02 -4.650633e-02 
 4.075000e+04  4.160637e+03 -7.153892e-02  6.528298e-02 -4.657280e-02 
 4.080000e+04  4.172211e+03 -7.163816e-02  6.537159e-02 -4.663922e-02 
 4.085000e+04  4.183786e+03 -7.173714e-02  6.546051e-02 -4.670571e-02 
 4.090000e+04  4.195360e+03 -7.183566e-02  6.554952e-02 -4.677225e-02 
 4.095000e+04  4.206934e+03 -7.193343e-02  6.563818e-02 -4.683874e-02 
 4.100000e+04  4.218508e+03 -7.203104e-02  6.572680e-02 -4.690530e-02 
 4.105000e+04  4.230082e+03 -7.212866e-02  6.581528e-02 -4.697143e-02 
 4.110000e+04  4.241656e+03 -7.222594e-02  6.590408e-02 -4.703724e-02 
 4.115000e+04  4.253230e+03 -7.232359e-02  6.599307e-02 -4.710323e-02 
 4.120000e+04  4.264804e+03 -7.242154e-02  6.608223e-02 -4.716952e-02 
 4.125000e+04  4.276378e+03 -7.251964e-02  6.617111e-02 -4.723570e-02 
 4.130000e+04  4.287952e+03 -7.261746e-02  6.625965e-02 -4.730191e-02 
 4.135000e+04  4.299526e+03 -7.271540e-02  6.634821e-02 -4.736815e-02 
 4.140000e+04  4.311100e+03 -7.281346e-02  6.643605e-02 -4.743422e-02 
 4.145000e+04  4.322674e+03 -7.291165e-02  6.652332e-02 -4.750023e-02 
 4.150000e+04  4.334249e+03 -7.300941e-02  6.661040e-02 -4.756601e-02 
 4.155000e+04  4.345823e+03 -7.310675e-02  6.669644e-02 -4.763131e-02 
 4.160000e+04  4.357397e+03 -7.320468e-02  6.678222e-02 -4.769680e-02 
 4.165000e+04  4.368971e+03 -7.330304e-02  6.686834e-02 -4.776236e-02 
 4.170000e+04  4.380545e+03 -7.340153e-02  6.695465e-02 -4.782743e-02 
 4.175000e+04  4.392119e+03 -7.350009e-02  6.704140e-02 -4.789210e-02 
 4.180000e+04  4.403693e+03 -7.359863e-02  6.712781e-02 -4.795756e-02 
 4.185000e+04  4.415267e+03 -7.369673e-02  6.721514e-02 -4.802353e-02 
 4.190000e+04  4.426841e+03 -7.379369e-02  6.730250e-02 -4.808969e-02 
 4.195000e+04  4.438415e+03 -7.389072e-02  6.739009e-02 -4.815542e-02 
 4.200000e+04  4.449989e+03 -7.398778e-02  6.747793e-02 -4.822115e-02 
 4.205000e+04  4.461563e+03 -7.408486e-02  6.756593e-02 -4.828680e-02 
 4.210000e+04  4.473137e+03 -7.418151e-02  6.765382e-02 -4.835222e-02 
 4.215000e+04  4.484711e+03 -7.427800e-02  6.774187e-02 -4.841761e-02 
 4.220000e+04  4.496286e+03 -7.437415e-02  6.782997e-02 -4.848299e-02 
 4.225000e+04  4.507860e+03 -7.446984e-02  6.791793e-02 -4.854826e-02 
 4.230000e+04  4.519434e+03 -7.456511e-02  6.800575e-02 -4.861359e-02 
 4.235000e+04  4.531008e+03 -7.466051e-02  6.809344e-02 -4.867903e-02 
 4.240000e+04  4.542582e+03 -7.475660e-02  6.818092e-02 -4.874431e-02 
 4.245000e+04  4.554156e+03 -7.485310e-02  6.826820e-02 -4.880939e-02 
 4.250000e+04  4.565730e+03 -7.494989e-02  6.835542e-02 -4.887436e-02 
 4.255000e+04  4.577304e+03 -7.504693e-02  6.844227e-02 -4.893948e-02 
 4.260000e+04  4.588878e+03 -7.514391e-02  6.852636e-02 -4.900460e-02 
 4.265000e+04  4.600452e+03 -7.524120e-02  6.861066e-02 -4.906962e-02 
 4.270000e+04  4.612026e+03 -7.533865e-02  6.869534e-02 -4.913472e-02 
 4.275000e+04  4.623600e+03 -7.543609e-02  6.878063e-02 -4.919977e-02 
 4.280000e+04  4.635174e+03 -7.553362e-02  6.886622e-02 -4.926463e-02 
 4.285000e+04  4.646749e+03 -7.563153e-02  6.895196e-02 -4.932954e-02 
 4.290000e+04  4.658323e+03 -7.572932e-02  6.903767e-02 -4.939449e-02 
 4.295000e+04  4.669897e+03 -7.582651e-02  6.912351e-02 -4.945941e-02 
 4.300000e+04  4.681471e+03 -7.592336e-02  6.920970e-02 -4.952444e-02 
 4.305000e+04  4.693045e+03 -7.601993e-02  6.929601e-02 -4.958966e-02 
 4.310000e+04  4.704619e+03 -7.611605e-02  6.938241e-02 -4.965487e-02 
 4.315000e+04  4.716193e+03 -7.621183e-02  6.946856e-02 -4.972003e-02 
 4.320000e+04  4.727767e+03 -7.630700e-02  6.955465e-02 -4.978505e-02 
 4.325000e+04  4.739341e+03 -7.640125e-02  6.964133e-02 -4.984971e-02 
 4.330000e+04  4.750915e+03 -7.649487e-02  6.972842e-02 -4.991422e-02 
 4.335000e+04  4.762489e+03 -7.658867e-02  6.981546e-02 -4.997883e-02 
 4.340000e+04  4.774063e+03 -7.668281e-02  6.990214e-02 -5.004346e-02 
 4.345000e+04  4.785637e+03 -7.677767e-02  6.998877e-02 -5.010805e-02 
 4.350000e+04  4.797211e+03 -7.687300e-02  7.007516e-02 -5.017259e-02 
 4.355000e+04  4.808786e+03 -7.696822e-02  7.016150e-02 -5.023717e-02 
 4.360000e+04  4.820360e+03 -7.706362e-02  7.024743e-02 -5.030153e-02 
 4.365000e+04  4.831934e+03 -7.715915e-02  7.033293e-02 -5.036594e-02 
 4.370000e+04  4.843508e+03 -7.725417e-02  7.041824e-02 -5.043059e-02 
 4.375000e+04  4.855082e+03 -7.734904e-02  7.050324e-02 -5.049518e-02 
 4.380000e+04  4.866656e+03 -7.744474e-02  7.058814e-02 -5.055969e-02 
 4.385000e+04  4.878230e+03 -7.754109e-02  7.067285e-02 -5.062414e-02 
 4.390000e+04  4.889804e+03 -7.763784e-02  7.075746e-02 -5.068854e-02 
 4.395000e+04  4.901378e+03 -7.773449e-02  7.084201e-02 -5.075289e-02 
 4.400000e+04  4.912952e+03 -7.783096e-02  7.092671e-02 -5.081718e-02 
 4.405000e+04  4.924526e+03 -7.792724e-02  7.101133e-02 -5.088154e-02 
 4.410000e+04  4.936100e+03 -7.802323e-02  7.109603e-02 -5.094593e-02 
 4.415000e+04  4.947674e+03 -7.811878e-02  7.118096e-02 -5.101035e-02 
 4.420000e+04  4.959249e+03 -7.821360e-02  7.126622e-02 -5.107489e-02 
 4.425000e+04  4.970823e+03 -7.830779e-02  7.135192e-02 -5.113932e-02 
 4.430000e+04  4.982397e+03 -7.840199e-02  7.143794e-02 -5.120357e-02 
 4.435000e+04  4.993971e+03 -7.849630e-02  7.152418e-02 -5.126782e-02 
 4.440000e+04  5.005545e+03 -7.859068e-02  7.161061e-02 -5.133203e-02 
 4.445000e+04  5.017119e+03 -7.868501e-02  7.169681e-02 -5.139620e-02 
 4.450000e+04  5.028693e+03 -7.877910e-02  7.178264e-02 -5.146035e-02 
 4.455000e+04  5.040267e+03 -7.887250e-02  7.186766e-02 -5.152449e-02 
 4.460000e+04  5.051841e+03 -7.896600e-02  7.195252e-02 -5.158840e-02 
 4.465000e+04  5.063415e+03 -7.905976e-02  7.203756e-02 -5.165221e-02 
 4.470000e+04  5.074989e+03 -7.915370e-02  7.212285e-02 -5.171600e-02 
 4.475000e+04  5.086563e+03 -7.924769e-02  7.220834e-02 -5.177994e-02 
 4.480000e+04  5.098137e+03 -7.934222e-02  7.229375e-02 -5.184398e-02 
 4.485000e+04  5.109711e+03 -7.943733e-02  7.237865e-02 -5.190807e-02 
 4.490000e+04  5.121286e+03 -7.953290e-02  7.246277e-02 -5.197206e-02 
 4.495000e+04  5.132860e+03 -7.962847e-02  7.254610e-02 -5.203602e-02 
 4.500000e+04  5.144434e+03 -7.972388e-02  7.262942e-02 -5.209993e-02 
 4.505000e+04  5.156008e+03 -7.981912e-02  7.271260e-02 -5.216371e-02 
 4.510000e+04  5.167582e+03 -7.991426e-02  7.279612e-02 -5.222727e-02 
 4.515000e+04  5.179156e+03 -8.000945e-02  7.288011e-02 -5.229098e-02 
 4.520000e+04  5.190730e+03 -8.010474e-02  7.296452e-02 -5.235479e-02 
 4.525000e+04  5.202304e+03 -8.019952e-02  7.304876e-02 -5.241856e-02 
 4.530000e+04  5.213878e+03 -8.029403e-02  7.313326e-02 -5.248230e-02 
 4.535000e+04  5.225452e+03 -8.038818e-02  7.321797e-02 -5.254623e-02 
 4.540000e+04  5.237026e+03 -8.048205e-02  7.330283e-02 -5.261012e-02 
 4.545000e+04  5.248600e+03 -8.057505e-02  7.338769e-02 -5.267399e-02 
 4.550000e+04  5.260174e+03 -8.066765e-02  7.347271e-02 -5.273788e-02 
 4.555000e+04  5.271749e+03 -8.076046e-02  7.355788e-02 -5.280148e-02 
 4.560000e+04  5.283323e+03 -8.085317e-02  7.364318e-02 -5.286477e-02 
