         Step [creep.tim... Z Displace... Z Displace... X Displace... 
------------- ------------- ------------- ------------- ------------- 
 5.250000e+03  1.276223e-07 -4.629353e-03  4.524540e-03 -2.433365e-03 
 5.300000e+03  3.886505e-06 -4.629534e-03  4.524620e-03 -2.433545e-03 
 5.350000e+03  3.396559e-05 -4.630203e-03  4.524705e-03 -2.433925e-03 
 5.400000e+03  2.310123e-04 -4.630324e-03  4.524796e-03 -2.433958e-03 
 5.450000e+03  1.020771e-03 -4.630772e-03  4.525439e-03 -2.434637e-03 
 5.500000e+03  2.665191e-03 -4.632877e-03  4.527378e-03 -2.436603e-03 
 5.550000e+03  5.838322e-03 -4.637644e-03  4.532030e-03 -2.440915e-03 
 5.600000e+03  9.259310e-03 -4.643291e-03  4.538265e-03 -2.445623e-03 
 5.650000e+03  1.309022e-02 -4.650536e-03  4.546784e-03 -2.451412e-03 
 5.700000e+03  1.823556e-02 -4.661158e-03  4.559359e-03 -2.459172e-03 
 5.750000e+03  2.380799e-02 -4.671598e-03  4.571321e-03 -2.466416e-03 
 5.800000e+03  2.938042e-02 -4.680402e-03  4.580566e-03 -2.472562e-03 
 5.850000e+03  3.495284e-02 -4.688695e-03  4.589172e-03 -2.478958e-03 
 5.900000e+03  4.052527e-02 -4.697421e-03  4.598358e-03 -2.485979e-03 
 5.950000e+03  4.609770e-02 -4.706699e-03  4.608218e-03 -2.493820e-03 
 6.000000e+03  5.181868e-02 -4.716797e-03  4.618578e-03 -2.502571e-03 
 6.050000e+03  5.892284e-02 -4.730133e-03  4.631349e-03 -2.513089e-03 
 6.100000e+03  6.639043e-02 -4.743395e-03  4.643848e-03 -2.522267e-03 
 6.150000e+03  7.385802e-02 -4.755459e-03  4.655110e-03 -2.529789e-03 
 6.200000e+03  8.132560e-02 -4.767134e-03  4.666296e-03 -2.537139e-03 
 6.250000e+03  8.879319e-02 -4.779177e-03  4.678355e-03 -2.545280e-03 
 6.300000e+03  9.626078e-02 -4.791754e-03  4.691249e-03 -2.554474e-03 
 6.350000e+03  1.040377e-01 -4.804682e-03  4.704746e-03 -2.564990e-03 
 6.400000e+03  1.137445e-01 -4.819953e-03  4.720379e-03 -2.578029e-03 
 6.450000e+03  1.242521e-01 -4.835254e-03  4.735628e-03 -2.590539e-03 
 6.500000e+03  1.347598e-01 -4.849767e-03  4.749906e-03 -2.601232e-03 
 6.550000e+03  1.452674e-01 -4.864471e-03  4.764360e-03 -2.611262e-03 
 6.600000e+03  1.557751e-01 -4.879839e-03  4.779905e-03 -2.621650e-03 
 6.650000e+03  1.662827e-01 -4.895749e-03  4.796716e-03 -2.632930e-03 
 6.700000e+03  1.767904e-01 -4.911510e-03  4.814240e-03 -2.644827e-03 
 6.750000e+03  1.878251e-01 -4.926932e-03  4.831368e-03 -2.657199e-03 
 6.800000e+03  2.003296e-01 -4.943136e-03  4.848373e-03 -2.670283e-03 
 6.850000e+03  2.131017e-01 -4.959077e-03  4.864494e-03 -2.682870e-03 
 6.900000e+03  2.258738e-01 -4.974860e-03  4.880392e-03 -2.694980e-03 
 6.950000e+03  2.386459e-01 -4.990989e-03  4.897056e-03 -2.707112e-03 
 7.000000e+03  2.514180e-01 -5.008064e-03  4.914626e-03 -2.719534e-03 
 7.050000e+03  2.641901e-01 -5.026101e-03  4.932659e-03 -2.731959e-03 
 7.100000e+03  2.778186e-01 -5.044876e-03  4.950850e-03 -2.744681e-03 
 7.150000e+03  2.923927e-01 -5.062986e-03  4.968797e-03 -2.757514e-03 
 7.200000e+03  3.071780e-01 -5.080044e-03  4.986398e-03 -2.770473e-03 
 7.250000e+03  3.219633e-01 -5.096697e-03  5.003745e-03 -2.783574e-03 
 7.300000e+03  3.367486e-01 -5.113639e-03  5.021076e-03 -2.796758e-03 
 7.350000e+03  3.524945e-01 -5.132418e-03  5.039821e-03 -2.810900e-03 
 7.400000e+03  3.704148e-01 -5.154494e-03  5.061421e-03 -2.826677e-03 
 7.450000e+03  3.883864e-01 -5.175920e-03  5.082149e-03 -2.841465e-03 
 7.500000e+03  4.070230e-01 -5.196508e-03  5.102587e-03 -2.855798e-03 
 7.550000e+03  4.258932e-01 -5.216867e-03  5.122973e-03 -2.870227e-03 
 7.600000e+03  4.447635e-01 -5.237033e-03  5.143504e-03 -2.884899e-03 
 7.650000e+03  4.636337e-01 -5.256723e-03  5.164101e-03 -2.899828e-03 
 7.700000e+03  4.831549e-01 -5.276949e-03  5.185456e-03 -2.915510e-03 
 7.750000e+03  5.049372e-01 -5.299304e-03  5.208995e-03 -2.932847e-03 
 7.800000e+03  5.267818e-01 -5.321111e-03  5.231205e-03 -2.949139e-03 
 7.850000e+03  5.486264e-01 -5.342441e-03  5.252370e-03 -2.964355e-03 
 7.900000e+03  5.704711e-01 -5.363851e-03  5.273553e-03 -2.979298e-03 
 7.950000e+03  5.923157e-01 -5.385398e-03  5.295037e-03 -2.994276e-03 
 8.000000e+03  6.141603e-01 -5.406604e-03  5.316512e-03 -3.009332e-03 
 8.050000e+03  6.365774e-01 -5.428008e-03  5.338127e-03 -3.024998e-03 
 8.100000e+03  6.618653e-01 -5.451457e-03  5.361914e-03 -3.042680e-03 
 8.150000e+03  6.871532e-01 -5.473702e-03  5.384758e-03 -3.059723e-03 
 8.200000e+03  7.124411e-01 -5.495417e-03  5.406954e-03 -3.075883e-03 
 8.250000e+03  7.377290e-01 -5.517424e-03  5.429207e-03 -3.091709e-03 
 8.300000e+03  7.630169e-01 -5.539990e-03  5.451537e-03 -3.107408e-03 
 8.350000e+03  7.883048e-01 -5.562691e-03  5.473610e-03 -3.122957e-03 
 8.400000e+03  8.153944e-01 -5.586445e-03  5.496759e-03 -3.139499e-03 
 8.450000e+03  8.442501e-01 -5.610660e-03  5.520845e-03 -3.156951e-03 
 8.500000e+03  8.735240e-01 -5.634011e-03  5.544645e-03 -3.174293e-03 
 8.550000e+03  9.027979e-01 -5.656874e-03  5.567845e-03 -3.191288e-03 
 8.600000e+03  9.320719e-01 -5.679789e-03  5.590945e-03 -3.208088e-03 
 8.650000e+03  9.624289e-01 -5.703651e-03  5.615125e-03 -3.225411e-03 
 8.700000e+03  9.933202e-01 -5.727725e-03  5.639770e-03 -3.242707e-03 
 8.750000e+03  1.026240e+00 -5.752975e-03  5.665438e-03 -3.260626e-03 
 8.800000e+03  1.060128e+00 -5.778683e-03  5.690901e-03 -3.278563e-03 
 8.850000e+03  1.094017e+00 -5.803980e-03  5.715578e-03 -3.296145e-03 
 8.900000e+03  1.127905e+00 -5.828548e-03  5.739822e-03 -3.313601e-03 
 8.950000e+03  1.161793e+00 -5.852435e-03  5.763889e-03 -3.331135e-03 
 9.000000e+03  1.196189e+00 -5.876366e-03  5.788386e-03 -3.349004e-03 
 9.050000e+03  1.231772e+00 -5.900960e-03  5.813697e-03 -3.367276e-03 
 9.100000e+03  1.268885e+00 -5.926393e-03  5.839522e-03 -3.385552e-03 
 9.150000e+03  1.308003e+00 -5.953043e-03  5.866260e-03 -3.404070e-03 
 9.200000e+03  1.347232e+00 -5.979614e-03  5.892625e-03 -3.422260e-03 
 9.250000e+03  1.386462e+00 -6.005793e-03  5.918403e-03 -3.440318e-03 
 9.300000e+03  1.425692e+00 -6.031470e-03  5.943658e-03 -3.458402e-03 
 9.350000e+03  1.466020e+00 -6.057458e-03  5.969135e-03 -3.477105e-03 
 9.400000e+03  1.507212e+00 -6.083397e-03  5.994856e-03 -3.496096e-03 
 9.450000e+03  1.548774e+00 -6.108924e-03  6.020530e-03 -3.514767e-03 
 9.500000e+03  1.593063e+00 -6.135868e-03  6.047644e-03 -3.534012e-03 
 9.550000e+03  1.638476e+00 -6.163491e-03  6.075377e-03 -3.553276e-03 
 9.600000e+03  1.683889e+00 -6.190916e-03  6.102863e-03 -3.572234e-03 
 9.650000e+03  1.729303e+00 -6.217988e-03  6.129947e-03 -3.590985e-03 
 9.700000e+03  1.776851e+00 -6.245873e-03  6.157763e-03 -3.610516e-03 
 9.750000e+03  1.826871e+00 -6.274795e-03  6.186262e-03 -3.630882e-03 
 9.800000e+03  1.876940e+00 -6.302982e-03  6.214023e-03 -3.650982e-03 
 9.850000e+03  1.927008e+00 -6.330526e-03  6.241333e-03 -3.670819e-03 
 9.900000e+03  1.977076e+00 -6.357703e-03  6.268651e-03 -3.690472e-03 
 9.950000e+03  2.027145e+00 -6.384663e-03  6.296062e-03 -3.709830e-03 
 1.000000e+04  2.077964e+00 -6.411918e-03  6.323791e-03 -3.728940e-03 
 1.005000e+04  2.132533e+00 -6.441171e-03  6.353217e-03 -3.748963e-03 
 1.010000e+04  2.187734e+00 -6.470547e-03  6.382316e-03 -3.768950e-03 
 1.015000e+04  2.242934e+00 -6.499258e-03  6.410484e-03 -3.788795e-03 
 1.020000e+04  2.298134e+00 -6.527227e-03  6.437979e-03 -3.808579e-03 
 1.025000e+04  2.354659e+00 -6.555405e-03  6.465744e-03 -3.828847e-03 
 1.030000e+04  2.412620e+00 -6.584115e-03  6.494048e-03 -3.849411e-03 
 1.035000e+04  2.470580e+00 -6.612626e-03  6.522179e-03 -3.869502e-03 
 1.040000e+04  2.531583e+00 -6.642417e-03  6.551662e-03 -3.890050e-03 
 1.045000e+04  2.595485e+00 -6.673305e-03  6.582434e-03 -3.911124e-03 
 1.050000e+04  2.659386e+00 -6.703612e-03  6.612801e-03 -3.931941e-03 
 1.055000e+04  2.723287e+00 -6.733461e-03  6.642511e-03 -3.952585e-03 
 1.060000e+04  2.789297e+00 -6.763972e-03  6.672614e-03 -3.973835e-03 
 1.065000e+04  2.856393e+00 -6.794616e-03  6.702639e-03 -3.995303e-03 
 1.070000e+04  2.923490e+00 -6.824611e-03  6.732141e-03 -4.016569e-03 
 1.075000e+04  2.991995e+00 -6.854768e-03  6.761923e-03 -4.037923e-03 
 1.080000e+04  3.062446e+00 -6.885497e-03  6.792437e-03 -4.059466e-03 
 1.085000e+04  3.132897e+00 -6.916032e-03  6.822907e-03 -4.080583e-03 
 1.090000e+04  3.203349e+00 -6.946265e-03  6.853212e-03 -4.101251e-03 
 1.095000e+04  3.276477e+00 -6.977372e-03  6.884399e-03 -4.122468e-03 
 1.100000e+04  3.354149e+00 -7.010018e-03  6.916930e-03 -4.144899e-03 
 1.105000e+04  3.431822e+00 -7.042016e-03  6.948566e-03 -4.167240e-03 
 1.110000e+04  3.509494e+00 -7.073398e-03  6.979402e-03 -4.189381e-03 
 1.115000e+04  3.590196e+00 -7.105692e-03  7.011069e-03 -4.212169e-03 
 1.120000e+04  3.671752e+00 -7.138121e-03  7.042978e-03 -4.234804e-03 
 1.125000e+04  3.753308e+00 -7.170339e-03  7.074648e-03 -4.256907e-03 
 1.130000e+04  3.834864e+00 -7.202333e-03  7.106122e-03 -4.278577e-03 
 1.135000e+04  3.919927e+00 -7.235291e-03  7.138782e-03 -4.300985e-03 
 1.140000e+04  4.005560e+00 -7.267935e-03  7.171279e-03 -4.323345e-03 
 1.145000e+04  4.091194e+00 -7.299949e-03  7.203159e-03 -4.345480e-03 
 1.150000e+04  4.180767e+00 -7.333124e-03  7.235800e-03 -4.368510e-03 
 1.155000e+04  4.274639e+00 -7.367621e-03  7.269489e-03 -4.392480e-03 
 1.160000e+04  4.369050e+00 -7.401832e-03  7.302896e-03 -4.416231e-03 
 1.165000e+04  4.463461e+00 -7.435567e-03  7.335996e-03 -4.439565e-03 
 1.170000e+04  4.557873e+00 -7.469112e-03  7.368944e-03 -4.462539e-03 
 1.175000e+04  4.652284e+00 -7.502357e-03  7.401799e-03 -4.485159e-03 
 1.180000e+04  4.746695e+00 -7.535161e-03  7.434340e-03 -4.507446e-03 
 1.185000e+04  4.846346e+00 -7.569312e-03  7.468238e-03 -4.530762e-03 
 1.190000e+04  4.950435e+00 -7.604574e-03  7.503177e-03 -4.555023e-03 
 1.195000e+04  5.054523e+00 -7.639304e-03  7.537465e-03 -4.579152e-03 
 1.200000e+04  5.158612e+00 -7.673528e-03  7.571080e-03 -4.602996e-03 
 1.205000e+04  5.266759e+00 -7.708916e-03  7.605646e-03 -4.627386e-03 
 1.210000e+04  5.376052e+00 -7.744591e-03  7.640324e-03 -4.651643e-03 
 1.215000e+04  5.485345e+00 -7.779882e-03  7.674706e-03 -4.675501e-03 
 1.220000e+04  5.594638e+00 -7.814671e-03  7.708783e-03 -4.699024e-03 
 1.225000e+04  5.706554e+00 -7.849813e-03  7.743459e-03 -4.722970e-03 
 1.230000e+04  5.821311e+00 -7.885365e-03  7.778708e-03 -4.747415e-03 
 1.235000e+04  5.936069e+00 -7.920384e-03  7.813349e-03 -4.771572e-03 
 1.240000e+04  6.055761e+00 -7.956578e-03  7.848962e-03 -4.796456e-03 
 1.245000e+04  6.181076e+00 -7.994323e-03  7.885873e-03 -4.822262e-03 
 1.250000e+04  6.307596e+00 -8.031982e-03  7.922573e-03 -4.847977e-03 
 1.255000e+04  6.434116e+00 -8.069175e-03  7.958785e-03 -4.873268e-03 
 1.260000e+04  6.560636e+00 -8.106040e-03  7.994772e-03 -4.898277e-03 
 1.265000e+04  6.687157e+00 -8.142588e-03  8.030607e-03 -4.923060e-03 
 1.270000e+04  6.813677e+00 -8.178529e-03  8.066023e-03 -4.947541e-03 
 1.275000e+04  6.943486e+00 -8.214910e-03  8.101975e-03 -4.972404e-03 
 1.280000e+04  7.082311e+00 -8.253552e-03  8.140117e-03 -4.998871e-03 
 1.285000e+04  7.221799e+00 -8.291912e-03  8.177917e-03 -5.025185e-03 
 1.290000e+04  7.361287e+00 -8.329806e-03  8.215039e-03 -5.051123e-03 
 1.295000e+04  7.507750e+00 -8.369415e-03  8.253550e-03 -5.078013e-03 
 1.300000e+04  7.654213e+00 -8.408910e-03  8.291713e-03 -5.104571e-03 
 1.305000e+04  7.800676e+00 -8.447860e-03  8.329426e-03 -5.130804e-03 
 1.310000e+04  7.947432e+00 -8.486245e-03  8.366796e-03 -5.156796e-03 
 1.315000e+04  8.101218e+00 -8.526017e-03  8.405788e-03 -5.183877e-03 
 1.320000e+04  8.255004e+00 -8.565360e-03  8.444481e-03 -5.210744e-03 
 1.325000e+04  8.408790e+00 -8.604173e-03  8.482678e-03 -5.237273e-03 
 1.330000e+04  8.572549e+00 -8.645198e-03  8.522844e-03 -5.265138e-03 
 1.335000e+04  8.742098e+00 -8.687470e-03  8.564057e-03 -5.293695e-03 
 1.340000e+04  8.911647e+00 -8.729288e-03  8.604663e-03 -5.321930e-03 
 1.345000e+04  9.081196e+00 -8.770552e-03  8.644569e-03 -5.349786e-03 
 1.350000e+04  9.250745e+00 -8.811461e-03  8.684147e-03 -5.377436e-03 
 1.355000e+04  9.420294e+00 -8.851950e-03  8.723534e-03 -5.404870e-03 
 1.360000e+04  9.589843e+00 -8.891780e-03  8.762551e-03 -5.431999e-03 
 1.365000e+04  9.766793e+00 -8.932830e-03  8.802896e-03 -5.459957e-03 
 1.370000e+04  9.953721e+00 -8.975958e-03  8.845272e-03 -5.489248e-03 
 1.375000e+04  1.014065e+01 -9.018712e-03  8.887185e-03 -5.518181e-03 
 1.380000e+04  1.032870e+01 -9.061179e-03  8.928667e-03 -5.546881e-03 
 1.385000e+04  1.052497e+01 -9.105205e-03  8.971490e-03 -5.576546e-03 
 1.390000e+04  1.072125e+01 -9.148977e-03  9.013800e-03 -5.606004e-03 
 1.395000e+04  1.091752e+01 -9.192136e-03  9.055471e-03 -5.635155e-03 
 1.400000e+04  1.111517e+01 -9.234987e-03  9.096910e-03 -5.664169e-03 
 1.405000e+04  1.132126e+01 -9.279299e-03  9.139956e-03 -5.694227e-03 
 1.410000e+04  1.152735e+01 -9.323166e-03  9.182795e-03 -5.723961e-03 
 1.415000e+04  1.173426e+01 -9.366732e-03  9.225316e-03 -5.753366e-03 
 1.420000e+04  1.195757e+01 -9.413393e-03  9.270775e-03 -5.784705e-03 
 1.425000e+04  1.218479e+01 -9.460598e-03  9.316509e-03 -5.816334e-03 
 1.430000e+04  1.241200e+01 -9.507179e-03  9.361524e-03 -5.847667e-03 
 1.435000e+04  1.263921e+01 -9.553144e-03  9.405844e-03 -5.878658e-03 
 1.440000e+04  1.287733e+01 -9.600910e-03  9.451846e-03 -5.910900e-03 
 1.445000e+04  1.311590e+01 -9.648372e-03  9.497557e-03 -5.942875e-03 
 1.450000e+04  1.335447e+01 -9.695169e-03  9.542778e-03 -5.974424e-03 
 1.455000e+04  1.359567e+01 -9.741857e-03  9.588217e-03 -6.005944e-03 
 1.460000e+04  1.384617e+01 -9.789982e-03  9.635218e-03 -6.038412e-03 
 1.465000e+04  1.409667e+01 -9.837614e-03  9.681778e-03 -6.070490e-03 
 1.470000e+04  1.435243e+01 -9.885697e-03  9.728608e-03 -6.102854e-03 
 1.475000e+04  1.462651e+01 -9.936914e-03  9.778163e-03 -6.137208e-03 
 1.480000e+04  1.490269e+01 -9.988080e-03  9.827503e-03 -6.171573e-03 
 1.485000e+04  1.517886e+01 -1.003848e-02  9.876020e-03 -6.205555e-03 
 1.490000e+04  1.545504e+01 -1.008829e-02  9.924008e-03 -6.239164e-03 
 1.495000e+04  1.573122e+01 -1.013775e-02  9.971749e-03 -6.272452e-03 
 1.500000e+04  1.600740e+01 -1.018675e-02  1.001917e-02 -6.305364e-03 
 1.505000e+04  1.628634e+01 -1.023566e-02  1.006662e-02 -6.338184e-03 
 1.510000e+04  1.658736e+01 -1.028796e-02  1.011737e-02 -6.373256e-03 
 1.515000e+04  1.690707e+01 -1.034307e-02  1.017074e-02 -6.410193e-03 
 1.520000e+04  1.722678e+01 -1.039755e-02  1.022326e-02 -6.446730e-03 
 1.525000e+04  1.754649e+01 -1.045139e-02  1.027495e-02 -6.482837e-03 
 1.530000e+04  1.786620e+01 -1.050480e-02  1.032610e-02 -6.518623e-03 
 1.535000e+04  1.818591e+01 -1.055767e-02  1.037681e-02 -6.554075e-03 
 1.540000e+04  1.850562e+01 -1.060981e-02  1.042695e-02 -6.589109e-03 
 1.545000e+04  1.883300e+01 -1.066272e-02  1.047790e-02 -6.624574e-03 
 1.550000e+04  1.916869e+01 -1.071647e-02  1.052994e-02 -6.660676e-03 
 1.555000e+04  1.950439e+01 -1.076961e-02  1.058154e-02 -6.696362e-03 
 1.560000e+04  1.984851e+01 -1.082349e-02  1.063370e-02 -6.732462e-03 
 1.565000e+04  2.021862e+01 -1.088106e-02  1.068918e-02 -6.770923e-03 
 1.570000e+04  2.058872e+01 -1.093817e-02  1.074389e-02 -6.809091e-03 
 1.575000e+04  2.095882e+01 -1.099447e-02  1.079785e-02 -6.846862e-03 
 1.580000e+04  2.132893e+01 -1.105015e-02  1.085124e-02 -6.884195e-03 
 1.585000e+04  2.169903e+01 -1.110540e-02  1.090427e-02 -6.921210e-03 
 1.590000e+04  2.206914e+01 -1.116009e-02  1.095687e-02 -6.957833e-03 
 1.595000e+04  2.244405e+01 -1.121482e-02  1.100968e-02 -6.994448e-03 
 1.600000e+04  2.284471e+01 -1.127284e-02  1.106569e-02 -7.033215e-03 
 1.605000e+04  2.325275e+01 -1.133145e-02  1.112216e-02 -7.072404e-03 
 1.610000e+04  2.366079e+01 -1.138939e-02  1.117780e-02 -7.111134e-03 
 1.615000e+04  2.407944e+01 -1.144829e-02  1.123405e-02 -7.150452e-03 
 1.620000e+04  2.450788e+01 -1.150814e-02  1.129104e-02 -7.190341e-03 
 1.625000e+04  2.493632e+01 -1.156735e-02  1.134742e-02 -7.229809e-03 
 1.630000e+04  2.536477e+01 -1.162578e-02  1.140329e-02 -7.268822e-03 
 1.635000e+04  2.580820e+01 -1.168566e-02  1.146064e-02 -7.308806e-03 
 1.640000e+04  2.627291e+01 -1.174791e-02  1.152036e-02 -7.350335e-03 
 1.645000e+04  2.674527e+01 -1.181045e-02  1.158046e-02 -7.392062e-03 
 1.650000e+04  2.722141e+01 -1.187278e-02  1.164029e-02 -7.433556e-03 
 1.655000e+04  2.772730e+01 -1.193846e-02  1.170315e-02 -7.477285e-03 
 1.660000e+04  2.824808e+01 -1.200543e-02  1.176706e-02 -7.521911e-03 
 1.665000e+04  2.876885e+01 -1.207151e-02  1.183007e-02 -7.566030e-03 
 1.670000e+04  2.928962e+01 -1.213682e-02  1.189243e-02 -7.609617e-03 
 1.675000e+04  2.981040e+01 -1.220161e-02  1.195430e-02 -7.652746e-03 
 1.680000e+04  3.033117e+01 -1.226577e-02  1.201560e-02 -7.695383e-03 
 1.685000e+04  3.085559e+01 -1.232954e-02  1.207668e-02 -7.737848e-03 
 1.690000e+04  3.141443e+01 -1.239684e-02  1.214120e-02 -7.782686e-03 
 1.695000e+04  3.198859e+01 -1.246534e-02  1.220691e-02 -7.828322e-03 
 1.700000e+04  3.256274e+01 -1.253311e-02  1.227164e-02 -7.873441e-03 
 1.705000e+04  3.314436e+01 -1.260113e-02  1.233632e-02 -7.918592e-03 
 1.710000e+04  3.376711e+01 -1.267342e-02  1.240481e-02 -7.966461e-03 
 1.715000e+04  3.440012e+01 -1.274607e-02  1.247372e-02 -8.014627e-03 
 1.720000e+04  3.503312e+01 -1.281768e-02  1.254174e-02 -8.062147e-03 
 1.725000e+04  3.567182e+01 -1.288923e-02  1.260978e-02 -8.109617e-03 
 1.730000e+04  3.633648e+01 -1.296298e-02  1.268002e-02 -8.158559e-03 
 1.735000e+04  3.700113e+01 -1.303578e-02  1.274946e-02 -8.206873e-03 
 1.740000e+04  3.767443e+01 -1.310873e-02  1.281901e-02 -8.255170e-03 
 1.745000e+04  3.837231e+01 -1.318373e-02  1.289029e-02 -8.304794e-03 
 1.750000e+04  3.907020e+01 -1.325791e-02  1.296065e-02 -8.353970e-03 
 1.755000e+04  3.976809e+01 -1.333115e-02  1.303009e-02 -8.402551e-03 
 1.760000e+04  4.049947e+01 -1.340718e-02  1.310207e-02 -8.452849e-03 
 1.765000e+04  4.123225e+01 -1.348272e-02  1.317356e-02 -8.502677e-03 
 1.770000e+04  4.196503e+01 -1.355730e-02  1.324430e-02 -8.551981e-03 
 1.775000e+04  4.271467e+01 -1.363268e-02  1.331588e-02 -8.601816e-03 
 1.780000e+04  4.352256e+01 -1.371311e-02  1.339235e-02 -8.655007e-03 
 1.785000e+04  4.433045e+01 -1.379268e-02  1.346795e-02 -8.707667e-03 
 1.790000e+04  4.513834e+01 -1.387130e-02  1.354252e-02 -8.759643e-03 
 1.795000e+04  4.598421e+01 -1.395287e-02  1.361964e-02 -8.813387e-03 
 1.800000e+04  4.683249e+01 -1.403397e-02  1.369607e-02 -8.866718e-03 
 1.805000e+04  4.768078e+01 -1.411400e-02  1.377154e-02 -8.919474e-03 
 1.810000e+04  4.853840e+01 -1.419393e-02  1.384695e-02 -8.972151e-03 
 1.815000e+04  4.945493e+01 -1.427856e-02  1.392689e-02 -9.027867e-03 
 1.820000e+04  5.039016e+01 -1.436402e-02  1.400762e-02 -9.084097e-03 
 1.825000e+04  5.132540e+01 -1.444832e-02  1.408731e-02 -9.139588e-03 
 1.830000e+04  5.227934e+01 -1.453335e-02  1.416762e-02 -9.195505e-03 
 1.835000e+04  5.326133e+01 -1.462007e-02  1.424939e-02 -9.252462e-03 
 1.840000e+04  5.424333e+01 -1.470577e-02  1.433013e-02 -9.308757e-03 
 1.845000e+04  5.524006e+01 -1.479173e-02  1.441098e-02 -9.365200e-03 
 1.850000e+04  5.627115e+01 -1.487982e-02  1.449377e-02 -9.422938e-03 
 1.855000e+04  5.730225e+01 -1.496687e-02  1.457565e-02 -9.480028e-03 
 1.860000e+04  5.833335e+01 -1.505279e-02  1.465650e-02 -9.536396e-03 
 1.865000e+04  5.941863e+01 -1.514226e-02  1.474068e-02 -9.595051e-03 
 1.870000e+04  6.055541e+01 -1.523499e-02  1.482804e-02 -9.655861e-03 
 1.875000e+04  6.169220e+01 -1.532667e-02  1.491431e-02 -9.715905e-03 
 1.880000e+04  6.284149e+01 -1.541828e-02  1.500022e-02 -9.775745e-03 
 1.885000e+04  6.407331e+01 -1.551550e-02  1.509124e-02 -9.839194e-03 
 1.890000e+04  6.532661e+01 -1.561321e-02  1.518274e-02 -9.903029e-03 
 1.895000e+04  6.657992e+01 -1.570959e-02  1.527297e-02 -9.965984e-03 
 1.900000e+04  6.785703e+01 -1.580669e-02  1.536378e-02 -1.002931e-02 
 1.905000e+04  6.917300e+01 -1.590574e-02  1.545638e-02 -1.009382e-02 
 1.910000e+04  7.048897e+01 -1.600345e-02  1.554785e-02 -1.015752e-02 
 1.915000e+04  7.183258e+01 -1.610194e-02  1.564002e-02 -1.022163e-02 
 1.920000e+04  7.328067e+01 -1.620704e-02  1.573815e-02 -1.028996e-02 
 1.925000e+04  7.473153e+01 -1.631108e-02  1.583521e-02 -1.035766e-02 
 1.930000e+04  7.618239e+01 -1.641368e-02  1.593088e-02 -1.042435e-02 
 1.935000e+04  7.770245e+01 -1.651991e-02  1.602976e-02 -1.049324e-02 
 1.940000e+04  7.930202e+01 -1.663043e-02  1.613266e-02 -1.056492e-02 
 1.945000e+04  8.090159e+01 -1.673937e-02  1.623412e-02 -1.063560e-02 
 1.950000e+04  8.250756e+01 -1.684723e-02  1.633459e-02 -1.070557e-02 
 1.955000e+04  8.418710e+01 -1.695875e-02  1.643846e-02 -1.077781e-02 
 1.960000e+04  8.586665e+01 -1.706886e-02  1.654094e-02 -1.084908e-02 
 1.965000e+04  8.755124e+01 -1.717778e-02  1.664226e-02 -1.091952e-02 
 1.970000e+04  8.936238e+01 -1.729355e-02  1.674971e-02 -1.099427e-02 
 1.975000e+04  9.121408e+01 -1.741051e-02  1.685811e-02 -1.106982e-02 
 1.980000e+04  9.306578e+01 -1.752574e-02  1.696492e-02 -1.114425e-02 
 1.985000e+04  9.495452e+01 -1.764177e-02  1.707229e-02 -1.121893e-02 
 1.990000e+04  9.697269e+01 -1.776430e-02  1.718556e-02 -1.129772e-02 
 1.995000e+04  9.901419e+01 -1.788653e-02  1.729855e-02 -1.137637e-02 
 2.000000e+04  1.010557e+02 -1.800684e-02  1.740988e-02 -1.145378e-02 
 2.005000e+04  1.032344e+02 -1.813362e-02  1.752699e-02 -1.153525e-02 
 2.010000e+04  1.054851e+02 -1.826292e-02  1.764631e-02 -1.161828e-02 
 2.015000e+04  1.077359e+02 -1.839028e-02  1.776379e-02 -1.169999e-02 
 2.020000e+04  1.100204e+02 -1.851771e-02  1.788114e-02 -1.178153e-02 
 2.025000e+04  1.124617e+02 -1.865210e-02  1.800479e-02 -1.186751e-02 
 2.030000e+04  1.149431e+02 -1.878670e-02  1.812863e-02 -1.195363e-02 
 2.035000e+04  1.174246e+02 -1.891916e-02  1.825049e-02 -1.203833e-02 
 2.040000e+04  1.199780e+02 -1.905351e-02  1.837395e-02 -1.212412e-02 
 2.045000e+04  1.225836e+02 -1.918873e-02  1.849811e-02 -1.221042e-02 
 2.050000e+04  1.251891e+02 -1.932181e-02  1.862037e-02 -1.229532e-02 
 2.055000e+04  1.279272e+02 -1.945967e-02  1.874685e-02 -1.238312e-02 
 2.060000e+04  1.307998e+02 -1.960249e-02  1.887768e-02 -1.247395e-02 
 2.065000e+04  1.336724e+02 -1.974306e-02  1.900642e-02 -1.256335e-02 
 2.070000e+04  1.365594e+02 -1.988208e-02  1.913349e-02 -1.265158e-02 
 2.075000e+04  1.396631e+02 -2.002944e-02  1.926798e-02 -1.274498e-02 
 2.080000e+04  1.428301e+02 -2.017759e-02  1.940320e-02 -1.283889e-02 
 2.085000e+04  1.459972e+02 -2.032326e-02  1.953612e-02 -1.293119e-02 
 2.090000e+04  1.493291e+02 -2.047420e-02  1.967353e-02 -1.302661e-02 
 2.095000e+04  1.528207e+02 -2.063016e-02  1.981539e-02 -1.312511e-02 
 2.100000e+04  1.563124e+02 -2.078351e-02  1.995486e-02 -1.322188e-02 
 2.105000e+04  1.598215e+02 -2.093506e-02  2.009242e-02 -1.331729e-02 
 2.110000e+04  1.636234e+02 -2.109674e-02  2.023893e-02 -1.341907e-02 
 2.115000e+04  1.674729e+02 -2.125785e-02  2.038491e-02 -1.352051e-02 
 2.120000e+04  1.713225e+02 -2.141609e-02  2.052826e-02 -1.362003e-02 
 2.125000e+04  1.753803e+02 -2.158014e-02  2.067668e-02 -1.372298e-02 
 2.130000e+04  1.796244e+02 -2.174910e-02  2.082942e-02 -1.382895e-02 
 2.135000e+04  1.838686e+02 -2.191497e-02  2.097940e-02 -1.393291e-02 
 2.140000e+04  1.881382e+02 -2.207884e-02  2.112736e-02 -1.403548e-02 
 2.145000e+04  1.925945e+02 -2.224713e-02  2.127909e-02 -1.414081e-02 
 2.150000e+04  1.970509e+02 -2.241248e-02  2.142818e-02 -1.424428e-02 
 2.155000e+04  2.015429e+02 -2.257619e-02  2.157571e-02 -1.434652e-02 
 2.160000e+04  2.064513e+02 -2.275228e-02  2.173415e-02 -1.445633e-02 
 2.165000e+04  2.113644e+02 -2.292565e-02  2.189005e-02 -1.456442e-02 
 2.170000e+04  2.162775e+02 -2.309575e-02  2.204295e-02 -1.467037e-02 
 2.175000e+04  2.213754e+02 -2.326909e-02  2.219846e-02 -1.477811e-02 
 2.180000e+04  2.267921e+02 -2.345030e-02  2.236081e-02 -1.489072e-02 
 2.185000e+04  2.322088e+02 -2.362826e-02  2.252013e-02 -1.500128e-02 
 2.190000e+04  2.376526e+02 -2.380382e-02  2.267701e-02 -1.511015e-02 
 2.195000e+04  2.434880e+02 -2.398878e-02  2.284197e-02 -1.522466e-02 
 2.200000e+04  2.494599e+02 -2.417480e-02  2.300776e-02 -1.533973e-02 
 2.205000e+04  2.554319e+02 -2.435722e-02  2.317026e-02 -1.545245e-02 
 2.210000e+04  2.616024e+02 -2.454212e-02  2.333470e-02 -1.556660e-02 
 2.215000e+04  2.681864e+02 -2.473589e-02  2.350698e-02 -1.568629e-02 
 2.220000e+04  2.747704e+02 -2.492592e-02  2.367595e-02 -1.580357e-02 
 2.225000e+04  2.814401e+02 -2.511459e-02  2.384354e-02 -1.591984e-02 
 2.230000e+04  2.886990e+02 -2.531626e-02  2.402238e-02 -1.604400e-02 
 2.235000e+04  2.959579e+02 -2.551399e-02  2.419763e-02 -1.616574e-02 
 2.240000e+04  3.032168e+02 -2.570759e-02  2.436907e-02 -1.628480e-02 
 2.245000e+04  3.107156e+02 -2.590360e-02  2.454239e-02 -1.640523e-02 
 2.250000e+04  3.187186e+02 -2.610886e-02  2.472385e-02 -1.653135e-02 
 2.255000e+04  3.267215e+02 -2.630997e-02  2.490160e-02 -1.665485e-02 
 2.260000e+04  3.347645e+02 -2.650798e-02  2.507635e-02 -1.677626e-02 
 2.265000e+04  3.431676e+02 -2.671085e-02  2.525513e-02 -1.690056e-02 
 2.270000e+04  3.515707e+02 -2.690966e-02  2.543016e-02 -1.702236e-02 
 2.275000e+04  3.602751e+02 -2.711135e-02  2.560751e-02 -1.714578e-02 
 2.280000e+04  3.700028e+02 -2.733268e-02  2.580178e-02 -1.728111e-02 
 2.285000e+04  3.797304e+02 -2.754956e-02  2.599198e-02 -1.741376e-02 
 2.290000e+04  3.894580e+02 -2.776157e-02  2.617774e-02 -1.754329e-02 
 2.295000e+04  3.992343e+02 -2.796979e-02  2.635995e-02 -1.767037e-02 
 2.300000e+04  4.094483e+02 -2.818270e-02  2.654618e-02 -1.780038e-02 
 2.305000e+04  4.196623e+02 -2.839115e-02  2.672845e-02 -1.792771e-02 
 2.310000e+04  4.303988e+02 -2.860571e-02  2.691588e-02 -1.805865e-02 
 2.315000e+04  4.416597e+02 -2.882646e-02  2.710852e-02 -1.819330e-02 
 2.320000e+04  4.529207e+02 -2.904245e-02  2.729695e-02 -1.832509e-02 
 2.325000e+04  4.641817e+02 -2.925344e-02  2.748095e-02 -1.845377e-02 
 2.330000e+04  4.756305e+02 -2.946308e-02  2.766371e-02 -1.858166e-02 
 2.335000e+04  4.872046e+02 -2.967056e-02  2.784456e-02 -1.870834e-02 
 2.340000e+04  4.987786e+02 -2.987372e-02  2.802155e-02 -1.883241e-02 
 2.345000e+04  5.103527e+02 -3.007282e-02  2.819481e-02 -1.895394e-02 
 2.350000e+04  5.219268e+02 -3.026805e-02  2.836454e-02 -1.907309e-02 
 2.355000e+04  5.335008e+02 -3.045950e-02  2.853088e-02 -1.918988e-02 
 2.360000e+04  5.450749e+02 -3.064723e-02  2.869390e-02 -1.930438e-02 
 2.365000e+04  5.566490e+02 -3.083140e-02  2.885383e-02 -1.941678e-02 
 2.370000e+04  5.682231e+02 -3.101213e-02  2.901080e-02 -1.952724e-02 
 2.375000e+04  5.797971e+02 -3.118956e-02  2.916486e-02 -1.963572e-02 
 2.380000e+04  5.913712e+02 -3.136393e-02  2.931615e-02 -1.974230e-02 
 2.385000e+04  6.029453e+02 -3.153544e-02  2.946475e-02 -1.984710e-02 
 2.390000e+04  6.145194e+02 -3.170411e-02  2.961072e-02 -1.995012e-02 
 2.395000e+04  6.260934e+02 -3.186997e-02  2.975407e-02 -2.005142e-02 
 2.400000e+04  6.376675e+02 -3.203310e-02  2.989496e-02 -2.015112e-02 
 2.405000e+04  6.492416e+02 -3.219358e-02  3.003355e-02 -2.024930e-02 
 2.410000e+04  6.608157e+02 -3.235152e-02  3.016994e-02 -2.034594e-02 
 2.415000e+04  6.723897e+02 -3.250703e-02  3.030418e-02 -2.044107e-02 
 2.420000e+04  6.839638e+02 -3.266020e-02  3.043634e-02 -2.053484e-02 
 2.425000e+04  6.955379e+02 -3.281105e-02  3.056649e-02 -2.062728e-02 
 2.430000e+04  7.071120e+02 -3.295965e-02  3.069465e-02 -2.071835e-02 
 2.435000e+04  7.186860e+02 -3.310609e-02  3.082088e-02 -2.080813e-02 
 2.440000e+04  7.302601e+02 -3.325041e-02  3.094527e-02 -2.089670e-02 
 2.445000e+04  7.418342e+02 -3.339268e-02  3.106790e-02 -2.098405e-02 
 2.450000e+04  7.534083e+02 -3.353294e-02  3.118878e-02 -2.107021e-02 
 2.455000e+04  7.649823e+02 -3.367130e-02  3.130797e-02 -2.115525e-02 
 2.460000e+04  7.765564e+02 -3.380781e-02  3.142555e-02 -2.123920e-02 
 2.465000e+04  7.881305e+02 -3.394251e-02  3.154156e-02 -2.132206e-02 
 2.470000e+04  7.997046e+02 -3.407547e-02  3.165597e-02 -2.140387e-02 
 2.475000e+04  8.112786e+02 -3.420670e-02  3.176884e-02 -2.148468e-02 
 2.480000e+04  8.228527e+02 -3.433622e-02  3.188025e-02 -2.156451e-02 
 2.485000e+04  8.344268e+02 -3.446409e-02  3.199025e-02 -2.164338e-02 
 2.490000e+04  8.460008e+02 -3.459039e-02  3.209890e-02 -2.172131e-02 
 2.495000e+04  8.575749e+02 -3.471517e-02  3.220626e-02 -2.179834e-02 
 2.500000e+04  8.691490e+02 -3.483847e-02  3.231229e-02 -2.187449e-02 
 2.505000e+04  8.807231e+02 -3.496030e-02  3.241701e-02 -2.194979e-02 
 2.510000e+04  8.922971e+02 -3.508070e-02  3.252047e-02 -2.202427e-02 
 2.515000e+04  9.038712e+02 -3.519973e-02  3.262271e-02 -2.209792e-02 
 2.520000e+04  9.154453e+02 -3.531740e-02  3.272375e-02 -2.217079e-02 
 2.525000e+04  9.270194e+02 -3.543373e-02  3.282367e-02 -2.224286e-02 
 2.530000e+04  9.385934e+02 -3.554878e-02  3.292249e-02 -2.231418e-02 
 2.535000e+04  9.501675e+02 -3.566254e-02  3.302021e-02 -2.238477e-02 
 2.540000e+04  9.617416e+02 -3.577510e-02  3.311686e-02 -2.245467e-02 
 2.545000e+04  9.733157e+02 -3.588650e-02  3.321248e-02 -2.252385e-02 
 2.550000e+04  9.848897e+02 -3.599675e-02  3.330705e-02 -2.259233e-02 
 2.555000e+04  9.964638e+02 -3.610583e-02  3.340057e-02 -2.266015e-02 
 2.560000e+04  1.008038e+03 -3.621375e-02  3.349309e-02 -2.272732e-02 
 2.565000e+04  1.019612e+03 -3.632057e-02  3.358469e-02 -2.279386e-02 
 2.570000e+04  1.031186e+03 -3.642634e-02  3.367543e-02 -2.285976e-02 
 2.575000e+04  1.042760e+03 -3.653107e-02  3.376528e-02 -2.292504e-02 
 2.580000e+04  1.054334e+03 -3.663477e-02  3.385425e-02 -2.298973e-02 
 2.585000e+04  1.065908e+03 -3.673747e-02  3.394229e-02 -2.305387e-02 
 2.590000e+04  1.077482e+03 -3.683919e-02  3.402947e-02 -2.311746e-02 
 2.595000e+04  1.089056e+03 -3.693999e-02  3.411582e-02 -2.318050e-02 
 2.600000e+04  1.100630e+03 -3.703986e-02  3.420137e-02 -2.324295e-02 
 2.605000e+04  1.112205e+03 -3.713880e-02  3.428614e-02 -2.330485e-02 
 2.610000e+04  1.123779e+03 -3.723680e-02  3.437010e-02 -2.336625e-02 
 2.615000e+04  1.135353e+03 -3.733385e-02  3.445333e-02 -2.342715e-02 
 2.620000e+04  1.146927e+03 -3.743002e-02  3.453586e-02 -2.348755e-02 
 2.625000e+04  1.158501e+03 -3.752537e-02  3.461771e-02 -2.354746e-02 
 2.630000e+04  1.170075e+03 -3.761991e-02  3.469887e-02 -2.360689e-02 
 2.635000e+04  1.181649e+03 -3.771367e-02  3.477927e-02 -2.366584e-02 
 2.640000e+04  1.193223e+03 -3.780663e-02  3.485893e-02 -2.372436e-02 
 2.645000e+04  1.204797e+03 -3.789884e-02  3.493788e-02 -2.378244e-02 
 2.650000e+04  1.216371e+03 -3.799029e-02  3.501619e-02 -2.384008e-02 
 2.655000e+04  1.227945e+03 -3.808097e-02  3.509387e-02 -2.389725e-02 
 2.660000e+04  1.239519e+03 -3.817092e-02  3.517091e-02 -2.395400e-02 
 2.665000e+04  1.251093e+03 -3.826016e-02  3.524737e-02 -2.401037e-02 
 2.670000e+04  1.262668e+03 -3.834871e-02  3.532324e-02 -2.406636e-02 
 2.675000e+04  1.274242e+03 -3.843658e-02  3.539851e-02 -2.412197e-02 
 2.680000e+04  1.285816e+03 -3.852377e-02  3.547321e-02 -2.417719e-02 
 2.685000e+04  1.297390e+03 -3.861032e-02  3.554731e-02 -2.423203e-02 
 2.690000e+04  1.308964e+03 -3.869624e-02  3.562086e-02 -2.428649e-02 
 2.695000e+04  1.320538e+03 -3.878149e-02  3.569387e-02 -2.434059e-02 
 2.700000e+04  1.332112e+03 -3.886608e-02  3.576633e-02 -2.439432e-02 
 2.705000e+04  1.343686e+03 -3.895002e-02  3.583830e-02 -2.444769e-02 
 2.710000e+04  1.355260e+03 -3.903338e-02  3.590981e-02 -2.450072e-02 
 2.715000e+04  1.366834e+03 -3.911621e-02  3.598082e-02 -2.455341e-02 
 2.720000e+04  1.378408e+03 -3.919847e-02  3.605132e-02 -2.460577e-02 
 2.725000e+04  1.389982e+03 -3.928017e-02  3.612130e-02 -2.465782e-02 
 2.730000e+04  1.401556e+03 -3.936131e-02  3.619074e-02 -2.470954e-02 
 2.735000e+04  1.413130e+03 -3.944193e-02  3.625969e-02 -2.476095e-02 
 2.740000e+04  1.424705e+03 -3.952201e-02  3.632820e-02 -2.481207e-02 
 2.745000e+04  1.436279e+03 -3.960156e-02  3.639630e-02 -2.486286e-02 
 2.750000e+04  1.447853e+03 -3.968059e-02  3.646402e-02 -2.491300e-02 
 2.755000e+04  1.459427e+03 -3.975911e-02  3.653096e-02 -2.496291e-02 
 2.760000e+04  1.471001e+03 -3.983705e-02  3.659731e-02 -2.501274e-02 
 2.765000e+04  1.482575e+03 -3.991438e-02  3.666359e-02 -2.506245e-02 
 2.770000e+04  1.494149e+03 -3.999140e-02  3.672973e-02 -2.511188e-02 
 2.775000e+04  1.505723e+03 -4.006803e-02  3.679553e-02 -2.516103e-02 
 2.780000e+04  1.517297e+03 -4.014421e-02  3.686085e-02 -2.520987e-02 
 2.785000e+04  1.528871e+03 -4.021978e-02  3.692573e-02 -2.525843e-02 
 2.790000e+04  1.540445e+03 -4.029482e-02  3.699020e-02 -2.530655e-02 
 2.795000e+04  1.552019e+03 -4.036939e-02  3.705418e-02 -2.535425e-02 
 2.800000e+04  1.563593e+03 -4.044362e-02  3.711747e-02 -2.540164e-02 
 2.805000e+04  1.575168e+03 -4.051731e-02  3.718043e-02 -2.544899e-02 
 2.810000e+04  1.586742e+03 -4.059054e-02  3.724314e-02 -2.549634e-02 
 2.815000e+04  1.598316e+03 -4.066340e-02  3.730577e-02 -2.554351e-02 
 2.820000e+04  1.609890e+03 -4.073607e-02  3.736817e-02 -2.559031e-02 
 2.825000e+04  1.621464e+03 -4.080818e-02  3.743024e-02 -2.563693e-02 
 2.830000e+04  1.633038e+03 -4.087975e-02  3.749181e-02 -2.568341e-02 
 2.835000e+04  1.644612e+03 -4.095113e-02  3.755302e-02 -2.572965e-02 
 2.840000e+04  1.656186e+03 -4.102226e-02  3.761374e-02 -2.577546e-02 
 2.845000e+04  1.667760e+03 -4.109289e-02  3.767410e-02 -2.582097e-02 
 2.850000e+04  1.679334e+03 -4.116305e-02  3.773418e-02 -2.586622e-02 
 2.855000e+04  1.690908e+03 -4.123276e-02  3.779405e-02 -2.591141e-02 
 2.860000e+04  1.702482e+03 -4.130209e-02  3.785347e-02 -2.595640e-02 
 2.865000e+04  1.714056e+03 -4.137114e-02  3.791264e-02 -2.600132e-02 
 2.870000e+04  1.725630e+03 -4.143995e-02  3.797152e-02 -2.604595e-02 
 2.875000e+04  1.737205e+03 -4.150854e-02  3.803003e-02 -2.609038e-02 
 2.880000e+04  1.748779e+03 -4.157663e-02  3.808823e-02 -2.613453e-02 
 2.885000e+04  1.760353e+03 -4.164431e-02  3.814623e-02 -2.617861e-02 
 2.890000e+04  1.771927e+03 -4.171181e-02  3.820381e-02 -2.622247e-02 
 2.895000e+04  1.783501e+03 -4.177907e-02  3.826113e-02 -2.626613e-02 
 2.900000e+04  1.795075e+03 -4.184607e-02  3.831821e-02 -2.630981e-02 
 2.905000e+04  1.806649e+03 -4.191248e-02  3.837506e-02 -2.635323e-02 
 2.910000e+04  1.818223e+03 -4.197860e-02  3.843184e-02 -2.639641e-02 
 2.915000e+04  1.829797e+03 -4.204456e-02  3.848837e-02 -2.643956e-02 
 2.920000e+04  1.841371e+03 -4.211022e-02  3.854455e-02 -2.648262e-02 
 2.925000e+04  1.852945e+03 -4.217574e-02  3.860042e-02 -2.652555e-02 
 2.930000e+04  1.864519e+03 -4.224109e-02  3.865613e-02 -2.656819e-02 
 2.935000e+04  1.876093e+03 -4.230594e-02  3.871165e-02 -2.661048e-02 
 2.940000e+04  1.887668e+03 -4.237025e-02  3.876689e-02 -2.665250e-02 
 2.945000e+04  1.899242e+03 -4.243444e-02  3.882183e-02 -2.669459e-02 
 2.950000e+04  1.910816e+03 -4.249844e-02  3.887640e-02 -2.673657e-02 
 2.955000e+04  1.922390e+03 -4.256216e-02  3.893078e-02 -2.677835e-02 
 2.960000e+04  1.933964e+03 -4.262549e-02  3.898508e-02 -2.682005e-02 
 2.965000e+04  1.945538e+03 -4.268863e-02  3.903915e-02 -2.686145e-02 
 2.970000e+04  1.957112e+03 -4.275139e-02  3.909279e-02 -2.690279e-02 
 2.975000e+04  1.968686e+03 -4.281399e-02  3.914629e-02 -2.694410e-02 
 2.980000e+04  1.980260e+03 -4.287662e-02  3.919948e-02 -2.698508e-02 
 2.985000e+04  1.991834e+03 -4.293907e-02  3.925249e-02 -2.702596e-02 
 2.990000e+04  2.003408e+03 -4.300115e-02  3.930548e-02 -2.706691e-02 
 2.995000e+04  2.014982e+03 -4.306288e-02  3.935829e-02 -2.710753e-02 
 3.000000e+04  2.026556e+03 -4.312448e-02  3.941058e-02 -2.714801e-02 
 3.005000e+04  2.038130e+03 -4.318586e-02  3.946284e-02 -2.718846e-02 
 3.010000e+04  2.049705e+03 -4.324698e-02  3.951506e-02 -2.722876e-02 
 3.015000e+04  2.061279e+03 -4.330781e-02  3.956714e-02 -2.726875e-02 
 3.020000e+04  2.072853e+03 -4.336838e-02  3.961893e-02 -2.730863e-02 
 3.025000e+04  2.084427e+03 -4.342862e-02  3.967043e-02 -2.734840e-02 
 3.030000e+04  2.096001e+03 -4.348852e-02  3.972169e-02 -2.738827e-02 
 3.035000e+04  2.107575e+03 -4.354797e-02  3.977292e-02 -2.742801e-02 
 3.040000e+04  2.119149e+03 -4.360755e-02  3.982413e-02 -2.746781e-02 
 3.045000e+04  2.130723e+03 -4.366699e-02  3.987523e-02 -2.750749e-02 
 3.050000e+04  2.142297e+03 -4.372611e-02  3.992609e-02 -2.754674e-02 
 3.055000e+04  2.153871e+03 -4.378509e-02  3.997688e-02 -2.758579e-02 
 3.060000e+04  2.165445e+03 -4.384400e-02  4.002731e-02 -2.762478e-02 
 3.065000e+04  2.177019e+03 -4.390261e-02  4.007745e-02 -2.766366e-02 
 3.070000e+04  2.188593e+03 -4.396086e-02  4.012745e-02 -2.770264e-02 
 3.075000e+04  2.200168e+03 -4.401907e-02  4.017719e-02 -2.774155e-02 
 3.080000e+04  2.211742e+03 -4.407724e-02  4.022679e-02 -2.778021e-02 
 3.085000e+04  2.223316e+03 -4.413523e-02  4.027626e-02 -2.781872e-02 
 3.090000e+04  2.234890e+03 -4.419310e-02  4.032548e-02 -2.785716e-02 
 3.095000e+04  2.246464e+03 -4.425070e-02  4.037457e-02 -2.789535e-02 
 3.100000e+04  2.258038e+03 -4.430798e-02  4.042353e-02 -2.793336e-02 
 3.105000e+04  2.269612e+03 -4.436520e-02  4.047234e-02 -2.797152e-02 
 3.110000e+04  2.281186e+03 -4.442229e-02  4.052086e-02 -2.800976e-02 
 3.115000e+04  2.292760e+03 -4.447891e-02  4.056917e-02 -2.804788e-02 
 3.120000e+04  2.304334e+03 -4.453503e-02  4.061747e-02 -2.808568e-02 
 3.125000e+04  2.315908e+03 -4.459115e-02  4.066580e-02 -2.812334e-02 
 3.130000e+04  2.327482e+03 -4.464715e-02  4.071392e-02 -2.816091e-02 
 3.135000e+04  2.339056e+03 -4.470320e-02  4.076191e-02 -2.819828e-02 
 3.140000e+04  2.350630e+03 -4.475909e-02  4.080969e-02 -2.823568e-02 
 3.145000e+04  2.362205e+03 -4.481494e-02  4.085738e-02 -2.827301e-02 
 3.150000e+04  2.373779e+03 -4.487054e-02  4.090496e-02 -2.831039e-02 
 3.155000e+04  2.385353e+03 -4.492583e-02  4.095230e-02 -2.834750e-02 
 3.160000e+04  2.396927e+03 -4.498088e-02  4.099922e-02 -2.838453e-02 
 3.165000e+04  2.408501e+03 -4.503597e-02  4.104616e-02 -2.842151e-02 
 3.170000e+04  2.420075e+03 -4.509084e-02  4.109303e-02 -2.845848e-02 
 3.175000e+04  2.431649e+03 -4.514559e-02  4.113983e-02 -2.849521e-02 
 3.180000e+04  2.443223e+03 -4.520039e-02  4.118660e-02 -2.853183e-02 
 3.185000e+04  2.454797e+03 -4.525470e-02  4.123303e-02 -2.856844e-02 
 3.190000e+04  2.466371e+03 -4.530889e-02  4.127928e-02 -2.860488e-02 
 3.195000e+04  2.477945e+03 -4.536295e-02  4.132547e-02 -2.864127e-02 
 3.200000e+04  2.489519e+03 -4.541695e-02  4.137169e-02 -2.867758e-02 
 3.205000e+04  2.501093e+03 -4.547084e-02  4.141761e-02 -2.871374e-02 
 3.210000e+04  2.512668e+03 -4.552415e-02  4.146323e-02 -2.874974e-02 
 3.215000e+04  2.524242e+03 -4.557748e-02  4.150857e-02 -2.878556e-02 
 3.220000e+04  2.535816e+03 -4.563079e-02  4.155377e-02 -2.882141e-02 
 3.225000e+04  2.547390e+03 -4.568408e-02  4.159923e-02 -2.885739e-02 
 3.230000e+04  2.558964e+03 -4.573728e-02  4.164484e-02 -2.889319e-02 
 3.235000e+04  2.570538e+03 -4.579022e-02  4.169049e-02 -2.892895e-02 
 3.240000e+04  2.582112e+03 -4.584295e-02  4.173599e-02 -2.896468e-02 
 3.245000e+04  2.593686e+03 -4.589550e-02  4.178116e-02 -2.900020e-02 
 3.250000e+04  2.605260e+03 -4.594780e-02  4.182616e-02 -2.903550e-02 
 3.255000e+04  2.616834e+03 -4.600015e-02  4.187110e-02 -2.907076e-02 
 3.260000e+04  2.628408e+03 -4.605237e-02  4.191591e-02 -2.910605e-02 
 3.265000e+04  2.639982e+03 -4.610434e-02  4.196051e-02 -2.914132e-02 
 3.270000e+04  2.651556e+03 -4.615651e-02  4.200496e-02 -2.917646e-02 
 3.275000e+04  2.663130e+03 -4.620850e-02  4.204901e-02 -2.921123e-02 
 3.280000e+04  2.674705e+03 -4.626039e-02  4.209287e-02 -2.924589e-02 
 3.285000e+04  2.686279e+03 -4.631223e-02  4.213685e-02 -2.928062e-02 
 3.290000e+04  2.697853e+03 -4.636408e-02  4.218092e-02 -2.931539e-02 
 3.295000e+04  2.709427e+03 -4.641541e-02  4.222490e-02 -2.935010e-02 
 3.300000e+04  2.721001e+03 -4.646652e-02  4.226887e-02 -2.938479e-02 
 3.305000e+04  2.732575e+03 -4.651790e-02  4.231268e-02 -2.941932e-02 
 3.310000e+04  2.744149e+03 -4.656930e-02  4.235640e-02 -2.945360e-02 
 3.315000e+04  2.755723e+03 -4.662065e-02  4.240012e-02 -2.948770e-02 
 3.320000e+04  2.767297e+03 -4.667186e-02  4.244340e-02 -2.952181e-02 
 3.325000e+04  2.778871e+03 -4.672308e-02  4.248657e-02 -2.955604e-02 
 3.330000e+04  2.790445e+03 -4.677411e-02  4.252965e-02 -2.959043e-02 
 3.335000e+04  2.802019e+03 -4.682464e-02  4.257276e-02 -2.962433e-02 
 3.340000e+04  2.813593e+03 -4.687493e-02  4.261599e-02 -2.965822e-02 
 3.345000e+04  2.825168e+03 -4.692508e-02  4.265924e-02 -2.969205e-02 
 3.350000e+04  2.836742e+03 -4.697528e-02  4.270198e-02 -2.972555e-02 
 3.355000e+04  2.848316e+03 -4.702577e-02  4.274448e-02 -2.975894e-02 
 3.360000e+04  2.859890e+03 -4.707638e-02  4.278703e-02 -2.979253e-02 
 3.365000e+04  2.871464e+03 -4.712658e-02  4.282972e-02 -2.982624e-02 
 3.370000e+04  2.883038e+03 -4.717668e-02  4.287239e-02 -2.985990e-02 
 3.375000e+04  2.894612e+03 -4.722683e-02  4.291498e-02 -2.989344e-02 
 3.380000e+04  2.906186e+03 -4.727690e-02  4.295759e-02 -2.992679e-02 
 3.385000e+04  2.917760e+03 -4.732663e-02  4.300011e-02 -2.996009e-02 
 3.390000e+04  2.929334e+03 -4.737599e-02  4.304259e-02 -2.999337e-02 
 3.395000e+04  2.940908e+03 -4.742525e-02  4.308495e-02 -3.002640e-02 
 3.400000e+04  2.952482e+03 -4.747465e-02  4.312718e-02 -3.005916e-02 
 3.405000e+04  2.964056e+03 -4.752417e-02  4.316939e-02 -3.009185e-02 
 3.410000e+04  2.975630e+03 -4.757342e-02  4.321134e-02 -3.012465e-02 
 3.415000e+04  2.987205e+03 -4.762258e-02  4.325320e-02 -3.015748e-02 
 3.420000e+04  2.998779e+03 -4.767173e-02  4.329494e-02 -3.019037e-02 
 3.425000e+04  3.010353e+03 -4.772082e-02  4.333668e-02 -3.022314e-02 
 3.430000e+04  3.021927e+03 -4.776949e-02  4.337852e-02 -3.025582e-02 
 3.435000e+04  3.033501e+03 -4.781795e-02  4.342026e-02 -3.028841e-02 
 3.440000e+04  3.045075e+03 -4.786647e-02  4.346183e-02 -3.032086e-02 
 3.445000e+04  3.056649e+03 -4.791519e-02  4.350304e-02 -3.035316e-02 
 3.450000e+04  3.068223e+03 -4.796382e-02  4.354430e-02 -3.038550e-02 
 3.455000e+04  3.079797e+03 -4.801229e-02  4.358561e-02 -3.041779e-02 
 3.460000e+04  3.091371e+03 -4.806038e-02  4.362702e-02 -3.045008e-02 
 3.465000e+04  3.102945e+03 -4.810847e-02  4.366848e-02 -3.048229e-02 
 3.470000e+04  3.114519e+03 -4.815654e-02  4.370972e-02 -3.051438e-02 
 3.475000e+04  3.126093e+03 -4.820465e-02  4.375089e-02 -3.054629e-02 
 3.480000e+04  3.137668e+03 -4.825255e-02  4.379203e-02 -3.057829e-02 
 3.485000e+04  3.149242e+03 -4.830007e-02  4.383327e-02 -3.061021e-02 
 3.490000e+04  3.160816e+03 -4.834745e-02  4.387457e-02 -3.064193e-02 
 3.495000e+04  3.172390e+03 -4.839470e-02  4.391583e-02 -3.067367e-02 
 3.500000e+04  3.183964e+03 -4.844178e-02  4.395680e-02 -3.070534e-02 
 3.505000e+04  3.195538e+03 -4.848892e-02  4.399750e-02 -3.073691e-02 
 3.510000e+04  3.207112e+03 -4.853612e-02  4.403824e-02 -3.076857e-02 
 3.515000e+04  3.218686e+03 -4.858317e-02  4.407893e-02 -3.080018e-02 
 3.520000e+04  3.230260e+03 -4.863025e-02  4.411946e-02 -3.083155e-02 
 3.525000e+04  3.241834e+03 -4.867733e-02  4.415994e-02 -3.086286e-02 
 3.530000e+04  3.253408e+03 -4.872457e-02  4.420032e-02 -3.089422e-02 
 3.535000e+04  3.264982e+03 -4.877177e-02  4.424053e-02 -3.092563e-02 
 3.540000e+04  3.276556e+03 -4.881886e-02  4.428071e-02 -3.095707e-02 
 3.545000e+04  3.288130e+03 -4.886582e-02  4.432098e-02 -3.098846e-02 
 3.550000e+04  3.299705e+03 -4.891267e-02  4.436134e-02 -3.101986e-02 
 3.555000e+04  3.311279e+03 -4.895906e-02  4.440170e-02 -3.105117e-02 
 3.560000e+04  3.322853e+03 -4.900545e-02  4.444203e-02 -3.108239e-02 
 3.565000e+04  3.334427e+03 -4.905175e-02  4.448226e-02 -3.111342e-02 
 3.570000e+04  3.346001e+03 -4.909803e-02  4.452239e-02 -3.114427e-02 
 3.575000e+04  3.357575e+03 -4.914427e-02  4.456254e-02 -3.117514e-02 
 3.580000e+04  3.369149e+03 -4.919014e-02  4.460237e-02 -3.120587e-02 
 3.585000e+04  3.380723e+03 -4.923576e-02  4.464187e-02 -3.123646e-02 
 3.590000e+04  3.392297e+03 -4.928110e-02  4.468148e-02 -3.126728e-02 
 3.595000e+04  3.403871e+03 -4.932613e-02  4.472125e-02 -3.129826e-02 
 3.600000e+04  3.415445e+03 -4.937129e-02  4.476100e-02 -3.132919e-02 
 3.605000e+04  3.427019e+03 -4.941659e-02  4.480088e-02 -3.135996e-02 
 3.610000e+04  3.438593e+03 -4.946207e-02  4.484088e-02 -3.139056e-02 
 3.615000e+04  3.450168e+03 -4.950739e-02  4.488089e-02 -3.142090e-02 
 3.620000e+04  3.461742e+03 -4.955266e-02  4.492072e-02 -3.145112e-02 
 3.625000e+04  3.473316e+03 -4.959790e-02  4.496011e-02 -3.148143e-02 
 3.630000e+04  3.484890e+03 -4.964294e-02  4.499904e-02 -3.151181e-02 
 3.635000e+04  3.496464e+03 -4.968780e-02  4.503763e-02 -3.154225e-02 
 3.640000e+04  3.508038e+03 -4.973273e-02  4.507621e-02 -3.157277e-02 
 3.645000e+04  3.519612e+03 -4.977762e-02  4.511483e-02 -3.160329e-02 
 3.650000e+04  3.531186e+03 -4.982259e-02  4.515356e-02 -3.163364e-02 
 3.655000e+04  3.542760e+03 -4.986757e-02  4.519238e-02 -3.166379e-02 
 3.660000e+04  3.554334e+03 -4.991260e-02  4.523136e-02 -3.169381e-02 
 3.665000e+04  3.565908e+03 -4.995741e-02  4.527040e-02 -3.172382e-02 
 3.670000e+04  3.577482e+03 -5.000216e-02  4.530922e-02 -3.175380e-02 
 3.675000e+04  3.589056e+03 -5.004679e-02  4.534775e-02 -3.178388e-02 
 3.680000e+04  3.600630e+03 -5.009104e-02  4.538606e-02 -3.181404e-02 
 3.685000e+04  3.612205e+03 -5.013517e-02  4.542420e-02 -3.184405e-02 
 3.690000e+04  3.623779e+03 -5.017926e-02  4.546235e-02 -3.187386e-02 
 3.695000e+04  3.635353e+03 -5.022303e-02  4.550072e-02 -3.190362e-02 
 3.700000e+04  3.646927e+03 -5.026687e-02  4.553916e-02 -3.193335e-02 
 3.705000e+04  3.658501e+03 -5.031069e-02  4.557753e-02 -3.196308e-02 
 3.710000e+04  3.670075e+03 -5.035445e-02  4.561584e-02 -3.199263e-02 
 3.715000e+04  3.681649e+03 -5.039802e-02  4.565407e-02 -3.202207e-02 
 3.720000e+04  3.693223e+03 -5.044149e-02  4.569235e-02 -3.205155e-02 
 3.725000e+04  3.704797e+03 -5.048496e-02  4.573037e-02 -3.208105e-02 
 3.730000e+04  3.716371e+03 -5.052832e-02  4.576831e-02 -3.211043e-02 
 3.735000e+04  3.727945e+03 -5.057178e-02  4.580587e-02 -3.213984e-02 
 3.740000e+04  3.739519e+03 -5.061530e-02  4.584333e-02 -3.216926e-02 
 3.745000e+04  3.751093e+03 -5.065861e-02  4.588088e-02 -3.219871e-02 
 3.750000e+04  3.762668e+03 -5.070179e-02  4.591854e-02 -3.222808e-02 
 3.755000e+04  3.774242e+03 -5.074506e-02  4.595627e-02 -3.225731e-02 
 3.760000e+04  3.785816e+03 -5.078824e-02  4.599388e-02 -3.228629e-02 
 3.765000e+04  3.797390e+03 -5.083140e-02  4.603132e-02 -3.231520e-02 
 3.770000e+04  3.808964e+03 -5.087413e-02  4.606871e-02 -3.234426e-02 
 3.775000e+04  3.820538e+03 -5.091640e-02  4.610590e-02 -3.237339e-02 
 3.780000e+04  3.832112e+03 -5.095866e-02  4.614283e-02 -3.240242e-02 
 3.785000e+04  3.843686e+03 -5.100109e-02  4.617960e-02 -3.243147e-02 
 3.790000e+04  3.855260e+03 -5.104383e-02  4.621641e-02 -3.246043e-02 
 3.795000e+04  3.866834e+03 -5.108647e-02  4.625339e-02 -3.248933e-02 
 3.800000e+04  3.878408e+03 -5.112907e-02  4.629047e-02 -3.251807e-02 
 3.805000e+04  3.889982e+03 -5.117163e-02  4.632757e-02 -3.254681e-02 
 3.810000e+04  3.901556e+03 -5.121401e-02  4.636445e-02 -3.257543e-02 
 3.815000e+04  3.913130e+03 -5.125609e-02  4.640108e-02 -3.260406e-02 
 3.820000e+04  3.924705e+03 -5.129816e-02  4.643759e-02 -3.263277e-02 
 3.825000e+04  3.936279e+03 -5.134007e-02  4.647404e-02 -3.266158e-02 
 3.830000e+04  3.947853e+03 -5.138205e-02  4.651047e-02 -3.269019e-02 
 3.835000e+04  3.959427e+03 -5.142419e-02  4.654673e-02 -3.271879e-02 
 3.840000e+04  3.971001e+03 -5.146647e-02  4.658295e-02 -3.274738e-02 
 3.845000e+04  3.982575e+03 -5.150870e-02  4.661935e-02 -3.277589e-02 
 3.850000e+04  3.994149e+03 -5.155064e-02  4.665581e-02 -3.280434e-02 
 3.855000e+04  4.005723e+03 -5.159221e-02  4.669247e-02 -3.283271e-02 
 3.860000e+04  4.017297e+03 -5.163369e-02  4.672906e-02 -3.286112e-02 
 3.865000e+04  4.028871e+03 -5.167518e-02  4.676544e-02 -3.288962e-02 
 3.870000e+04  4.040445e+03 -5.171644e-02  4.680139e-02 -3.291815e-02 
 3.875000e+04  4.052019e+03 -5.175745e-02  4.683714e-02 -3.294659e-02 
 3.880000e+04  4.063593e+03 -5.179842e-02  4.687278e-02 -3.297493e-02 
 3.885000e+04  4.075168e+03 -5.183946e-02  4.690827e-02 -3.300292e-02 
 3.890000e+04  4.086742e+03 -5.188056e-02  4.694400e-02 -3.303076e-02 
 3.895000e+04  4.098316e+03 -5.192188e-02  4.697990e-02 -3.305873e-02 
 3.900000e+04  4.109890e+03 -5.196324e-02  4.701569e-02 -3.308689e-02 
 3.905000e+04  4.121464e+03 -5.200445e-02  4.705145e-02 -3.311513e-02 
 3.910000e+04  4.133038e+03 -5.204557e-02  4.708653e-02 -3.314344e-02 
 3.915000e+04  4.144612e+03 -5.208661e-02  4.712159e-02 -3.317170e-02 
 3.920000e+04  4.156186e+03 -5.212759e-02  4.715654e-02 -3.319980e-02 
 3.925000e+04  4.167760e+03 -5.216860e-02  4.719139e-02 -3.322773e-02 
 3.930000e+04  4.179334e+03 -5.220954e-02  4.722634e-02 -3.325566e-02 
 3.935000e+04  4.190908e+03 -5.225053e-02  4.726142e-02 -3.328355e-02 
 3.940000e+04  4.202482e+03 -5.229130e-02  4.729639e-02 -3.331143e-02 
 3.945000e+04  4.214056e+03 -5.233201e-02  4.733151e-02 -3.333929e-02 
 3.950000e+04  4.225630e+03 -5.237264e-02  4.736670e-02 -3.336712e-02 
 3.955000e+04  4.237205e+03 -5.241315e-02  4.740201e-02 -3.339492e-02 
 3.960000e+04  4.248779e+03 -5.245341e-02  4.743735e-02 -3.342268e-02 
 3.965000e+04  4.260353e+03 -5.249359e-02  4.747255e-02 -3.345048e-02 
 3.970000e+04  4.271927e+03 -5.253385e-02  4.750768e-02 -3.347834e-02 
 3.975000e+04  4.283501e+03 -5.257407e-02  4.754287e-02 -3.350615e-02 
 3.980000e+04  4.295075e+03 -5.261410e-02  4.757803e-02 -3.353383e-02 
 3.985000e+04  4.306649e+03 -5.265383e-02  4.761300e-02 -3.356147e-02 
 3.990000e+04  4.318223e+03 -5.269368e-02  4.764776e-02 -3.358911e-02 
 3.995000e+04  4.329797e+03 -5.273361e-02  4.768243e-02 -3.361674e-02 
 4.000000e+04  4.341371e+03 -5.277337e-02  4.771694e-02 -3.364423e-02 
 4.005000e+04  4.352945e+03 -5.281307e-02  4.775149e-02 -3.367161e-02 
 4.010000e+04  4.364519e+03 -5.285291e-02  4.778609e-02 -3.369902e-02 
 4.015000e+04  4.376093e+03 -5.289284e-02  4.782063e-02 -3.372641e-02 
 4.020000e+04  4.387668e+03 -5.293271e-02  4.785486e-02 -3.375382e-02 
 4.025000e+04  4.399242e+03 -5.297274e-02  4.788902e-02 -3.378127e-02 
 4.030000e+04  4.410816e+03 -5.301282e-02  4.792318e-02 -3.380887e-02 
 4.035000e+04  4.422390e+03 -5.305274e-02  4.795739e-02 -3.383637e-02 
 4.040000e+04  4.433964e+03 -5.309252e-02  4.799163e-02 -3.386380e-02 
 4.045000e+04  4.445538e+03 -5.313219e-02  4.802596e-02 -3.389117e-02 
 4.050000e+04  4.457112e+03 -5.317183e-02  4.806032e-02 -3.391849e-02 
 4.055000e+04  4.468686e+03 -5.321148e-02  4.809438e-02 -3.394572e-02 
 4.060000e+04  4.480260e+03 -5.325090e-02  4.812854e-02 -3.397293e-02 
 4.065000e+04  4.491834e+03 -5.329025e-02  4.816277e-02 -3.400019e-02 
 4.070000e+04  4.503408e+03 -5.332947e-02  4.819668e-02 -3.402740e-02 
 4.075000e+04  4.514982e+03 -5.336861e-02  4.823062e-02 -3.405458e-02 
 4.080000e+04  4.526556e+03 -5.340780e-02  4.826470e-02 -3.408186e-02 
 4.085000e+04  4.538130e+03 -5.344700e-02  4.829873e-02 -3.410906e-02 
 4.090000e+04  4.549705e+03 -5.348589e-02  4.833284e-02 -3.413606e-02 
 4.095000e+04  4.561279e+03 -5.352445e-02  4.836693e-02 -3.416297e-02 
 4.100000e+04  4.572853e+03 -5.356271e-02  4.840107e-02 -3.418999e-02 
 4.105000e+04  4.584427e+03 -5.360102e-02  4.843512e-02 -3.421701e-02 
 4.110000e+04  4.596001e+03 -5.363949e-02  4.846905e-02 -3.424392e-02 
 4.115000e+04  4.607575e+03 -5.367819e-02  4.850283e-02 -3.427078e-02 
 4.120000e+04  4.619149e+03 -5.371691e-02  4.853657e-02 -3.429768e-02 
 4.125000e+04  4.630723e+03 -5.375570e-02  4.857030e-02 -3.432449e-02 
 4.130000e+04  4.642297e+03 -5.379444e-02  4.860393e-02 -3.435136e-02 
 4.135000e+04  4.653871e+03 -5.383316e-02  4.863758e-02 -3.437824e-02 
 4.140000e+04  4.665445e+03 -5.387177e-02  4.867114e-02 -3.440503e-02 
 4.145000e+04  4.677019e+03 -5.391037e-02  4.870466e-02 -3.443176e-02 
 4.150000e+04  4.688593e+03 -5.394900e-02  4.873822e-02 -3.445855e-02 
 4.155000e+04  4.700168e+03 -5.398761e-02  4.877173e-02 -3.448532e-02 
 4.160000e+04  4.711742e+03 -5.402621e-02  4.880506e-02 -3.451199e-02 
 4.165000e+04  4.723316e+03 -5.406487e-02  4.883833e-02 -3.453873e-02 
 4.170000e+04  4.734890e+03 -5.410353e-02  4.887146e-02 -3.456542e-02 
 4.175000e+04  4.746464e+03 -5.414202e-02  4.890380e-02 -3.459206e-02 
 4.180000e+04  4.758038e+03 -5.418006e-02  4.893633e-02 -3.461858e-02 
 4.185000e+04  4.769612e+03 -5.421803e-02  4.896901e-02 -3.464506e-02 
 4.190000e+04  4.781186e+03 -5.425613e-02  4.900195e-02 -3.467152e-02 
 4.195000e+04  4.792760e+03 -5.429420e-02  4.903518e-02 -3.469786e-02 
 4.200000e+04  4.804334e+03 -5.433239e-02  4.906857e-02 -3.472420e-02 
 4.205000e+04  4.815908e+03 -5.437057e-02  4.910203e-02 -3.475053e-02 
 4.210000e+04  4.827482e+03 -5.440863e-02  4.913533e-02 -3.477693e-02 
 4.215000e+04  4.839056e+03 -5.444654e-02  4.916842e-02 -3.480335e-02 
 4.220000e+04  4.850630e+03 -5.448400e-02  4.920145e-02 -3.482983e-02 
 4.225000e+04  4.862205e+03 -5.452124e-02  4.923448e-02 -3.485634e-02 
 4.230000e+04  4.873779e+03 -5.455849e-02  4.926747e-02 -3.488278e-02 
 4.235000e+04  4.885353e+03 -5.459585e-02  4.930049e-02 -3.490905e-02 
 4.240000e+04  4.896927e+03 -5.463348e-02  4.933358e-02 -3.493521e-02 
 4.245000e+04  4.908501e+03 -5.467122e-02  4.936671e-02 -3.496132e-02 
 4.250000e+04  4.920075e+03 -5.470885e-02  4.939982e-02 -3.498734e-02 
 4.255000e+04  4.931649e+03 -5.474650e-02  4.943279e-02 -3.501343e-02 
 4.260000e+04  4.943223e+03 -5.478416e-02  4.946555e-02 -3.503967e-02 
 4.265000e+04  4.954797e+03 -5.482167e-02  4.949799e-02 -3.506582e-02 
 4.270000e+04  4.966371e+03 -5.485896e-02  4.953031e-02 -3.509196e-02 
 4.275000e+04  4.977945e+03 -5.489643e-02  4.956271e-02 -3.511815e-02 
 4.280000e+04  4.989519e+03 -5.493407e-02  4.959482e-02 -3.514435e-02 
 4.285000e+04  5.001093e+03 -5.497171e-02  4.962695e-02 -3.517038e-02 
 4.290000e+04  5.012668e+03 -5.500944e-02  4.965920e-02 -3.519631e-02 
 4.295000e+04  5.024242e+03 -5.504723e-02  4.969159e-02 -3.522226e-02 
 4.300000e+04  5.035816e+03 -5.508493e-02  4.972413e-02 -3.524813e-02 
 4.305000e+04  5.047390e+03 -5.512237e-02  4.975664e-02 -3.527391e-02 
 4.310000e+04  5.058964e+03 -5.515967e-02  4.978905e-02 -3.529981e-02 
 4.315000e+04  5.070538e+03 -5.519678e-02  4.982136e-02 -3.532578e-02 
 4.320000e+04  5.082112e+03 -5.523386e-02  4.985362e-02 -3.535178e-02 
 4.325000e+04  5.093686e+03 -5.527094e-02  4.988590e-02 -3.537777e-02 
 4.330000e+04  5.105260e+03 -5.530802e-02  4.991831e-02 -3.540367e-02 
 4.335000e+04  5.116834e+03 -5.534509e-02  4.995083e-02 -3.542949e-02 
 4.340000e+04  5.128408e+03 -5.538207e-02  4.998332e-02 -3.545514e-02 
 4.345000e+04  5.139982e+03 -5.541902e-02  5.001581e-02 -3.548079e-02 
 4.350000e+04  5.151556e+03 -5.545594e-02  5.004829e-02 -3.550648e-02 
 4.355000e+04  5.163130e+03 -5.549270e-02  5.008068e-02 -3.553225e-02 
 4.360000e+04  5.174705e+03 -5.552935e-02  5.011291e-02 -3.555803e-02 
 4.365000e+04  5.186279e+03 -5.556609e-02  5.014499e-02 -3.558382e-02 
 4.370000e+04  5.197853e+03 -5.560294e-02  5.017704e-02 -3.560960e-02 
 4.375000e+04  5.209427e+03 -5.563998e-02  5.020906e-02 -3.563522e-02 
 4.380000e+04  5.221001e+03 -5.567707e-02  5.024107e-02 -3.566071e-02 
 4.385000e+04  5.232575e+03 -5.571422e-02  5.027312e-02 -3.568610e-02 
 4.390000e+04  5.244149e+03 -5.575146e-02  5.030499e-02 -3.571154e-02 
 4.395000e+04  5.255723e+03 -5.578858e-02  5.033666e-02 -3.573699e-02 
 4.400000e+04  5.267297e+03 -5.582559e-02  5.036832e-02 -3.576252e-02 
 4.405000e+04  5.278871e+03 -5.586254e-02  5.040004e-02 -3.578811e-02 
 4.410000e+04  5.290445e+03 -5.589930e-02  5.043183e-02 -3.581367e-02 
