         Step [creep.tim... Z Displace... Z Displace... X Displace... 
------------- ------------- ------------- ------------- ------------- 
 5.250000e+03  1.276223e-07 -4.629353e-03  4.524540e-03 -2.433365e-03 
 5.300000e+03  3.886505e-06 -4.629555e-03  4.524645e-03 -2.433570e-03 
 5.350000e+03  2.939360e-05 -4.630497e-03  4.524855e-03 -2.434227e-03 
 5.400000e+03  1.717744e-04 -4.631012e-03  4.525078e-03 -2.434387e-03 
 5.450000e+03  6.662968e-04 -4.632041e-03  4.526651e-03 -2.435881e-03 
 5.500000e+03  1.228829e-03 -4.635545e-03  4.530147e-03 -2.439132e-03 
 5.550000e+03  1.791361e-03 -4.641161e-03  4.535750e-03 -2.443776e-03 
 5.600000e+03  2.420503e-03 -4.648572e-03  4.544048e-03 -2.449412e-03 
 5.650000e+03  3.465552e-03 -4.660459e-03  4.558151e-03 -2.457992e-03 
 5.700000e+03  4.542467e-03 -4.670169e-03  4.569253e-03 -2.464119e-03 
 5.750000e+03  5.823381e-03 -4.678155e-03  4.576782e-03 -2.468416e-03 
 5.800000e+03  7.112715e-03 -4.685678e-03  4.583311e-03 -2.473103e-03 
 5.850000e+03  8.402049e-03 -4.694701e-03  4.591627e-03 -2.479899e-03 
 5.900000e+03  9.691384e-03 -4.705322e-03  4.602583e-03 -2.488818e-03 
 5.950000e+03  1.098729e-02 -4.717067e-03  4.615652e-03 -2.499270e-03 
 6.000000e+03  1.281178e-02 -4.733474e-03  4.634197e-03 -2.513271e-03 
 6.050000e+03  1.471671e-02 -4.748926e-03  4.649963e-03 -2.524191e-03 
 6.100000e+03  1.679502e-02 -4.763368e-03  4.662918e-03 -2.531849e-03 
 6.150000e+03  1.900022e-02 -4.777572e-03  4.676126e-03 -2.539195e-03 
 6.200000e+03  2.120542e-02 -4.792313e-03  4.690931e-03 -2.548177e-03 
 6.250000e+03  2.341062e-02 -4.808388e-03  4.708035e-03 -2.559782e-03 
 6.300000e+03  2.561582e-02 -4.825624e-03  4.726753e-03 -2.573965e-03 
 6.350000e+03  2.844258e-02 -4.847341e-03  4.749293e-03 -2.593062e-03 
 6.400000e+03  3.139776e-02 -4.866627e-03  4.768305e-03 -2.609130e-03 
 6.450000e+03  3.450735e-02 -4.884051e-03  4.786016e-03 -2.621816e-03 
 6.500000e+03  3.776543e-02 -4.902181e-03  4.804622e-03 -2.633301e-03 
 6.550000e+03  4.102351e-02 -4.921255e-03  4.824454e-03 -2.645283e-03 
 6.600000e+03  4.428160e-02 -4.941985e-03  4.846360e-03 -2.659048e-03 
 6.650000e+03  4.754962e-02 -4.964576e-03  4.870383e-03 -2.674998e-03 
 6.700000e+03  5.156488e-02 -4.991318e-03  4.898935e-03 -2.695562e-03 
 6.750000e+03  5.572311e-02 -5.014095e-03  4.922128e-03 -2.714240e-03 
 6.800000e+03  6.040328e-02 -5.036816e-03  4.944639e-03 -2.732554e-03 
 6.850000e+03  6.545764e-02 -5.061348e-03  4.969216e-03 -2.750836e-03 
 6.900000e+03  7.051199e-02 -5.086586e-03  4.994837e-03 -2.768788e-03 
 6.950000e+03  7.556635e-02 -5.113223e-03  5.022144e-03 -2.787384e-03 
 7.000000e+03  8.082233e-02 -5.142992e-03  5.052967e-03 -2.807787e-03 
 7.050000e+03  8.696593e-02 -5.177939e-03  5.088593e-03 -2.830905e-03 
 7.100000e+03  9.310953e-02 -5.207724e-03  5.117982e-03 -2.851144e-03 
 7.150000e+03  9.981556e-02 -5.236561e-03  5.146805e-03 -2.872307e-03 
 7.200000e+03  1.069276e-01 -5.266503e-03  5.176983e-03 -2.894954e-03 
 7.250000e+03  1.140395e-01 -5.296369e-03  5.207495e-03 -2.917647e-03 
 7.300000e+03  1.211515e-01 -5.326871e-03  5.238769e-03 -2.940696e-03 
 7.350000e+03  1.295966e-01 -5.364683e-03  5.276950e-03 -2.968040e-03 
 7.400000e+03  1.382412e-01 -5.403029e-03  5.314399e-03 -2.993516e-03 
 7.450000e+03  1.468859e-01 -5.436934e-03  5.347925e-03 -3.015714e-03 
 7.500000e+03  1.555306e-01 -5.469003e-03  5.380307e-03 -3.037515e-03 
 7.550000e+03  1.641752e-01 -5.500664e-03  5.412582e-03 -3.059852e-03 
 7.600000e+03  1.728199e-01 -5.531818e-03  5.444811e-03 -3.082855e-03 
 7.650000e+03  1.823813e-01 -5.566020e-03  5.480018e-03 -3.108992e-03 
 7.700000e+03  1.939659e-01 -5.607302e-03  5.521730e-03 -3.140237e-03 
 7.750000e+03  2.055506e-01 -5.646453e-03  5.560273e-03 -3.168331e-03 
 7.800000e+03  2.171353e-01 -5.683659e-03  5.596854e-03 -3.193489e-03 
 7.850000e+03  2.287200e-01 -5.720523e-03  5.633298e-03 -3.217972e-03 
 7.900000e+03  2.403047e-01 -5.757369e-03  5.669876e-03 -3.242563e-03 
 7.950000e+03  2.518893e-01 -5.793549e-03  5.706297e-03 -3.267719e-03 
 8.000000e+03  2.638633e-01 -5.829780e-03  5.743088e-03 -3.294159e-03 
 8.050000e+03  2.775977e-01 -5.869301e-03  5.782960e-03 -3.324030e-03 
 8.100000e+03  2.916790e-01 -5.907587e-03  5.821379e-03 -3.352528e-03 
 8.150000e+03  3.057602e-01 -5.945256e-03  5.858996e-03 -3.379337e-03 
 8.200000e+03  3.198415e-01 -5.983028e-03  5.896628e-03 -3.405036e-03 
 8.250000e+03  3.339227e-01 -6.021032e-03  5.934124e-03 -3.430381e-03 
 8.300000e+03  3.480040e-01 -6.058891e-03  5.971312e-03 -3.455681e-03 
 8.350000e+03  3.625668e-01 -6.096653e-03  6.008600e-03 -3.481716e-03 
 8.400000e+03  3.785261e-01 -6.135375e-03  6.047238e-03 -3.509516e-03 
 8.450000e+03  3.954789e-01 -6.174457e-03  6.086975e-03 -3.538457e-03 
 8.500000e+03  4.125948e-01 -6.213489e-03  6.126391e-03 -3.566871e-03 
 8.550000e+03  4.297106e-01 -6.252473e-03  6.165368e-03 -3.594358e-03 
 8.600000e+03  4.479219e-01 -6.293920e-03  6.206792e-03 -3.622840e-03 
 8.650000e+03  4.667921e-01 -6.336669e-03  6.249220e-03 -3.651547e-03 
 8.700000e+03  4.856623e-01 -6.378049e-03  6.289801e-03 -3.679245e-03 
 8.750000e+03  5.045325e-01 -6.417880e-03  6.328463e-03 -3.706342e-03 
 8.800000e+03  5.234027e-01 -6.456488e-03  6.366313e-03 -3.733462e-03 
 8.850000e+03  5.422730e-01 -6.493962e-03  6.403600e-03 -3.760438e-03 
 8.900000e+03  5.617197e-01 -6.531838e-03  6.441388e-03 -3.787788e-03 
 8.950000e+03  5.838514e-01 -6.574790e-03  6.484314e-03 -3.818216e-03 
 9.000000e+03  6.067883e-01 -6.619047e-03  6.528377e-03 -3.848475e-03 
 9.050000e+03  6.297252e-01 -6.662189e-03  6.571058e-03 -3.877189e-03 
 9.100000e+03  6.526620e-01 -6.704359e-03  6.612472e-03 -3.905257e-03 
 9.150000e+03  6.755989e-01 -6.745781e-03  6.652998e-03 -3.933282e-03 
 9.200000e+03  6.985358e-01 -6.786121e-03  6.692497e-03 -3.961292e-03 
 9.250000e+03  7.214956e-01 -6.825181e-03  6.731069e-03 -3.989253e-03 
 9.300000e+03  7.463259e-01 -6.866556e-03  6.772286e-03 -4.019038e-03 
 9.350000e+03  7.716138e-01 -6.908178e-03  6.813916e-03 -4.048399e-03 
 9.400000e+03  7.969017e-01 -6.949068e-03  6.854946e-03 -4.076409e-03 
 9.450000e+03  8.227206e-01 -6.990536e-03  6.896374e-03 -4.104086e-03 
 9.500000e+03  8.492729e-01 -7.032955e-03  6.938406e-03 -4.132199e-03 
 9.550000e+03  8.758252e-01 -7.074523e-03  6.979296e-03 -4.160227e-03 
 9.600000e+03  9.023775e-01 -7.114769e-03  7.018694e-03 -4.188193e-03 
 9.650000e+03  9.304393e-01 -7.156345e-03  7.059215e-03 -4.217546e-03 
 9.700000e+03  9.597132e-01 -7.199011e-03  7.100839e-03 -4.247602e-03 
 9.750000e+03  9.889871e-01 -7.240893e-03  7.141996e-03 -4.276747e-03 
 9.800000e+03  1.018261e+00 -7.282477e-03  7.182952e-03 -4.304931e-03 
 9.850000e+03  1.048442e+00 -7.325176e-03  7.225060e-03 -4.333281e-03 
 9.900000e+03  1.079180e+00 -7.368096e-03  7.267500e-03 -4.361790e-03 
 9.950000e+03  1.109918e+00 -7.409903e-03  7.308751e-03 -4.389942e-03 
 1.000000e+04  1.141520e+00 -7.451958e-03  7.349752e-03 -4.418651e-03 
 1.005000e+04  1.175409e+00 -7.496265e-03  7.392765e-03 -4.449336e-03 
 1.010000e+04  1.209297e+00 -7.539561e-03  7.434958e-03 -4.479635e-03 
 1.015000e+04  1.243185e+00 -7.582088e-03  7.476565e-03 -4.509181e-03 
 1.020000e+04  1.277073e+00 -7.624462e-03  7.518074e-03 -4.537928e-03 
 1.025000e+04  1.310961e+00 -7.666608e-03  7.559490e-03 -4.566033e-03 
 1.030000e+04  1.344850e+00 -7.707989e-03  7.600472e-03 -4.593535e-03 
 1.035000e+04  1.379483e+00 -7.749359e-03  7.641496e-03 -4.621290e-03 
 1.040000e+04  1.416703e+00 -7.793048e-03  7.684756e-03 -4.651114e-03 
 1.045000e+04  1.454065e+00 -7.836231e-03  7.727093e-03 -4.680943e-03 
 1.050000e+04  1.491426e+00 -7.878440e-03  7.768298e-03 -4.710322e-03 
 1.055000e+04  1.530395e+00 -7.922047e-03  7.810768e-03 -4.740405e-03 
 1.060000e+04  1.569624e+00 -7.965845e-03  7.853349e-03 -4.770051e-03 
 1.065000e+04  1.608854e+00 -8.009081e-03  7.895455e-03 -4.798891e-03 
 1.070000e+04  1.648202e+00 -8.051753e-03  7.937141e-03 -4.827260e-03 
 1.075000e+04  1.689393e+00 -8.095880e-03  7.980430e-03 -4.856754e-03 
 1.080000e+04  1.730584e+00 -8.139286e-03  8.023193e-03 -4.886087e-03 
 1.085000e+04  1.771776e+00 -8.181629e-03  8.064745e-03 -4.915145e-03 
 1.090000e+04  1.816116e+00 -8.226629e-03  8.108608e-03 -4.946075e-03 
 1.095000e+04  1.861530e+00 -8.272468e-03  8.152946e-03 -4.977337e-03 
 1.100000e+04  1.906943e+00 -8.317726e-03  8.196655e-03 -5.007954e-03 
 1.105000e+04  1.952357e+00 -8.362300e-03  8.239861e-03 -5.037897e-03 
 1.110000e+04  1.999132e+00 -8.407929e-03  8.284098e-03 -5.068157e-03 
 1.115000e+04  2.046816e+00 -8.453873e-03  8.328860e-03 -5.098679e-03 
 1.120000e+04  2.094501e+00 -8.498843e-03  8.372804e-03 -5.128888e-03 
 1.125000e+04  2.142757e+00 -8.543350e-03  8.416489e-03 -5.159215e-03 
 1.130000e+04  2.192825e+00 -8.588916e-03  8.461287e-03 -5.190513e-03 
 1.135000e+04  2.242893e+00 -8.633895e-03  8.505389e-03 -5.221452e-03 
 1.140000e+04  2.293112e+00 -8.678471e-03  8.548899e-03 -5.251802e-03 
 1.145000e+04  2.347313e+00 -8.726413e-03  8.595427e-03 -5.283888e-03 
 1.150000e+04  2.402514e+00 -8.774943e-03  8.642421e-03 -5.316127e-03 
 1.155000e+04  2.457714e+00 -8.822640e-03  8.688618e-03 -5.347847e-03 
 1.160000e+04  2.512914e+00 -8.869349e-03  8.734052e-03 -5.379240e-03 
 1.165000e+04  2.568115e+00 -8.915422e-03  8.779054e-03 -5.410514e-03 
 1.170000e+04  2.623315e+00 -8.960874e-03  8.823541e-03 -5.441557e-03 
 1.175000e+04  2.678736e+00 -9.005790e-03  8.867485e-03 -5.472155e-03 
 1.180000e+04  2.739951e+00 -9.055198e-03  8.915469e-03 -5.505409e-03 
 1.185000e+04  2.803852e+00 -9.106516e-03  8.965028e-03 -5.539682e-03 
 1.190000e+04  2.867753e+00 -9.157091e-03  9.013716e-03 -5.573396e-03 
 1.195000e+04  2.931655e+00 -9.206855e-03  9.061590e-03 -5.606582e-03 
 1.200000e+04  2.995556e+00 -9.256204e-03  9.108912e-03 -5.639402e-03 
 1.205000e+04  3.059457e+00 -9.304842e-03  9.155722e-03 -5.671950e-03 
 1.210000e+04  3.123359e+00 -9.352444e-03  9.201886e-03 -5.704206e-03 
 1.215000e+04  3.189378e+00 -9.400902e-03  9.249126e-03 -5.737165e-03 
 1.220000e+04  3.259829e+00 -9.452246e-03  9.299235e-03 -5.771884e-03 
 1.225000e+04  3.330280e+00 -9.503108e-03  9.348721e-03 -5.806043e-03 
 1.230000e+04  3.400732e+00 -9.553375e-03  9.397384e-03 -5.839577e-03 
 1.235000e+04  3.477072e+00 -9.607368e-03  9.449405e-03 -5.875406e-03 
 1.240000e+04  3.554745e+00 -9.661719e-03  9.501685e-03 -5.911504e-03 
 1.245000e+04  3.632417e+00 -9.715008e-03  9.553020e-03 -5.947312e-03 
 1.250000e+04  3.710090e+00 -9.767303e-03  9.603633e-03 -5.982743e-03 
 1.255000e+04  3.789704e+00 -9.820364e-03  9.655089e-03 -6.018731e-03 
 1.260000e+04  3.871260e+00 -9.874154e-03  9.707444e-03 -6.055060e-03 
 1.265000e+04  3.952816e+00 -9.927259e-03  9.759094e-03 -6.090680e-03 
 1.270000e+04  4.037989e+00 -9.982280e-03  9.812391e-03 -6.127281e-03 
 1.275000e+04  4.127904e+00 -1.004001e-02  9.868067e-03 -6.165591e-03 
 1.280000e+04  4.217820e+00 -1.009688e-02  9.922609e-03 -6.203469e-03 
 1.285000e+04  4.307735e+00 -1.015278e-02  9.976074e-03 -6.240866e-03 
 1.290000e+04  4.397651e+00 -1.020816e-02  1.002894e-02 -6.277931e-03 
 1.295000e+04  4.487566e+00 -1.026284e-02  1.008132e-02 -6.314660e-03 
 1.300000e+04  4.577482e+00 -1.031660e-02  1.013307e-02 -6.350861e-03 
 1.305000e+04  4.671686e+00 -1.037228e-02  1.018684e-02 -6.388177e-03 
 1.310000e+04  4.770818e+00 -1.043054e-02  1.024321e-02 -6.427003e-03 
 1.315000e+04  4.869950e+00 -1.048813e-02  1.029886e-02 -6.465293e-03 
 1.320000e+04  4.969776e+00 -1.054526e-02  1.035387e-02 -6.503290e-03 
 1.325000e+04  5.073864e+00 -1.060430e-02  1.041038e-02 -6.542518e-03 
 1.330000e+04  5.177952e+00 -1.066260e-02  1.046610e-02 -6.581452e-03 
 1.335000e+04  5.282041e+00 -1.071977e-02  1.052100e-02 -6.620019e-03 
 1.340000e+04  5.386546e+00 -1.077647e-02  1.057554e-02 -6.658228e-03 
 1.345000e+04  5.495838e+00 -1.083537e-02  1.063226e-02 -6.697693e-03 
 1.350000e+04  5.605131e+00 -1.089370e-02  1.068854e-02 -6.736562e-03 
 1.355000e+04  5.714533e+00 -1.095129e-02  1.074418e-02 -6.774855e-03 
 1.360000e+04  5.832963e+00 -1.101306e-02  1.080370e-02 -6.815816e-03 
 1.365000e+04  5.953459e+00 -1.107531e-02  1.086340e-02 -6.857232e-03 
 1.370000e+04  6.073954e+00 -1.113663e-02  1.092195e-02 -6.898190e-03 
 1.375000e+04  6.195172e+00 -1.119742e-02  1.097993e-02 -6.938927e-03 
 1.380000e+04  6.321692e+00 -1.126036e-02  1.103991e-02 -6.980974e-03 
 1.385000e+04  6.448213e+00 -1.132269e-02  1.109938e-02 -7.022493e-03 
 1.390000e+04  6.574733e+00 -1.138413e-02  1.115813e-02 -7.063325e-03 
 1.395000e+04  6.704416e+00 -1.144645e-02  1.121777e-02 -7.104603e-03 
 1.400000e+04  6.843506e+00 -1.151268e-02  1.128128e-02 -7.148472e-03 
 1.405000e+04  6.982994e+00 -1.157821e-02  1.134404e-02 -7.191998e-03 
 1.410000e+04  7.122901e+00 -1.164300e-02  1.140583e-02 -7.235091e-03 
 1.415000e+04  7.273318e+00 -1.171192e-02  1.147139e-02 -7.281016e-03 
 1.420000e+04  7.427104e+00 -1.178161e-02  1.153767e-02 -7.327501e-03 
 1.425000e+04  7.580890e+00 -1.185014e-02  1.160299e-02 -7.373180e-03 
 1.430000e+04  7.736368e+00 -1.191871e-02  1.166834e-02 -7.418712e-03 
 1.435000e+04  7.897843e+00 -1.198935e-02  1.173575e-02 -7.465424e-03 
 1.440000e+04  8.059319e+00 -1.205888e-02  1.180244e-02 -7.511533e-03 
 1.445000e+04  8.220955e+00 -1.212738e-02  1.186822e-02 -7.557097e-03 
 1.450000e+04  8.395252e+00 -1.220049e-02  1.193828e-02 -7.605783e-03 
 1.455000e+04  8.573278e+00 -1.227439e-02  1.200886e-02 -7.655063e-03 
 1.460000e+04  8.751305e+00 -1.234724e-02  1.207827e-02 -7.703596e-03 
 1.465000e+04  8.931646e+00 -1.242017e-02  1.214768e-02 -7.751987e-03 
 1.470000e+04  9.118574e+00 -1.249523e-02  1.221881e-02 -7.801526e-03 
 1.475000e+04  9.305502e+00 -1.256937e-02  1.228906e-02 -7.850452e-03 
 1.480000e+04  9.492429e+00 -1.264235e-02  1.235841e-02 -7.898745e-03 
 1.485000e+04  9.689162e+00 -1.271821e-02  1.243063e-02 -7.948961e-03 
 1.490000e+04  9.895250e+00 -1.279686e-02  1.250547e-02 -8.001096e-03 
 1.495000e+04  1.010134e+01 -1.287444e-02  1.257912e-02 -8.052530e-03 
 1.500000e+04  1.031175e+01 -1.295261e-02  1.265321e-02 -8.104208e-03 
 1.505000e+04  1.053810e+01 -1.303599e-02  1.273197e-02 -8.159135e-03 
 1.510000e+04  1.076531e+01 -1.311868e-02  1.280997e-02 -8.213599e-03 
 1.515000e+04  1.099252e+01 -1.320006e-02  1.288679e-02 -8.267182e-03 
 1.520000e+04  1.122587e+01 -1.328258e-02  1.296472e-02 -8.321565e-03 
 1.525000e+04  1.146444e+01 -1.336596e-02  1.304352e-02 -8.376561e-03 
 1.530000e+04  1.170302e+01 -1.344796e-02  1.312136e-02 -8.430807e-03 
 1.535000e+04  1.195154e+01 -1.353219e-02  1.320143e-02 -8.486502e-03 
 1.540000e+04  1.222666e+01 -1.362460e-02  1.328903e-02 -8.547448e-03 
 1.545000e+04  1.250284e+01 -1.371613e-02  1.337572e-02 -8.607801e-03 
 1.550000e+04  1.277902e+01 -1.380619e-02  1.346098e-02 -8.667099e-03 
 1.555000e+04  1.306265e+01 -1.389760e-02  1.354718e-02 -8.727089e-03 
 1.560000e+04  1.335264e+01 -1.398994e-02  1.363419e-02 -8.787715e-03 
 1.565000e+04  1.364262e+01 -1.408087e-02  1.371997e-02 -8.847606e-03 
 1.570000e+04  1.393464e+01 -1.417103e-02  1.380507e-02 -8.907028e-03 
 1.575000e+04  1.425131e+01 -1.426777e-02  1.389631e-02 -8.970615e-03 
 1.580000e+04  1.457102e+01 -1.436429e-02  1.398731e-02 -9.033928e-03 
 1.585000e+04  1.489073e+01 -1.445931e-02  1.407681e-02 -9.096177e-03 
 1.590000e+04  1.522999e+01 -1.455887e-02  1.417022e-02 -9.161250e-03 
 1.595000e+04  1.558247e+01 -1.466118e-02  1.426611e-02 -9.228098e-03 
 1.600000e+04  1.593495e+01 -1.476187e-02  1.436040e-02 -9.293923e-03 
 1.605000e+04  1.628884e+01 -1.486141e-02  1.445341e-02 -9.358966e-03 
 1.610000e+04  1.665894e+01 -1.496417e-02  1.454954e-02 -9.426150e-03 
 1.615000e+04  1.702905e+01 -1.506545e-02  1.464447e-02 -9.492382e-03 
 1.620000e+04  1.739915e+01 -1.516506e-02  1.473805e-02 -9.557457e-03 
 1.625000e+04  1.779725e+01 -1.527094e-02  1.483738e-02 -9.626466e-03 
 1.630000e+04  1.820529e+01 -1.537813e-02  1.493794e-02 -9.696342e-03 
 1.635000e+04  1.861333e+01 -1.548349e-02  1.503682e-02 -9.765167e-03 
 1.640000e+04  1.902749e+01 -1.558887e-02  1.513538e-02 -9.833807e-03 
 1.645000e+04  1.946922e+01 -1.569997e-02  1.523905e-02 -9.906050e-03 
 1.650000e+04  1.991908e+01 -1.581144e-02  1.534319e-02 -9.978682e-03 
 1.655000e+04  2.036895e+01 -1.592100e-02  1.544570e-02 -1.005006e-02 
 1.660000e+04  2.083422e+01 -1.603284e-02  1.555013e-02 -1.012266e-02 
 1.665000e+04  2.133019e+01 -1.615060e-02  1.566003e-02 -1.019904e-02 
 1.670000e+04  2.182617e+01 -1.626641e-02  1.576815e-02 -1.027418e-02 
 1.675000e+04  2.232810e+01 -1.638183e-02  1.587563e-02 -1.034891e-02 
 1.680000e+04  2.286970e+01 -1.650482e-02  1.598985e-02 -1.042846e-02 
 1.685000e+04  2.341651e+01 -1.662716e-02  1.610325e-02 -1.050757e-02 
 1.690000e+04  2.396333e+01 -1.674742e-02  1.621468e-02 -1.058522e-02 
 1.695000e+04  2.452873e+01 -1.687002e-02  1.632806e-02 -1.066420e-02 
 1.700000e+04  2.510288e+01 -1.699278e-02  1.644161e-02 -1.074326e-02 
 1.705000e+04  2.567704e+01 -1.711340e-02  1.655333e-02 -1.082097e-02 
 1.710000e+04  2.626612e+01 -1.723518e-02  1.666608e-02 -1.089938e-02 
 1.715000e+04  2.689912e+01 -1.736436e-02  1.678561e-02 -1.098251e-02 
 1.720000e+04  2.753213e+01 -1.749147e-02  1.690326e-02 -1.106430e-02 
 1.725000e+04  2.816513e+01 -1.761631e-02  1.701882e-02 -1.114452e-02 
 1.730000e+04  2.883738e+01 -1.774704e-02  1.713948e-02 -1.122835e-02 
 1.735000e+04  2.953527e+01 -1.788072e-02  1.726296e-02 -1.131418e-02 
 1.740000e+04  3.023315e+01 -1.801203e-02  1.738439e-02 -1.139846e-02 
 1.745000e+04  3.093872e+01 -1.814269e-02  1.750493e-02 -1.148208e-02 
 1.750000e+04  3.167150e+01 -1.827644e-02  1.762816e-02 -1.156762e-02 
 1.755000e+04  3.240428e+01 -1.840800e-02  1.774945e-02 -1.165180e-02 
 1.760000e+04  3.314439e+01 -1.853866e-02  1.786980e-02 -1.173522e-02 
 1.765000e+04  3.394997e+01 -1.867901e-02  1.799865e-02 -1.182464e-02 
 1.770000e+04  3.475787e+01 -1.881769e-02  1.812578e-02 -1.191294e-02 
 1.775000e+04  3.556576e+01 -1.895388e-02  1.825059e-02 -1.199958e-02 
 1.780000e+04  3.641808e+01 -1.909527e-02  1.837982e-02 -1.208925e-02 
 1.785000e+04  3.730878e+01 -1.924090e-02  1.851276e-02 -1.218159e-02 
 1.790000e+04  3.819948e+01 -1.938393e-02  1.864341e-02 -1.227234e-02 
 1.795000e+04  3.909820e+01 -1.952566e-02  1.877281e-02 -1.236212e-02 
 1.800000e+04  4.007646e+01 -1.967761e-02  1.891137e-02 -1.245817e-02 
 1.805000e+04  4.105845e+01 -1.982758e-02  1.904812e-02 -1.255298e-02 
 1.810000e+04  4.204045e+01 -1.997470e-02  1.918232e-02 -1.264590e-02 
 1.815000e+04  4.308657e+01 -2.012874e-02  1.932258e-02 -1.274303e-02 
 1.820000e+04  4.416922e+01 -2.028567e-02  1.946534e-02 -1.284194e-02 
 1.825000e+04  4.525187e+01 -2.043963e-02  1.960537e-02 -1.293894e-02 
 1.830000e+04  4.634449e+01 -2.059210e-02  1.974389e-02 -1.303480e-02 
 1.835000e+04  4.753811e+01 -2.075591e-02  1.989261e-02 -1.313774e-02 
 1.840000e+04  4.873173e+01 -2.091680e-02  2.003868e-02 -1.323880e-02 
 1.845000e+04  4.992536e+01 -2.107458e-02  2.018181e-02 -1.333772e-02 
 1.850000e+04  5.119054e+01 -2.123889e-02  2.033058e-02 -1.344056e-02 
 1.855000e+04  5.250651e+01 -2.140697e-02  2.048256e-02 -1.354565e-02 
 1.860000e+04  5.382248e+01 -2.157178e-02  2.063138e-02 -1.364852e-02 
 1.865000e+04  5.515819e+01 -2.173589e-02  2.077920e-02 -1.375078e-02 
 1.870000e+04  5.660490e+01 -2.191056e-02  2.093634e-02 -1.385960e-02 
 1.875000e+04  5.805576e+01 -2.208239e-02  2.109089e-02 -1.396652e-02 
 1.880000e+04  5.950661e+01 -2.225076e-02  2.124218e-02 -1.407103e-02 
 1.885000e+04  6.101115e+01 -2.242209e-02  2.139588e-02 -1.417727e-02 
 1.890000e+04  6.253455e+01 -2.259223e-02  2.154861e-02 -1.428287e-02 
 1.895000e+04  6.405795e+01 -2.275900e-02  2.169829e-02 -1.438620e-02 
 1.900000e+04  6.568235e+01 -2.293350e-02  2.185467e-02 -1.449412e-02 
 1.905000e+04  6.736190e+01 -2.311071e-02  2.201335e-02 -1.460371e-02 
 1.910000e+04  6.904145e+01 -2.328430e-02  2.216878e-02 -1.471099e-02 
 1.915000e+04  7.074787e+01 -2.345701e-02  2.232326e-02 -1.481750e-02 
 1.920000e+04  7.259781e+01 -2.364078e-02  2.248744e-02 -1.493073e-02 
 1.925000e+04  7.444951e+01 -2.382110e-02  2.264845e-02 -1.504182e-02 
 1.930000e+04  7.630121e+01 -2.399765e-02  2.280591e-02 -1.515040e-02 
 1.935000e+04  7.823254e+01 -2.417817e-02  2.296653e-02 -1.526120e-02 
 1.940000e+04  8.017682e+01 -2.435644e-02  2.312492e-02 -1.537054e-02 
 1.945000e+04  8.212111e+01 -2.453103e-02  2.327996e-02 -1.547752e-02 
 1.950000e+04  8.421997e+01 -2.471578e-02  2.344383e-02 -1.559051e-02 
 1.955000e+04  8.636355e+01 -2.490093e-02  2.360780e-02 -1.570366e-02 
 1.960000e+04  8.850712e+01 -2.508221e-02  2.376827e-02 -1.581441e-02 
 1.965000e+04  9.068714e+01 -2.526255e-02  2.392781e-02 -1.592444e-02 
 1.970000e+04  9.305043e+01 -2.545418e-02  2.409714e-02 -1.604121e-02 
 1.975000e+04  9.541373e+01 -2.564185e-02  2.426288e-02 -1.615555e-02 
 1.980000e+04  9.777702e+01 -2.582544e-02  2.442485e-02 -1.626724e-02 
 1.985000e+04  1.003164e+02 -2.601854e-02  2.459497e-02 -1.638456e-02 
 1.990000e+04  1.029219e+02 -2.621260e-02  2.476586e-02 -1.650244e-02 
 1.995000e+04  1.055274e+02 -2.640224e-02  2.493283e-02 -1.661759e-02 
 2.000000e+04  1.082261e+02 -2.659425e-02  2.510162e-02 -1.673401e-02 
 2.005000e+04  1.110987e+02 -2.679445e-02  2.527739e-02 -1.685529e-02 
 2.010000e+04  1.139713e+02 -2.699021e-02  2.544912e-02 -1.697379e-02 
 2.015000e+04  1.168439e+02 -2.718144e-02  2.561667e-02 -1.708938e-02 
 2.020000e+04  1.198544e+02 -2.737740e-02  2.578809e-02 -1.720771e-02 
 2.025000e+04  1.228706e+02 -2.756940e-02  2.595589e-02 -1.732360e-02 
 2.030000e+04  1.260045e+02 -2.776441e-02  2.612618e-02 -1.744120e-02 
 2.035000e+04  1.292570e+02 -2.796240e-02  2.629891e-02 -1.756053e-02 
 2.040000e+04  1.325824e+02 -2.816034e-02  2.647150e-02 -1.767982e-02 
 2.045000e+04  1.359078e+02 -2.835362e-02  2.663993e-02 -1.779620e-02 
 2.050000e+04  1.394226e+02 -2.855312e-02  2.681357e-02 -1.791618e-02 
 2.055000e+04  1.430888e+02 -2.875668e-02  2.699061e-02 -1.803858e-02 
 2.060000e+04  1.467551e+02 -2.895542e-02  2.716334e-02 -1.815806e-02 
 2.065000e+04  1.504213e+02 -2.914934e-02  2.733161e-02 -1.827453e-02 
 2.070000e+04  1.542254e+02 -2.934576e-02  2.750184e-02 -1.839244e-02 
 2.075000e+04  1.582674e+02 -2.954989e-02  2.767872e-02 -1.851495e-02 
 2.080000e+04  1.623095e+02 -2.974925e-02  2.785138e-02 -1.863451e-02 
 2.085000e+04  1.663515e+02 -2.994378e-02  2.801968e-02 -1.875111e-02 
 2.090000e+04  1.704380e+02 -3.013565e-02  2.818551e-02 -1.886612e-02 
 2.095000e+04  1.746821e+02 -3.033027e-02  2.835364e-02 -1.898275e-02 
 2.100000e+04  1.790663e+02 -3.052667e-02  2.852327e-02 -1.910039e-02 
 2.105000e+04  1.835227e+02 -3.072185e-02  2.869166e-02 -1.921727e-02 
 2.110000e+04  1.879790e+02 -3.091238e-02  2.885584e-02 -1.933137e-02 
 2.115000e+04  1.925423e+02 -3.110272e-02  2.901970e-02 -1.944531e-02 
 2.120000e+04  1.972215e+02 -3.129337e-02  2.918383e-02 -1.955942e-02 
 2.125000e+04  2.021299e+02 -3.148876e-02  2.935203e-02 -1.967635e-02 
 2.130000e+04  2.070430e+02 -3.167981e-02  2.951632e-02 -1.979062e-02 
 2.135000e+04  2.119561e+02 -3.186632e-02  2.967646e-02 -1.990213e-02 
 2.140000e+04  2.170854e+02 -3.205647e-02  2.983950e-02 -2.001585e-02 
 2.145000e+04  2.222442e+02 -3.224322e-02  2.999956e-02 -2.012754e-02 
 2.150000e+04  2.274546e+02 -3.242736e-02  3.015722e-02 -2.023762e-02 
 2.155000e+04  2.331259e+02 -3.262338e-02  3.032485e-02 -2.035472e-02 
 2.160000e+04  2.388134e+02 -3.281553e-02  3.048906e-02 -2.046953e-02 
 2.165000e+04  2.445009e+02 -3.300286e-02  3.064916e-02 -2.058152e-02 
 2.170000e+04  2.501885e+02 -3.318540e-02  3.080512e-02 -2.069063e-02 
 2.175000e+04  2.558760e+02 -3.336335e-02  3.095716e-02 -2.079708e-02 
 2.180000e+04  2.616261e+02 -3.353901e-02  3.110718e-02 -2.090216e-02 
 2.185000e+04  2.675981e+02 -3.371752e-02  3.125953e-02 -2.100891e-02 
 2.190000e+04  2.735700e+02 -3.389220e-02  3.140846e-02 -2.111326e-02 
 2.195000e+04  2.795419e+02 -3.406294e-02  3.155375e-02 -2.121526e-02 
 2.200000e+04  2.855138e+02 -3.422964e-02  3.169565e-02 -2.131499e-02 
 2.205000e+04  2.914858e+02 -3.439245e-02  3.183443e-02 -2.141252e-02 
 2.210000e+04  2.976249e+02 -3.455614e-02  3.197407e-02 -2.151063e-02 
 2.215000e+04  3.038954e+02 -3.471992e-02  3.211377e-02 -2.160864e-02 
 2.220000e+04  3.101659e+02 -3.488036e-02  3.225019e-02 -2.170463e-02 
 2.225000e+04  3.164365e+02 -3.503746e-02  3.238361e-02 -2.179871e-02 
 2.230000e+04  3.227070e+02 -3.519123e-02  3.251414e-02 -2.189082e-02 
 2.235000e+04  3.289775e+02 -3.534187e-02  3.264186e-02 -2.198101e-02 
 2.240000e+04  3.352480e+02 -3.548956e-02  3.276687e-02 -2.206935e-02 
 2.245000e+04  3.415185e+02 -3.563437e-02  3.288930e-02 -2.215598e-02 
 2.250000e+04  3.477891e+02 -3.577628e-02  3.300934e-02 -2.224101e-02 
 2.255000e+04  3.541474e+02 -3.591737e-02  3.312878e-02 -2.232562e-02 
 2.260000e+04  3.607314e+02 -3.606081e-02  3.325027e-02 -2.241161e-02 
 2.265000e+04  3.673155e+02 -3.620162e-02  3.336925e-02 -2.249592e-02 
 2.270000e+04  3.738995e+02 -3.633974e-02  3.348578e-02 -2.257862e-02 
 2.275000e+04  3.804836e+02 -3.647508e-02  3.360012e-02 -2.265982e-02 
 2.280000e+04  3.870676e+02 -3.660771e-02  3.371236e-02 -2.273951e-02 
 2.285000e+04  3.936516e+02 -3.673777e-02  3.382256e-02 -2.281770e-02 
 2.290000e+04  4.002357e+02 -3.686550e-02  3.393082e-02 -2.289449e-02 
 2.295000e+04  4.068197e+02 -3.699104e-02  3.403726e-02 -2.296997e-02 
 2.300000e+04  4.134038e+02 -3.711446e-02  3.414187e-02 -2.304419e-02 
 2.305000e+04  4.199878e+02 -3.723580e-02  3.424458e-02 -2.311717e-02 
 2.310000e+04  4.265719e+02 -3.735506e-02  3.434554e-02 -2.318895e-02 
 2.315000e+04  4.331559e+02 -3.747234e-02  3.444470e-02 -2.325950e-02 
 2.320000e+04  4.397400e+02 -3.758775e-02  3.454221e-02 -2.332885e-02 
 2.325000e+04  4.463240e+02 -3.770139e-02  3.463820e-02 -2.339711e-02 
 2.330000e+04  4.529081e+02 -3.781327e-02  3.473269e-02 -2.346428e-02 
 2.335000e+04  4.594921e+02 -3.792343e-02  3.482562e-02 -2.353038e-02 
 2.340000e+04  4.661222e+02 -3.803269e-02  3.491769e-02 -2.359595e-02 
 2.345000e+04  4.730355e+02 -3.814498e-02  3.501228e-02 -2.366336e-02 
 2.350000e+04  4.799487e+02 -3.825555e-02  3.510540e-02 -2.372972e-02 
 2.355000e+04  4.868620e+02 -3.836430e-02  3.519706e-02 -2.379507e-02 
 2.360000e+04  4.937752e+02 -3.847128e-02  3.528733e-02 -2.385944e-02 
 2.365000e+04  5.006885e+02 -3.857667e-02  3.537626e-02 -2.392293e-02 
 2.370000e+04  5.076017e+02 -3.868052e-02  3.546393e-02 -2.398554e-02 
 2.375000e+04  5.147984e+02 -3.878706e-02  3.555381e-02 -2.404969e-02 
 2.380000e+04  5.220573e+02 -3.889305e-02  3.564307e-02 -2.411346e-02 
 2.385000e+04  5.293162e+02 -3.899749e-02  3.573084e-02 -2.417632e-02 
 2.390000e+04  5.365752e+02 -3.910030e-02  3.581720e-02 -2.423829e-02 
 2.395000e+04  5.438341e+02 -3.920158e-02  3.590228e-02 -2.429947e-02 
 2.400000e+04  5.510930e+02 -3.930143e-02  3.598623e-02 -2.435989e-02 
 2.405000e+04  5.583519e+02 -3.939995e-02  3.606912e-02 -2.441951e-02 
 2.410000e+04  5.656108e+02 -3.949725e-02  3.615090e-02 -2.447844e-02 
 2.415000e+04  5.730802e+02 -3.959616e-02  3.623392e-02 -2.453838e-02 
 2.420000e+04  5.807021e+02 -3.969590e-02  3.631750e-02 -2.459889e-02 
 2.425000e+04  5.883239e+02 -3.979436e-02  3.639994e-02 -2.465868e-02 
 2.430000e+04  5.959458e+02 -3.989149e-02  3.648132e-02 -2.471773e-02 
 2.435000e+04  6.035676e+02 -3.998737e-02  3.656163e-02 -2.477609e-02 
 2.440000e+04  6.111895e+02 -4.008206e-02  3.664091e-02 -2.483379e-02 
 2.445000e+04  6.188113e+02 -4.017554e-02  3.671918e-02 -2.489083e-02 
 2.450000e+04  6.265475e+02 -4.026928e-02  3.679762e-02 -2.494807e-02 
 2.455000e+04  6.345505e+02 -4.036529e-02  3.687778e-02 -2.500664e-02 
 2.460000e+04  6.425534e+02 -4.046026e-02  3.695698e-02 -2.506450e-02 
 2.465000e+04  6.505564e+02 -4.055416e-02  3.703530e-02 -2.512171e-02 
 2.470000e+04  6.585593e+02 -4.064705e-02  3.711271e-02 -2.517828e-02 
 2.475000e+04  6.666983e+02 -4.074050e-02  3.719041e-02 -2.523515e-02 
 2.480000e+04  6.751014e+02 -4.083587e-02  3.726966e-02 -2.529324e-02 
 2.485000e+04  6.835045e+02 -4.093030e-02  3.734811e-02 -2.535062e-02 
 2.490000e+04  6.919076e+02 -4.102387e-02  3.742576e-02 -2.540743e-02 
 2.495000e+04  7.004872e+02 -4.111859e-02  3.750421e-02 -2.546483e-02 
 2.500000e+04  7.093104e+02 -4.121500e-02  3.758406e-02 -2.552328e-02 
 2.505000e+04  7.181337e+02 -4.131035e-02  3.766310e-02 -2.558096e-02 
 2.510000e+04  7.269569e+02 -4.140467e-02  3.774128e-02 -2.563801e-02 
 2.515000e+04  7.357802e+02 -4.149784e-02  3.781872e-02 -2.569441e-02 
 2.520000e+04  7.446034e+02 -4.159010e-02  3.789543e-02 -2.575021e-02 
 2.525000e+04  7.534267e+02 -4.168159e-02  3.797137e-02 -2.580540e-02 
 2.530000e+04  7.622499e+02 -4.177228e-02  3.804659e-02 -2.586003e-02 
 2.535000e+04  7.710732e+02 -4.186218e-02  3.812111e-02 -2.591408e-02 
 2.540000e+04  7.798964e+02 -4.195123e-02  3.819492e-02 -2.596759e-02 
 2.545000e+04  7.887285e+02 -4.203954e-02  3.826828e-02 -2.602073e-02 
 2.550000e+04  7.979929e+02 -4.213133e-02  3.834477e-02 -2.607603e-02 
 2.555000e+04  8.072573e+02 -4.222231e-02  3.842086e-02 -2.613069e-02 
 2.560000e+04  8.165218e+02 -4.231238e-02  3.849638e-02 -2.618463e-02 
 2.565000e+04  8.257862e+02 -4.240150e-02  3.857149e-02 -2.623806e-02 
 2.570000e+04  8.350506e+02 -4.248964e-02  3.864626e-02 -2.629098e-02 
 2.575000e+04  8.443150e+02 -4.257699e-02  3.872082e-02 -2.634344e-02 
 2.580000e+04  8.535794e+02 -4.266371e-02  3.879509e-02 -2.639549e-02 
 2.585000e+04  8.628438e+02 -4.274984e-02  3.886899e-02 -2.644718e-02 
 2.590000e+04  8.721082e+02 -4.283522e-02  3.894232e-02 -2.649846e-02 
 2.595000e+04  8.813727e+02 -4.291973e-02  3.901503e-02 -2.654929e-02 
 2.600000e+04  8.906371e+02 -4.300323e-02  3.908702e-02 -2.659957e-02 
 2.605000e+04  8.999015e+02 -4.308577e-02  3.915819e-02 -2.664929e-02 
 2.610000e+04  9.091659e+02 -4.316746e-02  3.922865e-02 -2.669844e-02 
 2.615000e+04  9.184303e+02 -4.324847e-02  3.929846e-02 -2.674710e-02 
 2.620000e+04  9.281024e+02 -4.333240e-02  3.937062e-02 -2.679746e-02 
 2.625000e+04  9.378300e+02 -4.341603e-02  3.944234e-02 -2.684758e-02 
 2.630000e+04  9.475576e+02 -4.349877e-02  3.951293e-02 -2.689707e-02 
 2.635000e+04  9.572853e+02 -4.358057e-02  3.958253e-02 -2.694616e-02 
 2.640000e+04  9.670129e+02 -4.366152e-02  3.965124e-02 -2.699473e-02 
 2.645000e+04  9.767405e+02 -4.374171e-02  3.971926e-02 -2.704293e-02 
 2.650000e+04  9.864682e+02 -4.382114e-02  3.978658e-02 -2.709070e-02 
 2.655000e+04  9.961958e+02 -4.389978e-02  3.985321e-02 -2.713798e-02 
 2.660000e+04  1.005923e+03 -4.397774e-02  3.991929e-02 -2.718484e-02 
 2.665000e+04  1.015651e+03 -4.405502e-02  3.998478e-02 -2.723126e-02 
 2.670000e+04  1.025379e+03 -4.413150e-02  4.004969e-02 -2.727732e-02 
 2.675000e+04  1.035106e+03 -4.420719e-02  4.011386e-02 -2.732297e-02 
 2.680000e+04  1.044834e+03 -4.428216e-02  4.017739e-02 -2.736816e-02 
 2.685000e+04  1.054737e+03 -4.435781e-02  4.024139e-02 -2.741367e-02 
 2.690000e+04  1.064951e+03 -4.443509e-02  4.030677e-02 -2.746021e-02 
 2.695000e+04  1.075165e+03 -4.451129e-02  4.037132e-02 -2.750607e-02 
 2.700000e+04  1.085379e+03 -4.458652e-02  4.043502e-02 -2.755138e-02 
 2.705000e+04  1.095593e+03 -4.466084e-02  4.049807e-02 -2.759627e-02 
 2.710000e+04  1.105807e+03 -4.473441e-02  4.056063e-02 -2.764091e-02 
 2.715000e+04  1.116021e+03 -4.480750e-02  4.062266e-02 -2.768541e-02 
 2.720000e+04  1.126235e+03 -4.488019e-02  4.068420e-02 -2.772966e-02 
 2.725000e+04  1.136449e+03 -4.495246e-02  4.074534e-02 -2.777351e-02 
 2.730000e+04  1.146663e+03 -4.502414e-02  4.080593e-02 -2.781696e-02 
 2.735000e+04  1.156969e+03 -4.509569e-02  4.086646e-02 -2.786042e-02 
 2.740000e+04  1.167694e+03 -4.516937e-02  4.092873e-02 -2.790526e-02 
 2.745000e+04  1.178418e+03 -4.524236e-02  4.099021e-02 -2.794948e-02 
 2.750000e+04  1.189400e+03 -4.531662e-02  4.105234e-02 -2.799447e-02 
 2.755000e+04  1.200661e+03 -4.539239e-02  4.111540e-02 -2.804024e-02 
 2.760000e+04  1.211922e+03 -4.546753e-02  4.117798e-02 -2.808548e-02 
 2.765000e+04  1.223183e+03 -4.554206e-02  4.124019e-02 -2.813040e-02 
 2.770000e+04  1.234519e+03 -4.561641e-02  4.130232e-02 -2.817520e-02 
 2.775000e+04  1.246093e+03 -4.569160e-02  4.136538e-02 -2.822050e-02 
 2.780000e+04  1.257667e+03 -4.576591e-02  4.142786e-02 -2.826518e-02 
 2.785000e+04  1.269242e+03 -4.583927e-02  4.148975e-02 -2.830945e-02 
 2.790000e+04  1.280816e+03 -4.591173e-02  4.155110e-02 -2.835331e-02 
 2.795000e+04  1.292390e+03 -4.598373e-02  4.161193e-02 -2.839680e-02 
 2.800000e+04  1.303964e+03 -4.605505e-02  4.167244e-02 -2.843985e-02 
 2.805000e+04  1.315538e+03 -4.612566e-02  4.173260e-02 -2.848250e-02 
 2.810000e+04  1.327112e+03 -4.619554e-02  4.179241e-02 -2.852483e-02 
 2.815000e+04  1.338686e+03 -4.626477e-02  4.185186e-02 -2.856704e-02 
 2.820000e+04  1.350260e+03 -4.633351e-02  4.191075e-02 -2.860891e-02 
 2.825000e+04  1.361834e+03 -4.640178e-02  4.196893e-02 -2.865035e-02 
 2.830000e+04  1.373408e+03 -4.646984e-02  4.202628e-02 -2.869143e-02 
 2.835000e+04  1.384982e+03 -4.653767e-02  4.208295e-02 -2.873232e-02 
 2.840000e+04  1.396556e+03 -4.660516e-02  4.213915e-02 -2.877292e-02 
 2.845000e+04  1.408130e+03 -4.667201e-02  4.219499e-02 -2.881310e-02 
 2.850000e+04  1.419704e+03 -4.673825e-02  4.225055e-02 -2.885280e-02 
 2.855000e+04  1.431279e+03 -4.680398e-02  4.230574e-02 -2.889225e-02 
 2.860000e+04  1.442853e+03 -4.686933e-02  4.236038e-02 -2.893155e-02 
 2.865000e+04  1.454427e+03 -4.693428e-02  4.241450e-02 -2.897057e-02 
 2.870000e+04  1.466001e+03 -4.699871e-02  4.246812e-02 -2.900935e-02 
 2.875000e+04  1.477575e+03 -4.706238e-02  4.252137e-02 -2.904790e-02 
 2.880000e+04  1.489149e+03 -4.712532e-02  4.257436e-02 -2.908613e-02 
 2.885000e+04  1.500723e+03 -4.718775e-02  4.262723e-02 -2.912406e-02 
 2.890000e+04  1.512297e+03 -4.724971e-02  4.267986e-02 -2.916191e-02 
 2.895000e+04  1.523871e+03 -4.731113e-02  4.273230e-02 -2.919980e-02 
 2.900000e+04  1.535445e+03 -4.737198e-02  4.278459e-02 -2.923739e-02 
 2.905000e+04  1.547019e+03 -4.743216e-02  4.283668e-02 -2.927460e-02 
 2.910000e+04  1.558593e+03 -4.749160e-02  4.288835e-02 -2.931139e-02 
 2.915000e+04  1.570167e+03 -4.755043e-02  4.293935e-02 -2.934775e-02 
 2.920000e+04  1.581742e+03 -4.760882e-02  4.298969e-02 -2.938372e-02 
 2.925000e+04  1.593316e+03 -4.766673e-02  4.303947e-02 -2.941940e-02 
 2.930000e+04  1.604890e+03 -4.772430e-02  4.308879e-02 -2.945499e-02 
 2.935000e+04  1.616464e+03 -4.778164e-02  4.313781e-02 -2.949062e-02 
 2.940000e+04  1.628038e+03 -4.783894e-02  4.318672e-02 -2.952634e-02 
 2.945000e+04  1.639612e+03 -4.789630e-02  4.323560e-02 -2.956216e-02 
 2.950000e+04  1.651186e+03 -4.795378e-02  4.328435e-02 -2.959801e-02 
 2.955000e+04  1.662760e+03 -4.801142e-02  4.333287e-02 -2.963385e-02 
 2.960000e+04  1.674334e+03 -4.806917e-02  4.338116e-02 -2.966958e-02 
 2.965000e+04  1.685908e+03 -4.812672e-02  4.342922e-02 -2.970516e-02 
 2.970000e+04  1.697482e+03 -4.818346e-02  4.347681e-02 -2.974037e-02 
 2.975000e+04  1.709056e+03 -4.823921e-02  4.352378e-02 -2.977497e-02 
 2.980000e+04  1.720630e+03 -4.829427e-02  4.357002e-02 -2.980911e-02 
 2.985000e+04  1.732204e+03 -4.834910e-02  4.361564e-02 -2.984313e-02 
 2.990000e+04  1.743779e+03 -4.840397e-02  4.366098e-02 -2.987736e-02 
 2.995000e+04  1.755353e+03 -4.845894e-02  4.370639e-02 -2.991184e-02 
 3.000000e+04  1.766927e+03 -4.851391e-02  4.375203e-02 -2.994645e-02 
 3.005000e+04  1.778501e+03 -4.856852e-02  4.379797e-02 -2.998068e-02 
 3.010000e+04  1.790075e+03 -4.862220e-02  4.384413e-02 -3.001431e-02 
 3.015000e+04  1.801649e+03 -4.867481e-02  4.389043e-02 -3.004760e-02 
 3.020000e+04  1.813223e+03 -4.872683e-02  4.393664e-02 -3.008081e-02 
 3.025000e+04  1.824797e+03 -4.877872e-02  4.398236e-02 -3.011400e-02 
 3.030000e+04  1.836371e+03 -4.883071e-02  4.402747e-02 -3.014708e-02 
 3.035000e+04  1.847945e+03 -4.888283e-02  4.407217e-02 -3.017995e-02 
 3.040000e+04  1.859519e+03 -4.893480e-02  4.411659e-02 -3.021249e-02 
 3.045000e+04  1.871093e+03 -4.898638e-02  4.416066e-02 -3.024466e-02 
 3.050000e+04  1.882667e+03 -4.903754e-02  4.420440e-02 -3.027665e-02 
 3.055000e+04  1.894242e+03 -4.908839e-02  4.424792e-02 -3.030852e-02 
 3.060000e+04  1.905816e+03 -4.913909e-02  4.429134e-02 -3.034028e-02 
 3.065000e+04  1.917390e+03 -4.918967e-02  4.433469e-02 -3.037193e-02 
 3.070000e+04  1.928964e+03 -4.924022e-02  4.437797e-02 -3.040345e-02 
 3.075000e+04  1.940538e+03 -4.929075e-02  4.442105e-02 -3.043485e-02 
 3.080000e+04  1.952112e+03 -4.934124e-02  4.446382e-02 -3.046614e-02 
 3.085000e+04  1.963686e+03 -4.939155e-02  4.450617e-02 -3.049731e-02 
 3.090000e+04  1.975260e+03 -4.944150e-02  4.454816e-02 -3.052831e-02 
 3.095000e+04  1.986834e+03 -4.949097e-02  4.458988e-02 -3.055908e-02 
 3.100000e+04  1.998408e+03 -4.953993e-02  4.463145e-02 -3.058959e-02 
 3.105000e+04  2.009982e+03 -4.958850e-02  4.467299e-02 -3.061995e-02 
 3.110000e+04  2.021556e+03 -4.963679e-02  4.471452e-02 -3.065020e-02 
 3.115000e+04  2.033130e+03 -4.968486e-02  4.475599e-02 -3.068036e-02 
 3.120000e+04  2.044704e+03 -4.973279e-02  4.479732e-02 -3.071041e-02 
 3.125000e+04  2.056279e+03 -4.978057e-02  4.483841e-02 -3.074036e-02 
 3.130000e+04  2.067853e+03 -4.982810e-02  4.487922e-02 -3.077015e-02 
 3.135000e+04  2.079427e+03 -4.987534e-02  4.491968e-02 -3.079979e-02 
 3.140000e+04  2.091001e+03 -4.992230e-02  4.495980e-02 -3.082923e-02 
 3.145000e+04  2.102575e+03 -4.996901e-02  4.499966e-02 -3.085853e-02 
 3.150000e+04  2.114149e+03 -5.001555e-02  4.503932e-02 -3.088771e-02 
 3.155000e+04  2.125723e+03 -5.006198e-02  4.507878e-02 -3.091679e-02 
 3.160000e+04  2.137297e+03 -5.010833e-02  4.511803e-02 -3.094551e-02 
 3.165000e+04  2.148871e+03 -5.015461e-02  4.515697e-02 -3.097407e-02 
 3.170000e+04  2.160445e+03 -5.020074e-02  4.519545e-02 -3.100266e-02 
 3.175000e+04  2.172019e+03 -5.024653e-02  4.523380e-02 -3.103132e-02 
 3.180000e+04  2.183593e+03 -5.029215e-02  4.527203e-02 -3.105992e-02 
 3.185000e+04  2.195167e+03 -5.033780e-02  4.531028e-02 -3.108841e-02 
 3.190000e+04  2.206742e+03 -5.038348e-02  4.534856e-02 -3.111669e-02 
 3.195000e+04  2.218316e+03 -5.042892e-02  4.538680e-02 -3.114477e-02 
 3.200000e+04  2.229890e+03 -5.047411e-02  4.542499e-02 -3.117276e-02 
 3.205000e+04  2.241464e+03 -5.051901e-02  4.546307e-02 -3.120064e-02 
 3.210000e+04  2.253038e+03 -5.056364e-02  4.550094e-02 -3.122833e-02 
 3.215000e+04  2.264612e+03 -5.060806e-02  4.553865e-02 -3.125579e-02 
 3.220000e+04  2.276186e+03 -5.065232e-02  4.557625e-02 -3.128320e-02 
 3.225000e+04  2.287760e+03 -5.069640e-02  4.561386e-02 -3.131059e-02 
 3.230000e+04  2.299334e+03 -5.074036e-02  4.565148e-02 -3.133790e-02 
 3.235000e+04  2.310908e+03 -5.078431e-02  4.568906e-02 -3.136492e-02 
 3.240000e+04  2.322482e+03 -5.082819e-02  4.572652e-02 -3.139179e-02 
 3.245000e+04  2.334056e+03 -5.087182e-02  4.576369e-02 -3.141862e-02 
 3.250000e+04  2.345630e+03 -5.091516e-02  4.580072e-02 -3.144550e-02 
 3.255000e+04  2.357204e+03 -5.095846e-02  4.583765e-02 -3.147244e-02 
 3.260000e+04  2.368779e+03 -5.100189e-02  4.587449e-02 -3.149917e-02 
 3.265000e+04  2.380353e+03 -5.104540e-02  4.591127e-02 -3.152568e-02 
 3.270000e+04  2.391927e+03 -5.108893e-02  4.594793e-02 -3.155205e-02 
 3.275000e+04  2.403501e+03 -5.113229e-02  4.598447e-02 -3.157843e-02 
 3.280000e+04  2.415075e+03 -5.117544e-02  4.602085e-02 -3.160480e-02 
 3.285000e+04  2.426649e+03 -5.121842e-02  4.605706e-02 -3.163118e-02 
 3.290000e+04  2.438223e+03 -5.126129e-02  4.609311e-02 -3.165746e-02 
 3.295000e+04  2.449797e+03 -5.130407e-02  4.612902e-02 -3.168351e-02 
 3.300000e+04  2.461371e+03 -5.134667e-02  4.616492e-02 -3.170932e-02 
 3.305000e+04  2.472945e+03 -5.138882e-02  4.620074e-02 -3.173500e-02 
 3.310000e+04  2.484519e+03 -5.143047e-02  4.623637e-02 -3.176056e-02 
 3.315000e+04  2.496093e+03 -5.147197e-02  4.627175e-02 -3.178621e-02 
 3.320000e+04  2.507667e+03 -5.151339e-02  4.630695e-02 -3.181188e-02 
 3.325000e+04  2.519242e+03 -5.155455e-02  4.634205e-02 -3.183756e-02 
 3.330000e+04  2.530816e+03 -5.159543e-02  4.637712e-02 -3.186315e-02 
 3.335000e+04  2.542390e+03 -5.163621e-02  4.641221e-02 -3.188863e-02 
 3.340000e+04  2.553964e+03 -5.167675e-02  4.644726e-02 -3.191391e-02 
 3.345000e+04  2.565538e+03 -5.171694e-02  4.648216e-02 -3.193905e-02 
 3.350000e+04  2.577112e+03 -5.175705e-02  4.651671e-02 -3.196405e-02 
 3.355000e+04  2.588686e+03 -5.179693e-02  4.655112e-02 -3.198908e-02 
 3.360000e+04  2.600260e+03 -5.183666e-02  4.658544e-02 -3.201414e-02 
 3.365000e+04  2.611834e+03 -5.187626e-02  4.661963e-02 -3.203918e-02 
 3.370000e+04  2.623408e+03 -5.191587e-02  4.665357e-02 -3.206389e-02 
 3.375000e+04  2.634982e+03 -5.195548e-02  4.668728e-02 -3.208851e-02 
 3.380000e+04  2.646556e+03 -5.199480e-02  4.672079e-02 -3.211315e-02 
 3.385000e+04  2.658130e+03 -5.203405e-02  4.675425e-02 -3.213793e-02 
 3.390000e+04  2.669704e+03 -5.207331e-02  4.678771e-02 -3.216276e-02 
 3.395000e+04  2.681279e+03 -5.211255e-02  4.682122e-02 -3.218738e-02 
 3.400000e+04  2.692853e+03 -5.215160e-02  4.685478e-02 -3.221175e-02 
 3.405000e+04  2.704427e+03 -5.219039e-02  4.688830e-02 -3.223597e-02 
 3.410000e+04  2.716001e+03 -5.222911e-02  4.692171e-02 -3.226011e-02 
 3.415000e+04  2.727575e+03 -5.226777e-02  4.695500e-02 -3.228440e-02 
 3.420000e+04  2.739149e+03 -5.230632e-02  4.698805e-02 -3.230873e-02 
 3.425000e+04  2.750723e+03 -5.234491e-02  4.702095e-02 -3.233301e-02 
 3.430000e+04  2.762297e+03 -5.238326e-02  4.705384e-02 -3.235725e-02 
 3.435000e+04  2.773871e+03 -5.242142e-02  4.708681e-02 -3.238141e-02 
 3.440000e+04  2.785445e+03 -5.245943e-02  4.711990e-02 -3.240557e-02 
 3.445000e+04  2.797019e+03 -5.249737e-02  4.715307e-02 -3.242961e-02 
 3.450000e+04  2.808593e+03 -5.253519e-02  4.718626e-02 -3.245360e-02 
 3.455000e+04  2.820167e+03 -5.257308e-02  4.721943e-02 -3.247756e-02 
 3.460000e+04  2.831742e+03 -5.261058e-02  4.725238e-02 -3.250146e-02 
 3.465000e+04  2.843316e+03 -5.264780e-02  4.728501e-02 -3.252535e-02 
 3.470000e+04  2.854890e+03 -5.268503e-02  4.731747e-02 -3.254930e-02 
 3.475000e+04  2.866464e+03 -5.272243e-02  4.734986e-02 -3.257332e-02 
 3.480000e+04  2.878038e+03 -5.276004e-02  4.738212e-02 -3.259723e-02 
 3.485000e+04  2.889612e+03 -5.279771e-02  4.741427e-02 -3.262094e-02 
 3.490000e+04  2.901186e+03 -5.283518e-02  4.744647e-02 -3.264457e-02 
 3.495000e+04  2.912760e+03 -5.287246e-02  4.747877e-02 -3.266813e-02 
 3.500000e+04  2.924334e+03 -5.290950e-02  4.751111e-02 -3.269162e-02 
 3.505000e+04  2.935908e+03 -5.294640e-02  4.754340e-02 -3.271497e-02 
 3.510000e+04  2.947482e+03 -5.298329e-02  4.757546e-02 -3.273831e-02 
 3.515000e+04  2.959056e+03 -5.302015e-02  4.760728e-02 -3.276160e-02 
 3.520000e+04  2.970630e+03 -5.305709e-02  4.763883e-02 -3.278478e-02 
 3.525000e+04  2.982204e+03 -5.309401e-02  4.767018e-02 -3.280806e-02 
 3.530000e+04  2.993779e+03 -5.313083e-02  4.770154e-02 -3.283133e-02 
 3.535000e+04  3.005353e+03 -5.316736e-02  4.773300e-02 -3.285445e-02 
 3.540000e+04  3.016927e+03 -5.320375e-02  4.776457e-02 -3.287754e-02 
 3.545000e+04  3.028501e+03 -5.324003e-02  4.779612e-02 -3.290055e-02 
 3.550000e+04  3.040075e+03 -5.327621e-02  4.782763e-02 -3.292342e-02 
 3.555000e+04  3.051649e+03 -5.331243e-02  4.785900e-02 -3.294633e-02 
 3.560000e+04  3.063223e+03 -5.334852e-02  4.789012e-02 -3.296917e-02 
 3.565000e+04  3.074797e+03 -5.338431e-02  4.792096e-02 -3.299187e-02 
 3.570000e+04  3.086371e+03 -5.342006e-02  4.795164e-02 -3.301457e-02 
 3.575000e+04  3.097945e+03 -5.345576e-02  4.798219e-02 -3.303736e-02 
 3.580000e+04  3.109519e+03 -5.349155e-02  4.801255e-02 -3.306013e-02 
 3.585000e+04  3.121093e+03 -5.352749e-02  4.804290e-02 -3.308284e-02 
 3.590000e+04  3.132667e+03 -5.356342e-02  4.807336e-02 -3.310534e-02 
 3.595000e+04  3.144242e+03 -5.359897e-02  4.810393e-02 -3.312777e-02 
 3.600000e+04  3.155816e+03 -5.363432e-02  4.813448e-02 -3.315013e-02 
 3.605000e+04  3.167390e+03 -5.366969e-02  4.816481e-02 -3.317252e-02 
 3.610000e+04  3.178964e+03 -5.370506e-02  4.819499e-02 -3.319498e-02 
 3.615000e+04  3.190538e+03 -5.374041e-02  4.822504e-02 -3.321752e-02 
 3.620000e+04  3.202112e+03 -5.377584e-02  4.825505e-02 -3.323992e-02 
 3.625000e+04  3.213686e+03 -5.381126e-02  4.828501e-02 -3.326223e-02 
 3.630000e+04  3.225260e+03 -5.384651e-02  4.831487e-02 -3.328444e-02 
 3.635000e+04  3.236834e+03 -5.388136e-02  4.834470e-02 -3.330665e-02 
 3.640000e+04  3.248408e+03 -5.391619e-02  4.837456e-02 -3.332885e-02 
 3.645000e+04  3.259982e+03 -5.395077e-02  4.840445e-02 -3.335114e-02 
 3.650000e+04  3.271556e+03 -5.398539e-02  4.843434e-02 -3.337337e-02 
 3.655000e+04  3.283130e+03 -5.402004e-02  4.846422e-02 -3.339549e-02 
 3.660000e+04  3.294704e+03 -5.405448e-02  4.849395e-02 -3.341757e-02 
 3.665000e+04  3.306279e+03 -5.408885e-02  4.852343e-02 -3.343965e-02 
 3.670000e+04  3.317853e+03 -5.412333e-02  4.855270e-02 -3.346165e-02 
 3.675000e+04  3.329427e+03 -5.415788e-02  4.858197e-02 -3.348350e-02 
 3.680000e+04  3.341001e+03 -5.419235e-02  4.861118e-02 -3.350530e-02 
 3.685000e+04  3.352575e+03 -5.422674e-02  4.864026e-02 -3.352720e-02 
 3.690000e+04  3.364149e+03 -5.426089e-02  4.866946e-02 -3.354920e-02 
 3.695000e+04  3.375723e+03 -5.429494e-02  4.869877e-02 -3.357108e-02 
 3.700000e+04  3.387297e+03 -5.432900e-02  4.872817e-02 -3.359290e-02 
 3.705000e+04  3.398871e+03 -5.436308e-02  4.875755e-02 -3.361457e-02 
 3.710000e+04  3.410445e+03 -5.439698e-02  4.878674e-02 -3.363623e-02 
 3.715000e+04  3.422019e+03 -5.443070e-02  4.881582e-02 -3.365788e-02 
 3.720000e+04  3.433593e+03 -5.446413e-02  4.884488e-02 -3.367954e-02 
 3.725000e+04  3.445167e+03 -5.449726e-02  4.887392e-02 -3.370114e-02 
 3.730000e+04  3.456742e+03 -5.453033e-02  4.890287e-02 -3.372273e-02 
 3.735000e+04  3.468316e+03 -5.456346e-02  4.893184e-02 -3.374420e-02 
 3.740000e+04  3.479890e+03 -5.459663e-02  4.896090e-02 -3.376562e-02 
 3.745000e+04  3.491464e+03 -5.462976e-02  4.899006e-02 -3.378696e-02 
 3.750000e+04  3.503038e+03 -5.466280e-02  4.901922e-02 -3.380826e-02 
 3.755000e+04  3.514612e+03 -5.469572e-02  4.904831e-02 -3.382934e-02 
 3.760000e+04  3.526186e+03 -5.472858e-02  4.907711e-02 -3.385045e-02 
 3.765000e+04  3.537760e+03 -5.476145e-02  4.910577e-02 -3.387169e-02 
 3.770000e+04  3.549334e+03 -5.479425e-02  4.913437e-02 -3.389299e-02 
 3.775000e+04  3.560908e+03 -5.482694e-02  4.916287e-02 -3.391416e-02 
 3.780000e+04  3.572482e+03 -5.485966e-02  4.919134e-02 -3.393521e-02 
 3.785000e+04  3.584056e+03 -5.489237e-02  4.921987e-02 -3.395622e-02 
 3.790000e+04  3.595630e+03 -5.492503e-02  4.924828e-02 -3.397724e-02 
 3.795000e+04  3.607204e+03 -5.495748e-02  4.927664e-02 -3.399822e-02 
 3.800000e+04  3.618779e+03 -5.498988e-02  4.930508e-02 -3.401914e-02 
 3.805000e+04  3.630353e+03 -5.502229e-02  4.933366e-02 -3.404007e-02 
 3.810000e+04  3.641927e+03 -5.505463e-02  4.936223e-02 -3.406096e-02 
 3.815000e+04  3.653501e+03 -5.508685e-02  4.939074e-02 -3.408168e-02 
 3.820000e+04  3.665075e+03 -5.511894e-02  4.941930e-02 -3.410223e-02 
 3.825000e+04  3.676649e+03 -5.515102e-02  4.944791e-02 -3.412292e-02 
 3.830000e+04  3.688223e+03 -5.518305e-02  4.947642e-02 -3.414367e-02 
 3.835000e+04  3.699797e+03 -5.521497e-02  4.950476e-02 -3.416446e-02 
 3.840000e+04  3.711371e+03 -5.524669e-02  4.953309e-02 -3.418521e-02 
 3.845000e+04  3.722945e+03 -5.527854e-02  4.956142e-02 -3.420582e-02 
 3.850000e+04  3.734519e+03 -5.531057e-02  4.958981e-02 -3.422638e-02 
 3.855000e+04  3.746093e+03 -5.534272e-02  4.961829e-02 -3.424686e-02 
 3.860000e+04  3.757667e+03 -5.537496e-02  4.964659e-02 -3.426733e-02 
 3.865000e+04  3.769242e+03 -5.540711e-02  4.967471e-02 -3.428783e-02 
 3.870000e+04  3.780816e+03 -5.543910e-02  4.970267e-02 -3.430816e-02 
 3.875000e+04  3.792390e+03 -5.547099e-02  4.973050e-02 -3.432856e-02 
 3.880000e+04  3.803964e+03 -5.550283e-02  4.975820e-02 -3.434902e-02 
 3.885000e+04  3.815538e+03 -5.553462e-02  4.978575e-02 -3.436946e-02 
 3.890000e+04  3.827112e+03 -5.556644e-02  4.981320e-02 -3.438985e-02 
 3.895000e+04  3.838686e+03 -5.559840e-02  4.984071e-02 -3.441026e-02 
 3.900000e+04  3.850260e+03 -5.563040e-02  4.986832e-02 -3.443066e-02 
 3.905000e+04  3.861834e+03 -5.566222e-02  4.989590e-02 -3.445097e-02 
 3.910000e+04  3.873408e+03 -5.569389e-02  4.992344e-02 -3.447114e-02 
 3.915000e+04  3.884982e+03 -5.572544e-02  4.995089e-02 -3.449121e-02 
 3.920000e+04  3.896556e+03 -5.575692e-02  4.997813e-02 -3.451123e-02 
 3.925000e+04  3.908130e+03 -5.578814e-02  5.000525e-02 -3.453131e-02 
 3.930000e+04  3.919704e+03 -5.581912e-02  5.003244e-02 -3.455136e-02 
 3.935000e+04  3.931279e+03 -5.585003e-02  5.005981e-02 -3.457149e-02 
 3.940000e+04  3.942853e+03 -5.588103e-02  5.008718e-02 -3.459160e-02 
 3.945000e+04  3.954427e+03 -5.591210e-02  5.011455e-02 -3.461157e-02 
 3.950000e+04  3.966001e+03 -5.594305e-02  5.014202e-02 -3.463147e-02 
 3.955000e+04  3.977575e+03 -5.597381e-02  5.016959e-02 -3.465138e-02 
 3.960000e+04  3.989149e+03 -5.600455e-02  5.019702e-02 -3.467122e-02 
 3.965000e+04  4.000723e+03 -5.603531e-02  5.022419e-02 -3.469104e-02 
 3.970000e+04  4.012297e+03 -5.606607e-02  5.025132e-02 -3.471087e-02 
 3.975000e+04  4.023871e+03 -5.609678e-02  5.027845e-02 -3.473067e-02 
 3.980000e+04  4.035445e+03 -5.612750e-02  5.030542e-02 -3.475041e-02 
 3.985000e+04  4.047019e+03 -5.615825e-02  5.033236e-02 -3.477005e-02 
 3.990000e+04  4.058593e+03 -5.618904e-02  5.035910e-02 -3.478957e-02 
 3.995000e+04  4.070167e+03 -5.621996e-02  5.038576e-02 -3.480911e-02 
 4.000000e+04  4.081742e+03 -5.625085e-02  5.041251e-02 -3.482869e-02 
 4.005000e+04  4.093316e+03 -5.628155e-02  5.043928e-02 -3.484832e-02 
 4.010000e+04  4.104890e+03 -5.631203e-02  5.046603e-02 -3.486800e-02 
 4.015000e+04  4.116464e+03 -5.634230e-02  5.049266e-02 -3.488770e-02 
 4.020000e+04  4.128038e+03 -5.637269e-02  5.051907e-02 -3.490721e-02 
 4.025000e+04  4.139612e+03 -5.640317e-02  5.054527e-02 -3.492660e-02 
 4.030000e+04  4.151186e+03 -5.643368e-02  5.057149e-02 -3.494595e-02 
 4.035000e+04  4.162760e+03 -5.646421e-02  5.059775e-02 -3.496521e-02 
 4.040000e+04  4.174334e+03 -5.649453e-02  5.062405e-02 -3.498451e-02 
 4.045000e+04  4.185908e+03 -5.652469e-02  5.065043e-02 -3.500390e-02 
 4.050000e+04  4.197482e+03 -5.655472e-02  5.067677e-02 -3.502330e-02 
 4.055000e+04  4.209056e+03 -5.658454e-02  5.070299e-02 -3.504272e-02 
 4.060000e+04  4.220630e+03 -5.661408e-02  5.072914e-02 -3.506213e-02 
 4.065000e+04  4.232204e+03 -5.664359e-02  5.075518e-02 -3.508150e-02 
 4.070000e+04  4.243779e+03 -5.667320e-02  5.078114e-02 -3.510075e-02 
 4.075000e+04  4.255353e+03 -5.670286e-02  5.080710e-02 -3.511993e-02 
 4.080000e+04  4.266927e+03 -5.673263e-02  5.083301e-02 -3.513908e-02 
 4.085000e+04  4.278501e+03 -5.676231e-02  5.085886e-02 -3.515812e-02 
 4.090000e+04  4.290075e+03 -5.679201e-02  5.088467e-02 -3.517716e-02 
 4.095000e+04  4.301649e+03 -5.682168e-02  5.091043e-02 -3.519619e-02 
 4.100000e+04  4.313223e+03 -5.685118e-02  5.093582e-02 -3.521515e-02 
 4.105000e+04  4.324797e+03 -5.688050e-02  5.096122e-02 -3.523414e-02 
 4.110000e+04  4.336371e+03 -5.690987e-02  5.098652e-02 -3.525323e-02 
 4.115000e+04  4.347945e+03 -5.693910e-02  5.101183e-02 -3.527226e-02 
 4.120000e+04  4.359519e+03 -5.696826e-02  5.103697e-02 -3.529124e-02 
 4.125000e+04  4.371093e+03 -5.699756e-02  5.106217e-02 -3.531017e-02 
 4.130000e+04  4.382667e+03 -5.702691e-02  5.108747e-02 -3.532899e-02 
 4.135000e+04  4.394242e+03 -5.705630e-02  5.111262e-02 -3.534766e-02 
 4.140000e+04  4.405816e+03 -5.708560e-02  5.113779e-02 -3.536629e-02 
 4.145000e+04  4.417390e+03 -5.711473e-02  5.116296e-02 -3.538497e-02 
 4.150000e+04  4.428964e+03 -5.714375e-02  5.118806e-02 -3.540372e-02 
 4.155000e+04  4.440538e+03 -5.717270e-02  5.121299e-02 -3.542250e-02 
 4.160000e+04  4.452112e+03 -5.720165e-02  5.123753e-02 -3.544130e-02 
 4.165000e+04  4.463686e+03 -5.723060e-02  5.126181e-02 -3.546004e-02 
 4.170000e+04  4.475260e+03 -5.725958e-02  5.128562e-02 -3.547866e-02 
 4.175000e+04  4.486834e+03 -5.728843e-02  5.130936e-02 -3.549709e-02 
 4.180000e+04  4.498408e+03 -5.731716e-02  5.133306e-02 -3.551547e-02 
 4.185000e+04  4.509982e+03 -5.734596e-02  5.135703e-02 -3.553385e-02 
 4.190000e+04  4.521556e+03 -5.737479e-02  5.138129e-02 -3.555220e-02 
 4.195000e+04  4.533130e+03 -5.740358e-02  5.140577e-02 -3.557058e-02 
 4.200000e+04  4.544704e+03 -5.743244e-02  5.143041e-02 -3.558905e-02 
 4.205000e+04  4.556279e+03 -5.746123e-02  5.145509e-02 -3.560758e-02 
 4.210000e+04  4.567853e+03 -5.748991e-02  5.147962e-02 -3.562608e-02 
 4.215000e+04  4.579427e+03 -5.751834e-02  5.150401e-02 -3.564456e-02 
 4.220000e+04  4.591001e+03 -5.754681e-02  5.152834e-02 -3.566302e-02 
 4.225000e+04  4.602575e+03 -5.757531e-02  5.155258e-02 -3.568140e-02 
 4.230000e+04  4.614149e+03 -5.760375e-02  5.157674e-02 -3.569968e-02 
 4.235000e+04  4.625723e+03 -5.763209e-02  5.160089e-02 -3.571793e-02 
 4.240000e+04  4.637297e+03 -5.766042e-02  5.162510e-02 -3.573617e-02 
 4.245000e+04  4.648871e+03 -5.768878e-02  5.164902e-02 -3.575445e-02 
 4.250000e+04  4.660445e+03 -5.771714e-02  5.167271e-02 -3.577276e-02 
 4.255000e+04  4.672019e+03 -5.774554e-02  5.169650e-02 -3.579106e-02 
 4.260000e+04  4.683593e+03 -5.777398e-02  5.172037e-02 -3.580929e-02 
 4.265000e+04  4.695167e+03 -5.780251e-02  5.174421e-02 -3.582745e-02 
 4.270000e+04  4.706742e+03 -5.783112e-02  5.176796e-02 -3.584569e-02 
 4.275000e+04  4.718316e+03 -5.785985e-02  5.179170e-02 -3.586399e-02 
 4.280000e+04  4.729890e+03 -5.788849e-02  5.181541e-02 -3.588234e-02 
 4.285000e+04  4.741464e+03 -5.791710e-02  5.183915e-02 -3.590068e-02 
 4.290000e+04  4.753038e+03 -5.794570e-02  5.186294e-02 -3.591904e-02 
 4.295000e+04  4.764612e+03 -5.797424e-02  5.188678e-02 -3.593742e-02 
 4.300000e+04  4.776186e+03 -5.800280e-02  5.191065e-02 -3.595573e-02 
 4.305000e+04  4.787760e+03 -5.803129e-02  5.193437e-02 -3.597402e-02 
 4.310000e+04  4.799334e+03 -5.805972e-02  5.195788e-02 -3.599226e-02 
 4.315000e+04  4.810908e+03 -5.808817e-02  5.198136e-02 -3.601051e-02 
 4.320000e+04  4.822482e+03 -5.811657e-02  5.200480e-02 -3.602874e-02 
 4.325000e+04  4.834056e+03 -5.814507e-02  5.202835e-02 -3.604696e-02 
 4.330000e+04  4.845630e+03 -5.817375e-02  5.205198e-02 -3.606532e-02 
 4.335000e+04  4.857204e+03 -5.820257e-02  5.207561e-02 -3.608380e-02 
 4.340000e+04  4.868779e+03 -5.823135e-02  5.209927e-02 -3.610225e-02 
 4.345000e+04  4.880353e+03 -5.826009e-02  5.212290e-02 -3.612066e-02 
 4.350000e+04  4.891927e+03 -5.828897e-02  5.214649e-02 -3.613903e-02 
 4.355000e+04  4.903501e+03 -5.831805e-02  5.217001e-02 -3.615744e-02 
 4.360000e+04  4.915075e+03 -5.834724e-02  5.219342e-02 -3.617580e-02 
 4.365000e+04  4.926649e+03 -5.837656e-02  5.221673e-02 -3.619415e-02 
 4.370000e+04  4.938223e+03 -5.840601e-02  5.223996e-02 -3.621252e-02 
 4.375000e+04  4.949797e+03 -5.843559e-02  5.226292e-02 -3.623081e-02 
 4.380000e+04  4.961371e+03 -5.846517e-02  5.228579e-02 -3.624907e-02 
 4.385000e+04  4.972945e+03 -5.849489e-02  5.230869e-02 -3.626731e-02 
 4.390000e+04  4.984519e+03 -5.852447e-02  5.233177e-02 -3.628550e-02 
 4.395000e+04  4.996093e+03 -5.855397e-02  5.235498e-02 -3.630376e-02 
 4.400000e+04  5.007667e+03 -5.858356e-02  5.237834e-02 -3.632202e-02 
 4.405000e+04  5.019242e+03 -5.861310e-02  5.240165e-02 -3.634029e-02 
 4.410000e+04  5.030816e+03 -5.864267e-02  5.242475e-02 -3.635847e-02 
 4.415000e+04  5.042390e+03 -5.867221e-02  5.244764e-02 -3.637644e-02 
 4.420000e+04  5.053964e+03 -5.870170e-02  5.247061e-02 -3.639453e-02 
 4.425000e+04  5.065538e+03 -5.873116e-02  5.249382e-02 -3.641278e-02 
 4.430000e+04  5.077112e+03 -5.876032e-02  5.251727e-02 -3.643105e-02 
 4.435000e+04  5.088686e+03 -5.878935e-02  5.254077e-02 -3.644909e-02 
 4.440000e+04  5.100260e+03 -5.881840e-02  5.256420e-02 -3.646693e-02 
 4.445000e+04  5.111834e+03 -5.884703e-02  5.258756e-02 -3.648489e-02 
 4.450000e+04  5.123408e+03 -5.887546e-02  5.261084e-02 -3.650284e-02 
 4.455000e+04  5.134982e+03 -5.890398e-02  5.263390e-02 -3.652094e-02 
 4.460000e+04  5.146556e+03 -5.893268e-02  5.265701e-02 -3.653925e-02 
 4.465000e+04  5.158130e+03 -5.896145e-02  5.268016e-02 -3.655761e-02 
 4.470000e+04  5.169704e+03 -5.899010e-02  5.270319e-02 -3.657576e-02 
 4.475000e+04  5.181279e+03 -5.901864e-02  5.272626e-02 -3.659370e-02 
 4.480000e+04  5.192853e+03 -5.904709e-02  5.274933e-02 -3.661149e-02 
 4.485000e+04  5.204427e+03 -5.907531e-02  5.277226e-02 -3.662923e-02 
 4.490000e+04  5.216001e+03 -5.910337e-02  5.279516e-02 -3.664705e-02 
 4.495000e+04  5.227575e+03 -5.913139e-02  5.281802e-02 -3.666498e-02 
 4.500000e+04  5.239149e+03 -5.915943e-02  5.284085e-02 -3.668303e-02 
 4.505000e+04  5.250723e+03 -5.918755e-02  5.286360e-02 -3.670113e-02 
 4.510000e+04  5.262297e+03 -5.921561e-02  5.288627e-02 -3.671916e-02 
 4.515000e+04  5.273871e+03 -5.924358e-02  5.290890e-02 -3.673706e-02 
 4.520000e+04  5.285445e+03 -5.927140e-02  5.293163e-02 -3.675493e-02 
