         Step [creep.tim... Z Displace... Z Displace... X Displace... 
------------- ------------- ------------- ------------- ------------- 
 5.250000e+03  1.276223e-07 -4.629353e-03  4.524540e-03 -2.433365e-03 
 5.300000e+03  3.886505e-06 -4.629585e-03  4.524668e-03 -2.433602e-03 
 5.350000e+03  2.824311e-05 -4.630750e-03  4.525063e-03 -2.434521e-03 
 5.400000e+03  1.154453e-04 -4.631700e-03  4.525353e-03 -2.434905e-03 
 5.450000e+03  3.530013e-04 -4.632379e-03  4.526753e-03 -2.436164e-03 
 5.500000e+03  6.107038e-04 -4.635444e-03  4.529873e-03 -2.439517e-03 
 5.550000e+03  8.684063e-04 -4.640521e-03  4.535076e-03 -2.444281e-03 
 5.600000e+03  1.137466e-03 -4.646659e-03  4.541939e-03 -2.449397e-03 
 5.650000e+03  1.543352e-03 -4.655569e-03  4.552377e-03 -2.456443e-03 
 5.700000e+03  1.987196e-03 -4.663585e-03  4.561497e-03 -2.462450e-03 
 5.750000e+03  2.492593e-03 -4.669355e-03  4.566888e-03 -2.466378e-03 
 5.800000e+03  3.002827e-03 -4.674435e-03  4.570576e-03 -2.470038e-03 
 5.850000e+03  3.513060e-03 -4.680889e-03  4.575788e-03 -2.475524e-03 
 5.900000e+03  4.023293e-03 -4.688894e-03  4.583516e-03 -2.482769e-03 
 5.950000e+03  4.539831e-03 -4.697831e-03  4.593278e-03 -2.490961e-03 
 6.000000e+03  5.291048e-03 -4.710611e-03  4.607845e-03 -2.502469e-03 
 6.050000e+03  6.082588e-03 -4.723093e-03  4.620648e-03 -2.512297e-03 
 6.100000e+03  6.955947e-03 -4.734261e-03  4.630534e-03 -2.519634e-03 
 6.150000e+03  7.872252e-03 -4.744273e-03  4.639658e-03 -2.526081e-03 
 6.200000e+03  8.788558e-03 -4.754430e-03  4.650029e-03 -2.533709e-03 
 6.250000e+03  9.704864e-03 -4.765896e-03  4.662687e-03 -2.543330e-03 
 6.300000e+03  1.062117e-02 -4.778584e-03  4.676945e-03 -2.554740e-03 
 6.350000e+03  1.180276e-02 -4.795201e-03  4.694774e-03 -2.570143e-03 
 6.400000e+03  1.309210e-02 -4.811189e-03  4.710984e-03 -2.584277e-03 
 6.450000e+03  1.444319e-02 -4.825150e-03  4.725271e-03 -2.595687e-03 
 6.500000e+03  1.586468e-02 -4.838725e-03  4.739543e-03 -2.605800e-03 
 6.550000e+03  1.728617e-02 -4.852600e-03  4.754324e-03 -2.615914e-03 
 6.600000e+03  1.870767e-02 -4.867792e-03  4.770657e-03 -2.627315e-03 
 6.650000e+03  2.012916e-02 -4.884531e-03  4.788616e-03 -2.640415e-03 
 6.700000e+03  2.175813e-02 -4.903882e-03  4.809187e-03 -2.656406e-03 
 6.750000e+03  2.355750e-02 -4.922154e-03  4.827810e-03 -2.672584e-03 
 6.800000e+03  2.561525e-02 -4.940458e-03  4.845664e-03 -2.688634e-03 
 6.850000e+03  2.782045e-02 -4.959477e-03  4.864445e-03 -2.703903e-03 
 6.900000e+03  3.002565e-02 -4.978398e-03  4.883492e-03 -2.718222e-03 
 6.950000e+03  3.223085e-02 -4.997966e-03  4.903463e-03 -2.732801e-03 
 7.000000e+03  3.443605e-02 -5.018758e-03  4.925000e-03 -2.748240e-03 
 7.050000e+03  3.682406e-02 -5.041934e-03  4.949042e-03 -2.765256e-03 
 7.100000e+03  3.926988e-02 -5.063008e-03  4.970305e-03 -2.781438e-03 
 7.150000e+03  4.206567e-02 -5.083818e-03  4.991444e-03 -2.798771e-03 
 7.200000e+03  4.514497e-02 -5.105838e-03  5.014054e-03 -2.817415e-03 
 7.250000e+03  4.824790e-02 -5.127671e-03  5.036639e-03 -2.835319e-03 
 7.300000e+03  5.135084e-02 -5.149773e-03  5.059500e-03 -2.852846e-03 
 7.350000e+03  5.447240e-02 -5.173113e-03  5.083356e-03 -2.870497e-03 
 7.400000e+03  5.785429e-02 -5.198945e-03  5.109368e-03 -2.889014e-03 
 7.450000e+03  6.127527e-02 -5.222619e-03  5.133487e-03 -2.906245e-03 
 7.500000e+03  6.470995e-02 -5.243917e-03  5.155754e-03 -2.922816e-03 
 7.550000e+03  6.830198e-02 -5.265521e-03  5.178463e-03 -2.940239e-03 
 7.600000e+03  7.189402e-02 -5.286840e-03  5.200861e-03 -2.957571e-03 
 7.650000e+03  7.548606e-02 -5.308054e-03  5.222877e-03 -2.974861e-03 
 7.700000e+03  7.972041e-02 -5.333509e-03  5.248976e-03 -2.995030e-03 
 7.750000e+03  8.430486e-02 -5.361150e-03  5.276552e-03 -3.015719e-03 
 7.800000e+03  8.888931e-02 -5.387496e-03  5.302266e-03 -3.034553e-03 
 7.850000e+03  9.347377e-02 -5.412365e-03  5.326660e-03 -3.052481e-03 
 7.900000e+03  9.805822e-02 -5.436554e-03  5.350759e-03 -3.070274e-03 
 7.950000e+03  1.026427e-01 -5.460308e-03  5.374821e-03 -3.088184e-03 
 8.000000e+03  1.072271e-01 -5.483495e-03  5.398623e-03 -3.106338e-03 
 8.050000e+03  1.124636e-01 -5.509405e-03  5.425085e-03 -3.127056e-03 
 8.100000e+03  1.182533e-01 -5.537195e-03  5.453346e-03 -3.148985e-03 
 8.150000e+03  1.241044e-01 -5.564306e-03  5.480618e-03 -3.169485e-03 
 8.200000e+03  1.299554e-01 -5.590782e-03  5.507028e-03 -3.188694e-03 
 8.250000e+03  1.358065e-01 -5.617076e-03  5.533114e-03 -3.207348e-03 
 8.300000e+03  1.416575e-01 -5.643207e-03  5.559063e-03 -3.226023e-03 
 8.350000e+03  1.475086e-01 -5.668553e-03  5.584693e-03 -3.244900e-03 
 8.400000e+03  1.535083e-01 -5.693066e-03  5.610137e-03 -3.264198e-03 
 8.450000e+03  1.601784e-01 -5.719214e-03  5.637389e-03 -3.285259e-03 
 8.500000e+03  1.669517e-01 -5.745100e-03  5.664324e-03 -3.305735e-03 
 8.550000e+03  1.737250e-01 -5.770774e-03  5.690516e-03 -3.325024e-03 
 8.600000e+03  1.806880e-01 -5.797266e-03  5.717182e-03 -3.344086e-03 
 8.650000e+03  1.878000e-01 -5.824446e-03  5.744211e-03 -3.363278e-03 
 8.700000e+03  1.949120e-01 -5.851247e-03  5.770563e-03 -3.382295e-03 
 8.750000e+03  2.020951e-01 -5.877139e-03  5.795998e-03 -3.401295e-03 
 8.800000e+03  2.097792e-01 -5.903705e-03  5.822289e-03 -3.421414e-03 
 8.850000e+03  2.176202e-01 -5.929965e-03  5.848640e-03 -3.441621e-03 
 8.900000e+03  2.254611e-01 -5.955472e-03  5.874484e-03 -3.461187e-03 
 8.950000e+03  2.336601e-01 -5.982028e-03  5.901274e-03 -3.481018e-03 
 9.000000e+03  2.423047e-01 -6.010150e-03  5.929547e-03 -3.501423e-03 
 9.050000e+03  2.509494e-01 -6.038102e-03  5.957397e-03 -3.521167e-03 
 9.100000e+03  2.597237e-01 -6.065710e-03  5.984561e-03 -3.540610e-03 
 9.150000e+03  2.691818e-01 -6.094642e-03  6.012828e-03 -3.561308e-03 
 9.200000e+03  2.787126e-01 -6.123000e-03  6.040610e-03 -3.582032e-03 
 9.250000e+03  2.882433e-01 -6.150089e-03  6.067626e-03 -3.602550e-03 
 9.300000e+03  2.977931e-01 -6.176492e-03  6.094267e-03 -3.622826e-03 
 9.350000e+03  3.081006e-01 -6.204776e-03  6.123115e-03 -3.644298e-03 
 9.400000e+03  3.186083e-01 -6.233395e-03  6.152587e-03 -3.665418e-03 
 9.450000e+03  3.291159e-01 -6.261545e-03  6.181458e-03 -3.685569e-03 
 9.500000e+03  3.403722e-01 -6.291395e-03  6.211591e-03 -3.706484e-03 
 9.550000e+03  3.519569e-01 -6.321748e-03  6.241755e-03 -3.727877e-03 
 9.600000e+03  3.635416e-01 -6.351136e-03  6.270784e-03 -3.749178e-03 
 9.650000e+03  3.751263e-01 -6.379359e-03  6.298843e-03 -3.770418e-03 
 9.700000e+03  3.868036e-01 -6.407300e-03  6.326710e-03 -3.791643e-03 
 9.750000e+03  3.989675e-01 -6.436123e-03  6.355607e-03 -3.813284e-03 
 9.800000e+03  4.111315e-01 -6.464504e-03  6.384153e-03 -3.834064e-03 
 9.850000e+03  4.236512e-01 -6.493481e-03  6.413227e-03 -3.854588e-03 
 9.900000e+03  4.370619e-01 -6.524396e-03  6.444274e-03 -3.876119e-03 
 9.950000e+03  4.504726e-01 -6.554868e-03  6.474635e-03 -3.897394e-03 
 1.000000e+04  4.638833e-01 -6.584483e-03  6.503687e-03 -3.918474e-03 
 1.005000e+04  4.781402e-01 -6.615309e-03  6.533534e-03 -3.940818e-03 
 1.010000e+04  4.929255e-01 -6.646667e-03  6.563901e-03 -3.963859e-03 
 1.015000e+04  5.077109e-01 -6.677060e-03  6.593695e-03 -3.986376e-03 
 1.020000e+04  5.224962e-01 -6.706877e-03  6.623200e-03 -4.008171e-03 
 1.025000e+04  5.377102e-01 -6.737515e-03  6.653667e-03 -4.029990e-03 
 1.030000e+04  5.532348e-01 -6.768586e-03  6.684846e-03 -4.051705e-03 
 1.035000e+04  5.687594e-01 -6.798944e-03  6.715542e-03 -4.072928e-03 
 1.040000e+04  5.852799e-01 -6.830527e-03  6.747315e-03 -4.095247e-03 
 1.045000e+04  6.023957e-01 -6.862724e-03  6.779309e-03 -4.118364e-03 
 1.050000e+04  6.195116e-01 -6.894011e-03  6.810161e-03 -4.141359e-03 
 1.055000e+04  6.366274e-01 -6.924407e-03  6.840156e-03 -4.163961e-03 
 1.060000e+04  6.543765e-01 -6.955715e-03  6.871158e-03 -4.186890e-03 
 1.065000e+04  6.723482e-01 -6.987390e-03  6.902629e-03 -4.209523e-03 
 1.070000e+04  6.903198e-01 -7.018651e-03  6.933835e-03 -4.231524e-03 
 1.075000e+04  7.088567e-01 -7.050322e-03  6.965571e-03 -4.253603e-03 
 1.080000e+04  7.286704e-01 -7.083757e-03  6.999175e-03 -4.277017e-03 
 1.085000e+04  7.484841e-01 -7.116500e-03  7.031966e-03 -4.300273e-03 
 1.090000e+04  7.682979e-01 -7.148335e-03  7.063515e-03 -4.323297e-03 
 1.095000e+04  7.892766e-01 -7.181600e-03  7.095997e-03 -4.347465e-03 
 1.100000e+04  8.111213e-01 -7.216074e-03  7.129470e-03 -4.372339e-03 
 1.105000e+04  8.329659e-01 -7.249978e-03  7.162575e-03 -4.396568e-03 
 1.110000e+04  8.548106e-01 -7.283346e-03  7.195248e-03 -4.419992e-03 
 1.115000e+04  8.766552e-01 -7.316491e-03  7.227843e-03 -4.442941e-03 
 1.120000e+04  8.984998e-01 -7.349197e-03  7.260319e-03 -4.465582e-03 
 1.125000e+04  9.203445e-01 -7.381085e-03  7.292196e-03 -4.487982e-03 
 1.130000e+04  9.435031e-01 -7.414098e-03  7.325174e-03 -4.511574e-03 
 1.135000e+04  9.685020e-01 -7.449297e-03  7.360133e-03 -4.536956e-03 
 1.140000e+04  9.937899e-01 -7.484419e-03  7.394621e-03 -4.562356e-03 
 1.145000e+04  1.019078e+00 -7.518896e-03  7.428332e-03 -4.587068e-03 
 1.150000e+04  1.044770e+00 -7.553733e-03  7.462348e-03 -4.611496e-03 
 1.155000e+04  1.071323e+00 -7.589599e-03  7.497395e-03 -4.636285e-03 
 1.160000e+04  1.097875e+00 -7.624702e-03  7.532065e-03 -4.660672e-03 
 1.165000e+04  1.124427e+00 -7.658918e-03  7.566182e-03 -4.684760e-03 
 1.170000e+04  1.152042e+00 -7.693927e-03  7.601310e-03 -4.709747e-03 
 1.175000e+04  1.179921e+00 -7.728779e-03  7.636246e-03 -4.734781e-03 
 1.180000e+04  1.207829e+00 -7.763025e-03  7.670287e-03 -4.759373e-03 
 1.185000e+04  1.237835e+00 -7.799546e-03  7.706184e-03 -4.785289e-03 
 1.190000e+04  1.268573e+00 -7.836963e-03  7.742530e-03 -4.811450e-03 
 1.195000e+04  1.299310e+00 -7.873915e-03  7.778307e-03 -4.837093e-03 
 1.200000e+04  1.330048e+00 -7.910168e-03  7.813475e-03 -4.862224e-03 
 1.205000e+04  1.361154e+00 -7.946386e-03  7.848820e-03 -4.887422e-03 
 1.210000e+04  1.393429e+00 -7.983359e-03  7.885263e-03 -4.913374e-03 
 1.215000e+04  1.425703e+00 -8.019496e-03  7.921139e-03 -4.938966e-03 
 1.220000e+04  1.459157e+00 -8.056328e-03  7.957623e-03 -4.965115e-03 
 1.225000e+04  1.494740e+00 -8.095309e-03  7.996041e-03 -4.992625e-03 
 1.230000e+04  1.530323e+00 -8.133885e-03  8.033837e-03 -5.019736e-03 
 1.235000e+04  1.565905e+00 -8.171855e-03  8.070774e-03 -5.046238e-03 
 1.240000e+04  1.602804e+00 -8.210902e-03  8.108529e-03 -5.073207e-03 
 1.245000e+04  1.640166e+00 -8.250094e-03  8.146479e-03 -5.100291e-03 
 1.250000e+04  1.677528e+00 -8.288422e-03  8.183887e-03 -5.127054e-03 
 1.255000e+04  1.714890e+00 -8.325830e-03  8.220723e-03 -5.153493e-03 
 1.260000e+04  1.754166e+00 -8.364641e-03  8.259292e-03 -5.181051e-03 
 1.265000e+04  1.795357e+00 -8.404963e-03  8.299427e-03 -5.209614e-03 
 1.270000e+04  1.836549e+00 -8.444712e-03  8.338878e-03 -5.237552e-03 
 1.275000e+04  1.879182e+00 -8.485485e-03  8.378938e-03 -5.265926e-03 
 1.280000e+04  1.924249e+00 -8.528446e-03  8.420661e-03 -5.295563e-03 
 1.285000e+04  1.969663e+00 -8.571067e-03  8.461897e-03 -5.325090e-03 
 1.290000e+04  2.015076e+00 -8.612713e-03  8.502291e-03 -5.354180e-03 
 1.295000e+04  2.060489e+00 -8.653828e-03  8.542327e-03 -5.383042e-03 
 1.300000e+04  2.105903e+00 -8.694502e-03  8.582168e-03 -5.411612e-03 
 1.305000e+04  2.151316e+00 -8.734389e-03  8.621534e-03 -5.439700e-03 
 1.310000e+04  2.198717e+00 -8.775483e-03  8.662175e-03 -5.468490e-03 
 1.315000e+04  2.248785e+00 -8.818732e-03  8.704739e-03 -5.498559e-03 
 1.320000e+04  2.298853e+00 -8.861591e-03  8.746592e-03 -5.528197e-03 
 1.325000e+04  2.348922e+00 -8.903816e-03  8.787470e-03 -5.557403e-03 
 1.330000e+04  2.401243e+00 -8.947457e-03  8.829415e-03 -5.587565e-03 
 1.335000e+04  2.453815e+00 -8.990830e-03  8.871081e-03 -5.617622e-03 
 1.340000e+04  2.506386e+00 -9.033397e-03  8.912248e-03 -5.647348e-03 
 1.345000e+04  2.558958e+00 -9.075106e-03  8.952961e-03 -5.676659e-03 
 1.350000e+04  2.613265e+00 -9.117759e-03  8.994857e-03 -5.706517e-03 
 1.355000e+04  2.668465e+00 -9.160790e-03  9.037308e-03 -5.736489e-03 
 1.360000e+04  2.723665e+00 -9.203222e-03  9.079184e-03 -5.765971e-03 
 1.365000e+04  2.782628e+00 -9.248043e-03  9.123120e-03 -5.796999e-03 
 1.370000e+04  2.843486e+00 -9.293970e-03  9.167782e-03 -5.828782e-03 
 1.375000e+04  2.904344e+00 -9.339285e-03  9.211537e-03 -5.860264e-03 
 1.380000e+04  2.965203e+00 -9.383776e-03  9.254409e-03 -5.891318e-03 
 1.385000e+04  3.026061e+00 -9.427797e-03  9.296990e-03 -5.922015e-03 
 1.390000e+04  3.086919e+00 -9.471438e-03  9.339421e-03 -5.952413e-03 
 1.395000e+04  3.147778e+00 -9.514406e-03  9.381480e-03 -5.982314e-03 
 1.400000e+04  3.212351e+00 -9.559432e-03  9.425645e-03 -6.013531e-03 
 1.405000e+04  3.282735e+00 -9.608247e-03  9.473456e-03 -6.047282e-03 
 1.410000e+04  3.353187e+00 -9.656544e-03  9.520516e-03 -6.080668e-03 
 1.415000e+04  3.423638e+00 -9.704081e-03  9.566454e-03 -6.113574e-03 
 1.420000e+04  3.496555e+00 -9.752825e-03  9.613193e-03 -6.147303e-03 
 1.425000e+04  3.570528e+00 -9.801831e-03  9.660104e-03 -6.181235e-03 
 1.430000e+04  3.644502e+00 -9.850010e-03  9.706459e-03 -6.214685e-03 
 1.435000e+04  3.718476e+00 -9.897395e-03  9.752336e-03 -6.247657e-03 
 1.440000e+04  3.795482e+00 -9.946298e-03  9.799955e-03 -6.281570e-03 
 1.445000e+04  3.873155e+00 -9.995077e-03  9.847756e-03 -6.315318e-03 
 1.450000e+04  3.951060e+00 -1.004338e-02  9.895031e-03 -6.348671e-03 
 1.455000e+04  4.035144e+00 -1.009494e-02  9.945285e-03 -6.384283e-03 
 1.460000e+04  4.120778e+00 -1.014697e-02  9.995680e-03 -6.420301e-03 
 1.465000e+04  4.206412e+00 -1.019828e-02  1.004502e-02 -6.455915e-03 
 1.470000e+04  4.292046e+00 -1.024882e-02  1.009355e-02 -6.491054e-03 
 1.475000e+04  4.377680e+00 -1.029895e-02  1.014173e-02 -6.525808e-03 
 1.480000e+04  4.463313e+00 -1.034858e-02  1.018967e-02 -6.560103e-03 
 1.485000e+04  4.548947e+00 -1.039750e-02  1.023719e-02 -6.593924e-03 
 1.490000e+04  4.638580e+00 -1.044809e-02  1.028644e-02 -6.628845e-03 
 1.495000e+04  4.732991e+00 -1.050094e-02  1.033794e-02 -6.665313e-03 
 1.500000e+04  4.827403e+00 -1.055322e-02  1.038872e-02 -6.701482e-03 
 1.505000e+04  4.923041e+00 -1.060537e-02  1.043906e-02 -6.737606e-03 
 1.510000e+04  5.027130e+00 -1.066172e-02  1.049303e-02 -6.776504e-03 
 1.515000e+04  5.131218e+00 -1.071764e-02  1.054644e-02 -6.815053e-03 
 1.520000e+04  5.235307e+00 -1.077265e-02  1.059908e-02 -6.853066e-03 
 1.525000e+04  5.339395e+00 -1.082696e-02  1.065121e-02 -6.890541e-03 
 1.530000e+04  5.443483e+00 -1.088071e-02  1.070314e-02 -6.927594e-03 
 1.535000e+04  5.547572e+00 -1.093379e-02  1.075469e-02 -6.964208e-03 
 1.540000e+04  5.652597e+00 -1.098661e-02  1.080601e-02 -7.000695e-03 
 1.545000e+04  5.766371e+00 -1.104325e-02  1.086100e-02 -7.039905e-03 
 1.550000e+04  5.881128e+00 -1.110005e-02  1.091574e-02 -7.079121e-03 
 1.555000e+04  5.995886e+00 -1.115602e-02  1.096950e-02 -7.117823e-03 
 1.560000e+04  6.112479e+00 -1.121224e-02  1.102329e-02 -7.156613e-03 
 1.565000e+04  6.232975e+00 -1.126989e-02  1.107842e-02 -7.196310e-03 
 1.570000e+04  6.353470e+00 -1.132688e-02  1.113313e-02 -7.235563e-03 
 1.575000e+04  6.473966e+00 -1.138300e-02  1.118723e-02 -7.274275e-03 
 1.580000e+04  6.597714e+00 -1.144001e-02  1.124232e-02 -7.313635e-03 
 1.585000e+04  6.724234e+00 -1.149776e-02  1.129827e-02 -7.353528e-03 
 1.590000e+04  6.850755e+00 -1.155483e-02  1.135343e-02 -7.392953e-03 
 1.595000e+04  6.981595e+00 -1.161323e-02  1.140960e-02 -7.433204e-03 
 1.600000e+04  7.121084e+00 -1.167505e-02  1.146874e-02 -7.475714e-03 
 1.605000e+04  7.260572e+00 -1.173631e-02  1.152702e-02 -7.517811e-03 
 1.610000e+04  7.400061e+00 -1.179675e-02  1.158453e-02 -7.559406e-03 
 1.615000e+04  7.539549e+00 -1.185647e-02  1.164152e-02 -7.600413e-03 
 1.620000e+04  7.679038e+00 -1.191560e-02  1.169815e-02 -7.641023e-03 
 1.625000e+04  7.818526e+00 -1.197400e-02  1.175429e-02 -7.681200e-03 
 1.630000e+04  7.961502e+00 -1.203311e-02  1.181118e-02 -7.721955e-03 
 1.635000e+04  8.115756e+00 -1.209630e-02  1.187204e-02 -7.765512e-03 
 1.640000e+04  8.277232e+00 -1.216193e-02  1.193499e-02 -7.810667e-03 
 1.645000e+04  8.438707e+00 -1.222676e-02  1.199688e-02 -7.855220e-03 
 1.650000e+04  8.600182e+00 -1.229088e-02  1.205788e-02 -7.899185e-03 
 1.655000e+04  8.769408e+00 -1.235754e-02  1.212115e-02 -7.944841e-03 
 1.660000e+04  8.938957e+00 -1.242343e-02  1.218390e-02 -7.990070e-03 
 1.665000e+04  9.108507e+00 -1.248836e-02  1.224603e-02 -8.034756e-03 
 1.670000e+04  9.278056e+00 -1.255255e-02  1.230769e-02 -8.078996e-03 
 1.675000e+04  9.447605e+00 -1.261615e-02  1.236889e-02 -8.122813e-03 
 1.680000e+04  9.617154e+00 -1.267898e-02  1.242933e-02 -8.166099e-03 
 1.685000e+04  9.800029e+00 -1.274610e-02  1.249378e-02 -8.212226e-03 
 1.690000e+04  9.986957e+00 -1.281427e-02  1.255884e-02 -8.258974e-03 
 1.695000e+04  1.017389e+01 -1.288174e-02  1.262296e-02 -8.305210e-03 
 1.700000e+04  1.036081e+01 -1.294836e-02  1.268622e-02 -8.350894e-03 
 1.705000e+04  1.055428e+01 -1.301667e-02  1.275101e-02 -8.397685e-03 
 1.710000e+04  1.075056e+01 -1.308525e-02  1.281621e-02 -8.444671e-03 
 1.715000e+04  1.094683e+01 -1.315298e-02  1.288082e-02 -8.491126e-03 
 1.720000e+04  1.114664e+01 -1.322113e-02  1.294595e-02 -8.537906e-03 
 1.725000e+04  1.136118e+01 -1.329365e-02  1.301525e-02 -8.587627e-03 
 1.730000e+04  1.157757e+01 -1.336607e-02  1.308437e-02 -8.637279e-03 
 1.735000e+04  1.179396e+01 -1.343773e-02  1.315244e-02 -8.686280e-03 
 1.740000e+04  1.202009e+01 -1.351191e-02  1.322256e-02 -8.736905e-03 
 1.745000e+04  1.225639e+01 -1.358875e-02  1.329510e-02 -8.789301e-03 
 1.750000e+04  1.249496e+01 -1.366526e-02  1.336750e-02 -8.841608e-03 
 1.755000e+04  1.273354e+01 -1.374072e-02  1.343904e-02 -8.893298e-03 
 1.760000e+04  1.297306e+01 -1.381569e-02  1.351032e-02 -8.944633e-03 
 1.765000e+04  1.322356e+01 -1.389330e-02  1.358426e-02 -8.997752e-03 
 1.770000e+04  1.347407e+01 -1.396991e-02  1.365738e-02 -9.050174e-03 
 1.775000e+04  1.373623e+01 -1.404923e-02  1.373293e-02 -9.104412e-03 
 1.780000e+04  1.401241e+01 -1.413220e-02  1.381165e-02 -9.161060e-03 
 1.785000e+04  1.428858e+01 -1.421410e-02  1.388920e-02 -9.217030e-03 
 1.790000e+04  1.456476e+01 -1.429500e-02  1.396560e-02 -9.272258e-03 
 1.795000e+04  1.485033e+01 -1.437786e-02  1.404379e-02 -9.328774e-03 
 1.800000e+04  1.514031e+01 -1.446113e-02  1.412244e-02 -9.385512e-03 
 1.805000e+04  1.543030e+01 -1.454322e-02  1.420026e-02 -9.441536e-03 
 1.810000e+04  1.572725e+01 -1.462629e-02  1.427913e-02 -9.498238e-03 
 1.815000e+04  1.603173e+01 -1.471074e-02  1.435926e-02 -9.555825e-03 
 1.820000e+04  1.633622e+01 -1.479420e-02  1.443836e-02 -9.612770e-03 
 1.825000e+04  1.664871e+01 -1.487890e-02  1.451837e-02 -9.670475e-03 
 1.830000e+04  1.698441e+01 -1.496914e-02  1.460335e-02 -9.731793e-03 
 1.835000e+04  1.732010e+01 -1.505847e-02  1.468728e-02 -9.792471e-03 
 1.840000e+04  1.765580e+01 -1.514662e-02  1.477006e-02 -9.852373e-03 
 1.845000e+04  1.799888e+01 -1.523557e-02  1.485374e-02 -9.912827e-03 
 1.850000e+04  1.835136e+01 -1.532601e-02  1.493903e-02 -9.974297e-03 
 1.855000e+04  1.870384e+01 -1.541537e-02  1.502343e-02 -1.003503e-02 
 1.860000e+04  1.906776e+01 -1.550652e-02  1.510951e-02 -1.009697e-02 
 1.865000e+04  1.946608e+01 -1.560526e-02  1.520278e-02 -1.016407e-02 
 1.870000e+04  1.987412e+01 -1.570538e-02  1.529707e-02 -1.023204e-02 
 1.875000e+04  2.028216e+01 -1.580418e-02  1.538984e-02 -1.029906e-02 
 1.880000e+04  2.069877e+01 -1.590396e-02  1.548324e-02 -1.036656e-02 
 1.885000e+04  2.112722e+01 -1.600549e-02  1.557825e-02 -1.043520e-02 
 1.890000e+04  2.155566e+01 -1.610564e-02  1.567211e-02 -1.050304e-02 
 1.895000e+04  2.198581e+01 -1.620482e-02  1.576520e-02 -1.057025e-02 
 1.900000e+04  2.244872e+01 -1.631044e-02  1.586441e-02 -1.064176e-02 
 1.905000e+04  2.292108e+01 -1.641700e-02  1.596458e-02 -1.071389e-02 
 1.910000e+04  2.339344e+01 -1.652214e-02  1.606332e-02 -1.078496e-02 
 1.915000e+04  2.388630e+01 -1.663061e-02  1.616486e-02 -1.085814e-02 
 1.920000e+04  2.440707e+01 -1.674406e-02  1.627078e-02 -1.093464e-02 
 1.925000e+04  2.492784e+01 -1.685596e-02  1.637519e-02 -1.101017e-02 
 1.930000e+04  2.544862e+01 -1.696637e-02  1.647815e-02 -1.108462e-02 
 1.935000e+04  2.598970e+01 -1.707976e-02  1.658390e-02 -1.116099e-02 
 1.940000e+04  2.653651e+01 -1.719289e-02  1.668962e-02 -1.123725e-02 
 1.945000e+04  2.708333e+01 -1.730446e-02  1.679401e-02 -1.131242e-02 
 1.950000e+04  2.767682e+01 -1.742410e-02  1.690590e-02 -1.139297e-02 
 1.955000e+04  2.830983e+01 -1.755039e-02  1.702382e-02 -1.147793e-02 
 1.960000e+04  2.894283e+01 -1.767491e-02  1.713994e-02 -1.156168e-02 
 1.965000e+04  2.957583e+01 -1.779772e-02  1.725413e-02 -1.164412e-02 
 1.970000e+04  3.023606e+01 -1.792432e-02  1.737154e-02 -1.172896e-02 
 1.975000e+04  3.090071e+01 -1.805006e-02  1.748827e-02 -1.181332e-02 
 1.980000e+04  3.156537e+01 -1.817393e-02  1.760343e-02 -1.189646e-02 
 1.985000e+04  3.225328e+01 -1.830061e-02  1.772116e-02 -1.198131e-02 
 1.990000e+04  3.298397e+01 -1.843360e-02  1.784474e-02 -1.207037e-02 
 1.995000e+04  3.371675e+01 -1.856508e-02  1.796696e-02 -1.215839e-02 
 2.000000e+04  3.445921e+01 -1.869645e-02  1.808888e-02 -1.224620e-02 
 2.005000e+04  3.526710e+01 -1.883779e-02  1.821963e-02 -1.234056e-02 
 2.010000e+04  3.607499e+01 -1.897721e-02  1.834851e-02 -1.243366e-02 
 2.015000e+04  3.688288e+01 -1.911455e-02  1.847542e-02 -1.252529e-02 
 2.020000e+04  3.770693e+01 -1.925276e-02  1.860296e-02 -1.261733e-02 
 2.025000e+04  3.855522e+01 -1.939322e-02  1.873270e-02 -1.271089e-02 
 2.030000e+04  3.940350e+01 -1.953163e-02  1.886072e-02 -1.280310e-02 
 2.035000e+04  4.027507e+01 -1.967184e-02  1.899026e-02 -1.289640e-02 
 2.040000e+04  4.121031e+01 -1.982057e-02  1.912753e-02 -1.299530e-02 
 2.045000e+04  4.214554e+01 -1.996731e-02  1.926285e-02 -1.309280e-02 
 2.050000e+04  4.308078e+01 -2.011187e-02  1.939587e-02 -1.318870e-02 
 2.055000e+04  4.409153e+01 -2.026608e-02  1.953745e-02 -1.329086e-02 
 2.060000e+04  4.512263e+01 -2.042132e-02  1.968000e-02 -1.339371e-02 
 2.065000e+04  4.615373e+01 -2.057417e-02  1.982039e-02 -1.349493e-02 
 2.070000e+04  4.719617e+01 -2.072638e-02  1.996016e-02 -1.359561e-02 
 2.075000e+04  4.832429e+01 -2.088898e-02  2.010945e-02 -1.370312e-02 
 2.080000e+04  4.946107e+01 -2.105049e-02  2.025778e-02 -1.380986e-02 
 2.085000e+04  5.059786e+01 -2.120954e-02  2.040363e-02 -1.391480e-02 
 2.090000e+04  5.178011e+01 -2.137269e-02  2.055287e-02 -1.402231e-02 
 2.095000e+04  5.297374e+01 -2.153514e-02  2.070132e-02 -1.412932e-02 
 2.100000e+04  5.416736e+01 -2.169507e-02  2.084749e-02 -1.423462e-02 
 2.105000e+04  5.540455e+01 -2.185845e-02  2.099665e-02 -1.434204e-02 
 2.110000e+04  5.672052e+01 -2.202996e-02  2.115326e-02 -1.445477e-02 
 2.115000e+04  5.803649e+01 -2.219884e-02  2.130757e-02 -1.456575e-02 
 2.120000e+04  5.935641e+01 -2.236557e-02  2.145987e-02 -1.467515e-02 
 2.125000e+04  6.079898e+01 -2.254534e-02  2.162379e-02 -1.479293e-02 
 2.130000e+04  6.224983e+01 -2.272353e-02  2.178615e-02 -1.490970e-02 
 2.135000e+04  6.370069e+01 -2.289890e-02  2.194569e-02 -1.502446e-02 
 2.140000e+04  6.521002e+01 -2.307863e-02  2.210884e-02 -1.514183e-02 
 2.145000e+04  6.680959e+01 -2.326648e-02  2.227920e-02 -1.526447e-02 
 2.150000e+04  6.840916e+01 -2.345131e-02  2.244686e-02 -1.538506e-02 
 2.155000e+04  7.001832e+01 -2.363424e-02  2.261268e-02 -1.550419e-02 
 2.160000e+04  7.176337e+01 -2.382972e-02  2.278970e-02 -1.563139e-02 
 2.165000e+04  7.352690e+01 -2.402423e-02  2.296579e-02 -1.575792e-02 
 2.170000e+04  7.529043e+01 -2.421545e-02  2.313881e-02 -1.588221e-02 
 2.175000e+04  7.711920e+01 -2.441061e-02  2.331512e-02 -1.600887e-02 
 2.180000e+04  7.897090e+01 -2.460518e-02  2.349075e-02 -1.613509e-02 
 2.185000e+04  8.082261e+01 -2.479649e-02  2.366345e-02 -1.625914e-02 
 2.190000e+04  8.280633e+01 -2.499819e-02  2.384547e-02 -1.638973e-02 
 2.195000e+04  8.484783e+01 -2.520265e-02  2.402995e-02 -1.652205e-02 
 2.200000e+04  8.688934e+01 -2.540364e-02  2.421133e-02 -1.665207e-02 
 2.205000e+04  8.895329e+01 -2.560334e-02  2.439141e-02 -1.678110e-02 
 2.210000e+04  9.120191e+01 -2.581751e-02  2.458434e-02 -1.691939e-02 
 2.215000e+04  9.345266e+01 -2.602845e-02  2.477424e-02 -1.705554e-02 
 2.220000e+04  9.570342e+01 -2.623581e-02  2.496067e-02 -1.718915e-02 
 2.225000e+04  9.814256e+01 -2.645688e-02  2.515903e-02 -1.733133e-02 
 2.230000e+04  1.006240e+02 -2.667823e-02  2.535738e-02 -1.747355e-02 
 2.235000e+04  1.031055e+02 -2.689565e-02  2.555211e-02 -1.761312e-02 
 2.240000e+04  1.056599e+02 -2.711542e-02  2.574877e-02 -1.775405e-02 
 2.245000e+04  1.083957e+02 -2.734697e-02  2.595580e-02 -1.790245e-02 
 2.250000e+04  1.111315e+02 -2.757444e-02  2.615917e-02 -1.804819e-02 
 2.255000e+04  1.138673e+02 -2.779773e-02  2.635870e-02 -1.819109e-02 
 2.260000e+04  1.167372e+02 -2.802785e-02  2.656412e-02 -1.833822e-02 
 2.265000e+04  1.196098e+02 -2.825414e-02  2.676604e-02 -1.848280e-02 
 2.270000e+04  1.225515e+02 -2.848167e-02  2.696904e-02 -1.862807e-02 
 2.275000e+04  1.257185e+02 -2.872250e-02  2.718377e-02 -1.878172e-02 
 2.280000e+04  1.288855e+02 -2.895899e-02  2.739463e-02 -1.893260e-02 
 2.285000e+04  1.320526e+02 -2.919100e-02  2.760144e-02 -1.908050e-02 
 2.290000e+04  1.354160e+02 -2.943282e-02  2.781684e-02 -1.923449e-02 
 2.295000e+04  1.389076e+02 -2.967958e-02  2.803644e-02 -1.939151e-02 
 2.300000e+04  1.423993e+02 -2.992180e-02  2.825179e-02 -1.954550e-02 
 2.305000e+04  1.459507e+02 -3.016351e-02  2.846635e-02 -1.969897e-02 
 2.310000e+04  1.498002e+02 -3.042091e-02  2.869448e-02 -1.986225e-02 
 2.315000e+04  1.536498e+02 -3.067350e-02  2.891824e-02 -2.002240e-02 
 2.320000e+04  1.574993e+02 -3.092111e-02  2.913745e-02 -2.017927e-02 
 2.325000e+04  1.614952e+02 -3.117317e-02  2.936037e-02 -2.033884e-02 
 2.330000e+04  1.655372e+02 -3.142336e-02  2.958158e-02 -2.049715e-02 
 2.335000e+04  1.696156e+02 -3.167090e-02  2.980041e-02 -2.065373e-02 
 2.340000e+04  1.740422e+02 -3.193462e-02  3.003345e-02 -2.082048e-02 
 2.345000e+04  1.784986e+02 -3.219515e-02  3.026362e-02 -2.098519e-02 
 2.350000e+04  1.829549e+02 -3.245045e-02  3.048912e-02 -2.114648e-02 
 2.355000e+04  1.874647e+02 -3.270353e-02  3.071251e-02 -2.130628e-02 
 2.360000e+04  1.921439e+02 -3.296102e-02  3.093976e-02 -2.146888e-02 
 2.365000e+04  1.968230e+02 -3.321351e-02  3.116257e-02 -2.162831e-02 
 2.370000e+04  2.017174e+02 -3.347254e-02  3.139104e-02 -2.179180e-02 
 2.375000e+04  2.068271e+02 -3.373795e-02  3.162496e-02 -2.195924e-02 
 2.380000e+04  2.119859e+02 -3.400081e-02  3.185654e-02 -2.212502e-02 
 2.385000e+04  2.171446e+02 -3.425837e-02  3.208332e-02 -2.228733e-02 
 2.390000e+04  2.224762e+02 -3.451916e-02  3.231269e-02 -2.245158e-02 
 2.395000e+04  2.281638e+02 -3.479219e-02  3.255265e-02 -2.262354e-02 
 2.400000e+04  2.338513e+02 -3.505987e-02  3.278776e-02 -2.279217e-02 
 2.405000e+04  2.395389e+02 -3.532212e-02  3.301789e-02 -2.295733e-02 
 2.410000e+04  2.452264e+02 -3.557905e-02  3.324316e-02 -2.311903e-02 
 2.415000e+04  2.509310e+02 -3.583160e-02  3.346449e-02 -2.327790e-02 
 2.420000e+04  2.571120e+02 -3.610008e-02  3.369970e-02 -2.344675e-02 
 2.425000e+04  2.633825e+02 -3.636741e-02  3.393388e-02 -2.361496e-02 
 2.430000e+04  2.696530e+02 -3.662944e-02  3.416344e-02 -2.377996e-02 
 2.435000e+04  2.759235e+02 -3.688605e-02  3.438830e-02 -2.394160e-02 
 2.440000e+04  2.821940e+02 -3.713735e-02  3.460858e-02 -2.409989e-02 
 2.445000e+04  2.887781e+02 -3.739611e-02  3.483543e-02 -2.426289e-02 
 2.450000e+04  2.953621e+02 -3.764997e-02  3.505800e-02 -2.442285e-02 
 2.455000e+04  3.019462e+02 -3.789899e-02  3.527621e-02 -2.457978e-02 
 2.460000e+04  3.088331e+02 -3.815463e-02  3.550007e-02 -2.474093e-02 
 2.465000e+04  3.157463e+02 -3.840647e-02  3.572059e-02 -2.489971e-02 
 2.470000e+04  3.226596e+02 -3.865351e-02  3.593684e-02 -2.505546e-02 
 2.475000e+04  3.296074e+02 -3.889711e-02  3.614990e-02 -2.520898e-02 
 2.480000e+04  3.371059e+02 -3.915532e-02  3.637556e-02 -2.537173e-02 
 2.485000e+04  3.447277e+02 -3.941319e-02  3.660080e-02 -2.553429e-02 
 2.490000e+04  3.523496e+02 -3.966624e-02  3.682161e-02 -2.569376e-02 
 2.495000e+04  3.599714e+02 -3.991444e-02  3.703781e-02 -2.585007e-02 
 2.500000e+04  3.675933e+02 -4.015788e-02  3.724959e-02 -2.600341e-02 
 2.505000e+04  3.752151e+02 -4.039669e-02  3.745737e-02 -2.615396e-02 
 2.510000e+04  3.828370e+02 -4.063110e-02  3.766140e-02 -2.630182e-02 
 2.515000e+04  3.904588e+02 -4.086142e-02  3.786194e-02 -2.644719e-02 
 2.520000e+04  3.980807e+02 -4.108773e-02  3.805918e-02 -2.659017e-02 
 2.525000e+04  4.059693e+02 -4.131793e-02  3.826006e-02 -2.673573e-02 
 2.530000e+04  4.139723e+02 -4.154754e-02  3.846066e-02 -2.688097e-02 
 2.535000e+04  4.219752e+02 -4.177321e-02  3.865776e-02 -2.702384e-02 
 2.540000e+04  4.299782e+02 -4.199489e-02  3.885150e-02 -2.716431e-02 
 2.545000e+04  4.379811e+02 -4.221278e-02  3.904200e-02 -2.730248e-02 
 2.550000e+04  4.459841e+02 -4.242713e-02  3.922940e-02 -2.743844e-02 
 2.555000e+04  4.539870e+02 -4.263808e-02  3.941374e-02 -2.757222e-02 
 2.560000e+04  4.620940e+02 -4.284853e-02  3.959744e-02 -2.770567e-02 
 2.565000e+04  4.704971e+02 -4.306357e-02  3.978498e-02 -2.784201e-02 
 2.570000e+04  4.789002e+02 -4.327546e-02  3.996938e-02 -2.797631e-02 
 2.575000e+04  4.873033e+02 -4.348415e-02  4.015070e-02 -2.810861e-02 
 2.580000e+04  4.957064e+02 -4.368966e-02  4.032920e-02 -2.823895e-02 
 2.585000e+04  5.041095e+02 -4.389209e-02  4.050498e-02 -2.836736e-02 
 2.590000e+04  5.125126e+02 -4.409160e-02  4.067820e-02 -2.849393e-02 
 2.595000e+04  5.209157e+02 -4.428825e-02  4.084897e-02 -2.861878e-02 
 2.600000e+04  5.293188e+02 -4.448205e-02  4.101741e-02 -2.874195e-02 
 2.605000e+04  5.377219e+02 -4.467308e-02  4.118356e-02 -2.886348e-02 
 2.610000e+04  5.461250e+02 -4.486139e-02  4.134746e-02 -2.898340e-02 
 2.615000e+04  5.545869e+02 -4.504834e-02  4.151034e-02 -2.910257e-02 
 2.620000e+04  5.634101e+02 -4.524064e-02  4.167805e-02 -2.922521e-02 
 2.625000e+04  5.722334e+02 -4.543030e-02  4.184350e-02 -2.934616e-02 
 2.630000e+04  5.810566e+02 -4.561729e-02  4.200671e-02 -2.946553e-02 
 2.635000e+04  5.898799e+02 -4.580172e-02  4.216780e-02 -2.958341e-02 
 2.640000e+04  5.987031e+02 -4.598369e-02  4.232684e-02 -2.969979e-02 
 2.645000e+04  6.075264e+02 -4.616332e-02  4.248374e-02 -2.981470e-02 
 2.650000e+04  6.163496e+02 -4.634080e-02  4.263857e-02 -2.992819e-02 
 2.655000e+04  6.251729e+02 -4.651624e-02  4.279136e-02 -3.004033e-02 
 2.660000e+04  6.339962e+02 -4.668963e-02  4.294212e-02 -3.015114e-02 
 2.665000e+04  6.428194e+02 -4.686099e-02  4.309092e-02 -3.026063e-02 
 2.670000e+04  6.516427e+02 -4.703033e-02  4.323796e-02 -3.036892e-02 
 2.675000e+04  6.607306e+02 -4.720277e-02  4.338780e-02 -3.047929e-02 
 2.680000e+04  6.699950e+02 -4.737660e-02  4.353892e-02 -3.059059e-02 
 2.685000e+04  6.792594e+02 -4.754841e-02  4.368835e-02 -3.070071e-02 
 2.690000e+04  6.885238e+02 -4.771817e-02  4.383610e-02 -3.080959e-02 
 2.695000e+04  6.982052e+02 -4.789354e-02  4.398872e-02 -3.092203e-02 
 2.700000e+04  7.079328e+02 -4.806774e-02  4.414025e-02 -3.103374e-02 
 2.705000e+04  7.176604e+02 -4.823979e-02  4.428989e-02 -3.114420e-02 
 2.710000e+04  7.273881e+02 -4.840974e-02  4.443787e-02 -3.125339e-02 
 2.715000e+04  7.371157e+02 -4.857764e-02  4.458415e-02 -3.136138e-02 
 2.720000e+04  7.468433e+02 -4.874351e-02  4.472882e-02 -3.146817e-02 
 2.725000e+04  7.568142e+02 -4.891162e-02  4.487551e-02 -3.157641e-02 
 2.730000e+04  7.670282e+02 -4.908206e-02  4.502435e-02 -3.168622e-02 
 2.735000e+04  7.772422e+02 -4.925066e-02  4.517162e-02 -3.179484e-02 
 2.740000e+04  7.874562e+02 -4.941737e-02  4.531713e-02 -3.190230e-02 
 2.745000e+04  7.976702e+02 -4.958222e-02  4.546097e-02 -3.200864e-02 
 2.750000e+04  8.078842e+02 -4.974528e-02  4.560324e-02 -3.211395e-02 
 2.755000e+04  8.180983e+02 -4.990661e-02  4.574411e-02 -3.221818e-02 
 2.760000e+04  8.283123e+02 -5.006631e-02  4.588359e-02 -3.232132e-02 
 2.765000e+04  8.385263e+02 -5.022443e-02  4.602165e-02 -3.242344e-02 
 2.770000e+04  8.487403e+02 -5.038107e-02  4.615812e-02 -3.252458e-02 
 2.775000e+04  8.589543e+02 -5.053613e-02  4.629330e-02 -3.262478e-02 
 2.780000e+04  8.696790e+02 -5.069738e-02  4.643400e-02 -3.272912e-02 
 2.785000e+04  8.804038e+02 -5.085720e-02  4.657344e-02 -3.283250e-02 
 2.790000e+04  8.911285e+02 -5.101549e-02  4.671140e-02 -3.293493e-02 
 2.795000e+04  9.018532e+02 -5.117218e-02  4.684798e-02 -3.303640e-02 
 2.800000e+04  9.125779e+02 -5.132729e-02  4.698335e-02 -3.313694e-02 
 2.805000e+04  9.236780e+02 -5.148631e-02  4.712230e-02 -3.324006e-02 
 2.810000e+04  9.349389e+02 -5.164613e-02  4.726205e-02 -3.334373e-02 
 2.815000e+04  9.462187e+02 -5.180466e-02  4.740073e-02 -3.344661e-02 
 2.820000e+04  9.577928e+02 -5.196578e-02  4.754169e-02 -3.355123e-02 
 2.825000e+04  9.693668e+02 -5.212540e-02  4.768122e-02 -3.365493e-02 
 2.830000e+04  9.809409e+02 -5.228345e-02  4.781931e-02 -3.375768e-02 
 2.835000e+04  9.925150e+02 -5.243996e-02  4.795615e-02 -3.385948e-02 
 2.840000e+04  1.004089e+03 -5.259510e-02  4.809177e-02 -3.396039e-02 
 2.845000e+04  1.015663e+03 -5.274885e-02  4.822628e-02 -3.406046e-02 
 2.850000e+04  1.027237e+03 -5.290127e-02  4.835963e-02 -3.415967e-02 
 2.855000e+04  1.038811e+03 -5.305241e-02  4.849189e-02 -3.425807e-02 
 2.860000e+04  1.050385e+03 -5.320231e-02  4.862304e-02 -3.435575e-02 
 2.865000e+04  1.061959e+03 -5.335099e-02  4.875316e-02 -3.445269e-02 
 2.870000e+04  1.073533e+03 -5.349845e-02  4.888223e-02 -3.454890e-02 
 2.875000e+04  1.085108e+03 -5.364483e-02  4.901031e-02 -3.464441e-02 
 2.880000e+04  1.096682e+03 -5.379011e-02  4.913739e-02 -3.473923e-02 
 2.885000e+04  1.108256e+03 -5.393427e-02  4.926341e-02 -3.483333e-02 
 2.890000e+04  1.119830e+03 -5.407727e-02  4.938847e-02 -3.492669e-02 
 2.895000e+04  1.131404e+03 -5.421915e-02  4.951279e-02 -3.501945e-02 
 2.900000e+04  1.142978e+03 -5.435996e-02  4.963626e-02 -3.511154e-02 
 2.905000e+04  1.154552e+03 -5.449975e-02  4.975887e-02 -3.520300e-02 
 2.910000e+04  1.166126e+03 -5.463856e-02  4.988067e-02 -3.529387e-02 
 2.915000e+04  1.177700e+03 -5.477639e-02  5.000167e-02 -3.538418e-02 
 2.920000e+04  1.189274e+03 -5.491326e-02  5.012179e-02 -3.547391e-02 
 2.925000e+04  1.200848e+03 -5.504922e-02  5.024113e-02 -3.556308e-02 
 2.930000e+04  1.212422e+03 -5.518433e-02  5.035972e-02 -3.565174e-02 
 2.935000e+04  1.223996e+03 -5.531857e-02  5.047756e-02 -3.573988e-02 
 2.940000e+04  1.235571e+03 -5.545198e-02  5.059470e-02 -3.582752e-02 
 2.945000e+04  1.247145e+03 -5.558458e-02  5.071120e-02 -3.591468e-02 
 2.950000e+04  1.258719e+03 -5.571643e-02  5.082712e-02 -3.600136e-02 
 2.955000e+04  1.270293e+03 -5.584756e-02  5.094236e-02 -3.608764e-02 
 2.960000e+04  1.281867e+03 -5.597794e-02  5.105687e-02 -3.617343e-02 
 2.965000e+04  1.293441e+03 -5.610757e-02  5.117077e-02 -3.625881e-02 
 2.970000e+04  1.305015e+03 -5.623654e-02  5.128411e-02 -3.634386e-02 
 2.975000e+04  1.316589e+03 -5.636484e-02  5.139688e-02 -3.642849e-02 
 2.980000e+04  1.328163e+03 -5.649247e-02  5.150908e-02 -3.651275e-02 
 2.985000e+04  1.339737e+03 -5.661949e-02  5.162081e-02 -3.659667e-02 
 2.990000e+04  1.351311e+03 -5.674595e-02  5.173203e-02 -3.668022e-02 
 2.995000e+04  1.362885e+03 -5.687180e-02  5.184270e-02 -3.676340e-02 
 3.000000e+04  1.374459e+03 -5.699710e-02  5.195284e-02 -3.684629e-02 
 3.005000e+04  1.386033e+03 -5.712184e-02  5.206252e-02 -3.692885e-02 
 3.010000e+04  1.397608e+03 -5.724605e-02  5.217167e-02 -3.701111e-02 
 3.015000e+04  1.409182e+03 -5.736971e-02  5.228034e-02 -3.709309e-02 
 3.020000e+04  1.420756e+03 -5.749286e-02  5.238859e-02 -3.717437e-02 
 3.025000e+04  1.432330e+03 -5.761541e-02  5.249645e-02 -3.725504e-02 
 3.030000e+04  1.443904e+03 -5.773688e-02  5.260393e-02 -3.733531e-02 
 3.035000e+04  1.455478e+03 -5.785787e-02  5.271066e-02 -3.741531e-02 
 3.040000e+04  1.467052e+03 -5.797888e-02  5.281620e-02 -3.749568e-02 
 3.045000e+04  1.478626e+03 -5.809934e-02  5.292148e-02 -3.757628e-02 
 3.050000e+04  1.490200e+03 -5.821914e-02  5.302689e-02 -3.765657e-02 
 3.055000e+04  1.501774e+03 -5.833863e-02  5.313238e-02 -3.773682e-02 
 3.060000e+04  1.513348e+03 -5.845809e-02  5.323792e-02 -3.781687e-02 
 3.065000e+04  1.524922e+03 -5.857733e-02  5.334300e-02 -3.789594e-02 
 3.070000e+04  1.536496e+03 -5.869629e-02  5.344763e-02 -3.797434e-02 
 3.075000e+04  1.548071e+03 -5.881448e-02  5.355181e-02 -3.805283e-02 
 3.080000e+04  1.559645e+03 -5.893209e-02  5.365550e-02 -3.813110e-02 
 3.085000e+04  1.571219e+03 -5.904870e-02  5.375848e-02 -3.820918e-02 
 3.090000e+04  1.582793e+03 -5.916430e-02  5.386124e-02 -3.828701e-02 
 3.095000e+04  1.594367e+03 -5.927867e-02  5.396388e-02 -3.836504e-02 
 3.100000e+04  1.605941e+03 -5.939280e-02  5.406630e-02 -3.844305e-02 
 3.105000e+04  1.617515e+03 -5.950705e-02  5.416854e-02 -3.852075e-02 
 3.110000e+04  1.629089e+03 -5.962157e-02  5.427068e-02 -3.859765e-02 
 3.115000e+04  1.640663e+03 -5.973649e-02  5.437296e-02 -3.867418e-02 
 3.120000e+04  1.652237e+03 -5.985095e-02  5.447532e-02 -3.875069e-02 
 3.125000e+04  1.663811e+03 -5.996556e-02  5.457730e-02 -3.882704e-02 
 3.130000e+04  1.675385e+03 -6.007957e-02  5.467845e-02 -3.890296e-02 
 3.135000e+04  1.686959e+03 -6.019251e-02  5.477902e-02 -3.897890e-02 
 3.140000e+04  1.698533e+03 -6.030596e-02  5.487894e-02 -3.905478e-02 
 3.145000e+04  1.710108e+03 -6.041916e-02  5.497858e-02 -3.913010e-02 
 3.150000e+04  1.721682e+03 -6.053174e-02  5.507817e-02 -3.920489e-02 
 3.155000e+04  1.733256e+03 -6.064390e-02  5.517781e-02 -3.927991e-02 
 3.160000e+04  1.744830e+03 -6.075550e-02  5.527679e-02 -3.935517e-02 
 3.165000e+04  1.756404e+03 -6.086758e-02  5.537538e-02 -3.943048e-02 
 3.170000e+04  1.767978e+03 -6.097904e-02  5.547382e-02 -3.950539e-02 
 3.175000e+04  1.779552e+03 -6.108888e-02  5.557234e-02 -3.957959e-02 
 3.180000e+04  1.791126e+03 -6.119933e-02  5.567107e-02 -3.965340e-02 
 3.185000e+04  1.802700e+03 -6.130964e-02  5.576940e-02 -3.972725e-02 
 3.190000e+04  1.814274e+03 -6.141993e-02  5.586739e-02 -3.980031e-02 
 3.195000e+04  1.825848e+03 -6.152948e-02  5.596521e-02 -3.987344e-02 
 3.200000e+04  1.837422e+03 -6.163833e-02  5.606327e-02 -3.994666e-02 
 3.205000e+04  1.848996e+03 -6.174638e-02  5.616120e-02 -4.002009e-02 
 3.210000e+04  1.860571e+03 -6.185484e-02  5.625786e-02 -4.009339e-02 
 3.215000e+04  1.872145e+03 -6.196318e-02  5.635305e-02 -4.016617e-02 
 3.220000e+04  1.883719e+03 -6.207129e-02  5.644707e-02 -4.023823e-02 
 3.225000e+04  1.895293e+03 -6.217861e-02  5.654074e-02 -4.031002e-02 
 3.230000e+04  1.906867e+03 -6.228645e-02  5.663362e-02 -4.038191e-02 
 3.235000e+04  1.918441e+03 -6.239313e-02  5.672522e-02 -4.045308e-02 
 3.240000e+04  1.930015e+03 -6.249964e-02  5.681748e-02 -4.052399e-02 
 3.245000e+04  1.941589e+03 -6.260660e-02  5.691079e-02 -4.059503e-02 
 3.250000e+04  1.953163e+03 -6.271364e-02  5.700486e-02 -4.066611e-02 
 3.255000e+04  1.964737e+03 -6.282065e-02  5.709966e-02 -4.073741e-02 
 3.260000e+04  1.976311e+03 -6.292731e-02  5.719491e-02 -4.080924e-02 
 3.265000e+04  1.987885e+03 -6.303370e-02  5.729035e-02 -4.088118e-02 
 3.270000e+04  1.999459e+03 -6.313886e-02  5.738533e-02 -4.095267e-02 
 3.275000e+04  2.011033e+03 -6.324354e-02  5.747952e-02 -4.102367e-02 
 3.280000e+04  2.022608e+03 -6.334805e-02  5.757361e-02 -4.109437e-02 
 3.285000e+04  2.034182e+03 -6.345239e-02  5.766763e-02 -4.116461e-02 
 3.290000e+04  2.045756e+03 -6.355680e-02  5.776111e-02 -4.123456e-02 
 3.295000e+04  2.057330e+03 -6.366136e-02  5.785404e-02 -4.130454e-02 
 3.300000e+04  2.068904e+03 -6.376568e-02  5.794730e-02 -4.137469e-02 
 3.305000e+04  2.080478e+03 -6.386915e-02  5.804015e-02 -4.144500e-02 
 3.310000e+04  2.092052e+03 -6.397188e-02  5.813242e-02 -4.151518e-02 
 3.315000e+04  2.103626e+03 -6.407426e-02  5.822425e-02 -4.158505e-02 
 3.320000e+04  2.115200e+03 -6.417692e-02  5.831582e-02 -4.165469e-02 
 3.325000e+04  2.126774e+03 -6.427950e-02  5.840722e-02 -4.172400e-02 
 3.330000e+04  2.138348e+03 -6.438218e-02  5.849842e-02 -4.179275e-02 
 3.335000e+04  2.149922e+03 -6.448557e-02  5.858917e-02 -4.186166e-02 
 3.340000e+04  2.161496e+03 -6.458928e-02  5.867997e-02 -4.193082e-02 
 3.345000e+04  2.173071e+03 -6.469269e-02  5.877062e-02 -4.199969e-02 
 3.350000e+04  2.184645e+03 -6.479572e-02  5.886162e-02 -4.206842e-02 
 3.355000e+04  2.196219e+03 -6.489856e-02  5.895239e-02 -4.213722e-02 
 3.360000e+04  2.207793e+03 -6.500108e-02  5.904344e-02 -4.220608e-02 
 3.365000e+04  2.219367e+03 -6.510276e-02  5.913445e-02 -4.227485e-02 
 3.370000e+04  2.230941e+03 -6.520382e-02  5.922547e-02 -4.234349e-02 
 3.375000e+04  2.242515e+03 -6.530478e-02  5.931632e-02 -4.241207e-02 
 3.380000e+04  2.254089e+03 -6.540516e-02  5.940693e-02 -4.248031e-02 
 3.385000e+04  2.265663e+03 -6.550522e-02  5.949749e-02 -4.254808e-02 
 3.390000e+04  2.277237e+03 -6.560554e-02  5.958810e-02 -4.261560e-02 
 3.395000e+04  2.288811e+03 -6.570564e-02  5.967812e-02 -4.268308e-02 
 3.400000e+04  2.300385e+03 -6.580574e-02  5.976697e-02 -4.275067e-02 
 3.405000e+04  2.311959e+03 -6.590543e-02  5.985592e-02 -4.281826e-02 
 3.410000e+04  2.323533e+03 -6.600464e-02  5.994513e-02 -4.288587e-02 
 3.415000e+04  2.335108e+03 -6.610398e-02  6.003457e-02 -4.295335e-02 
 3.420000e+04  2.346682e+03 -6.620340e-02  6.012398e-02 -4.302083e-02 
 3.425000e+04  2.358256e+03 -6.630306e-02  6.021260e-02 -4.308820e-02 
 3.430000e+04  2.369830e+03 -6.640330e-02  6.030131e-02 -4.315528e-02 
 3.435000e+04  2.381404e+03 -6.650318e-02  6.038986e-02 -4.322196e-02 
 3.440000e+04  2.392978e+03 -6.660261e-02  6.047826e-02 -4.328821e-02 
 3.445000e+04  2.404552e+03 -6.670141e-02  6.056599e-02 -4.335450e-02 
 3.450000e+04  2.416126e+03 -6.680014e-02  6.065359e-02 -4.342090e-02 
 3.455000e+04  2.427700e+03 -6.689897e-02  6.074100e-02 -4.348751e-02 
 3.460000e+04  2.439274e+03 -6.699779e-02  6.082867e-02 -4.355421e-02 
 3.465000e+04  2.450848e+03 -6.709653e-02  6.091642e-02 -4.362086e-02 
 3.470000e+04  2.462422e+03 -6.719504e-02  6.100377e-02 -4.368753e-02 
 3.475000e+04  2.473996e+03 -6.729305e-02  6.109137e-02 -4.375367e-02 
 3.480000e+04  2.485571e+03 -6.739045e-02  6.117906e-02 -4.381880e-02 
 3.485000e+04  2.497145e+03 -6.748754e-02  6.126651e-02 -4.388342e-02 
 3.490000e+04  2.508719e+03 -6.758469e-02  6.135345e-02 -4.394826e-02 
 3.495000e+04  2.520293e+03 -6.768165e-02  6.144068e-02 -4.401341e-02 
 3.500000e+04  2.531867e+03 -6.777811e-02  6.152796e-02 -4.407892e-02 
 3.505000e+04  2.543441e+03 -6.787431e-02  6.161507e-02 -4.414445e-02 
 3.510000e+04  2.555015e+03 -6.797065e-02  6.170194e-02 -4.421029e-02 
 3.515000e+04  2.566589e+03 -6.806713e-02  6.178769e-02 -4.427624e-02 
 3.520000e+04  2.578163e+03 -6.816336e-02  6.187348e-02 -4.434151e-02 
 3.525000e+04  2.589737e+03 -6.825947e-02  6.195961e-02 -4.440628e-02 
 3.530000e+04  2.601311e+03 -6.835594e-02  6.204627e-02 -4.447069e-02 
 3.535000e+04  2.612885e+03 -6.845282e-02  6.213303e-02 -4.453515e-02 
 3.540000e+04  2.624459e+03 -6.854958e-02  6.221938e-02 -4.459972e-02 
 3.545000e+04  2.636033e+03 -6.864615e-02  6.230459e-02 -4.466450e-02 
 3.550000e+04  2.647608e+03 -6.874264e-02  6.238954e-02 -4.472963e-02 
 3.555000e+04  2.659182e+03 -6.883908e-02  6.247439e-02 -4.479488e-02 
 3.560000e+04  2.670756e+03 -6.893542e-02  6.255906e-02 -4.485972e-02 
 3.565000e+04  2.682330e+03 -6.903185e-02  6.264312e-02 -4.492410e-02 
 3.570000e+04  2.693904e+03 -6.912790e-02  6.272697e-02 -4.498807e-02 
 3.575000e+04  2.705478e+03 -6.922357e-02  6.281017e-02 -4.505148e-02 
 3.580000e+04  2.717052e+03 -6.931929e-02  6.289359e-02 -4.511483e-02 
 3.585000e+04  2.728626e+03 -6.941481e-02  6.297781e-02 -4.517873e-02 
 3.590000e+04  2.740200e+03 -6.950976e-02  6.306278e-02 -4.524293e-02 
 3.595000e+04  2.751774e+03 -6.960424e-02  6.314826e-02 -4.530721e-02 
 3.600000e+04  2.763348e+03 -6.969865e-02  6.323369e-02 -4.537175e-02 
 3.605000e+04  2.774922e+03 -6.979318e-02  6.331862e-02 -4.543596e-02 
 3.610000e+04  2.786496e+03 -6.988747e-02  6.340319e-02 -4.549982e-02 
 3.615000e+04  2.798071e+03 -6.998161e-02  6.348786e-02 -4.556357e-02 
 3.620000e+04  2.809645e+03 -7.007539e-02  6.357282e-02 -4.562717e-02 
 3.625000e+04  2.821219e+03 -7.016892e-02  6.365789e-02 -4.569049e-02 
 3.630000e+04  2.832793e+03 -7.026247e-02  6.374282e-02 -4.575385e-02 
 3.635000e+04  2.844367e+03 -7.035580e-02  6.382719e-02 -4.581709e-02 
 3.640000e+04  2.855941e+03 -7.044869e-02  6.391041e-02 -4.588036e-02 
 3.645000e+04  2.867515e+03 -7.054158e-02  6.399360e-02 -4.594336e-02 
 3.650000e+04  2.879089e+03 -7.063499e-02  6.407701e-02 -4.600632e-02 
 3.655000e+04  2.890663e+03 -7.072875e-02  6.416036e-02 -4.606909e-02 
 3.660000e+04  2.902237e+03 -7.082264e-02  6.424346e-02 -4.613178e-02 
 3.665000e+04  2.913811e+03 -7.091658e-02  6.432641e-02 -4.619443e-02 
 3.670000e+04  2.925385e+03 -7.100978e-02  6.440916e-02 -4.625715e-02 
 3.675000e+04  2.936959e+03 -7.110284e-02  6.449203e-02 -4.631986e-02 
 3.680000e+04  2.948533e+03 -7.119582e-02  6.457493e-02 -4.638256e-02 
 3.685000e+04  2.960108e+03 -7.128892e-02  6.465792e-02 -4.644526e-02 
 3.690000e+04  2.971682e+03 -7.138198e-02  6.474095e-02 -4.650799e-02 
 3.695000e+04  2.983256e+03 -7.147493e-02  6.482404e-02 -4.657060e-02 
 3.700000e+04  2.994830e+03 -7.156700e-02  6.490704e-02 -4.663330e-02 
 3.705000e+04  3.006404e+03 -7.165900e-02  6.499006e-02 -4.669602e-02 
 3.710000e+04  3.017978e+03 -7.175107e-02  6.507294e-02 -4.675857e-02 
 3.715000e+04  3.029552e+03 -7.184324e-02  6.515535e-02 -4.682090e-02 
 3.720000e+04  3.041126e+03 -7.193539e-02  6.523724e-02 -4.688314e-02 
 3.725000e+04  3.052700e+03 -7.202709e-02  6.531918e-02 -4.694523e-02 
 3.730000e+04  3.064274e+03 -7.211819e-02  6.540090e-02 -4.700736e-02 
 3.735000e+04  3.075848e+03 -7.220912e-02  6.548267e-02 -4.706939e-02 
 3.740000e+04  3.087422e+03 -7.229990e-02  6.556461e-02 -4.713129e-02 
 3.745000e+04  3.098996e+03 -7.239106e-02  6.564664e-02 -4.719315e-02 
 3.750000e+04  3.110571e+03 -7.248270e-02  6.572880e-02 -4.725504e-02 
 3.755000e+04  3.122145e+03 -7.257466e-02  6.581059e-02 -4.731701e-02 
 3.760000e+04  3.133719e+03 -7.266638e-02  6.589193e-02 -4.737897e-02 
 3.765000e+04  3.145293e+03 -7.275767e-02  6.597320e-02 -4.744064e-02 
 3.770000e+04  3.156867e+03 -7.284890e-02  6.605452e-02 -4.750209e-02 
 3.775000e+04  3.168441e+03 -7.293988e-02  6.613598e-02 -4.756362e-02 
 3.780000e+04  3.180015e+03 -7.303063e-02  6.621745e-02 -4.762518e-02 
 3.785000e+04  3.191589e+03 -7.312157e-02  6.629886e-02 -4.768663e-02 
 3.790000e+04  3.203163e+03 -7.321235e-02  6.638033e-02 -4.774816e-02 
 3.795000e+04  3.214737e+03 -7.330308e-02  6.646191e-02 -4.780976e-02 
 3.800000e+04  3.226311e+03 -7.339373e-02  6.654339e-02 -4.787135e-02 
 3.805000e+04  3.237885e+03 -7.348427e-02  6.662429e-02 -4.793266e-02 
 3.810000e+04  3.249459e+03 -7.357487e-02  6.670502e-02 -4.799377e-02 
 3.815000e+04  3.261033e+03 -7.366528e-02  6.678585e-02 -4.805492e-02 
 3.820000e+04  3.272608e+03 -7.375546e-02  6.686685e-02 -4.811605e-02 
 3.825000e+04  3.284182e+03 -7.384563e-02  6.694794e-02 -4.817725e-02 
 3.830000e+04  3.295756e+03 -7.393589e-02  6.702908e-02 -4.823854e-02 
 3.835000e+04  3.307330e+03 -7.402631e-02  6.711012e-02 -4.829976e-02 
 3.840000e+04  3.318904e+03 -7.411671e-02  6.719090e-02 -4.836064e-02 
 3.845000e+04  3.330478e+03 -7.420673e-02  6.727136e-02 -4.842120e-02 
 3.850000e+04  3.342052e+03 -7.429662e-02  6.735127e-02 -4.848166e-02 
 3.855000e+04  3.353626e+03 -7.438648e-02  6.743117e-02 -4.854222e-02 
 3.860000e+04  3.365200e+03 -7.447650e-02  6.751078e-02 -4.860259e-02 
 3.865000e+04  3.376774e+03 -7.456655e-02  6.758931e-02 -4.866278e-02 
 3.870000e+04  3.388348e+03 -7.465651e-02  6.766712e-02 -4.872323e-02 
 3.875000e+04  3.399922e+03 -7.474547e-02  6.774533e-02 -4.878379e-02 
 3.880000e+04  3.411496e+03 -7.483431e-02  6.782373e-02 -4.884430e-02 
 3.885000e+04  3.423071e+03 -7.492345e-02  6.790253e-02 -4.890454e-02 
 3.890000e+04  3.434645e+03 -7.501306e-02  6.798183e-02 -4.896461e-02 
 3.895000e+04  3.446219e+03 -7.510274e-02  6.806163e-02 -4.902474e-02 
 3.900000e+04  3.457793e+03 -7.519211e-02  6.814176e-02 -4.908493e-02 
 3.905000e+04  3.469367e+03 -7.528087e-02  6.822194e-02 -4.914514e-02 
 3.910000e+04  3.480941e+03 -7.536946e-02  6.830196e-02 -4.920544e-02 
 3.915000e+04  3.492515e+03 -7.545791e-02  6.838176e-02 -4.926569e-02 
 3.920000e+04  3.504089e+03 -7.554622e-02  6.846122e-02 -4.932583e-02 
 3.925000e+04  3.515663e+03 -7.563440e-02  6.854072e-02 -4.938597e-02 
 3.930000e+04  3.527237e+03 -7.572250e-02  6.862043e-02 -4.944602e-02 
 3.935000e+04  3.538811e+03 -7.581065e-02  6.870000e-02 -4.950598e-02 
 3.940000e+04  3.550385e+03 -7.589891e-02  6.877938e-02 -4.956586e-02 
 3.945000e+04  3.561959e+03 -7.598651e-02  6.885884e-02 -4.962575e-02 
 3.950000e+04  3.573533e+03 -7.607344e-02  6.893824e-02 -4.968568e-02 
 3.955000e+04  3.585108e+03 -7.616027e-02  6.901755e-02 -4.974535e-02 
 3.960000e+04  3.596682e+03 -7.624743e-02  6.909673e-02 -4.980496e-02 
 3.965000e+04  3.608256e+03 -7.633506e-02  6.917588e-02 -4.986461e-02 
 3.970000e+04  3.619830e+03 -7.642270e-02  6.925495e-02 -4.992436e-02 
 3.975000e+04  3.631404e+03 -7.651038e-02  6.933397e-02 -4.998415e-02 
 3.980000e+04  3.642978e+03 -7.659816e-02  6.941282e-02 -5.004385e-02 
 3.985000e+04  3.654552e+03 -7.668601e-02  6.949150e-02 -5.010346e-02 
 3.990000e+04  3.666126e+03 -7.677381e-02  6.957002e-02 -5.016291e-02 
 3.995000e+04  3.677700e+03 -7.686164e-02  6.964836e-02 -5.022228e-02 
 4.000000e+04  3.689274e+03 -7.694936e-02  6.972678e-02 -5.028168e-02 
 4.005000e+04  3.700848e+03 -7.703689e-02  6.980508e-02 -5.034100e-02 
 4.010000e+04  3.712422e+03 -7.712440e-02  6.988343e-02 -5.040023e-02 
 4.015000e+04  3.723996e+03 -7.721184e-02  6.996188e-02 -5.045951e-02 
 4.020000e+04  3.735571e+03 -7.729907e-02  7.004036e-02 -5.051883e-02 
 4.025000e+04  3.747145e+03 -7.738632e-02  7.011877e-02 -5.057817e-02 
 4.030000e+04  3.758719e+03 -7.747366e-02  7.019683e-02 -5.063758e-02 
 4.035000e+04  3.770293e+03 -7.756100e-02  7.027434e-02 -5.069690e-02 
 4.040000e+04  3.781867e+03 -7.764791e-02  7.035185e-02 -5.075595e-02 
 4.045000e+04  3.793441e+03 -7.773453e-02  7.042964e-02 -5.081495e-02 
 4.050000e+04  3.805015e+03 -7.782127e-02  7.050778e-02 -5.087397e-02 
 4.055000e+04  3.816589e+03 -7.790811e-02  7.058613e-02 -5.093289e-02 
 4.060000e+04  3.828163e+03 -7.799488e-02  7.066453e-02 -5.099176e-02 
 4.065000e+04  3.839737e+03 -7.808117e-02  7.074291e-02 -5.105061e-02 
 4.070000e+04  3.851311e+03 -7.816752e-02  7.082121e-02 -5.110939e-02 
 4.075000e+04  3.862885e+03 -7.825380e-02  7.089925e-02 -5.116814e-02 
 4.080000e+04  3.874459e+03 -7.833990e-02  7.097708e-02 -5.122676e-02 
 4.085000e+04  3.886033e+03 -7.842610e-02  7.105485e-02 -5.128545e-02 
 4.090000e+04  3.897608e+03 -7.851248e-02  7.113258e-02 -5.134433e-02 
 4.095000e+04  3.909182e+03 -7.859901e-02  7.121017e-02 -5.140322e-02 
 4.100000e+04  3.920756e+03 -7.868553e-02  7.128773e-02 -5.146203e-02 
 4.105000e+04  3.932330e+03 -7.877201e-02  7.136537e-02 -5.152074e-02 
 4.110000e+04  3.943904e+03 -7.885842e-02  7.144305e-02 -5.157926e-02 
 4.115000e+04  3.955478e+03 -7.894478e-02  7.152030e-02 -5.163754e-02 
 4.120000e+04  3.967052e+03 -7.903072e-02  7.159745e-02 -5.169579e-02 
 4.125000e+04  3.978626e+03 -7.911643e-02  7.167456e-02 -5.175423e-02 
 4.130000e+04  3.990200e+03 -7.920219e-02  7.175173e-02 -5.181260e-02 
 4.135000e+04  4.001774e+03 -7.928804e-02  7.182892e-02 -5.187105e-02 
 4.140000e+04  4.013348e+03 -7.937404e-02  7.190618e-02 -5.192958e-02 
 4.145000e+04  4.024922e+03 -7.946021e-02  7.198340e-02 -5.198811e-02 
 4.150000e+04  4.036496e+03 -7.954574e-02  7.206062e-02 -5.204653e-02 
 4.155000e+04  4.048071e+03 -7.963086e-02  7.213785e-02 -5.210479e-02 
 4.160000e+04  4.059645e+03 -7.971590e-02  7.221467e-02 -5.216293e-02 
 4.165000e+04  4.071219e+03 -7.980083e-02  7.229059e-02 -5.222104e-02 
 4.170000e+04  4.082793e+03 -7.988557e-02  7.236599e-02 -5.227887e-02 
 4.175000e+04  4.094367e+03 -7.997027e-02  7.244164e-02 -5.233646e-02 
 4.180000e+04  4.105941e+03 -8.005518e-02  7.251746e-02 -5.239426e-02 
 4.185000e+04  4.117515e+03 -8.014029e-02  7.259370e-02 -5.245221e-02 
 4.190000e+04  4.129089e+03 -8.022573e-02  7.267007e-02 -5.251029e-02 
 4.195000e+04  4.140663e+03 -8.031129e-02  7.274662e-02 -5.256840e-02 
 4.200000e+04  4.152237e+03 -8.039684e-02  7.282321e-02 -5.262648e-02 
 4.205000e+04  4.163811e+03 -8.048216e-02  7.289978e-02 -5.268445e-02 
 4.210000e+04  4.175385e+03 -8.056721e-02  7.297623e-02 -5.274235e-02 
 4.215000e+04  4.186959e+03 -8.065222e-02  7.305249e-02 -5.280025e-02 
 4.220000e+04  4.198533e+03 -8.073725e-02  7.312859e-02 -5.285812e-02 
 4.225000e+04  4.210108e+03 -8.082234e-02  7.320461e-02 -5.291594e-02 
 4.230000e+04  4.221682e+03 -8.090747e-02  7.328068e-02 -5.297373e-02 
 4.235000e+04  4.233256e+03 -8.099227e-02  7.335675e-02 -5.303136e-02 
 4.240000e+04  4.244830e+03 -8.107689e-02  7.343282e-02 -5.308891e-02 
 4.245000e+04  4.256404e+03 -8.116119e-02  7.350898e-02 -5.314649e-02 
 4.250000e+04  4.267978e+03 -8.124539e-02  7.358524e-02 -5.320408e-02 
 4.255000e+04  4.279552e+03 -8.132943e-02  7.366156e-02 -5.326162e-02 
 4.260000e+04  4.291126e+03 -8.141342e-02  7.373791e-02 -5.331911e-02 
 4.265000e+04  4.302700e+03 -8.149755e-02  7.381420e-02 -5.337664e-02 
 4.270000e+04  4.314274e+03 -8.158176e-02  7.389040e-02 -5.343426e-02 
 4.275000e+04  4.325848e+03 -8.166600e-02  7.396617e-02 -5.349165e-02 
 4.280000e+04  4.337422e+03 -8.175027e-02  7.404161e-02 -5.354892e-02 
 4.285000e+04  4.348996e+03 -8.183463e-02  7.411698e-02 -5.360625e-02 
 4.290000e+04  4.360571e+03 -8.191911e-02  7.419233e-02 -5.366360e-02 
 4.295000e+04  4.372145e+03 -8.200347e-02  7.426771e-02 -5.372094e-02 
 4.300000e+04  4.383719e+03 -8.208788e-02  7.434321e-02 -5.377834e-02 
 4.305000e+04  4.395293e+03 -8.217240e-02  7.441882e-02 -5.383580e-02 
 4.310000e+04  4.406867e+03 -8.225696e-02  7.449436e-02 -5.389318e-02 
 4.315000e+04  4.418441e+03 -8.234156e-02  7.456974e-02 -5.395040e-02 
 4.320000e+04  4.430015e+03 -8.242606e-02  7.464503e-02 -5.400760e-02 
 4.325000e+04  4.441589e+03 -8.251029e-02  7.472027e-02 -5.406479e-02 
 4.330000e+04  4.453163e+03 -8.259436e-02  7.479546e-02 -5.412198e-02 
 4.335000e+04  4.464737e+03 -8.267835e-02  7.487064e-02 -5.417919e-02 
 4.340000e+04  4.476311e+03 -8.276223e-02  7.494590e-02 -5.423632e-02 
 4.345000e+04  4.487885e+03 -8.284591e-02  7.502121e-02 -5.429339e-02 
 4.350000e+04  4.499459e+03 -8.292949e-02  7.509642e-02 -5.435042e-02 
 4.355000e+04  4.511033e+03 -8.301297e-02  7.517175e-02 -5.440743e-02 
 4.360000e+04  4.522608e+03 -8.309644e-02  7.524721e-02 -5.446448e-02 
 4.365000e+04  4.534182e+03 -8.317989e-02  7.532271e-02 -5.452147e-02 
 4.370000e+04  4.545756e+03 -8.326329e-02  7.539814e-02 -5.457835e-02 
 4.375000e+04  4.557330e+03 -8.334673e-02  7.547333e-02 -5.463524e-02 
 4.380000e+04  4.568904e+03 -8.343016e-02  7.554838e-02 -5.469213e-02 
 4.385000e+04  4.580478e+03 -8.351354e-02  7.562336e-02 -5.474901e-02 
 4.390000e+04  4.592052e+03 -8.359682e-02  7.569833e-02 -5.480583e-02 
 4.395000e+04  4.603626e+03 -8.367998e-02  7.577315e-02 -5.486256e-02 
 4.400000e+04  4.615200e+03 -8.376322e-02  7.584778e-02 -5.491914e-02 
 4.405000e+04  4.626774e+03 -8.384659e-02  7.592209e-02 -5.497572e-02 
 4.410000e+04  4.638348e+03 -8.393005e-02  7.599652e-02 -5.503236e-02 
 4.415000e+04  4.649922e+03 -8.401353e-02  7.607113e-02 -5.508905e-02 
 4.420000e+04  4.661496e+03 -8.409667e-02  7.614589e-02 -5.514565e-02 
 4.425000e+04  4.673071e+03 -8.417965e-02  7.622048e-02 -5.520214e-02 
 4.430000e+04  4.684645e+03 -8.426227e-02  7.629470e-02 -5.525867e-02 
 4.435000e+04  4.696219e+03 -8.434499e-02  7.636870e-02 -5.531516e-02 
 4.440000e+04  4.707793e+03 -8.442779e-02  7.644281e-02 -5.537166e-02 
 4.445000e+04  4.719367e+03 -8.451062e-02  7.651720e-02 -5.542817e-02 
 4.450000e+04  4.730941e+03 -8.459342e-02  7.659185e-02 -5.548461e-02 
 4.455000e+04  4.742515e+03 -8.467618e-02  7.666648e-02 -5.554102e-02 
 4.460000e+04  4.754089e+03 -8.475901e-02  7.674100e-02 -5.559747e-02 
 4.465000e+04  4.765663e+03 -8.484174e-02  7.681552e-02 -5.565391e-02 
 4.470000e+04  4.777237e+03 -8.492416e-02  7.689010e-02 -5.571029e-02 
 4.475000e+04  4.788811e+03 -8.500647e-02  7.696473e-02 -5.576670e-02 
 4.480000e+04  4.800385e+03 -8.508880e-02  7.703933e-02 -5.582310e-02 
 4.485000e+04  4.811959e+03 -8.517123e-02  7.711363e-02 -5.587926e-02 
 4.490000e+04  4.823533e+03 -8.525367e-02  7.718786e-02 -5.593535e-02 
 4.495000e+04  4.835108e+03 -8.533600e-02  7.726216e-02 -5.599152e-02 
 4.500000e+04  4.846682e+03 -8.541827e-02  7.733638e-02 -5.604772e-02 
 4.505000e+04  4.858256e+03 -8.550058e-02  7.741005e-02 -5.610396e-02 
 4.510000e+04  4.869830e+03 -8.558295e-02  7.748360e-02 -5.616017e-02 
 4.515000e+04  4.881404e+03 -8.566544e-02  7.755689e-02 -5.621626e-02 
 4.520000e+04  4.892978e+03 -8.574785e-02  7.763006e-02 -5.627228e-02 
 4.525000e+04  4.904552e+03 -8.583029e-02  7.770312e-02 -5.632821e-02 
 4.530000e+04  4.916126e+03 -8.591272e-02  7.777607e-02 -5.638413e-02 
 4.535000e+04  4.927700e+03 -8.599523e-02  7.784912e-02 -5.643995e-02 
 4.540000e+04  4.939274e+03 -8.607771e-02  7.792233e-02 -5.649583e-02 
 4.545000e+04  4.950848e+03 -8.616009e-02  7.799574e-02 -5.655170e-02 
 4.550000e+04  4.962422e+03 -8.624201e-02  7.806933e-02 -5.660751e-02 
 4.555000e+04  4.973996e+03 -8.632382e-02  7.814303e-02 -5.666340e-02 
 4.560000e+04  4.985571e+03 -8.640564e-02  7.821683e-02 -5.671940e-02 
 4.565000e+04  4.997145e+03 -8.648744e-02  7.829025e-02 -5.677532e-02 
 4.570000e+04  5.008719e+03 -8.656920e-02  7.836337e-02 -5.683102e-02 
 4.575000e+04  5.020293e+03 -8.665084e-02  7.843609e-02 -5.688659e-02 
 4.580000e+04  5.031867e+03 -8.673238e-02  7.850879e-02 -5.694218e-02 
 4.585000e+04  5.043441e+03 -8.681370e-02  7.858175e-02 -5.699778e-02 
 4.590000e+04  5.055015e+03 -8.689466e-02  7.865509e-02 -5.705347e-02 
 4.595000e+04  5.066589e+03 -8.697576e-02  7.872867e-02 -5.710919e-02 
 4.600000e+04  5.078163e+03 -8.705694e-02  7.880235e-02 -5.716484e-02 
 4.605000e+04  5.089737e+03 -8.713832e-02  7.887599e-02 -5.722039e-02 
 4.610000e+04  5.101311e+03 -8.721959e-02  7.894959e-02 -5.727584e-02 
 4.615000e+04  5.112885e+03 -8.730073e-02  7.902310e-02 -5.733127e-02 
 4.620000e+04  5.124459e+03 -8.738196e-02  7.909640e-02 -5.738674e-02 
 4.625000e+04  5.136033e+03 -8.746321e-02  7.916948e-02 -5.744231e-02 
 4.630000e+04  5.147608e+03 -8.754459e-02  7.924242e-02 -5.749789e-02 
 4.635000e+04  5.159182e+03 -8.762602e-02  7.931530e-02 -5.755349e-02 
 4.640000e+04  5.170756e+03 -8.770741e-02  7.938828e-02 -5.760903e-02 
 4.645000e+04  5.182330e+03 -8.778875e-02  7.946131e-02 -5.766447e-02 
 4.650000e+04  5.193904e+03 -8.787010e-02  7.953440e-02 -5.771981e-02 
 4.655000e+04  5.205478e+03 -8.795149e-02  7.960736e-02 -5.777514e-02 
 4.660000e+04  5.217052e+03 -8.803293e-02  7.968026e-02 -5.783042e-02 
 4.665000e+04  5.228626e+03 -8.811437e-02  7.975298e-02 -5.788576e-02 
 4.670000e+04  5.240200e+03 -8.819576e-02  7.982569e-02 -5.794107e-02 
 4.675000e+04  5.251774e+03 -8.827696e-02  7.989828e-02 -5.799639e-02 
 4.680000e+04  5.263348e+03 -8.835810e-02  7.997084e-02 -5.805172e-02 
 4.685000e+04  5.274922e+03 -8.843904e-02  8.004354e-02 -5.810706e-02 
 4.690000e+04  5.286496e+03 -8.851984e-02  8.011635e-02 -5.816229e-02 
