         Step [creep.tim... Z Displace... Z Displace... X Displace... 
------------- ------------- ------------- ------------- ------------- 
 5.250000e+03  1.276223e-07 -4.629353e-03  4.524540e-03 -2.433365e-03 
 5.300000e+03  3.886505e-06 -4.629641e-03  4.524726e-03 -2.433661e-03 
 5.350000e+03  2.525829e-05 -4.631503e-03  4.525624e-03 -2.435211e-03 
 5.400000e+03  6.338649e-05 -4.633823e-03  4.527072e-03 -2.436665e-03 
 5.450000e+03  1.083003e-04 -4.635232e-03  4.529083e-03 -2.437791e-03 
 5.500000e+03  1.583993e-04 -4.637760e-03  4.532297e-03 -2.439834e-03 
 5.550000e+03  2.100615e-04 -4.641582e-03  4.536721e-03 -2.442972e-03 
 5.600000e+03  2.705715e-04 -4.646475e-03  4.542334e-03 -2.446556e-03 
 5.650000e+03  3.460912e-04 -4.651991e-03  4.548507e-03 -2.450520e-03 
 5.700000e+03  4.291927e-04 -4.656762e-03  4.554328e-03 -2.454348e-03 
 5.750000e+03  5.156942e-04 -4.660725e-03  4.558744e-03 -2.457477e-03 
 5.800000e+03  6.037898e-04 -4.664395e-03  4.562173e-03 -2.460242e-03 
 5.850000e+03  6.918853e-04 -4.668819e-03  4.566009e-03 -2.463648e-03 
 5.900000e+03  7.799809e-04 -4.674504e-03  4.570954e-03 -2.467965e-03 
 5.950000e+03  8.759705e-04 -4.681226e-03  4.577487e-03 -2.473063e-03 
 6.000000e+03  9.936892e-04 -4.688620e-03  4.585615e-03 -2.478791e-03 
 6.050000e+03  1.125538e-03 -4.696170e-03  4.593611e-03 -2.484082e-03 
 6.100000e+03  1.266167e-03 -4.703440e-03  4.600748e-03 -2.488852e-03 
 6.150000e+03  1.409665e-03 -4.710279e-03  4.607076e-03 -2.493203e-03 
 6.200000e+03  1.553164e-03 -4.716986e-03  4.613488e-03 -2.497882e-03 
 6.250000e+03  1.696662e-03 -4.724158e-03  4.620915e-03 -2.503456e-03 
 6.300000e+03  1.855366e-03 -4.732742e-03  4.630028e-03 -2.510339e-03 
 6.350000e+03  2.042227e-03 -4.742770e-03  4.640526e-03 -2.518394e-03 
 6.400000e+03  2.247778e-03 -4.752927e-03  4.650825e-03 -2.526307e-03 
 6.450000e+03  2.467423e-03 -4.762808e-03  4.660881e-03 -2.533637e-03 
 6.500000e+03  2.690036e-03 -4.772092e-03  4.670918e-03 -2.540274e-03 
 6.550000e+03  2.912649e-03 -4.781328e-03  4.681238e-03 -2.546772e-03 
 6.600000e+03  3.135262e-03 -4.790966e-03  4.692132e-03 -2.553769e-03 
 6.650000e+03  3.377205e-03 -4.802047e-03  4.704395e-03 -2.562144e-03 
 6.700000e+03  3.664028e-03 -4.815383e-03  4.718428e-03 -2.572323e-03 
 6.750000e+03  3.980728e-03 -4.829068e-03  4.732298e-03 -2.582987e-03 
 6.800000e+03  4.322127e-03 -4.842615e-03  4.745749e-03 -2.593603e-03 
 6.850000e+03  4.667473e-03 -4.855659e-03  4.758903e-03 -2.603522e-03 
 6.900000e+03  5.012819e-03 -4.868609e-03  4.772134e-03 -2.612892e-03 
 6.950000e+03  5.358165e-03 -4.881909e-03  4.785798e-03 -2.622268e-03 
 7.000000e+03  5.707310e-03 -4.895830e-03  4.800274e-03 -2.632109e-03 
 7.050000e+03  6.103565e-03 -4.911618e-03  4.816953e-03 -2.643443e-03 
 7.100000e+03  6.532151e-03 -4.927736e-03  4.833902e-03 -2.655342e-03 
 7.150000e+03  7.001493e-03 -4.944099e-03  4.850601e-03 -2.667721e-03 
 7.200000e+03  7.505409e-03 -4.960913e-03  4.867341e-03 -2.680462e-03 
 7.250000e+03  8.015642e-03 -4.977508e-03  4.883839e-03 -2.692904e-03 
 7.300000e+03  8.525875e-03 -4.993865e-03  4.900346e-03 -2.705107e-03 
 7.350000e+03  9.036109e-03 -5.010462e-03  4.917200e-03 -2.717241e-03 
 7.400000e+03  9.583717e-03 -5.028518e-03  4.935620e-03 -2.730174e-03 
 7.450000e+03  1.015187e-02 -5.046633e-03  4.954352e-03 -2.743115e-03 
 7.500000e+03  1.075257e-02 -5.064425e-03  4.973095e-03 -2.756115e-03 
 7.550000e+03  1.139943e-02 -5.082707e-03  4.992350e-03 -2.769719e-03 
 7.600000e+03  1.207864e-02 -5.101496e-03  5.011867e-03 -2.783752e-03 
 7.650000e+03  1.276240e-02 -5.120067e-03  5.030878e-03 -2.797708e-03 
 7.700000e+03  1.346052e-02 -5.138851e-03  5.049883e-03 -2.811838e-03 
 7.750000e+03  1.423547e-02 -5.159735e-03  5.070810e-03 -2.827286e-03 
 7.800000e+03  1.502701e-02 -5.180621e-03  5.091663e-03 -2.842372e-03 
 7.850000e+03  1.581855e-02 -5.200602e-03  5.111631e-03 -2.856671e-03 
 7.900000e+03  1.663305e-02 -5.220481e-03  5.131612e-03 -2.870854e-03 
 7.950000e+03  1.746416e-02 -5.240287e-03  5.151809e-03 -2.885091e-03 
 8.000000e+03  1.829528e-02 -5.259585e-03  5.171771e-03 -2.899201e-03 
 8.050000e+03  1.917971e-02 -5.279710e-03  5.192456e-03 -2.914178e-03 
 8.100000e+03  2.017647e-02 -5.302135e-03  5.215093e-03 -2.930836e-03 
 8.150000e+03  2.122711e-02 -5.325378e-03  5.237923e-03 -2.947765e-03 
 8.200000e+03  2.228785e-02 -5.348040e-03  5.259980e-03 -2.964007e-03 
 8.250000e+03  2.334858e-02 -5.369948e-03  5.281493e-03 -2.979601e-03 
 8.300000e+03  2.445493e-02 -5.392351e-03  5.303819e-03 -2.995508e-03 
 8.350000e+03  2.556871e-02 -5.414450e-03  5.326067e-03 -3.011330e-03 
 8.400000e+03  2.668471e-02 -5.435913e-03  5.347940e-03 -3.026984e-03 
 8.450000e+03  2.793662e-02 -5.459312e-03  5.372043e-03 -3.044311e-03 
 8.500000e+03  2.927366e-02 -5.483720e-03  5.397220e-03 -3.062348e-03 
 8.550000e+03  3.062747e-02 -5.507598e-03  5.421595e-03 -3.079921e-03 
 8.600000e+03  3.200834e-02 -5.531392e-03  5.445424e-03 -3.097145e-03 
 8.650000e+03  3.342983e-02 -5.555703e-03  5.469361e-03 -3.114459e-03 
 8.700000e+03  3.485132e-02 -5.579707e-03  5.492969e-03 -3.131432e-03 
 8.750000e+03  3.627282e-02 -5.603008e-03  5.516129e-03 -3.148082e-03 
 8.800000e+03  3.775323e-02 -5.626572e-03  5.539790e-03 -3.165144e-03 
 8.850000e+03  3.936117e-02 -5.651538e-03  5.565079e-03 -3.183331e-03 
 8.900000e+03  4.100672e-02 -5.676338e-03  5.590354e-03 -3.201388e-03 
 8.950000e+03  4.267202e-02 -5.700766e-03  5.615098e-03 -3.219098e-03 
 9.000000e+03  4.446378e-02 -5.726717e-03  5.641107e-03 -3.237711e-03 
 9.050000e+03  4.627801e-02 -5.752748e-03  5.666943e-03 -3.256159e-03 
 9.100000e+03  4.809223e-02 -5.778280e-03  5.691880e-03 -3.274149e-03 
 9.150000e+03  4.995362e-02 -5.803905e-03  5.716674e-03 -3.292193e-03 
 9.200000e+03  5.193856e-02 -5.830612e-03  5.742654e-03 -3.311106e-03 
 9.250000e+03  5.393874e-02 -5.856606e-03  5.768477e-03 -3.329758e-03 
 9.300000e+03  5.593892e-02 -5.881719e-03  5.793768e-03 -3.347903e-03 
 9.350000e+03  5.809002e-02 -5.908266e-03  5.820548e-03 -3.366959e-03 
 9.400000e+03  6.039886e-02 -5.936485e-03  5.849031e-03 -3.387081e-03 
 9.450000e+03  6.271432e-02 -5.964115e-03  5.876867e-03 -3.406776e-03 
 9.500000e+03  6.505756e-02 -5.991324e-03  5.904018e-03 -3.426108e-03 
 9.550000e+03  6.757875e-02 -6.020222e-03  5.932457e-03 -3.446500e-03 
 9.600000e+03  7.013155e-02 -6.048991e-03  5.960550e-03 -3.466741e-03 
 9.650000e+03  7.268434e-02 -6.076769e-03  5.987833e-03 -3.486498e-03 
 9.700000e+03  7.523713e-02 -6.103810e-03  6.014696e-03 -3.505867e-03 
 9.750000e+03  7.778993e-02 -6.130470e-03  6.041494e-03 -3.524969e-03 
 9.800000e+03  8.034272e-02 -6.156585e-03  6.068049e-03 -3.543632e-03 
 9.850000e+03  8.298129e-02 -6.182921e-03  6.094774e-03 -3.562424e-03 
 9.900000e+03  8.594674e-02 -6.212212e-03  6.124217e-03 -3.583091e-03 
 9.950000e+03  8.904967e-02 -6.242560e-03  6.154308e-03 -3.604298e-03 
 1.000000e+04  9.215261e-02 -6.272237e-03  6.183195e-03 -3.625033e-03 
 1.005000e+04  9.525555e-02 -6.301132e-03  6.211252e-03 -3.645367e-03 
 1.010000e+04  9.835848e-02 -6.329574e-03  6.238926e-03 -3.665408e-03 
 1.015000e+04  1.014614e-01 -6.357463e-03  6.266318e-03 -3.685089e-03 
 1.020000e+04  1.045644e-01 -6.384568e-03  6.293278e-03 -3.704320e-03 
 1.025000e+04  1.078791e-01 -6.413049e-03  6.321793e-03 -3.724422e-03 
 1.030000e+04  1.114232e-01 -6.443197e-03  6.352142e-03 -3.745541e-03 
 1.035000e+04  1.150152e-01 -6.473192e-03  6.382100e-03 -3.766452e-03 
 1.040000e+04  1.186468e-01 -6.502785e-03  6.411345e-03 -3.787115e-03 
 1.045000e+04  1.225090e-01 -6.533917e-03  6.441695e-03 -3.808816e-03 
 1.050000e+04  1.264692e-01 -6.565386e-03  6.472126e-03 -3.830771e-03 
 1.055000e+04  1.304294e-01 -6.595876e-03  6.501827e-03 -3.852242e-03 
 1.060000e+04  1.343896e-01 -6.625725e-03  6.531094e-03 -3.873270e-03 
 1.065000e+04  1.383498e-01 -6.655255e-03  6.560328e-03 -3.893953e-03 
 1.070000e+04  1.423101e-01 -6.684153e-03  6.589394e-03 -3.914225e-03 
 1.075000e+04  1.463497e-01 -6.712953e-03  6.618509e-03 -3.934395e-03 
 1.080000e+04  1.508817e-01 -6.744921e-03  6.650612e-03 -3.956656e-03 
 1.085000e+04  1.554662e-01 -6.776954e-03  6.682376e-03 -3.978907e-03 
 1.090000e+04  1.600506e-01 -6.808362e-03  6.712969e-03 -4.000743e-03 
 1.095000e+04  1.646947e-01 -6.839505e-03  6.743108e-03 -4.022481e-03 
 1.100000e+04  1.695084e-01 -6.871436e-03  6.773975e-03 -4.044731e-03 
 1.105000e+04  1.743220e-01 -6.902751e-03  6.804566e-03 -4.066531e-03 
 1.110000e+04  1.791357e-01 -6.933387e-03  6.834734e-03 -4.087842e-03 
 1.115000e+04  1.840986e-01 -6.964483e-03  6.865551e-03 -4.109403e-03 
 1.120000e+04  1.893804e-01 -6.997116e-03  6.898243e-03 -4.132044e-03 
 1.125000e+04  1.946875e-01 -7.029308e-03  6.930459e-03 -4.154410e-03 
 1.130000e+04  2.000635e-01 -7.061323e-03  6.962100e-03 -4.176629e-03 
 1.135000e+04  2.058756e-01 -7.095589e-03  6.995482e-03 -4.200339e-03 
 1.140000e+04  2.117266e-01 -7.129716e-03  7.028433e-03 -4.223896e-03 
 1.145000e+04  2.175777e-01 -7.163036e-03  7.060620e-03 -4.246963e-03 
 1.150000e+04  2.234287e-01 -7.195756e-03  7.092355e-03 -4.269585e-03 
 1.155000e+04  2.295431e-01 -7.229521e-03  7.125450e-03 -4.292909e-03 
 1.160000e+04  2.356867e-01 -7.262889e-03  7.158497e-03 -4.315935e-03 
 1.165000e+04  2.418549e-01 -7.295550e-03  7.191083e-03 -4.338585e-03 
 1.170000e+04  2.485508e-01 -7.330607e-03  7.225962e-03 -4.362841e-03 
 1.175000e+04  2.553241e-01 -7.365801e-03  7.260665e-03 -4.387075e-03 
 1.180000e+04  2.620974e-01 -7.400299e-03  7.294283e-03 -4.410852e-03 
 1.185000e+04  2.689994e-01 -7.434845e-03  7.327647e-03 -4.434720e-03 
 1.190000e+04  2.763817e-01 -7.471477e-03  7.362930e-03 -4.459937e-03 
 1.195000e+04  2.838493e-01 -7.508020e-03  7.398270e-03 -4.485005e-03 
 1.200000e+04  2.913169e-01 -7.543619e-03  7.433071e-03 -4.509520e-03 
 1.205000e+04  2.987844e-01 -7.578678e-03  7.467539e-03 -4.533613e-03 
 1.210000e+04  3.065507e-01 -7.614704e-03  7.503212e-03 -4.558356e-03 
 1.215000e+04  3.143917e-01 -7.650366e-03  7.538811e-03 -4.582991e-03 
 1.220000e+04  3.223581e-01 -7.685859e-03  7.574077e-03 -4.607614e-03 
 1.225000e+04  3.311419e-01 -7.724737e-03  7.612158e-03 -4.634410e-03 
 1.230000e+04  3.402188e-01 -7.764598e-03  7.650750e-03 -4.661766e-03 
 1.235000e+04  3.492957e-01 -7.803677e-03  7.688401e-03 -4.688545e-03 
 1.240000e+04  3.583726e-01 -7.842033e-03  7.725457e-03 -4.714782e-03 
 1.245000e+04  3.674495e-01 -7.879981e-03  7.762302e-03 -4.740664e-03 
 1.250000e+04  3.765264e-01 -7.917236e-03  7.798836e-03 -4.766222e-03 
 1.255000e+04  3.856033e-01 -7.953687e-03  7.834850e-03 -4.791358e-03 
 1.260000e+04  3.952793e-01 -7.992086e-03  7.872787e-03 -4.817795e-03 
 1.265000e+04  4.052866e-01 -8.031461e-03  7.911589e-03 -4.844873e-03 
 1.270000e+04  4.152938e-01 -8.070183e-03  7.949447e-03 -4.871470e-03 
 1.275000e+04  4.255213e-01 -8.109185e-03  7.987103e-03 -4.898121e-03 
 1.280000e+04  4.365018e-01 -8.150838e-03  8.027010e-03 -4.926386e-03 
 1.285000e+04  4.475348e-01 -8.192204e-03  8.066625e-03 -4.954388e-03 
 1.290000e+04  4.585678e-01 -8.232583e-03  8.105537e-03 -4.981861e-03 
 1.295000e+04  4.696009e-01 -8.272241e-03  8.144076e-03 -5.009001e-03 
 1.300000e+04  4.806339e-01 -8.311336e-03  8.182486e-03 -5.035886e-03 
 1.305000e+04  4.916669e-01 -8.349688e-03  8.220466e-03 -5.062370e-03 
 1.310000e+04  5.032273e-01 -8.389262e-03  8.259620e-03 -5.089627e-03 
 1.315000e+04  5.158656e-01 -8.432281e-03  8.301822e-03 -5.119041e-03 
 1.320000e+04  5.286377e-01 -8.475444e-03  8.343687e-03 -5.148417e-03 
 1.325000e+04  5.414098e-01 -8.517869e-03  8.384471e-03 -5.177222e-03 
 1.330000e+04  5.541819e-01 -8.559683e-03  8.424511e-03 -5.205598e-03 
 1.335000e+04  5.675927e-01 -8.603060e-03  8.466194e-03 -5.235102e-03 
 1.340000e+04  5.810034e-01 -8.645650e-03  8.507512e-03 -5.264222e-03 
 1.345000e+04  5.944141e-01 -8.687353e-03  8.548335e-03 -5.292918e-03 
 1.350000e+04  6.085456e-01 -8.730782e-03  8.591021e-03 -5.322706e-03 
 1.355000e+04  6.233309e-01 -8.775798e-03  8.635321e-03 -5.353487e-03 
 1.360000e+04  6.381162e-01 -8.820175e-03  8.678783e-03 -5.383774e-03 
 1.365000e+04  6.533481e-01 -8.865304e-03  8.722486e-03 -5.414413e-03 
 1.370000e+04  6.696489e-01 -8.913286e-03  8.768418e-03 -5.446807e-03 
 1.375000e+04  6.859497e-01 -8.960752e-03  8.813588e-03 -5.478846e-03 
 1.380000e+04  7.022505e-01 -9.007169e-03  8.857882e-03 -5.510416e-03 
 1.385000e+04  7.185513e-01 -9.052848e-03  8.901749e-03 -5.541561e-03 
 1.390000e+04  7.348521e-01 -9.097867e-03  8.945436e-03 -5.572361e-03 
 1.395000e+04  7.511529e-01 -9.142170e-03  8.988768e-03 -5.602666e-03 
 1.400000e+04  7.680153e-01 -9.187331e-03  9.033084e-03 -5.633487e-03 
 1.405000e+04  7.866159e-01 -9.236781e-03  9.081477e-03 -5.667067e-03 
 1.410000e+04  8.054861e-01 -9.286509e-03  9.129654e-03 -5.700748e-03 
 1.415000e+04  8.243564e-01 -9.335358e-03  9.176545e-03 -5.733925e-03 
 1.420000e+04  8.436417e-01 -9.384623e-03  9.223464e-03 -5.767361e-03 
 1.425000e+04  8.634555e-01 -9.434689e-03  9.271209e-03 -5.801349e-03 
 1.430000e+04  8.832692e-01 -9.483932e-03  9.318500e-03 -5.834871e-03 
 1.435000e+04  9.030829e-01 -9.532204e-03  9.365312e-03 -5.867843e-03 
 1.440000e+04  9.233920e-01 -9.581111e-03  9.413041e-03 -5.901196e-03 
 1.445000e+04  9.441964e-01 -9.630657e-03  9.461637e-03 -5.934989e-03 
 1.450000e+04  9.650008e-01 -9.679445e-03  9.509459e-03 -5.968217e-03 
 1.455000e+04  9.868153e-01 -9.730100e-03  9.558550e-03 -6.002568e-03 
 1.460000e+04  1.009752e+00 -9.783014e-03  9.609211e-03 -6.038289e-03 
 1.465000e+04  1.032689e+00 -9.835260e-03  9.658870e-03 -6.073635e-03 
 1.470000e+04  1.055626e+00 -9.886596e-03  9.707651e-03 -6.108574e-03 
 1.475000e+04  1.078563e+00 -9.937249e-03  9.755978e-03 -6.143008e-03 
 1.480000e+04  1.101500e+00 -9.987323e-03  9.804061e-03 -6.176994e-03 
 1.485000e+04  1.124437e+00 -1.003662e-02  9.851829e-03 -6.210481e-03 
 1.490000e+04  1.148330e+00 -1.008725e-02  9.901117e-03 -6.244784e-03 
 1.495000e+04  1.174579e+00 -1.014243e-02  9.954740e-03 -6.282143e-03 
 1.500000e+04  1.201131e+00 -1.019763e-02  1.000803e-02 -6.319595e-03 
 1.505000e+04  1.227683e+00 -1.025192e-02  1.005998e-02 -6.356472e-03 
 1.510000e+04  1.255245e+00 -1.030766e-02  1.011296e-02 -6.394261e-03 
 1.515000e+04  1.283124e+00 -1.036357e-02  1.016600e-02 -6.432044e-03 
 1.520000e+04  1.311004e+00 -1.041860e-02  1.021837e-02 -6.469279e-03 
 1.525000e+04  1.338884e+00 -1.047272e-02  1.027020e-02 -6.505961e-03 
 1.530000e+04  1.367210e+00 -1.052694e-02  1.032264e-02 -6.542806e-03 
 1.535000e+04  1.396484e+00 -1.058230e-02  1.037652e-02 -6.580493e-03 
 1.540000e+04  1.425758e+00 -1.063687e-02  1.042968e-02 -6.617626e-03 
 1.545000e+04  1.456935e+00 -1.069441e-02  1.048526e-02 -6.656641e-03 
 1.550000e+04  1.489209e+00 -1.075359e-02  1.054185e-02 -6.696638e-03 
 1.555000e+04  1.521484e+00 -1.081194e-02  1.059733e-02 -6.736182e-03 
 1.560000e+04  1.553758e+00 -1.086944e-02  1.065179e-02 -6.775172e-03 
 1.565000e+04  1.587066e+00 -1.092822e-02  1.070749e-02 -6.814913e-03 
 1.570000e+04  1.620954e+00 -1.098738e-02  1.076384e-02 -6.854807e-03 
 1.575000e+04  1.654842e+00 -1.104558e-02  1.081963e-02 -6.894102e-03 
 1.580000e+04  1.689899e+00 -1.110491e-02  1.087673e-02 -6.934224e-03 
 1.585000e+04  1.727261e+00 -1.116750e-02  1.093701e-02 -6.976616e-03 
 1.590000e+04  1.764623e+00 -1.122931e-02  1.099639e-02 -7.018560e-03 
 1.595000e+04  1.802246e+00 -1.129065e-02  1.105494e-02 -7.060181e-03 
 1.600000e+04  1.842810e+00 -1.135627e-02  1.111702e-02 -7.104448e-03 
 1.605000e+04  1.884001e+00 -1.142232e-02  1.117935e-02 -7.148858e-03 
 1.610000e+04  1.925192e+00 -1.148728e-02  1.124078e-02 -7.192640e-03 
 1.615000e+04  1.966384e+00 -1.155119e-02  1.130151e-02 -7.235794e-03 
 1.620000e+04  2.009470e+00 -1.161714e-02  1.136463e-02 -7.280422e-03 
 1.625000e+04  2.052721e+00 -1.168241e-02  1.142749e-02 -7.324707e-03 
 1.630000e+04  2.095972e+00 -1.174671e-02  1.148947e-02 -7.368374e-03 
 1.635000e+04  2.143315e+00 -1.181633e-02  1.155642e-02 -7.415586e-03 
 1.640000e+04  2.193383e+00 -1.188934e-02  1.162618e-02 -7.464964e-03 
 1.645000e+04  2.243451e+00 -1.196129e-02  1.169456e-02 -7.513636e-03 
 1.650000e+04  2.293520e+00 -1.203229e-02  1.176170e-02 -7.561524e-03 
 1.655000e+04  2.343588e+00 -1.210259e-02  1.182806e-02 -7.608791e-03 
 1.660000e+04  2.393656e+00 -1.217203e-02  1.189378e-02 -7.655514e-03 
 1.665000e+04  2.443725e+00 -1.224027e-02  1.195868e-02 -7.701577e-03 
 1.670000e+04  2.496742e+00 -1.231158e-02  1.202672e-02 -7.749791e-03 
 1.675000e+04  2.551942e+00 -1.238507e-02  1.209694e-02 -7.799540e-03 
 1.680000e+04  2.607143e+00 -1.245758e-02  1.216609e-02 -7.848572e-03 
 1.685000e+04  2.664877e+00 -1.253246e-02  1.223712e-02 -7.899001e-03 
 1.690000e+04  2.725735e+00 -1.261085e-02  1.231092e-02 -7.951498e-03 
 1.695000e+04  2.786593e+00 -1.268826e-02  1.238359e-02 -8.003351e-03 
 1.700000e+04  2.847452e+00 -1.276428e-02  1.245512e-02 -8.054519e-03 
 1.705000e+04  2.909101e+00 -1.284023e-02  1.252674e-02 -8.105683e-03 
 1.710000e+04  2.973002e+00 -1.291798e-02  1.260036e-02 -8.158119e-03 
 1.715000e+04  3.036904e+00 -1.299458e-02  1.267323e-02 -8.209831e-03 
 1.720000e+04  3.102815e+00 -1.307248e-02  1.274750e-02 -8.262346e-03 
 1.725000e+04  3.176436e+00 -1.315865e-02  1.282948e-02 -8.320291e-03 
 1.730000e+04  3.250410e+00 -1.324412e-02  1.291056e-02 -8.377839e-03 
 1.735000e+04  3.324383e+00 -1.332820e-02  1.299000e-02 -8.434495e-03 
 1.740000e+04  3.399985e+00 -1.341310e-02  1.306989e-02 -8.491560e-03 
 1.745000e+04  3.477657e+00 -1.349941e-02  1.315100e-02 -8.549449e-03 
 1.750000e+04  3.555329e+00 -1.358438e-02  1.323108e-02 -8.606553e-03 
 1.755000e+04  3.633079e+00 -1.366812e-02  1.331020e-02 -8.662841e-03 
 1.760000e+04  3.714635e+00 -1.375492e-02  1.339240e-02 -8.721168e-03 
 1.765000e+04  3.796191e+00 -1.384062e-02  1.347363e-02 -8.778817e-03 
 1.770000e+04  3.878074e+00 -1.392546e-02  1.355385e-02 -8.835824e-03 
 1.775000e+04  3.967398e+00 -1.401704e-02  1.363998e-02 -8.897143e-03 
 1.780000e+04  4.061810e+00 -1.411285e-02  1.372972e-02 -8.961189e-03 
 1.785000e+04  4.156221e+00 -1.420727e-02  1.381794e-02 -9.024339e-03 
 1.790000e+04  4.250632e+00 -1.430016e-02  1.390472e-02 -9.086463e-03 
 1.795000e+04  4.347120e+00 -1.439386e-02  1.399234e-02 -9.149086e-03 
 1.800000e+04  4.446252e+00 -1.448877e-02  1.408150e-02 -9.212597e-03 
 1.805000e+04  4.545384e+00 -1.458214e-02  1.416950e-02 -9.275128e-03 
 1.810000e+04  4.650072e+00 -1.467946e-02  1.426121e-02 -9.340274e-03 
 1.815000e+04  4.759365e+00 -1.477985e-02  1.435575e-02 -9.407525e-03 
 1.820000e+04  4.868658e+00 -1.487878e-02  1.444867e-02 -9.473747e-03 
 1.825000e+04  4.979382e+00 -1.497752e-02  1.454113e-02 -9.539725e-03 
 1.830000e+04  5.099878e+00 -1.508383e-02  1.464036e-02 -9.610561e-03 
 1.835000e+04  5.220373e+00 -1.518871e-02  1.473820e-02 -9.680422e-03 
 1.840000e+04  5.340869e+00 -1.529178e-02  1.483453e-02 -9.749216e-03 
 1.845000e+04  5.463171e+00 -1.539482e-02  1.493096e-02 -9.817977e-03 
 1.850000e+04  5.589691e+00 -1.550010e-02  1.502962e-02 -9.888222e-03 
 1.855000e+04  5.716212e+00 -1.560377e-02  1.512689e-02 -9.957425e-03 
 1.860000e+04  5.847502e+00 -1.570988e-02  1.522619e-02 -1.002812e-02 
 1.865000e+04  5.992848e+00 -1.582619e-02  1.533453e-02 -1.010535e-02 
 1.870000e+04  6.139311e+00 -1.594183e-02  1.544190e-02 -1.018207e-02 
 1.875000e+04  6.285774e+00 -1.605551e-02  1.554723e-02 -1.025749e-02 
 1.880000e+04  6.435313e+00 -1.616992e-02  1.565300e-02 -1.033319e-02 
 1.885000e+04  6.589099e+00 -1.628594e-02  1.576042e-02 -1.041003e-02 
 1.890000e+04  6.742885e+00 -1.640002e-02  1.586635e-02 -1.048578e-02 
 1.895000e+04  6.903099e+00 -1.651701e-02  1.597514e-02 -1.056342e-02 
 1.900000e+04  7.080108e+00 -1.664463e-02  1.609384e-02 -1.064801e-02 
 1.905000e+04  7.258135e+00 -1.677105e-02  1.621138e-02 -1.073173e-02 
 1.910000e+04  7.436161e+00 -1.689528e-02  1.632668e-02 -1.081387e-02 
 1.915000e+04  7.621131e+00 -1.702247e-02  1.644425e-02 -1.089788e-02 
 1.920000e+04  7.808059e+00 -1.714915e-02  1.656128e-02 -1.098166e-02 
 1.925000e+04  7.994987e+00 -1.727364e-02  1.667652e-02 -1.106404e-02 
 1.930000e+04  8.184718e+00 -1.739806e-02  1.679164e-02 -1.114620e-02 
 1.935000e+04  8.390806e+00 -1.753144e-02  1.691505e-02 -1.123423e-02 
 1.940000e+04  8.596894e+00 -1.766264e-02  1.703666e-02 -1.132086e-02 
 1.945000e+04  8.802982e+00 -1.779161e-02  1.715617e-02 -1.140593e-02 
 1.950000e+04  9.028463e+00 -1.793085e-02  1.728469e-02 -1.149757e-02 
 1.955000e+04  9.255675e+00 -1.806922e-02  1.741208e-02 -1.158855e-02 
 1.960000e+04  9.482887e+00 -1.820527e-02  1.753715e-02 -1.167793e-02 
 1.965000e+04  9.714416e+00 -1.834179e-02  1.766217e-02 -1.176736e-02 
 1.970000e+04  9.963247e+00 -1.848642e-02  1.779444e-02 -1.186212e-02 
 1.975000e+04  1.021375e+01 -1.862957e-02  1.792564e-02 -1.195596e-02 
 1.980000e+04  1.046425e+01 -1.877022e-02  1.805464e-02 -1.204805e-02 
 1.985000e+04  1.073493e+01 -1.891988e-02  1.819184e-02 -1.214593e-02 
 1.990000e+04  1.101111e+01 -1.907019e-02  1.832958e-02 -1.224425e-02 
 1.995000e+04  1.128728e+01 -1.921781e-02  1.846480e-02 -1.234073e-02 
 2.000000e+04  1.157894e+01 -1.937113e-02  1.860489e-02 -1.244085e-02 
 2.005000e+04  1.188343e+01 -1.952883e-02  1.874875e-02 -1.254376e-02 
 2.010000e+04  1.218791e+01 -1.968366e-02  1.889005e-02 -1.264475e-02 
 2.015000e+04  1.249423e+01 -1.983661e-02  1.902952e-02 -1.274433e-02 
 2.020000e+04  1.282768e+01 -2.000043e-02  1.917897e-02 -1.285095e-02 
 2.025000e+04  1.316338e+01 -2.016253e-02  1.932702e-02 -1.295653e-02 
 2.030000e+04  1.349907e+01 -2.032157e-02  1.947227e-02 -1.306004e-02 
 2.035000e+04  1.386057e+01 -2.049000e-02  1.962576e-02 -1.316943e-02 
 2.040000e+04  1.423067e+01 -2.065975e-02  1.978010e-02 -1.327956e-02 
 2.045000e+04  1.460078e+01 -2.082636e-02  1.993140e-02 -1.338756e-02 
 2.050000e+04  1.498180e+01 -2.099484e-02  2.008395e-02 -1.349653e-02 
 2.055000e+04  1.538984e+01 -2.117239e-02  2.024446e-02 -1.361129e-02 
 2.060000e+04  1.579788e+01 -2.134665e-02  2.040205e-02 -1.372387e-02 
 2.065000e+04  1.620592e+01 -2.151762e-02  2.055653e-02 -1.383410e-02 
 2.070000e+04  1.664854e+01 -2.169983e-02  2.072102e-02 -1.395148e-02 
 2.075000e+04  1.709840e+01 -2.188175e-02  2.088528e-02 -1.406870e-02 
 2.080000e+04  1.754827e+01 -2.206007e-02  2.104621e-02 -1.418351e-02 
 2.085000e+04  1.801365e+01 -2.224107e-02  2.120925e-02 -1.429988e-02 
 2.090000e+04  1.850963e+01 -2.243071e-02  2.137992e-02 -1.442172e-02 
 2.095000e+04  1.900560e+01 -2.261667e-02  2.154727e-02 -1.454107e-02 
 2.100000e+04  1.950456e+01 -2.279998e-02  2.171211e-02 -1.465855e-02 
 2.105000e+04  2.004981e+01 -2.299664e-02  2.188882e-02 -1.478459e-02 
 2.110000e+04  2.059662e+01 -2.319002e-02  2.206272e-02 -1.490853e-02 
 2.115000e+04  2.114343e+01 -2.337940e-02  2.223298e-02 -1.502975e-02 
 2.120000e+04  2.171914e+01 -2.357500e-02  2.240848e-02 -1.515473e-02 
 2.125000e+04  2.232200e+01 -2.377615e-02  2.258877e-02 -1.528319e-02 
 2.130000e+04  2.292486e+01 -2.397319e-02  2.276525e-02 -1.540889e-02 
 2.135000e+04  2.353195e+01 -2.416763e-02  2.293897e-02 -1.553268e-02 
 2.140000e+04  2.416495e+01 -2.436657e-02  2.311639e-02 -1.565923e-02 
 2.145000e+04  2.479795e+01 -2.456156e-02  2.329031e-02 -1.578322e-02 
 2.150000e+04  2.543919e+01 -2.475508e-02  2.346279e-02 -1.590604e-02 
 2.155000e+04  2.613707e+01 -2.496180e-02  2.364691e-02 -1.603719e-02 
 2.160000e+04  2.683496e+01 -2.516448e-02  2.382745e-02 -1.616579e-02 
 2.165000e+04  2.753285e+01 -2.536288e-02  2.400408e-02 -1.629152e-02 
 2.170000e+04  2.826176e+01 -2.556586e-02  2.418447e-02 -1.641993e-02 
 2.175000e+04  2.903118e+01 -2.577610e-02  2.437115e-02 -1.655288e-02 
 2.180000e+04  2.980060e+01 -2.598200e-02  2.455390e-02 -1.668299e-02 
 2.185000e+04  3.057002e+01 -2.618351e-02  2.473250e-02 -1.681015e-02 
 2.190000e+04  3.137329e+01 -2.638963e-02  2.491499e-02 -1.694015e-02 
 2.195000e+04  3.218118e+01 -2.659271e-02  2.509489e-02 -1.706820e-02 
 2.200000e+04  3.300628e+01 -2.679569e-02  2.527468e-02 -1.719606e-02 
 2.205000e+04  3.389698e+01 -2.701064e-02  2.546486e-02 -1.733134e-02 
 2.210000e+04  3.478768e+01 -2.722123e-02  2.565107e-02 -1.746386e-02 
 2.215000e+04  3.567838e+01 -2.742724e-02  2.583304e-02 -1.759333e-02 
 2.220000e+04  3.659803e+01 -2.763534e-02  2.601656e-02 -1.772391e-02 
 2.225000e+04  3.758003e+01 -2.785322e-02  2.620851e-02 -1.786053e-02 
 2.230000e+04  3.856203e+01 -2.806650e-02  2.639628e-02 -1.799422e-02 
 2.235000e+04  3.954402e+01 -2.827513e-02  2.657968e-02 -1.812486e-02 
 2.240000e+04  4.053682e+01 -2.848146e-02  2.676089e-02 -1.825397e-02 
 2.245000e+04  4.156792e+01 -2.869129e-02  2.694514e-02 -1.838520e-02 
 2.250000e+04  4.260520e+01 -2.889791e-02  2.712650e-02 -1.851431e-02 
 2.255000e+04  4.370951e+01 -2.911339e-02  2.731549e-02 -1.864885e-02 
 2.260000e+04  4.484629e+01 -2.933069e-02  2.750596e-02 -1.878454e-02 
 2.265000e+04  4.598308e+01 -2.954310e-02  2.769202e-02 -1.891713e-02 
 2.270000e+04  4.711986e+01 -2.975063e-02  2.787366e-02 -1.904655e-02 
 2.275000e+04  4.828734e+01 -2.995903e-02  2.805596e-02 -1.917648e-02 
 2.280000e+04  4.948096e+01 -3.016764e-02  2.823836e-02 -1.930648e-02 
 2.285000e+04  5.067697e+01 -3.037223e-02  2.841712e-02 -1.943388e-02 
 2.290000e+04  5.193028e+01 -3.058217e-02  2.860042e-02 -1.956456e-02 
 2.295000e+04  5.318358e+01 -3.078757e-02  2.877975e-02 -1.969244e-02 
 2.300000e+04  5.443689e+01 -3.098841e-02  2.895505e-02 -1.981742e-02 
 2.305000e+04  5.580437e+01 -3.120295e-02  2.914217e-02 -1.995081e-02 
 2.310000e+04  5.718614e+01 -3.141528e-02  2.932721e-02 -2.008282e-02 
 2.315000e+04  5.856790e+01 -3.162284e-02  2.950792e-02 -2.021185e-02 
 2.320000e+04  5.994967e+01 -3.182568e-02  2.968425e-02 -2.033786e-02 
 2.325000e+04  6.133144e+01 -3.202403e-02  2.985646e-02 -2.046104e-02 
 2.330000e+04  6.280579e+01 -3.223119e-02  3.003624e-02 -2.058960e-02 
 2.335000e+04  6.432919e+01 -3.244100e-02  3.021812e-02 -2.071965e-02 
 2.340000e+04  6.585259e+01 -3.264631e-02  3.039595e-02 -2.084690e-02 
 2.345000e+04  6.737599e+01 -3.284693e-02  3.056963e-02 -2.097131e-02 
 2.350000e+04  6.889939e+01 -3.304282e-02  3.073925e-02 -2.109285e-02 
 2.355000e+04  7.042279e+01 -3.323424e-02  3.090512e-02 -2.121166e-02 
 2.360000e+04  7.200865e+01 -3.342933e-02  3.107418e-02 -2.133270e-02 
 2.365000e+04  7.360822e+01 -3.362216e-02  3.124117e-02 -2.145230e-02 
 2.370000e+04  7.520779e+01 -3.381093e-02  3.140462e-02 -2.156941e-02 
 2.375000e+04  7.680736e+01 -3.399565e-02  3.156453e-02 -2.168406e-02 
 2.380000e+04  7.846291e+01 -3.418275e-02  3.172649e-02 -2.180020e-02 
 2.385000e+04  8.014246e+01 -3.436871e-02  3.188743e-02 -2.191560e-02 
 2.390000e+04  8.182201e+01 -3.455091e-02  3.204494e-02 -2.202859e-02 
 2.395000e+04  8.350155e+01 -3.472941e-02  3.219901e-02 -2.213927e-02 
 2.400000e+04  8.520462e+01 -3.490671e-02  3.235188e-02 -2.224921e-02 
 2.405000e+04  8.696814e+01 -3.508676e-02  3.250691e-02 -2.236080e-02 
 2.410000e+04  8.873167e+01 -3.526334e-02  3.265873e-02 -2.247018e-02 
 2.415000e+04  9.049519e+01 -3.543644e-02  3.280737e-02 -2.257739e-02 
 2.420000e+04  9.225872e+01 -3.560602e-02  3.295289e-02 -2.268241e-02 
 2.425000e+04  9.402224e+01 -3.577214e-02  3.309548e-02 -2.278531e-02 
 2.430000e+04  9.591892e+01 -3.594731e-02  3.324594e-02 -2.289388e-02 
 2.435000e+04  9.786320e+01 -3.612352e-02  3.339739e-02 -2.300315e-02 
 2.440000e+04  9.980749e+01 -3.629625e-02  3.354579e-02 -2.311031e-02 
 2.445000e+04  1.017518e+02 -3.646539e-02  3.369106e-02 -2.321529e-02 
 2.450000e+04  1.036961e+02 -3.663094e-02  3.383315e-02 -2.331804e-02 
 2.455000e+04  1.056404e+02 -3.679306e-02  3.397224e-02 -2.341868e-02 
 2.460000e+04  1.076332e+02 -3.695597e-02  3.411192e-02 -2.351976e-02 
 2.465000e+04  1.096747e+02 -3.711985e-02  3.425232e-02 -2.362143e-02 
 2.470000e+04  1.117162e+02 -3.728065e-02  3.439007e-02 -2.372123e-02 
 2.475000e+04  1.137577e+02 -3.743831e-02  3.452512e-02 -2.381911e-02 
 2.480000e+04  1.157993e+02 -3.759283e-02  3.465746e-02 -2.391511e-02 
 2.485000e+04  1.178510e+02 -3.774509e-02  3.478785e-02 -2.400977e-02 
 2.490000e+04  1.199945e+02 -3.790128e-02  3.492154e-02 -2.410684e-02 
 2.495000e+04  1.221381e+02 -3.805473e-02  3.505275e-02 -2.420216e-02 
 2.500000e+04  1.242817e+02 -3.820536e-02  3.518146e-02 -2.429575e-02 
 2.505000e+04  1.264253e+02 -3.835316e-02  3.530758e-02 -2.438759e-02 
 2.510000e+04  1.285688e+02 -3.849821e-02  3.543124e-02 -2.447772e-02 
 2.515000e+04  1.307124e+02 -3.864063e-02  3.555260e-02 -2.456622e-02 
 2.520000e+04  1.328967e+02 -3.878317e-02  3.567399e-02 -2.465482e-02 
 2.525000e+04  1.351475e+02 -3.892749e-02  3.579693e-02 -2.474459e-02 
 2.530000e+04  1.373982e+02 -3.906924e-02  3.591772e-02 -2.483284e-02 
 2.535000e+04  1.396490e+02 -3.920848e-02  3.603637e-02 -2.491955e-02 
 2.540000e+04  1.419335e+02 -3.934725e-02  3.615463e-02 -2.500596e-02 
 2.545000e+04  1.442968e+02 -3.948833e-02  3.627484e-02 -2.509381e-02 
 2.550000e+04  1.466601e+02 -3.962690e-02  3.639289e-02 -2.518013e-02 
 2.555000e+04  1.490234e+02 -3.976299e-02  3.650872e-02 -2.526494e-02 
 2.560000e+04  1.514883e+02 -3.990239e-02  3.662729e-02 -2.535187e-02 
 2.565000e+04  1.539698e+02 -4.004031e-02  3.674450e-02 -2.543790e-02 
 2.570000e+04  1.565281e+02 -4.017998e-02  3.686318e-02 -2.552503e-02 
 2.575000e+04  1.591337e+02 -4.031980e-02  3.698193e-02 -2.561223e-02 
 2.580000e+04  1.617392e+02 -4.045714e-02  3.709850e-02 -2.569786e-02 
 2.585000e+04  1.643866e+02 -4.059411e-02  3.721468e-02 -2.578327e-02 
 2.590000e+04  1.673798e+02 -4.074631e-02  3.734369e-02 -2.587821e-02 
 2.595000e+04  1.703960e+02 -4.089700e-02  3.747134e-02 -2.597198e-02 
 2.600000e+04  1.734123e+02 -4.104466e-02  3.759585e-02 -2.606386e-02 
 2.605000e+04  1.764285e+02 -4.118917e-02  3.771751e-02 -2.615398e-02 
 2.610000e+04  1.794447e+02 -4.133059e-02  3.783685e-02 -2.624235e-02 
 2.615000e+04  1.824609e+02 -4.146921e-02  3.795407e-02 -2.632900e-02 
 2.620000e+04  1.854772e+02 -4.160524e-02  3.806917e-02 -2.641392e-02 
 2.625000e+04  1.884934e+02 -4.173880e-02  3.818227e-02 -2.649732e-02 
 2.630000e+04  1.915096e+02 -4.186988e-02  3.829347e-02 -2.657938e-02 
 2.635000e+04  1.945258e+02 -4.199850e-02  3.840281e-02 -2.666006e-02 
 2.640000e+04  1.975421e+02 -4.212484e-02  3.851023e-02 -2.673933e-02 
 2.645000e+04  2.005583e+02 -4.224899e-02  3.861577e-02 -2.681722e-02 
 2.650000e+04  2.035745e+02 -4.237088e-02  3.871945e-02 -2.689372e-02 
 2.655000e+04  2.065908e+02 -4.249069e-02  3.882133e-02 -2.696890e-02 
 2.660000e+04  2.096070e+02 -4.260851e-02  3.892156e-02 -2.704282e-02 
 2.665000e+04  2.126232e+02 -4.272447e-02  3.902022e-02 -2.711556e-02 
 2.670000e+04  2.156394e+02 -4.283872e-02  3.911733e-02 -2.718715e-02 
 2.675000e+04  2.186557e+02 -4.295137e-02  3.921291e-02 -2.725763e-02 
 2.680000e+04  2.216719e+02 -4.306245e-02  3.930701e-02 -2.732706e-02 
 2.685000e+04  2.246881e+02 -4.317200e-02  3.939968e-02 -2.739549e-02 
 2.690000e+04  2.277375e+02 -4.328114e-02  3.949187e-02 -2.746364e-02 
 2.695000e+04  2.309046e+02 -4.339296e-02  3.958627e-02 -2.753341e-02 
 2.700000e+04  2.340716e+02 -4.350328e-02  3.967909e-02 -2.760212e-02 
 2.705000e+04  2.372386e+02 -4.361201e-02  3.977037e-02 -2.766982e-02 
 2.710000e+04  2.404215e+02 -4.371963e-02  3.986073e-02 -2.773693e-02 
 2.715000e+04  2.437469e+02 -4.383047e-02  3.995395e-02 -2.780615e-02 
 2.720000e+04  2.470723e+02 -4.393974e-02  4.004594e-02 -2.787440e-02 
 2.725000e+04  2.503977e+02 -4.404735e-02  4.013655e-02 -2.794164e-02 
 2.730000e+04  2.537231e+02 -4.415329e-02  4.022593e-02 -2.800798e-02 
 2.735000e+04  2.570485e+02 -4.425762e-02  4.031409e-02 -2.807347e-02 
 2.740000e+04  2.603739e+02 -4.436032e-02  4.040105e-02 -2.813807e-02 
 2.745000e+04  2.638023e+02 -4.446461e-02  4.048947e-02 -2.820380e-02 
 2.750000e+04  2.672940e+02 -4.456940e-02  4.057842e-02 -2.826990e-02 
 2.755000e+04  2.707857e+02 -4.467267e-02  4.066620e-02 -2.833510e-02 
 2.760000e+04  2.742773e+02 -4.477446e-02  4.075268e-02 -2.839938e-02 
 2.765000e+04  2.778144e+02 -4.487608e-02  4.083892e-02 -2.846366e-02 
 2.770000e+04  2.814806e+02 -4.497997e-02  4.092719e-02 -2.852953e-02 
 2.775000e+04  2.851469e+02 -4.508246e-02  4.101427e-02 -2.859453e-02 
 2.780000e+04  2.888131e+02 -4.518368e-02  4.110006e-02 -2.865874e-02 
 2.785000e+04  2.925087e+02 -4.528451e-02  4.118537e-02 -2.872266e-02 
 2.790000e+04  2.963582e+02 -4.538833e-02  4.127306e-02 -2.878851e-02 
 2.795000e+04  3.002078e+02 -4.549088e-02  4.135948e-02 -2.885350e-02 
 2.800000e+04  3.040573e+02 -4.559222e-02  4.144472e-02 -2.891770e-02 
 2.805000e+04  3.080108e+02 -4.569504e-02  4.153093e-02 -2.898295e-02 
 2.810000e+04  3.120529e+02 -4.579888e-02  4.161827e-02 -2.904890e-02 
 2.815000e+04  3.160949e+02 -4.590141e-02  4.170481e-02 -2.911397e-02 
 2.820000e+04  3.201369e+02 -4.600274e-02  4.179043e-02 -2.917822e-02 
 2.825000e+04  3.242962e+02 -4.610572e-02  4.187770e-02 -2.924367e-02 
 2.830000e+04  3.285403e+02 -4.620951e-02  4.196600e-02 -2.930964e-02 
 2.835000e+04  3.327844e+02 -4.631217e-02  4.205315e-02 -2.937477e-02 
 2.840000e+04  3.370286e+02 -4.641372e-02  4.213917e-02 -2.943902e-02 
 2.845000e+04  3.413194e+02 -4.651548e-02  4.222515e-02 -2.950321e-02 
 2.850000e+04  3.457757e+02 -4.662030e-02  4.231357e-02 -2.956929e-02 
 2.855000e+04  3.502321e+02 -4.672349e-02  4.240092e-02 -2.963394e-02 
 2.860000e+04  3.546884e+02 -4.682537e-02  4.248731e-02 -2.969729e-02 
 2.865000e+04  3.591448e+02 -4.692586e-02  4.257240e-02 -2.975962e-02 
 2.870000e+04  3.636011e+02 -4.702525e-02  4.265639e-02 -2.982133e-02 
 2.875000e+04  3.680575e+02 -4.712393e-02  4.273960e-02 -2.988268e-02 
 2.880000e+04  3.725138e+02 -4.722199e-02  4.282208e-02 -2.994378e-02 
 2.885000e+04  3.769701e+02 -4.731923e-02  4.290352e-02 -3.000419e-02 
 2.890000e+04  3.814265e+02 -4.741553e-02  4.298409e-02 -3.006396e-02 
 2.895000e+04  3.858828e+02 -4.751060e-02  4.306369e-02 -3.012304e-02 
 2.900000e+04  3.903392e+02 -4.760427e-02  4.314240e-02 -3.018135e-02 
 2.905000e+04  3.947955e+02 -4.769691e-02  4.322046e-02 -3.023886e-02 
 2.910000e+04  3.992518e+02 -4.778858e-02  4.329766e-02 -3.029567e-02 
 2.915000e+04  4.037082e+02 -4.787901e-02  4.337397e-02 -3.035171e-02 
 2.920000e+04  4.081645e+02 -4.796854e-02  4.344931e-02 -3.040725e-02 
 2.925000e+04  4.126209e+02 -4.805728e-02  4.352390e-02 -3.046239e-02 
 2.930000e+04  4.170772e+02 -4.814495e-02  4.359790e-02 -3.051691e-02 
 2.935000e+04  4.215335e+02 -4.823178e-02  4.367120e-02 -3.057097e-02 
 2.940000e+04  4.259899e+02 -4.831759e-02  4.374384e-02 -3.062444e-02 
 2.945000e+04  4.304462e+02 -4.840222e-02  4.381601e-02 -3.067739e-02 
 2.950000e+04  4.349026e+02 -4.848595e-02  4.388752e-02 -3.072981e-02 
 2.955000e+04  4.393589e+02 -4.856873e-02  4.395845e-02 -3.078179e-02 
 2.960000e+04  4.438153e+02 -4.865035e-02  4.402879e-02 -3.083325e-02 
 2.965000e+04  4.482716e+02 -4.873105e-02  4.409848e-02 -3.088408e-02 
 2.970000e+04  4.527279e+02 -4.881094e-02  4.416739e-02 -3.093438e-02 
 2.975000e+04  4.571843e+02 -4.888983e-02  4.423543e-02 -3.098408e-02 
 2.980000e+04  4.616406e+02 -4.896770e-02  4.430254e-02 -3.103305e-02 
 2.985000e+04  4.660970e+02 -4.904484e-02  4.436873e-02 -3.108146e-02 
 2.990000e+04  4.705533e+02 -4.912109e-02  4.443412e-02 -3.112926e-02 
 2.995000e+04  4.750096e+02 -4.919632e-02  4.449865e-02 -3.117658e-02 
 3.000000e+04  4.794660e+02 -4.927088e-02  4.456223e-02 -3.122340e-02 
 3.005000e+04  4.839223e+02 -4.934490e-02  4.462503e-02 -3.126969e-02 
 3.010000e+04  4.883787e+02 -4.941834e-02  4.468713e-02 -3.131545e-02 
 3.015000e+04  4.928350e+02 -4.949137e-02  4.474846e-02 -3.136096e-02 
 3.020000e+04  4.972914e+02 -4.956381e-02  4.480916e-02 -3.140618e-02 
 3.025000e+04  5.017477e+02 -4.963552e-02  4.486933e-02 -3.145100e-02 
 3.030000e+04  5.062040e+02 -4.970678e-02  4.492891e-02 -3.149539e-02 
 3.035000e+04  5.106604e+02 -4.977736e-02  4.498792e-02 -3.153932e-02 
 3.040000e+04  5.151167e+02 -4.984708e-02  4.504631e-02 -3.158277e-02 
 3.045000e+04  5.195731e+02 -4.991603e-02  4.510392e-02 -3.162578e-02 
 3.050000e+04  5.240294e+02 -4.998436e-02  4.516119e-02 -3.166841e-02 
 3.055000e+04  5.284857e+02 -5.005191e-02  4.521806e-02 -3.171069e-02 
 3.060000e+04  5.329421e+02 -5.011859e-02  4.527451e-02 -3.175262e-02 
 3.065000e+04  5.373984e+02 -5.018467e-02  4.533067e-02 -3.179420e-02 
 3.070000e+04  5.418548e+02 -5.025015e-02  4.538661e-02 -3.183539e-02 
 3.075000e+04  5.463111e+02 -5.031487e-02  4.544219e-02 -3.187616e-02 
 3.080000e+04  5.507674e+02 -5.037896e-02  4.549741e-02 -3.191662e-02 
 3.085000e+04  5.552238e+02 -5.044241e-02  4.555217e-02 -3.195672e-02 
 3.090000e+04  5.596801e+02 -5.050525e-02  4.560642e-02 -3.199646e-02 
 3.095000e+04  5.641365e+02 -5.056746e-02  4.566007e-02 -3.203575e-02 
 3.100000e+04  5.685928e+02 -5.062889e-02  4.571302e-02 -3.207457e-02 
 3.105000e+04  5.730492e+02 -5.068974e-02  4.576511e-02 -3.211291e-02 
 3.110000e+04  5.775055e+02 -5.075017e-02  4.581659e-02 -3.215090e-02 
 3.115000e+04  5.819618e+02 -5.081021e-02  4.586761e-02 -3.218872e-02 
 3.120000e+04  5.864182e+02 -5.086986e-02  4.591833e-02 -3.222645e-02 
 3.125000e+04  5.908745e+02 -5.092934e-02  4.596865e-02 -3.226399e-02 
 3.130000e+04  5.953309e+02 -5.098851e-02  4.601867e-02 -3.230130e-02 
 3.135000e+04  5.997872e+02 -5.104747e-02  4.606835e-02 -3.233839e-02 
 3.140000e+04  6.042435e+02 -5.110621e-02  4.611760e-02 -3.237537e-02 
 3.145000e+04  6.088737e+02 -5.116697e-02  4.616831e-02 -3.241373e-02 
 3.150000e+04  6.135528e+02 -5.122793e-02  4.621914e-02 -3.245202e-02 
 3.155000e+04  6.182320e+02 -5.128817e-02  4.626941e-02 -3.248965e-02 
 3.160000e+04  6.229112e+02 -5.134767e-02  4.631904e-02 -3.252667e-02 
 3.165000e+04  6.277494e+02 -5.140836e-02  4.636967e-02 -3.256456e-02 
 3.170000e+04  6.326625e+02 -5.146928e-02  4.642070e-02 -3.260274e-02 
 3.175000e+04  6.375756e+02 -5.152954e-02  4.647125e-02 -3.264052e-02 
 3.180000e+04  6.424888e+02 -5.158930e-02  4.652154e-02 -3.267785e-02 
 3.185000e+04  6.474019e+02 -5.164841e-02  4.657149e-02 -3.271485e-02 
 3.190000e+04  6.523150e+02 -5.170691e-02  4.662120e-02 -3.275173e-02 
 3.195000e+04  6.572281e+02 -5.176472e-02  4.667073e-02 -3.278851e-02 
 3.200000e+04  6.623034e+02 -5.182410e-02  4.672177e-02 -3.282637e-02 
 3.205000e+04  6.674621e+02 -5.188417e-02  4.677340e-02 -3.286460e-02 
 3.210000e+04  6.726209e+02 -5.194383e-02  4.682464e-02 -3.290221e-02 
 3.215000e+04  6.777797e+02 -5.200287e-02  4.687530e-02 -3.293910e-02 
 3.220000e+04  6.829384e+02 -5.206117e-02  4.692522e-02 -3.297551e-02 
 3.225000e+04  6.880972e+02 -5.211877e-02  4.697444e-02 -3.301161e-02 
 3.230000e+04  6.932560e+02 -5.217586e-02  4.702299e-02 -3.304755e-02 
 3.235000e+04  6.984148e+02 -5.223277e-02  4.707096e-02 -3.308342e-02 
 3.240000e+04  7.035735e+02 -5.228959e-02  4.711850e-02 -3.311931e-02 
 3.245000e+04  7.089541e+02 -5.234889e-02  4.716773e-02 -3.315654e-02 
 3.250000e+04  7.143708e+02 -5.240834e-02  4.721707e-02 -3.319351e-02 
 3.255000e+04  7.197876e+02 -5.246715e-02  4.726619e-02 -3.322967e-02 
 3.260000e+04  7.252043e+02 -5.252486e-02  4.731487e-02 -3.326524e-02 
 3.265000e+04  7.306210e+02 -5.258167e-02  4.736315e-02 -3.330069e-02 
 3.270000e+04  7.360377e+02 -5.263785e-02  4.741102e-02 -3.333633e-02 
 3.275000e+04  7.414544e+02 -5.269375e-02  4.745859e-02 -3.337201e-02 
 3.280000e+04  7.468711e+02 -5.274962e-02  4.750586e-02 -3.340763e-02 
 3.285000e+04  7.522987e+02 -5.280553e-02  4.755293e-02 -3.344297e-02 
 3.290000e+04  7.579862e+02 -5.286398e-02  4.760177e-02 -3.347942e-02 
 3.295000e+04  7.636738e+02 -5.292174e-02  4.765011e-02 -3.351501e-02 
 3.300000e+04  7.693613e+02 -5.297841e-02  4.769794e-02 -3.354988e-02 
 3.305000e+04  7.750488e+02 -5.303412e-02  4.774530e-02 -3.358445e-02 
 3.310000e+04  7.807364e+02 -5.308922e-02  4.779233e-02 -3.361904e-02 
 3.315000e+04  7.866458e+02 -5.314619e-02  4.784091e-02 -3.365517e-02 
 3.320000e+04  7.926177e+02 -5.320388e-02  4.788998e-02 -3.369159e-02 
 3.325000e+04  7.985896e+02 -5.326179e-02  4.793887e-02 -3.372744e-02 
 3.330000e+04  8.045615e+02 -5.331970e-02  4.798737e-02 -3.376256e-02 
 3.335000e+04  8.105334e+02 -5.337719e-02  4.803539e-02 -3.379723e-02 
 3.340000e+04  8.165054e+02 -5.343397e-02  4.808298e-02 -3.383180e-02 
 3.345000e+04  8.224773e+02 -5.349023e-02  4.813036e-02 -3.386653e-02 
 3.350000e+04  8.284492e+02 -5.354616e-02  4.817765e-02 -3.390125e-02 
 3.355000e+04  8.344211e+02 -5.360188e-02  4.822483e-02 -3.393572e-02 
 3.360000e+04  8.403931e+02 -5.365732e-02  4.827205e-02 -3.396972e-02 
 3.365000e+04  8.466337e+02 -5.371485e-02  4.832151e-02 -3.400485e-02 
 3.370000e+04  8.529042e+02 -5.377222e-02  4.837115e-02 -3.403976e-02 
 3.375000e+04  8.591748e+02 -5.382941e-02  4.842012e-02 -3.407429e-02 
 3.380000e+04  8.654453e+02 -5.388649e-02  4.846818e-02 -3.410869e-02 
 3.385000e+04  8.717158e+02 -5.394336e-02  4.851570e-02 -3.414294e-02 
 3.390000e+04  8.779863e+02 -5.399971e-02  4.856307e-02 -3.417698e-02 
 3.395000e+04  8.842568e+02 -5.405498e-02  4.861065e-02 -3.421106e-02 
 3.400000e+04  8.906528e+02 -5.411033e-02  4.865966e-02 -3.424555e-02 
 3.405000e+04  8.973817e+02 -5.416813e-02  4.871154e-02 -3.428137e-02 
 3.410000e+04  9.042949e+02 -5.422733e-02  4.876447e-02 -3.431771e-02 
 3.415000e+04  9.112082e+02 -5.428669e-02  4.881616e-02 -3.435367e-02 
 3.420000e+04  9.181214e+02 -5.434614e-02  4.886656e-02 -3.438922e-02 
 3.425000e+04  9.250347e+02 -5.440500e-02  4.891608e-02 -3.442434e-02 
 3.430000e+04  9.319479e+02 -5.446254e-02  4.896533e-02 -3.445902e-02 
 3.435000e+04  9.388612e+02 -5.451876e-02  4.901466e-02 -3.449336e-02 
 3.440000e+04  9.457744e+02 -5.457395e-02  4.906410e-02 -3.452777e-02 
 3.445000e+04  9.528536e+02 -5.463018e-02  4.911479e-02 -3.456350e-02 
 3.450000e+04  9.601125e+02 -5.468798e-02  4.916644e-02 -3.460014e-02 
 3.455000e+04  9.676545e+02 -5.474844e-02  4.921952e-02 -3.463805e-02 
 3.460000e+04  9.752763e+02 -5.480965e-02  4.927216e-02 -3.467530e-02 
 3.465000e+04  9.828982e+02 -5.487006e-02  4.932374e-02 -3.471115e-02 
 3.470000e+04  9.905201e+02 -5.492825e-02  4.937449e-02 -3.474613e-02 
 3.475000e+04  9.981419e+02 -5.498426e-02  4.942446e-02 -3.478130e-02 
 3.480000e+04  1.006145e+03 -5.504176e-02  4.947646e-02 -3.481880e-02 
 3.485000e+04  1.014148e+03 -5.509932e-02  4.952836e-02 -3.485691e-02 
 3.490000e+04  1.022151e+03 -5.515747e-02  4.958016e-02 -3.489542e-02 
 3.495000e+04  1.030154e+03 -5.521634e-02  4.963180e-02 -3.493371e-02 
 3.500000e+04  1.038157e+03 -5.527576e-02  4.968336e-02 -3.497037e-02 
 3.505000e+04  1.046160e+03 -5.533466e-02  4.973461e-02 -3.500546e-02 
 3.510000e+04  1.054163e+03 -5.539175e-02  4.978564e-02 -3.504035e-02 
 3.515000e+04  1.062166e+03 -5.544652e-02  4.983635e-02 -3.507602e-02 
 3.520000e+04  1.070473e+03 -5.550210e-02  4.988850e-02 -3.511419e-02 
 3.525000e+04  1.078876e+03 -5.555840e-02  4.994059e-02 -3.515364e-02 
 3.530000e+04  1.087279e+03 -5.561531e-02  4.999187e-02 -3.519300e-02 
 3.535000e+04  1.095682e+03 -5.567318e-02  5.004270e-02 -3.523080e-02 
 3.540000e+04  1.104085e+03 -5.573169e-02  5.009318e-02 -3.526633e-02 
 3.545000e+04  1.112488e+03 -5.578931e-02  5.014333e-02 -3.530068e-02 
 3.550000e+04  1.120891e+03 -5.584463e-02  5.019305e-02 -3.533558e-02 
 3.555000e+04  1.129488e+03 -5.589935e-02  5.024319e-02 -3.537254e-02 
 3.560000e+04  1.138311e+03 -5.595503e-02  5.029386e-02 -3.541187e-02 
 3.565000e+04  1.147134e+03 -5.601119e-02  5.034358e-02 -3.545189e-02 
 3.570000e+04  1.155957e+03 -5.606801e-02  5.039258e-02 -3.549111e-02 
 3.575000e+04  1.164781e+03 -5.612529e-02  5.044126e-02 -3.552808e-02 
 3.580000e+04  1.173921e+03 -5.618454e-02  5.049122e-02 -3.556433e-02 
 3.585000e+04  1.183186e+03 -5.624323e-02  5.054143e-02 -3.560051e-02 
 3.590000e+04  1.192450e+03 -5.630032e-02  5.059085e-02 -3.563753e-02 
 3.595000e+04  1.201715e+03 -5.635670e-02  5.063936e-02 -3.567588e-02 
 3.600000e+04  1.211331e+03 -5.641551e-02  5.068884e-02 -3.571672e-02 
 3.605000e+04  1.221059e+03 -5.647565e-02  5.073843e-02 -3.575784e-02 
 3.610000e+04  1.230786e+03 -5.653672e-02  5.078790e-02 -3.579768e-02 
 3.615000e+04  1.240514e+03 -5.659829e-02  5.083734e-02 -3.583619e-02 
 3.620000e+04  1.250465e+03 -5.666139e-02  5.088791e-02 -3.587417e-02 
 3.625000e+04  1.260679e+03 -5.672458e-02  5.093968e-02 -3.591250e-02 
 3.630000e+04  1.270893e+03 -5.678559e-02  5.099083e-02 -3.595107e-02 
 3.635000e+04  1.281302e+03 -5.684648e-02  5.104199e-02 -3.599129e-02 
 3.640000e+04  1.292026e+03 -5.690880e-02  5.109403e-02 -3.603309e-02 
 3.645000e+04  1.303148e+03 -5.697354e-02  5.114727e-02 -3.607594e-02 
 3.650000e+04  1.314409e+03 -5.703932e-02  5.120086e-02 -3.611791e-02 
 3.655000e+04  1.325670e+03 -5.710613e-02  5.125451e-02 -3.615871e-02 
 3.660000e+04  1.336931e+03 -5.717246e-02  5.130830e-02 -3.619867e-02 
 3.665000e+04  1.348192e+03 -5.723641e-02  5.136245e-02 -3.623803e-02 
 3.670000e+04  1.359716e+03 -5.729946e-02  5.141822e-02 -3.627791e-02 
 3.675000e+04  1.371290e+03 -5.736162e-02  5.147452e-02 -3.631811e-02 
 3.680000e+04  1.382864e+03 -5.742334e-02  5.153113e-02 -3.635870e-02 
 3.685000e+04  1.394438e+03 -5.748529e-02  5.158828e-02 -3.639960e-02 
 3.690000e+04  1.406012e+03 -5.754795e-02  5.164588e-02 -3.644042e-02 
 3.695000e+04  1.417586e+03 -5.761182e-02  5.170379e-02 -3.648058e-02 
 3.700000e+04  1.429160e+03 -5.767692e-02  5.176165e-02 -3.652009e-02 
 3.705000e+04  1.440734e+03 -5.774237e-02  5.181916e-02 -3.655914e-02 
 3.710000e+04  1.452308e+03 -5.780477e-02  5.187618e-02 -3.659839e-02 
 3.715000e+04  1.463882e+03 -5.786376e-02  5.193273e-02 -3.663759e-02 
 3.720000e+04  1.475456e+03 -5.792264e-02  5.198867e-02 -3.667654e-02 
 3.725000e+04  1.487030e+03 -5.798308e-02  5.204401e-02 -3.671483e-02 
 3.730000e+04  1.498604e+03 -5.804547e-02  5.209858e-02 -3.675257e-02 
 3.735000e+04  1.510178e+03 -5.810872e-02  5.215246e-02 -3.678990e-02 
 3.740000e+04  1.521753e+03 -5.817103e-02  5.220564e-02 -3.682672e-02 
 3.745000e+04  1.533327e+03 -5.823198e-02  5.225783e-02 -3.686339e-02 
 3.750000e+04  1.544901e+03 -5.829160e-02  5.230875e-02 -3.690019e-02 
 3.755000e+04  1.556475e+03 -5.835016e-02  5.235854e-02 -3.693739e-02 
 3.760000e+04  1.568049e+03 -5.840800e-02  5.240745e-02 -3.697487e-02 
 3.765000e+04  1.579623e+03 -5.846558e-02  5.245566e-02 -3.701190e-02 
 3.770000e+04  1.591197e+03 -5.852338e-02  5.250343e-02 -3.704821e-02 
 3.775000e+04  1.602771e+03 -5.858124e-02  5.255098e-02 -3.708382e-02 
 3.780000e+04  1.614345e+03 -5.863801e-02  5.259842e-02 -3.711895e-02 
 3.785000e+04  1.625919e+03 -5.869297e-02  5.264568e-02 -3.715408e-02 
 3.790000e+04  1.637493e+03 -5.874685e-02  5.269268e-02 -3.718956e-02 
 3.795000e+04  1.649067e+03 -5.880074e-02  5.273935e-02 -3.722540e-02 
 3.800000e+04  1.660641e+03 -5.885487e-02  5.278571e-02 -3.726142e-02 
 3.805000e+04  1.672216e+03 -5.890931e-02  5.283189e-02 -3.729725e-02 
 3.810000e+04  1.683790e+03 -5.896374e-02  5.287811e-02 -3.733280e-02 
 3.815000e+04  1.695364e+03 -5.901799e-02  5.292449e-02 -3.736795e-02 
 3.820000e+04  1.706938e+03 -5.907235e-02  5.297113e-02 -3.740291e-02 
 3.825000e+04  1.718512e+03 -5.912698e-02  5.301793e-02 -3.743770e-02 
 3.830000e+04  1.730086e+03 -5.918150e-02  5.306436e-02 -3.747227e-02 
 3.835000e+04  1.741660e+03 -5.923530e-02  5.310998e-02 -3.750660e-02 
 3.840000e+04  1.753234e+03 -5.928805e-02  5.315479e-02 -3.754066e-02 
 3.845000e+04  1.764808e+03 -5.934031e-02  5.319913e-02 -3.757473e-02 
 3.850000e+04  1.776382e+03 -5.939296e-02  5.324319e-02 -3.760900e-02 
 3.855000e+04  1.787956e+03 -5.944632e-02  5.328700e-02 -3.764323e-02 
 3.860000e+04  1.799530e+03 -5.950020e-02  5.333066e-02 -3.767725e-02 
 3.865000e+04  1.811104e+03 -5.955416e-02  5.337419e-02 -3.771098e-02 
 3.870000e+04  1.822678e+03 -5.960740e-02  5.341755e-02 -3.774454e-02 
 3.875000e+04  1.834253e+03 -5.965957e-02  5.346072e-02 -3.777792e-02 
 3.880000e+04  1.845827e+03 -5.971145e-02  5.350370e-02 -3.781140e-02 
 3.885000e+04  1.857401e+03 -5.976345e-02  5.354650e-02 -3.784487e-02 
 3.890000e+04  1.868975e+03 -5.981537e-02  5.358910e-02 -3.787793e-02 
 3.895000e+04  1.880549e+03 -5.986662e-02  5.363150e-02 -3.791062e-02 
 3.900000e+04  1.892123e+03 -5.991734e-02  5.367366e-02 -3.794306e-02 
 3.905000e+04  1.903697e+03 -5.996778e-02  5.371563e-02 -3.797529e-02 
 3.910000e+04  1.915271e+03 -6.001763e-02  5.375739e-02 -3.800749e-02 
 3.915000e+04  1.926845e+03 -6.006712e-02  5.379897e-02 -3.803973e-02 
 3.920000e+04  1.938419e+03 -6.011617e-02  5.384058e-02 -3.807177e-02 
 3.925000e+04  1.949993e+03 -6.016460e-02  5.388247e-02 -3.810348e-02 
 3.930000e+04  1.961567e+03 -6.021255e-02  5.392470e-02 -3.813502e-02 
 3.935000e+04  1.973141e+03 -6.026038e-02  5.396731e-02 -3.816656e-02 
 3.940000e+04  1.984716e+03 -6.030795e-02  5.401023e-02 -3.819806e-02 
 3.945000e+04  1.996290e+03 -6.035538e-02  5.405354e-02 -3.822955e-02 
 3.950000e+04  2.007864e+03 -6.040263e-02  5.409697e-02 -3.826099e-02 
 3.955000e+04  2.019438e+03 -6.044956e-02  5.414019e-02 -3.829247e-02 
 3.960000e+04  2.031012e+03 -6.049590e-02  5.418299e-02 -3.832410e-02 
 3.965000e+04  2.042586e+03 -6.054161e-02  5.422538e-02 -3.835593e-02 
 3.970000e+04  2.054160e+03 -6.058710e-02  5.426722e-02 -3.838788e-02 
 3.975000e+04  2.065734e+03 -6.063240e-02  5.430870e-02 -3.841965e-02 
 3.980000e+04  2.077308e+03 -6.067765e-02  5.434977e-02 -3.845118e-02 
 3.985000e+04  2.088882e+03 -6.072299e-02  5.439044e-02 -3.848234e-02 
 3.990000e+04  2.100456e+03 -6.076855e-02  5.443072e-02 -3.851324e-02 
 3.995000e+04  2.112030e+03 -6.081378e-02  5.447048e-02 -3.854389e-02 
 4.000000e+04  2.123604e+03 -6.085859e-02  5.450972e-02 -3.857449e-02 
 4.005000e+04  2.135178e+03 -6.090349e-02  5.454855e-02 -3.860521e-02 
 4.010000e+04  2.146753e+03 -6.094843e-02  5.458715e-02 -3.863595e-02 
 4.015000e+04  2.158327e+03 -6.099340e-02  5.462566e-02 -3.866652e-02 
 4.020000e+04  2.169901e+03 -6.103824e-02  5.466408e-02 -3.869677e-02 
 4.025000e+04  2.181475e+03 -6.108279e-02  5.470243e-02 -3.872696e-02 
 4.030000e+04  2.193049e+03 -6.112725e-02  5.474062e-02 -3.875693e-02 
 4.035000e+04  2.204623e+03 -6.117126e-02  5.477850e-02 -3.878680e-02 
 4.040000e+04  2.216197e+03 -6.121512e-02  5.481597e-02 -3.881661e-02 
 4.045000e+04  2.227771e+03 -6.125893e-02  5.485316e-02 -3.884648e-02 
 4.050000e+04  2.239345e+03 -6.130272e-02  5.489037e-02 -3.887642e-02 
 4.055000e+04  2.250919e+03 -6.134626e-02  5.492761e-02 -3.890616e-02 
 4.060000e+04  2.262493e+03 -6.138943e-02  5.496487e-02 -3.893578e-02 
 4.065000e+04  2.274067e+03 -6.143250e-02  5.500220e-02 -3.896514e-02 
 4.070000e+04  2.285641e+03 -6.147539e-02  5.503968e-02 -3.899417e-02 
 4.075000e+04  2.297216e+03 -6.151806e-02  5.507704e-02 -3.902304e-02 
 4.080000e+04  2.308790e+03 -6.156051e-02  5.511416e-02 -3.905190e-02 
 4.085000e+04  2.320364e+03 -6.160307e-02  5.515119e-02 -3.908065e-02 
 4.090000e+04  2.331938e+03 -6.164566e-02  5.518814e-02 -3.910943e-02 
 4.095000e+04  2.343512e+03 -6.168833e-02  5.522497e-02 -3.913816e-02 
 4.100000e+04  2.355086e+03 -6.173104e-02  5.526156e-02 -3.916670e-02 
 4.105000e+04  2.366660e+03 -6.177376e-02  5.529802e-02 -3.919490e-02 
 4.110000e+04  2.378234e+03 -6.181620e-02  5.533442e-02 -3.922307e-02 
 4.115000e+04  2.389808e+03 -6.185847e-02  5.537068e-02 -3.925103e-02 
 4.120000e+04  2.401382e+03 -6.190056e-02  5.540649e-02 -3.927879e-02 
 4.125000e+04  2.412956e+03 -6.194273e-02  5.544196e-02 -3.930637e-02 
 4.130000e+04  2.424530e+03 -6.198510e-02  5.547741e-02 -3.933384e-02 
 4.135000e+04  2.436104e+03 -6.202761e-02  5.551283e-02 -3.936134e-02 
 4.140000e+04  2.447678e+03 -6.207019e-02  5.554832e-02 -3.938859e-02 
 4.145000e+04  2.459253e+03 -6.211271e-02  5.558404e-02 -3.941588e-02 
 4.150000e+04  2.470827e+03 -6.215469e-02  5.561993e-02 -3.944313e-02 
 4.155000e+04  2.482401e+03 -6.219614e-02  5.565610e-02 -3.947021e-02 
 4.160000e+04  2.493975e+03 -6.223749e-02  5.569256e-02 -3.949712e-02 
 4.165000e+04  2.505549e+03 -6.227874e-02  5.572921e-02 -3.952397e-02 
 4.170000e+04  2.517123e+03 -6.231979e-02  5.576602e-02 -3.955077e-02 
 4.175000e+04  2.528697e+03 -6.236094e-02  5.580288e-02 -3.957757e-02 
 4.180000e+04  2.540271e+03 -6.240216e-02  5.583986e-02 -3.960442e-02 
 4.185000e+04  2.551845e+03 -6.244318e-02  5.587692e-02 -3.963130e-02 
 4.190000e+04  2.563419e+03 -6.248404e-02  5.591381e-02 -3.965817e-02 
 4.195000e+04  2.574993e+03 -6.252456e-02  5.595029e-02 -3.968496e-02 
 4.200000e+04  2.586567e+03 -6.256478e-02  5.598650e-02 -3.971167e-02 
 4.205000e+04  2.598141e+03 -6.260475e-02  5.602240e-02 -3.973842e-02 
 4.210000e+04  2.609716e+03 -6.264466e-02  5.605812e-02 -3.976507e-02 
 4.215000e+04  2.621290e+03 -6.268453e-02  5.609373e-02 -3.979166e-02 
 4.220000e+04  2.632864e+03 -6.272444e-02  5.612915e-02 -3.981842e-02 
 4.225000e+04  2.644438e+03 -6.276428e-02  5.616424e-02 -3.984525e-02 
 4.230000e+04  2.656012e+03 -6.280410e-02  5.619878e-02 -3.987219e-02 
 4.235000e+04  2.667586e+03 -6.284381e-02  5.623283e-02 -3.989913e-02 
 4.240000e+04  2.679160e+03 -6.288329e-02  5.626659e-02 -3.992605e-02 
 4.245000e+04  2.690734e+03 -6.292217e-02  5.630014e-02 -3.995268e-02 
 4.250000e+04  2.702308e+03 -6.296075e-02  5.633348e-02 -3.997929e-02 
 4.255000e+04  2.713882e+03 -6.299921e-02  5.636686e-02 -4.000606e-02 
 4.260000e+04  2.725456e+03 -6.303760e-02  5.640035e-02 -4.003291e-02 
 4.265000e+04  2.737030e+03 -6.307599e-02  5.643337e-02 -4.005959e-02 
 4.270000e+04  2.748604e+03 -6.311451e-02  5.646622e-02 -4.008628e-02 
 4.275000e+04  2.760178e+03 -6.315315e-02  5.649925e-02 -4.011319e-02 
 4.280000e+04  2.771753e+03 -6.319187e-02  5.653228e-02 -4.014006e-02 
 4.285000e+04  2.783327e+03 -6.323062e-02  5.656510e-02 -4.016676e-02 
 4.290000e+04  2.794901e+03 -6.326945e-02  5.659770e-02 -4.019333e-02 
 4.295000e+04  2.806475e+03 -6.330822e-02  5.663016e-02 -4.021988e-02 
 4.300000e+04  2.818049e+03 -6.334710e-02  5.666226e-02 -4.024642e-02 
 4.305000e+04  2.829623e+03 -6.338602e-02  5.669416e-02 -4.027291e-02 
 4.310000e+04  2.841197e+03 -6.342518e-02  5.672564e-02 -4.029952e-02 
 4.315000e+04  2.852771e+03 -6.346467e-02  5.675709e-02 -4.032616e-02 
 4.320000e+04  2.864345e+03 -6.350462e-02  5.678854e-02 -4.035272e-02 
 4.325000e+04  2.875919e+03 -6.354492e-02  5.681984e-02 -4.037905e-02 
 4.330000e+04  2.887493e+03 -6.358537e-02  5.685074e-02 -4.040522e-02 
 4.335000e+04  2.899067e+03 -6.362570e-02  5.688165e-02 -4.043141e-02 
 4.340000e+04  2.910641e+03 -6.366574e-02  5.691241e-02 -4.045765e-02 
 4.345000e+04  2.922216e+03 -6.370499e-02  5.694288e-02 -4.048379e-02 
 4.350000e+04  2.933790e+03 -6.374355e-02  5.697334e-02 -4.050992e-02 
 4.355000e+04  2.945364e+03 -6.378179e-02  5.700386e-02 -4.053611e-02 
 4.360000e+04  2.956938e+03 -6.381991e-02  5.703444e-02 -4.056210e-02 
 4.365000e+04  2.968512e+03 -6.385803e-02  5.706509e-02 -4.058794e-02 
 4.370000e+04  2.980086e+03 -6.389622e-02  5.709565e-02 -4.061379e-02 
 4.375000e+04  2.991660e+03 -6.393430e-02  5.712608e-02 -4.063956e-02 
 4.380000e+04  3.003234e+03 -6.397171e-02  5.715628e-02 -4.066511e-02 
 4.385000e+04  3.014808e+03 -6.400861e-02  5.718624e-02 -4.069056e-02 
 4.390000e+04  3.026382e+03 -6.404512e-02  5.721655e-02 -4.071603e-02 
 4.395000e+04  3.037956e+03 -6.408138e-02  5.724732e-02 -4.074125e-02 
 4.400000e+04  3.049530e+03 -6.411734e-02  5.727851e-02 -4.076630e-02 
 4.405000e+04  3.061104e+03 -6.415335e-02  5.731024e-02 -4.079134e-02 
 4.410000e+04  3.072678e+03 -6.418939e-02  5.734248e-02 -4.081649e-02 
 4.415000e+04  3.084253e+03 -6.422536e-02  5.737494e-02 -4.084158e-02 
 4.420000e+04  3.095827e+03 -6.426130e-02  5.740746e-02 -4.086632e-02 
 4.425000e+04  3.107401e+03 -6.429684e-02  5.743999e-02 -4.089082e-02 
 4.430000e+04  3.118975e+03 -6.433211e-02  5.747241e-02 -4.091523e-02 
 4.435000e+04  3.130549e+03 -6.436732e-02  5.750455e-02 -4.093966e-02 
 4.440000e+04  3.142123e+03 -6.440231e-02  5.753646e-02 -4.096416e-02 
 4.445000e+04  3.153697e+03 -6.443739e-02  5.756822e-02 -4.098871e-02 
 4.450000e+04  3.165271e+03 -6.447241e-02  5.759991e-02 -4.101323e-02 
 4.455000e+04  3.176845e+03 -6.450734e-02  5.763160e-02 -4.103761e-02 
 4.460000e+04  3.188419e+03 -6.454244e-02  5.766304e-02 -4.106176e-02 
 4.465000e+04  3.199993e+03 -6.457770e-02  5.769445e-02 -4.108569e-02 
 4.470000e+04  3.211567e+03 -6.461296e-02  5.772580e-02 -4.110963e-02 
 4.475000e+04  3.223141e+03 -6.464805e-02  5.775717e-02 -4.113362e-02 
 4.480000e+04  3.234716e+03 -6.468284e-02  5.778854e-02 -4.115761e-02 
 4.485000e+04  3.246290e+03 -6.471711e-02  5.781975e-02 -4.118163e-02 
 4.490000e+04  3.257864e+03 -6.475108e-02  5.785079e-02 -4.120562e-02 
 4.495000e+04  3.269438e+03 -6.478495e-02  5.788171e-02 -4.122960e-02 
 4.500000e+04  3.281012e+03 -6.481880e-02  5.791266e-02 -4.125351e-02 
 4.505000e+04  3.292586e+03 -6.485284e-02  5.794368e-02 -4.127728e-02 
 4.510000e+04  3.304160e+03 -6.488687e-02  5.797469e-02 -4.130084e-02 
 4.515000e+04  3.315734e+03 -6.492083e-02  5.800578e-02 -4.132419e-02 
 4.520000e+04  3.327308e+03 -6.495461e-02  5.803674e-02 -4.134753e-02 
 4.525000e+04  3.338882e+03 -6.498804e-02  5.806749e-02 -4.137102e-02 
 4.530000e+04  3.350456e+03 -6.502137e-02  5.809816e-02 -4.139459e-02 
 4.535000e+04  3.362030e+03 -6.505462e-02  5.812886e-02 -4.141808e-02 
 4.540000e+04  3.373604e+03 -6.508789e-02  5.815950e-02 -4.144144e-02 
 4.545000e+04  3.385178e+03 -6.512138e-02  5.819009e-02 -4.146472e-02 
 4.550000e+04  3.396753e+03 -6.515510e-02  5.822071e-02 -4.148784e-02 
 4.555000e+04  3.408327e+03 -6.518912e-02  5.825139e-02 -4.151099e-02 
 4.560000e+04  3.419901e+03 -6.522336e-02  5.828212e-02 -4.153414e-02 
 4.565000e+04  3.431475e+03 -6.525770e-02  5.831264e-02 -4.155724e-02 
 4.570000e+04  3.443049e+03 -6.529217e-02  5.834281e-02 -4.158025e-02 
 4.575000e+04  3.454623e+03 -6.532675e-02  5.837264e-02 -4.160335e-02 
 4.580000e+04  3.466197e+03 -6.536140e-02  5.840221e-02 -4.162659e-02 
 4.585000e+04  3.477771e+03 -6.539615e-02  5.843149e-02 -4.164996e-02 
 4.590000e+04  3.489345e+03 -6.543111e-02  5.846071e-02 -4.167335e-02 
 4.595000e+04  3.500919e+03 -6.546625e-02  5.848993e-02 -4.169666e-02 
 4.600000e+04  3.512493e+03 -6.550148e-02  5.851914e-02 -4.171985e-02 
 4.605000e+04  3.524067e+03 -6.553681e-02  5.854815e-02 -4.174296e-02 
 4.610000e+04  3.535641e+03 -6.557228e-02  5.857688e-02 -4.176603e-02 
 4.615000e+04  3.547216e+03 -6.560764e-02  5.860546e-02 -4.178912e-02 
 4.620000e+04  3.558790e+03 -6.564267e-02  5.863402e-02 -4.181226e-02 
 4.625000e+04  3.570364e+03 -6.567732e-02  5.866258e-02 -4.183547e-02 
 4.630000e+04  3.581938e+03 -6.571166e-02  5.869096e-02 -4.185866e-02 
 4.635000e+04  3.593512e+03 -6.574586e-02  5.871933e-02 -4.188174e-02 
 4.640000e+04  3.605086e+03 -6.577988e-02  5.874762e-02 -4.190469e-02 
 4.645000e+04  3.616660e+03 -6.581365e-02  5.877581e-02 -4.192755e-02 
 4.650000e+04  3.628234e+03 -6.584728e-02  5.880409e-02 -4.195038e-02 
 4.655000e+04  3.639808e+03 -6.588083e-02  5.883248e-02 -4.197321e-02 
 4.660000e+04  3.651382e+03 -6.591426e-02  5.886104e-02 -4.199603e-02 
 4.665000e+04  3.662956e+03 -6.594759e-02  5.888973e-02 -4.201887e-02 
 4.670000e+04  3.674530e+03 -6.598082e-02  5.891817e-02 -4.204179e-02 
 4.675000e+04  3.686104e+03 -6.601416e-02  5.894675e-02 -4.206472e-02 
 4.680000e+04  3.697678e+03 -6.604765e-02  5.897521e-02 -4.208766e-02 
 4.685000e+04  3.709253e+03 -6.608131e-02  5.900356e-02 -4.211057e-02 
 4.690000e+04  3.720827e+03 -6.611520e-02  5.903174e-02 -4.213343e-02 
 4.695000e+04  3.732401e+03 -6.614925e-02  5.905995e-02 -4.215610e-02 
 4.700000e+04  3.743975e+03 -6.618347e-02  5.908818e-02 -4.217857e-02 
 4.705000e+04  3.755549e+03 -6.621787e-02  5.911635e-02 -4.220118e-02 
 4.710000e+04  3.767123e+03 -6.625216e-02  5.914429e-02 -4.222396e-02 
 4.715000e+04  3.778697e+03 -6.628644e-02  5.917160e-02 -4.224678e-02 
 4.720000e+04  3.790271e+03 -6.632095e-02  5.919870e-02 -4.226966e-02 
 4.725000e+04  3.801845e+03 -6.635522e-02  5.922594e-02 -4.229271e-02 
 4.730000e+04  3.813419e+03 -6.638933e-02  5.925336e-02 -4.231556e-02 
 4.735000e+04  3.824993e+03 -6.642367e-02  5.928083e-02 -4.233771e-02 
 4.740000e+04  3.836567e+03 -6.645831e-02  5.930839e-02 -4.236008e-02 
 4.745000e+04  3.848141e+03 -6.649275e-02  5.933612e-02 -4.238276e-02 
 4.750000e+04  3.859716e+03 -6.652699e-02  5.936345e-02 -4.240561e-02 
 4.755000e+04  3.871290e+03 -6.656091e-02  5.939066e-02 -4.242857e-02 
 4.760000e+04  3.882864e+03 -6.659478e-02  5.941792e-02 -4.245169e-02 
 4.765000e+04  3.894438e+03 -6.662858e-02  5.944487e-02 -4.247469e-02 
 4.770000e+04  3.906012e+03 -6.666223e-02  5.947170e-02 -4.249723e-02 
 4.775000e+04  3.917586e+03 -6.669563e-02  5.949833e-02 -4.251947e-02 
 4.780000e+04  3.929160e+03 -6.672888e-02  5.952504e-02 -4.254159e-02 
 4.785000e+04  3.940734e+03 -6.676186e-02  5.955184e-02 -4.256366e-02 
 4.790000e+04  3.952308e+03 -6.679468e-02  5.957850e-02 -4.258582e-02 
 4.795000e+04  3.963882e+03 -6.682744e-02  5.960491e-02 -4.260813e-02 
 4.800000e+04  3.975456e+03 -6.685999e-02  5.963116e-02 -4.263058e-02 
 4.805000e+04  3.987030e+03 -6.689228e-02  5.965733e-02 -4.265296e-02 
 4.810000e+04  3.998604e+03 -6.692437e-02  5.968334e-02 -4.267511e-02 
 4.815000e+04  4.010178e+03 -6.695637e-02  5.970943e-02 -4.269704e-02 
 4.820000e+04  4.021753e+03 -6.698842e-02  5.973558e-02 -4.271876e-02 
 4.825000e+04  4.033327e+03 -6.702026e-02  5.976158e-02 -4.274022e-02 
 4.830000e+04  4.044901e+03 -6.705197e-02  5.978743e-02 -4.276167e-02 
 4.835000e+04  4.056475e+03 -6.708374e-02  5.981347e-02 -4.278330e-02 
 4.840000e+04  4.068049e+03 -6.711538e-02  5.983958e-02 -4.280498e-02 
 4.845000e+04  4.079623e+03 -6.714673e-02  5.986577e-02 -4.282653e-02 
 4.850000e+04  4.091197e+03 -6.717781e-02  5.989214e-02 -4.284802e-02 
 4.855000e+04  4.102771e+03 -6.720893e-02  5.991865e-02 -4.286958e-02 
 4.860000e+04  4.114345e+03 -6.724010e-02  5.994527e-02 -4.289101e-02 
 4.865000e+04  4.125919e+03 -6.727128e-02  5.997196e-02 -4.291230e-02 
 4.870000e+04  4.137493e+03 -6.730239e-02  5.999884e-02 -4.293342e-02 
 4.875000e+04  4.149067e+03 -6.733353e-02  6.002594e-02 -4.295449e-02 
 4.880000e+04  4.160641e+03 -6.736435e-02  6.005314e-02 -4.297550e-02 
 4.885000e+04  4.172216e+03 -6.739495e-02  6.008020e-02 -4.299654e-02 
 4.890000e+04  4.183790e+03 -6.742577e-02  6.010733e-02 -4.301764e-02 
 4.895000e+04  4.195364e+03 -6.745685e-02  6.013453e-02 -4.303881e-02 
 4.900000e+04  4.206938e+03 -6.748821e-02  6.016183e-02 -4.305991e-02 
 4.905000e+04  4.218512e+03 -6.751965e-02  6.018922e-02 -4.308094e-02 
 4.910000e+04  4.230086e+03 -6.755131e-02  6.021667e-02 -4.310193e-02 
 4.915000e+04  4.241660e+03 -6.758312e-02  6.024406e-02 -4.312289e-02 
 4.920000e+04  4.253234e+03 -6.761499e-02  6.027120e-02 -4.314382e-02 
 4.925000e+04  4.264808e+03 -6.764705e-02  6.029821e-02 -4.316471e-02 
 4.930000e+04  4.276382e+03 -6.767907e-02  6.032518e-02 -4.318559e-02 
 4.935000e+04  4.287956e+03 -6.771109e-02  6.035213e-02 -4.320632e-02 
 4.940000e+04  4.299530e+03 -6.774301e-02  6.037908e-02 -4.322704e-02 
 4.945000e+04  4.311104e+03 -6.777247e-02  6.040602e-02 -4.324627e-02 
 4.950000e+04  4.322678e+03 -6.780037e-02  6.043273e-02 -4.326451e-02 
 4.955000e+04  4.334253e+03 -6.782876e-02  6.045934e-02 -4.328366e-02 
 4.960000e+04  4.345827e+03 -6.785821e-02  6.048714e-02 -4.330390e-02 
 4.965000e+04  4.357401e+03 -6.788837e-02  6.051510e-02 -4.332499e-02 
 4.970000e+04  4.368975e+03 -6.791853e-02  6.054311e-02 -4.334637e-02 
 4.975000e+04  4.380549e+03 -6.794812e-02  6.057117e-02 -4.336774e-02 
 4.980000e+04  4.392123e+03 -6.797747e-02  6.059925e-02 -4.338840e-02 
 4.985000e+04  4.403697e+03 -6.800701e-02  6.062644e-02 -4.340828e-02 
 4.990000e+04  4.415271e+03 -6.803719e-02  6.065243e-02 -4.342795e-02 
 4.995000e+04  4.426845e+03 -6.806816e-02  6.067791e-02 -4.344778e-02 
 5.000000e+04  4.438419e+03 -6.809997e-02  6.070305e-02 -4.346775e-02 
 5.005000e+04  4.449993e+03 -6.813251e-02  6.072769e-02 -4.348807e-02 
 5.010000e+04  4.461567e+03 -6.816548e-02  6.075129e-02 -4.350863e-02 
 5.015000e+04  4.473141e+03 -6.819856e-02  6.077459e-02 -4.352944e-02 
 5.020000e+04  4.484716e+03 -6.823124e-02  6.079807e-02 -4.355023e-02 
 5.025000e+04  4.496290e+03 -6.826288e-02  6.082190e-02 -4.357066e-02 
 5.030000e+04  4.507864e+03 -6.829360e-02  6.084619e-02 -4.359070e-02 
 5.035000e+04  4.519438e+03 -6.832386e-02  6.087124e-02 -4.361075e-02 
 5.040000e+04  4.531012e+03 -6.835391e-02  6.089712e-02 -4.363090e-02 
 5.045000e+04  4.542586e+03 -6.838371e-02  6.092360e-02 -4.365104e-02 
 5.050000e+04  4.554160e+03 -6.841338e-02  6.095041e-02 -4.367114e-02 
 5.055000e+04  4.565734e+03 -6.844292e-02  6.097741e-02 -4.369129e-02 
 5.060000e+04  4.577308e+03 -6.847227e-02  6.100437e-02 -4.371159e-02 
 5.065000e+04  4.588882e+03 -6.850092e-02  6.103122e-02 -4.373188e-02 
 5.070000e+04  4.600456e+03 -6.852907e-02  6.105821e-02 -4.375205e-02 
 5.075000e+04  4.612030e+03 -6.855711e-02  6.108540e-02 -4.377220e-02 
 5.080000e+04  4.623604e+03 -6.858537e-02  6.111286e-02 -4.379223e-02 
 5.085000e+04  4.635178e+03 -6.861386e-02  6.114045e-02 -4.381216e-02 
 5.090000e+04  4.646753e+03 -6.864265e-02  6.116771e-02 -4.383200e-02 
 5.095000e+04  4.658327e+03 -6.867186e-02  6.119460e-02 -4.385184e-02 
 5.100000e+04  4.669901e+03 -6.870156e-02  6.122102e-02 -4.387163e-02 
 5.105000e+04  4.681475e+03 -6.873172e-02  6.124696e-02 -4.389143e-02 
 5.110000e+04  4.693049e+03 -6.876234e-02  6.127260e-02 -4.391137e-02 
 5.115000e+04  4.704623e+03 -6.879341e-02  6.129813e-02 -4.393144e-02 
 5.120000e+04  4.716197e+03 -6.882466e-02  6.132362e-02 -4.395150e-02 
 5.125000e+04  4.727771e+03 -6.885585e-02  6.134910e-02 -4.397140e-02 
 5.130000e+04  4.739345e+03 -6.888685e-02  6.137454e-02 -4.399123e-02 
 5.135000e+04  4.750919e+03 -6.891781e-02  6.139992e-02 -4.401108e-02 
 5.140000e+04  4.762493e+03 -6.894866e-02  6.142516e-02 -4.403093e-02 
 5.145000e+04  4.774067e+03 -6.897950e-02  6.145024e-02 -4.405075e-02 
 5.150000e+04  4.785641e+03 -6.901037e-02  6.147535e-02 -4.407063e-02 
 5.155000e+04  4.797216e+03 -6.904110e-02  6.150066e-02 -4.409045e-02 
 5.160000e+04  4.808790e+03 -6.907139e-02  6.152608e-02 -4.411014e-02 
 5.165000e+04  4.820364e+03 -6.910141e-02  6.155161e-02 -4.412975e-02 
 5.170000e+04  4.831938e+03 -6.913149e-02  6.157746e-02 -4.414929e-02 
 5.175000e+04  4.843512e+03 -6.916165e-02  6.160353e-02 -4.416893e-02 
 5.180000e+04  4.855086e+03 -6.919188e-02  6.162985e-02 -4.418868e-02 
 5.185000e+04  4.866660e+03 -6.922206e-02  6.165617e-02 -4.420841e-02 
 5.190000e+04  4.878234e+03 -6.925225e-02  6.168196e-02 -4.422814e-02 
 5.195000e+04  4.889808e+03 -6.928273e-02  6.170719e-02 -4.424782e-02 
 5.200000e+04  4.901382e+03 -6.931337e-02  6.173198e-02 -4.426741e-02 
 5.205000e+04  4.912956e+03 -6.934422e-02  6.175659e-02 -4.428685e-02 
 5.210000e+04  4.924530e+03 -6.937524e-02  6.178115e-02 -4.430633e-02 
 5.215000e+04  4.936104e+03 -6.940648e-02  6.180568e-02 -4.432571e-02 
 5.220000e+04  4.947678e+03 -6.943781e-02  6.183017e-02 -4.434511e-02 
 5.225000e+04  4.959253e+03 -6.946893e-02  6.185466e-02 -4.436451e-02 
 5.230000e+04  4.970827e+03 -6.949937e-02  6.187911e-02 -4.438385e-02 
 5.235000e+04  4.982401e+03 -6.952916e-02  6.190348e-02 -4.440301e-02 
 5.240000e+04  4.993975e+03 -6.955880e-02  6.192785e-02 -4.442201e-02 
 5.245000e+04  5.005549e+03 -6.958830e-02  6.195230e-02 -4.444117e-02 
 5.250000e+04  5.017123e+03 -6.961752e-02  6.197709e-02 -4.446044e-02 
 5.255000e+04  5.028697e+03 -6.964638e-02  6.200200e-02 -4.447980e-02 
 5.260000e+04  5.040271e+03 -6.967479e-02  6.202690e-02 -4.449920e-02 
 5.265000e+04  5.051845e+03 -6.970273e-02  6.205213e-02 -4.451845e-02 
 5.270000e+04  5.063419e+03 -6.973025e-02  6.207739e-02 -4.453753e-02 
 5.275000e+04  5.074993e+03 -6.975751e-02  6.210300e-02 -4.455624e-02 
 5.280000e+04  5.086567e+03 -6.978433e-02  6.212880e-02 -4.457482e-02 
 5.285000e+04  5.098141e+03 -6.981116e-02  6.215487e-02 -4.459335e-02 
 5.290000e+04  5.109716e+03 -6.983832e-02  6.218092e-02 -4.461205e-02 
 5.295000e+04  5.121290e+03 -6.986563e-02  6.220662e-02 -4.463099e-02 
 5.300000e+04  5.132864e+03 -6.989318e-02  6.223166e-02 -4.465006e-02 
 5.305000e+04  5.144438e+03 -6.992097e-02  6.225644e-02 -4.466922e-02 
 5.310000e+04  5.156012e+03 -6.994860e-02  6.228126e-02 -4.468830e-02 
 5.315000e+04  5.167586e+03 -6.997669e-02  6.230625e-02 -4.470708e-02 
 5.320000e+04  5.179160e+03 -7.000480e-02  6.233151e-02 -4.472561e-02 
 5.325000e+04  5.190734e+03 -7.003318e-02  6.235717e-02 -4.474407e-02 
 5.330000e+04  5.202308e+03 -7.006185e-02  6.238318e-02 -4.476252e-02 
 5.335000e+04  5.213882e+03 -7.009056e-02  6.240940e-02 -4.478109e-02 
 5.340000e+04  5.225456e+03 -7.011920e-02  6.243571e-02 -4.479986e-02 
 5.345000e+04  5.237030e+03 -7.014792e-02  6.246193e-02 -4.481883e-02 
 5.350000e+04  5.248604e+03 -7.017649e-02  6.248796e-02 -4.483800e-02 
 5.355000e+04  5.260178e+03 -7.020493e-02  6.251386e-02 -4.485710e-02 
 5.360000e+04  5.271753e+03 -7.023311e-02  6.253994e-02 -4.487609e-02 
 5.365000e+04  5.283327e+03 -7.026108e-02  6.256636e-02 -4.489477e-02 
