         Step [creep.tim... Z Displace... Z Displace... X Displace... 
------------- ------------- ------------- ------------- ------------- 
 5.250000e+03  1.276223e-07 -4.629353e-03  4.524540e-03 -2.433365e-03 
 5.300000e+03  3.886505e-06 -4.629540e-03  4.524627e-03 -2.433552e-03 
 5.350000e+03  3.187291e-05 -4.630306e-03  4.524730e-03 -2.434023e-03 
 5.400000e+03  2.136967e-04 -4.630555e-03  4.524904e-03 -2.434097e-03 
 5.450000e+03  9.109431e-04 -4.631386e-03  4.526051e-03 -2.435231e-03 
 5.500000e+03  1.912529e-03 -4.634446e-03  4.528902e-03 -2.437799e-03 
 5.550000e+03  3.306416e-03 -4.640088e-03  4.534525e-03 -2.442388e-03 
 5.600000e+03  5.010422e-03 -4.647685e-03  4.543004e-03 -2.448149e-03 
 5.650000e+03  7.559636e-03 -4.659292e-03  4.556440e-03 -2.456413e-03 
 5.700000e+03  1.040224e-02 -4.671233e-03  4.570238e-03 -2.464248e-03 
 5.750000e+03  1.335741e-02 -4.681788e-03  4.581327e-03 -2.470731e-03 
 5.800000e+03  1.631259e-02 -4.691411e-03  4.590928e-03 -2.477002e-03 
 5.850000e+03  1.926777e-02 -4.701593e-03  4.601432e-03 -2.484447e-03 
 5.900000e+03  2.222295e-02 -4.712812e-03  4.613307e-03 -2.493154e-03 
 5.950000e+03  2.522319e-02 -4.724660e-03  4.626244e-03 -2.502952e-03 
 6.000000e+03  2.910117e-02 -4.739806e-03  4.642121e-03 -2.515478e-03 
 6.050000e+03  3.325940e-02 -4.755591e-03  4.657355e-03 -2.526652e-03 
 6.100000e+03  3.741763e-02 -4.770377e-03  4.670996e-03 -2.535402e-03 
 6.150000e+03  4.157586e-02 -4.784695e-03  4.684275e-03 -2.543327e-03 
 6.200000e+03  4.573410e-02 -4.799067e-03  4.698505e-03 -2.552076e-03 
 6.250000e+03  4.989233e-02 -4.814135e-03  4.714172e-03 -2.562281e-03 
 6.300000e+03  5.407551e-02 -4.829692e-03  4.730597e-03 -2.573913e-03 
 6.350000e+03  5.919295e-02 -4.847646e-03  4.749084e-03 -2.588553e-03 
 6.400000e+03  6.493255e-02 -4.865536e-03  4.767177e-03 -2.603154e-03 
 6.450000e+03  7.107616e-02 -4.883324e-03  4.785415e-03 -2.616565e-03 
 6.500000e+03  7.721976e-02 -4.901387e-03  4.803880e-03 -2.628689e-03 
 6.550000e+03  8.336336e-02 -4.920271e-03  4.823108e-03 -2.640767e-03 
 6.600000e+03  8.950696e-02 -4.940114e-03  4.843605e-03 -2.653662e-03 
 6.650000e+03  9.565056e-02 -4.960577e-03  4.865236e-03 -2.667512e-03 
 6.700000e+03  1.020233e-01 -4.980441e-03  4.886786e-03 -2.682054e-03 
 6.750000e+03  1.090703e-01 -4.999782e-03  4.907354e-03 -2.697139e-03 
 6.800000e+03  1.168739e-01 -5.020011e-03  4.928315e-03 -2.712917e-03 
 6.850000e+03  1.247149e-01 -5.040421e-03  4.949209e-03 -2.728249e-03 
 6.900000e+03  1.325558e-01 -5.061151e-03  4.970547e-03 -2.743254e-03 
 6.950000e+03  1.403968e-01 -5.082719e-03  4.992795e-03 -2.758356e-03 
 7.000000e+03  1.485726e-01 -5.106366e-03  5.016887e-03 -2.774191e-03 
 7.050000e+03  1.574939e-01 -5.132189e-03  5.042076e-03 -2.790725e-03 
 7.100000e+03  1.665708e-01 -5.156124e-03  5.065261e-03 -2.806398e-03 
 7.150000e+03  1.760380e-01 -5.179126e-03  5.088131e-03 -2.822581e-03 
 7.200000e+03  1.855687e-01 -5.201655e-03  5.110974e-03 -2.839245e-03 
 7.250000e+03  1.950995e-01 -5.223903e-03  5.133829e-03 -2.856148e-03 
 7.300000e+03  2.050816e-01 -5.247644e-03  5.158007e-03 -2.873915e-03 
 7.350000e+03  2.169146e-01 -5.276672e-03  5.187018e-03 -2.894542e-03 
 7.400000e+03  2.290785e-01 -5.306147e-03  5.215801e-03 -2.914107e-03 
 7.450000e+03  2.412424e-01 -5.333895e-03  5.242909e-03 -2.932035e-03 
 7.500000e+03  2.534063e-01 -5.360635e-03  5.269325e-03 -2.949689e-03 
 7.550000e+03  2.655702e-01 -5.386919e-03  5.295702e-03 -2.967696e-03 
 7.600000e+03  2.777341e-01 -5.412410e-03  5.322081e-03 -2.986183e-03 
 7.650000e+03  2.902192e-01 -5.438090e-03  5.348820e-03 -3.005545e-03 
 7.700000e+03  3.049122e-01 -5.467831e-03  5.379830e-03 -3.028229e-03 
 7.750000e+03  3.204368e-01 -5.498218e-03  5.411227e-03 -3.050587e-03 
 7.800000e+03  3.359614e-01 -5.527968e-03  5.441410e-03 -3.071086e-03 
 7.850000e+03  3.514859e-01 -5.557746e-03  5.471361e-03 -3.090910e-03 
 7.900000e+03  3.670105e-01 -5.587670e-03  5.501238e-03 -3.110695e-03 
 7.950000e+03  3.825351e-01 -5.617203e-03  5.530817e-03 -3.130630e-03 
 8.000000e+03  3.980597e-01 -5.645951e-03  5.559622e-03 -3.150802e-03 
 8.050000e+03  4.146120e-01 -5.675380e-03  5.589122e-03 -3.172392e-03 
 8.100000e+03  4.317278e-01 -5.704393e-03  5.618469e-03 -3.194011e-03 
 8.150000e+03  4.488437e-01 -5.732787e-03  5.647112e-03 -3.214689e-03 
 8.200000e+03  4.659595e-01 -5.761458e-03  5.675831e-03 -3.234533e-03 
 8.250000e+03  4.834006e-01 -5.791145e-03  5.705285e-03 -3.254263e-03 
 8.300000e+03  5.013722e-01 -5.821987e-03  5.735467e-03 -3.274320e-03 
 8.350000e+03  5.196134e-01 -5.852641e-03  5.765161e-03 -3.294480e-03 
 8.400000e+03  5.391063e-01 -5.883990e-03  5.795585e-03 -3.315821e-03 
 8.450000e+03  5.589201e-01 -5.914206e-03  5.825496e-03 -3.337384e-03 
 8.500000e+03  5.787338e-01 -5.943410e-03  5.854853e-03 -3.358750e-03 
 8.550000e+03  5.985475e-01 -5.972331e-03  5.883971e-03 -3.379707e-03 
 8.600000e+03  6.197522e-01 -6.003471e-03  5.915381e-03 -3.401683e-03 
 8.650000e+03  6.415968e-01 -6.035580e-03  5.947966e-03 -3.423650e-03 
 8.700000e+03  6.635070e-01 -6.067271e-03  5.980085e-03 -3.444827e-03 
 8.750000e+03  6.871320e-01 -6.100721e-03  6.013546e-03 -3.466979e-03 
 8.800000e+03  7.112157e-01 -6.134191e-03  6.046553e-03 -3.489472e-03 
 8.850000e+03  7.352994e-01 -6.166647e-03  6.078684e-03 -3.512037e-03 
 8.900000e+03  7.593831e-01 -6.198003e-03  6.110051e-03 -3.534543e-03 
 8.950000e+03  7.839967e-01 -6.229573e-03  6.141814e-03 -3.557446e-03 
 9.000000e+03  8.105237e-01 -6.263390e-03  6.175941e-03 -3.581743e-03 
 9.050000e+03  8.370760e-01 -6.296870e-03  6.209704e-03 -3.604908e-03 
 9.100000e+03  8.640000e-01 -6.330526e-03  6.243511e-03 -3.627258e-03 
 9.150000e+03  8.918799e-01 -6.365302e-03  6.278149e-03 -3.649983e-03 
 9.200000e+03  9.197598e-01 -6.399723e-03  6.311986e-03 -3.672659e-03 
 9.250000e+03  9.476397e-01 -6.433159e-03  6.344583e-03 -3.695371e-03 
 9.300000e+03  9.762166e-01 -6.466503e-03  6.376999e-03 -3.718771e-03 
 9.350000e+03  1.005491e+00 -6.499917e-03  6.409764e-03 -3.742622e-03 
 9.400000e+03  1.034764e+00 -6.532649e-03  6.442132e-03 -3.765815e-03 
 9.450000e+03  1.064419e+00 -6.565545e-03  6.474653e-03 -3.788412e-03 
 9.500000e+03  1.096386e+00 -6.601078e-03  6.509809e-03 -3.812046e-03 
 9.550000e+03  1.128660e+00 -6.636823e-03  6.545312e-03 -3.835477e-03 
 9.600000e+03  1.160935e+00 -6.671724e-03  6.580175e-03 -3.858613e-03 
 9.650000e+03  1.194210e+00 -6.706804e-03  6.615001e-03 -3.882346e-03 
 9.700000e+03  1.229488e+00 -6.743367e-03  6.650912e-03 -3.907492e-03 
 9.750000e+03  1.265070e+00 -6.779275e-03  6.686184e-03 -3.932671e-03 
 9.800000e+03  1.300653e+00 -6.814250e-03  6.720763e-03 -3.957367e-03 
 9.850000e+03  1.336235e+00 -6.849018e-03  6.755372e-03 -3.981507e-03 
 9.900000e+03  1.371818e+00 -6.883792e-03  6.790164e-03 -4.005141e-03 
 9.950000e+03  1.407401e+00 -6.918271e-03  6.824773e-03 -4.028099e-03 
 1.000000e+04  1.444757e+00 -6.954025e-03  6.860565e-03 -4.051598e-03 
 1.005000e+04  1.485242e+00 -6.992228e-03  6.898660e-03 -4.076932e-03 
 1.010000e+04  1.526434e+00 -7.030197e-03  6.936288e-03 -4.102717e-03 
 1.015000e+04  1.567625e+00 -7.067145e-03  6.972608e-03 -4.128382e-03 
 1.020000e+04  1.608816e+00 -7.103561e-03  7.008225e-03 -4.153817e-03 
 1.025000e+04  1.652026e+00 -7.141644e-03  7.045403e-03 -4.180121e-03 
 1.030000e+04  1.695277e+00 -7.179440e-03  7.082403e-03 -4.205738e-03 
 1.035000e+04  1.738528e+00 -7.216824e-03  7.119105e-03 -4.230477e-03 
 1.040000e+04  1.783422e+00 -7.255308e-03  7.157029e-03 -4.255651e-03 
 1.045000e+04  1.828836e+00 -7.293736e-03  7.194992e-03 -4.280936e-03 
 1.050000e+04  1.874249e+00 -7.331249e-03  7.232086e-03 -4.306095e-03 
 1.055000e+04  1.920843e+00 -7.368869e-03  7.269154e-03 -4.331806e-03 
 1.060000e+04  1.970482e+00 -7.408568e-03  7.307972e-03 -4.359113e-03 
 1.065000e+04  2.020551e+00 -7.448089e-03  7.346423e-03 -4.386208e-03 
 1.070000e+04  2.070619e+00 -7.486909e-03  7.384299e-03 -4.412633e-03 
 1.075000e+04  2.120687e+00 -7.525490e-03  7.422056e-03 -4.438395e-03 
 1.080000e+04  2.170756e+00 -7.563881e-03  7.459910e-03 -4.463708e-03 
 1.085000e+04  2.220824e+00 -7.601655e-03  7.497469e-03 -4.488639e-03 
 1.090000e+04  2.271994e+00 -7.639537e-03  7.535194e-03 -4.513907e-03 
 1.095000e+04  2.326826e+00 -7.679538e-03  7.574913e-03 -4.540929e-03 
 1.100000e+04  2.382026e+00 -7.719181e-03  7.614078e-03 -4.567982e-03 
 1.105000e+04  2.437227e+00 -7.757919e-03  7.652260e-03 -4.594723e-03 
 1.110000e+04  2.494469e+00 -7.797782e-03  7.691346e-03 -4.621921e-03 
 1.115000e+04  2.555212e+00 -7.840118e-03  7.732627e-03 -4.650293e-03 
 1.120000e+04  2.616070e+00 -7.882267e-03  7.773728e-03 -4.678108e-03 
 1.125000e+04  2.676928e+00 -7.923766e-03  7.814211e-03 -4.705330e-03 
 1.130000e+04  2.737787e+00 -7.964636e-03  7.854364e-03 -4.732248e-03 
 1.135000e+04  2.798645e+00 -8.004753e-03  7.894126e-03 -4.759210e-03 
 1.140000e+04  2.859504e+00 -8.044045e-03  7.933028e-03 -4.785937e-03 
 1.145000e+04  2.923149e+00 -8.084591e-03  7.972849e-03 -4.813555e-03 
 1.150000e+04  2.992862e+00 -8.128958e-03  8.016105e-03 -4.843493e-03 
 1.155000e+04  3.063313e+00 -8.173505e-03  8.059231e-03 -4.873257e-03 
 1.160000e+04  3.133765e+00 -8.217294e-03  8.101660e-03 -4.902235e-03 
 1.165000e+04  3.204216e+00 -8.260747e-03  8.143650e-03 -4.930715e-03 
 1.170000e+04  3.274667e+00 -8.303814e-03  8.185421e-03 -4.958957e-03 
 1.175000e+04  3.345118e+00 -8.345929e-03  8.226707e-03 -4.986922e-03 
 1.180000e+04  3.415569e+00 -8.387089e-03  8.267376e-03 -5.014676e-03 
 1.185000e+04  3.489191e+00 -8.429648e-03  8.309495e-03 -5.043615e-03 
 1.190000e+04  3.563164e+00 -8.471996e-03  8.351322e-03 -5.072384e-03 
 1.195000e+04  3.637138e+00 -8.513796e-03  8.392372e-03 -5.100523e-03 
 1.200000e+04  3.715469e+00 -8.557844e-03  8.435331e-03 -5.129786e-03 
 1.205000e+04  3.797025e+00 -8.603634e-03  8.479679e-03 -5.159781e-03 
 1.210000e+04  3.878581e+00 -8.648857e-03  8.523377e-03 -5.189399e-03 
 1.215000e+04  3.960137e+00 -8.693311e-03  8.566370e-03 -5.218740e-03 
 1.220000e+04  4.041693e+00 -8.736990e-03  8.608907e-03 -5.247891e-03 
 1.225000e+04  4.123249e+00 -8.779980e-03  8.651139e-03 -5.276905e-03 
 1.230000e+04  4.204805e+00 -8.822295e-03  8.692868e-03 -5.305633e-03 
 1.235000e+04  4.288481e+00 -8.865356e-03  8.735210e-03 -5.334537e-03 
 1.240000e+04  4.378311e+00 -8.911556e-03  8.780261e-03 -5.365087e-03 
 1.245000e+04  4.468227e+00 -8.957628e-03  8.824767e-03 -5.395254e-03 
 1.250000e+04  4.558142e+00 -9.003019e-03  8.868363e-03 -5.424988e-03 
 1.255000e+04  4.648058e+00 -9.047799e-03  8.911363e-03 -5.454409e-03 
 1.260000e+04  4.737973e+00 -9.092025e-03  8.954000e-03 -5.483736e-03 
 1.265000e+04  4.827889e+00 -9.135521e-03  8.996137e-03 -5.512807e-03 
 1.270000e+04  4.918254e+00 -9.178457e-03  9.038086e-03 -5.541685e-03 
 1.275000e+04  5.015308e+00 -9.224230e-03  9.082980e-03 -5.572368e-03 
 1.280000e+04  5.114440e+00 -9.270763e-03  9.128615e-03 -5.603276e-03 
 1.285000e+04  5.213572e+00 -9.316695e-03  9.173525e-03 -5.633627e-03 
 1.290000e+04  5.317066e+00 -9.364275e-03  9.219683e-03 -5.664868e-03 
 1.295000e+04  5.426359e+00 -9.414253e-03  9.267834e-03 -5.697602e-03 
 1.300000e+04  5.535651e+00 -9.463478e-03  9.315160e-03 -5.730054e-03 
 1.305000e+04  5.644944e+00 -9.511711e-03  9.361673e-03 -5.762175e-03 
 1.310000e+04  5.754237e+00 -9.559343e-03  9.407875e-03 -5.794056e-03 
 1.315000e+04  5.863530e+00 -9.606469e-03  9.453893e-03 -5.825640e-03 
 1.320000e+04  5.972823e+00 -9.652973e-03  9.499559e-03 -5.856751e-03 
 1.325000e+04  6.085203e+00 -9.700495e-03  9.546110e-03 -5.888142e-03 
 1.330000e+04  6.205698e+00 -9.751269e-03  9.595562e-03 -5.921386e-03 
 1.335000e+04  6.326194e+00 -9.801571e-03  9.644219e-03 -5.954321e-03 
 1.340000e+04  6.446689e+00 -9.851103e-03  9.691752e-03 -5.986936e-03 
 1.345000e+04  6.567185e+00 -9.900087e-03  9.738570e-03 -6.019296e-03 
 1.350000e+04  6.687680e+00 -9.948577e-03  9.784975e-03 -6.051480e-03 
 1.355000e+04  6.808175e+00 -9.996396e-03  9.831005e-03 -6.083280e-03 
 1.360000e+04  6.928791e+00 -1.004364e-02  9.876695e-03 -6.114602e-03 
 1.365000e+04  7.055311e+00 -1.009286e-02  9.924469e-03 -6.147054e-03 
 1.370000e+04  7.181831e+00 -1.014169e-02  9.972052e-03 -6.179157e-03 
 1.375000e+04  7.308352e+00 -1.018987e-02  1.001899e-02 -6.210846e-03 
 1.380000e+04  7.442583e+00 -1.024050e-02  1.006793e-02 -6.244101e-03 
 1.385000e+04  7.582071e+00 -1.029278e-02  1.011814e-02 -6.278487e-03 
 1.390000e+04  7.721560e+00 -1.034440e-02  1.016755e-02 -6.312594e-03 
 1.395000e+04  7.861048e+00 -1.039510e-02  1.021620e-02 -6.346247e-03 
 1.400000e+04  8.000537e+00 -1.044534e-02  1.026462e-02 -6.379531e-03 
 1.405000e+04  8.140025e+00 -1.049521e-02  1.031288e-02 -6.412501e-03 
 1.410000e+04  8.279514e+00 -1.054445e-02  1.036075e-02 -6.444999e-03 
 1.415000e+04  8.423501e+00 -1.059480e-02  1.040975e-02 -6.478065e-03 
 1.420000e+04  8.577287e+00 -1.064822e-02  1.046169e-02 -6.513090e-03 
 1.425000e+04  8.731073e+00 -1.070112e-02  1.051273e-02 -6.547833e-03 
 1.430000e+04  8.884859e+00 -1.075326e-02  1.056275e-02 -6.582217e-03 
 1.435000e+04  9.041105e+00 -1.080577e-02  1.061289e-02 -6.616852e-03 
 1.440000e+04  9.202581e+00 -1.085961e-02  1.066426e-02 -6.652391e-03 
 1.445000e+04  9.364056e+00 -1.091275e-02  1.071518e-02 -6.687418e-03 
 1.450000e+04  9.525531e+00 -1.096534e-02  1.076571e-02 -6.721916e-03 
 1.455000e+04  9.690236e+00 -1.101858e-02  1.081703e-02 -6.756729e-03 
 1.460000e+04  9.859785e+00 -1.107280e-02  1.086948e-02 -6.792244e-03 
 1.465000e+04  1.002933e+01 -1.112629e-02  1.092113e-02 -6.827337e-03 
 1.470000e+04  1.020483e+01 -1.118115e-02  1.097386e-02 -6.863327e-03 
 1.475000e+04  1.039176e+01 -1.123924e-02  1.102925e-02 -6.901453e-03 
 1.480000e+04  1.057869e+01 -1.129654e-02  1.108382e-02 -6.939193e-03 
 1.485000e+04  1.076562e+01 -1.135303e-02  1.113774e-02 -6.976373e-03 
 1.490000e+04  1.095255e+01 -1.140905e-02  1.119130e-02 -7.013091e-03 
 1.495000e+04  1.113947e+01 -1.146465e-02  1.124461e-02 -7.049391e-03 
 1.500000e+04  1.132640e+01 -1.151949e-02  1.129746e-02 -7.085288e-03 
 1.505000e+04  1.151744e+01 -1.157488e-02  1.135097e-02 -7.121574e-03 
 1.510000e+04  1.172333e+01 -1.163404e-02  1.140812e-02 -7.160411e-03 
 1.515000e+04  1.192942e+01 -1.169268e-02  1.146448e-02 -7.198962e-03 
 1.520000e+04  1.213551e+01 -1.175054e-02  1.151981e-02 -7.237045e-03 
 1.525000e+04  1.234737e+01 -1.180954e-02  1.157605e-02 -7.275718e-03 
 1.530000e+04  1.256376e+01 -1.186942e-02  1.163304e-02 -7.314806e-03 
 1.535000e+04  1.278015e+01 -1.192859e-02  1.168944e-02 -7.353389e-03 
 1.540000e+04  1.299654e+01 -1.198703e-02  1.174527e-02 -7.391506e-03 
 1.545000e+04  1.322094e+01 -1.204708e-02  1.180279e-02 -7.430714e-03 
 1.550000e+04  1.344816e+01 -1.210717e-02  1.186055e-02 -7.470074e-03 
 1.555000e+04  1.367537e+01 -1.216646e-02  1.191748e-02 -7.508931e-03 
 1.560000e+04  1.391572e+01 -1.222864e-02  1.197696e-02 -7.549571e-03 
 1.565000e+04  1.416623e+01 -1.229311e-02  1.203826e-02 -7.591578e-03 
 1.570000e+04  1.441673e+01 -1.235680e-02  1.209871e-02 -7.633071e-03 
 1.575000e+04  1.466723e+01 -1.241963e-02  1.215840e-02 -7.673987e-03 
 1.580000e+04  1.492700e+01 -1.248427e-02  1.221975e-02 -7.715993e-03 
 1.585000e+04  1.519002e+01 -1.254900e-02  1.228132e-02 -7.758133e-03 
 1.590000e+04  1.545305e+01 -1.261279e-02  1.234221e-02 -7.799762e-03 
 1.595000e+04  1.571976e+01 -1.267674e-02  1.240338e-02 -7.841457e-03 
 1.600000e+04  1.599594e+01 -1.274238e-02  1.246615e-02 -7.884217e-03 
 1.605000e+04  1.627211e+01 -1.280729e-02  1.252816e-02 -7.926587e-03 
 1.610000e+04  1.654995e+01 -1.287178e-02  1.258965e-02 -7.968651e-03 
 1.615000e+04  1.684863e+01 -1.294060e-02  1.265499e-02 -8.013336e-03 
 1.620000e+04  1.715312e+01 -1.301019e-02  1.272092e-02 -8.058409e-03 
 1.625000e+04  1.745761e+01 -1.307882e-02  1.278598e-02 -8.102936e-03 
 1.630000e+04  1.776209e+01 -1.314654e-02  1.285026e-02 -8.146892e-03 
 1.635000e+04  1.807480e+01 -1.321541e-02  1.291572e-02 -8.191635e-03 
 1.640000e+04  1.839451e+01 -1.328498e-02  1.298206e-02 -8.236941e-03 
 1.645000e+04  1.871422e+01 -1.335364e-02  1.304759e-02 -8.281591e-03 
 1.650000e+04  1.905375e+01 -1.342594e-02  1.311636e-02 -8.328450e-03 
 1.655000e+04  1.940623e+01 -1.350050e-02  1.318695e-02 -8.376643e-03 
 1.660000e+04  1.975871e+01 -1.357404e-02  1.325642e-02 -8.424220e-03 
 1.665000e+04  2.011119e+01 -1.364662e-02  1.332493e-02 -8.471142e-03 
 1.670000e+04  2.047848e+01 -1.372154e-02  1.339557e-02 -8.519529e-03 
 1.675000e+04  2.084858e+01 -1.379625e-02  1.346599e-02 -8.567765e-03 
 1.680000e+04  2.121868e+01 -1.386987e-02  1.353555e-02 -8.615372e-03 
 1.685000e+04  2.159804e+01 -1.394446e-02  1.360622e-02 -8.663531e-03 
 1.690000e+04  2.200375e+01 -1.402354e-02  1.368110e-02 -8.714510e-03 
 1.695000e+04  2.241179e+01 -1.410197e-02  1.375538e-02 -8.765180e-03 
 1.700000e+04  2.281983e+01 -1.417933e-02  1.382852e-02 -8.815151e-03 
 1.705000e+04  2.324827e+01 -1.425982e-02  1.390444e-02 -8.867002e-03 
 1.710000e+04  2.367671e+01 -1.433948e-02  1.397942e-02 -8.918263e-03 
 1.715000e+04  2.410516e+01 -1.441796e-02  1.405331e-02 -8.968803e-03 
 1.720000e+04  2.454431e+01 -1.449750e-02  1.412821e-02 -9.019952e-03 
 1.725000e+04  2.499417e+01 -1.457812e-02  1.420427e-02 -9.071840e-03 
 1.730000e+04  2.544404e+01 -1.465765e-02  1.427938e-02 -9.123076e-03 
 1.735000e+04  2.590200e+01 -1.473753e-02  1.435483e-02 -9.174504e-03 
 1.740000e+04  2.639514e+01 -1.482280e-02  1.443520e-02 -9.229214e-03 
 1.745000e+04  2.689112e+01 -1.490763e-02  1.451499e-02 -9.283607e-03 
 1.750000e+04  2.738709e+01 -1.499126e-02  1.459356e-02 -9.337303e-03 
 1.755000e+04  2.790504e+01 -1.507760e-02  1.467442e-02 -9.392572e-03 
 1.760000e+04  2.845185e+01 -1.516784e-02  1.475882e-02 -9.450260e-03 
 1.765000e+04  2.899866e+01 -1.525687e-02  1.484214e-02 -9.507158e-03 
 1.770000e+04  2.954548e+01 -1.534461e-02  1.492428e-02 -9.563190e-03 
 1.775000e+04  3.012783e+01 -1.543699e-02  1.501077e-02 -9.622176e-03 
 1.780000e+04  3.073069e+01 -1.553138e-02  1.509926e-02 -9.682508e-03 
 1.785000e+04  3.133355e+01 -1.562426e-02  1.518642e-02 -9.741936e-03 
 1.790000e+04  3.195577e+01 -1.571904e-02  1.527506e-02 -9.802335e-03 
 1.795000e+04  3.262042e+01 -1.581925e-02  1.536855e-02 -9.866044e-03 
 1.800000e+04  3.328508e+01 -1.591798e-02  1.546055e-02 -9.928870e-03 
 1.805000e+04  3.394973e+01 -1.601512e-02  1.555114e-02 -9.990645e-03 
 1.810000e+04  3.464230e+01 -1.611506e-02  1.564430e-02 -1.005419e-02 
 1.815000e+04  3.534019e+01 -1.621442e-02  1.573696e-02 -1.011743e-02 
 1.820000e+04  3.603807e+01 -1.631218e-02  1.582831e-02 -1.017965e-02 
 1.825000e+04  3.677141e+01 -1.641364e-02  1.592306e-02 -1.024404e-02 
 1.830000e+04  3.754083e+01 -1.651892e-02  1.602123e-02 -1.031071e-02 
 1.835000e+04  3.831025e+01 -1.662258e-02  1.611775e-02 -1.037639e-02 
 1.840000e+04  3.908814e+01 -1.672578e-02  1.621364e-02 -1.044176e-02 
 1.845000e+04  3.992754e+01 -1.683580e-02  1.631568e-02 -1.051130e-02 
 1.850000e+04  4.077582e+01 -1.694553e-02  1.641726e-02 -1.058057e-02 
 1.855000e+04  4.162411e+01 -1.705348e-02  1.651718e-02 -1.064863e-02 
 1.860000e+04  4.249360e+01 -1.716250e-02  1.661809e-02 -1.071730e-02 
 1.865000e+04  4.338430e+01 -1.727263e-02  1.672007e-02 -1.078674e-02 
 1.870000e+04  4.427500e+01 -1.738105e-02  1.682050e-02 -1.085510e-02 
 1.875000e+04  4.519006e+01 -1.749079e-02  1.692205e-02 -1.092411e-02 
 1.880000e+04  4.617206e+01 -1.760719e-02  1.702950e-02 -1.099713e-02 
 1.885000e+04  4.715406e+01 -1.772183e-02  1.713519e-02 -1.106910e-02 
 1.890000e+04  4.813605e+01 -1.783454e-02  1.723902e-02 -1.113982e-02 
 1.895000e+04  4.917697e+01 -1.795228e-02  1.734729e-02 -1.121356e-02 
 1.900000e+04  5.025962e+01 -1.807309e-02  1.745838e-02 -1.128916e-02 
 1.905000e+04  5.134228e+01 -1.819183e-02  1.756772e-02 -1.136347e-02 
 1.910000e+04  5.246596e+01 -1.831309e-02  1.767925e-02 -1.143920e-02 
 1.915000e+04  5.365958e+01 -1.844014e-02  1.779597e-02 -1.151850e-02 
 1.920000e+04  5.485321e+01 -1.856499e-02  1.791067e-02 -1.159650e-02 
 1.925000e+04  5.604683e+01 -1.868769e-02  1.802325e-02 -1.167304e-02 
 1.930000e+04  5.732657e+01 -1.881738e-02  1.814185e-02 -1.175366e-02 
 1.935000e+04  5.864254e+01 -1.894877e-02  1.826190e-02 -1.183534e-02 
 1.940000e+04  5.995851e+01 -1.907780e-02  1.837976e-02 -1.191550e-02 
 1.945000e+04  6.129560e+01 -1.920663e-02  1.849731e-02 -1.199542e-02 
 1.950000e+04  6.274646e+01 -1.934431e-02  1.862288e-02 -1.208081e-02 
 1.955000e+04  6.419732e+01 -1.947959e-02  1.874634e-02 -1.216467e-02 
 1.960000e+04  6.565398e+01 -1.961303e-02  1.886784e-02 -1.224715e-02 
 1.965000e+04  6.723222e+01 -1.975534e-02  1.899713e-02 -1.233501e-02 
 1.970000e+04  6.883179e+01 -1.989714e-02  1.912585e-02 -1.242259e-02 
 1.975000e+04  7.043136e+01 -2.003615e-02  1.925196e-02 -1.250840e-02 
 1.980000e+04  7.209579e+01 -2.017831e-02  1.938060e-02 -1.259592e-02 
 1.985000e+04  7.385932e+01 -2.032659e-02  1.951468e-02 -1.268715e-02 
 1.990000e+04  7.562284e+01 -2.047201e-02  1.964620e-02 -1.277658e-02 
 1.995000e+04  7.738637e+01 -2.061461e-02  1.977508e-02 -1.286411e-02 
 2.000000e+04  7.928816e+01 -2.076574e-02  1.991152e-02 -1.295685e-02 
 2.005000e+04  8.123244e+01 -2.091751e-02  2.004853e-02 -1.305003e-02 
 2.010000e+04  8.317673e+01 -2.106627e-02  2.018270e-02 -1.314120e-02 
 2.015000e+04  8.517157e+01 -2.121611e-02  2.031750e-02 -1.323282e-02 
 2.020000e+04  8.721307e+01 -2.136680e-02  2.045284e-02 -1.332494e-02 
 2.025000e+04  8.925457e+01 -2.151451e-02  2.058555e-02 -1.341525e-02 
 2.030000e+04  9.141046e+01 -2.166752e-02  2.072289e-02 -1.350864e-02 
 2.035000e+04  9.377376e+01 -2.183257e-02  2.087087e-02 -1.360927e-02 
 2.040000e+04  9.613705e+01 -2.199441e-02  2.101585e-02 -1.370792e-02 
 2.045000e+04  9.850034e+01 -2.215288e-02  2.115751e-02 -1.380427e-02 
 2.050000e+04  1.009322e+02 -2.231272e-02  2.130003e-02 -1.390133e-02 
 2.055000e+04  1.034136e+02 -2.247268e-02  2.144255e-02 -1.399853e-02 
 2.060000e+04  1.058951e+02 -2.262946e-02  2.158213e-02 -1.409374e-02 
 2.065000e+04  1.086099e+02 -2.279789e-02  2.173166e-02 -1.419573e-02 
 2.070000e+04  1.114825e+02 -2.297305e-02  2.188696e-02 -1.430171e-02 
 2.075000e+04  1.143551e+02 -2.314439e-02  2.203889e-02 -1.440537e-02 
 2.080000e+04  1.172277e+02 -2.331181e-02  2.218723e-02 -1.450648e-02 
 2.085000e+04  1.202008e+02 -2.348141e-02  2.233730e-02 -1.460890e-02 
 2.090000e+04  1.232170e+02 -2.365002e-02  2.248646e-02 -1.471083e-02 
 2.095000e+04  1.262453e+02 -2.381580e-02  2.263304e-02 -1.481098e-02 
 2.100000e+04  1.295296e+02 -2.399215e-02  2.278871e-02 -1.491733e-02 
 2.105000e+04  1.328549e+02 -2.416726e-02  2.294313e-02 -1.502286e-02 
 2.110000e+04  1.361803e+02 -2.433848e-02  2.309410e-02 -1.512600e-02 
 2.115000e+04  1.395626e+02 -2.450878e-02  2.324408e-02 -1.522845e-02 
 2.120000e+04  1.432288e+02 -2.468974e-02  2.340335e-02 -1.533733e-02 
 2.125000e+04  1.468951e+02 -2.486699e-02  2.355926e-02 -1.544404e-02 
 2.130000e+04  1.505613e+02 -2.504040e-02  2.371150e-02 -1.554832e-02 
 2.135000e+04  1.544367e+02 -2.521996e-02  2.386871e-02 -1.565615e-02 
 2.140000e+04  1.584788e+02 -2.540359e-02  2.402927e-02 -1.576638e-02 
 2.145000e+04  1.625208e+02 -2.558329e-02  2.418614e-02 -1.587409e-02 
 2.150000e+04  1.665911e+02 -2.576035e-02  2.434035e-02 -1.598004e-02 
 2.155000e+04  1.708353e+02 -2.594115e-02  2.449763e-02 -1.608826e-02 
 2.160000e+04  1.750794e+02 -2.611805e-02  2.465150e-02 -1.619422e-02 
 2.165000e+04  1.795141e+02 -2.629886e-02  2.480869e-02 -1.630250e-02 
 2.170000e+04  1.843430e+02 -2.649192e-02  2.497644e-02 -1.641812e-02 
 2.175000e+04  1.892561e+02 -2.668430e-02  2.514349e-02 -1.653335e-02 
 2.180000e+04  1.941692e+02 -2.687221e-02  2.530643e-02 -1.664580e-02 
 2.185000e+04  1.990823e+02 -2.705571e-02  2.546528e-02 -1.675553e-02 
 2.190000e+04  2.040544e+02 -2.723717e-02  2.562229e-02 -1.686412e-02 
 2.195000e+04  2.092132e+02 -2.742138e-02  2.578169e-02 -1.697444e-02 
 2.200000e+04  2.148303e+02 -2.761790e-02  2.595164e-02 -1.709211e-02 
 2.205000e+04  2.205178e+02 -2.781293e-02  2.612021e-02 -1.720895e-02 
 2.210000e+04  2.262054e+02 -2.800355e-02  2.628491e-02 -1.732319e-02 
 2.215000e+04  2.318929e+02 -2.818965e-02  2.644553e-02 -1.743462e-02 
 2.220000e+04  2.376942e+02 -2.837515e-02  2.660544e-02 -1.754567e-02 
 2.225000e+04  2.439349e+02 -2.857061e-02  2.677380e-02 -1.766283e-02 
 2.230000e+04  2.502054e+02 -2.876300e-02  2.693927e-02 -1.777818e-02 
 2.235000e+04  2.564759e+02 -2.895127e-02  2.710094e-02 -1.789108e-02 
 2.240000e+04  2.629785e+02 -2.914237e-02  2.726485e-02 -1.800565e-02 
 2.245000e+04  2.695625e+02 -2.933173e-02  2.742723e-02 -1.811919e-02 
 2.250000e+04  2.762453e+02 -2.951965e-02  2.758838e-02 -1.823190e-02 
 2.255000e+04  2.836885e+02 -2.972467e-02  2.776409e-02 -1.835498e-02 
 2.260000e+04  2.913103e+02 -2.993044e-02  2.794030e-02 -1.847871e-02 
 2.265000e+04  2.989322e+02 -3.013152e-02  2.811238e-02 -1.859978e-02 
 2.270000e+04  3.065540e+02 -3.032791e-02  2.828023e-02 -1.871797e-02 
 2.275000e+04  3.141759e+02 -3.051978e-02  2.844403e-02 -1.883343e-02 
 2.280000e+04  3.219273e+02 -3.071054e-02  2.860684e-02 -1.894830e-02 
 2.285000e+04  3.303224e+02 -3.091299e-02  2.877964e-02 -1.907034e-02 
 2.290000e+04  3.387255e+02 -3.111159e-02  2.894928e-02 -1.919030e-02 
 2.295000e+04  3.471286e+02 -3.130594e-02  2.911548e-02 -1.930795e-02 
 2.300000e+04  3.555317e+02 -3.149597e-02  2.927809e-02 -1.942308e-02 
 2.305000e+04  3.644058e+02 -3.169228e-02  2.944613e-02 -1.954211e-02 
 2.310000e+04  3.736702e+02 -3.189328e-02  2.961813e-02 -1.966414e-02 
 2.315000e+04  3.829346e+02 -3.209021e-02  2.978645e-02 -1.978385e-02 
 2.320000e+04  3.921990e+02 -3.228305e-02  2.995104e-02 -1.990120e-02 
 2.325000e+04  4.016765e+02 -3.247631e-02  3.011581e-02 -2.001888e-02 
 2.330000e+04  4.114042e+02 -3.267084e-02  3.028164e-02 -2.013737e-02 
 2.335000e+04  4.212096e+02 -3.286311e-02  3.044544e-02 -2.025457e-02 
 2.340000e+04  4.314236e+02 -3.305962e-02  3.061275e-02 -2.037453e-02 
 2.345000e+04  4.418828e+02 -3.325705e-02  3.078073e-02 -2.049529e-02 
 2.350000e+04  4.526075e+02 -3.345569e-02  3.094975e-02 -2.061698e-02 
 2.355000e+04  4.633322e+02 -3.365046e-02  3.111535e-02 -2.073642e-02 
 2.360000e+04  4.741106e+02 -3.384230e-02  3.127846e-02 -2.085422e-02 
 2.365000e+04  4.853715e+02 -3.403894e-02  3.144571e-02 -2.097518e-02 
 2.370000e+04  4.966638e+02 -3.423241e-02  3.161042e-02 -2.109441e-02 
 2.375000e+04  5.082379e+02 -3.442705e-02  3.177638e-02 -2.121461e-02 
 2.380000e+04  5.198119e+02 -3.461818e-02  3.193953e-02 -2.133288e-02 
 2.385000e+04  5.313860e+02 -3.480578e-02  3.209987e-02 -2.144922e-02 
 2.390000e+04  5.429601e+02 -3.498995e-02  3.225747e-02 -2.156378e-02 
 2.395000e+04  5.545342e+02 -3.517099e-02  3.241250e-02 -2.167672e-02 
 2.400000e+04  5.661082e+02 -3.534915e-02  3.256518e-02 -2.178815e-02 
 2.405000e+04  5.776823e+02 -3.552467e-02  3.271566e-02 -2.189817e-02 
 2.410000e+04  5.892564e+02 -3.569784e-02  3.286399e-02 -2.200685e-02 
 2.415000e+04  6.008304e+02 -3.586878e-02  3.301018e-02 -2.211409e-02 
 2.420000e+04  6.124045e+02 -3.603747e-02  3.315422e-02 -2.221972e-02 
 2.425000e+04  6.239786e+02 -3.620406e-02  3.329551e-02 -2.232456e-02 
 2.430000e+04  6.355527e+02 -3.636831e-02  3.343512e-02 -2.242858e-02 
 2.435000e+04  6.471267e+02 -3.653095e-02  3.357343e-02 -2.253121e-02 
 2.440000e+04  6.587008e+02 -3.669199e-02  3.370999e-02 -2.263262e-02 
 2.445000e+04  6.702749e+02 -3.685058e-02  3.384483e-02 -2.273336e-02 
 2.450000e+04  6.818490e+02 -3.700733e-02  3.397793e-02 -2.283322e-02 
 2.455000e+04  6.934230e+02 -3.716283e-02  3.410987e-02 -2.293237e-02 
 2.460000e+04  7.049971e+02 -3.731632e-02  3.424049e-02 -2.303069e-02 
 2.465000e+04  7.165712e+02 -3.746809e-02  3.436945e-02 -2.312803e-02 
 2.470000e+04  7.281453e+02 -3.761889e-02  3.449738e-02 -2.322506e-02 
 2.475000e+04  7.397193e+02 -3.776864e-02  3.462417e-02 -2.332110e-02 
 2.480000e+04  7.512934e+02 -3.791629e-02  3.475017e-02 -2.341598e-02 
 2.485000e+04  7.628675e+02 -3.806251e-02  3.487559e-02 -2.351091e-02 
 2.490000e+04  7.744416e+02 -3.820780e-02  3.499981e-02 -2.360547e-02 
 2.495000e+04  7.860156e+02 -3.835269e-02  3.512286e-02 -2.369899e-02 
 2.500000e+04  7.975897e+02 -3.849676e-02  3.524498e-02 -2.379149e-02 
 2.505000e+04  8.091638e+02 -3.863943e-02  3.536639e-02 -2.388313e-02 
 2.510000e+04  8.207379e+02 -3.877997e-02  3.548675e-02 -2.397450e-02 
 2.515000e+04  8.323119e+02 -3.891936e-02  3.560571e-02 -2.406561e-02 
 2.520000e+04  8.438860e+02 -3.905857e-02  3.572339e-02 -2.415584e-02 
 2.525000e+04  8.554601e+02 -3.919684e-02  3.584064e-02 -2.424466e-02 
 2.530000e+04  8.670342e+02 -3.933431e-02  3.595756e-02 -2.433363e-02 
 2.535000e+04  8.786082e+02 -3.947115e-02  3.607395e-02 -2.442236e-02 
 2.540000e+04  8.901823e+02 -3.960791e-02  3.618959e-02 -2.451079e-02 
 2.545000e+04  9.017564e+02 -3.974388e-02  3.630432e-02 -2.459856e-02 
 2.550000e+04  9.133304e+02 -3.987783e-02  3.641848e-02 -2.468587e-02 
 2.555000e+04  9.249045e+02 -4.001068e-02  3.653119e-02 -2.477218e-02 
 2.560000e+04  9.364786e+02 -4.014259e-02  3.664255e-02 -2.485792e-02 
 2.565000e+04  9.480527e+02 -4.027451e-02  3.675326e-02 -2.494260e-02 
 2.570000e+04  9.596267e+02 -4.040566e-02  3.686385e-02 -2.502648e-02 
 2.575000e+04  9.712008e+02 -4.053652e-02  3.697383e-02 -2.511014e-02 
 2.580000e+04  9.827749e+02 -4.066732e-02  3.708364e-02 -2.519371e-02 
 2.585000e+04  9.943490e+02 -4.079618e-02  3.719385e-02 -2.527775e-02 
 2.590000e+04  1.005923e+03 -4.092452e-02  3.730460e-02 -2.536164e-02 
 2.595000e+04  1.017497e+03 -4.105172e-02  3.741458e-02 -2.544512e-02 
 2.600000e+04  1.029071e+03 -4.117795e-02  3.752370e-02 -2.552734e-02 
 2.605000e+04  1.040645e+03 -4.130334e-02  3.763237e-02 -2.560802e-02 
 2.610000e+04  1.052219e+03 -4.142770e-02  3.774066e-02 -2.568868e-02 
 2.615000e+04  1.063793e+03 -4.155116e-02  3.784866e-02 -2.576947e-02 
 2.620000e+04  1.075367e+03 -4.167415e-02  3.795644e-02 -2.584982e-02 
 2.625000e+04  1.086942e+03 -4.179707e-02  3.806430e-02 -2.593011e-02 
 2.630000e+04  1.098516e+03 -4.192003e-02  3.817164e-02 -2.600996e-02 
 2.635000e+04  1.110090e+03 -4.204198e-02  3.827829e-02 -2.608980e-02 
 2.640000e+04  1.121664e+03 -4.216323e-02  3.838388e-02 -2.616948e-02 
 2.645000e+04  1.133238e+03 -4.228392e-02  3.848902e-02 -2.624868e-02 
 2.650000e+04  1.144812e+03 -4.240420e-02  3.859342e-02 -2.632689e-02 
 2.655000e+04  1.156386e+03 -4.252432e-02  3.869747e-02 -2.640448e-02 
 2.660000e+04  1.167960e+03 -4.264329e-02  3.880100e-02 -2.648131e-02 
 2.665000e+04  1.179534e+03 -4.276190e-02  3.890298e-02 -2.655813e-02 
 2.670000e+04  1.191108e+03 -4.288026e-02  3.900416e-02 -2.663542e-02 
 2.675000e+04  1.202682e+03 -4.299780e-02  3.910487e-02 -2.671228e-02 
 2.680000e+04  1.214256e+03 -4.311505e-02  3.920493e-02 -2.678863e-02 
 2.685000e+04  1.225830e+03 -4.323224e-02  3.930441e-02 -2.686450e-02 
 2.690000e+04  1.237405e+03 -4.334850e-02  3.940313e-02 -2.694038e-02 
 2.695000e+04  1.248979e+03 -4.346401e-02  3.950184e-02 -2.701582e-02 
 2.700000e+04  1.260553e+03 -4.357881e-02  3.960058e-02 -2.709088e-02 
 2.705000e+04  1.272127e+03 -4.369330e-02  3.969982e-02 -2.716564e-02 
 2.710000e+04  1.283701e+03 -4.380754e-02  3.979857e-02 -2.723998e-02 
 2.715000e+04  1.295275e+03 -4.392095e-02  3.989637e-02 -2.731404e-02 
 2.720000e+04  1.306849e+03 -4.403328e-02  3.999384e-02 -2.738808e-02 
 2.725000e+04  1.318423e+03 -4.414522e-02  4.009116e-02 -2.746214e-02 
 2.730000e+04  1.329997e+03 -4.425599e-02  4.018876e-02 -2.753594e-02 
 2.735000e+04  1.341571e+03 -4.436577e-02  4.028546e-02 -2.760949e-02 
 2.740000e+04  1.353145e+03 -4.447606e-02  4.038174e-02 -2.768250e-02 
 2.745000e+04  1.364719e+03 -4.458711e-02  4.047744e-02 -2.775519e-02 
 2.750000e+04  1.376293e+03 -4.469757e-02  4.057240e-02 -2.782760e-02 
 2.755000e+04  1.387867e+03 -4.480759e-02  4.066771e-02 -2.789976e-02 
 2.760000e+04  1.399442e+03 -4.491752e-02  4.076272e-02 -2.797203e-02 
 2.765000e+04  1.411016e+03 -4.502713e-02  4.085653e-02 -2.804407e-02 
 2.770000e+04  1.422590e+03 -4.513588e-02  4.094980e-02 -2.811583e-02 
 2.775000e+04  1.434164e+03 -4.524459e-02  4.104269e-02 -2.818774e-02 
 2.780000e+04  1.445738e+03 -4.535286e-02  4.113510e-02 -2.825940e-02 
 2.785000e+04  1.457312e+03 -4.546033e-02  4.122694e-02 -2.833082e-02 
 2.790000e+04  1.468886e+03 -4.556779e-02  4.131845e-02 -2.840203e-02 
 2.795000e+04  1.480460e+03 -4.567570e-02  4.141011e-02 -2.847319e-02 
 2.800000e+04  1.492034e+03 -4.578365e-02  4.150216e-02 -2.854377e-02 
 2.805000e+04  1.503608e+03 -4.589075e-02  4.159410e-02 -2.861393e-02 
 2.810000e+04  1.515182e+03 -4.599687e-02  4.168592e-02 -2.868398e-02 
 2.815000e+04  1.526756e+03 -4.610178e-02  4.177735e-02 -2.875416e-02 
 2.820000e+04  1.538330e+03 -4.620578e-02  4.186821e-02 -2.882398e-02 
 2.825000e+04  1.549905e+03 -4.630970e-02  4.195816e-02 -2.889358e-02 
 2.830000e+04  1.561479e+03 -4.641334e-02  4.204721e-02 -2.896284e-02 
 2.835000e+04  1.573053e+03 -4.651679e-02  4.213640e-02 -2.903218e-02 
 2.840000e+04  1.584627e+03 -4.661966e-02  4.222535e-02 -2.910131e-02 
 2.845000e+04  1.596201e+03 -4.672158e-02  4.231447e-02 -2.917015e-02 
 2.850000e+04  1.607775e+03 -4.682335e-02  4.240406e-02 -2.923866e-02 
 2.855000e+04  1.619349e+03 -4.692552e-02  4.249389e-02 -2.930674e-02 
 2.860000e+04  1.630923e+03 -4.702781e-02  4.258345e-02 -2.937480e-02 
 2.865000e+04  1.642497e+03 -4.713020e-02  4.267227e-02 -2.944294e-02 
 2.870000e+04  1.654071e+03 -4.723258e-02  4.275986e-02 -2.951133e-02 
 2.875000e+04  1.665645e+03 -4.733427e-02  4.284672e-02 -2.957951e-02 
 2.880000e+04  1.677219e+03 -4.743526e-02  4.293298e-02 -2.964742e-02 
 2.885000e+04  1.688793e+03 -4.753549e-02  4.301942e-02 -2.971522e-02 
 2.890000e+04  1.700367e+03 -4.763599e-02  4.310596e-02 -2.978289e-02 
 2.895000e+04  1.711942e+03 -4.773694e-02  4.319241e-02 -2.984994e-02 
 2.900000e+04  1.723516e+03 -4.783785e-02  4.327895e-02 -2.991661e-02 
 2.905000e+04  1.735090e+03 -4.793833e-02  4.336575e-02 -2.998333e-02 
 2.910000e+04  1.746664e+03 -4.803775e-02  4.345250e-02 -3.005031e-02 
 2.915000e+04  1.758238e+03 -4.813661e-02  4.353912e-02 -3.011746e-02 
 2.920000e+04  1.769812e+03 -4.823524e-02  4.362534e-02 -3.018451e-02 
 2.925000e+04  1.781386e+03 -4.833376e-02  4.371113e-02 -3.025115e-02 
 2.930000e+04  1.792960e+03 -4.843213e-02  4.379680e-02 -3.031773e-02 
 2.935000e+04  1.804534e+03 -4.853024e-02  4.388219e-02 -3.038411e-02 
 2.940000e+04  1.816108e+03 -4.862769e-02  4.396718e-02 -3.045005e-02 
 2.945000e+04  1.827682e+03 -4.872493e-02  4.405134e-02 -3.051581e-02 
 2.950000e+04  1.839256e+03 -4.882215e-02  4.413505e-02 -3.058148e-02 
 2.955000e+04  1.850830e+03 -4.891954e-02  4.421860e-02 -3.064704e-02 
 2.960000e+04  1.862405e+03 -4.901674e-02  4.430222e-02 -3.071255e-02 
 2.965000e+04  1.873979e+03 -4.911375e-02  4.438567e-02 -3.077819e-02 
 2.970000e+04  1.885553e+03 -4.921075e-02  4.446930e-02 -3.084371e-02 
 2.975000e+04  1.897127e+03 -4.930790e-02  4.455277e-02 -3.090897e-02 
 2.980000e+04  1.908701e+03 -4.940518e-02  4.463607e-02 -3.097407e-02 
 2.985000e+04  1.920275e+03 -4.950226e-02  4.471920e-02 -3.103920e-02 
 2.990000e+04  1.931849e+03 -4.959883e-02  4.480227e-02 -3.110433e-02 
 2.995000e+04  1.943423e+03 -4.969506e-02  4.488522e-02 -3.116938e-02 
 3.000000e+04  1.954997e+03 -4.979091e-02  4.496802e-02 -3.123422e-02 
 3.005000e+04  1.966571e+03 -4.988614e-02  4.505056e-02 -3.129876e-02 
 3.010000e+04  1.978145e+03 -4.998131e-02  4.513245e-02 -3.136309e-02 
 3.015000e+04  1.989719e+03 -5.007644e-02  4.521402e-02 -3.142721e-02 
 3.020000e+04  2.001293e+03 -5.017119e-02  4.529557e-02 -3.149116e-02 
 3.025000e+04  2.012867e+03 -5.026489e-02  4.537727e-02 -3.155520e-02 
 3.030000e+04  2.024442e+03 -5.035864e-02  4.545920e-02 -3.161949e-02 
 3.035000e+04  2.036016e+03 -5.045270e-02  4.554125e-02 -3.168365e-02 
 3.040000e+04  2.047590e+03 -5.054679e-02  4.562323e-02 -3.174740e-02 
 3.045000e+04  2.059164e+03 -5.064012e-02  4.570520e-02 -3.181104e-02 
 3.050000e+04  2.070738e+03 -5.073284e-02  4.578716e-02 -3.187464e-02 
 3.055000e+04  2.082312e+03 -5.082543e-02  4.586866e-02 -3.193826e-02 
 3.060000e+04  2.093886e+03 -5.091782e-02  4.594976e-02 -3.200163e-02 
 3.065000e+04  2.105460e+03 -5.101043e-02  4.603056e-02 -3.206474e-02 
 3.070000e+04  2.117034e+03 -5.110321e-02  4.611133e-02 -3.212793e-02 
 3.075000e+04  2.128608e+03 -5.119591e-02  4.619181e-02 -3.219105e-02 
 3.080000e+04  2.140182e+03 -5.128853e-02  4.627196e-02 -3.225402e-02 
 3.085000e+04  2.151756e+03 -5.138056e-02  4.635186e-02 -3.231706e-02 
 3.090000e+04  2.163330e+03 -5.147244e-02  4.643110e-02 -3.237998e-02 
 3.095000e+04  2.174905e+03 -5.156426e-02  4.651027e-02 -3.244246e-02 
 3.100000e+04  2.186479e+03 -5.165608e-02  4.658957e-02 -3.250473e-02 
 3.105000e+04  2.198053e+03 -5.174801e-02  4.666872e-02 -3.256696e-02 
 3.110000e+04  2.209627e+03 -5.183999e-02  4.674733e-02 -3.262926e-02 
 3.115000e+04  2.221201e+03 -5.193190e-02  4.682572e-02 -3.269175e-02 
 3.120000e+04  2.232775e+03 -5.202343e-02  4.690389e-02 -3.275437e-02 
 3.125000e+04  2.244349e+03 -5.211426e-02  4.698206e-02 -3.281680e-02 
 3.130000e+04  2.255923e+03 -5.220475e-02  4.706041e-02 -3.287873e-02 
 3.135000e+04  2.267497e+03 -5.229494e-02  4.713915e-02 -3.294050e-02 
 3.140000e+04  2.279071e+03 -5.238400e-02  4.721799e-02 -3.300218e-02 
 3.145000e+04  2.290645e+03 -5.247295e-02  4.729664e-02 -3.306376e-02 
 3.150000e+04  2.302219e+03 -5.256208e-02  4.737528e-02 -3.312538e-02 
 3.155000e+04  2.313793e+03 -5.265139e-02  4.745352e-02 -3.318711e-02 
 3.160000e+04  2.325367e+03 -5.274045e-02  4.753188e-02 -3.324847e-02 
 3.165000e+04  2.336942e+03 -5.282939e-02  4.761034e-02 -3.330984e-02 
 3.170000e+04  2.348516e+03 -5.291834e-02  4.768860e-02 -3.337119e-02 
 3.175000e+04  2.360090e+03 -5.300710e-02  4.776667e-02 -3.343258e-02 
 3.180000e+04  2.371664e+03 -5.309582e-02  4.784457e-02 -3.349391e-02 
 3.185000e+04  2.383238e+03 -5.318451e-02  4.792235e-02 -3.355501e-02 
 3.190000e+04  2.394812e+03 -5.327329e-02  4.800005e-02 -3.361585e-02 
 3.195000e+04  2.406386e+03 -5.336187e-02  4.807747e-02 -3.367652e-02 
 3.200000e+04  2.417960e+03 -5.345029e-02  4.815473e-02 -3.373713e-02 
 3.205000e+04  2.429534e+03 -5.353881e-02  4.823159e-02 -3.379777e-02 
 3.210000e+04  2.441108e+03 -5.362741e-02  4.830830e-02 -3.385844e-02 
 3.215000e+04  2.452682e+03 -5.371603e-02  4.838488e-02 -3.391910e-02 
 3.220000e+04  2.464256e+03 -5.380474e-02  4.846153e-02 -3.397968e-02 
 3.225000e+04  2.475830e+03 -5.389334e-02  4.853817e-02 -3.404027e-02 
 3.230000e+04  2.487405e+03 -5.398157e-02  4.861462e-02 -3.410073e-02 
 3.235000e+04  2.498979e+03 -5.406895e-02  4.869109e-02 -3.416103e-02 
 3.240000e+04  2.510553e+03 -5.415582e-02  4.876767e-02 -3.422133e-02 
 3.245000e+04  2.522127e+03 -5.424264e-02  4.884437e-02 -3.428139e-02 
 3.250000e+04  2.533701e+03 -5.432961e-02  4.892099e-02 -3.434126e-02 
 3.255000e+04  2.545275e+03 -5.441678e-02  4.899730e-02 -3.440103e-02 
 3.260000e+04  2.556849e+03 -5.450391e-02  4.907357e-02 -3.446084e-02 
 3.265000e+04  2.568423e+03 -5.459079e-02  4.914961e-02 -3.452073e-02 
 3.270000e+04  2.579997e+03 -5.467695e-02  4.922528e-02 -3.458055e-02 
 3.275000e+04  2.591571e+03 -5.476269e-02  4.930095e-02 -3.464034e-02 
 3.280000e+04  2.603145e+03 -5.484812e-02  4.937646e-02 -3.470000e-02 
 3.285000e+04  2.614719e+03 -5.493318e-02  4.945183e-02 -3.475942e-02 
 3.290000e+04  2.626293e+03 -5.501842e-02  4.952721e-02 -3.481878e-02 
 3.295000e+04  2.637867e+03 -5.510396e-02  4.960270e-02 -3.487794e-02 
 3.300000e+04  2.649442e+03 -5.518964e-02  4.967822e-02 -3.493703e-02 
 3.305000e+04  2.661016e+03 -5.527523e-02  4.975373e-02 -3.499613e-02 
 3.310000e+04  2.672590e+03 -5.536069e-02  4.982911e-02 -3.505530e-02 
 3.315000e+04  2.684164e+03 -5.544600e-02  4.990401e-02 -3.511454e-02 
 3.320000e+04  2.695738e+03 -5.553107e-02  4.997858e-02 -3.517373e-02 
 3.325000e+04  2.707312e+03 -5.561594e-02  5.005294e-02 -3.523289e-02 
 3.330000e+04  2.718886e+03 -5.570060e-02  5.012738e-02 -3.529181e-02 
 3.335000e+04  2.730460e+03 -5.578517e-02  5.020135e-02 -3.535041e-02 
 3.340000e+04  2.742034e+03 -5.586958e-02  5.027537e-02 -3.540878e-02 
 3.345000e+04  2.753608e+03 -5.595388e-02  5.034948e-02 -3.546717e-02 
 3.350000e+04  2.765182e+03 -5.603835e-02  5.042331e-02 -3.552563e-02 
 3.355000e+04  2.776756e+03 -5.612263e-02  5.049681e-02 -3.558418e-02 
 3.360000e+04  2.788330e+03 -5.620643e-02  5.057032e-02 -3.564264e-02 
 3.365000e+04  2.799905e+03 -5.629006e-02  5.064393e-02 -3.570086e-02 
 3.370000e+04  2.811479e+03 -5.637368e-02  5.071766e-02 -3.575904e-02 
 3.375000e+04  2.823053e+03 -5.645717e-02  5.079133e-02 -3.581717e-02 
 3.380000e+04  2.834627e+03 -5.654054e-02  5.086436e-02 -3.587521e-02 
 3.385000e+04  2.846201e+03 -5.662394e-02  5.093743e-02 -3.593318e-02 
 3.390000e+04  2.857775e+03 -5.670725e-02  5.101060e-02 -3.599114e-02 
 3.395000e+04  2.869349e+03 -5.679058e-02  5.108380e-02 -3.604898e-02 
 3.400000e+04  2.880923e+03 -5.687395e-02  5.115692e-02 -3.610683e-02 
 3.405000e+04  2.892497e+03 -5.695731e-02  5.123000e-02 -3.616457e-02 
 3.410000e+04  2.904071e+03 -5.704043e-02  5.130295e-02 -3.622211e-02 
 3.415000e+04  2.915645e+03 -5.712321e-02  5.137583e-02 -3.627966e-02 
 3.420000e+04  2.927219e+03 -5.720581e-02  5.144880e-02 -3.633730e-02 
 3.425000e+04  2.938793e+03 -5.728859e-02  5.152144e-02 -3.639497e-02 
 3.430000e+04  2.950367e+03 -5.737119e-02  5.159358e-02 -3.645255e-02 
 3.435000e+04  2.961942e+03 -5.745372e-02  5.166567e-02 -3.650999e-02 
 3.440000e+04  2.973516e+03 -5.753635e-02  5.173783e-02 -3.656737e-02 
 3.445000e+04  2.985090e+03 -5.761907e-02  5.181013e-02 -3.662465e-02 
 3.450000e+04  2.996664e+03 -5.770175e-02  5.188247e-02 -3.668186e-02 
 3.455000e+04  3.008238e+03 -5.778445e-02  5.195440e-02 -3.673907e-02 
 3.460000e+04  3.019812e+03 -5.786690e-02  5.202613e-02 -3.679619e-02 
 3.465000e+04  3.031386e+03 -5.794915e-02  5.209794e-02 -3.685309e-02 
 3.470000e+04  3.042960e+03 -5.803141e-02  5.216967e-02 -3.691013e-02 
 3.475000e+04  3.054534e+03 -5.811358e-02  5.224154e-02 -3.696717e-02 
 3.480000e+04  3.066108e+03 -5.819579e-02  5.231343e-02 -3.702420e-02 
 3.485000e+04  3.077682e+03 -5.827808e-02  5.238537e-02 -3.708120e-02 
 3.490000e+04  3.089256e+03 -5.836024e-02  5.245738e-02 -3.713816e-02 
 3.495000e+04  3.100830e+03 -5.844213e-02  5.252946e-02 -3.719496e-02 
 3.500000e+04  3.112405e+03 -5.852369e-02  5.260156e-02 -3.725163e-02 
 3.505000e+04  3.123979e+03 -5.860501e-02  5.267361e-02 -3.730815e-02 
 3.510000e+04  3.135553e+03 -5.868624e-02  5.274561e-02 -3.736459e-02 
 3.515000e+04  3.147127e+03 -5.876734e-02  5.281759e-02 -3.742106e-02 
 3.520000e+04  3.158701e+03 -5.884846e-02  5.288948e-02 -3.747757e-02 
 3.525000e+04  3.170275e+03 -5.892951e-02  5.296122e-02 -3.753402e-02 
 3.530000e+04  3.181849e+03 -5.901043e-02  5.303288e-02 -3.759042e-02 
 3.535000e+04  3.193423e+03 -5.909132e-02  5.310447e-02 -3.764676e-02 
 3.540000e+04  3.204997e+03 -5.917209e-02  5.317596e-02 -3.770289e-02 
 3.545000e+04  3.216571e+03 -5.925279e-02  5.324734e-02 -3.775884e-02 
 3.550000e+04  3.228145e+03 -5.933334e-02  5.331855e-02 -3.781481e-02 
 3.555000e+04  3.239719e+03 -5.941369e-02  5.338977e-02 -3.787067e-02 
 3.560000e+04  3.251293e+03 -5.949349e-02  5.346088e-02 -3.792654e-02 
 3.565000e+04  3.262867e+03 -5.957324e-02  5.353196e-02 -3.798241e-02 
 3.570000e+04  3.274442e+03 -5.965322e-02  5.360286e-02 -3.803829e-02 
 3.575000e+04  3.286016e+03 -5.973343e-02  5.367362e-02 -3.809417e-02 
 3.580000e+04  3.297590e+03 -5.981368e-02  5.374433e-02 -3.815002e-02 
 3.585000e+04  3.309164e+03 -5.989378e-02  5.381498e-02 -3.820575e-02 
 3.590000e+04  3.320738e+03 -5.997361e-02  5.388560e-02 -3.826138e-02 
 3.595000e+04  3.332312e+03 -6.005330e-02  5.395563e-02 -3.831692e-02 
 3.600000e+04  3.343886e+03 -6.013292e-02  5.402549e-02 -3.837225e-02 
 3.605000e+04  3.355460e+03 -6.021250e-02  5.409534e-02 -3.842759e-02 
 3.610000e+04  3.367034e+03 -6.029203e-02  5.416530e-02 -3.848295e-02 
 3.615000e+04  3.378608e+03 -6.037105e-02  5.423514e-02 -3.853825e-02 
 3.620000e+04  3.390182e+03 -6.044992e-02  5.430475e-02 -3.859356e-02 
 3.625000e+04  3.401756e+03 -6.052887e-02  5.437438e-02 -3.864882e-02 
 3.630000e+04  3.413330e+03 -6.060792e-02  5.444397e-02 -3.870403e-02 
 3.635000e+04  3.424905e+03 -6.068705e-02  5.451366e-02 -3.875922e-02 
 3.640000e+04  3.436479e+03 -6.076601e-02  5.458352e-02 -3.881438e-02 
 3.645000e+04  3.448053e+03 -6.084428e-02  5.465317e-02 -3.886950e-02 
 3.650000e+04  3.459627e+03 -6.092221e-02  5.472246e-02 -3.892452e-02 
 3.655000e+04  3.471201e+03 -6.100022e-02  5.479156e-02 -3.897943e-02 
 3.660000e+04  3.482775e+03 -6.107845e-02  5.486067e-02 -3.903433e-02 
 3.665000e+04  3.494349e+03 -6.115685e-02  5.492992e-02 -3.908922e-02 
 3.670000e+04  3.505923e+03 -6.123518e-02  5.499923e-02 -3.914407e-02 
 3.675000e+04  3.517497e+03 -6.131341e-02  5.506845e-02 -3.919886e-02 
 3.680000e+04  3.529071e+03 -6.139154e-02  5.513749e-02 -3.925357e-02 
 3.685000e+04  3.540645e+03 -6.146970e-02  5.520620e-02 -3.930817e-02 
 3.690000e+04  3.552219e+03 -6.154792e-02  5.527462e-02 -3.936275e-02 
 3.695000e+04  3.563793e+03 -6.162609e-02  5.534301e-02 -3.941736e-02 
 3.700000e+04  3.575367e+03 -6.170413e-02  5.541148e-02 -3.947199e-02 
 3.705000e+04  3.586942e+03 -6.178205e-02  5.547995e-02 -3.952655e-02 
 3.710000e+04  3.598516e+03 -6.185985e-02  5.554829e-02 -3.958094e-02 
 3.715000e+04  3.610090e+03 -6.193757e-02  5.561665e-02 -3.963525e-02 
 3.720000e+04  3.621664e+03 -6.201516e-02  5.568505e-02 -3.968959e-02 
 3.725000e+04  3.633238e+03 -6.209255e-02  5.575359e-02 -3.974395e-02 
 3.730000e+04  3.644812e+03 -6.216984e-02  5.582219e-02 -3.979832e-02 
 3.735000e+04  3.656386e+03 -6.224707e-02  5.589077e-02 -3.985263e-02 
 3.740000e+04  3.667960e+03 -6.232398e-02  5.595939e-02 -3.990689e-02 
 3.745000e+04  3.679534e+03 -6.240075e-02  5.602803e-02 -3.996110e-02 
 3.750000e+04  3.691108e+03 -6.247708e-02  5.609671e-02 -4.001531e-02 
 3.755000e+04  3.702682e+03 -6.255324e-02  5.616539e-02 -4.006940e-02 
 3.760000e+04  3.714256e+03 -6.262950e-02  5.623399e-02 -4.012336e-02 
 3.765000e+04  3.725830e+03 -6.270592e-02  5.630252e-02 -4.017738e-02 
 3.770000e+04  3.737405e+03 -6.278248e-02  5.637105e-02 -4.023139e-02 
 3.775000e+04  3.748979e+03 -6.285915e-02  5.643938e-02 -4.028542e-02 
 3.780000e+04  3.760553e+03 -6.293588e-02  5.650746e-02 -4.033944e-02 
 3.785000e+04  3.772127e+03 -6.301259e-02  5.657534e-02 -4.039336e-02 
 3.790000e+04  3.783701e+03 -6.308934e-02  5.664263e-02 -4.044727e-02 
 3.795000e+04  3.795275e+03 -6.316616e-02  5.670972e-02 -4.050117e-02 
 3.800000e+04  3.806849e+03 -6.324303e-02  5.677654e-02 -4.055489e-02 
 3.805000e+04  3.818423e+03 -6.332000e-02  5.684277e-02 -4.060852e-02 
 3.810000e+04  3.829997e+03 -6.339696e-02  5.690890e-02 -4.066209e-02 
 3.815000e+04  3.841571e+03 -6.347386e-02  5.697488e-02 -4.071564e-02 
 3.820000e+04  3.853145e+03 -6.355057e-02  5.704086e-02 -4.076907e-02 
 3.825000e+04  3.864719e+03 -6.362730e-02  5.710711e-02 -4.082253e-02 
 3.830000e+04  3.876293e+03 -6.370400e-02  5.717369e-02 -4.087613e-02 
 3.835000e+04  3.887867e+03 -6.378041e-02  5.724048e-02 -4.092970e-02 
 3.840000e+04  3.899442e+03 -6.385644e-02  5.730750e-02 -4.098325e-02 
 3.845000e+04  3.911016e+03 -6.393235e-02  5.737474e-02 -4.103679e-02 
 3.850000e+04  3.922590e+03 -6.400815e-02  5.744198e-02 -4.109022e-02 
 3.855000e+04  3.934164e+03 -6.408387e-02  5.750923e-02 -4.114354e-02 
 3.860000e+04  3.945738e+03 -6.415950e-02  5.757639e-02 -4.119682e-02 
 3.865000e+04  3.957312e+03 -6.423513e-02  5.764350e-02 -4.125008e-02 
 3.870000e+04  3.968886e+03 -6.431071e-02  5.771046e-02 -4.130336e-02 
 3.875000e+04  3.980460e+03 -6.438633e-02  5.777719e-02 -4.135663e-02 
 3.880000e+04  3.992034e+03 -6.446198e-02  5.784382e-02 -4.140987e-02 
 3.885000e+04  4.003608e+03 -6.453716e-02  5.791039e-02 -4.146305e-02 
 3.890000e+04  4.015182e+03 -6.461220e-02  5.797674e-02 -4.151604e-02 
 3.895000e+04  4.026756e+03 -6.468724e-02  5.804296e-02 -4.156894e-02 
 3.900000e+04  4.038330e+03 -6.476231e-02  5.810915e-02 -4.162182e-02 
 3.905000e+04  4.049905e+03 -6.483763e-02  5.817525e-02 -4.167460e-02 
 3.910000e+04  4.061479e+03 -6.491320e-02  5.824120e-02 -4.172741e-02 
 3.915000e+04  4.073053e+03 -6.498865e-02  5.830700e-02 -4.178027e-02 
 3.920000e+04  4.084627e+03 -6.506403e-02  5.837259e-02 -4.183311e-02 
 3.925000e+04  4.096201e+03 -6.513928e-02  5.843806e-02 -4.188588e-02 
 3.930000e+04  4.107775e+03 -6.521441e-02  5.850349e-02 -4.193860e-02 
 3.935000e+04  4.119349e+03 -6.528950e-02  5.856894e-02 -4.199126e-02 
 3.940000e+04  4.130923e+03 -6.536449e-02  5.863445e-02 -4.204385e-02 
 3.945000e+04  4.142497e+03 -6.543944e-02  5.870006e-02 -4.209643e-02 
 3.950000e+04  4.154071e+03 -6.551426e-02  5.876571e-02 -4.214901e-02 
 3.955000e+04  4.165645e+03 -6.558896e-02  5.883135e-02 -4.220152e-02 
 3.960000e+04  4.177219e+03 -6.566345e-02  5.889698e-02 -4.225394e-02 
 3.965000e+04  4.188793e+03 -6.573786e-02  5.896249e-02 -4.230631e-02 
 3.970000e+04  4.200367e+03 -6.581212e-02  5.902799e-02 -4.235872e-02 
 3.975000e+04  4.211942e+03 -6.588635e-02  5.909348e-02 -4.241118e-02 
 3.980000e+04  4.223516e+03 -6.596053e-02  5.915896e-02 -4.246361e-02 
 3.985000e+04  4.235090e+03 -6.603471e-02  5.922443e-02 -4.251599e-02 
 3.990000e+04  4.246664e+03 -6.610891e-02  5.928988e-02 -4.256829e-02 
 3.995000e+04  4.258238e+03 -6.618309e-02  5.935522e-02 -4.262046e-02 
 4.000000e+04  4.269812e+03 -6.625728e-02  5.942041e-02 -4.267251e-02 
 4.005000e+04  4.281386e+03 -6.633152e-02  5.948539e-02 -4.272454e-02 
 4.010000e+04  4.292960e+03 -6.640579e-02  5.955019e-02 -4.277656e-02 
 4.015000e+04  4.304534e+03 -6.647994e-02  5.961493e-02 -4.282836e-02 
 4.020000e+04  4.316108e+03 -6.655390e-02  5.967954e-02 -4.288012e-02 
 4.025000e+04  4.327682e+03 -6.662762e-02  5.974399e-02 -4.293185e-02 
 4.030000e+04  4.339256e+03 -6.670143e-02  5.980843e-02 -4.298355e-02 
 4.035000e+04  4.350830e+03 -6.677542e-02  5.987299e-02 -4.303532e-02 
 4.040000e+04  4.362405e+03 -6.684942e-02  5.993768e-02 -4.308714e-02 
 4.045000e+04  4.373979e+03 -6.692316e-02  6.000251e-02 -4.313893e-02 
 4.050000e+04  4.385553e+03 -6.699679e-02  6.006736e-02 -4.319068e-02 
 4.055000e+04  4.397127e+03 -6.707033e-02  6.013222e-02 -4.324240e-02 
 4.060000e+04  4.408701e+03 -6.714377e-02  6.019706e-02 -4.329399e-02 
 4.065000e+04  4.420275e+03 -6.721712e-02  6.026184e-02 -4.334536e-02 
 4.070000e+04  4.431849e+03 -6.729032e-02  6.032672e-02 -4.339677e-02 
 4.075000e+04  4.443423e+03 -6.736332e-02  6.039163e-02 -4.344818e-02 
 4.080000e+04  4.454997e+03 -6.743625e-02  6.045647e-02 -4.349958e-02 
 4.085000e+04  4.466571e+03 -6.750902e-02  6.052127e-02 -4.355106e-02 
 4.090000e+04  4.478145e+03 -6.758184e-02  6.058599e-02 -4.360258e-02 
 4.095000e+04  4.489719e+03 -6.765473e-02  6.065066e-02 -4.365391e-02 
 4.100000e+04  4.501293e+03 -6.772762e-02  6.071540e-02 -4.370512e-02 
 4.105000e+04  4.512867e+03 -6.780022e-02  6.078023e-02 -4.375630e-02 
 4.110000e+04  4.524442e+03 -6.787269e-02  6.084507e-02 -4.380747e-02 
 4.115000e+04  4.536016e+03 -6.794532e-02  6.090985e-02 -4.385863e-02 
 4.120000e+04  4.547590e+03 -6.801815e-02  6.097452e-02 -4.390987e-02 
 4.125000e+04  4.559164e+03 -6.809110e-02  6.103918e-02 -4.396113e-02 
 4.130000e+04  4.570738e+03 -6.816398e-02  6.110376e-02 -4.401237e-02 
 4.135000e+04  4.582312e+03 -6.823682e-02  6.116827e-02 -4.406359e-02 
 4.140000e+04  4.593886e+03 -6.830969e-02  6.123248e-02 -4.411479e-02 
 4.145000e+04  4.605460e+03 -6.838256e-02  6.129652e-02 -4.416581e-02 
 4.150000e+04  4.617034e+03 -6.845531e-02  6.136059e-02 -4.421683e-02 
 4.155000e+04  4.628608e+03 -6.852802e-02  6.142491e-02 -4.426794e-02 
 4.160000e+04  4.640182e+03 -6.860069e-02  6.148940e-02 -4.431904e-02 
 4.165000e+04  4.651756e+03 -6.867323e-02  6.155386e-02 -4.437010e-02 
 4.170000e+04  4.663330e+03 -6.874577e-02  6.161800e-02 -4.442117e-02 
 4.175000e+04  4.674905e+03 -6.881821e-02  6.168210e-02 -4.447223e-02 
 4.180000e+04  4.686479e+03 -6.889043e-02  6.174627e-02 -4.452305e-02 
 4.185000e+04  4.698053e+03 -6.896231e-02  6.181057e-02 -4.457383e-02 
 4.190000e+04  4.709627e+03 -6.903406e-02  6.187502e-02 -4.462466e-02 
 4.195000e+04  4.721201e+03 -6.910580e-02  6.193942e-02 -4.467546e-02 
 4.200000e+04  4.732775e+03 -6.917760e-02  6.200381e-02 -4.472625e-02 
 4.205000e+04  4.744349e+03 -6.924946e-02  6.206819e-02 -4.477710e-02 
 4.210000e+04  4.755923e+03 -6.932136e-02  6.213262e-02 -4.482796e-02 
 4.215000e+04  4.767497e+03 -6.939320e-02  6.219695e-02 -4.487880e-02 
 4.220000e+04  4.779071e+03 -6.946501e-02  6.226112e-02 -4.492960e-02 
 4.225000e+04  4.790645e+03 -6.953685e-02  6.232514e-02 -4.498038e-02 
 4.230000e+04  4.802219e+03 -6.960879e-02  6.238873e-02 -4.503112e-02 
 4.235000e+04  4.813793e+03 -6.968082e-02  6.245205e-02 -4.508184e-02 
 4.240000e+04  4.825367e+03 -6.975290e-02  6.251533e-02 -4.513247e-02 
 4.245000e+04  4.836942e+03 -6.982500e-02  6.257868e-02 -4.518304e-02 
 4.250000e+04  4.848516e+03 -6.989716e-02  6.264210e-02 -4.523360e-02 
 4.255000e+04  4.860090e+03 -6.996941e-02  6.270546e-02 -4.528416e-02 
 4.260000e+04  4.871664e+03 -7.004163e-02  6.276871e-02 -4.533465e-02 
 4.265000e+04  4.883238e+03 -7.011377e-02  6.283190e-02 -4.538511e-02 
 4.270000e+04  4.894812e+03 -7.018578e-02  6.289498e-02 -4.543557e-02 
 4.275000e+04  4.906386e+03 -7.025761e-02  6.295765e-02 -4.548604e-02 
 4.280000e+04  4.917960e+03 -7.032929e-02  6.302016e-02 -4.553630e-02 
 4.285000e+04  4.929534e+03 -7.040096e-02  6.308269e-02 -4.558657e-02 
 4.290000e+04  4.941108e+03 -7.047264e-02  6.314527e-02 -4.563684e-02 
 4.295000e+04  4.952682e+03 -7.054414e-02  6.320799e-02 -4.568699e-02 
 4.300000e+04  4.964256e+03 -7.061556e-02  6.327068e-02 -4.573717e-02 
 4.305000e+04  4.975830e+03 -7.068694e-02  6.333349e-02 -4.578741e-02 
 4.310000e+04  4.987405e+03 -7.075820e-02  6.339634e-02 -4.583752e-02 
 4.315000e+04  4.998979e+03 -7.082936e-02  6.345917e-02 -4.588751e-02 
 4.320000e+04  5.010553e+03 -7.090036e-02  6.352208e-02 -4.593752e-02 
 4.325000e+04  5.022127e+03 -7.097124e-02  6.358498e-02 -4.598743e-02 
 4.330000e+04  5.033701e+03 -7.104220e-02  6.364767e-02 -4.603725e-02 
 4.335000e+04  5.045275e+03 -7.111329e-02  6.371016e-02 -4.608716e-02 
 4.340000e+04  5.056849e+03 -7.118452e-02  6.377259e-02 -4.613705e-02 
 4.345000e+04  5.068423e+03 -7.125562e-02  6.383503e-02 -4.618685e-02 
 4.350000e+04  5.079997e+03 -7.132665e-02  6.389748e-02 -4.623654e-02 
 4.355000e+04  5.091571e+03 -7.139774e-02  6.395991e-02 -4.628629e-02 
 4.360000e+04  5.103145e+03 -7.146892e-02  6.402238e-02 -4.633610e-02 
 4.365000e+04  5.114719e+03 -7.154015e-02  6.408475e-02 -4.638582e-02 
 4.370000e+04  5.126293e+03 -7.161129e-02  6.414704e-02 -4.643543e-02 
 4.375000e+04  5.137867e+03 -7.168237e-02  6.420940e-02 -4.648506e-02 
 4.380000e+04  5.149442e+03 -7.175331e-02  6.427180e-02 -4.653465e-02 
 4.385000e+04  5.161016e+03 -7.182417e-02  6.433407e-02 -4.658418e-02 
 4.390000e+04  5.172590e+03 -7.189508e-02  6.439631e-02 -4.663375e-02 
 4.395000e+04  5.184164e+03 -7.196581e-02  6.445858e-02 -4.668333e-02 
 4.400000e+04  5.195738e+03 -7.203620e-02  6.452092e-02 -4.673277e-02 
 4.405000e+04  5.207312e+03 -7.210641e-02  6.458332e-02 -4.678217e-02 
 4.410000e+04  5.218886e+03 -7.217641e-02  6.464582e-02 -4.683164e-02 
 4.415000e+04  5.230460e+03 -7.224647e-02  6.470834e-02 -4.688105e-02 
 4.420000e+04  5.242034e+03 -7.231659e-02  6.477087e-02 -4.693048e-02 
 4.425000e+04  5.253608e+03 -7.238669e-02  6.483348e-02 -4.697990e-02 
 4.430000e+04  5.265182e+03 -7.245671e-02  6.489598e-02 -4.702927e-02 
 4.435000e+04  5.276756e+03 -7.252660e-02  6.495830e-02 -4.707858e-02 
 4.440000e+04  5.288330e+03 -7.259647e-02  6.502053e-02 -4.712787e-02 
