         Step [creep.tim... Z Displace... Z Displace... X Displace... 
------------- ------------- ------------- ------------- ------------- 
 5.250000e+03  1.276223e-07 -4.629353e-03  4.524540e-03 -2.433365e-03 
 5.300000e+03  3.886505e-06 -4.629541e-03  4.524629e-03 -2.433551e-03 
 5.350000e+03  3.294808e-05 -4.630277e-03  4.524740e-03 -2.433994e-03 
 5.400000e+03  2.182070e-04 -4.630469e-03  4.524873e-03 -2.434061e-03 
 5.450000e+03  9.495369e-04 -4.631147e-03  4.525766e-03 -2.435058e-03 
 5.500000e+03  2.240575e-03 -4.633643e-03  4.528150e-03 -2.437528e-03 
 5.550000e+03  4.338268e-03 -4.638737e-03  4.533205e-03 -2.442303e-03 
 5.600000e+03  6.563314e-03 -4.644896e-03  4.539925e-03 -2.447402e-03 
 5.650000e+03  9.529873e-03 -4.653825e-03  4.550312e-03 -2.454598e-03 
 5.700000e+03  1.318315e-02 -4.665084e-03  4.563389e-03 -2.462879e-03 
 5.750000e+03  1.714337e-02 -4.675690e-03  4.575060e-03 -2.470317e-03 
 5.800000e+03  2.110359e-02 -4.684718e-03  4.584455e-03 -2.476855e-03 
 5.850000e+03  2.506381e-02 -4.693813e-03  4.593867e-03 -2.484051e-03 
 5.900000e+03  2.902403e-02 -4.703612e-03  4.604160e-03 -2.492112e-03 
 5.950000e+03  3.298425e-02 -4.713876e-03  4.615153e-03 -2.500934e-03 
 6.000000e+03  3.728490e-02 -4.725330e-03  4.627027e-03 -2.511135e-03 
 6.050000e+03  4.251111e-02 -4.739641e-03  4.640843e-03 -2.522514e-03 
 6.100000e+03  4.781818e-02 -4.753180e-03  4.653510e-03 -2.531926e-03 
 6.150000e+03  5.312526e-02 -4.765599e-03  4.665189e-03 -2.539937e-03 
 6.200000e+03  5.843233e-02 -4.777764e-03  4.677088e-03 -2.548132e-03 
 6.250000e+03  6.373941e-02 -4.790531e-03  4.690113e-03 -2.557176e-03 
 6.300000e+03  6.904648e-02 -4.803807e-03  4.703970e-03 -2.567244e-03 
 6.350000e+03  7.478456e-02 -4.817756e-03  4.718661e-03 -2.578932e-03 
 6.400000e+03  8.186028e-02 -4.833689e-03  4.735162e-03 -2.592828e-03 
 6.450000e+03  8.932787e-02 -4.849152e-03  4.750878e-03 -2.605635e-03 
 6.500000e+03  9.679545e-02 -4.864115e-03  4.765922e-03 -2.616888e-03 
 6.550000e+03  1.042630e-01 -4.879328e-03  4.781234e-03 -2.627575e-03 
 6.600000e+03  1.117306e-01 -4.895230e-03  4.797478e-03 -2.638664e-03 
 6.650000e+03  1.191982e-01 -4.911675e-03  4.814936e-03 -2.650651e-03 
 6.700000e+03  1.266658e-01 -4.927906e-03  4.832782e-03 -2.663167e-03 
 6.750000e+03  1.350050e-01 -4.944449e-03  4.850818e-03 -2.676708e-03 
 6.800000e+03  1.442998e-01 -4.961422e-03  4.868630e-03 -2.690767e-03 
 6.850000e+03  1.538305e-01 -4.978351e-03  4.885947e-03 -2.704526e-03 
 6.900000e+03  1.633613e-01 -4.995233e-03  4.903276e-03 -2.717719e-03 
 6.950000e+03  1.728920e-01 -5.012604e-03  4.921239e-03 -2.730795e-03 
 7.000000e+03  1.824228e-01 -5.030950e-03  4.940026e-03 -2.744094e-03 
 7.050000e+03  1.920583e-01 -5.050291e-03  4.959279e-03 -2.757521e-03 
 7.100000e+03  2.022858e-01 -5.069672e-03  4.978236e-03 -2.771087e-03 
 7.150000e+03  2.132137e-01 -5.088303e-03  4.996924e-03 -2.784974e-03 
 7.200000e+03  2.242468e-01 -5.106181e-03  5.015219e-03 -2.799044e-03 
 7.250000e+03  2.352798e-01 -5.123751e-03  5.033301e-03 -2.813032e-03 
 7.300000e+03  2.463128e-01 -5.141518e-03  5.051455e-03 -2.826977e-03 
 7.350000e+03  2.584641e-01 -5.161856e-03  5.071787e-03 -2.842374e-03 
 7.400000e+03  2.718748e-01 -5.184763e-03  5.094405e-03 -2.858887e-03 
 7.450000e+03  2.852855e-01 -5.206605e-03  5.115806e-03 -2.874177e-03 
 7.500000e+03  2.991790e-01 -5.227805e-03  5.136889e-03 -2.889190e-03 
 7.550000e+03  3.132603e-01 -5.248867e-03  5.158025e-03 -2.904474e-03 
 7.600000e+03  3.273415e-01 -5.269484e-03  5.179193e-03 -2.919898e-03 
 7.650000e+03  3.414227e-01 -5.289506e-03  5.200206e-03 -2.935510e-03 
 7.700000e+03  3.561933e-01 -5.310434e-03  5.222239e-03 -2.952120e-03 
 7.750000e+03  3.724941e-01 -5.333238e-03  5.246160e-03 -2.970093e-03 
 7.800000e+03  3.887949e-01 -5.355364e-03  5.268782e-03 -2.986692e-03 
 7.850000e+03  4.050957e-01 -5.377164e-03  5.290604e-03 -3.002303e-03 
 7.900000e+03  4.213965e-01 -5.399103e-03  5.312445e-03 -3.017697e-03 
 7.950000e+03  4.376973e-01 -5.421026e-03  5.334276e-03 -3.033086e-03 
 8.000000e+03  4.539981e-01 -5.442403e-03  5.355851e-03 -3.048588e-03 
 8.050000e+03  4.708287e-01 -5.463970e-03  5.377664e-03 -3.064911e-03 
 8.100000e+03  4.894294e-01 -5.486910e-03  5.401123e-03 -3.082870e-03 
 8.150000e+03  5.082996e-01 -5.509156e-03  5.424064e-03 -3.100257e-03 
 8.200000e+03  5.271698e-01 -5.531182e-03  5.446450e-03 -3.116737e-03 
 8.250000e+03  5.460400e-01 -5.553594e-03  5.468899e-03 -3.132789e-03 
 8.300000e+03  5.649103e-01 -5.576358e-03  5.491369e-03 -3.148624e-03 
 8.350000e+03  5.837805e-01 -5.599004e-03  5.513543e-03 -3.164343e-03 
 8.400000e+03  6.040914e-01 -5.622675e-03  5.536875e-03 -3.181202e-03 
 8.450000e+03  6.248959e-01 -5.645928e-03  5.560092e-03 -3.198279e-03 
 8.500000e+03  6.457003e-01 -5.668088e-03  5.582503e-03 -3.215086e-03 
 8.550000e+03  6.665047e-01 -5.689702e-03  5.604446e-03 -3.231599e-03 
 8.600000e+03  6.887228e-01 -5.712828e-03  5.627884e-03 -3.248976e-03 
 8.650000e+03  7.116596e-01 -5.736797e-03  5.652313e-03 -3.266630e-03 
 8.700000e+03  7.345965e-01 -5.760680e-03  5.676705e-03 -3.283842e-03 
 8.750000e+03  7.587674e-01 -5.785604e-03  5.701804e-03 -3.301388e-03 
 8.800000e+03  7.840553e-01 -5.811307e-03  5.727165e-03 -3.319294e-03 
 8.850000e+03  8.093432e-01 -5.836288e-03  5.751722e-03 -3.336990e-03 
 8.900000e+03  8.346311e-01 -5.860225e-03  5.775687e-03 -3.354674e-03 
 8.950000e+03  8.599190e-01 -5.883563e-03  5.799449e-03 -3.372383e-03 
 9.000000e+03  8.856873e-01 -5.907215e-03  5.823700e-03 -3.390462e-03 
 9.050000e+03  9.122396e-01 -5.931552e-03  5.848614e-03 -3.408691e-03 
 9.100000e+03  9.399443e-01 -5.956699e-03  5.874192e-03 -3.426773e-03 
 9.150000e+03  9.701550e-01 -5.984018e-03  5.901592e-03 -3.445746e-03 
 9.200000e+03  1.000893e+00 -6.011571e-03  5.928912e-03 -3.464731e-03 
 9.250000e+03  1.031630e+00 -6.038515e-03  5.955397e-03 -3.483593e-03 
 9.300000e+03  1.062368e+00 -6.064700e-03  5.981191e-03 -3.502503e-03 
 9.350000e+03  1.093105e+00 -6.090329e-03  6.006677e-03 -3.521546e-03 
 9.400000e+03  1.123843e+00 -6.115524e-03  6.031949e-03 -3.540442e-03 
 9.450000e+03  1.154611e+00 -6.140170e-03  6.056820e-03 -3.558769e-03 
 9.500000e+03  1.188059e+00 -6.166773e-03  6.083676e-03 -3.577995e-03 
 9.550000e+03  1.223642e+00 -6.195177e-03  6.112225e-03 -3.597891e-03 
 9.600000e+03  1.259224e+00 -6.223316e-03  6.140456e-03 -3.617392e-03 
 9.650000e+03  1.294807e+00 -6.251023e-03  6.168007e-03 -3.636646e-03 
 9.700000e+03  1.331208e+00 -6.278959e-03  6.195466e-03 -3.656333e-03 
 9.750000e+03  1.368570e+00 -6.307052e-03  6.222952e-03 -3.676498e-03 
 9.800000e+03  1.405931e+00 -6.334093e-03  6.249640e-03 -3.696443e-03 
 9.850000e+03  1.443293e+00 -6.360539e-03  6.276041e-03 -3.716028e-03 
 9.900000e+03  1.480692e+00 -6.386957e-03  6.302635e-03 -3.735315e-03 
 9.950000e+03  1.519922e+00 -6.414568e-03  6.330637e-03 -3.755041e-03 
 1.000000e+04  1.559623e+00 -6.442392e-03  6.358809e-03 -3.774378e-03 
 1.005000e+04  1.602503e+00 -6.472228e-03  6.388785e-03 -3.794838e-03 
 1.010000e+04  1.645754e+00 -6.501934e-03  6.418198e-03 -3.815374e-03 
 1.015000e+04  1.689005e+00 -6.530783e-03  6.446461e-03 -3.835830e-03 
 1.020000e+04  1.732255e+00 -6.558744e-03  6.473941e-03 -3.856210e-03 
 1.025000e+04  1.776069e+00 -6.586777e-03  6.501605e-03 -3.876773e-03 
 1.030000e+04  1.821482e+00 -6.615594e-03  6.530275e-03 -3.897773e-03 
 1.035000e+04  1.866895e+00 -6.644181e-03  6.558838e-03 -3.918166e-03 
 1.040000e+04  1.915122e+00 -6.674346e-03  6.588972e-03 -3.939110e-03 
 1.045000e+04  1.965191e+00 -6.705441e-03  6.620160e-03 -3.960422e-03 
 1.050000e+04  2.015259e+00 -6.735993e-03  6.650736e-03 -3.981478e-03 
 1.055000e+04  2.065327e+00 -6.765885e-03  6.680400e-03 -4.002421e-03 
 1.060000e+04  2.117649e+00 -6.796699e-03  6.710638e-03 -4.024325e-03 
 1.065000e+04  2.170220e+00 -6.827205e-03  6.740472e-03 -4.046293e-03 
 1.070000e+04  2.222792e+00 -6.857030e-03  6.769796e-03 -4.067913e-03 
 1.075000e+04  2.276836e+00 -6.887225e-03  6.799734e-03 -4.089607e-03 
 1.080000e+04  2.333802e+00 -6.919035e-03  6.831356e-03 -4.111957e-03 
 1.085000e+04  2.391763e+00 -6.951185e-03  6.863520e-03 -4.134132e-03 
 1.090000e+04  2.449723e+00 -6.982888e-03  6.895284e-03 -4.155845e-03 
 1.095000e+04  2.509770e+00 -7.015308e-03  6.927683e-03 -4.178181e-03 
 1.100000e+04  2.570628e+00 -7.047702e-03  6.959799e-03 -4.200824e-03 
 1.105000e+04  2.631487e+00 -7.079237e-03  6.990875e-03 -4.223417e-03 
 1.110000e+04  2.693988e+00 -7.110891e-03  7.022035e-03 -4.246358e-03 
 1.115000e+04  2.758848e+00 -7.143618e-03  7.054245e-03 -4.269787e-03 
 1.120000e+04  2.825944e+00 -7.177410e-03  7.087488e-03 -4.293484e-03 
 1.125000e+04  2.893041e+00 -7.210898e-03  7.120500e-03 -4.316555e-03 
 1.130000e+04  2.960607e+00 -7.244274e-03  7.153553e-03 -4.339266e-03 
 1.135000e+04  3.031058e+00 -7.278649e-03  7.187803e-03 -4.362743e-03 
 1.140000e+04  3.101509e+00 -7.312272e-03  7.221393e-03 -4.386143e-03 
 1.145000e+04  3.171960e+00 -7.345099e-03  7.253968e-03 -4.409390e-03 
 1.150000e+04  3.245370e+00 -7.378964e-03  7.287272e-03 -4.433477e-03 
 1.155000e+04  3.319344e+00 -7.412892e-03  7.320442e-03 -4.457525e-03 
 1.160000e+04  3.393318e+00 -7.446373e-03  7.353192e-03 -4.481061e-03 
 1.165000e+04  3.468623e+00 -7.480125e-03  7.386312e-03 -4.504474e-03 
 1.170000e+04  3.546295e+00 -7.514794e-03  7.420344e-03 -4.528187e-03 
 1.175000e+04  3.623968e+00 -7.549111e-03  7.454208e-03 -4.551524e-03 
 1.180000e+04  3.701640e+00 -7.582801e-03  7.487532e-03 -4.574588e-03 
 1.185000e+04  3.783165e+00 -7.617533e-03  7.521974e-03 -4.598744e-03 
 1.190000e+04  3.868799e+00 -7.653510e-03  7.557633e-03 -4.624108e-03 
 1.195000e+04  3.954433e+00 -7.688837e-03  7.592506e-03 -4.649206e-03 
 1.200000e+04  4.041180e+00 -7.724206e-03  7.627214e-03 -4.674141e-03 
 1.205000e+04  4.131095e+00 -7.760830e-03  7.662973e-03 -4.699500e-03 
 1.210000e+04  4.221011e+00 -7.797297e-03  7.698549e-03 -4.724410e-03 
 1.215000e+04  4.310926e+00 -7.833220e-03  7.733788e-03 -4.748844e-03 
 1.220000e+04  4.401651e+00 -7.868923e-03  7.768955e-03 -4.773229e-03 
 1.225000e+04  4.496062e+00 -7.905561e-03  7.805227e-03 -4.798577e-03 
 1.230000e+04  4.590473e+00 -7.941504e-03  7.840904e-03 -4.823779e-03 
 1.235000e+04  4.685734e+00 -7.977153e-03  7.876215e-03 -4.848912e-03 
 1.240000e+04  4.788336e+00 -8.015353e-03  7.913806e-03 -4.875614e-03 
 1.245000e+04  4.892424e+00 -8.053887e-03  7.951531e-03 -4.902337e-03 
 1.250000e+04  4.996513e+00 -8.092076e-03  7.988720e-03 -4.928562e-03 
 1.255000e+04  5.100601e+00 -8.129845e-03  8.025531e-03 -4.954318e-03 
 1.260000e+04  5.209894e+00 -8.169193e-03  8.063985e-03 -4.981064e-03 
 1.265000e+04  5.319187e+00 -8.208002e-03  8.102001e-03 -5.007585e-03 
 1.270000e+04  5.428480e+00 -8.245982e-03  8.139325e-03 -5.033846e-03 
 1.275000e+04  5.540177e+00 -8.284268e-03  8.176951e-03 -5.060465e-03 
 1.280000e+04  5.659869e+00 -8.324951e-03  8.216915e-03 -5.088844e-03 
 1.285000e+04  5.780364e+00 -8.365371e-03  8.256687e-03 -5.117035e-03 
 1.290000e+04  5.900860e+00 -8.405372e-03  8.295880e-03 -5.144627e-03 
 1.295000e+04  6.026416e+00 -8.446934e-03  8.336343e-03 -5.172867e-03 
 1.300000e+04  6.152936e+00 -8.488614e-03  8.376655e-03 -5.201015e-03 
 1.305000e+04  6.279456e+00 -8.529518e-03  8.416363e-03 -5.228804e-03 
 1.310000e+04  6.405976e+00 -8.569610e-03  8.455573e-03 -5.256390e-03 
 1.315000e+04  6.536671e+00 -8.610519e-03  8.495797e-03 -5.284822e-03 
 1.320000e+04  6.669518e+00 -8.651542e-03  8.536255e-03 -5.313457e-03 
 1.325000e+04  6.802364e+00 -8.692092e-03  8.576123e-03 -5.341569e-03 
 1.330000e+04  6.947013e+00 -8.736004e-03  8.619121e-03 -5.371700e-03 
 1.335000e+04  7.093476e+00 -8.780252e-03  8.662340e-03 -5.401838e-03 
 1.340000e+04  7.239939e+00 -8.823900e-03  8.704845e-03 -5.431524e-03 
 1.345000e+04  7.386402e+00 -8.867027e-03  8.746642e-03 -5.460825e-03 
 1.350000e+04  7.537112e+00 -8.910999e-03  8.789164e-03 -5.490795e-03 
 1.355000e+04  7.690898e+00 -8.955302e-03  8.832140e-03 -5.521150e-03 
 1.360000e+04  7.844684e+00 -8.998706e-03  8.874560e-03 -5.551144e-03 
 1.365000e+04  8.000469e+00 -9.042143e-03  8.917107e-03 -5.581143e-03 
 1.370000e+04  8.161945e+00 -9.086920e-03  8.960970e-03 -5.611916e-03 
 1.375000e+04  8.323420e+00 -9.131300e-03  9.004395e-03 -5.642308e-03 
 1.380000e+04  8.486349e+00 -9.175564e-03  9.047494e-03 -5.672456e-03 
 1.385000e+04  8.662171e+00 -9.223028e-03  9.093485e-03 -5.704575e-03 
 1.390000e+04  8.840197e+00 -9.270680e-03  9.139499e-03 -5.736821e-03 
 1.395000e+04  9.018224e+00 -9.317496e-03  9.184694e-03 -5.768792e-03 
 1.400000e+04  9.196251e+00 -9.363483e-03  9.229270e-03 -5.800417e-03 
 1.405000e+04  9.374277e+00 -9.409025e-03  9.273659e-03 -5.831799e-03 
 1.410000e+04  9.552304e+00 -9.454163e-03  9.317850e-03 -5.862853e-03 
 1.415000e+04  9.731576e+00 -9.499028e-03  9.361833e-03 -5.893561e-03 
 1.420000e+04  9.924860e+00 -9.547099e-03  9.408842e-03 -5.926193e-03 
 1.425000e+04  1.012113e+01 -9.595693e-03  9.456082e-03 -5.959088e-03 
 1.430000e+04  1.031741e+01 -9.643616e-03  9.502389e-03 -5.991585e-03 
 1.435000e+04  1.051368e+01 -9.690889e-03  9.547850e-03 -6.023739e-03 
 1.440000e+04  1.071938e+01 -9.739998e-03  9.595092e-03 -6.057279e-03 
 1.445000e+04  1.092547e+01 -9.788659e-03  9.641997e-03 -6.090584e-03 
 1.450000e+04  1.113155e+01 -9.836542e-03  9.688359e-03 -6.123370e-03 
 1.455000e+04  1.133950e+01 -9.884399e-03  9.734924e-03 -6.156001e-03 
 1.460000e+04  1.155589e+01 -9.933897e-03  9.783176e-03 -6.189627e-03 
 1.465000e+04  1.177228e+01 -9.982789e-03  9.830907e-03 -6.222818e-03 
 1.470000e+04  1.199062e+01 -1.003155e-02  9.878343e-03 -6.255928e-03 
 1.475000e+04  1.222101e+01 -1.008269e-02  9.927757e-03 -6.290550e-03 
 1.480000e+04  1.245959e+01 -1.013519e-02  9.978124e-03 -6.326173e-03 
 1.485000e+04  1.269816e+01 -1.018677e-02  1.002768e-02 -6.361449e-03 
 1.490000e+04  1.293673e+01 -1.023775e-02  1.007678e-02 -6.396302e-03 
 1.495000e+04  1.317530e+01 -1.028837e-02  1.012564e-02 -6.430741e-03 
 1.500000e+04  1.341388e+01 -1.033849e-02  1.017419e-02 -6.464761e-03 
 1.505000e+04  1.365245e+01 -1.038796e-02  1.022234e-02 -6.498347e-03 
 1.510000e+04  1.390847e+01 -1.044064e-02  1.027355e-02 -6.533984e-03 
 1.515000e+04  1.417150e+01 -1.049429e-02  1.032557e-02 -6.570347e-03 
 1.520000e+04  1.443453e+01 -1.054725e-02  1.037674e-02 -6.606381e-03 
 1.525000e+04  1.469755e+01 -1.059960e-02  1.042709e-02 -6.642038e-03 
 1.530000e+04  1.497110e+01 -1.065364e-02  1.047886e-02 -6.678783e-03 
 1.535000e+04  1.524728e+01 -1.070778e-02  1.053068e-02 -6.715472e-03 
 1.540000e+04  1.552345e+01 -1.076118e-02  1.058201e-02 -6.751614e-03 
 1.545000e+04  1.579963e+01 -1.081403e-02  1.063303e-02 -6.787375e-03 
 1.550000e+04  1.608354e+01 -1.086786e-02  1.068520e-02 -6.823859e-03 
 1.555000e+04  1.637353e+01 -1.092224e-02  1.073797e-02 -6.860733e-03 
 1.560000e+04  1.666381e+01 -1.097605e-02  1.078996e-02 -6.897209e-03 
 1.565000e+04  1.696829e+01 -1.103204e-02  1.084381e-02 -6.935164e-03 
 1.570000e+04  1.727278e+01 -1.108760e-02  1.089706e-02 -6.972833e-03 
 1.575000e+04  1.757726e+01 -1.114251e-02  1.094958e-02 -7.010065e-03 
 1.580000e+04  1.788297e+01 -1.119709e-02  1.100174e-02 -7.046961e-03 
 1.585000e+04  1.820268e+01 -1.125379e-02  1.105596e-02 -7.085194e-03 
 1.590000e+04  1.852239e+01 -1.130985e-02  1.110986e-02 -7.123060e-03 
 1.595000e+04  1.884210e+01 -1.136516e-02  1.116325e-02 -7.160460e-03 
 1.600000e+04  1.918061e+01 -1.142316e-02  1.121927e-02 -7.199696e-03 
 1.605000e+04  1.953309e+01 -1.148309e-02  1.127704e-02 -7.240236e-03 
 1.610000e+04  1.988557e+01 -1.154235e-02  1.133394e-02 -7.280368e-03 
 1.615000e+04  2.024192e+01 -1.160154e-02  1.139069e-02 -7.320496e-03 
 1.620000e+04  2.061203e+01 -1.166269e-02  1.144899e-02 -7.361725e-03 
 1.625000e+04  2.098213e+01 -1.172327e-02  1.150677e-02 -7.402535e-03 
 1.630000e+04  2.135224e+01 -1.178309e-02  1.156387e-02 -7.442889e-03 
 1.635000e+04  2.172974e+01 -1.184343e-02  1.162163e-02 -7.483554e-03 
 1.640000e+04  2.211835e+01 -1.190504e-02  1.168081e-02 -7.525127e-03 
 1.645000e+04  2.250696e+01 -1.196593e-02  1.173937e-02 -7.566277e-03 
 1.650000e+04  2.290651e+01 -1.202772e-02  1.179875e-02 -7.608065e-03 
 1.655000e+04  2.333495e+01 -1.209358e-02  1.186186e-02 -7.652500e-03 
 1.660000e+04  2.376340e+01 -1.215891e-02  1.192418e-02 -7.696512e-03 
 1.665000e+04  2.419184e+01 -1.222345e-02  1.198565e-02 -7.739935e-03 
 1.670000e+04  2.463099e+01 -1.228895e-02  1.204796e-02 -7.783979e-03 
 1.675000e+04  2.508086e+01 -1.235548e-02  1.211128e-02 -7.828708e-03 
 1.680000e+04  2.553072e+01 -1.242121e-02  1.217400e-02 -7.872918e-03 
 1.685000e+04  2.598598e+01 -1.248688e-02  1.223681e-02 -7.917189e-03 
 1.690000e+04  2.647487e+01 -1.255673e-02  1.230373e-02 -7.964281e-03 
 1.695000e+04  2.697085e+01 -1.262694e-02  1.237096e-02 -8.011611e-03 
 1.700000e+04  2.746682e+01 -1.269635e-02  1.243729e-02 -8.058334e-03 
 1.705000e+04  2.799506e+01 -1.276960e-02  1.250702e-02 -8.107510e-03 
 1.710000e+04  2.854187e+01 -1.284484e-02  1.257842e-02 -8.157911e-03 
 1.715000e+04  2.908869e+01 -1.291913e-02  1.264891e-02 -8.207742e-03 
 1.720000e+04  2.963550e+01 -1.299246e-02  1.271857e-02 -8.256990e-03 
 1.725000e+04  3.019598e+01 -1.306690e-02  1.278933e-02 -8.306940e-03 
 1.730000e+04  3.077014e+01 -1.314233e-02  1.286118e-02 -8.357617e-03 
 1.735000e+04  3.134429e+01 -1.321678e-02  1.293222e-02 -8.407715e-03 
 1.740000e+04  3.194807e+01 -1.329421e-02  1.300615e-02 -8.459741e-03 
 1.745000e+04  3.258107e+01 -1.337478e-02  1.308283e-02 -8.513739e-03 
 1.750000e+04  3.321408e+01 -1.345447e-02  1.315852e-02 -8.567097e-03 
 1.755000e+04  3.384708e+01 -1.353319e-02  1.323314e-02 -8.619778e-03 
 1.760000e+04  3.450287e+01 -1.361393e-02  1.330956e-02 -8.673738e-03 
 1.765000e+04  3.516753e+01 -1.369494e-02  1.338624e-02 -8.727893e-03 
 1.770000e+04  3.583218e+01 -1.377484e-02  1.346202e-02 -8.781468e-03 
 1.775000e+04  3.651372e+01 -1.385580e-02  1.353890e-02 -8.835742e-03 
 1.780000e+04  3.724650e+01 -1.394204e-02  1.362089e-02 -8.893497e-03 
 1.785000e+04  3.797928e+01 -1.402739e-02  1.370197e-02 -8.950546e-03 
 1.790000e+04  3.871206e+01 -1.411171e-02  1.378191e-02 -9.006805e-03 
 1.795000e+04  3.948925e+01 -1.420033e-02  1.386557e-02 -9.065780e-03 
 1.800000e+04  4.029714e+01 -1.429155e-02  1.395157e-02 -9.126502e-03 
 1.805000e+04  4.110503e+01 -1.438150e-02  1.403637e-02 -9.186500e-03 
 1.810000e+04  4.191292e+01 -1.447030e-02  1.412005e-02 -9.245752e-03 
 1.815000e+04  4.274748e+01 -1.456111e-02  1.420563e-02 -9.306291e-03 
 1.820000e+04  4.359576e+01 -1.465233e-02  1.429181e-02 -9.367098e-03 
 1.825000e+04  4.444405e+01 -1.474243e-02  1.437696e-02 -9.427031e-03 
 1.830000e+04  4.534938e+01 -1.483763e-02  1.446684e-02 -9.490262e-03 
 1.835000e+04  4.628462e+01 -1.493492e-02  1.455868e-02 -9.554923e-03 
 1.840000e+04  4.721985e+01 -1.503091e-02  1.464914e-02 -9.618755e-03 
 1.845000e+04  4.816070e+01 -1.512629e-02  1.473881e-02 -9.682138e-03 
 1.850000e+04  4.914270e+01 -1.522488e-02  1.483137e-02 -9.747539e-03 
 1.855000e+04  5.012469e+01 -1.532234e-02  1.492287e-02 -9.812182e-03 
 1.860000e+04  5.110669e+01 -1.541845e-02  1.501325e-02 -9.875954e-03 
 1.865000e+04  5.213602e+01 -1.551807e-02  1.510695e-02 -9.941983e-03 
 1.870000e+04  5.321867e+01 -1.562179e-02  1.520454e-02 -1.001071e-02 
 1.875000e+04  5.430132e+01 -1.572411e-02  1.530084e-02 -1.007856e-02 
 1.880000e+04  5.539588e+01 -1.582625e-02  1.539682e-02 -1.014614e-02 
 1.885000e+04  5.657814e+01 -1.593557e-02  1.549925e-02 -1.021833e-02 
 1.890000e+04  5.777176e+01 -1.604468e-02  1.560128e-02 -1.029037e-02 
 1.895000e+04  5.896539e+01 -1.615224e-02  1.570177e-02 -1.036136e-02 
 1.900000e+04  6.019601e+01 -1.626182e-02  1.580411e-02 -1.043363e-02 
 1.905000e+04  6.144932e+01 -1.637214e-02  1.590718e-02 -1.050637e-02 
 1.910000e+04  6.270262e+01 -1.648094e-02  1.600895e-02 -1.057811e-02 
 1.915000e+04  6.397849e+01 -1.659033e-02  1.611125e-02 -1.065010e-02 
 1.920000e+04  6.535762e+01 -1.670731e-02  1.622063e-02 -1.072709e-02 
 1.925000e+04  6.673939e+01 -1.682304e-02  1.632879e-02 -1.080328e-02 
 1.930000e+04  6.812116e+01 -1.693712e-02  1.643531e-02 -1.087834e-02 
 1.935000e+04  6.954300e+01 -1.705321e-02  1.654336e-02 -1.095449e-02 
 1.940000e+04  7.099386e+01 -1.717035e-02  1.665234e-02 -1.103133e-02 
 1.945000e+04  7.244471e+01 -1.728579e-02  1.675991e-02 -1.110712e-02 
 1.950000e+04  7.392604e+01 -1.740216e-02  1.686826e-02 -1.118344e-02 
 1.955000e+04  7.550885e+01 -1.752514e-02  1.698279e-02 -1.126403e-02 
 1.960000e+04  7.710842e+01 -1.764787e-02  1.709708e-02 -1.134441e-02 
 1.965000e+04  7.870799e+01 -1.776890e-02  1.720971e-02 -1.142356e-02 
 1.970000e+04  8.040489e+01 -1.789578e-02  1.732749e-02 -1.150638e-02 
 1.975000e+04  8.216842e+01 -1.802617e-02  1.744833e-02 -1.159147e-02 
 1.980000e+04  8.393194e+01 -1.815463e-02  1.756739e-02 -1.167536e-02 
 1.985000e+04  8.571840e+01 -1.828300e-02  1.768615e-02 -1.175903e-02 
 1.990000e+04  8.757010e+01 -1.841459e-02  1.780774e-02 -1.184464e-02 
 1.995000e+04  8.942180e+01 -1.854441e-02  1.792776e-02 -1.192905e-02 
 2.000000e+04  9.128276e+01 -1.867302e-02  1.804667e-02 -1.201260e-02 
 2.005000e+04  9.328926e+01 -1.880999e-02  1.817324e-02 -1.210153e-02 
 2.010000e+04  9.533077e+01 -1.894761e-02  1.830031e-02 -1.219089e-02 
 2.015000e+04  9.737227e+01 -1.908314e-02  1.842550e-02 -1.227890e-02 
 2.020000e+04  9.944235e+01 -1.921873e-02  1.855053e-02 -1.236678e-02 
 2.025000e+04  1.015859e+02 -1.935746e-02  1.867828e-02 -1.245653e-02 
 2.030000e+04  1.037295e+02 -1.949425e-02  1.880432e-02 -1.254505e-02 
 2.035000e+04  1.058967e+02 -1.963060e-02  1.892993e-02 -1.263321e-02 
 2.040000e+04  1.082554e+02 -1.977723e-02  1.906487e-02 -1.272790e-02 
 2.045000e+04  1.106187e+02 -1.992215e-02  1.919825e-02 -1.282149e-02 
 2.050000e+04  1.129820e+02 -2.006488e-02  1.932958e-02 -1.291356e-02 
 2.055000e+04  1.155093e+02 -2.021550e-02  1.946787e-02 -1.301052e-02 
 2.060000e+04  1.181149e+02 -2.036884e-02  1.960849e-02 -1.310916e-02 
 2.065000e+04  1.207204e+02 -2.051991e-02  1.974701e-02 -1.320632e-02 
 2.070000e+04  1.233650e+02 -2.067096e-02  1.988531e-02 -1.330330e-02 
 2.075000e+04  1.261966e+02 -2.083061e-02  2.003123e-02 -1.340564e-02 
 2.080000e+04  1.290692e+02 -2.099030e-02  2.017714e-02 -1.350795e-02 
 2.085000e+04  1.319418e+02 -2.114749e-02  2.032075e-02 -1.360855e-02 
 2.090000e+04  1.349798e+02 -2.131133e-02  2.047026e-02 -1.371328e-02 
 2.095000e+04  1.381469e+02 -2.147972e-02  2.062387e-02 -1.382091e-02 
 2.100000e+04  1.413139e+02 -2.164545e-02  2.077500e-02 -1.392672e-02 
 2.105000e+04  1.445380e+02 -2.181159e-02  2.092627e-02 -1.403257e-02 
 2.110000e+04  1.479897e+02 -2.198703e-02  2.108580e-02 -1.414422e-02 
 2.115000e+04  1.514814e+02 -2.216168e-02  2.124461e-02 -1.425536e-02 
 2.120000e+04  1.549730e+02 -2.233342e-02  2.140065e-02 -1.436451e-02 
 2.125000e+04  1.585694e+02 -2.250759e-02  2.155875e-02 -1.447511e-02 
 2.130000e+04  1.622357e+02 -2.268244e-02  2.171754e-02 -1.458612e-02 
 2.135000e+04  1.659019e+02 -2.285446e-02  2.187378e-02 -1.469519e-02 
 2.140000e+04  1.697815e+02 -2.303373e-02  2.203638e-02 -1.480865e-02 
 2.145000e+04  1.738236e+02 -2.321787e-02  2.220324e-02 -1.492514e-02 
 2.150000e+04  1.778656e+02 -2.339897e-02  2.236726e-02 -1.503968e-02 
 2.155000e+04  1.819440e+02 -2.357862e-02  2.252976e-02 -1.515307e-02 
 2.160000e+04  1.863664e+02 -2.377051e-02  2.270308e-02 -1.527404e-02 
 2.165000e+04  1.908228e+02 -2.396089e-02  2.287491e-02 -1.539397e-02 
 2.170000e+04  1.952791e+02 -2.414806e-02  2.304368e-02 -1.551166e-02 
 2.175000e+04  1.998691e+02 -2.433768e-02  2.321435e-02 -1.563072e-02 
 2.180000e+04  2.047401e+02 -2.453579e-02  2.339254e-02 -1.575509e-02 
 2.185000e+04  2.096532e+02 -2.473223e-02  2.356921e-02 -1.587832e-02 
 2.190000e+04  2.145664e+02 -2.492532e-02  2.374261e-02 -1.599920e-02 
 2.195000e+04  2.196858e+02 -2.512320e-02  2.392010e-02 -1.612297e-02 
 2.200000e+04  2.248446e+02 -2.531923e-02  2.409598e-02 -1.624560e-02 
 2.205000e+04  2.300550e+02 -2.551372e-02  2.427050e-02 -1.636713e-02 
 2.210000e+04  2.356721e+02 -2.572000e-02  2.445544e-02 -1.649589e-02 
 2.215000e+04  2.413596e+02 -2.592545e-02  2.463955e-02 -1.662411e-02 
 2.220000e+04  2.470472e+02 -2.612719e-02  2.482029e-02 -1.674990e-02 
 2.225000e+04  2.529364e+02 -2.633237e-02  2.500389e-02 -1.687760e-02 
 2.230000e+04  2.592069e+02 -2.654729e-02  2.519600e-02 -1.701127e-02 
 2.235000e+04  2.654774e+02 -2.675836e-02  2.538460e-02 -1.714252e-02 
 2.240000e+04  2.717479e+02 -2.696559e-02  2.556952e-02 -1.727118e-02 
 2.245000e+04  2.782755e+02 -2.717758e-02  2.575838e-02 -1.740264e-02 
 2.250000e+04  2.848596e+02 -2.738768e-02  2.594551e-02 -1.753289e-02 
 2.255000e+04  2.915160e+02 -2.759620e-02  2.613121e-02 -1.766205e-02 
 2.260000e+04  2.987611e+02 -2.781939e-02  2.632972e-02 -1.780011e-02 
 2.265000e+04  3.060200e+02 -2.803918e-02  2.652499e-02 -1.793598e-02 
 2.270000e+04  3.132789e+02 -2.825487e-02  2.671646e-02 -1.806921e-02 
 2.275000e+04  3.207959e+02 -2.847393e-02  2.691073e-02 -1.820438e-02 
 2.280000e+04  3.287989e+02 -2.870312e-02  2.711384e-02 -1.834576e-02 
 2.285000e+04  3.368018e+02 -2.892811e-02  2.731308e-02 -1.848449e-02 
 2.290000e+04  3.448048e+02 -2.914881e-02  2.750831e-02 -1.862041e-02 
 2.295000e+04  3.531438e+02 -2.937444e-02  2.770777e-02 -1.875931e-02 
 2.300000e+04  3.615469e+02 -2.959757e-02  2.790505e-02 -1.889663e-02 
 2.305000e+04  3.700257e+02 -2.981839e-02  2.810027e-02 -1.903248e-02 
 2.310000e+04  3.791048e+02 -3.005059e-02  2.830540e-02 -1.917526e-02 
 2.315000e+04  3.883692e+02 -3.028331e-02  2.851085e-02 -1.931833e-02 
 2.320000e+04  3.976336e+02 -3.051149e-02  2.871222e-02 -1.945855e-02 
 2.325000e+04  4.069165e+02 -3.073559e-02  2.890980e-02 -1.959616e-02 
 2.330000e+04  4.170625e+02 -3.097596e-02  2.912157e-02 -1.974371e-02 
 2.335000e+04  4.272765e+02 -3.121347e-02  2.933069e-02 -1.988948e-02 
 2.340000e+04  4.374905e+02 -3.144638e-02  2.953553e-02 -2.003238e-02 
 2.345000e+04  4.479497e+02 -3.168020e-02  2.974092e-02 -2.017572e-02 
 2.350000e+04  4.586744e+02 -3.191543e-02  2.994739e-02 -2.031983e-02 
 2.355000e+04  4.693991e+02 -3.214608e-02  3.014971e-02 -2.046111e-02 
 2.360000e+04  4.807872e+02 -3.238631e-02  3.036029e-02 -2.060822e-02 
 2.365000e+04  4.923612e+02 -3.262592e-02  3.057024e-02 -2.075502e-02 
 2.370000e+04  5.039353e+02 -3.286075e-02  3.077598e-02 -2.089892e-02 
 2.375000e+04  5.155094e+02 -3.309085e-02  3.097749e-02 -2.103987e-02 
 2.380000e+04  5.270835e+02 -3.331642e-02  3.117500e-02 -2.117805e-02 
 2.385000e+04  5.386575e+02 -3.353769e-02  3.136873e-02 -2.131362e-02 
 2.390000e+04  5.502316e+02 -3.375483e-02  3.155879e-02 -2.144668e-02 
 2.395000e+04  5.618057e+02 -3.396807e-02  3.174545e-02 -2.157741e-02 
 2.400000e+04  5.733798e+02 -3.417755e-02  3.192892e-02 -2.170592e-02 
 2.405000e+04  5.849538e+02 -3.438335e-02  3.210925e-02 -2.183215e-02 
 2.410000e+04  5.965279e+02 -3.458560e-02  3.228649e-02 -2.195624e-02 
 2.415000e+04  6.081020e+02 -3.478447e-02  3.246077e-02 -2.207833e-02 
 2.420000e+04  6.196761e+02 -3.498009e-02  3.263209e-02 -2.219848e-02 
 2.425000e+04  6.312501e+02 -3.517264e-02  3.280054e-02 -2.231672e-02 
 2.430000e+04  6.428242e+02 -3.536232e-02  3.296624e-02 -2.243310e-02 
 2.435000e+04  6.543983e+02 -3.554922e-02  3.312924e-02 -2.254772e-02 
 2.440000e+04  6.659724e+02 -3.573337e-02  3.328961e-02 -2.266062e-02 
 2.445000e+04  6.775464e+02 -3.591478e-02  3.344749e-02 -2.277185e-02 
 2.450000e+04  6.891205e+02 -3.609353e-02  3.360298e-02 -2.288150e-02 
 2.455000e+04  7.006946e+02 -3.626966e-02  3.375622e-02 -2.298964e-02 
 2.460000e+04  7.122686e+02 -3.644326e-02  3.390731e-02 -2.309627e-02 
 2.465000e+04  7.238427e+02 -3.661450e-02  3.405631e-02 -2.320141e-02 
 2.470000e+04  7.354168e+02 -3.678338e-02  3.420325e-02 -2.330513e-02 
 2.475000e+04  7.469909e+02 -3.694986e-02  3.434813e-02 -2.340749e-02 
 2.480000e+04  7.585649e+02 -3.711399e-02  3.449103e-02 -2.350851e-02 
 2.485000e+04  7.701390e+02 -3.727592e-02  3.463206e-02 -2.360826e-02 
 2.490000e+04  7.817131e+02 -3.743574e-02  3.477130e-02 -2.370673e-02 
 2.495000e+04  7.932872e+02 -3.759351e-02  3.490876e-02 -2.380391e-02 
 2.500000e+04  8.048612e+02 -3.774929e-02  3.504445e-02 -2.389989e-02 
 2.505000e+04  8.164353e+02 -3.790308e-02  3.517841e-02 -2.399477e-02 
 2.510000e+04  8.280094e+02 -3.805494e-02  3.531067e-02 -2.408852e-02 
 2.515000e+04  8.395835e+02 -3.820499e-02  3.544128e-02 -2.418112e-02 
 2.520000e+04  8.511575e+02 -3.835331e-02  3.557032e-02 -2.427265e-02 
 2.525000e+04  8.627316e+02 -3.849999e-02  3.569781e-02 -2.436315e-02 
 2.530000e+04  8.743057e+02 -3.864496e-02  3.582374e-02 -2.445261e-02 
 2.535000e+04  8.858798e+02 -3.878826e-02  3.594816e-02 -2.454110e-02 
 2.540000e+04  8.974538e+02 -3.892998e-02  3.607114e-02 -2.462867e-02 
 2.545000e+04  9.090279e+02 -3.907012e-02  3.619276e-02 -2.471528e-02 
 2.550000e+04  9.206020e+02 -3.920875e-02  3.631301e-02 -2.480095e-02 
 2.555000e+04  9.321761e+02 -3.934589e-02  3.643197e-02 -2.488575e-02 
 2.560000e+04  9.437501e+02 -3.948153e-02  3.654962e-02 -2.496970e-02 
 2.565000e+04  9.553242e+02 -3.961570e-02  3.666604e-02 -2.505279e-02 
 2.570000e+04  9.668983e+02 -3.974846e-02  3.678128e-02 -2.513504e-02 
 2.575000e+04  9.784724e+02 -3.987983e-02  3.689535e-02 -2.521646e-02 
 2.580000e+04  9.900464e+02 -4.000984e-02  3.700825e-02 -2.529710e-02 
 2.585000e+04  1.001620e+03 -4.013848e-02  3.711999e-02 -2.537697e-02 
 2.590000e+04  1.013195e+03 -4.026582e-02  3.723062e-02 -2.545608e-02 
 2.595000e+04  1.024769e+03 -4.039195e-02  3.734019e-02 -2.553446e-02 
 2.600000e+04  1.036343e+03 -4.051688e-02  3.744869e-02 -2.561210e-02 
 2.605000e+04  1.047917e+03 -4.064062e-02  3.755612e-02 -2.568902e-02 
 2.610000e+04  1.059491e+03 -4.076319e-02  3.766248e-02 -2.576524e-02 
 2.615000e+04  1.071065e+03 -4.088465e-02  3.776782e-02 -2.584079e-02 
 2.620000e+04  1.082639e+03 -4.100499e-02  3.787218e-02 -2.591569e-02 
 2.625000e+04  1.094213e+03 -4.112424e-02  3.797560e-02 -2.598994e-02 
 2.630000e+04  1.105787e+03 -4.124241e-02  3.807805e-02 -2.606355e-02 
 2.635000e+04  1.117361e+03 -4.135953e-02  3.817954e-02 -2.613653e-02 
 2.640000e+04  1.128935e+03 -4.147563e-02  3.828015e-02 -2.620893e-02 
 2.645000e+04  1.140509e+03 -4.159073e-02  3.837991e-02 -2.628071e-02 
 2.650000e+04  1.152083e+03 -4.170488e-02  3.847883e-02 -2.635189e-02 
 2.655000e+04  1.163658e+03 -4.181807e-02  3.857687e-02 -2.642249e-02 
 2.660000e+04  1.175232e+03 -4.193024e-02  3.867406e-02 -2.649255e-02 
 2.665000e+04  1.186806e+03 -4.204144e-02  3.877040e-02 -2.656206e-02 
 2.670000e+04  1.198380e+03 -4.215169e-02  3.886599e-02 -2.663105e-02 
 2.675000e+04  1.209954e+03 -4.226103e-02  3.896086e-02 -2.669950e-02 
 2.680000e+04  1.221528e+03 -4.236948e-02  3.905498e-02 -2.676739e-02 
 2.685000e+04  1.233102e+03 -4.247712e-02  3.914836e-02 -2.683477e-02 
 2.690000e+04  1.244676e+03 -4.258392e-02  3.924098e-02 -2.690166e-02 
 2.695000e+04  1.256250e+03 -4.268988e-02  3.933284e-02 -2.696810e-02 
 2.700000e+04  1.267824e+03 -4.279500e-02  3.942400e-02 -2.703406e-02 
 2.705000e+04  1.279398e+03 -4.289929e-02  3.951444e-02 -2.709952e-02 
 2.710000e+04  1.290972e+03 -4.300280e-02  3.960418e-02 -2.716449e-02 
 2.715000e+04  1.302546e+03 -4.310554e-02  3.969326e-02 -2.722901e-02 
 2.720000e+04  1.314120e+03 -4.320751e-02  3.978170e-02 -2.729311e-02 
 2.725000e+04  1.325695e+03 -4.330875e-02  3.986952e-02 -2.735677e-02 
 2.730000e+04  1.337269e+03 -4.340927e-02  3.995669e-02 -2.741997e-02 
 2.735000e+04  1.348843e+03 -4.350911e-02  4.004323e-02 -2.748276e-02 
 2.740000e+04  1.360417e+03 -4.360821e-02  4.012915e-02 -2.754516e-02 
 2.745000e+04  1.371991e+03 -4.370658e-02  4.021448e-02 -2.760712e-02 
 2.750000e+04  1.383565e+03 -4.380425e-02  4.029921e-02 -2.766867e-02 
 2.755000e+04  1.395139e+03 -4.390123e-02  4.038337e-02 -2.772982e-02 
 2.760000e+04  1.406713e+03 -4.399755e-02  4.046697e-02 -2.779058e-02 
 2.765000e+04  1.418287e+03 -4.409323e-02  4.054999e-02 -2.785097e-02 
 2.770000e+04  1.429861e+03 -4.418830e-02  4.063245e-02 -2.791098e-02 
 2.775000e+04  1.441435e+03 -4.428277e-02  4.071437e-02 -2.797064e-02 
 2.780000e+04  1.453009e+03 -4.437666e-02  4.079573e-02 -2.802995e-02 
 2.785000e+04  1.464583e+03 -4.446995e-02  4.087655e-02 -2.808887e-02 
 2.790000e+04  1.476158e+03 -4.456262e-02  4.095684e-02 -2.814742e-02 
 2.795000e+04  1.487732e+03 -4.465468e-02  4.103662e-02 -2.820565e-02 
 2.800000e+04  1.499306e+03 -4.474613e-02  4.111592e-02 -2.826354e-02 
 2.805000e+04  1.510880e+03 -4.483698e-02  4.119476e-02 -2.832110e-02 
 2.810000e+04  1.522454e+03 -4.492730e-02  4.127313e-02 -2.837834e-02 
 2.815000e+04  1.534028e+03 -4.501707e-02  4.135105e-02 -2.843525e-02 
 2.820000e+04  1.545602e+03 -4.510631e-02  4.142848e-02 -2.849185e-02 
 2.825000e+04  1.557176e+03 -4.519502e-02  4.150542e-02 -2.854813e-02 
 2.830000e+04  1.568750e+03 -4.528319e-02  4.158191e-02 -2.860411e-02 
 2.835000e+04  1.580324e+03 -4.537079e-02  4.165797e-02 -2.865976e-02 
 2.840000e+04  1.591898e+03 -4.545784e-02  4.173359e-02 -2.871511e-02 
 2.845000e+04  1.603472e+03 -4.554440e-02  4.180880e-02 -2.877017e-02 
 2.850000e+04  1.615046e+03 -4.563045e-02  4.188360e-02 -2.882496e-02 
 2.855000e+04  1.626620e+03 -4.571603e-02  4.195799e-02 -2.887947e-02 
 2.860000e+04  1.638195e+03 -4.580115e-02  4.203196e-02 -2.893367e-02 
 2.865000e+04  1.649769e+03 -4.588583e-02  4.210550e-02 -2.898759e-02 
 2.870000e+04  1.661343e+03 -4.597005e-02  4.217863e-02 -2.904125e-02 
 2.875000e+04  1.672917e+03 -4.605378e-02  4.225136e-02 -2.909465e-02 
 2.880000e+04  1.684491e+03 -4.613704e-02  4.232369e-02 -2.914776e-02 
 2.885000e+04  1.696065e+03 -4.621987e-02  4.239566e-02 -2.920065e-02 
 2.890000e+04  1.707639e+03 -4.630228e-02  4.246727e-02 -2.925329e-02 
 2.895000e+04  1.719213e+03 -4.638428e-02  4.253850e-02 -2.930569e-02 
 2.900000e+04  1.730787e+03 -4.646587e-02  4.260937e-02 -2.935784e-02 
 2.905000e+04  1.742361e+03 -4.654707e-02  4.267987e-02 -2.940974e-02 
 2.910000e+04  1.753935e+03 -4.662786e-02  4.275000e-02 -2.946141e-02 
 2.915000e+04  1.765509e+03 -4.670823e-02  4.281979e-02 -2.951285e-02 
 2.920000e+04  1.777083e+03 -4.678818e-02  4.288924e-02 -2.956407e-02 
 2.925000e+04  1.788658e+03 -4.686774e-02  4.295838e-02 -2.961505e-02 
 2.930000e+04  1.800232e+03 -4.694692e-02  4.302720e-02 -2.966581e-02 
 2.935000e+04  1.811806e+03 -4.702572e-02  4.309569e-02 -2.971635e-02 
 2.940000e+04  1.823380e+03 -4.710412e-02  4.316388e-02 -2.976667e-02 
 2.945000e+04  1.834954e+03 -4.718215e-02  4.323176e-02 -2.981678e-02 
 2.950000e+04  1.846528e+03 -4.725983e-02  4.329933e-02 -2.986666e-02 
 2.955000e+04  1.858102e+03 -4.733714e-02  4.336659e-02 -2.991634e-02 
 2.960000e+04  1.869676e+03 -4.741407e-02  4.343354e-02 -2.996581e-02 
 2.965000e+04  1.881250e+03 -4.749064e-02  4.350020e-02 -3.001508e-02 
 2.970000e+04  1.892824e+03 -4.756686e-02  4.356658e-02 -3.006414e-02 
 2.975000e+04  1.904398e+03 -4.764276e-02  4.363266e-02 -3.011301e-02 
 2.980000e+04  1.915972e+03 -4.771835e-02  4.369845e-02 -3.016168e-02 
 2.985000e+04  1.927546e+03 -4.779363e-02  4.376395e-02 -3.021017e-02 
 2.990000e+04  1.939120e+03 -4.786859e-02  4.382916e-02 -3.025846e-02 
 2.995000e+04  1.950695e+03 -4.794324e-02  4.389407e-02 -3.030657e-02 
 3.000000e+04  1.962269e+03 -4.801759e-02  4.395869e-02 -3.035450e-02 
 3.005000e+04  1.973843e+03 -4.809164e-02  4.402305e-02 -3.040225e-02 
 3.010000e+04  1.985417e+03 -4.816538e-02  4.408716e-02 -3.044983e-02 
 3.015000e+04  1.996991e+03 -4.823883e-02  4.415101e-02 -3.049722e-02 
 3.020000e+04  2.008565e+03 -4.831200e-02  4.421461e-02 -3.054444e-02 
 3.025000e+04  2.020139e+03 -4.838488e-02  4.427797e-02 -3.059123e-02 
 3.030000e+04  2.031713e+03 -4.845747e-02  4.434090e-02 -3.063776e-02 
 3.035000e+04  2.043287e+03 -4.852973e-02  4.440325e-02 -3.068434e-02 
 3.040000e+04  2.054861e+03 -4.860151e-02  4.446562e-02 -3.073092e-02 
 3.045000e+04  2.066435e+03 -4.867313e-02  4.452801e-02 -3.077742e-02 
 3.050000e+04  2.078009e+03 -4.874463e-02  4.459036e-02 -3.082374e-02 
 3.055000e+04  2.089583e+03 -4.881595e-02  4.465250e-02 -3.086986e-02 
 3.060000e+04  2.101158e+03 -4.888691e-02  4.471438e-02 -3.091579e-02 
 3.065000e+04  2.112732e+03 -4.895750e-02  4.477600e-02 -3.096158e-02 
 3.070000e+04  2.124306e+03 -4.902777e-02  4.483733e-02 -3.100718e-02 
 3.075000e+04  2.135880e+03 -4.909781e-02  4.489833e-02 -3.105256e-02 
 3.080000e+04  2.147454e+03 -4.916766e-02  4.495913e-02 -3.109752e-02 
 3.085000e+04  2.159028e+03 -4.923732e-02  4.501940e-02 -3.114238e-02 
 3.090000e+04  2.170602e+03 -4.930666e-02  4.507945e-02 -3.118714e-02 
 3.095000e+04  2.182176e+03 -4.937563e-02  4.513936e-02 -3.123198e-02 
 3.100000e+04  2.193750e+03 -4.944447e-02  4.519916e-02 -3.127687e-02 
 3.105000e+04  2.205324e+03 -4.951322e-02  4.525899e-02 -3.132151e-02 
 3.110000e+04  2.216898e+03 -4.958185e-02  4.531875e-02 -3.136597e-02 
 3.115000e+04  2.228472e+03 -4.964988e-02  4.537831e-02 -3.141037e-02 
 3.120000e+04  2.240046e+03 -4.971774e-02  4.543751e-02 -3.145470e-02 
 3.125000e+04  2.251620e+03 -4.978563e-02  4.549648e-02 -3.149886e-02 
 3.130000e+04  2.263195e+03 -4.985331e-02  4.555527e-02 -3.154292e-02 
 3.135000e+04  2.274769e+03 -4.992061e-02  4.561387e-02 -3.158679e-02 
 3.140000e+04  2.286343e+03 -4.998777e-02  4.567228e-02 -3.163045e-02 
 3.145000e+04  2.297917e+03 -5.005474e-02  4.573054e-02 -3.167404e-02 
 3.150000e+04  2.309491e+03 -5.012127e-02  4.578855e-02 -3.171731e-02 
 3.155000e+04  2.321065e+03 -5.018752e-02  4.584630e-02 -3.176038e-02 
 3.160000e+04  2.332639e+03 -5.025352e-02  4.590383e-02 -3.180350e-02 
 3.165000e+04  2.344213e+03 -5.031938e-02  4.596127e-02 -3.184658e-02 
 3.170000e+04  2.355787e+03 -5.038507e-02  4.601862e-02 -3.188962e-02 
 3.175000e+04  2.367361e+03 -5.045063e-02  4.607571e-02 -3.193261e-02 
 3.180000e+04  2.378935e+03 -5.051613e-02  4.613260e-02 -3.197553e-02 
 3.185000e+04  2.390509e+03 -5.058147e-02  4.618931e-02 -3.201831e-02 
 3.190000e+04  2.402083e+03 -5.064653e-02  4.624596e-02 -3.206101e-02 
 3.195000e+04  2.413658e+03 -5.071122e-02  4.630251e-02 -3.210351e-02 
 3.200000e+04  2.425232e+03 -5.077573e-02  4.635888e-02 -3.214558e-02 
 3.205000e+04  2.436806e+03 -5.084028e-02  4.641508e-02 -3.218763e-02 
 3.210000e+04  2.448380e+03 -5.090468e-02  4.647085e-02 -3.222979e-02 
 3.215000e+04  2.459954e+03 -5.096871e-02  4.652643e-02 -3.227193e-02 
 3.220000e+04  2.471528e+03 -5.103268e-02  4.658200e-02 -3.231401e-02 
 3.225000e+04  2.483102e+03 -5.109661e-02  4.663758e-02 -3.235582e-02 
 3.230000e+04  2.494676e+03 -5.116041e-02  4.669289e-02 -3.239743e-02 
 3.235000e+04  2.506250e+03 -5.122375e-02  4.674784e-02 -3.243889e-02 
 3.240000e+04  2.517824e+03 -5.128671e-02  4.680282e-02 -3.248034e-02 
 3.245000e+04  2.529398e+03 -5.134951e-02  4.685778e-02 -3.252178e-02 
 3.250000e+04  2.540972e+03 -5.141216e-02  4.691267e-02 -3.256312e-02 
 3.255000e+04  2.552546e+03 -5.147472e-02  4.696745e-02 -3.260447e-02 
 3.260000e+04  2.564120e+03 -5.153721e-02  4.702201e-02 -3.264577e-02 
 3.265000e+04  2.575695e+03 -5.159957e-02  4.707648e-02 -3.268703e-02 
 3.270000e+04  2.587269e+03 -5.166168e-02  4.713070e-02 -3.272795e-02 
 3.275000e+04  2.598843e+03 -5.172339e-02  4.718480e-02 -3.276867e-02 
 3.280000e+04  2.610417e+03 -5.178477e-02  4.723882e-02 -3.280941e-02 
 3.285000e+04  2.621991e+03 -5.184624e-02  4.729265e-02 -3.285008e-02 
 3.290000e+04  2.633565e+03 -5.190771e-02  4.734638e-02 -3.289077e-02 
 3.295000e+04  2.645139e+03 -5.196914e-02  4.739997e-02 -3.293119e-02 
 3.300000e+04  2.656713e+03 -5.203056e-02  4.745342e-02 -3.297146e-02 
 3.305000e+04  2.668287e+03 -5.209146e-02  4.750662e-02 -3.301172e-02 
 3.310000e+04  2.679861e+03 -5.215215e-02  4.755953e-02 -3.305195e-02 
 3.315000e+04  2.691435e+03 -5.221295e-02  4.761230e-02 -3.309221e-02 
 3.320000e+04  2.703009e+03 -5.227368e-02  4.766492e-02 -3.313240e-02 
 3.325000e+04  2.714583e+03 -5.233419e-02  4.771744e-02 -3.317253e-02 
 3.330000e+04  2.726158e+03 -5.239469e-02  4.776998e-02 -3.321255e-02 
 3.335000e+04  2.737732e+03 -5.245518e-02  4.782253e-02 -3.325257e-02 
 3.340000e+04  2.749306e+03 -5.251538e-02  4.787497e-02 -3.329243e-02 
 3.345000e+04  2.760880e+03 -5.257545e-02  4.792721e-02 -3.333216e-02 
 3.350000e+04  2.772454e+03 -5.263546e-02  4.797929e-02 -3.337177e-02 
 3.355000e+04  2.784028e+03 -5.269497e-02  4.803123e-02 -3.341100e-02 
 3.360000e+04  2.795602e+03 -5.275435e-02  4.808300e-02 -3.345014e-02 
 3.365000e+04  2.807176e+03 -5.281345e-02  4.813461e-02 -3.348914e-02 
 3.370000e+04  2.818750e+03 -5.287197e-02  4.818598e-02 -3.352820e-02 
 3.375000e+04  2.830324e+03 -5.293064e-02  4.823735e-02 -3.356743e-02 
 3.380000e+04  2.841898e+03 -5.298910e-02  4.828883e-02 -3.360667e-02 
 3.385000e+04  2.853472e+03 -5.304776e-02  4.834028e-02 -3.364573e-02 
 3.390000e+04  2.865046e+03 -5.310646e-02  4.839152e-02 -3.368475e-02 
 3.395000e+04  2.876620e+03 -5.316516e-02  4.844282e-02 -3.372375e-02 
 3.400000e+04  2.888195e+03 -5.322370e-02  4.849410e-02 -3.376262e-02 
 3.405000e+04  2.899769e+03 -5.328191e-02  4.854521e-02 -3.380125e-02 
 3.410000e+04  2.911343e+03 -5.334002e-02  4.859597e-02 -3.383986e-02 
 3.415000e+04  2.922917e+03 -5.339796e-02  4.864650e-02 -3.387833e-02 
 3.420000e+04  2.934491e+03 -5.345582e-02  4.869686e-02 -3.391680e-02 
 3.425000e+04  2.946065e+03 -5.351349e-02  4.874708e-02 -3.395527e-02 
 3.430000e+04  2.957639e+03 -5.357104e-02  4.879717e-02 -3.399364e-02 
 3.435000e+04  2.969213e+03 -5.362880e-02  4.884722e-02 -3.403186e-02 
 3.440000e+04  2.980787e+03 -5.368654e-02  4.889717e-02 -3.406990e-02 
 3.445000e+04  2.992361e+03 -5.374410e-02  4.894701e-02 -3.410791e-02 
 3.450000e+04  3.003935e+03 -5.380099e-02  4.899676e-02 -3.414595e-02 
 3.455000e+04  3.015509e+03 -5.385786e-02  4.904644e-02 -3.418373e-02 
 3.460000e+04  3.027083e+03 -5.391468e-02  4.909571e-02 -3.422146e-02 
 3.465000e+04  3.038658e+03 -5.397126e-02  4.914500e-02 -3.425919e-02 
 3.470000e+04  3.050232e+03 -5.402751e-02  4.919451e-02 -3.429694e-02 
 3.475000e+04  3.061806e+03 -5.408387e-02  4.924411e-02 -3.433469e-02 
 3.480000e+04  3.073380e+03 -5.414035e-02  4.929360e-02 -3.437242e-02 
 3.485000e+04  3.084954e+03 -5.419664e-02  4.934308e-02 -3.441000e-02 
 3.490000e+04  3.096528e+03 -5.425278e-02  4.939247e-02 -3.444752e-02 
 3.495000e+04  3.108102e+03 -5.430846e-02  4.944175e-02 -3.448462e-02 
 3.500000e+04  3.119676e+03 -5.436394e-02  4.949089e-02 -3.452175e-02 
 3.505000e+04  3.131250e+03 -5.441956e-02  4.953984e-02 -3.455904e-02 
 3.510000e+04  3.142824e+03 -5.447512e-02  4.958850e-02 -3.459612e-02 
 3.515000e+04  3.154398e+03 -5.453079e-02  4.963706e-02 -3.463320e-02 
 3.520000e+04  3.165972e+03 -5.458661e-02  4.968554e-02 -3.467038e-02 
 3.525000e+04  3.177546e+03 -5.464240e-02  4.973389e-02 -3.470735e-02 
 3.530000e+04  3.189120e+03 -5.469787e-02  4.978212e-02 -3.474424e-02 
 3.535000e+04  3.200695e+03 -5.475297e-02  4.983031e-02 -3.478121e-02 
 3.540000e+04  3.212269e+03 -5.480799e-02  4.987843e-02 -3.481815e-02 
 3.545000e+04  3.223843e+03 -5.486293e-02  4.992650e-02 -3.485496e-02 
 3.550000e+04  3.235417e+03 -5.491771e-02  4.997456e-02 -3.489155e-02 
 3.555000e+04  3.246991e+03 -5.497250e-02  5.002262e-02 -3.492817e-02 
 3.560000e+04  3.258565e+03 -5.502738e-02  5.007067e-02 -3.496482e-02 
 3.565000e+04  3.270139e+03 -5.508224e-02  5.011854e-02 -3.500140e-02 
 3.570000e+04  3.281713e+03 -5.513695e-02  5.016630e-02 -3.503791e-02 
 3.575000e+04  3.293287e+03 -5.519115e-02  5.021399e-02 -3.507438e-02 
 3.580000e+04  3.304861e+03 -5.524520e-02  5.026162e-02 -3.511074e-02 
 3.585000e+04  3.316435e+03 -5.529922e-02  5.030920e-02 -3.514696e-02 
 3.590000e+04  3.328009e+03 -5.535294e-02  5.035677e-02 -3.518306e-02 
 3.595000e+04  3.339583e+03 -5.540634e-02  5.040434e-02 -3.521922e-02 
 3.600000e+04  3.351158e+03 -5.545974e-02  5.045187e-02 -3.525543e-02 
 3.605000e+04  3.362732e+03 -5.551342e-02  5.049920e-02 -3.529151e-02 
 3.610000e+04  3.374306e+03 -5.556719e-02  5.054639e-02 -3.532750e-02 
 3.615000e+04  3.385880e+03 -5.562111e-02  5.059353e-02 -3.536334e-02 
 3.620000e+04  3.397454e+03 -5.567517e-02  5.064054e-02 -3.539913e-02 
 3.625000e+04  3.409028e+03 -5.572909e-02  5.068720e-02 -3.543502e-02 
 3.630000e+04  3.420602e+03 -5.578290e-02  5.073370e-02 -3.547097e-02 
 3.635000e+04  3.432176e+03 -5.583625e-02  5.078024e-02 -3.550678e-02 
 3.640000e+04  3.443750e+03 -5.588955e-02  5.082664e-02 -3.554219e-02 
 3.645000e+04  3.455324e+03 -5.594265e-02  5.087271e-02 -3.557767e-02 
 3.650000e+04  3.466898e+03 -5.599602e-02  5.091885e-02 -3.561326e-02 
 3.655000e+04  3.478472e+03 -5.604951e-02  5.096514e-02 -3.564891e-02 
 3.660000e+04  3.490046e+03 -5.610295e-02  5.101156e-02 -3.568430e-02 
 3.665000e+04  3.501620e+03 -5.615616e-02  5.105805e-02 -3.571965e-02 
 3.670000e+04  3.513195e+03 -5.620908e-02  5.110427e-02 -3.575472e-02 
 3.675000e+04  3.524769e+03 -5.626162e-02  5.115026e-02 -3.578976e-02 
 3.680000e+04  3.536343e+03 -5.631380e-02  5.119633e-02 -3.582490e-02 
 3.685000e+04  3.547917e+03 -5.636583e-02  5.124245e-02 -3.586018e-02 
 3.690000e+04  3.559491e+03 -5.641787e-02  5.128861e-02 -3.589543e-02 
 3.695000e+04  3.571065e+03 -5.646984e-02  5.133489e-02 -3.593052e-02 
 3.700000e+04  3.582639e+03 -5.652185e-02  5.138118e-02 -3.596559e-02 
 3.705000e+04  3.594213e+03 -5.657396e-02  5.142712e-02 -3.600049e-02 
 3.710000e+04  3.605787e+03 -5.662601e-02  5.147299e-02 -3.603534e-02 
 3.715000e+04  3.617361e+03 -5.667825e-02  5.151870e-02 -3.607025e-02 
 3.720000e+04  3.628935e+03 -5.673017e-02  5.156430e-02 -3.610518e-02 
 3.725000e+04  3.640509e+03 -5.678198e-02  5.160955e-02 -3.613991e-02 
 3.730000e+04  3.652083e+03 -5.683394e-02  5.165462e-02 -3.617452e-02 
 3.735000e+04  3.663658e+03 -5.688613e-02  5.169968e-02 -3.620909e-02 
 3.740000e+04  3.675232e+03 -5.693831e-02  5.174479e-02 -3.624375e-02 
 3.745000e+04  3.686806e+03 -5.698995e-02  5.178992e-02 -3.627833e-02 
 3.750000e+04  3.698380e+03 -5.704143e-02  5.183491e-02 -3.631276e-02 
 3.755000e+04  3.709954e+03 -5.709313e-02  5.187983e-02 -3.634712e-02 
 3.760000e+04  3.721528e+03 -5.714490e-02  5.192475e-02 -3.638144e-02 
 3.765000e+04  3.733102e+03 -5.719654e-02  5.196972e-02 -3.641568e-02 
 3.770000e+04  3.744676e+03 -5.724795e-02  5.201479e-02 -3.645003e-02 
 3.775000e+04  3.756250e+03 -5.729907e-02  5.205981e-02 -3.648440e-02 
 3.780000e+04  3.767824e+03 -5.734992e-02  5.210458e-02 -3.651865e-02 
 3.785000e+04  3.779398e+03 -5.740061e-02  5.214932e-02 -3.655277e-02 
 3.790000e+04  3.790972e+03 -5.745123e-02  5.219420e-02 -3.658686e-02 
 3.795000e+04  3.802546e+03 -5.750184e-02  5.223920e-02 -3.662100e-02 
 3.800000e+04  3.814120e+03 -5.755242e-02  5.228425e-02 -3.665516e-02 
 3.805000e+04  3.825695e+03 -5.760310e-02  5.232923e-02 -3.668926e-02 
 3.810000e+04  3.837269e+03 -5.765364e-02  5.237393e-02 -3.672323e-02 
 3.815000e+04  3.848843e+03 -5.770396e-02  5.241838e-02 -3.675714e-02 
 3.820000e+04  3.860417e+03 -5.775423e-02  5.246264e-02 -3.679091e-02 
 3.825000e+04  3.871991e+03 -5.780471e-02  5.250680e-02 -3.682454e-02 
 3.830000e+04  3.883565e+03 -5.785548e-02  5.255106e-02 -3.685814e-02 
 3.835000e+04  3.895139e+03 -5.790637e-02  5.259525e-02 -3.689185e-02 
 3.840000e+04  3.906713e+03 -5.795699e-02  5.263902e-02 -3.692552e-02 
 3.845000e+04  3.918287e+03 -5.800736e-02  5.268281e-02 -3.695898e-02 
 3.850000e+04  3.929861e+03 -5.805772e-02  5.272673e-02 -3.699247e-02 
 3.855000e+04  3.941435e+03 -5.810778e-02  5.277073e-02 -3.702607e-02 
 3.860000e+04  3.953009e+03 -5.815789e-02  5.281463e-02 -3.705966e-02 
 3.865000e+04  3.964583e+03 -5.820818e-02  5.285847e-02 -3.709332e-02 
 3.870000e+04  3.976158e+03 -5.825861e-02  5.290241e-02 -3.712685e-02 
 3.875000e+04  3.987732e+03 -5.830890e-02  5.294636e-02 -3.716024e-02 
 3.880000e+04  3.999306e+03 -5.835884e-02  5.299035e-02 -3.719348e-02 
 3.885000e+04  4.010880e+03 -5.840832e-02  5.303424e-02 -3.722679e-02 
 3.890000e+04  4.022454e+03 -5.845749e-02  5.307792e-02 -3.726018e-02 
 3.895000e+04  4.034028e+03 -5.850678e-02  5.312155e-02 -3.729346e-02 
 3.900000e+04  4.045602e+03 -5.855609e-02  5.316519e-02 -3.732667e-02 
 3.905000e+04  4.057176e+03 -5.860527e-02  5.320879e-02 -3.735979e-02 
 3.910000e+04  4.068750e+03 -5.865436e-02  5.325224e-02 -3.739290e-02 
 3.915000e+04  4.080324e+03 -5.870356e-02  5.329547e-02 -3.742592e-02 
 3.920000e+04  4.091898e+03 -5.875300e-02  5.333850e-02 -3.745894e-02 
 3.925000e+04  4.103472e+03 -5.880204e-02  5.338153e-02 -3.749179e-02 
 3.930000e+04  4.115046e+03 -5.885111e-02  5.342458e-02 -3.752444e-02 
 3.935000e+04  4.126620e+03 -5.890024e-02  5.346783e-02 -3.755714e-02 
 3.940000e+04  4.138195e+03 -5.894945e-02  5.351100e-02 -3.758985e-02 
 3.945000e+04  4.149769e+03 -5.899855e-02  5.355408e-02 -3.762256e-02 
 3.950000e+04  4.161343e+03 -5.904737e-02  5.359713e-02 -3.765539e-02 
 3.955000e+04  4.172917e+03 -5.909616e-02  5.364022e-02 -3.768827e-02 
 3.960000e+04  4.184491e+03 -5.914490e-02  5.368315e-02 -3.772108e-02 
 3.965000e+04  4.196065e+03 -5.919364e-02  5.372608e-02 -3.775377e-02 
 3.970000e+04  4.207639e+03 -5.924251e-02  5.376897e-02 -3.778636e-02 
 3.975000e+04  4.219213e+03 -5.929154e-02  5.381159e-02 -3.781892e-02 
 3.980000e+04  4.230787e+03 -5.934062e-02  5.385426e-02 -3.785144e-02 
 3.985000e+04  4.242361e+03 -5.938943e-02  5.389706e-02 -3.788394e-02 
 3.990000e+04  4.253935e+03 -5.943797e-02  5.393965e-02 -3.791641e-02 
 3.995000e+04  4.265509e+03 -5.948629e-02  5.398198e-02 -3.794888e-02 
 4.000000e+04  4.277083e+03 -5.953462e-02  5.402409e-02 -3.798136e-02 
 4.005000e+04  4.288658e+03 -5.958305e-02  5.406621e-02 -3.801381e-02 
 4.010000e+04  4.300232e+03 -5.963163e-02  5.410847e-02 -3.804613e-02 
 4.015000e+04  4.311806e+03 -5.968017e-02  5.415100e-02 -3.807841e-02 
 4.020000e+04  4.323380e+03 -5.972864e-02  5.419366e-02 -3.811068e-02 
 4.025000e+04  4.334954e+03 -5.977687e-02  5.423633e-02 -3.814281e-02 
 4.030000e+04  4.346528e+03 -5.982510e-02  5.427886e-02 -3.817484e-02 
 4.035000e+04  4.358102e+03 -5.987320e-02  5.432125e-02 -3.820690e-02 
 4.040000e+04  4.369676e+03 -5.992082e-02  5.436325e-02 -3.823891e-02 
 4.045000e+04  4.381250e+03 -5.996839e-02  5.440507e-02 -3.827097e-02 
 4.050000e+04  4.392824e+03 -6.001605e-02  5.444694e-02 -3.830311e-02 
 4.055000e+04  4.404398e+03 -6.006340e-02  5.448897e-02 -3.833527e-02 
 4.060000e+04  4.415972e+03 -6.011098e-02  5.453113e-02 -3.836724e-02 
 4.065000e+04  4.427546e+03 -6.015862e-02  5.457343e-02 -3.839905e-02 
 4.070000e+04  4.439120e+03 -6.020649e-02  5.461584e-02 -3.843083e-02 
 4.075000e+04  4.450695e+03 -6.025440e-02  5.465830e-02 -3.846260e-02 
 4.080000e+04  4.462269e+03 -6.030212e-02  5.470065e-02 -3.849448e-02 
 4.085000e+04  4.473843e+03 -6.034962e-02  5.474275e-02 -3.852642e-02 
 4.090000e+04  4.485417e+03 -6.039699e-02  5.478459e-02 -3.855835e-02 
 4.095000e+04  4.496991e+03 -6.044445e-02  5.482614e-02 -3.859023e-02 
 4.100000e+04  4.508565e+03 -6.049194e-02  5.486769e-02 -3.862210e-02 
 4.105000e+04  4.520139e+03 -6.053951e-02  5.490938e-02 -3.865395e-02 
 4.110000e+04  4.531713e+03 -6.058714e-02  5.495110e-02 -3.868576e-02 
 4.115000e+04  4.543287e+03 -6.063470e-02  5.499285e-02 -3.871754e-02 
 4.120000e+04  4.554861e+03 -6.068227e-02  5.503451e-02 -3.874925e-02 
 4.125000e+04  4.566435e+03 -6.072966e-02  5.507608e-02 -3.878087e-02 
 4.130000e+04  4.578009e+03 -6.077686e-02  5.511754e-02 -3.881236e-02 
 4.135000e+04  4.589583e+03 -6.082410e-02  5.515881e-02 -3.884389e-02 
 4.140000e+04  4.601158e+03 -6.087147e-02  5.520006e-02 -3.887544e-02 
 4.145000e+04  4.612732e+03 -6.091854e-02  5.524126e-02 -3.890700e-02 
 4.150000e+04  4.624306e+03 -6.096536e-02  5.528239e-02 -3.893846e-02 
 4.155000e+04  4.635880e+03 -6.101216e-02  5.532341e-02 -3.896991e-02 
 4.160000e+04  4.647454e+03 -6.105890e-02  5.536442e-02 -3.900127e-02 
 4.165000e+04  4.659028e+03 -6.110564e-02  5.540545e-02 -3.903251e-02 
 4.170000e+04  4.670602e+03 -6.115224e-02  5.544659e-02 -3.906360e-02 
 4.175000e+04  4.682176e+03 -6.119895e-02  5.548787e-02 -3.909481e-02 
 4.180000e+04  4.693750e+03 -6.124570e-02  5.552931e-02 -3.912617e-02 
 4.185000e+04  4.705324e+03 -6.129236e-02  5.557067e-02 -3.915755e-02 
 4.190000e+04  4.716898e+03 -6.133902e-02  5.561188e-02 -3.918892e-02 
 4.195000e+04  4.728472e+03 -6.138560e-02  5.565254e-02 -3.922030e-02 
 4.200000e+04  4.740046e+03 -6.143196e-02  5.569303e-02 -3.925138e-02 
 4.205000e+04  4.751620e+03 -6.147831e-02  5.573338e-02 -3.928238e-02 
 4.210000e+04  4.763195e+03 -6.152459e-02  5.577400e-02 -3.931343e-02 
 4.215000e+04  4.774769e+03 -6.157106e-02  5.581472e-02 -3.934454e-02 
 4.220000e+04  4.786343e+03 -6.161765e-02  5.585547e-02 -3.937560e-02 
 4.225000e+04  4.797917e+03 -6.166432e-02  5.589634e-02 -3.940652e-02 
 4.230000e+04  4.809491e+03 -6.171087e-02  5.593723e-02 -3.943752e-02 
 4.235000e+04  4.821065e+03 -6.175695e-02  5.597782e-02 -3.946844e-02 
 4.240000e+04  4.832639e+03 -6.180290e-02  5.601835e-02 -3.949938e-02 
 4.245000e+04  4.844213e+03 -6.184900e-02  5.605893e-02 -3.953032e-02 
 4.250000e+04  4.855787e+03 -6.189513e-02  5.609948e-02 -3.956128e-02 
 4.255000e+04  4.867361e+03 -6.194132e-02  5.613946e-02 -3.959214e-02 
 4.260000e+04  4.878935e+03 -6.198748e-02  5.617939e-02 -3.962302e-02 
 4.265000e+04  4.890509e+03 -6.203368e-02  5.621936e-02 -3.965388e-02 
 4.270000e+04  4.902083e+03 -6.207970e-02  5.625943e-02 -3.968463e-02 
 4.275000e+04  4.913658e+03 -6.212557e-02  5.629951e-02 -3.971525e-02 
 4.280000e+04  4.925232e+03 -6.217130e-02  5.633961e-02 -3.974599e-02 
 4.285000e+04  4.936806e+03 -6.221701e-02  5.637982e-02 -3.977672e-02 
 4.290000e+04  4.948380e+03 -6.226246e-02  5.641975e-02 -3.980739e-02 
 4.295000e+04  4.959954e+03 -6.230797e-02  5.645943e-02 -3.983812e-02 
 4.300000e+04  4.971528e+03 -6.235360e-02  5.649917e-02 -3.986891e-02 
 4.305000e+04  4.983102e+03 -6.239927e-02  5.653876e-02 -3.989950e-02 
 4.310000e+04  4.994676e+03 -6.244496e-02  5.657822e-02 -3.992998e-02 
 4.315000e+04  5.006250e+03 -6.249078e-02  5.661791e-02 -3.996051e-02 
 4.320000e+04  5.017824e+03 -6.253660e-02  5.665773e-02 -3.999107e-02 
 4.325000e+04  5.029398e+03 -6.258229e-02  5.669760e-02 -4.002154e-02 
 4.330000e+04  5.040972e+03 -6.262785e-02  5.673757e-02 -4.005211e-02 
 4.335000e+04  5.052546e+03 -6.267332e-02  5.677765e-02 -4.008270e-02 
 4.340000e+04  5.064120e+03 -6.271856e-02  5.681768e-02 -4.011313e-02 
 4.345000e+04  5.075695e+03 -6.276350e-02  5.685740e-02 -4.014350e-02 
 4.350000e+04  5.087269e+03 -6.280853e-02  5.689714e-02 -4.017394e-02 
 4.355000e+04  5.098843e+03 -6.285359e-02  5.693683e-02 -4.020443e-02 
 4.360000e+04  5.110417e+03 -6.289875e-02  5.697622e-02 -4.023480e-02 
 4.365000e+04  5.121991e+03 -6.294386e-02  5.701563e-02 -4.026508e-02 
 4.370000e+04  5.133565e+03 -6.298903e-02  5.705505e-02 -4.029530e-02 
 4.375000e+04  5.145139e+03 -6.303406e-02  5.709471e-02 -4.032546e-02 
 4.380000e+04  5.156713e+03 -6.307908e-02  5.713424e-02 -4.035563e-02 
 4.385000e+04  5.168287e+03 -6.312415e-02  5.717388e-02 -4.038591e-02 
 4.390000e+04  5.179861e+03 -6.316923e-02  5.721351e-02 -4.041622e-02 
 4.395000e+04  5.191435e+03 -6.321388e-02  5.725298e-02 -4.044652e-02 
 4.400000e+04  5.203009e+03 -6.325847e-02  5.729227e-02 -4.047677e-02 
 4.405000e+04  5.214583e+03 -6.330305e-02  5.733135e-02 -4.050696e-02 
 4.410000e+04  5.226158e+03 -6.334783e-02  5.737043e-02 -4.053697e-02 
 4.415000e+04  5.237732e+03 -6.339283e-02  5.740965e-02 -4.056695e-02 
 4.420000e+04  5.249306e+03 -6.343794e-02  5.744904e-02 -4.059695e-02 
 4.425000e+04  5.260880e+03 -6.348283e-02  5.748853e-02 -4.062704e-02 
 4.430000e+04  5.272454e+03 -6.352746e-02  5.752811e-02 -4.065721e-02 
 4.435000e+04  5.284028e+03 -6.357205e-02  5.756754e-02 -4.068744e-02 
