         Step [creep.tim... Z Displace... Z Displace... X Displace... 
------------- ------------- ------------- ------------- ------------- 
 5.250000e+03  1.276223e-07 -4.629353e-03  4.524540e-03 -2.433365e-03 
 5.300000e+03  3.886505e-06 -4.629530e-03  4.524621e-03 -2.433541e-03 
 5.350000e+03  3.410189e-05 -4.630171e-03  4.524693e-03 -2.433886e-03 
 5.400000e+03  2.370954e-04 -4.630249e-03  4.524777e-03 -2.433899e-03 
 5.450000e+03  1.094516e-03 -4.630611e-03  4.525309e-03 -2.434358e-03 
 5.500000e+03  3.071258e-03 -4.632518e-03  4.526957e-03 -2.435885e-03 
 5.550000e+03  7.292049e-03 -4.637149e-03  4.531260e-03 -2.439573e-03 
 5.600000e+03  1.210572e-02 -4.642662e-03  4.537332e-03 -2.443837e-03 
 5.650000e+03  1.706387e-02 -4.649279e-03  4.545165e-03 -2.448874e-03 
 5.700000e+03  2.365715e-02 -4.659215e-03  4.557056e-03 -2.455950e-03 
 5.750000e+03  3.126697e-02 -4.670118e-03  4.569811e-03 -2.463056e-03 
 5.800000e+03  3.910794e-02 -4.679653e-03  4.580006e-03 -2.469113e-03 
 5.850000e+03  4.694891e-02 -4.688322e-03  4.589029e-03 -2.475022e-03 
 5.900000e+03  5.478987e-02 -4.697164e-03  4.598349e-03 -2.481509e-03 
 5.950000e+03  6.263084e-02 -4.706541e-03  4.608429e-03 -2.488836e-03 
 6.000000e+03  7.047180e-02 -4.716575e-03  4.618861e-03 -2.497015e-03 
 6.050000e+03  7.939889e-02 -4.729112e-03  4.630978e-03 -2.506476e-03 
 6.100000e+03  8.940617e-02 -4.742642e-03  4.643908e-03 -2.515612e-03 
 6.150000e+03  9.941345e-02 -4.754841e-03  4.655400e-03 -2.522849e-03 
 6.200000e+03  1.094207e-01 -4.766343e-03  4.666539e-03 -2.529572e-03 
 6.250000e+03  1.194280e-01 -4.778195e-03  4.678308e-03 -2.536821e-03 
 6.300000e+03  1.294353e-01 -4.790825e-03  4.690950e-03 -2.545095e-03 
 6.350000e+03  1.394526e-01 -4.803519e-03  4.704003e-03 -2.554432e-03 
 6.400000e+03  1.517161e-01 -4.818361e-03  4.719312e-03 -2.566317e-03 
 6.450000e+03  1.656632e-01 -4.834181e-03  4.735060e-03 -2.578602e-03 
 6.500000e+03  1.797444e-01 -4.848933e-03  4.749569e-03 -2.589125e-03 
 6.550000e+03  1.938257e-01 -4.863794e-03  4.763948e-03 -2.598641e-03 
 6.600000e+03  2.079069e-01 -4.879194e-03  4.779292e-03 -2.608338e-03 
 6.650000e+03  2.219882e-01 -4.895256e-03  4.796134e-03 -2.618863e-03 
 6.700000e+03  2.360694e-01 -4.911573e-03  4.814154e-03 -2.630215e-03 
 6.750000e+03  2.506949e-01 -4.927795e-03  4.832176e-03 -2.642238e-03 
 6.800000e+03  2.671789e-01 -4.944654e-03  4.849877e-03 -2.654949e-03 
 6.850000e+03  2.842948e-01 -4.961039e-03  4.866524e-03 -2.667220e-03 
 6.900000e+03  3.014106e-01 -4.977081e-03  4.882872e-03 -2.679053e-03 
 6.950000e+03  3.185265e-01 -4.993515e-03  4.899928e-03 -2.690769e-03 
 7.000000e+03  3.356423e-01 -5.010924e-03  4.917922e-03 -2.702833e-03 
 7.050000e+03  3.527582e-01 -5.029510e-03  4.936715e-03 -2.715175e-03 
 7.100000e+03  3.708282e-01 -5.049302e-03  4.956089e-03 -2.727854e-03 
 7.150000e+03  3.901891e-01 -5.068386e-03  4.975103e-03 -2.740566e-03 
 7.200000e+03  4.100028e-01 -5.086405e-03  4.993511e-03 -2.753222e-03 
 7.250000e+03  4.298165e-01 -5.103976e-03  5.011510e-03 -2.766015e-03 
 7.300000e+03  4.496302e-01 -5.121768e-03  5.029537e-03 -2.779021e-03 
 7.350000e+03  4.696025e-01 -5.140325e-03  5.048079e-03 -2.792460e-03 
 7.400000e+03  4.926890e-01 -5.162567e-03  5.070039e-03 -2.807996e-03 
 7.450000e+03  5.167727e-01 -5.185519e-03  5.092403e-03 -2.823358e-03 
 7.500000e+03  5.417475e-01 -5.207729e-03  5.114198e-03 -2.837879e-03 
 7.550000e+03  5.670354e-01 -5.229426e-03  5.135744e-03 -2.852227e-03 
 7.600000e+03  5.923233e-01 -5.251054e-03  5.157470e-03 -2.866827e-03 
 7.650000e+03  6.176112e-01 -5.272217e-03  5.179376e-03 -2.881756e-03 
 7.700000e+03  6.431267e-01 -5.293310e-03  5.201621e-03 -2.897304e-03 
 7.750000e+03  6.725358e-01 -5.317594e-03  5.227120e-03 -2.915430e-03 
 7.800000e+03  7.032734e-01 -5.342280e-03  5.252388e-03 -2.933429e-03 
 7.850000e+03  7.340110e-01 -5.366279e-03  5.276186e-03 -2.949936e-03 
 7.900000e+03  7.647486e-01 -5.390241e-03  5.299846e-03 -2.965943e-03 
 7.950000e+03  7.954862e-01 -5.414456e-03  5.323973e-03 -2.981955e-03 
 8.000000e+03  8.262238e-01 -5.438436e-03  5.348225e-03 -2.998100e-03 
 8.050000e+03  8.569614e-01 -5.462154e-03  5.372326e-03 -3.014536e-03 
 8.100000e+03  8.904428e-01 -5.487431e-03  5.397998e-03 -3.032643e-03 
 8.150000e+03  9.260254e-01 -5.512976e-03  5.424150e-03 -3.051303e-03 
 8.200000e+03  9.616081e-01 -5.537640e-03  5.449290e-03 -3.069015e-03 
 8.250000e+03  9.971907e-01 -5.562376e-03  5.474197e-03 -3.086242e-03 
 8.300000e+03  1.032773e+00 -5.587722e-03  5.499314e-03 -3.103344e-03 
 8.350000e+03  1.068356e+00 -5.613487e-03  5.524392e-03 -3.120358e-03 
 8.400000e+03  1.105342e+00 -5.639962e-03  5.550086e-03 -3.137955e-03 
 8.450000e+03  1.146063e+00 -5.668015e-03  5.577739e-03 -3.157105e-03 
 8.500000e+03  1.187254e+00 -5.695080e-03  5.604920e-03 -3.176002e-03 
 8.550000e+03  1.228445e+00 -5.721271e-03  5.631321e-03 -3.194533e-03 
 8.600000e+03  1.269637e+00 -5.747282e-03  5.657491e-03 -3.212890e-03 
 8.650000e+03  1.310993e+00 -5.773447e-03  5.683983e-03 -3.231374e-03 
 8.700000e+03  1.354244e+00 -5.800828e-03  5.711957e-03 -3.250538e-03 
 8.750000e+03  1.399363e+00 -5.829092e-03  5.740675e-03 -3.269965e-03 
 8.800000e+03  1.448382e+00 -5.859449e-03  5.770748e-03 -3.290244e-03 
 8.850000e+03  1.498451e+00 -5.890079e-03  5.800419e-03 -3.310502e-03 
 8.900000e+03  1.548519e+00 -5.919839e-03  5.829553e-03 -3.330640e-03 
 8.950000e+03  1.598587e+00 -5.948619e-03  5.858430e-03 -3.350781e-03 
 9.000000e+03  1.648656e+00 -5.976983e-03  5.887292e-03 -3.371088e-03 
 9.050000e+03  1.698724e+00 -6.005228e-03  5.916162e-03 -3.391380e-03 
 9.100000e+03  1.749243e+00 -6.033428e-03  5.944807e-03 -3.411196e-03 
 9.150000e+03  1.804593e+00 -6.063967e-03  5.975608e-03 -3.431882e-03 
 9.200000e+03  1.862553e+00 -6.095843e-03  6.007383e-03 -3.453039e-03 
 9.250000e+03  1.920514e+00 -6.127420e-03  6.038434e-03 -3.474026e-03 
 9.300000e+03  1.978474e+00 -6.158468e-03  6.068772e-03 -3.494951e-03 
 9.350000e+03  2.036434e+00 -6.189080e-03  6.098599e-03 -3.515976e-03 
 9.400000e+03  2.094395e+00 -6.219115e-03  6.128102e-03 -3.537000e-03 
 9.450000e+03  2.152355e+00 -6.248333e-03  6.157178e-03 -3.557593e-03 
 9.500000e+03  2.211648e+00 -6.277677e-03  6.186612e-03 -3.578016e-03 
 9.550000e+03  2.275124e+00 -6.309040e-03  6.218065e-03 -3.599414e-03 
 9.600000e+03  2.339025e+00 -6.340569e-03  6.249629e-03 -3.620609e-03 
 9.650000e+03  2.402926e+00 -6.371743e-03  6.280885e-03 -3.641461e-03 
 9.700000e+03  2.469326e+00 -6.403879e-03  6.312729e-03 -3.662916e-03 
 9.750000e+03  2.539777e+00 -6.437613e-03  6.345581e-03 -3.685577e-03 
 9.800000e+03  2.610228e+00 -6.470404e-03  6.377448e-03 -3.708007e-03 
 9.850000e+03  2.680679e+00 -6.502175e-03  6.408724e-03 -3.730197e-03 
 9.900000e+03  2.751131e+00 -6.533517e-03  6.440044e-03 -3.752162e-03 
 9.950000e+03  2.821582e+00 -6.564716e-03  6.471556e-03 -3.773869e-03 
 1.000000e+04  2.892033e+00 -6.595830e-03  6.503005e-03 -3.795081e-03 
 1.005000e+04  2.967644e+00 -6.629094e-03  6.536427e-03 -3.817202e-03 
 1.010000e+04  3.049123e+00 -6.664698e-03  6.571842e-03 -3.840621e-03 
 1.015000e+04  3.130679e+00 -6.699646e-03  6.606232e-03 -3.863918e-03 
 1.020000e+04  3.212235e+00 -6.733688e-03  6.639546e-03 -3.887169e-03 
 1.025000e+04  3.293791e+00 -6.767300e-03  6.672288e-03 -3.910350e-03 
 1.030000e+04  3.375347e+00 -6.800674e-03  6.704845e-03 -3.933409e-03 
 1.035000e+04  3.456903e+00 -6.833618e-03  6.737256e-03 -3.956048e-03 
 1.040000e+04  3.539356e+00 -6.866464e-03  6.769891e-03 -3.978350e-03 
 1.045000e+04  3.628244e+00 -6.901579e-03  6.805020e-03 -4.001888e-03 
 1.050000e+04  3.718159e+00 -6.936859e-03  6.840328e-03 -4.025315e-03 
 1.055000e+04  3.808075e+00 -6.971689e-03  6.874908e-03 -4.048420e-03 
 1.060000e+04  3.899519e+00 -7.006634e-03  6.909295e-03 -4.071784e-03 
 1.065000e+04  3.993930e+00 -7.042393e-03  6.944137e-03 -4.095947e-03 
 1.070000e+04  4.088341e+00 -7.077495e-03  6.978200e-03 -4.119998e-03 
 1.075000e+04  4.182753e+00 -7.111825e-03  7.011650e-03 -4.143650e-03 
 1.080000e+04  4.277164e+00 -7.145843e-03  7.045057e-03 -4.166858e-03 
 1.085000e+04  4.371575e+00 -7.179755e-03  7.078681e-03 -4.189697e-03 
 1.090000e+04  4.465987e+00 -7.213344e-03  7.112293e-03 -4.212067e-03 
 1.095000e+04  4.567219e+00 -7.249056e-03  7.148020e-03 -4.235645e-03 
 1.100000e+04  4.674534e+00 -7.286626e-03  7.185364e-03 -4.260481e-03 
 1.105000e+04  4.783827e+00 -7.324267e-03  7.222359e-03 -4.285689e-03 
 1.110000e+04  4.893120e+00 -7.361004e-03  7.258197e-03 -4.310781e-03 
 1.115000e+04  5.002413e+00 -7.397304e-03  7.293531e-03 -4.335690e-03 
 1.120000e+04  5.111706e+00 -7.433413e-03  7.328734e-03 -4.360317e-03 
 1.125000e+04  5.220998e+00 -7.469268e-03  7.363802e-03 -4.384425e-03 
 1.130000e+04  5.330728e+00 -7.504956e-03  7.398818e-03 -4.408126e-03 
 1.135000e+04  5.445486e+00 -7.541938e-03  7.435487e-03 -4.432578e-03 
 1.140000e+04  5.560243e+00 -7.578445e-03  7.471935e-03 -4.456789e-03 
 1.145000e+04  5.675804e+00 -7.614639e-03  7.507888e-03 -4.480881e-03 
 1.150000e+04  5.798709e+00 -7.652773e-03  7.545300e-03 -4.506395e-03 
 1.155000e+04  5.925230e+00 -7.691741e-03  7.583082e-03 -4.532628e-03 
 1.160000e+04  6.051750e+00 -7.730117e-03  7.620221e-03 -4.558639e-03 
 1.165000e+04  6.178270e+00 -7.767886e-03  7.656896e-03 -4.584212e-03 
 1.170000e+04  6.304790e+00 -7.805474e-03  7.693487e-03 -4.609362e-03 
 1.175000e+04  6.431310e+00 -7.842865e-03  7.730090e-03 -4.634122e-03 
 1.180000e+04  6.557830e+00 -7.879843e-03  7.766511e-03 -4.658448e-03 
 1.185000e+04  6.687513e+00 -7.917209e-03  7.803553e-03 -4.683105e-03 
 1.190000e+04  6.824611e+00 -7.956289e-03  7.842297e-03 -4.709111e-03 
 1.195000e+04  6.964099e+00 -7.995490e-03  7.880906e-03 -4.735551e-03 
 1.200000e+04  7.103587e+00 -8.034087e-03  7.918619e-03 -4.761705e-03 
 1.205000e+04  7.247679e+00 -8.073639e-03  7.957021e-03 -4.788443e-03 
 1.210000e+04  7.394142e+00 -8.113732e-03  7.995885e-03 -4.815243e-03 
 1.215000e+04  7.540605e+00 -8.153367e-03  8.034501e-03 -4.841569e-03 
 1.220000e+04  7.687068e+00 -8.192656e-03  8.072826e-03 -4.867429e-03 
 1.225000e+04  7.834702e+00 -8.231837e-03  8.111387e-03 -4.893320e-03 
 1.230000e+04  7.988488e+00 -8.272159e-03  8.151327e-03 -4.920102e-03 
 1.235000e+04  8.142274e+00 -8.311763e-03  8.190592e-03 -4.946625e-03 
 1.240000e+04  8.301750e+00 -8.352388e-03  8.230619e-03 -4.973927e-03 
 1.245000e+04  8.470330e+00 -8.395220e-03  8.272286e-03 -5.002624e-03 
 1.250000e+04  8.639880e+00 -8.437922e-03  8.313617e-03 -5.031127e-03 
 1.255000e+04  8.809429e+00 -8.480093e-03  8.354357e-03 -5.059154e-03 
 1.260000e+04  8.978978e+00 -8.521985e-03  8.394847e-03 -5.086839e-03 
 1.265000e+04  9.148527e+00 -8.563650e-03  8.435170e-03 -5.114208e-03 
 1.270000e+04  9.318076e+00 -8.604726e-03  8.475176e-03 -5.141222e-03 
 1.275000e+04  9.488134e+00 -8.645310e-03  8.514921e-03 -5.168085e-03 
 1.280000e+04  9.666160e+00 -8.687281e-03  8.556179e-03 -5.196097e-03 
 1.285000e+04  9.844187e+00 -8.728845e-03  8.596982e-03 -5.223976e-03 
 1.290000e+04  1.002328e+01 -8.770183e-03  8.637302e-03 -5.251703e-03 
 1.295000e+04  1.021656e+01 -8.814593e-03  8.680250e-03 -5.281163e-03 
 1.300000e+04  1.041284e+01 -8.859557e-03  8.723558e-03 -5.310730e-03 
 1.305000e+04  1.060911e+01 -8.903993e-03  8.766391e-03 -5.339911e-03 
 1.310000e+04  1.080539e+01 -8.947789e-03  8.808703e-03 -5.368694e-03 
 1.315000e+04  1.100166e+01 -8.991070e-03  8.850842e-03 -5.397357e-03 
 1.320000e+04  1.119794e+01 -9.033850e-03  8.892837e-03 -5.425891e-03 
 1.325000e+04  1.139421e+01 -9.075984e-03  8.934350e-03 -5.454115e-03 
 1.330000e+04  1.160569e+01 -9.121018e-03  8.978576e-03 -5.484171e-03 
 1.335000e+04  1.183268e+01 -9.169147e-03  9.025512e-03 -5.516134e-03 
 1.340000e+04  1.205989e+01 -9.216994e-03  9.071793e-03 -5.547703e-03 
 1.345000e+04  1.228711e+01 -9.264319e-03  9.117305e-03 -5.578847e-03 
 1.350000e+04  1.251432e+01 -9.311264e-03  9.162412e-03 -5.609662e-03 
 1.355000e+04  1.274153e+01 -9.357806e-03  9.207223e-03 -5.640256e-03 
 1.360000e+04  1.296874e+01 -9.403705e-03  9.251582e-03 -5.670547e-03 
 1.365000e+04  1.319595e+01 -9.448843e-03  9.295484e-03 -5.700561e-03 
 1.370000e+04  1.343294e+01 -9.495570e-03  9.341067e-03 -5.731689e-03 
 1.375000e+04  1.367151e+01 -9.542136e-03  9.386657e-03 -5.762701e-03 
 1.380000e+04  1.391008e+01 -9.588264e-03  9.431703e-03 -5.793253e-03 
 1.385000e+04  1.416509e+01 -9.637401e-03  9.479146e-03 -5.825521e-03 
 1.390000e+04  1.442812e+01 -9.687873e-03  9.527536e-03 -5.858481e-03 
 1.395000e+04  1.469114e+01 -9.737747e-03  9.575229e-03 -5.891094e-03 
 1.400000e+04  1.495417e+01 -9.786831e-03  9.622282e-03 -5.923421e-03 
 1.405000e+04  1.521720e+01 -9.835291e-03  9.669087e-03 -5.955547e-03 
 1.410000e+04  1.548022e+01 -9.883233e-03  9.715660e-03 -5.987502e-03 
 1.415000e+04  1.574325e+01 -9.930606e-03  9.761924e-03 -6.019006e-03 
 1.420000e+04  1.602045e+01 -9.980142e-03  9.810260e-03 -6.051748e-03 
 1.425000e+04  1.631044e+01 -1.003179e-02  9.860467e-03 -6.085688e-03 
 1.430000e+04  1.660042e+01 -1.008288e-02  9.909973e-03 -6.119276e-03 
 1.435000e+04  1.689041e+01 -1.013348e-02  9.958570e-03 -6.152474e-03 
 1.440000e+04  1.718040e+01 -1.018369e-02  1.000656e-02 -6.185427e-03 
 1.445000e+04  1.747038e+01 -1.023348e-02  1.005416e-02 -6.218148e-03 
 1.450000e+04  1.776037e+01 -1.028254e-02  1.010132e-02 -6.250628e-03 
 1.455000e+04  1.805036e+01 -1.033095e-02  1.014820e-02 -6.282711e-03 
 1.460000e+04  1.835484e+01 -1.038148e-02  1.019722e-02 -6.316117e-03 
 1.465000e+04  1.865933e+01 -1.043164e-02  1.024596e-02 -6.349135e-03 
 1.470000e+04  1.896655e+01 -1.048171e-02  1.029453e-02 -6.382043e-03 
 1.475000e+04  1.929777e+01 -1.053544e-02  1.034630e-02 -6.417142e-03 
 1.480000e+04  1.963347e+01 -1.058957e-02  1.039806e-02 -6.452475e-03 
 1.485000e+04  1.996917e+01 -1.064307e-02  1.044896e-02 -6.487530e-03 
 1.490000e+04  2.030486e+01 -1.069582e-02  1.049921e-02 -6.522263e-03 
 1.495000e+04  2.064056e+01 -1.074806e-02  1.054919e-02 -6.556726e-03 
 1.500000e+04  2.097625e+01 -1.079978e-02  1.059897e-02 -6.590882e-03 
 1.505000e+04  2.131195e+01 -1.085097e-02  1.064842e-02 -6.624594e-03 
 1.510000e+04  2.166730e+01 -1.090475e-02  1.070047e-02 -6.659828e-03 
 1.515000e+04  2.203740e+01 -1.096036e-02  1.075433e-02 -6.696210e-03 
 1.520000e+04  2.240751e+01 -1.101539e-02  1.080745e-02 -6.732290e-03 
 1.525000e+04  2.277872e+01 -1.107004e-02  1.085980e-02 -6.768119e-03 
 1.530000e+04  2.316733e+01 -1.112680e-02  1.091389e-02 -6.805339e-03 
 1.535000e+04  2.355594e+01 -1.118309e-02  1.096745e-02 -6.842310e-03 
 1.540000e+04  2.394455e+01 -1.123864e-02  1.102049e-02 -6.878862e-03 
 1.545000e+04  2.433316e+01 -1.129355e-02  1.107319e-02 -6.915013e-03 
 1.550000e+04  2.473032e+01 -1.134935e-02  1.112686e-02 -6.951591e-03 
 1.555000e+04  2.513836e+01 -1.140614e-02  1.118169e-02 -6.988788e-03 
 1.560000e+04  2.554640e+01 -1.146233e-02  1.123589e-02 -7.025533e-03 
 1.565000e+04  2.597876e+01 -1.152140e-02  1.129268e-02 -7.064091e-03 
 1.570000e+04  2.642862e+01 -1.158252e-02  1.135104e-02 -7.103975e-03 
 1.575000e+04  2.687849e+01 -1.164290e-02  1.140837e-02 -7.143539e-03 
 1.580000e+04  2.732835e+01 -1.170250e-02  1.146495e-02 -7.182654e-03 
 1.585000e+04  2.777821e+01 -1.176166e-02  1.152121e-02 -7.221416e-03 
 1.590000e+04  2.822808e+01 -1.182037e-02  1.157714e-02 -7.259803e-03 
 1.595000e+04  2.867794e+01 -1.187839e-02  1.163263e-02 -7.297656e-03 
 1.600000e+04  2.914040e+01 -1.193749e-02  1.168929e-02 -7.336165e-03 
 1.605000e+04  2.963496e+01 -1.200024e-02  1.174950e-02 -7.377093e-03 
 1.610000e+04  3.013094e+01 -1.206249e-02  1.180907e-02 -7.417710e-03 
 1.615000e+04  3.062691e+01 -1.212403e-02  1.186770e-02 -7.457918e-03 
 1.620000e+04  3.114421e+01 -1.218778e-02  1.192817e-02 -7.499553e-03 
 1.625000e+04  3.166499e+01 -1.225141e-02  1.198838e-02 -7.541068e-03 
 1.630000e+04  3.218576e+01 -1.231417e-02  1.204799e-02 -7.582103e-03 
 1.635000e+04  3.270654e+01 -1.237630e-02  1.210723e-02 -7.622658e-03 
 1.640000e+04  3.323877e+01 -1.243928e-02  1.216745e-02 -7.663733e-03 
 1.645000e+04  3.378558e+01 -1.250337e-02  1.222889e-02 -7.705514e-03 
 1.650000e+04  3.433677e+01 -1.256717e-02  1.229020e-02 -7.747173e-03 
 1.655000e+04  3.493389e+01 -1.263580e-02  1.235584e-02 -7.791853e-03 
 1.660000e+04  3.553675e+01 -1.270455e-02  1.242120e-02 -7.836640e-03 
 1.665000e+04  3.613961e+01 -1.277244e-02  1.248558e-02 -7.881028e-03 
 1.670000e+04  3.674307e+01 -1.283972e-02  1.254924e-02 -7.924887e-03 
 1.675000e+04  3.737608e+01 -1.290984e-02  1.261551e-02 -7.970382e-03 
 1.680000e+04  3.800908e+01 -1.297939e-02  1.268127e-02 -8.015389e-03 
 1.685000e+04  3.864209e+01 -1.304803e-02  1.274637e-02 -8.059901e-03 
 1.690000e+04  3.929281e+01 -1.311781e-02  1.281274e-02 -8.105192e-03 
 1.695000e+04  3.995747e+01 -1.318839e-02  1.287996e-02 -8.151101e-03 
 1.700000e+04  4.062212e+01 -1.325823e-02  1.294631e-02 -8.196568e-03 
 1.705000e+04  4.130951e+01 -1.332979e-02  1.301398e-02 -8.243031e-03 
 1.710000e+04  4.204229e+01 -1.340557e-02  1.308542e-02 -8.292069e-03 
 1.715000e+04  4.277507e+01 -1.348063e-02  1.315605e-02 -8.340580e-03 
 1.720000e+04  4.350785e+01 -1.355469e-02  1.322580e-02 -8.388464e-03 
 1.725000e+04  4.424576e+01 -1.362841e-02  1.329537e-02 -8.436199e-03 
 1.730000e+04  4.501518e+01 -1.370448e-02  1.336746e-02 -8.485553e-03 
 1.735000e+04  4.578460e+01 -1.377967e-02  1.343894e-02 -8.534311e-03 
 1.740000e+04  4.656787e+01 -1.385531e-02  1.351090e-02 -8.583400e-03 
 1.745000e+04  4.740566e+01 -1.393556e-02  1.358710e-02 -8.635383e-03 
 1.750000e+04  4.825394e+01 -1.401602e-02  1.366321e-02 -8.687489e-03 
 1.755000e+04  4.910223e+01 -1.409553e-02  1.373822e-02 -8.738964e-03 
 1.760000e+04  4.997596e+01 -1.417662e-02  1.381454e-02 -8.791316e-03 
 1.765000e+04  5.086666e+01 -1.425865e-02  1.389161e-02 -8.844137e-03 
 1.770000e+04  5.175736e+01 -1.433971e-02  1.396777e-02 -8.896376e-03 
 1.775000e+04  5.265430e+01 -1.442027e-02  1.404355e-02 -8.948352e-03 
 1.780000e+04  5.358953e+01 -1.450347e-02  1.412196e-02 -9.002013e-03 
 1.785000e+04  5.452477e+01 -1.458575e-02  1.419955e-02 -9.055134e-03 
 1.790000e+04  5.547310e+01 -1.466823e-02  1.427725e-02 -9.108306e-03 
 1.795000e+04  5.650842e+01 -1.475753e-02  1.436107e-02 -9.165692e-03 
 1.800000e+04  5.759107e+01 -1.485010e-02  1.444767e-02 -9.225042e-03 
 1.805000e+04  5.867372e+01 -1.494145e-02  1.453298e-02 -9.283640e-03 
 1.810000e+04  5.975637e+01 -1.503156e-02  1.461716e-02 -9.341506e-03 
 1.815000e+04  6.083902e+01 -1.512063e-02  1.470042e-02 -9.398679e-03 
 1.820000e+04  6.192168e+01 -1.520867e-02  1.478290e-02 -9.455267e-03 
 1.825000e+04  6.300433e+01 -1.529560e-02  1.486455e-02 -9.511145e-03 
 1.830000e+04  6.415860e+01 -1.538728e-02  1.495075e-02 -9.569998e-03 
 1.835000e+04  6.535222e+01 -1.548121e-02  1.503893e-02 -9.630277e-03 
 1.840000e+04  6.654584e+01 -1.557400e-02  1.512581e-02 -9.689764e-03 
 1.845000e+04  6.776334e+01 -1.566751e-02  1.521310e-02 -9.749640e-03 
 1.850000e+04  6.903795e+01 -1.576448e-02  1.530342e-02 -9.811572e-03 
 1.855000e+04  7.035392e+01 -1.586347e-02  1.539556e-02 -9.874807e-03 
 1.860000e+04  7.166989e+01 -1.596112e-02  1.548651e-02 -9.937194e-03 
 1.865000e+04  7.299112e+01 -1.605790e-02  1.557677e-02 -9.999036e-03 
 1.870000e+04  7.437289e+01 -1.615799e-02  1.567020e-02 -1.006303e-02 
 1.875000e+04  7.575466e+01 -1.625676e-02  1.576247e-02 -1.012620e-02 
 1.880000e+04  7.717678e+01 -1.635725e-02  1.585619e-02 -1.019027e-02 
 1.885000e+04  7.870018e+01 -1.646395e-02  1.595533e-02 -1.025815e-02 
 1.890000e+04  8.022358e+01 -1.656941e-02  1.605310e-02 -1.032518e-02 
 1.895000e+04  8.174698e+01 -1.667335e-02  1.614928e-02 -1.039125e-02 
 1.900000e+04  8.331760e+01 -1.677924e-02  1.624710e-02 -1.045847e-02 
 1.905000e+04  8.491717e+01 -1.688583e-02  1.634568e-02 -1.052611e-02 
 1.910000e+04  8.651674e+01 -1.699093e-02  1.644303e-02 -1.059288e-02 
 1.915000e+04  8.816790e+01 -1.709792e-02  1.654230e-02 -1.066085e-02 
 1.920000e+04  8.993142e+01 -1.721101e-02  1.664717e-02 -1.073258e-02 
 1.925000e+04  9.169495e+01 -1.732265e-02  1.675061e-02 -1.080337e-02 
 1.930000e+04  9.347787e+01 -1.743390e-02  1.685356e-02 -1.087389e-02 
 1.935000e+04  9.541661e+01 -1.755356e-02  1.696387e-02 -1.094950e-02 
 1.940000e+04  9.736089e+01 -1.767213e-02  1.707296e-02 -1.102436e-02 
 1.945000e+04  9.930518e+01 -1.778890e-02  1.718038e-02 -1.109814e-02 
 1.950000e+04  1.013000e+02 -1.790701e-02  1.728902e-02 -1.117273e-02 
 1.955000e+04  1.034273e+02 -1.803134e-02  1.740348e-02 -1.125122e-02 
 1.960000e+04  1.055708e+02 -1.815488e-02  1.751728e-02 -1.132921e-02 
 1.965000e+04  1.077557e+02 -1.827898e-02  1.763158e-02 -1.140738e-02 
 1.970000e+04  1.101190e+02 -1.841161e-02  1.775349e-02 -1.149076e-02 
 1.975000e+04  1.124823e+02 -1.854241e-02  1.787338e-02 -1.157299e-02 
 1.980000e+04  1.148456e+02 -1.867114e-02  1.799114e-02 -1.165389e-02 
 1.985000e+04  1.173626e+02 -1.880631e-02  1.811455e-02 -1.173870e-02 
 1.990000e+04  1.199681e+02 -1.894439e-02  1.824049e-02 -1.182530e-02 
 1.995000e+04  1.225736e+02 -1.908029e-02  1.836452e-02 -1.191049e-02 
 2.000000e+04  1.252078e+02 -1.921539e-02  1.848800e-02 -1.199511e-02 
 2.005000e+04  1.280640e+02 -1.935982e-02  1.862001e-02 -1.208553e-02 
 2.010000e+04  1.309366e+02 -1.950289e-02  1.875074e-02 -1.217509e-02 
 2.015000e+04  1.338092e+02 -1.964363e-02  1.887919e-02 -1.226314e-02 
 2.020000e+04  1.368624e+02 -1.979103e-02  1.901335e-02 -1.235522e-02 
 2.025000e+04  1.400294e+02 -1.994179e-02  1.915022e-02 -1.244924e-02 
 2.030000e+04  1.431964e+02 -2.009001e-02  1.928470e-02 -1.254164e-02 
 2.035000e+04  1.463761e+02 -2.023635e-02  1.941733e-02 -1.263277e-02 
 2.040000e+04  1.497015e+02 -2.038705e-02  1.955392e-02 -1.272662e-02 
 2.045000e+04  1.530269e+02 -2.053529e-02  1.968845e-02 -1.281896e-02 
 2.050000e+04  1.563955e+02 -2.068305e-02  1.982241e-02 -1.291080e-02 
 2.055000e+04  1.600583e+02 -2.084146e-02  1.996577e-02 -1.300917e-02 
 2.060000e+04  1.637245e+02 -2.099757e-02  2.010684e-02 -1.310611e-02 
 2.065000e+04  1.673908e+02 -2.115101e-02  2.024518e-02 -1.320126e-02 
 2.070000e+04  1.713313e+02 -2.131332e-02  2.039110e-02 -1.330172e-02 
 2.075000e+04  1.753733e+02 -2.147734e-02  2.053834e-02 -1.340315e-02 
 2.080000e+04  1.794153e+02 -2.163844e-02  2.068302e-02 -1.350279e-02 
 2.085000e+04  1.834978e+02 -2.179829e-02  2.082641e-02 -1.360155e-02 
 2.090000e+04  1.879244e+02 -2.196885e-02  2.097935e-02 -1.370689e-02 
 2.095000e+04  1.923807e+02 -2.213763e-02  2.113081e-02 -1.381121e-02 
 2.100000e+04  1.968415e+02 -2.230351e-02  2.127955e-02 -1.391360e-02 
 2.105000e+04  2.017172e+02 -2.248182e-02  2.143916e-02 -1.402351e-02 
 2.110000e+04  2.066303e+02 -2.265850e-02  2.159706e-02 -1.413244e-02 
 2.115000e+04  2.115435e+02 -2.283182e-02  2.175184e-02 -1.423928e-02 
 2.120000e+04  2.165708e+02 -2.300587e-02  2.190708e-02 -1.434644e-02 
 2.125000e+04  2.219875e+02 -2.319037e-02  2.207149e-02 -1.445997e-02 
 2.130000e+04  2.274042e+02 -2.337157e-02  2.223297e-02 -1.457145e-02 
 2.135000e+04  2.328209e+02 -2.354931e-02  2.239122e-02 -1.468073e-02 
 2.140000e+04  2.385599e+02 -2.373426e-02  2.255567e-02 -1.479441e-02 
 2.145000e+04  2.445319e+02 -2.392340e-02  2.272373e-02 -1.491066e-02 
 2.150000e+04  2.505038e+02 -2.410900e-02  2.288844e-02 -1.502461e-02 
 2.155000e+04  2.567003e+02 -2.429808e-02  2.305574e-02 -1.514053e-02 
 2.160000e+04  2.632843e+02 -2.449557e-02  2.323024e-02 -1.526162e-02 
 2.165000e+04  2.698684e+02 -2.468922e-02  2.340127e-02 -1.538035e-02 
 2.170000e+04  2.764524e+02 -2.487900e-02  2.356871e-02 -1.549660e-02 
 2.175000e+04  2.834289e+02 -2.507639e-02  2.374267e-02 -1.561752e-02 
 2.180000e+04  2.906878e+02 -2.527810e-02  2.392037e-02 -1.574116e-02 
 2.185000e+04  2.979467e+02 -2.547588e-02  2.409447e-02 -1.586229e-02 
 2.190000e+04  3.053871e+02 -2.567471e-02  2.426920e-02 -1.598398e-02 
 2.195000e+04  3.130089e+02 -2.587461e-02  2.444472e-02 -1.610640e-02 
 2.200000e+04  3.206308e+02 -2.607053e-02  2.461670e-02 -1.622645e-02 
 2.205000e+04  3.288611e+02 -2.627799e-02  2.479869e-02 -1.635352e-02 
 2.210000e+04  3.376844e+02 -2.649659e-02  2.499036e-02 -1.648746e-02 
 2.215000e+04  3.465076e+02 -2.671085e-02  2.517815e-02 -1.661885e-02 
 2.220000e+04  3.553309e+02 -2.692052e-02  2.536171e-02 -1.674737e-02 
 2.225000e+04  3.644316e+02 -2.713232e-02  2.554683e-02 -1.687721e-02 
 2.230000e+04  3.741592e+02 -2.735453e-02  2.574094e-02 -1.701356e-02 
 2.235000e+04  3.838869e+02 -2.757240e-02  2.593106e-02 -1.714723e-02 
 2.240000e+04  3.936145e+02 -2.778593e-02  2.611704e-02 -1.727819e-02 
 2.245000e+04  4.038091e+02 -2.800542e-02  2.630797e-02 -1.741290e-02 
 2.250000e+04  4.140231e+02 -2.822090e-02  2.649548e-02 -1.754530e-02 
 2.255000e+04  4.247269e+02 -2.844209e-02  2.668792e-02 -1.768126e-02 
 2.260000e+04  4.359878e+02 -2.867053e-02  2.688661e-02 -1.782185e-02 
 2.265000e+04  4.472488e+02 -2.889450e-02  2.708131e-02 -1.795990e-02 
 2.270000e+04  4.585097e+02 -2.911385e-02  2.727185e-02 -1.809516e-02 
 2.275000e+04  4.700525e+02 -2.933421e-02  2.746310e-02 -1.823111e-02 
 2.280000e+04  4.816266e+02 -2.955092e-02  2.765112e-02 -1.836500e-02 
 2.285000e+04  4.932006e+02 -2.976350e-02  2.783545e-02 -1.849649e-02 
 2.290000e+04  5.047747e+02 -2.997216e-02  2.801628e-02 -1.862568e-02 
 2.295000e+04  5.163488e+02 -3.017714e-02  2.819391e-02 -1.875279e-02 
 2.300000e+04  5.279228e+02 -3.037846e-02  2.836855e-02 -1.887787e-02 
 2.305000e+04  5.394969e+02 -3.057629e-02  2.854018e-02 -1.900090e-02 
 2.310000e+04  5.510710e+02 -3.077086e-02  2.870895e-02 -1.912210e-02 
 2.315000e+04  5.626451e+02 -3.096239e-02  2.887506e-02 -1.924161e-02 
 2.320000e+04  5.742191e+02 -3.115098e-02  2.903850e-02 -1.935940e-02 
 2.325000e+04  5.857932e+02 -3.133669e-02  2.919940e-02 -1.947554e-02 
 2.330000e+04  5.973673e+02 -3.151971e-02  2.935791e-02 -1.959014e-02 
 2.335000e+04  6.089414e+02 -3.170018e-02  2.951410e-02 -1.970328e-02 
 2.340000e+04  6.205154e+02 -3.187815e-02  2.966807e-02 -1.981498e-02 
 2.345000e+04  6.320895e+02 -3.205382e-02  2.981996e-02 -1.992532e-02 
 2.350000e+04  6.436636e+02 -3.222723e-02  2.996984e-02 -2.003438e-02 
 2.355000e+04  6.552377e+02 -3.239848e-02  3.011771e-02 -2.014172e-02 
 2.360000e+04  6.668117e+02 -3.256767e-02  3.026330e-02 -2.024748e-02 
 2.365000e+04  6.783858e+02 -3.273492e-02  3.040630e-02 -2.035271e-02 
 2.370000e+04  6.899599e+02 -3.289976e-02  3.054810e-02 -2.045700e-02 
 2.375000e+04  7.015340e+02 -3.306301e-02  3.068881e-02 -2.055994e-02 
 2.380000e+04  7.131080e+02 -3.322447e-02  3.082754e-02 -2.066173e-02 
 2.385000e+04  7.246821e+02 -3.338368e-02  3.096488e-02 -2.076247e-02 
 2.390000e+04  7.362562e+02 -3.354078e-02  3.110111e-02 -2.086258e-02 
 2.395000e+04  7.478303e+02 -3.369593e-02  3.123582e-02 -2.096165e-02 
 2.400000e+04  7.594043e+02 -3.384953e-02  3.136909e-02 -2.105950e-02 
 2.405000e+04  7.709784e+02 -3.400131e-02  3.150031e-02 -2.115670e-02 
 2.410000e+04  7.825525e+02 -3.415177e-02  3.163024e-02 -2.125334e-02 
 2.415000e+04  7.941266e+02 -3.430084e-02  3.175902e-02 -2.134899e-02 
 2.420000e+04  8.057006e+02 -3.444779e-02  3.188727e-02 -2.144377e-02 
 2.425000e+04  8.172747e+02 -3.459372e-02  3.201414e-02 -2.153781e-02 
 2.430000e+04  8.288488e+02 -3.473857e-02  3.213970e-02 -2.163139e-02 
 2.435000e+04  8.404228e+02 -3.488208e-02  3.226401e-02 -2.172399e-02 
 2.440000e+04  8.519969e+02 -3.502495e-02  3.238720e-02 -2.181575e-02 
 2.445000e+04  8.635710e+02 -3.516615e-02  3.250854e-02 -2.190697e-02 
 2.450000e+04  8.751451e+02 -3.530637e-02  3.262875e-02 -2.199756e-02 
 2.455000e+04  8.867191e+02 -3.544565e-02  3.274816e-02 -2.208733e-02 
 2.460000e+04  8.982932e+02 -3.558377e-02  3.286681e-02 -2.217630e-02 
 2.465000e+04  9.098673e+02 -3.572128e-02  3.298419e-02 -2.226511e-02 
 2.470000e+04  9.214414e+02 -3.585697e-02  3.310013e-02 -2.235305e-02 
 2.475000e+04  9.330154e+02 -3.599158e-02  3.321505e-02 -2.244001e-02 
 2.480000e+04  9.445895e+02 -3.612567e-02  3.332959e-02 -2.252647e-02 
 2.485000e+04  9.561636e+02 -3.625823e-02  3.344249e-02 -2.261254e-02 
 2.490000e+04  9.677377e+02 -3.638974e-02  3.355512e-02 -2.269806e-02 
 2.495000e+04  9.793117e+02 -3.652016e-02  3.366772e-02 -2.278389e-02 
 2.500000e+04  9.908858e+02 -3.664965e-02  3.378001e-02 -2.286901e-02 
 2.505000e+04  1.002460e+03 -3.677844e-02  3.389113e-02 -2.295317e-02 
 2.510000e+04  1.014034e+03 -3.690696e-02  3.400159e-02 -2.303667e-02 
 2.515000e+04  1.025608e+03 -3.703357e-02  3.411082e-02 -2.311940e-02 
 2.520000e+04  1.037182e+03 -3.715814e-02  3.421881e-02 -2.320181e-02 
 2.525000e+04  1.048756e+03 -3.728181e-02  3.432656e-02 -2.328415e-02 
 2.530000e+04  1.060330e+03 -3.740506e-02  3.443342e-02 -2.336571e-02 
 2.535000e+04  1.071904e+03 -3.752800e-02  3.453948e-02 -2.344667e-02 
 2.540000e+04  1.083478e+03 -3.765037e-02  3.464546e-02 -2.352728e-02 
 2.545000e+04  1.095052e+03 -3.777247e-02  3.475090e-02 -2.360737e-02 
 2.550000e+04  1.106627e+03 -3.789378e-02  3.485548e-02 -2.368673e-02 
 2.555000e+04  1.118201e+03 -3.801436e-02  3.495856e-02 -2.376578e-02 
 2.560000e+04  1.129775e+03 -3.813429e-02  3.506133e-02 -2.384463e-02 
 2.565000e+04  1.141349e+03 -3.825324e-02  3.516389e-02 -2.392329e-02 
 2.570000e+04  1.152923e+03 -3.837202e-02  3.526630e-02 -2.400174e-02 
 2.575000e+04  1.164497e+03 -3.849068e-02  3.536741e-02 -2.407973e-02 
 2.580000e+04  1.176071e+03 -3.860886e-02  3.546714e-02 -2.415694e-02 
 2.585000e+04  1.187645e+03 -3.872512e-02  3.556628e-02 -2.423389e-02 
 2.590000e+04  1.199219e+03 -3.884151e-02  3.566493e-02 -2.431038e-02 
 2.595000e+04  1.210793e+03 -3.895745e-02  3.576336e-02 -2.438649e-02 
 2.600000e+04  1.222367e+03 -3.907302e-02  3.586201e-02 -2.446245e-02 
 2.605000e+04  1.233941e+03 -3.918717e-02  3.596065e-02 -2.453876e-02 
 2.610000e+04  1.245515e+03 -3.930118e-02  3.605844e-02 -2.461413e-02 
 2.615000e+04  1.257090e+03 -3.941476e-02  3.615462e-02 -2.468873e-02 
 2.620000e+04  1.268664e+03 -3.952759e-02  3.625085e-02 -2.476341e-02 
 2.625000e+04  1.280238e+03 -3.963897e-02  3.634692e-02 -2.483797e-02 
 2.630000e+04  1.291812e+03 -3.974992e-02  3.644290e-02 -2.491223e-02 
 2.635000e+04  1.303386e+03 -3.986056e-02  3.653860e-02 -2.498654e-02 
 2.640000e+04  1.314960e+03 -3.997130e-02  3.663394e-02 -2.506009e-02 
 2.645000e+04  1.326534e+03 -4.008050e-02  3.672909e-02 -2.513286e-02 
 2.650000e+04  1.338108e+03 -4.018886e-02  3.682454e-02 -2.520571e-02 
 2.655000e+04  1.349682e+03 -4.029717e-02  3.691899e-02 -2.527869e-02 
 2.660000e+04  1.361256e+03 -4.040494e-02  3.701195e-02 -2.535140e-02 
 2.665000e+04  1.372830e+03 -4.051299e-02  3.710421e-02 -2.542368e-02 
 2.670000e+04  1.384404e+03 -4.062115e-02  3.719607e-02 -2.549576e-02 
 2.675000e+04  1.395978e+03 -4.072766e-02  3.728773e-02 -2.556734e-02 
 2.680000e+04  1.407552e+03 -4.083397e-02  3.737945e-02 -2.563825e-02 
 2.685000e+04  1.419127e+03 -4.094069e-02  3.747062e-02 -2.570882e-02 
 2.690000e+04  1.430701e+03 -4.104742e-02  3.756088e-02 -2.577955e-02 
 2.695000e+04  1.442275e+03 -4.115361e-02  3.765131e-02 -2.585027e-02 
 2.700000e+04  1.453849e+03 -4.125890e-02  3.774190e-02 -2.592118e-02 
 2.705000e+04  1.465423e+03 -4.136418e-02  3.783260e-02 -2.599155e-02 
 2.710000e+04  1.476997e+03 -4.146838e-02  3.792230e-02 -2.606178e-02 
 2.715000e+04  1.488571e+03 -4.157232e-02  3.801081e-02 -2.613160e-02 
 2.720000e+04  1.500145e+03 -4.167518e-02  3.809823e-02 -2.620086e-02 
 2.725000e+04  1.511719e+03 -4.177789e-02  3.818621e-02 -2.626973e-02 
 2.730000e+04  1.523293e+03 -4.188012e-02  3.827434e-02 -2.633865e-02 
 2.735000e+04  1.534867e+03 -4.198211e-02  3.836249e-02 -2.640712e-02 
 2.740000e+04  1.546441e+03 -4.208382e-02  3.845034e-02 -2.647558e-02 
 2.745000e+04  1.558015e+03 -4.218489e-02  3.853818e-02 -2.654399e-02 
 2.750000e+04  1.569590e+03 -4.228531e-02  3.862550e-02 -2.661242e-02 
 2.755000e+04  1.581164e+03 -4.238603e-02  3.871251e-02 -2.668067e-02 
 2.760000e+04  1.592738e+03 -4.248671e-02  3.879932e-02 -2.674843e-02 
 2.765000e+04  1.604312e+03 -4.258681e-02  3.888581e-02 -2.681598e-02 
 2.770000e+04  1.615886e+03 -4.268632e-02  3.897230e-02 -2.688333e-02 
 2.775000e+04  1.627460e+03 -4.278565e-02  3.905860e-02 -2.695061e-02 
 2.780000e+04  1.639034e+03 -4.288461e-02  3.914411e-02 -2.701763e-02 
 2.785000e+04  1.650608e+03 -4.298285e-02  3.922887e-02 -2.708428e-02 
 2.790000e+04  1.662182e+03 -4.308089e-02  3.931313e-02 -2.715065e-02 
 2.795000e+04  1.673756e+03 -4.317853e-02  3.939715e-02 -2.721729e-02 
 2.800000e+04  1.685330e+03 -4.327508e-02  3.948128e-02 -2.728377e-02 
 2.805000e+04  1.696904e+03 -4.337199e-02  3.956480e-02 -2.735001e-02 
 2.810000e+04  1.708478e+03 -4.346932e-02  3.964840e-02 -2.741610e-02 
 2.815000e+04  1.720052e+03 -4.356676e-02  3.973143e-02 -2.748172e-02 
 2.820000e+04  1.731627e+03 -4.366377e-02  3.981413e-02 -2.754709e-02 
 2.825000e+04  1.743201e+03 -4.376014e-02  3.989675e-02 -2.761252e-02 
 2.830000e+04  1.754775e+03 -4.385626e-02  3.997787e-02 -2.767801e-02 
 2.835000e+04  1.766349e+03 -4.395202e-02  4.005839e-02 -2.774309e-02 
 2.840000e+04  1.777923e+03 -4.404695e-02  4.013941e-02 -2.780772e-02 
 2.845000e+04  1.789497e+03 -4.414160e-02  4.022134e-02 -2.787253e-02 
 2.850000e+04  1.801071e+03 -4.423613e-02  4.030370e-02 -2.793733e-02 
 2.855000e+04  1.812645e+03 -4.433067e-02  4.038587e-02 -2.800180e-02 
 2.860000e+04  1.824219e+03 -4.442519e-02  4.046803e-02 -2.806646e-02 
 2.865000e+04  1.835793e+03 -4.451923e-02  4.054982e-02 -2.813098e-02 
 2.870000e+04  1.847367e+03 -4.461205e-02  4.063089e-02 -2.819508e-02 
 2.875000e+04  1.858941e+03 -4.470442e-02  4.071161e-02 -2.825899e-02 
 2.880000e+04  1.870515e+03 -4.479690e-02  4.079224e-02 -2.832283e-02 
 2.885000e+04  1.882090e+03 -4.488922e-02  4.087228e-02 -2.838621e-02 
 2.890000e+04  1.893664e+03 -4.498121e-02  4.095173e-02 -2.844965e-02 
 2.895000e+04  1.905238e+03 -4.507348e-02  4.103085e-02 -2.851307e-02 
 2.900000e+04  1.916812e+03 -4.516569e-02  4.110943e-02 -2.857647e-02 
 2.905000e+04  1.928386e+03 -4.525751e-02  4.118795e-02 -2.863938e-02 
 2.910000e+04  1.939960e+03 -4.534899e-02  4.126684e-02 -2.870213e-02 
 2.915000e+04  1.951534e+03 -4.544028e-02  4.134582e-02 -2.876475e-02 
 2.920000e+04  1.963108e+03 -4.553169e-02  4.142478e-02 -2.882717e-02 
 2.925000e+04  1.974682e+03 -4.562275e-02  4.150361e-02 -2.888985e-02 
 2.930000e+04  1.986256e+03 -4.571298e-02  4.158150e-02 -2.895235e-02 
 2.935000e+04  1.997830e+03 -4.580218e-02  4.165889e-02 -2.901459e-02 
 2.940000e+04  2.009404e+03 -4.589170e-02  4.173643e-02 -2.907669e-02 
 2.945000e+04  2.020978e+03 -4.598138e-02  4.181389e-02 -2.913862e-02 
 2.950000e+04  2.032552e+03 -4.607103e-02  4.189146e-02 -2.920008e-02 
 2.955000e+04  2.044127e+03 -4.616077e-02  4.196904e-02 -2.926182e-02 
 2.960000e+04  2.055701e+03 -4.625035e-02  4.204694e-02 -2.932385e-02 
 2.965000e+04  2.067275e+03 -4.633930e-02  4.212456e-02 -2.938568e-02 
 2.970000e+04  2.078849e+03 -4.642798e-02  4.220166e-02 -2.944697e-02 
 2.975000e+04  2.090423e+03 -4.651571e-02  4.227820e-02 -2.950824e-02 
 2.980000e+04  2.101997e+03 -4.660362e-02  4.235450e-02 -2.956955e-02 
 2.985000e+04  2.113571e+03 -4.669114e-02  4.243058e-02 -2.963038e-02 
 2.990000e+04  2.125145e+03 -4.677880e-02  4.250666e-02 -2.969090e-02 
 2.995000e+04  2.136719e+03 -4.686626e-02  4.258292e-02 -2.975146e-02 
 3.000000e+04  2.148293e+03 -4.695374e-02  4.265912e-02 -2.981193e-02 
 3.005000e+04  2.159867e+03 -4.704124e-02  4.273509e-02 -2.987217e-02 
 3.010000e+04  2.171441e+03 -4.712870e-02  4.281005e-02 -2.993265e-02 
 3.015000e+04  2.183015e+03 -4.721530e-02  4.288415e-02 -2.999329e-02 
 3.020000e+04  2.194590e+03 -4.730096e-02  4.295802e-02 -3.005377e-02 
 3.025000e+04  2.206164e+03 -4.738669e-02  4.303156e-02 -3.011377e-02 
 3.030000e+04  2.217738e+03 -4.747281e-02  4.310558e-02 -3.017345e-02 
 3.035000e+04  2.229312e+03 -4.755912e-02  4.318013e-02 -3.023290e-02 
 3.040000e+04  2.240886e+03 -4.764561e-02  4.325488e-02 -3.029223e-02 
 3.045000e+04  2.252460e+03 -4.773212e-02  4.332986e-02 -3.035168e-02 
 3.050000e+04  2.264034e+03 -4.781841e-02  4.340473e-02 -3.041135e-02 
 3.055000e+04  2.275608e+03 -4.790421e-02  4.347922e-02 -3.047110e-02 
 3.060000e+04  2.287182e+03 -4.798879e-02  4.355340e-02 -3.053070e-02 
 3.065000e+04  2.298756e+03 -4.807298e-02  4.362732e-02 -3.059025e-02 
 3.070000e+04  2.310330e+03 -4.815702e-02  4.370118e-02 -3.064958e-02 
 3.075000e+04  2.321904e+03 -4.824098e-02  4.377504e-02 -3.070812e-02 
 3.080000e+04  2.333478e+03 -4.832516e-02  4.384898e-02 -3.076627e-02 
 3.085000e+04  2.345052e+03 -4.840949e-02  4.392248e-02 -3.082450e-02 
 3.090000e+04  2.356627e+03 -4.849336e-02  4.399580e-02 -3.088291e-02 
 3.095000e+04  2.368201e+03 -4.857716e-02  4.406900e-02 -3.094121e-02 
 3.100000e+04  2.379775e+03 -4.866097e-02  4.414212e-02 -3.099985e-02 
 3.105000e+04  2.391349e+03 -4.874480e-02  4.421525e-02 -3.105849e-02 
 3.110000e+04  2.402923e+03 -4.882838e-02  4.428811e-02 -3.111684e-02 
 3.115000e+04  2.414497e+03 -4.891159e-02  4.436062e-02 -3.117487e-02 
 3.120000e+04  2.426071e+03 -4.899478e-02  4.443295e-02 -3.123273e-02 
 3.125000e+04  2.437645e+03 -4.907814e-02  4.450531e-02 -3.129055e-02 
 3.130000e+04  2.449219e+03 -4.916141e-02  4.457758e-02 -3.134829e-02 
 3.135000e+04  2.460793e+03 -4.924465e-02  4.464968e-02 -3.140597e-02 
 3.140000e+04  2.472367e+03 -4.932789e-02  4.472162e-02 -3.146369e-02 
 3.145000e+04  2.483941e+03 -4.941113e-02  4.479329e-02 -3.152141e-02 
 3.150000e+04  2.495515e+03 -4.949415e-02  4.486488e-02 -3.157909e-02 
 3.155000e+04  2.507090e+03 -4.957666e-02  4.493649e-02 -3.163670e-02 
 3.160000e+04  2.518664e+03 -4.965900e-02  4.500822e-02 -3.169411e-02 
 3.165000e+04  2.530238e+03 -4.974119e-02  4.507984e-02 -3.175142e-02 
 3.170000e+04  2.541812e+03 -4.982288e-02  4.515135e-02 -3.180849e-02 
 3.175000e+04  2.553386e+03 -4.990416e-02  4.522290e-02 -3.186547e-02 
 3.180000e+04  2.564960e+03 -4.998553e-02  4.529445e-02 -3.192238e-02 
 3.185000e+04  2.576534e+03 -5.006699e-02  4.536597e-02 -3.197925e-02 
 3.190000e+04  2.588108e+03 -5.014827e-02  4.543715e-02 -3.203605e-02 
 3.195000e+04  2.599682e+03 -5.022948e-02  4.550754e-02 -3.209292e-02 
 3.200000e+04  2.611256e+03 -5.031067e-02  4.557803e-02 -3.214968e-02 
 3.205000e+04  2.622830e+03 -5.039165e-02  4.564857e-02 -3.220626e-02 
 3.210000e+04  2.634404e+03 -5.047252e-02  4.571907e-02 -3.226241e-02 
 3.215000e+04  2.645978e+03 -5.055331e-02  4.578958e-02 -3.231838e-02 
 3.220000e+04  2.657552e+03 -5.063400e-02  4.586023e-02 -3.237441e-02 
 3.225000e+04  2.669127e+03 -5.071436e-02  4.593080e-02 -3.243047e-02 
 3.230000e+04  2.680701e+03 -5.079470e-02  4.600121e-02 -3.248659e-02 
 3.235000e+04  2.692275e+03 -5.087523e-02  4.607124e-02 -3.254283e-02 
 3.240000e+04  2.703849e+03 -5.095576e-02  4.614084e-02 -3.259908e-02 
 3.245000e+04  2.715423e+03 -5.103598e-02  4.621020e-02 -3.265502e-02 
 3.250000e+04  2.726997e+03 -5.111585e-02  4.627956e-02 -3.271067e-02 
 3.255000e+04  2.738571e+03 -5.119565e-02  4.634921e-02 -3.276624e-02 
 3.260000e+04  2.750145e+03 -5.127530e-02  4.641890e-02 -3.282184e-02 
 3.265000e+04  2.761719e+03 -5.135490e-02  4.648847e-02 -3.287723e-02 
 3.270000e+04  2.773293e+03 -5.143438e-02  4.655786e-02 -3.293257e-02 
 3.275000e+04  2.784867e+03 -5.151369e-02  4.662728e-02 -3.298789e-02 
 3.280000e+04  2.796441e+03 -5.159285e-02  4.669646e-02 -3.304329e-02 
 3.285000e+04  2.808015e+03 -5.167193e-02  4.676535e-02 -3.309865e-02 
 3.290000e+04  2.819590e+03 -5.175106e-02  4.683401e-02 -3.315401e-02 
 3.295000e+04  2.831164e+03 -5.183031e-02  4.690268e-02 -3.320938e-02 
 3.300000e+04  2.842738e+03 -5.190918e-02  4.697139e-02 -3.326457e-02 
 3.305000e+04  2.854312e+03 -5.198767e-02  4.704012e-02 -3.331947e-02 
 3.310000e+04  2.865886e+03 -5.206624e-02  4.710877e-02 -3.337401e-02 
 3.315000e+04  2.877460e+03 -5.214471e-02  4.717741e-02 -3.342855e-02 
 3.320000e+04  2.889034e+03 -5.222320e-02  4.724599e-02 -3.348311e-02 
 3.325000e+04  2.900608e+03 -5.230140e-02  4.731439e-02 -3.353788e-02 
 3.330000e+04  2.912182e+03 -5.237961e-02  4.738273e-02 -3.359275e-02 
 3.335000e+04  2.923756e+03 -5.245776e-02  4.745057e-02 -3.364753e-02 
 3.340000e+04  2.935330e+03 -5.253591e-02  4.751821e-02 -3.370206e-02 
 3.345000e+04  2.946904e+03 -5.261392e-02  4.758587e-02 -3.375634e-02 
 3.350000e+04  2.958478e+03 -5.269158e-02  4.765353e-02 -3.381056e-02 
 3.355000e+04  2.970052e+03 -5.276894e-02  4.772078e-02 -3.386453e-02 
 3.360000e+04  2.981627e+03 -5.284633e-02  4.778802e-02 -3.391847e-02 
 3.365000e+04  2.993201e+03 -5.292376e-02  4.785536e-02 -3.397248e-02 
 3.370000e+04  3.004775e+03 -5.300120e-02  4.792266e-02 -3.402640e-02 
 3.375000e+04  3.016349e+03 -5.307862e-02  4.798980e-02 -3.408036e-02 
 3.380000e+04  3.027923e+03 -5.315565e-02  4.805695e-02 -3.413430e-02 
 3.385000e+04  3.039497e+03 -5.323247e-02  4.812397e-02 -3.418817e-02 
 3.390000e+04  3.051071e+03 -5.330905e-02  4.819066e-02 -3.424193e-02 
 3.395000e+04  3.062645e+03 -5.338558e-02  4.825676e-02 -3.429549e-02 
 3.400000e+04  3.074219e+03 -5.346218e-02  4.832297e-02 -3.434895e-02 
 3.405000e+04  3.085793e+03 -5.353867e-02  4.838944e-02 -3.440230e-02 
 3.410000e+04  3.097367e+03 -5.361491e-02  4.845619e-02 -3.445564e-02 
 3.415000e+04  3.108941e+03 -5.369101e-02  4.852294e-02 -3.450907e-02 
 3.420000e+04  3.120515e+03 -5.376645e-02  4.858905e-02 -3.456238e-02 
 3.425000e+04  3.132090e+03 -5.384200e-02  4.865467e-02 -3.461554e-02 
 3.430000e+04  3.143664e+03 -5.391768e-02  4.872041e-02 -3.466861e-02 
 3.435000e+04  3.155238e+03 -5.399343e-02  4.878636e-02 -3.472168e-02 
 3.440000e+04  3.166812e+03 -5.406924e-02  4.885251e-02 -3.477481e-02 
 3.445000e+04  3.178386e+03 -5.414510e-02  4.891885e-02 -3.482794e-02 
 3.450000e+04  3.189960e+03 -5.422009e-02  4.898493e-02 -3.488092e-02 
 3.455000e+04  3.201534e+03 -5.429498e-02  4.905082e-02 -3.493377e-02 
 3.460000e+04  3.213108e+03 -5.436994e-02  4.911661e-02 -3.498657e-02 
 3.465000e+04  3.224682e+03 -5.444504e-02  4.918183e-02 -3.503918e-02 
 3.470000e+04  3.236256e+03 -5.451999e-02  4.924676e-02 -3.509164e-02 
 3.475000e+04  3.247830e+03 -5.459494e-02  4.931188e-02 -3.514414e-02 
 3.480000e+04  3.259404e+03 -5.466998e-02  4.937707e-02 -3.519663e-02 
 3.485000e+04  3.270978e+03 -5.474499e-02  4.944217e-02 -3.524907e-02 
 3.490000e+04  3.282552e+03 -5.482005e-02  4.950719e-02 -3.530141e-02 
 3.495000e+04  3.294127e+03 -5.489497e-02  4.957235e-02 -3.535380e-02 
 3.500000e+04  3.305701e+03 -5.496944e-02  4.963769e-02 -3.540620e-02 
 3.505000e+04  3.317275e+03 -5.504380e-02  4.970295e-02 -3.545852e-02 
 3.510000e+04  3.328849e+03 -5.511811e-02  4.976815e-02 -3.551077e-02 
 3.515000e+04  3.340423e+03 -5.519213e-02  4.983331e-02 -3.556293e-02 
 3.520000e+04  3.351997e+03 -5.526612e-02  4.989770e-02 -3.561499e-02 
 3.525000e+04  3.363571e+03 -5.533956e-02  4.996196e-02 -3.566689e-02 
 3.530000e+04  3.375145e+03 -5.541278e-02  5.002629e-02 -3.571873e-02 
 3.535000e+04  3.386719e+03 -5.548593e-02  5.009086e-02 -3.577051e-02 
 3.540000e+04  3.398293e+03 -5.555925e-02  5.015558e-02 -3.582210e-02 
 3.545000e+04  3.409867e+03 -5.563267e-02  5.022047e-02 -3.587364e-02 
 3.550000e+04  3.421441e+03 -5.570600e-02  5.028557e-02 -3.592523e-02 
 3.555000e+04  3.433015e+03 -5.577896e-02  5.035067e-02 -3.597670e-02 
 3.560000e+04  3.444590e+03 -5.585155e-02  5.041547e-02 -3.602813e-02 
 3.565000e+04  3.456164e+03 -5.592422e-02  5.047993e-02 -3.607958e-02 
 3.570000e+04  3.467738e+03 -5.599719e-02  5.054411e-02 -3.613116e-02 
 3.575000e+04  3.479312e+03 -5.607012e-02  5.060820e-02 -3.618272e-02 
 3.580000e+04  3.490886e+03 -5.614306e-02  5.067219e-02 -3.623416e-02 
 3.585000e+04  3.502460e+03 -5.621618e-02  5.073626e-02 -3.628549e-02 
 3.590000e+04  3.514034e+03 -5.628921e-02  5.080019e-02 -3.633667e-02 
 3.595000e+04  3.525608e+03 -5.636218e-02  5.086331e-02 -3.638777e-02 
 3.600000e+04  3.537182e+03 -5.643502e-02  5.092604e-02 -3.643868e-02 
 3.605000e+04  3.548756e+03 -5.650784e-02  5.098885e-02 -3.648958e-02 
 3.610000e+04  3.560330e+03 -5.658064e-02  5.105199e-02 -3.654052e-02 
 3.615000e+04  3.571904e+03 -5.665343e-02  5.111524e-02 -3.659145e-02 
 3.620000e+04  3.583478e+03 -5.672631e-02  5.117854e-02 -3.664240e-02 
 3.625000e+04  3.595052e+03 -5.679898e-02  5.124167e-02 -3.669340e-02 
 3.630000e+04  3.606627e+03 -5.687131e-02  5.130486e-02 -3.674413e-02 
 3.635000e+04  3.618201e+03 -5.694340e-02  5.136813e-02 -3.679484e-02 
 3.640000e+04  3.629775e+03 -5.701524e-02  5.143150e-02 -3.684544e-02 
 3.645000e+04  3.641349e+03 -5.708679e-02  5.149488e-02 -3.689608e-02 
 3.650000e+04  3.652923e+03 -5.715811e-02  5.155834e-02 -3.694677e-02 
 3.655000e+04  3.664497e+03 -5.722881e-02  5.162180e-02 -3.699738e-02 
 3.660000e+04  3.676071e+03 -5.729959e-02  5.168529e-02 -3.704777e-02 
 3.665000e+04  3.687645e+03 -5.737055e-02  5.174872e-02 -3.709810e-02 
 3.670000e+04  3.699219e+03 -5.744144e-02  5.181194e-02 -3.714837e-02 
 3.675000e+04  3.710793e+03 -5.751221e-02  5.187512e-02 -3.719858e-02 
 3.680000e+04  3.722367e+03 -5.758308e-02  5.193831e-02 -3.724890e-02 
 3.685000e+04  3.733941e+03 -5.765398e-02  5.200142e-02 -3.729924e-02 
 3.690000e+04  3.745515e+03 -5.772489e-02  5.206424e-02 -3.734948e-02 
 3.695000e+04  3.757090e+03 -5.779591e-02  5.212687e-02 -3.739957e-02 
 3.700000e+04  3.768664e+03 -5.786711e-02  5.218939e-02 -3.744967e-02 
 3.705000e+04  3.780238e+03 -5.793832e-02  5.225163e-02 -3.749970e-02 
 3.710000e+04  3.791812e+03 -5.800952e-02  5.231374e-02 -3.754959e-02 
 3.715000e+04  3.803386e+03 -5.808084e-02  5.237571e-02 -3.759952e-02 
 3.720000e+04  3.814960e+03 -5.815219e-02  5.243763e-02 -3.764948e-02 
 3.725000e+04  3.826534e+03 -5.822352e-02  5.249949e-02 -3.769938e-02 
 3.730000e+04  3.838108e+03 -5.829474e-02  5.256130e-02 -3.774920e-02 
 3.735000e+04  3.849682e+03 -5.836573e-02  5.262297e-02 -3.779903e-02 
 3.740000e+04  3.861256e+03 -5.843652e-02  5.268480e-02 -3.784885e-02 
 3.745000e+04  3.872830e+03 -5.850711e-02  5.274674e-02 -3.789866e-02 
 3.750000e+04  3.884404e+03 -5.857757e-02  5.280880e-02 -3.794836e-02 
 3.755000e+04  3.895978e+03 -5.864782e-02  5.287098e-02 -3.799798e-02 
 3.760000e+04  3.907552e+03 -5.871796e-02  5.293323e-02 -3.804747e-02 
 3.765000e+04  3.919127e+03 -5.878761e-02  5.299547e-02 -3.809690e-02 
 3.770000e+04  3.930701e+03 -5.885708e-02  5.305722e-02 -3.814630e-02 
 3.775000e+04  3.942275e+03 -5.892651e-02  5.311872e-02 -3.819571e-02 
 3.780000e+04  3.953849e+03 -5.899578e-02  5.318027e-02 -3.824496e-02 
 3.785000e+04  3.965423e+03 -5.906493e-02  5.324187e-02 -3.829418e-02 
 3.790000e+04  3.976997e+03 -5.913430e-02  5.330358e-02 -3.834341e-02 
 3.795000e+04  3.988571e+03 -5.920383e-02  5.336530e-02 -3.839262e-02 
 3.800000e+04  4.000145e+03 -5.927343e-02  5.342695e-02 -3.844176e-02 
 3.805000e+04  4.011719e+03 -5.934284e-02  5.348852e-02 -3.849076e-02 
 3.810000e+04  4.023293e+03 -5.941222e-02  5.354984e-02 -3.853975e-02 
 3.815000e+04  4.034867e+03 -5.948164e-02  5.361096e-02 -3.858868e-02 
 3.820000e+04  4.046441e+03 -5.955119e-02  5.367185e-02 -3.863769e-02 
 3.825000e+04  4.058015e+03 -5.962086e-02  5.373258e-02 -3.868677e-02 
 3.830000e+04  4.069590e+03 -5.969005e-02  5.379324e-02 -3.873582e-02 
 3.835000e+04  4.081164e+03 -5.975921e-02  5.385383e-02 -3.878478e-02 
 3.840000e+04  4.092738e+03 -5.982849e-02  5.391444e-02 -3.883357e-02 
 3.845000e+04  4.104312e+03 -5.989775e-02  5.397516e-02 -3.888223e-02 
 3.850000e+04  4.115886e+03 -5.996688e-02  5.403597e-02 -3.893087e-02 
 3.855000e+04  4.127460e+03 -6.003586e-02  5.409693e-02 -3.897946e-02 
 3.860000e+04  4.139034e+03 -6.010475e-02  5.415780e-02 -3.902810e-02 
 3.865000e+04  4.150608e+03 -6.017333e-02  5.421859e-02 -3.907671e-02 
 3.870000e+04  4.162182e+03 -6.024187e-02  5.427926e-02 -3.912526e-02 
 3.875000e+04  4.173756e+03 -6.031023e-02  5.433988e-02 -3.917366e-02 
 3.880000e+04  4.185330e+03 -6.037838e-02  5.440057e-02 -3.922204e-02 
 3.885000e+04  4.196904e+03 -6.044638e-02  5.446135e-02 -3.927037e-02 
 3.890000e+04  4.208478e+03 -6.051440e-02  5.452192e-02 -3.931863e-02 
 3.895000e+04  4.220052e+03 -6.058243e-02  5.458248e-02 -3.936694e-02 
 3.900000e+04  4.231627e+03 -6.065059e-02  5.464301e-02 -3.941528e-02 
 3.905000e+04  4.243201e+03 -6.071873e-02  5.470344e-02 -3.946353e-02 
 3.910000e+04  4.254775e+03 -6.078684e-02  5.476372e-02 -3.951175e-02 
 3.915000e+04  4.266349e+03 -6.085501e-02  5.482390e-02 -3.955995e-02 
 3.920000e+04  4.277923e+03 -6.092323e-02  5.488394e-02 -3.960801e-02 
 3.925000e+04  4.289497e+03 -6.099118e-02  5.494386e-02 -3.965595e-02 
 3.930000e+04  4.301071e+03 -6.105904e-02  5.500375e-02 -3.970387e-02 
 3.935000e+04  4.312645e+03 -6.112701e-02  5.506358e-02 -3.975190e-02 
 3.940000e+04  4.324219e+03 -6.119501e-02  5.512315e-02 -3.979982e-02 
 3.945000e+04  4.335793e+03 -6.126303e-02  5.518203e-02 -3.984773e-02 
 3.950000e+04  4.347367e+03 -6.133102e-02  5.524098e-02 -3.989571e-02 
 3.955000e+04  4.358941e+03 -6.139876e-02  5.530013e-02 -3.994362e-02 
 3.960000e+04  4.370515e+03 -6.146637e-02  5.535935e-02 -3.999144e-02 
 3.965000e+04  4.382090e+03 -6.153405e-02  5.541841e-02 -4.003921e-02 
 3.970000e+04  4.393664e+03 -6.160176e-02  5.547759e-02 -4.008681e-02 
 3.975000e+04  4.405238e+03 -6.166910e-02  5.553695e-02 -4.013442e-02 
 3.980000e+04  4.416812e+03 -6.173579e-02  5.559645e-02 -4.018203e-02 
 3.985000e+04  4.428386e+03 -6.180241e-02  5.565592e-02 -4.022968e-02 
 3.990000e+04  4.439960e+03 -6.186916e-02  5.571526e-02 -4.027726e-02 
 3.995000e+04  4.451534e+03 -6.193592e-02  5.577452e-02 -4.032484e-02 
 4.000000e+04  4.463108e+03 -6.200250e-02  5.583389e-02 -4.037237e-02 
 4.005000e+04  4.474682e+03 -6.206899e-02  5.589329e-02 -4.041985e-02 
 4.010000e+04  4.486256e+03 -6.213543e-02  5.595271e-02 -4.046732e-02 
 4.015000e+04  4.497830e+03 -6.220184e-02  5.601199e-02 -4.051473e-02 
 4.020000e+04  4.509404e+03 -6.226824e-02  5.607118e-02 -4.056206e-02 
 4.025000e+04  4.520978e+03 -6.233465e-02  5.613032e-02 -4.060938e-02 
 4.030000e+04  4.532552e+03 -6.240110e-02  5.618935e-02 -4.065671e-02 
 4.035000e+04  4.544127e+03 -6.246744e-02  5.624822e-02 -4.070404e-02 
 4.040000e+04  4.555701e+03 -6.253371e-02  5.630694e-02 -4.075122e-02 
 4.045000e+04  4.567275e+03 -6.260012e-02  5.636547e-02 -4.079837e-02 
 4.050000e+04  4.578849e+03 -6.266647e-02  5.642397e-02 -4.084555e-02 
 4.055000e+04  4.590423e+03 -6.273284e-02  5.648245e-02 -4.089257e-02 
 4.060000e+04  4.601997e+03 -6.279922e-02  5.654084e-02 -4.093956e-02 
 4.065000e+04  4.613571e+03 -6.286560e-02  5.659919e-02 -4.098655e-02 
 4.070000e+04  4.625145e+03 -6.293184e-02  5.665741e-02 -4.103358e-02 
 4.075000e+04  4.636719e+03 -6.299792e-02  5.671564e-02 -4.108062e-02 
 4.080000e+04  4.648293e+03 -6.306388e-02  5.677393e-02 -4.112767e-02 
 4.085000e+04  4.659867e+03 -6.312982e-02  5.683226e-02 -4.117463e-02 
 4.090000e+04  4.671441e+03 -6.319569e-02  5.689056e-02 -4.122150e-02 
 4.095000e+04  4.683015e+03 -6.326149e-02  5.694882e-02 -4.126823e-02 
 4.100000e+04  4.694590e+03 -6.332671e-02  5.700710e-02 -4.131492e-02 
 4.105000e+04  4.706164e+03 -6.339150e-02  5.706538e-02 -4.136158e-02 
 4.110000e+04  4.717738e+03 -6.345630e-02  5.712306e-02 -4.140819e-02 
 4.115000e+04  4.729312e+03 -6.352118e-02  5.718069e-02 -4.145474e-02 
 4.120000e+04  4.740886e+03 -6.358620e-02  5.723842e-02 -4.150137e-02 
 4.125000e+04  4.752460e+03 -6.365115e-02  5.729635e-02 -4.154795e-02 
 4.130000e+04  4.764034e+03 -6.371613e-02  5.735439e-02 -4.159453e-02 
 4.135000e+04  4.775608e+03 -6.378122e-02  5.741239e-02 -4.164106e-02 
 4.140000e+04  4.787182e+03 -6.384639e-02  5.747020e-02 -4.168755e-02 
 4.145000e+04  4.798756e+03 -6.391155e-02  5.752784e-02 -4.173397e-02 
 4.150000e+04  4.810330e+03 -6.397664e-02  5.758540e-02 -4.178040e-02 
 4.155000e+04  4.821904e+03 -6.404174e-02  5.764285e-02 -4.182687e-02 
 4.160000e+04  4.833478e+03 -6.410681e-02  5.770016e-02 -4.187335e-02 
 4.165000e+04  4.845052e+03 -6.417195e-02  5.775731e-02 -4.191977e-02 
 4.170000e+04  4.856627e+03 -6.423714e-02  5.781431e-02 -4.196612e-02 
 4.175000e+04  4.868201e+03 -6.430239e-02  5.787139e-02 -4.201239e-02 
 4.180000e+04  4.879775e+03 -6.436744e-02  5.792854e-02 -4.205860e-02 
 4.185000e+04  4.891349e+03 -6.443228e-02  5.798576e-02 -4.210478e-02 
 4.190000e+04  4.902923e+03 -6.449695e-02  5.804299e-02 -4.215100e-02 
 4.195000e+04  4.914497e+03 -6.456140e-02  5.810022e-02 -4.219722e-02 
 4.200000e+04  4.926071e+03 -6.462574e-02  5.815749e-02 -4.224333e-02 
 4.205000e+04  4.937645e+03 -6.468999e-02  5.821478e-02 -4.228938e-02 
 4.210000e+04  4.949219e+03 -6.475417e-02  5.827204e-02 -4.233543e-02 
 4.215000e+04  4.960793e+03 -6.481834e-02  5.832915e-02 -4.238147e-02 
 4.220000e+04  4.972367e+03 -6.488241e-02  5.838621e-02 -4.242745e-02 
 4.225000e+04  4.983941e+03 -6.494642e-02  5.844323e-02 -4.247338e-02 
 4.230000e+04  4.995515e+03 -6.501033e-02  5.850032e-02 -4.251933e-02 
 4.235000e+04  5.007090e+03 -6.507368e-02  5.855743e-02 -4.256524e-02 
 4.240000e+04  5.018664e+03 -6.513705e-02  5.861445e-02 -4.261106e-02 
 4.245000e+04  5.030238e+03 -6.520064e-02  5.867129e-02 -4.265681e-02 
 4.250000e+04  5.041812e+03 -6.526444e-02  5.872810e-02 -4.270256e-02 
 4.255000e+04  5.053386e+03 -6.532834e-02  5.878488e-02 -4.274830e-02 
 4.260000e+04  5.064960e+03 -6.539226e-02  5.884117e-02 -4.279401e-02 
 4.265000e+04  5.076534e+03 -6.545621e-02  5.889694e-02 -4.283963e-02 
 4.270000e+04  5.088108e+03 -6.552009e-02  5.895249e-02 -4.288514e-02 
 4.275000e+04  5.099682e+03 -6.558390e-02  5.900815e-02 -4.293065e-02 
 4.280000e+04  5.111256e+03 -6.564771e-02  5.906408e-02 -4.297625e-02 
 4.285000e+04  5.122830e+03 -6.571160e-02  5.912021e-02 -4.302185e-02 
 4.290000e+04  5.134404e+03 -6.577548e-02  5.917652e-02 -4.306741e-02 
 4.295000e+04  5.145978e+03 -6.583924e-02  5.923285e-02 -4.311293e-02 
 4.300000e+04  5.157552e+03 -6.590283e-02  5.928913e-02 -4.315839e-02 
 4.305000e+04  5.169127e+03 -6.596626e-02  5.934532e-02 -4.320378e-02 
 4.310000e+04  5.180701e+03 -6.602954e-02  5.940143e-02 -4.324918e-02 
 4.315000e+04  5.192275e+03 -6.609260e-02  5.945751e-02 -4.329460e-02 
 4.320000e+04  5.203849e+03 -6.615558e-02  5.951363e-02 -4.333990e-02 
 4.325000e+04  5.215423e+03 -6.621831e-02  5.956983e-02 -4.338515e-02 
 4.330000e+04  5.226997e+03 -6.628055e-02  5.962619e-02 -4.343037e-02 
 4.335000e+04  5.238571e+03 -6.634274e-02  5.968265e-02 -4.347549e-02 
 4.340000e+04  5.250145e+03 -6.640511e-02  5.973911e-02 -4.352062e-02 
 4.345000e+04  5.261719e+03 -6.646766e-02  5.979551e-02 -4.356576e-02 
 4.350000e+04  5.273293e+03 -6.653032e-02  5.985178e-02 -4.361085e-02 
 4.355000e+04  5.284867e+03 -6.659301e-02  5.990787e-02 -4.365591e-02 
