         Step [creep.tim... Z Displace... Z Displace... X Displace... 
------------- ------------- ------------- ------------- ------------- 
 5.250000e+03  1.276223e-07 -4.629353e-03  4.524540e-03 -2.433365e-03 
 5.300000e+03  3.886505e-06 -4.629617e-03  4.524700e-03 -2.433638e-03 
 5.350000e+03  2.723127e-05 -4.631080e-03  4.525210e-03 -2.434890e-03 
 5.400000e+03  8.198279e-05 -4.632477e-03  4.525821e-03 -2.435753e-03 
 5.450000e+03  1.897832e-04 -4.633115e-03  4.527304e-03 -2.436748e-03 
 5.500000e+03  3.137425e-04 -4.635503e-03  4.530104e-03 -2.439410e-03 
 5.550000e+03  4.377018e-04 -4.639588e-03  4.534444e-03 -2.443403e-03 
 5.600000e+03  5.709838e-04 -4.644822e-03  4.540111e-03 -2.448056e-03 
 5.650000e+03  7.630300e-04 -4.652112e-03  4.548122e-03 -2.454010e-03 
 5.700000e+03  9.778093e-04 -4.658587e-03  4.555665e-03 -2.459294e-03 
 5.750000e+03  1.220669e-03 -4.663502e-03  4.560651e-03 -2.463111e-03 
 5.800000e+03  1.466100e-03 -4.667593e-03  4.563868e-03 -2.466283e-03 
 5.850000e+03  1.711531e-03 -4.672704e-03  4.567944e-03 -2.470612e-03 
 5.900000e+03  1.956962e-03 -4.679292e-03  4.573885e-03 -2.476376e-03 
 5.950000e+03  2.206973e-03 -4.686690e-03  4.581685e-03 -2.483125e-03 
 6.000000e+03  2.552600e-03 -4.696401e-03  4.592882e-03 -2.492256e-03 
 6.050000e+03  2.933344e-03 -4.706258e-03  4.603361e-03 -2.500716e-03 
 6.100000e+03  3.332135e-03 -4.714930e-03  4.611456e-03 -2.507288e-03 
 6.150000e+03  3.751906e-03 -4.722582e-03  4.618410e-03 -2.512783e-03 
 6.200000e+03  4.171676e-03 -4.730050e-03  4.625813e-03 -2.518573e-03 
 6.250000e+03  4.591446e-03 -4.738478e-03  4.634993e-03 -2.525702e-03 
 6.300000e+03  5.011216e-03 -4.748023e-03  4.645738e-03 -2.534206e-03 
 6.350000e+03  5.504595e-03 -4.759650e-03  4.658574e-03 -2.544899e-03 
 6.400000e+03  6.086816e-03 -4.772127e-03  4.671679e-03 -2.556339e-03 
 6.450000e+03  6.706210e-03 -4.783257e-03  4.683280e-03 -2.566379e-03 
 6.500000e+03  7.357412e-03 -4.793534e-03  4.694300e-03 -2.575178e-03 
 6.550000e+03  8.008613e-03 -4.803626e-03  4.705206e-03 -2.583286e-03 
 6.600000e+03  8.659814e-03 -4.814470e-03  4.717010e-03 -2.591891e-03 
 6.650000e+03  9.311016e-03 -4.826599e-03  4.730106e-03 -2.601532e-03 
 6.700000e+03  9.992410e-03 -4.840096e-03  4.744488e-03 -2.612463e-03 
 6.750000e+03  1.078749e-02 -4.854712e-03  4.759673e-03 -2.624924e-03 
 6.800000e+03  1.165705e-02 -4.868483e-03  4.773393e-03 -2.637250e-03 
 6.850000e+03  1.261092e-02 -4.882265e-03  4.787031e-03 -2.649337e-03 
 6.900000e+03  1.357304e-02 -4.895636e-03  4.800555e-03 -2.660356e-03 
 6.950000e+03  1.453516e-02 -4.909158e-03  4.814479e-03 -2.671178e-03 
 7.000000e+03  1.549729e-02 -4.923512e-03  4.829394e-03 -2.682453e-03 
 7.050000e+03  1.647191e-02 -4.938941e-03  4.845532e-03 -2.694302e-03 
 7.100000e+03  1.755730e-02 -4.955880e-03  4.862915e-03 -2.707187e-03 
 7.150000e+03  1.869903e-02 -4.971438e-03  4.878768e-03 -2.719912e-03 
 7.200000e+03  1.995030e-02 -4.986754e-03  4.894448e-03 -2.733196e-03 
 7.250000e+03  2.123964e-02 -5.001832e-03  4.910006e-03 -2.746228e-03 
 7.300000e+03  2.252897e-02 -5.016856e-03  4.925514e-03 -2.758743e-03 
 7.350000e+03  2.381830e-02 -5.032308e-03  4.941472e-03 -2.771302e-03 
 7.400000e+03  2.511795e-02 -5.048587e-03  4.958208e-03 -2.784012e-03 
 7.450000e+03  2.650425e-02 -5.065804e-03  4.976062e-03 -2.797182e-03 
 7.500000e+03  2.792574e-02 -5.082008e-03  4.993031e-03 -2.809817e-03 
 7.550000e+03  2.943046e-02 -5.097885e-03  5.009570e-03 -2.822576e-03 
 7.600000e+03  3.099765e-02 -5.113935e-03  5.026182e-03 -2.835597e-03 
 7.650000e+03  3.256484e-02 -5.129627e-03  5.042427e-03 -2.848460e-03 
 7.700000e+03  3.413204e-02 -5.145174e-03  5.058493e-03 -2.861387e-03 
 7.750000e+03  3.581961e-02 -5.162168e-03  5.075985e-03 -2.875296e-03 
 7.800000e+03  3.763383e-02 -5.180484e-03  5.094529e-03 -2.889746e-03 
 7.850000e+03  3.944806e-02 -5.198098e-03  5.112063e-03 -2.903164e-03 
 7.900000e+03  4.131852e-02 -5.215295e-03  5.129210e-03 -2.916212e-03 
 7.950000e+03  4.322345e-02 -5.232345e-03  5.146466e-03 -2.929175e-03 
 8.000000e+03  4.512839e-02 -5.249077e-03  5.163614e-03 -2.942136e-03 
 8.050000e+03  4.703904e-02 -5.265426e-03  5.180468e-03 -2.955255e-03 
 8.100000e+03  4.919286e-02 -5.283590e-03  5.199099e-03 -2.970107e-03 
 8.150000e+03  5.150832e-02 -5.302823e-03  5.218661e-03 -2.985695e-03 
 8.200000e+03  5.382377e-02 -5.321357e-03  5.237309e-03 -3.000284e-03 
 8.250000e+03  5.618554e-02 -5.339655e-03  5.255598e-03 -3.014304e-03 
 8.300000e+03  5.861677e-02 -5.358284e-03  5.274251e-03 -3.028324e-03 
 8.350000e+03  6.104801e-02 -5.376758e-03  5.292879e-03 -3.042176e-03 
 8.400000e+03  6.347924e-02 -5.394748e-03  5.311284e-03 -3.055926e-03 
 8.450000e+03  6.608382e-02 -5.413447e-03  5.330584e-03 -3.070682e-03 
 8.500000e+03  6.894049e-02 -5.433366e-03  5.351209e-03 -3.086666e-03 
 8.550000e+03  7.189567e-02 -5.453142e-03  5.371631e-03 -3.102603e-03 
 8.600000e+03  7.485084e-02 -5.472400e-03  5.391162e-03 -3.117750e-03 
 8.650000e+03  7.789172e-02 -5.492086e-03  5.410953e-03 -3.132803e-03 
 8.700000e+03  8.099466e-02 -5.512143e-03  5.431079e-03 -3.147912e-03 
 8.750000e+03  8.409760e-02 -5.531842e-03  5.450968e-03 -3.162717e-03 
 8.800000e+03  8.724708e-02 -5.551308e-03  5.470629e-03 -3.177470e-03 
 8.850000e+03  9.060616e-02 -5.571666e-03  5.491181e-03 -3.193006e-03 
 8.900000e+03  9.402715e-02 -5.591616e-03  5.511529e-03 -3.208509e-03 
 8.950000e+03  9.746866e-02 -5.610818e-03  5.531174e-03 -3.223650e-03 
 9.000000e+03  1.011756e-01 -5.631200e-03  5.551950e-03 -3.239616e-03 
 9.050000e+03  1.050944e-01 -5.652795e-03  5.573780e-03 -3.256154e-03 
 9.100000e+03  1.090546e-01 -5.674403e-03  5.595447e-03 -3.272395e-03 
 9.150000e+03  1.130386e-01 -5.695724e-03  5.616671e-03 -3.288181e-03 
 9.200000e+03  1.173382e-01 -5.718304e-03  5.639107e-03 -3.304869e-03 
 9.250000e+03  1.217043e-01 -5.740550e-03  5.661332e-03 -3.321533e-03 
 9.300000e+03  1.260705e-01 -5.761789e-03  5.682831e-03 -3.337848e-03 
 9.350000e+03  1.304934e-01 -5.782675e-03  5.704097e-03 -3.354116e-03 
 9.400000e+03  1.351604e-01 -5.804530e-03  5.726438e-03 -3.371106e-03 
 9.450000e+03  1.399740e-01 -5.826829e-03  5.749249e-03 -3.388255e-03 
 9.500000e+03  1.448262e-01 -5.848819e-03  5.771656e-03 -3.404913e-03 
 9.550000e+03  1.500777e-01 -5.872395e-03  5.795288e-03 -3.422345e-03 
 9.600000e+03  1.553848e-01 -5.895988e-03  5.818630e-03 -3.439554e-03 
 9.650000e+03  1.606918e-01 -5.918796e-03  5.841290e-03 -3.456427e-03 
 9.700000e+03  1.659989e-01 -5.940858e-03  5.863357e-03 -3.473054e-03 
 9.750000e+03  1.715023e-01 -5.963290e-03  5.885998e-03 -3.490184e-03 
 9.800000e+03  1.770748e-01 -5.985700e-03  5.908692e-03 -3.507317e-03 
 9.850000e+03  1.826806e-01 -6.007657e-03  5.930968e-03 -3.524119e-03 
 9.900000e+03  1.888225e-01 -6.031284e-03  5.954915e-03 -3.541957e-03 
 9.950000e+03  1.952733e-01 -6.056010e-03  5.979844e-03 -3.560180e-03 
 1.000000e+04  2.017240e-01 -6.080385e-03  6.004173e-03 -3.577886e-03 
 1.005000e+04  2.081748e-01 -6.104190e-03  6.027640e-03 -3.595207e-03 
 1.010000e+04  2.147675e-01 -6.128058e-03  6.051147e-03 -3.612783e-03 
 1.015000e+04  2.215408e-01 -6.152014e-03  6.074949e-03 -3.630763e-03 
 1.020000e+04  2.283142e-01 -6.175189e-03  6.098227e-03 -3.648410e-03 
 1.025000e+04  2.352572e-01 -6.198358e-03  6.121641e-03 -3.666027e-03 
 1.030000e+04  2.427247e-01 -6.223175e-03  6.146702e-03 -3.684589e-03 
 1.035000e+04  2.501923e-01 -6.247730e-03  6.171524e-03 -3.702685e-03 
 1.040000e+04  2.576599e-01 -6.271722e-03  6.195781e-03 -3.720242e-03 
 1.045000e+04  2.655039e-01 -6.296622e-03  6.220684e-03 -3.738315e-03 
 1.050000e+04  2.737369e-01 -6.322514e-03  6.246350e-03 -3.757121e-03 
 1.055000e+04  2.819699e-01 -6.347709e-03  6.271205e-03 -3.775697e-03 
 1.060000e+04  2.902029e-01 -6.372044e-03  6.295343e-03 -3.793949e-03 
 1.065000e+04  2.986171e-01 -6.396539e-03  6.319842e-03 -3.812367e-03 
 1.070000e+04  3.072617e-01 -6.421408e-03  6.344901e-03 -3.830971e-03 
 1.075000e+04  3.159064e-01 -6.445746e-03  6.369588e-03 -3.849055e-03 
 1.080000e+04  3.250728e-01 -6.471339e-03  6.395382e-03 -3.867709e-03 
 1.085000e+04  3.346035e-01 -6.497821e-03  6.421864e-03 -3.886757e-03 
 1.090000e+04  3.441342e-01 -6.523850e-03  6.447714e-03 -3.905452e-03 
 1.095000e+04  3.536650e-01 -6.549146e-03  6.472632e-03 -3.923914e-03 
 1.100000e+04  3.635865e-01 -6.575006e-03  6.498030e-03 -3.942953e-03 
 1.105000e+04  3.735938e-01 -6.600681e-03  6.523353e-03 -3.962025e-03 
 1.110000e+04  3.836011e-01 -6.625808e-03  6.548306e-03 -3.980726e-03 
 1.115000e+04  3.938285e-01 -6.650990e-03  6.573444e-03 -3.999320e-03 
 1.120000e+04  4.048510e-01 -6.678048e-03  6.600517e-03 -4.018921e-03 
 1.125000e+04  4.158840e-01 -6.704847e-03  6.627395e-03 -4.038148e-03 
 1.130000e+04  4.269171e-01 -6.731064e-03  6.653562e-03 -4.056945e-03 
 1.135000e+04  4.387009e-01 -6.758546e-03  6.680880e-03 -4.076757e-03 
 1.140000e+04  4.508648e-01 -6.786537e-03  6.708580e-03 -4.097131e-03 
 1.145000e+04  4.630287e-01 -6.813868e-03  6.735575e-03 -4.117297e-03 
 1.150000e+04  4.752535e-01 -6.840573e-03  6.762092e-03 -4.137167e-03 
 1.155000e+04  4.881533e-01 -6.868521e-03  6.789916e-03 -4.157733e-03 
 1.160000e+04  5.015640e-01 -6.897364e-03  6.818770e-03 -4.178711e-03 
 1.165000e+04  5.149747e-01 -6.925627e-03  6.847190e-03 -4.199135e-03 
 1.170000e+04  5.288877e-01 -6.954509e-03  6.876160e-03 -4.219868e-03 
 1.175000e+04  5.436730e-01 -6.984970e-03  6.906625e-03 -4.241660e-03 
 1.180000e+04  5.584583e-01 -7.014942e-03  6.936337e-03 -4.263122e-03 
 1.185000e+04  5.732436e-01 -7.044054e-03  6.965003e-03 -4.284281e-03 
 1.190000e+04  5.887260e-01 -7.074030e-03  6.994484e-03 -4.306280e-03 
 1.195000e+04  6.050268e-01 -7.105292e-03  7.025206e-03 -4.329179e-03 
 1.200000e+04  6.213276e-01 -7.135928e-03  7.055543e-03 -4.351507e-03 
 1.205000e+04  6.376284e-01 -7.166167e-03  7.085420e-03 -4.373197e-03 
 1.210000e+04  6.546302e-01 -7.197564e-03  7.116425e-03 -4.395393e-03 
 1.215000e+04  6.717460e-01 -7.228686e-03  7.147342e-03 -4.417424e-03 
 1.220000e+04  6.888619e-01 -7.258996e-03  7.177515e-03 -4.439138e-03 
 1.225000e+04  7.070569e-01 -7.290557e-03  7.208785e-03 -4.461949e-03 
 1.230000e+04  7.259271e-01 -7.323016e-03  7.240720e-03 -4.485459e-03 
 1.235000e+04  7.447973e-01 -7.354833e-03  7.272012e-03 -4.508655e-03 
 1.240000e+04  7.636675e-01 -7.385980e-03  7.302711e-03 -4.531284e-03 
 1.245000e+04  7.838181e-01 -7.419006e-03  7.335252e-03 -4.554952e-03 
 1.250000e+04  8.046225e-01 -7.452820e-03  7.368742e-03 -4.578984e-03 
 1.255000e+04  8.254269e-01 -7.485859e-03  7.401671e-03 -4.602507e-03 
 1.260000e+04  8.463978e-01 -7.518536e-03  7.434253e-03 -4.625817e-03 
 1.265000e+04  8.686138e-01 -7.552765e-03  7.468352e-03 -4.650364e-03 
 1.270000e+04  8.915507e-01 -7.587527e-03  7.502904e-03 -4.675432e-03 
 1.275000e+04  9.144875e-01 -7.621413e-03  7.536455e-03 -4.700053e-03 
 1.280000e+04  9.376308e-01 -7.655234e-03  7.569747e-03 -4.724477e-03 
 1.285000e+04  9.617145e-01 -7.690339e-03  7.604131e-03 -4.749541e-03 
 1.290000e+04  9.857983e-01 -7.724874e-03  7.638013e-03 -4.774051e-03 
 1.295000e+04  1.009882e+00 -7.758745e-03  7.671303e-03 -4.798052e-03 
 1.300000e+04  1.034929e+00 -7.793595e-03  7.705684e-03 -4.822712e-03 
 1.305000e+04  1.060217e+00 -7.828349e-03  7.740008e-03 -4.847376e-03 
 1.310000e+04  1.085505e+00 -7.862312e-03  7.773528e-03 -4.871691e-03 
 1.315000e+04  1.111951e+00 -7.897167e-03  7.807859e-03 -4.896771e-03 
 1.320000e+04  1.139831e+00 -7.933684e-03  7.843746e-03 -4.922937e-03 
 1.325000e+04  1.167711e+00 -7.969728e-03  7.879075e-03 -4.948671e-03 
 1.330000e+04  1.195591e+00 -8.005179e-03  7.913757e-03 -4.973823e-03 
 1.335000e+04  1.224418e+00 -8.041488e-03  7.949185e-03 -4.999385e-03 
 1.340000e+04  1.253692e+00 -8.077978e-03  7.984901e-03 -5.025046e-03 
 1.345000e+04  1.282966e+00 -8.113700e-03  8.020068e-03 -5.050328e-03 
 1.350000e+04  1.312562e+00 -8.149067e-03  8.054963e-03 -5.075561e-03 
 1.355000e+04  1.344591e+00 -8.186924e-03  8.092338e-03 -5.102692e-03 
 1.360000e+04  1.376865e+00 -8.224554e-03  8.129538e-03 -5.129693e-03 
 1.365000e+04  1.409140e+00 -8.261465e-03  8.166026e-03 -5.156154e-03 
 1.370000e+04  1.442286e+00 -8.299052e-03  8.202922e-03 -5.182813e-03 
 1.375000e+04  1.476174e+00 -8.337308e-03  8.240309e-03 -5.209694e-03 
 1.380000e+04  1.510062e+00 -8.374997e-03  8.277179e-03 -5.236193e-03 
 1.385000e+04  1.543950e+00 -8.411812e-03  8.313332e-03 -5.262300e-03 
 1.390000e+04  1.579025e+00 -8.449476e-03  8.350376e-03 -5.289064e-03 
 1.395000e+04  1.614607e+00 -8.487355e-03  8.387617e-03 -5.316017e-03 
 1.400000e+04  1.650190e+00 -8.524550e-03  8.424191e-03 -5.342535e-03 
 1.405000e+04  1.687215e+00 -8.562701e-03  8.461675e-03 -5.369628e-03 
 1.410000e+04  1.726445e+00 -8.602912e-03  8.501053e-03 -5.398002e-03 
 1.415000e+04  1.765675e+00 -8.642707e-03  8.539855e-03 -5.425984e-03 
 1.420000e+04  1.804905e+00 -8.681834e-03  8.577814e-03 -5.453475e-03 
 1.425000e+04  1.845704e+00 -8.722066e-03  8.616810e-03 -5.481722e-03 
 1.430000e+04  1.886895e+00 -8.762273e-03  8.655894e-03 -5.510010e-03 
 1.435000e+04  1.928086e+00 -8.801683e-03  8.694353e-03 -5.537917e-03 
 1.440000e+04  1.969896e+00 -8.840985e-03  8.732782e-03 -5.565835e-03 
 1.445000e+04  2.014228e+00 -8.882289e-03  8.773277e-03 -5.595094e-03 
 1.450000e+04  2.059641e+00 -8.924162e-03  8.814391e-03 -5.624683e-03 
 1.455000e+04  2.105055e+00 -8.965354e-03  8.854804e-03 -5.653731e-03 
 1.460000e+04  2.151649e+00 -9.007141e-03  8.895616e-03 -5.683099e-03 
 1.465000e+04  2.199333e+00 -9.049587e-03  8.936977e-03 -5.712901e-03 
 1.470000e+04  2.247017e+00 -9.091260e-03  8.977652e-03 -5.742357e-03 
 1.475000e+04  2.294701e+00 -9.132168e-03  9.017657e-03 -5.771387e-03 
 1.480000e+04  2.343816e+00 -9.173883e-03  9.058526e-03 -5.800974e-03 
 1.485000e+04  2.393884e+00 -9.216063e-03  9.099892e-03 -5.830816e-03 
 1.490000e+04  2.443952e+00 -9.257567e-03  9.140681e-03 -5.860188e-03 
 1.495000e+04  2.494972e+00 -9.299374e-03  9.181643e-03 -5.889618e-03 
 1.500000e+04  2.548332e+00 -9.342832e-03  9.224088e-03 -5.920102e-03 
 1.505000e+04  2.603533e+00 -9.387332e-03  9.267370e-03 -5.951298e-03 
 1.510000e+04  2.658733e+00 -9.431048e-03  9.309795e-03 -5.982055e-03 
 1.515000e+04  2.715092e+00 -9.475187e-03  9.352498e-03 -6.013083e-03 
 1.520000e+04  2.773053e+00 -9.520199e-03  9.396064e-03 -6.044743e-03 
 1.525000e+04  2.831013e+00 -9.564504e-03  9.439027e-03 -6.075990e-03 
 1.530000e+04  2.888973e+00 -9.608142e-03  9.481428e-03 -6.106709e-03 
 1.535000e+04  2.949658e+00 -9.653513e-03  9.525581e-03 -6.138504e-03 
 1.540000e+04  3.010516e+00 -9.698575e-03  9.569451e-03 -6.170040e-03 
 1.545000e+04  3.071375e+00 -9.742937e-03  9.612593e-03 -6.201136e-03 
 1.550000e+04  3.135814e+00 -9.789332e-03  9.657585e-03 -6.233666e-03 
 1.555000e+04  3.202911e+00 -9.837240e-03  9.703953e-03 -6.267289e-03 
 1.560000e+04  3.270007e+00 -9.884446e-03  9.749647e-03 -6.300525e-03 
 1.565000e+04  3.337103e+00 -9.930826e-03  9.794620e-03 -6.333261e-03 
 1.570000e+04  3.407152e+00 -9.978811e-03  9.841230e-03 -6.367053e-03 
 1.575000e+04  3.477603e+00 -1.002663e-02  9.887825e-03 -6.400645e-03 
 1.580000e+04  3.548054e+00 -1.007372e-02  9.933851e-03 -6.433710e-03 
 1.585000e+04  3.620126e+00 -1.012133e-02  9.980282e-03 -6.467102e-03 
 1.590000e+04  3.697428e+00 -1.017199e-02  1.002961e-02 -6.502618e-03 
 1.595000e+04  3.775101e+00 -1.022222e-02  1.007846e-02 -6.537969e-03 
 1.600000e+04  3.852773e+00 -1.027170e-02  1.012637e-02 -6.572800e-03 
 1.605000e+04  3.931844e+00 -1.032161e-02  1.017457e-02 -6.607836e-03 
 1.610000e+04  4.013400e+00 -1.037270e-02  1.022383e-02 -6.643631e-03 
 1.615000e+04  4.094956e+00 -1.042310e-02  1.027249e-02 -6.678949e-03 
 1.620000e+04  4.176512e+00 -1.047282e-02  1.032061e-02 -6.713773e-03 
 1.625000e+04  4.261656e+00 -1.052425e-02  1.037035e-02 -6.749725e-03 
 1.630000e+04  4.347290e+00 -1.057545e-02  1.041989e-02 -6.785537e-03 
 1.635000e+04  4.432924e+00 -1.062591e-02  1.046872e-02 -6.820917e-03 
 1.640000e+04  4.522621e+00 -1.067821e-02  1.051909e-02 -6.857520e-03 
 1.645000e+04  4.617032e+00 -1.073284e-02  1.057167e-02 -6.895703e-03 
 1.650000e+04  4.711443e+00 -1.078676e-02  1.062348e-02 -6.933485e-03 
 1.655000e+04  4.805855e+00 -1.083983e-02  1.067453e-02 -6.970683e-03 
 1.660000e+04  4.903381e+00 -1.089411e-02  1.072682e-02 -7.008661e-03 
 1.665000e+04  5.002513e+00 -1.094884e-02  1.077966e-02 -7.046895e-03 
 1.670000e+04  5.101645e+00 -1.100269e-02  1.083181e-02 -7.084595e-03 
 1.675000e+04  5.202859e+00 -1.105697e-02  1.088443e-02 -7.122626e-03 
 1.680000e+04  5.312047e+00 -1.111503e-02  1.094070e-02 -7.163343e-03 
 1.685000e+04  5.421340e+00 -1.117249e-02  1.099627e-02 -7.203672e-03 
 1.690000e+04  5.530633e+00 -1.122911e-02  1.105089e-02 -7.243421e-03 
 1.695000e+04  5.643314e+00 -1.128701e-02  1.110651e-02 -7.283880e-03 
 1.700000e+04  5.758072e+00 -1.134551e-02  1.116265e-02 -7.324674e-03 
 1.705000e+04  5.872829e+00 -1.140320e-02  1.121809e-02 -7.364979e-03 
 1.710000e+04  5.988619e+00 -1.146058e-02  1.127333e-02 -7.405157e-03 
 1.715000e+04  6.114537e+00 -1.152246e-02  1.133293e-02 -7.448476e-03 
 1.720000e+04  6.241057e+00 -1.158395e-02  1.139222e-02 -7.491514e-03 
 1.725000e+04  6.367577e+00 -1.164455e-02  1.145059e-02 -7.533876e-03 
 1.730000e+04  6.497513e+00 -1.170619e-02  1.150979e-02 -7.576856e-03 
 1.735000e+04  6.630360e+00 -1.176872e-02  1.156971e-02 -7.620445e-03 
 1.740000e+04  6.763206e+00 -1.183039e-02  1.162880e-02 -7.663574e-03 
 1.745000e+04  6.896052e+00 -1.189118e-02  1.168703e-02 -7.706125e-03 
 1.750000e+04  7.035275e+00 -1.195445e-02  1.174753e-02 -7.750249e-03 
 1.755000e+04  7.174763e+00 -1.201717e-02  1.180762e-02 -7.793996e-03 
 1.760000e+04  7.314251e+00 -1.207891e-02  1.186701e-02 -7.837170e-03 
 1.765000e+04  7.457646e+00 -1.214166e-02  1.192739e-02 -7.881007e-03 
 1.770000e+04  7.610113e+00 -1.220784e-02  1.199103e-02 -7.927217e-03 
 1.775000e+04  7.763899e+00 -1.227379e-02  1.205446e-02 -7.973361e-03 
 1.780000e+04  7.917839e+00 -1.233899e-02  1.211701e-02 -8.018928e-03 
 1.785000e+04  8.079315e+00 -1.240675e-02  1.218190e-02 -8.066154e-03 
 1.790000e+04  8.240790e+00 -1.247386e-02  1.224603e-02 -8.112934e-03 
 1.795000e+04  8.402265e+00 -1.254005e-02  1.230927e-02 -8.159212e-03 
 1.800000e+04  8.565194e+00 -1.260599e-02  1.237243e-02 -8.205313e-03 
 1.805000e+04  8.734743e+00 -1.267410e-02  1.243761e-02 -8.252802e-03 
 1.810000e+04  8.904292e+00 -1.274149e-02  1.250217e-02 -8.299810e-03 
 1.815000e+04  9.073841e+00 -1.280807e-02  1.256588e-02 -8.346177e-03 
 1.820000e+04  9.254411e+00 -1.287828e-02  1.263293e-02 -8.395017e-03 
 1.825000e+04  9.441339e+00 -1.295039e-02  1.270161e-02 -8.445178e-03 
 1.830000e+04  9.628266e+00 -1.302149e-02  1.276933e-02 -8.494770e-03 
 1.835000e+04  9.815568e+00 -1.309188e-02  1.283632e-02 -8.543799e-03 
 1.840000e+04  1.001184e+01 -1.316511e-02  1.290581e-02 -8.594667e-03 
 1.845000e+04  1.020812e+01 -1.323751e-02  1.297465e-02 -8.645023e-03 
 1.850000e+04  1.040439e+01 -1.330886e-02  1.304274e-02 -8.694737e-03 
 1.855000e+04  1.061368e+01 -1.338417e-02  1.311460e-02 -8.747141e-03 
 1.860000e+04  1.083007e+01 -1.346136e-02  1.318825e-02 -8.800805e-03 
 1.865000e+04  1.104646e+01 -1.353753e-02  1.326089e-02 -8.853902e-03 
 1.870000e+04  1.126567e+01 -1.361371e-02  1.333354e-02 -8.907008e-03 
 1.875000e+04  1.149879e+01 -1.369401e-02  1.340992e-02 -8.962843e-03 
 1.880000e+04  1.173736e+01 -1.377540e-02  1.348725e-02 -9.019423e-03 
 1.885000e+04  1.197593e+01 -1.385562e-02  1.356356e-02 -9.075276e-03 
 1.890000e+04  1.221451e+01 -1.393495e-02  1.363902e-02 -9.130421e-03 
 1.895000e+04  1.246334e+01 -1.401694e-02  1.371698e-02 -9.187383e-03 
 1.900000e+04  1.271384e+01 -1.409842e-02  1.379460e-02 -9.244112e-03 
 1.905000e+04  1.296434e+01 -1.417884e-02  1.387128e-02 -9.300091e-03 
 1.910000e+04  1.322586e+01 -1.426208e-02  1.395048e-02 -9.357949e-03 
 1.915000e+04  1.348889e+01 -1.434503e-02  1.402921e-02 -9.415568e-03 
 1.920000e+04  1.375191e+01 -1.442696e-02  1.410686e-02 -9.472480e-03 
 1.925000e+04  1.402152e+01 -1.451004e-02  1.418547e-02 -9.530072e-03 
 1.930000e+04  1.429769e+01 -1.459442e-02  1.426530e-02 -9.588538e-03 
 1.935000e+04  1.457387e+01 -1.467782e-02  1.434419e-02 -9.646405e-03 
 1.940000e+04  1.485060e+01 -1.476035e-02  1.442231e-02 -9.703659e-03 
 1.945000e+04  1.515074e+01 -1.484905e-02  1.450624e-02 -9.765104e-03 
 1.950000e+04  1.545522e+01 -1.493818e-02  1.459058e-02 -9.826814e-03 
 1.955000e+04  1.575971e+01 -1.502616e-02  1.467382e-02 -9.887791e-03 
 1.960000e+04  1.607089e+01 -1.511510e-02  1.475774e-02 -9.949332e-03 
 1.965000e+04  1.639060e+01 -1.520570e-02  1.484307e-02 -1.001197e-02 
 1.970000e+04  1.671031e+01 -1.529525e-02  1.492740e-02 -1.007393e-02 
 1.975000e+04  1.703002e+01 -1.538366e-02  1.501075e-02 -1.013517e-02 
 1.980000e+04  1.737243e+01 -1.547746e-02  1.509919e-02 -1.020002e-02 
 1.985000e+04  1.772491e+01 -1.557305e-02  1.518932e-02 -1.026609e-02 
 1.990000e+04  1.807739e+01 -1.566737e-02  1.527843e-02 -1.033134e-02 
 1.995000e+04  1.843587e+01 -1.576213e-02  1.536798e-02 -1.039691e-02 
 2.000000e+04  1.882078e+01 -1.586294e-02  1.546319e-02 -1.046664e-02 
 2.005000e+04  1.920938e+01 -1.596356e-02  1.555814e-02 -1.053624e-02 
 2.010000e+04  1.959799e+01 -1.606292e-02  1.565180e-02 -1.060493e-02 
 2.015000e+04  2.000021e+01 -1.616472e-02  1.574762e-02 -1.067524e-02 
 2.020000e+04  2.040825e+01 -1.626698e-02  1.584374e-02 -1.074581e-02 
 2.025000e+04  2.081629e+01 -1.636792e-02  1.593869e-02 -1.081551e-02 
 2.030000e+04  2.123393e+01 -1.647012e-02  1.603473e-02 -1.088595e-02 
 2.035000e+04  2.168380e+01 -1.657919e-02  1.613719e-02 -1.096110e-02 
 2.040000e+04  2.213366e+01 -1.668700e-02  1.623842e-02 -1.103539e-02 
 2.045000e+04  2.258353e+01 -1.679342e-02  1.633824e-02 -1.110870e-02 
 2.050000e+04  2.305274e+01 -1.690332e-02  1.644113e-02 -1.118429e-02 
 2.055000e+04  2.352509e+01 -1.701282e-02  1.654352e-02 -1.125958e-02 
 2.060000e+04  2.399745e+01 -1.712100e-02  1.664465e-02 -1.133390e-02 
 2.065000e+04  2.448211e+01 -1.723077e-02  1.674715e-02 -1.140928e-02 
 2.070000e+04  2.500289e+01 -1.734757e-02  1.685615e-02 -1.148946e-02 
 2.075000e+04  2.552366e+01 -1.746290e-02  1.696394e-02 -1.156867e-02 
 2.080000e+04  2.604443e+01 -1.757674e-02  1.707035e-02 -1.164680e-02 
 2.085000e+04  2.660192e+01 -1.769734e-02  1.718293e-02 -1.172948e-02 
 2.090000e+04  2.717608e+01 -1.782015e-02  1.729764e-02 -1.181375e-02 
 2.095000e+04  2.775023e+01 -1.794129e-02  1.741081e-02 -1.189695e-02 
 2.100000e+04  2.832840e+01 -1.806180e-02  1.752331e-02 -1.197960e-02 
 2.105000e+04  2.893126e+01 -1.818619e-02  1.763931e-02 -1.206484e-02 
 2.110000e+04  2.953412e+01 -1.830908e-02  1.775396e-02 -1.214906e-02 
 2.115000e+04  3.013940e+01 -1.843091e-02  1.786759e-02 -1.223247e-02 
 2.120000e+04  3.078949e+01 -1.856045e-02  1.798820e-02 -1.232107e-02 
 2.125000e+04  3.145415e+01 -1.869151e-02  1.811014e-02 -1.241062e-02 
 2.130000e+04  3.211880e+01 -1.882080e-02  1.823037e-02 -1.249903e-02 
 2.135000e+04  3.280572e+01 -1.895284e-02  1.835295e-02 -1.258918e-02 
 2.140000e+04  3.353850e+01 -1.909235e-02  1.848221e-02 -1.268430e-02 
 2.145000e+04  3.427128e+01 -1.923008e-02  1.860982e-02 -1.277820e-02 
 2.150000e+04  3.500406e+01 -1.936602e-02  1.873567e-02 -1.287077e-02 
 2.155000e+04  3.576542e+01 -1.950565e-02  1.886484e-02 -1.296579e-02 
 2.160000e+04  3.653485e+01 -1.964507e-02  1.899384e-02 -1.306075e-02 
 2.165000e+04  3.730427e+01 -1.978265e-02  1.912117e-02 -1.315442e-02 
 2.170000e+04  3.812943e+01 -1.992850e-02  1.925608e-02 -1.325358e-02 
 2.175000e+04  3.897772e+01 -2.007682e-02  1.939316e-02 -1.335438e-02 
 2.180000e+04  3.982600e+01 -2.022318e-02  1.952838e-02 -1.345383e-02 
 2.185000e+04  4.067429e+01 -2.036758e-02  1.966174e-02 -1.355188e-02 
 2.190000e+04  4.159447e+01 -2.052248e-02  1.980459e-02 -1.365695e-02 
 2.195000e+04  4.252970e+01 -2.067800e-02  1.994811e-02 -1.376248e-02 
 2.200000e+04  4.346494e+01 -2.083140e-02  2.008964e-02 -1.386649e-02 
 2.205000e+04  4.442916e+01 -2.098763e-02  2.023356e-02 -1.397231e-02 
 2.210000e+04  4.541116e+01 -2.114484e-02  2.037835e-02 -1.407878e-02 
 2.215000e+04  4.639316e+01 -2.129999e-02  2.052124e-02 -1.418382e-02 
 2.220000e+04  4.741016e+01 -2.145868e-02  2.066715e-02 -1.429106e-02 
 2.225000e+04  4.849282e+01 -2.162583e-02  2.082060e-02 -1.440390e-02 
 2.230000e+04  4.957547e+01 -2.179090e-02  2.097205e-02 -1.451530e-02 
 2.235000e+04  5.065812e+01 -2.195365e-02  2.112129e-02 -1.462505e-02 
 2.240000e+04  5.180551e+01 -2.212404e-02  2.127729e-02 -1.473981e-02 
 2.245000e+04  5.299914e+01 -2.229922e-02  2.143761e-02 -1.485778e-02 
 2.250000e+04  5.419276e+01 -2.247197e-02  2.159573e-02 -1.497406e-02 
 2.255000e+04  5.540071e+01 -2.264448e-02  2.175344e-02 -1.509004e-02 
 2.260000e+04  5.665401e+01 -2.282133e-02  2.191495e-02 -1.520884e-02 
 2.265000e+04  5.790732e+01 -2.299579e-02  2.207435e-02 -1.532605e-02 
 2.270000e+04  5.917817e+01 -2.317026e-02  2.223372e-02 -1.544320e-02 
 2.275000e+04  6.055467e+01 -2.335703e-02  2.240413e-02 -1.556845e-02 
 2.280000e+04  6.193644e+01 -2.354213e-02  2.257299e-02 -1.569254e-02 
 2.285000e+04  6.331821e+01 -2.372458e-02  2.273943e-02 -1.581480e-02 
 2.290000e+04  6.478275e+01 -2.391536e-02  2.291330e-02 -1.594250e-02 
 2.295000e+04  6.630615e+01 -2.411139e-02  2.309180e-02 -1.607365e-02 
 2.300000e+04  6.782955e+01 -2.430468e-02  2.326776e-02 -1.620289e-02 
 2.305000e+04  6.936970e+01 -2.449741e-02  2.344296e-02 -1.633156e-02 
 2.310000e+04  7.104605e+01 -2.470452e-02  2.363103e-02 -1.646975e-02 
 2.315000e+04  7.272560e+01 -2.490924e-02  2.381683e-02 -1.660625e-02 
 2.320000e+04  7.440515e+01 -2.511094e-02  2.399980e-02 -1.674057e-02 
 2.325000e+04  7.614180e+01 -2.531665e-02  2.418611e-02 -1.687742e-02 
 2.330000e+04  7.790533e+01 -2.552276e-02  2.437273e-02 -1.701450e-02 
 2.335000e+04  7.966885e+01 -2.572591e-02  2.455667e-02 -1.714957e-02 
 2.340000e+04  8.156738e+01 -2.594166e-02  2.475179e-02 -1.729282e-02 
 2.345000e+04  8.351166e+01 -2.615976e-02  2.494890e-02 -1.743750e-02 
 2.350000e+04  8.545595e+01 -2.637468e-02  2.514308e-02 -1.757998e-02 
 2.355000e+04  8.741190e+01 -2.658766e-02  2.533536e-02 -1.772105e-02 
 2.360000e+04  8.954119e+01 -2.681631e-02  2.554167e-02 -1.787245e-02 
 2.365000e+04  9.168477e+01 -2.704328e-02  2.574648e-02 -1.802265e-02 
 2.370000e+04  9.382834e+01 -2.726681e-02  2.594812e-02 -1.817046e-02 
 2.375000e+04  9.602336e+01 -2.749233e-02  2.615131e-02 -1.831944e-02 
 2.380000e+04  9.827412e+01 -2.772037e-02  2.635673e-02 -1.847002e-02 
 2.385000e+04  1.005249e+02 -2.794507e-02  2.655911e-02 -1.861827e-02 
 2.390000e+04  1.029297e+02 -2.818167e-02  2.677204e-02 -1.877421e-02 
 2.395000e+04  1.054112e+02 -2.842256e-02  2.698859e-02 -1.893287e-02 
 2.400000e+04  1.078926e+02 -2.865986e-02  2.720180e-02 -1.908904e-02 
 2.405000e+04  1.103741e+02 -2.889351e-02  2.741154e-02 -1.924266e-02 
 2.410000e+04  1.130813e+02 -2.914472e-02  2.763681e-02 -1.940770e-02 
 2.415000e+04  1.158171e+02 -2.939491e-02  2.786117e-02 -1.957199e-02 
 2.420000e+04  1.185530e+02 -2.964125e-02  2.808190e-02 -1.973359e-02 
 2.425000e+04  1.213790e+02 -2.989186e-02  2.830619e-02 -1.989781e-02 
 2.430000e+04  1.242516e+02 -3.014282e-02  2.853070e-02 -2.006219e-02 
 2.435000e+04  1.271300e+02 -3.039034e-02  2.875213e-02 -2.022422e-02 
 2.440000e+04  1.302759e+02 -3.065682e-02  2.899040e-02 -2.039852e-02 
 2.445000e+04  1.334429e+02 -3.092111e-02  2.922657e-02 -2.057133e-02 
 2.450000e+04  1.366100e+02 -3.118115e-02  2.945892e-02 -2.074129e-02 
 2.455000e+04  1.398119e+02 -3.143971e-02  2.968990e-02 -2.091016e-02 
 2.460000e+04  1.432004e+02 -3.170913e-02  2.993045e-02 -2.108598e-02 
 2.465000e+04  1.466921e+02 -3.198257e-02  3.017457e-02 -2.126436e-02 
 2.470000e+04  1.501838e+02 -3.225161e-02  3.041463e-02 -2.143976e-02 
 2.475000e+04  1.536999e+02 -3.251816e-02  3.065221e-02 -2.161341e-02 
 2.480000e+04  1.573661e+02 -3.279171e-02  3.089600e-02 -2.179155e-02 
 2.485000e+04  1.610580e+02 -3.306275e-02  3.113753e-02 -2.196792e-02 
 2.490000e+04  1.649576e+02 -3.334460e-02  3.138851e-02 -2.215118e-02 
 2.495000e+04  1.689996e+02 -3.363226e-02  3.164451e-02 -2.233816e-02 
 2.500000e+04  1.730417e+02 -3.391518e-02  3.189617e-02 -2.252198e-02 
 2.505000e+04  1.770837e+02 -3.419331e-02  3.214339e-02 -2.270252e-02 
 2.510000e+04  1.812349e+02 -3.447420e-02  3.239291e-02 -2.288475e-02 
 2.515000e+04  1.856573e+02 -3.476879e-02  3.265448e-02 -2.307578e-02 
 2.520000e+04  1.901136e+02 -3.506090e-02  3.291373e-02 -2.326512e-02 
 2.525000e+04  1.945699e+02 -3.534810e-02  3.316848e-02 -2.345121e-02 
 2.530000e+04  1.990307e+02 -3.563068e-02  3.341909e-02 -2.363423e-02 
 2.535000e+04  2.037099e+02 -3.592218e-02  3.367758e-02 -2.382295e-02 
 2.540000e+04  2.083891e+02 -3.620886e-02  3.393180e-02 -2.400850e-02 
 2.545000e+04  2.132133e+02 -3.649955e-02  3.418956e-02 -2.419666e-02 
 2.550000e+04  2.181264e+02 -3.679081e-02  3.444785e-02 -2.438519e-02 
 2.555000e+04  2.230395e+02 -3.707715e-02  3.470178e-02 -2.457049e-02 
 2.560000e+04  2.282712e+02 -3.737703e-02  3.496768e-02 -2.476445e-02 
 2.565000e+04  2.336879e+02 -3.768263e-02  3.523856e-02 -2.496204e-02 
 2.570000e+04  2.391047e+02 -3.798307e-02  3.550471e-02 -2.515623e-02 
 2.575000e+04  2.445214e+02 -3.827830e-02  3.576600e-02 -2.534698e-02 
 2.580000e+04  2.499381e+02 -3.856843e-02  3.602260e-02 -2.553444e-02 
 2.585000e+04  2.556256e+02 -3.886803e-02  3.628747e-02 -2.572794e-02 
 2.590000e+04  2.614781e+02 -3.917134e-02  3.655552e-02 -2.592370e-02 
 2.595000e+04  2.674500e+02 -3.947597e-02  3.682458e-02 -2.612024e-02 
 2.600000e+04  2.734220e+02 -3.977546e-02  3.708900e-02 -2.631348e-02 
 2.605000e+04  2.793939e+02 -4.006971e-02  3.734873e-02 -2.650335e-02 
 2.610000e+04  2.853658e+02 -4.035882e-02  3.760396e-02 -2.668994e-02 
 2.615000e+04  2.915109e+02 -4.065131e-02  3.786225e-02 -2.687876e-02 
 2.620000e+04  2.977814e+02 -4.094502e-02  3.812168e-02 -2.706838e-02 
 2.625000e+04  3.040520e+02 -4.123396e-02  3.837696e-02 -2.725493e-02 
 2.630000e+04  3.107511e+02 -4.153761e-02  3.864532e-02 -2.745103e-02 
 2.635000e+04  3.176643e+02 -4.184606e-02  3.891795e-02 -2.765024e-02 
 2.640000e+04  3.245776e+02 -4.214929e-02  3.918594e-02 -2.784610e-02 
 2.645000e+04  3.314908e+02 -4.244730e-02  3.944910e-02 -2.803857e-02 
 2.650000e+04  3.384041e+02 -4.274020e-02  3.970753e-02 -2.822772e-02 
 2.655000e+04  3.453173e+02 -4.302817e-02  3.996148e-02 -2.841368e-02 
 2.660000e+04  3.525479e+02 -4.332450e-02  4.022264e-02 -2.860495e-02 
 2.665000e+04  3.601697e+02 -4.363229e-02  4.049379e-02 -2.880359e-02 
 2.670000e+04  3.677916e+02 -4.393526e-02  4.076064e-02 -2.899916e-02 
 2.675000e+04  3.754134e+02 -4.423310e-02  4.102296e-02 -2.919147e-02 
 2.680000e+04  3.830353e+02 -4.452578e-02  4.128078e-02 -2.938054e-02 
 2.685000e+04  3.906572e+02 -4.481344e-02  4.153426e-02 -2.956650e-02 
 2.690000e+04  3.982790e+02 -4.509633e-02  4.178356e-02 -2.974941e-02 
 2.695000e+04  4.059009e+02 -4.537475e-02  4.202891e-02 -2.992946e-02 
 2.700000e+04  4.137819e+02 -4.565821e-02  4.227877e-02 -3.011284e-02 
 2.705000e+04  4.217848e+02 -4.594175e-02  4.252884e-02 -3.029633e-02 
 2.710000e+04  4.297878e+02 -4.622092e-02  4.277518e-02 -3.047705e-02 
 2.715000e+04  4.377907e+02 -4.649573e-02  4.301779e-02 -3.065505e-02 
 2.720000e+04  4.459377e+02 -4.677111e-02  4.326091e-02 -3.083351e-02 
 2.725000e+04  4.543408e+02 -4.705097e-02  4.350789e-02 -3.101494e-02 
 2.730000e+04  4.627439e+02 -4.732670e-02  4.375114e-02 -3.119373e-02 
 2.735000e+04  4.711470e+02 -4.759840e-02  4.399063e-02 -3.136987e-02 
 2.740000e+04  4.798106e+02 -4.787445e-02  4.423372e-02 -3.154875e-02 
 2.745000e+04  4.886338e+02 -4.815162e-02  4.447767e-02 -3.172833e-02 
 2.750000e+04  4.974571e+02 -4.842475e-02  4.471800e-02 -3.190535e-02 
 2.755000e+04  5.062803e+02 -4.869378e-02  4.495474e-02 -3.207981e-02 
 2.760000e+04  5.151036e+02 -4.895875e-02  4.518792e-02 -3.225175e-02 
 2.765000e+04  5.239269e+02 -4.921985e-02  4.541774e-02 -3.242128e-02 
 2.770000e+04  5.330501e+02 -4.948597e-02  4.565210e-02 -3.259417e-02 
 2.775000e+04  5.423145e+02 -4.975257e-02  4.588693e-02 -3.276742e-02 
 2.780000e+04  5.515789e+02 -5.001547e-02  4.611857e-02 -3.293831e-02 
 2.785000e+04  5.608433e+02 -5.027465e-02  4.634698e-02 -3.310686e-02 
 2.790000e+04  5.701448e+02 -5.053111e-02  4.657307e-02 -3.327376e-02 
 2.795000e+04  5.798724e+02 -5.079558e-02  4.680635e-02 -3.344602e-02 
 2.800000e+04  5.896001e+02 -5.105644e-02  4.703654e-02 -3.361603e-02 
 2.805000e+04  5.994736e+02 -5.131761e-02  4.726702e-02 -3.378626e-02 
 2.810000e+04  6.096876e+02 -5.158434e-02  4.750223e-02 -3.396009e-02 
 2.815000e+04  6.199017e+02 -5.184752e-02  4.773417e-02 -3.413164e-02 
 2.820000e+04  6.301157e+02 -5.210712e-02  4.796280e-02 -3.430089e-02 
 2.825000e+04  6.403297e+02 -5.236316e-02  4.818817e-02 -3.446786e-02 
 2.830000e+04  6.505437e+02 -5.261574e-02  4.841043e-02 -3.463261e-02 
 2.835000e+04  6.607577e+02 -5.286497e-02  4.862976e-02 -3.479527e-02 
 2.840000e+04  6.712577e+02 -5.311785e-02  4.885239e-02 -3.496039e-02 
 2.845000e+04  6.819824e+02 -5.337296e-02  4.907711e-02 -3.512706e-02 
 2.850000e+04  6.927072e+02 -5.362485e-02  4.929915e-02 -3.529175e-02 
 2.855000e+04  7.034319e+02 -5.387350e-02  4.951837e-02 -3.545440e-02 
 2.860000e+04  7.141566e+02 -5.411894e-02  4.973481e-02 -3.561504e-02 
 2.865000e+04  7.248813e+02 -5.436126e-02  4.994854e-02 -3.577378e-02 
 2.870000e+04  7.356060e+02 -5.460054e-02  5.015964e-02 -3.593059e-02 
 2.875000e+04  7.464273e+02 -5.483902e-02  5.037010e-02 -3.608690e-02 
 2.880000e+04  7.576882e+02 -5.508438e-02  5.058665e-02 -3.624777e-02 
 2.885000e+04  7.689492e+02 -5.532696e-02  5.080068e-02 -3.640674e-02 
 2.890000e+04  7.802101e+02 -5.556669e-02  5.101203e-02 -3.656393e-02 
 2.895000e+04  7.914711e+02 -5.580351e-02  5.122089e-02 -3.671941e-02 
 2.900000e+04  8.027320e+02 -5.603747e-02  5.142734e-02 -3.687314e-02 
 2.905000e+04  8.139930e+02 -5.626877e-02  5.163147e-02 -3.702517e-02 
 2.910000e+04  8.252539e+02 -5.649760e-02  5.183341e-02 -3.717558e-02 
 2.915000e+04  8.365149e+02 -5.672400e-02  5.203316e-02 -3.732439e-02 
 2.920000e+04  8.477758e+02 -5.694802e-02  5.223074e-02 -3.747165e-02 
 2.925000e+04  8.590368e+02 -5.716968e-02  5.242620e-02 -3.761746e-02 
 2.930000e+04  8.702978e+02 -5.738901e-02  5.261966e-02 -3.776183e-02 
 2.935000e+04  8.815587e+02 -5.760605e-02  5.281122e-02 -3.790484e-02 
 2.940000e+04  8.928197e+02 -5.782086e-02  5.300090e-02 -3.804642e-02 
 2.945000e+04  9.042747e+02 -5.803719e-02  5.319201e-02 -3.818906e-02 
 2.950000e+04  9.158488e+02 -5.825373e-02  5.338331e-02 -3.833187e-02 
 2.955000e+04  9.274229e+02 -5.846818e-02  5.357273e-02 -3.847333e-02 
 2.960000e+04  9.389970e+02 -5.868053e-02  5.376031e-02 -3.861349e-02 
 2.965000e+04  9.505710e+02 -5.889088e-02  5.394612e-02 -3.875236e-02 
 2.970000e+04  9.621451e+02 -5.909926e-02  5.413016e-02 -3.888996e-02 
 2.975000e+04  9.737192e+02 -5.930567e-02  5.431248e-02 -3.902634e-02 
 2.980000e+04  9.852933e+02 -5.951011e-02  5.449317e-02 -3.916154e-02 
 2.985000e+04  9.968673e+02 -5.971265e-02  5.467232e-02 -3.929554e-02 
 2.990000e+04  1.008441e+03 -5.991335e-02  5.485002e-02 -3.942844e-02 
 2.995000e+04  1.020015e+03 -6.011232e-02  5.502627e-02 -3.956026e-02 
 3.000000e+04  1.031590e+03 -6.030960e-02  5.520101e-02 -3.969096e-02 
 3.005000e+04  1.043164e+03 -6.050532e-02  5.537431e-02 -3.982066e-02 
 3.010000e+04  1.054738e+03 -6.069945e-02  5.554622e-02 -3.994942e-02 
 3.015000e+04  1.066312e+03 -6.089202e-02  5.571668e-02 -4.007713e-02 
 3.020000e+04  1.077886e+03 -6.108315e-02  5.588573e-02 -4.020387e-02 
 3.025000e+04  1.089460e+03 -6.127284e-02  5.605343e-02 -4.032967e-02 
 3.030000e+04  1.101034e+03 -6.146111e-02  5.621981e-02 -4.045455e-02 
 3.035000e+04  1.112608e+03 -6.164798e-02  5.638497e-02 -4.057855e-02 
 3.040000e+04  1.124182e+03 -6.183347e-02  5.654895e-02 -4.070168e-02 
 3.045000e+04  1.135756e+03 -6.201760e-02  5.671176e-02 -4.082395e-02 
 3.050000e+04  1.147330e+03 -6.220039e-02  5.687343e-02 -4.094541e-02 
 3.055000e+04  1.158904e+03 -6.238184e-02  5.703400e-02 -4.106607e-02 
 3.060000e+04  1.170478e+03 -6.256193e-02  5.719347e-02 -4.118590e-02 
 3.065000e+04  1.182053e+03 -6.274075e-02  5.735190e-02 -4.130495e-02 
 3.070000e+04  1.193627e+03 -6.291830e-02  5.750932e-02 -4.142323e-02 
 3.075000e+04  1.205201e+03 -6.309456e-02  5.766575e-02 -4.154071e-02 
 3.080000e+04  1.216775e+03 -6.326967e-02  5.782118e-02 -4.165748e-02 
 3.085000e+04  1.228349e+03 -6.344361e-02  5.797567e-02 -4.177356e-02 
 3.090000e+04  1.239923e+03 -6.361637e-02  5.812918e-02 -4.188894e-02 
 3.095000e+04  1.251497e+03 -6.378806e-02  5.828178e-02 -4.200366e-02 
 3.100000e+04  1.263071e+03 -6.395869e-02  5.843346e-02 -4.211776e-02 
 3.105000e+04  1.274645e+03 -6.412834e-02  5.858423e-02 -4.223120e-02 
 3.110000e+04  1.286219e+03 -6.429706e-02  5.873411e-02 -4.234405e-02 
 3.115000e+04  1.297793e+03 -6.446484e-02  5.888315e-02 -4.245630e-02 
 3.120000e+04  1.309367e+03 -6.463179e-02  5.903138e-02 -4.256800e-02 
 3.125000e+04  1.320941e+03 -6.479792e-02  5.917882e-02 -4.267916e-02 
 3.130000e+04  1.332515e+03 -6.496324e-02  5.932545e-02 -4.278979e-02 
 3.135000e+04  1.344090e+03 -6.512775e-02  5.947125e-02 -4.289990e-02 
 3.140000e+04  1.355664e+03 -6.529139e-02  5.961626e-02 -4.300951e-02 
 3.145000e+04  1.367238e+03 -6.545416e-02  5.976058e-02 -4.311865e-02 
 3.150000e+04  1.378812e+03 -6.561610e-02  5.990430e-02 -4.322732e-02 
 3.155000e+04  1.390386e+03 -6.577725e-02  6.004748e-02 -4.333551e-02 
 3.160000e+04  1.401960e+03 -6.593764e-02  6.019002e-02 -4.344322e-02 
 3.165000e+04  1.413534e+03 -6.609728e-02  6.033193e-02 -4.355051e-02 
 3.170000e+04  1.425108e+03 -6.625618e-02  6.047322e-02 -4.365740e-02 
 3.175000e+04  1.436682e+03 -6.641430e-02  6.061389e-02 -4.376390e-02 
 3.180000e+04  1.448256e+03 -6.657174e-02  6.075402e-02 -4.386997e-02 
 3.185000e+04  1.459830e+03 -6.672860e-02  6.089360e-02 -4.397489e-02 
 3.190000e+04  1.471404e+03 -6.688473e-02  6.103270e-02 -4.407885e-02 
 3.195000e+04  1.482978e+03 -6.703935e-02  6.117105e-02 -4.418209e-02 
 3.200000e+04  1.494553e+03 -6.719350e-02  6.130773e-02 -4.428590e-02 
 3.205000e+04  1.506127e+03 -6.734737e-02  6.144376e-02 -4.439008e-02 
 3.210000e+04  1.517701e+03 -6.750076e-02  6.157970e-02 -4.449428e-02 
 3.215000e+04  1.529275e+03 -6.765391e-02  6.171572e-02 -4.459798e-02 
 3.220000e+04  1.540849e+03 -6.780646e-02  6.185171e-02 -4.470154e-02 
 3.225000e+04  1.552423e+03 -6.795859e-02  6.198717e-02 -4.480472e-02 
 3.230000e+04  1.563997e+03 -6.811027e-02  6.212217e-02 -4.490698e-02 
 3.235000e+04  1.575571e+03 -6.826185e-02  6.225676e-02 -4.500881e-02 
 3.240000e+04  1.587145e+03 -6.841259e-02  6.239056e-02 -4.511071e-02 
 3.245000e+04  1.598719e+03 -6.856268e-02  6.252344e-02 -4.521182e-02 
 3.250000e+04  1.610293e+03 -6.871217e-02  6.265595e-02 -4.531272e-02 
 3.255000e+04  1.621867e+03 -6.886102e-02  6.278847e-02 -4.541346e-02 
 3.260000e+04  1.633441e+03 -6.900908e-02  6.292060e-02 -4.551415e-02 
 3.265000e+04  1.645015e+03 -6.915670e-02  6.305233e-02 -4.561500e-02 
 3.270000e+04  1.656590e+03 -6.930435e-02  6.318384e-02 -4.571614e-02 
 3.275000e+04  1.668164e+03 -6.945223e-02  6.331508e-02 -4.581700e-02 
 3.280000e+04  1.679738e+03 -6.960016e-02  6.344609e-02 -4.591695e-02 
 3.285000e+04  1.691312e+03 -6.974782e-02  6.357690e-02 -4.601564e-02 
 3.290000e+04  1.702886e+03 -6.989332e-02  6.370740e-02 -4.611365e-02 
 3.295000e+04  1.714460e+03 -7.003630e-02  6.383747e-02 -4.621140e-02 
 3.300000e+04  1.726034e+03 -7.017884e-02  6.396659e-02 -4.630920e-02 
 3.305000e+04  1.737608e+03 -7.032129e-02  6.409481e-02 -4.640668e-02 
 3.310000e+04  1.749182e+03 -7.046219e-02  6.422289e-02 -4.650433e-02 
 3.315000e+04  1.760756e+03 -7.060330e-02  6.435126e-02 -4.660232e-02 
 3.320000e+04  1.772330e+03 -7.074550e-02  6.448024e-02 -4.670022e-02 
 3.325000e+04  1.783904e+03 -7.088909e-02  6.460922e-02 -4.679693e-02 
 3.330000e+04  1.795478e+03 -7.103280e-02  6.473819e-02 -4.689289e-02 
 3.335000e+04  1.807053e+03 -7.117615e-02  6.486642e-02 -4.698868e-02 
 3.340000e+04  1.818627e+03 -7.131850e-02  6.499370e-02 -4.708471e-02 
 3.345000e+04  1.830201e+03 -7.146029e-02  6.512032e-02 -4.718052e-02 
 3.350000e+04  1.841775e+03 -7.160151e-02  6.524640e-02 -4.727690e-02 
 3.355000e+04  1.853349e+03 -7.174194e-02  6.537199e-02 -4.737285e-02 
 3.360000e+04  1.864923e+03 -7.188171e-02  6.549684e-02 -4.746711e-02 
 3.365000e+04  1.876497e+03 -7.202214e-02  6.562159e-02 -4.756139e-02 
 3.370000e+04  1.888071e+03 -7.216322e-02  6.574673e-02 -4.765595e-02 
 3.375000e+04  1.899645e+03 -7.230197e-02  6.587158e-02 -4.775022e-02 
 3.380000e+04  1.911219e+03 -7.244046e-02  6.599601e-02 -4.784435e-02 
 3.385000e+04  1.922793e+03 -7.257979e-02  6.612047e-02 -4.793892e-02 
 3.390000e+04  1.934367e+03 -7.271824e-02  6.624487e-02 -4.803265e-02 
 3.395000e+04  1.945941e+03 -7.285578e-02  6.636897e-02 -4.812595e-02 
 3.400000e+04  1.957515e+03 -7.299270e-02  6.649264e-02 -4.821959e-02 
 3.405000e+04  1.969090e+03 -7.312877e-02  6.661462e-02 -4.831347e-02 
 3.410000e+04  1.980664e+03 -7.326556e-02  6.673442e-02 -4.840679e-02 
 3.415000e+04  1.992238e+03 -7.340196e-02  6.685328e-02 -4.849891e-02 
 3.420000e+04  2.003812e+03 -7.353721e-02  6.697166e-02 -4.858994e-02 
 3.425000e+04  2.015386e+03 -7.367203e-02  6.709026e-02 -4.868091e-02 
 3.430000e+04  2.026960e+03 -7.380769e-02  6.720899e-02 -4.877233e-02 
 3.435000e+04  2.038534e+03 -7.394324e-02  6.732842e-02 -4.886350e-02 
 3.440000e+04  2.050108e+03 -7.407846e-02  6.744767e-02 -4.895483e-02 
 3.445000e+04  2.061682e+03 -7.421341e-02  6.756744e-02 -4.904639e-02 
 3.450000e+04  2.073256e+03 -7.434833e-02  6.768878e-02 -4.913823e-02 
 3.455000e+04  2.084830e+03 -7.448283e-02  6.781047e-02 -4.923002e-02 
 3.460000e+04  2.096404e+03 -7.461694e-02  6.793199e-02 -4.932122e-02 
 3.465000e+04  2.107978e+03 -7.475077e-02  6.805265e-02 -4.941229e-02 
 3.470000e+04  2.119553e+03 -7.488471e-02  6.817320e-02 -4.950347e-02 
 3.475000e+04  2.131127e+03 -7.501803e-02  6.829315e-02 -4.959434e-02 
 3.480000e+04  2.142701e+03 -7.515043e-02  6.841226e-02 -4.968504e-02 
 3.485000e+04  2.154275e+03 -7.528148e-02  6.853144e-02 -4.977540e-02 
 3.490000e+04  2.165849e+03 -7.541157e-02  6.865070e-02 -4.986493e-02 
 3.495000e+04  2.177423e+03 -7.554178e-02  6.876973e-02 -4.995400e-02 
 3.500000e+04  2.188997e+03 -7.567217e-02  6.888791e-02 -5.004304e-02 
 3.505000e+04  2.200571e+03 -7.580255e-02  6.900580e-02 -5.013217e-02 
 3.510000e+04  2.212145e+03 -7.593298e-02  6.912258e-02 -5.022154e-02 
 3.515000e+04  2.223719e+03 -7.606364e-02  6.923911e-02 -5.031101e-02 
 3.520000e+04  2.235293e+03 -7.619407e-02  6.935609e-02 -5.039999e-02 
 3.525000e+04  2.246867e+03 -7.632476e-02  6.947272e-02 -5.048854e-02 
 3.530000e+04  2.258441e+03 -7.645577e-02  6.958937e-02 -5.057695e-02 
 3.535000e+04  2.270015e+03 -7.658637e-02  6.970498e-02 -5.066502e-02 
 3.540000e+04  2.281590e+03 -7.671664e-02  6.981998e-02 -5.075344e-02 
 3.545000e+04  2.293164e+03 -7.684671e-02  6.993474e-02 -5.084216e-02 
 3.550000e+04  2.304738e+03 -7.697652e-02  7.004988e-02 -5.093089e-02 
 3.555000e+04  2.316312e+03 -7.710657e-02  7.016539e-02 -5.101939e-02 
 3.560000e+04  2.327886e+03 -7.723689e-02  7.028114e-02 -5.110743e-02 
 3.565000e+04  2.339460e+03 -7.736680e-02  7.039729e-02 -5.119498e-02 
 3.570000e+04  2.351034e+03 -7.749585e-02  7.051351e-02 -5.128229e-02 
 3.575000e+04  2.362608e+03 -7.762420e-02  7.062938e-02 -5.136982e-02 
 3.580000e+04  2.374182e+03 -7.775175e-02  7.074416e-02 -5.145745e-02 
 3.585000e+04  2.385756e+03 -7.787910e-02  7.085866e-02 -5.154499e-02 
 3.590000e+04  2.397330e+03 -7.800546e-02  7.097360e-02 -5.163224e-02 
 3.595000e+04  2.408904e+03 -7.813151e-02  7.108872e-02 -5.171912e-02 
 3.600000e+04  2.420478e+03 -7.825798e-02  7.120401e-02 -5.180593e-02 
 3.605000e+04  2.432053e+03 -7.838501e-02  7.131948e-02 -5.189254e-02 
 3.610000e+04  2.443627e+03 -7.851244e-02  7.143448e-02 -5.197917e-02 
 3.615000e+04  2.455201e+03 -7.863957e-02  7.154912e-02 -5.206587e-02 
 3.620000e+04  2.466775e+03 -7.876576e-02  7.166319e-02 -5.215211e-02 
 3.625000e+04  2.478349e+03 -7.889001e-02  7.177693e-02 -5.223812e-02 
 3.630000e+04  2.489923e+03 -7.901438e-02  7.189025e-02 -5.232391e-02 
 3.635000e+04  2.501497e+03 -7.913945e-02  7.200273e-02 -5.240902e-02 
 3.640000e+04  2.513071e+03 -7.926520e-02  7.211318e-02 -5.249338e-02 
 3.645000e+04  2.524645e+03 -7.939128e-02  7.222396e-02 -5.257777e-02 
 3.650000e+04  2.536219e+03 -7.951799e-02  7.233572e-02 -5.266227e-02 
 3.655000e+04  2.547793e+03 -7.964469e-02  7.244681e-02 -5.274733e-02 
 3.660000e+04  2.559367e+03 -7.977081e-02  7.255850e-02 -5.283278e-02 
 3.665000e+04  2.570941e+03 -7.989619e-02  7.267081e-02 -5.291851e-02 
 3.670000e+04  2.582515e+03 -8.002149e-02  7.278337e-02 -5.300419e-02 
 3.675000e+04  2.594090e+03 -8.014643e-02  7.289605e-02 -5.308967e-02 
 3.680000e+04  2.605664e+03 -8.027128e-02  7.300869e-02 -5.317476e-02 
 3.685000e+04  2.617238e+03 -8.039615e-02  7.312113e-02 -5.325935e-02 
 3.690000e+04  2.628812e+03 -8.052013e-02  7.323355e-02 -5.334369e-02 
 3.695000e+04  2.640386e+03 -8.064340e-02  7.334538e-02 -5.342762e-02 
 3.700000e+04  2.651960e+03 -8.076624e-02  7.345571e-02 -5.351146e-02 
 3.705000e+04  2.663534e+03 -8.088868e-02  7.356440e-02 -5.359520e-02 
 3.710000e+04  2.675108e+03 -8.101099e-02  7.367372e-02 -5.367910e-02 
 3.715000e+04  2.686682e+03 -8.113320e-02  7.378238e-02 -5.376303e-02 
 3.720000e+04  2.698256e+03 -8.125564e-02  7.389063e-02 -5.384667e-02 
 3.725000e+04  2.709830e+03 -8.137838e-02  7.399830e-02 -5.392977e-02 
 3.730000e+04  2.721404e+03 -8.150108e-02  7.410711e-02 -5.401280e-02 
 3.735000e+04  2.732978e+03 -8.162392e-02  7.421695e-02 -5.409531e-02 
 3.740000e+04  2.744553e+03 -8.174672e-02  7.432696e-02 -5.417787e-02 
 3.745000e+04  2.756127e+03 -8.186996e-02  7.443708e-02 -5.426084e-02 
 3.750000e+04  2.767701e+03 -8.199317e-02  7.454655e-02 -5.434440e-02 
 3.755000e+04  2.779275e+03 -8.211616e-02  7.465558e-02 -5.442831e-02 
 3.760000e+04  2.790849e+03 -8.223866e-02  7.476443e-02 -5.451220e-02 
 3.765000e+04  2.802423e+03 -8.236071e-02  7.487333e-02 -5.459571e-02 
 3.770000e+04  2.813997e+03 -8.248268e-02  7.498219e-02 -5.467855e-02 
 3.775000e+04  2.825571e+03 -8.260464e-02  7.509093e-02 -5.476108e-02 
 3.780000e+04  2.837145e+03 -8.272637e-02  7.519958e-02 -5.484337e-02 
 3.785000e+04  2.848719e+03 -8.284767e-02  7.530839e-02 -5.492549e-02 
 3.790000e+04  2.860293e+03 -8.296856e-02  7.541697e-02 -5.500762e-02 
 3.795000e+04  2.871867e+03 -8.308933e-02  7.552469e-02 -5.508999e-02 
 3.800000e+04  2.883441e+03 -8.320992e-02  7.563257e-02 -5.517234e-02 
 3.805000e+04  2.895015e+03 -8.332962e-02  7.574084e-02 -5.525454e-02 
 3.810000e+04  2.906590e+03 -8.344920e-02  7.584949e-02 -5.533626e-02 
 3.815000e+04  2.918164e+03 -8.356897e-02  7.595805e-02 -5.541801e-02 
 3.820000e+04  2.929738e+03 -8.368891e-02  7.606679e-02 -5.549979e-02 
 3.825000e+04  2.941312e+03 -8.380879e-02  7.617537e-02 -5.558168e-02 
 3.830000e+04  2.952886e+03 -8.392835e-02  7.628384e-02 -5.566345e-02 
 3.835000e+04  2.964460e+03 -8.404780e-02  7.639212e-02 -5.574520e-02 
 3.840000e+04  2.976034e+03 -8.416728e-02  7.650011e-02 -5.582680e-02 
 3.845000e+04  2.987608e+03 -8.428695e-02  7.660764e-02 -5.590834e-02 
 3.850000e+04  2.999182e+03 -8.440676e-02  7.671440e-02 -5.598981e-02 
 3.855000e+04  3.010756e+03 -8.452609e-02  7.682052e-02 -5.607079e-02 
 3.860000e+04  3.022330e+03 -8.464508e-02  7.692666e-02 -5.615187e-02 
 3.865000e+04  3.033904e+03 -8.476432e-02  7.703321e-02 -5.623298e-02 
 3.870000e+04  3.045478e+03 -8.488393e-02  7.714000e-02 -5.631387e-02 
 3.875000e+04  3.057053e+03 -8.500366e-02  7.724664e-02 -5.639462e-02 
 3.880000e+04  3.068627e+03 -8.512305e-02  7.735305e-02 -5.647532e-02 
 3.885000e+04  3.080201e+03 -8.524231e-02  7.745938e-02 -5.655620e-02 
 3.890000e+04  3.091775e+03 -8.536136e-02  7.756572e-02 -5.663740e-02 
 3.895000e+04  3.103349e+03 -8.548003e-02  7.767197e-02 -5.671844e-02 
 3.900000e+04  3.114923e+03 -8.559837e-02  7.777774e-02 -5.679932e-02 
 3.905000e+04  3.126497e+03 -8.571669e-02  7.788366e-02 -5.688003e-02 
 3.910000e+04  3.138071e+03 -8.583479e-02  7.798966e-02 -5.696051e-02 
 3.915000e+04  3.149645e+03 -8.595265e-02  7.809488e-02 -5.704073e-02 
 3.920000e+04  3.161219e+03 -8.607018e-02  7.820054e-02 -5.712072e-02 
 3.925000e+04  3.172793e+03 -8.618774e-02  7.830661e-02 -5.720059e-02 
 3.930000e+04  3.184367e+03 -8.630525e-02  7.841301e-02 -5.728061e-02 
 3.935000e+04  3.195941e+03 -8.642142e-02  7.851942e-02 -5.736073e-02 
 3.940000e+04  3.207515e+03 -8.653728e-02  7.862558e-02 -5.744096e-02 
 3.945000e+04  3.219090e+03 -8.665362e-02  7.873142e-02 -5.752108e-02 
 3.950000e+04  3.230664e+03 -8.677040e-02  7.883707e-02 -5.760103e-02 
 3.955000e+04  3.242238e+03 -8.688745e-02  7.894271e-02 -5.768091e-02 
 3.960000e+04  3.253812e+03 -8.700343e-02  7.904848e-02 -5.776053e-02 
 3.965000e+04  3.265386e+03 -8.711856e-02  7.915361e-02 -5.784007e-02 
 3.970000e+04  3.276960e+03 -8.723427e-02  7.925828e-02 -5.791953e-02 
 3.975000e+04  3.288534e+03 -8.735061e-02  7.936208e-02 -5.799855e-02 
 3.980000e+04  3.300108e+03 -8.746730e-02  7.946539e-02 -5.807736e-02 
 3.985000e+04  3.311682e+03 -8.758262e-02  7.956918e-02 -5.815628e-02 
 3.990000e+04  3.323256e+03 -8.769808e-02  7.967335e-02 -5.823543e-02 
 3.995000e+04  3.334830e+03 -8.781424e-02  7.977742e-02 -5.831451e-02 
 4.000000e+04  3.346404e+03 -8.793087e-02  7.988161e-02 -5.839359e-02 
 4.005000e+04  3.357978e+03 -8.804721e-02  7.998598e-02 -5.847259e-02 
 4.010000e+04  3.369553e+03 -8.816295e-02  8.009049e-02 -5.855131e-02 
 4.015000e+04  3.381127e+03 -8.827820e-02  8.019504e-02 -5.863004e-02 
 4.020000e+04  3.392701e+03 -8.839323e-02  8.029926e-02 -5.870878e-02 
 4.025000e+04  3.404275e+03 -8.850825e-02  8.040289e-02 -5.878755e-02 
 4.030000e+04  3.415849e+03 -8.862337e-02  8.050647e-02 -5.886650e-02 
 4.035000e+04  3.427423e+03 -8.873860e-02  8.061016e-02 -5.894557e-02 
 4.040000e+04  3.438997e+03 -8.885380e-02  8.071409e-02 -5.902453e-02 
 4.045000e+04  3.450571e+03 -8.896888e-02  8.081818e-02 -5.910330e-02 
 4.050000e+04  3.462145e+03 -8.908396e-02  8.092225e-02 -5.918183e-02 
 4.055000e+04  3.473719e+03 -8.919906e-02  8.102612e-02 -5.926020e-02 
 4.060000e+04  3.485293e+03 -8.931409e-02  8.112973e-02 -5.933846e-02 
 4.065000e+04  3.496867e+03 -8.942902e-02  8.123300e-02 -5.941671e-02 
 4.070000e+04  3.508441e+03 -8.954397e-02  8.133537e-02 -5.949445e-02 
 4.075000e+04  3.520015e+03 -8.965878e-02  8.143562e-02 -5.957216e-02 
 4.080000e+04  3.531590e+03 -8.977351e-02  8.153607e-02 -5.965013e-02 
 4.085000e+04  3.543164e+03 -8.988821e-02  8.163743e-02 -5.972799e-02 
 4.090000e+04  3.554738e+03 -9.000253e-02  8.173916e-02 -5.980557e-02 
 4.095000e+04  3.566312e+03 -9.011666e-02  8.184080e-02 -5.988308e-02 
 4.100000e+04  3.577886e+03 -9.023097e-02  8.194178e-02 -5.996075e-02 
 4.105000e+04  3.589460e+03 -9.034529e-02  8.204291e-02 -6.003845e-02 
 4.110000e+04  3.601034e+03 -9.045933e-02  8.214413e-02 -6.011603e-02 
 4.115000e+04  3.612608e+03 -9.057313e-02  8.224588e-02 -6.019361e-02 
 4.120000e+04  3.624182e+03 -9.068673e-02  8.234791e-02 -6.027098e-02 
 4.125000e+04  3.635756e+03 -9.080015e-02  8.244970e-02 -6.034832e-02 
 4.130000e+04  3.647330e+03 -9.091349e-02  8.255138e-02 -6.042564e-02 
 4.135000e+04  3.658904e+03 -9.102666e-02  8.265318e-02 -6.050301e-02 
 4.140000e+04  3.670478e+03 -9.113961e-02  8.275519e-02 -6.058039e-02 
 4.145000e+04  3.682053e+03 -9.125211e-02  8.285730e-02 -6.065757e-02 
 4.150000e+04  3.693627e+03 -9.136403e-02  8.295944e-02 -6.073473e-02 
 4.155000e+04  3.705201e+03 -9.147570e-02  8.306169e-02 -6.081199e-02 
 4.160000e+04  3.716775e+03 -9.158773e-02  8.316387e-02 -6.088913e-02 
 4.165000e+04  3.728349e+03 -9.170023e-02  8.326551e-02 -6.096609e-02 
 4.170000e+04  3.739923e+03 -9.181312e-02  8.336700e-02 -6.104305e-02 
 4.175000e+04  3.751497e+03 -9.192610e-02  8.346855e-02 -6.112007e-02 
 4.180000e+04  3.763071e+03 -9.203892e-02  8.356982e-02 -6.119695e-02 
 4.185000e+04  3.774645e+03 -9.215155e-02  8.367092e-02 -6.127373e-02 
 4.190000e+04  3.786219e+03 -9.226375e-02  8.377198e-02 -6.135061e-02 
 4.195000e+04  3.797793e+03 -9.237481e-02  8.387294e-02 -6.142748e-02 
 4.200000e+04  3.809367e+03 -9.248586e-02  8.397364e-02 -6.150425e-02 
 4.205000e+04  3.820941e+03 -9.259676e-02  8.407402e-02 -6.158067e-02 
 4.210000e+04  3.832515e+03 -9.270824e-02  8.417425e-02 -6.165685e-02 
 4.215000e+04  3.844090e+03 -9.282005e-02  8.427475e-02 -6.173289e-02 
 4.220000e+04  3.855664e+03 -9.293212e-02  8.437535e-02 -6.180914e-02 
 4.225000e+04  3.867238e+03 -9.304432e-02  8.447611e-02 -6.188559e-02 
 4.230000e+04  3.878812e+03 -9.315633e-02  8.457688e-02 -6.196222e-02 
 4.235000e+04  3.890386e+03 -9.326797e-02  8.467760e-02 -6.203885e-02 
 4.240000e+04  3.901960e+03 -9.337891e-02  8.477826e-02 -6.211526e-02 
 4.245000e+04  3.913534e+03 -9.348964e-02  8.487891e-02 -6.219137e-02 
 4.250000e+04  3.925108e+03 -9.360037e-02  8.497943e-02 -6.226734e-02 
 4.255000e+04  3.936682e+03 -9.371128e-02  8.507959e-02 -6.234319e-02 
 4.260000e+04  3.948256e+03 -9.382245e-02  8.517928e-02 -6.241895e-02 
 4.265000e+04  3.959830e+03 -9.393372e-02  8.527881e-02 -6.249466e-02 
 4.270000e+04  3.971404e+03 -9.404503e-02  8.537854e-02 -6.257044e-02 
 4.275000e+04  3.982978e+03 -9.415604e-02  8.547819e-02 -6.264626e-02 
 4.280000e+04  3.994553e+03 -9.426698e-02  8.557730e-02 -6.272218e-02 
 4.285000e+04  4.006127e+03 -9.437798e-02  8.567637e-02 -6.279825e-02 
 4.290000e+04  4.017701e+03 -9.448905e-02  8.577557e-02 -6.287411e-02 
 4.295000e+04  4.029275e+03 -9.459997e-02  8.587506e-02 -6.294956e-02 
 4.300000e+04  4.040849e+03 -9.471077e-02  8.597483e-02 -6.302494e-02 
 4.305000e+04  4.052423e+03 -9.482134e-02  8.607458e-02 -6.310037e-02 
 4.310000e+04  4.063997e+03 -9.493158e-02  8.617430e-02 -6.317575e-02 
 4.315000e+04  4.075571e+03 -9.504194e-02  8.627390e-02 -6.325128e-02 
 4.320000e+04  4.087145e+03 -9.515238e-02  8.637350e-02 -6.332706e-02 
 4.325000e+04  4.098719e+03 -9.526265e-02  8.647299e-02 -6.340282e-02 
 4.330000e+04  4.110293e+03 -9.537261e-02  8.657228e-02 -6.347845e-02 
 4.335000e+04  4.121867e+03 -9.548253e-02  8.667158e-02 -6.355402e-02 
 4.340000e+04  4.133441e+03 -9.559250e-02  8.677106e-02 -6.362946e-02 
 4.345000e+04  4.145015e+03 -9.570249e-02  8.687061e-02 -6.370464e-02 
 4.350000e+04  4.156590e+03 -9.581233e-02  8.697013e-02 -6.377967e-02 
 4.355000e+04  4.168164e+03 -9.592202e-02  8.706958e-02 -6.385473e-02 
 4.360000e+04  4.179738e+03 -9.603179e-02  8.716889e-02 -6.392990e-02 
 4.365000e+04  4.191312e+03 -9.614137e-02  8.726792e-02 -6.400518e-02 
 4.370000e+04  4.202886e+03 -9.625070e-02  8.736671e-02 -6.408039e-02 
 4.375000e+04  4.214460e+03 -9.636021e-02  8.746538e-02 -6.415549e-02 
 4.380000e+04  4.226034e+03 -9.646990e-02  8.756407e-02 -6.423062e-02 
 4.385000e+04  4.237608e+03 -9.657969e-02  8.766282e-02 -6.430553e-02 
 4.390000e+04  4.249182e+03 -9.668957e-02  8.776151e-02 -6.438034e-02 
 4.395000e+04  4.260756e+03 -9.679944e-02  8.786007e-02 -6.445518e-02 
 4.400000e+04  4.272330e+03 -9.690913e-02  8.795843e-02 -6.453003e-02 
 4.405000e+04  4.283904e+03 -9.701866e-02  8.805596e-02 -6.460484e-02 
 4.410000e+04  4.295478e+03 -9.712812e-02  8.815325e-02 -6.467950e-02 
 4.415000e+04  4.307053e+03 -9.723744e-02  8.825074e-02 -6.475396e-02 
 4.420000e+04  4.318627e+03 -9.734632e-02  8.834851e-02 -6.482835e-02 
 4.425000e+04  4.330201e+03 -9.745503e-02  8.844628e-02 -6.490283e-02 
 4.430000e+04  4.341775e+03 -9.756385e-02  8.854355e-02 -6.497721e-02 
 4.435000e+04  4.353349e+03 -9.767268e-02  8.864043e-02 -6.505138e-02 
 4.440000e+04  4.364923e+03 -9.778150e-02  8.873763e-02 -6.512572e-02 
 4.445000e+04  4.376497e+03 -9.789033e-02  8.883541e-02 -6.520024e-02 
 4.450000e+04  4.388071e+03 -9.799886e-02  8.893355e-02 -6.527472e-02 
 4.455000e+04  4.399645e+03 -9.810673e-02  8.903186e-02 -6.534911e-02 
 4.460000e+04  4.411219e+03 -9.821427e-02  8.913015e-02 -6.542348e-02 
 4.465000e+04  4.422793e+03 -9.832208e-02  8.922828e-02 -6.549758e-02 
 4.470000e+04  4.434367e+03 -9.843002e-02  8.932612e-02 -6.557150e-02 
 4.475000e+04  4.445941e+03 -9.853787e-02  8.942410e-02 -6.564546e-02 
 4.480000e+04  4.457515e+03 -9.864576e-02  8.952215e-02 -6.571958e-02 
 4.485000e+04  4.469090e+03 -9.875375e-02  8.962001e-02 -6.579378e-02 
 4.490000e+04  4.480664e+03 -9.886187e-02  8.971752e-02 -6.586798e-02 
 4.495000e+04  4.492238e+03 -9.897017e-02  8.981479e-02 -6.594206e-02 
 4.500000e+04  4.503812e+03 -9.907826e-02  8.991203e-02 -6.601601e-02 
 4.505000e+04  4.515386e+03 -9.918617e-02  9.000931e-02 -6.608988e-02 
 4.510000e+04  4.526960e+03 -9.929394e-02  9.010658e-02 -6.616368e-02 
 4.515000e+04  4.538534e+03 -9.940180e-02  9.020378e-02 -6.623735e-02 
 4.520000e+04  4.550108e+03 -9.950988e-02  9.030070e-02 -6.631104e-02 
 4.525000e+04  4.561682e+03 -9.961798e-02  9.039756e-02 -6.638479e-02 
 4.530000e+04  4.573256e+03 -9.972609e-02  9.049432e-02 -6.645857e-02 
 4.535000e+04  4.584830e+03 -9.983343e-02  9.059105e-02 -6.653242e-02 
 4.540000e+04  4.596404e+03 -9.994066e-02  9.068779e-02 -6.660622e-02 
 4.545000e+04  4.607978e+03 -1.000480e-01  9.078451e-02 -6.667987e-02 
 4.550000e+04  4.619553e+03 -1.001553e-01  9.088129e-02 -6.675342e-02 
 4.555000e+04  4.631127e+03 -1.002627e-01  9.097830e-02 -6.682697e-02 
 4.560000e+04  4.642701e+03 -1.003698e-01  9.107550e-02 -6.690042e-02 
 4.565000e+04  4.654275e+03 -1.004767e-01  9.117283e-02 -6.697367e-02 
 4.570000e+04  4.665849e+03 -1.005837e-01  9.126998e-02 -6.704690e-02 
 4.575000e+04  4.677423e+03 -1.006907e-01  9.136661e-02 -6.712016e-02 
 4.580000e+04  4.688997e+03 -1.007975e-01  9.146297e-02 -6.719343e-02 
 4.585000e+04  4.700571e+03 -1.009044e-01  9.155935e-02 -6.726686e-02 
 4.590000e+04  4.712145e+03 -1.010112e-01  9.165576e-02 -6.734035e-02 
 4.595000e+04  4.723719e+03 -1.011180e-01  9.175213e-02 -6.741363e-02 
 4.600000e+04  4.735293e+03 -1.012250e-01  9.184853e-02 -6.748688e-02 
 4.605000e+04  4.746867e+03 -1.013321e-01  9.194505e-02 -6.756016e-02 
 4.610000e+04  4.758441e+03 -1.014392e-01  9.204156e-02 -6.763331e-02 
 4.615000e+04  4.770015e+03 -1.015461e-01  9.213802e-02 -6.770638e-02 
 4.620000e+04  4.781590e+03 -1.016527e-01  9.223435e-02 -6.777947e-02 
 4.625000e+04  4.793164e+03 -1.017591e-01  9.233048e-02 -6.785241e-02 
 4.630000e+04  4.804738e+03 -1.018657e-01  9.242574e-02 -6.792526e-02 
 4.635000e+04  4.816312e+03 -1.019723e-01  9.252067e-02 -6.799821e-02 
 4.640000e+04  4.827886e+03 -1.020790e-01  9.261538e-02 -6.807097e-02 
 4.645000e+04  4.839460e+03 -1.021856e-01  9.270994e-02 -6.814356e-02 
 4.650000e+04  4.851034e+03 -1.022921e-01  9.280471e-02 -6.821616e-02 
 4.655000e+04  4.862608e+03 -1.023983e-01  9.289952e-02 -6.828878e-02 
 4.660000e+04  4.874182e+03 -1.025045e-01  9.299456e-02 -6.836126e-02 
 4.665000e+04  4.885756e+03 -1.026106e-01  9.308990e-02 -6.843378e-02 
 4.670000e+04  4.897330e+03 -1.027168e-01  9.318545e-02 -6.850642e-02 
 4.675000e+04  4.908904e+03 -1.028229e-01  9.328125e-02 -6.857922e-02 
 4.680000e+04  4.920478e+03 -1.029290e-01  9.337714e-02 -6.865204e-02 
 4.685000e+04  4.932053e+03 -1.030349e-01  9.347302e-02 -6.872479e-02 
 4.690000e+04  4.943627e+03 -1.031406e-01  9.356877e-02 -6.879747e-02 
 4.695000e+04  4.955201e+03 -1.032464e-01  9.366440e-02 -6.887003e-02 
 4.700000e+04  4.966775e+03 -1.033520e-01  9.375996e-02 -6.894250e-02 
 4.705000e+04  4.978349e+03 -1.034576e-01  9.385555e-02 -6.901496e-02 
 4.710000e+04  4.989923e+03 -1.035630e-01  9.395114e-02 -6.908741e-02 
 4.715000e+04  5.001497e+03 -1.036678e-01  9.404669e-02 -6.915983e-02 
 4.720000e+04  5.013071e+03 -1.037725e-01  9.414213e-02 -6.923219e-02 
 4.725000e+04  5.024645e+03 -1.038774e-01  9.423747e-02 -6.930428e-02 
 4.730000e+04  5.036219e+03 -1.039827e-01  9.433243e-02 -6.937624e-02 
 4.735000e+04  5.047793e+03 -1.040881e-01  9.442713e-02 -6.944821e-02 
 4.740000e+04  5.059367e+03 -1.041936e-01  9.452199e-02 -6.952037e-02 
 4.745000e+04  5.070941e+03 -1.042992e-01  9.461701e-02 -6.959266e-02 
 4.750000e+04  5.082515e+03 -1.044046e-01  9.471207e-02 -6.966483e-02 
 4.755000e+04  5.094090e+03 -1.045099e-01  9.480683e-02 -6.973675e-02 
 4.760000e+04  5.105664e+03 -1.046152e-01  9.490130e-02 -6.980865e-02 
 4.765000e+04  5.117238e+03 -1.047206e-01  9.499559e-02 -6.988059e-02 
 4.770000e+04  5.128812e+03 -1.048259e-01  9.508985e-02 -6.995249e-02 
 4.775000e+04  5.140386e+03 -1.049311e-01  9.518437e-02 -7.002454e-02 
 4.780000e+04  5.151960e+03 -1.050362e-01  9.527907e-02 -7.009653e-02 
 4.785000e+04  5.163534e+03 -1.051414e-01  9.537364e-02 -7.016857e-02 
 4.790000e+04  5.175108e+03 -1.052467e-01  9.546821e-02 -7.024056e-02 
 4.795000e+04  5.186682e+03 -1.053518e-01  9.556266e-02 -7.031248e-02 
 4.800000e+04  5.198256e+03 -1.054563e-01  9.565715e-02 -7.038420e-02 
 4.805000e+04  5.209830e+03 -1.055607e-01  9.575173e-02 -7.045588e-02 
 4.810000e+04  5.221404e+03 -1.056644e-01  9.584638e-02 -7.052769e-02 
 4.815000e+04  5.232978e+03 -1.057680e-01  9.594116e-02 -7.059948e-02 
 4.820000e+04  5.244553e+03 -1.058719e-01  9.603600e-02 -7.067119e-02 
 4.825000e+04  5.256127e+03 -1.059760e-01  9.613093e-02 -7.074285e-02 
 4.830000e+04  5.267701e+03 -1.060801e-01  9.622583e-02 -7.081450e-02 
 4.835000e+04  5.279275e+03 -1.061843e-01  9.632067e-02 -7.088610e-02 
 4.840000e+04  5.290849e+03 -1.062883e-01  9.641541e-02 -7.095762e-02 
