         Step [creep.tim... Z Displace... Z Displace... X Displace... 
------------- ------------- ------------- ------------- ------------- 
 5.250000e+03  1.276223e-07 -4.629353e-03  4.524540e-03 -2.433365e-03 
 5.300000e+03  3.886505e-06 -4.629559e-03  4.524644e-03 -2.433577e-03 
 5.350000e+03  3.047360e-05 -4.630466e-03  4.524822e-03 -2.434240e-03 
 5.400000e+03  1.823878e-04 -4.630889e-03  4.525017e-03 -2.434412e-03 
 5.450000e+03  7.479679e-04 -4.631778e-03  4.526195e-03 -2.436052e-03 
 5.500000e+03  1.431729e-03 -4.634542e-03  4.528972e-03 -2.439280e-03 
 5.550000e+03  2.117542e-03 -4.638947e-03  4.533361e-03 -2.443614e-03 
 5.600000e+03  3.129811e-03 -4.646653e-03  4.541870e-03 -2.450322e-03 
 5.650000e+03  4.573633e-03 -4.657200e-03  4.554099e-03 -2.459041e-03 
 5.700000e+03  6.108886e-03 -4.665966e-03  4.564060e-03 -2.465934e-03 
 5.750000e+03  7.833426e-03 -4.673254e-03  4.571039e-03 -2.471542e-03 
 5.800000e+03  9.561257e-03 -4.680483e-03  4.577224e-03 -2.477589e-03 
 5.850000e+03  1.128909e-02 -4.689008e-03  4.585024e-03 -2.485111e-03 
 5.900000e+03  1.301692e-02 -4.698647e-03  4.594793e-03 -2.493967e-03 
 5.950000e+03  1.488395e-02 -4.709583e-03  4.606952e-03 -2.504458e-03 
 6.000000e+03  1.738163e-02 -4.724079e-03  4.622576e-03 -2.517904e-03 
 6.050000e+03  1.993443e-02 -4.737339e-03  4.635178e-03 -2.528564e-03 
 6.100000e+03  2.270906e-02 -4.749853e-03  4.645972e-03 -2.537185e-03 
 6.150000e+03  2.552351e-02 -4.761868e-03  4.656831e-03 -2.545529e-03 
 6.200000e+03  2.833797e-02 -4.774066e-03  4.668971e-03 -2.554918e-03 
 6.250000e+03  3.115242e-02 -4.787157e-03  4.682810e-03 -2.565929e-03 
 6.300000e+03  3.400698e-02 -4.801291e-03  4.698057e-03 -2.578659e-03 
 6.350000e+03  3.752148e-02 -4.817986e-03  4.715360e-03 -2.594565e-03 
 6.400000e+03  4.116380e-02 -4.832226e-03  4.729907e-03 -2.608238e-03 
 6.450000e+03  4.512025e-02 -4.845809e-03  4.744315e-03 -2.620520e-03 
 6.500000e+03  4.908047e-02 -4.859698e-03  4.758969e-03 -2.631566e-03 
 6.550000e+03  5.304069e-02 -4.874245e-03  4.774391e-03 -2.642649e-03 
 6.600000e+03  5.700091e-02 -4.889923e-03  4.791062e-03 -2.654626e-03 
 6.650000e+03  6.096906e-02 -4.906610e-03  4.808911e-03 -2.667815e-03 
 6.700000e+03  6.534601e-02 -4.923981e-03  4.827494e-03 -2.682714e-03 
 6.750000e+03  6.998570e-02 -4.939265e-03  4.843433e-03 -2.697033e-03 
 6.800000e+03  7.522202e-02 -4.955062e-03  4.859336e-03 -2.711843e-03 
 6.850000e+03  8.052909e-02 -4.971186e-03  4.875613e-03 -2.725854e-03 
 6.900000e+03  8.583617e-02 -4.987726e-03  4.892530e-03 -2.739361e-03 
 6.950000e+03  9.114324e-02 -5.005057e-03  4.910454e-03 -2.752968e-03 
 7.000000e+03  9.652461e-02 -5.023868e-03  4.929885e-03 -2.767130e-03 
 7.050000e+03  1.023757e-01 -5.044420e-03  4.950470e-03 -2.782028e-03 
 7.100000e+03  1.083203e-01 -5.062731e-03  4.968171e-03 -2.795873e-03 
 7.150000e+03  1.147281e-01 -5.080269e-03  4.985534e-03 -2.810505e-03 
 7.200000e+03  1.211789e-01 -5.097189e-03  5.002746e-03 -2.825383e-03 
 7.250000e+03  1.276297e-01 -5.113902e-03  5.020087e-03 -2.840136e-03 
 7.300000e+03  1.340805e-01 -5.131137e-03  5.037892e-03 -2.854842e-03 
 7.350000e+03  1.412957e-01 -5.151522e-03  5.058562e-03 -2.871079e-03 
 7.400000e+03  1.490322e-01 -5.173332e-03  5.080496e-03 -2.887263e-03 
 7.450000e+03  1.568731e-01 -5.193404e-03  5.100941e-03 -2.902045e-03 
 7.500000e+03  1.647141e-01 -5.212145e-03  5.120301e-03 -2.916478e-03 
 7.550000e+03  1.725551e-01 -5.230539e-03  5.139405e-03 -2.931149e-03 
 7.600000e+03  1.803960e-01 -5.248497e-03  5.158247e-03 -2.946066e-03 
 7.650000e+03  1.882448e-01 -5.266187e-03  5.176901e-03 -2.961321e-03 
 7.700000e+03  1.970838e-01 -5.286160e-03  5.197881e-03 -2.978574e-03 
 7.750000e+03  2.066146e-01 -5.307392e-03  5.219667e-03 -2.996070e-03 
 7.800000e+03  2.161453e-01 -5.327917e-03  5.240190e-03 -3.011731e-03 
 7.850000e+03  2.256761e-01 -5.348110e-03  5.260254e-03 -3.026630e-03 
 7.900000e+03  2.352068e-01 -5.368326e-03  5.280445e-03 -3.041385e-03 
 7.950000e+03  2.447375e-01 -5.388219e-03  5.300619e-03 -3.056286e-03 
 8.000000e+03  2.542683e-01 -5.407571e-03  5.320392e-03 -3.071512e-03 
 8.050000e+03  2.644044e-01 -5.427546e-03  5.340636e-03 -3.088011e-03 
 8.100000e+03  2.754374e-01 -5.448303e-03  5.361614e-03 -3.105473e-03 
 8.150000e+03  2.864704e-01 -5.468279e-03  5.381712e-03 -3.121846e-03 
 8.200000e+03  2.975034e-01 -5.488171e-03  5.401651e-03 -3.137269e-03 
 8.250000e+03  3.085365e-01 -5.508366e-03  5.421794e-03 -3.152135e-03 
 8.300000e+03  3.195695e-01 -5.528806e-03  5.442080e-03 -3.166796e-03 
 8.350000e+03  3.306025e-01 -5.548947e-03  5.462276e-03 -3.181505e-03 
 8.400000e+03  3.425735e-01 -5.569787e-03  5.483443e-03 -3.197504e-03 
 8.450000e+03  3.553457e-01 -5.590605e-03  5.505091e-03 -3.214439e-03 
 8.500000e+03  3.681178e-01 -5.610464e-03  5.525845e-03 -3.231026e-03 
 8.550000e+03  3.808899e-01 -5.630125e-03  5.546029e-03 -3.247079e-03 
 8.600000e+03  3.942112e-01 -5.650746e-03  5.567177e-03 -3.263358e-03 
 8.650000e+03  4.076219e-01 -5.671782e-03  5.588711e-03 -3.279363e-03 
 8.700000e+03  4.210460e-01 -5.692894e-03  5.610169e-03 -3.294896e-03 
 8.750000e+03  4.354371e-01 -5.715095e-03  5.632518e-03 -3.311044e-03 
 8.800000e+03  4.502224e-01 -5.737233e-03  5.654586e-03 -3.327418e-03 
 8.850000e+03  4.650077e-01 -5.758473e-03  5.675905e-03 -3.343670e-03 
 8.900000e+03  4.797930e-01 -5.778773e-03  5.696553e-03 -3.359863e-03 
 8.950000e+03  4.949184e-01 -5.799190e-03  5.717377e-03 -3.376378e-03 
 9.000000e+03  5.110950e-01 -5.821117e-03  5.739751e-03 -3.393884e-03 
 9.050000e+03  5.273958e-01 -5.843330e-03  5.762171e-03 -3.410850e-03 
 9.100000e+03  5.443054e-01 -5.866223e-03  5.784903e-03 -3.427525e-03 
 9.150000e+03  5.622771e-01 -5.890338e-03  5.808593e-03 -3.444618e-03 
 9.200000e+03  5.802487e-01 -5.913958e-03  5.831764e-03 -3.461524e-03 
 9.250000e+03  5.982203e-01 -5.936598e-03  5.854253e-03 -3.478417e-03 
 9.300000e+03  6.161920e-01 -5.958386e-03  5.876185e-03 -3.495372e-03 
 9.350000e+03  6.345770e-01 -5.980292e-03  5.898453e-03 -3.512845e-03 
 9.400000e+03  6.534472e-01 -6.002330e-03  5.921123e-03 -3.530513e-03 
 9.450000e+03  6.730156e-01 -6.024833e-03  5.944223e-03 -3.548055e-03 
 9.500000e+03  6.943609e-01 -6.049388e-03  5.969234e-03 -3.566317e-03 
 9.550000e+03  7.162056e-01 -6.074595e-03  5.994623e-03 -3.584439e-03 
 9.600000e+03  7.380502e-01 -6.099359e-03  6.019387e-03 -3.602219e-03 
 9.650000e+03  7.598948e-01 -6.123454e-03  6.043462e-03 -3.619897e-03 
 9.700000e+03  7.817395e-01 -6.147008e-03  6.067052e-03 -3.637690e-03 
 9.750000e+03  8.035841e-01 -6.169879e-03  6.090175e-03 -3.655472e-03 
 9.800000e+03  8.258001e-01 -6.192409e-03  6.113052e-03 -3.673261e-03 
 9.850000e+03  8.495627e-01 -6.216241e-03  6.137251e-03 -3.691771e-03 
 9.900000e+03  8.747302e-01 -6.241592e-03  6.162917e-03 -3.710826e-03 
 9.950000e+03  9.000181e-01 -6.267070e-03  6.188546e-03 -3.729251e-03 
 1.000000e+04  9.253060e-01 -6.292316e-03  6.213690e-03 -3.747124e-03 
 1.005000e+04  9.514537e-01 -6.318146e-03  6.239121e-03 -3.765455e-03 
 1.010000e+04  9.780060e-01 -6.343777e-03  6.264237e-03 -3.784111e-03 
 1.015000e+04  1.004558e+00 -6.368316e-03  6.288507e-03 -3.802711e-03 
 1.020000e+04  1.031111e+00 -6.392010e-03  6.312275e-03 -3.821165e-03 
 1.025000e+04  1.058858e+00 -6.416635e-03  6.337106e-03 -3.840211e-03 
 1.030000e+04  1.086738e+00 -6.441297e-03  6.362087e-03 -3.858847e-03 
 1.035000e+04  1.115372e+00 -6.466489e-03  6.387580e-03 -3.877255e-03 
 1.040000e+04  1.146109e+00 -6.493442e-03  6.414688e-03 -3.896450e-03 
 1.045000e+04  1.176847e+00 -6.520186e-03  6.441307e-03 -3.915332e-03 
 1.050000e+04  1.207584e+00 -6.546252e-03  6.467039e-03 -3.934083e-03 
 1.055000e+04  1.238322e+00 -6.571459e-03  6.492006e-03 -3.952810e-03 
 1.060000e+04  1.269736e+00 -6.596679e-03  6.517072e-03 -3.971984e-03 
 1.065000e+04  1.302010e+00 -6.622135e-03  6.542587e-03 -3.991516e-03 
 1.070000e+04  1.334285e+00 -6.647196e-03  6.567863e-03 -4.010569e-03 
 1.075000e+04  1.368618e+00 -6.673768e-03  6.594693e-03 -4.030206e-03 
 1.080000e+04  1.404201e+00 -6.701343e-03  6.622553e-03 -4.049966e-03 
 1.085000e+04  1.439784e+00 -6.728623e-03  6.650025e-03 -4.069221e-03 
 1.090000e+04  1.475366e+00 -6.755398e-03  6.676758e-03 -4.088254e-03 
 1.095000e+04  1.512194e+00 -6.782660e-03  6.703651e-03 -4.107974e-03 
 1.100000e+04  1.549556e+00 -6.809722e-03  6.730216e-03 -4.128051e-03 
 1.105000e+04  1.586918e+00 -6.836065e-03  6.756253e-03 -4.148012e-03 
 1.110000e+04  1.625550e+00 -6.862814e-03  6.782836e-03 -4.168236e-03 
 1.115000e+04  1.666702e+00 -6.891269e-03  6.811182e-03 -4.189247e-03 
 1.120000e+04  1.707893e+00 -6.919630e-03  6.839507e-03 -4.209668e-03 
 1.125000e+04  1.749085e+00 -6.947758e-03  6.867560e-03 -4.229496e-03 
 1.130000e+04  1.791924e+00 -6.976648e-03  6.896409e-03 -4.249835e-03 
 1.135000e+04  1.835174e+00 -7.005293e-03  6.924992e-03 -4.270319e-03 
 1.140000e+04  1.878425e+00 -7.033231e-03  6.952733e-03 -4.290795e-03 
 1.145000e+04  1.922325e+00 -7.060937e-03  6.980027e-03 -4.311437e-03 
 1.150000e+04  1.968465e+00 -7.089695e-03  7.008356e-03 -4.332917e-03 
 1.155000e+04  2.016149e+00 -7.119102e-03  7.037538e-03 -4.354704e-03 
 1.160000e+04  2.063833e+00 -7.148205e-03  7.066539e-03 -4.375868e-03 
 1.165000e+04  2.111517e+00 -7.177110e-03  7.095444e-03 -4.396442e-03 
 1.170000e+04  2.161586e+00 -7.207310e-03  7.125681e-03 -4.417728e-03 
 1.175000e+04  2.211654e+00 -7.237090e-03  7.155476e-03 -4.438777e-03 
 1.180000e+04  2.261722e+00 -7.266073e-03  7.184480e-03 -4.459641e-03 
 1.185000e+04  2.313142e+00 -7.295277e-03  7.213512e-03 -4.481058e-03 
 1.190000e+04  2.365714e+00 -7.324794e-03  7.242636e-03 -4.502907e-03 
 1.195000e+04  2.418286e+00 -7.353832e-03  7.271302e-03 -4.524485e-03 
 1.200000e+04  2.472014e+00 -7.383216e-03  7.300311e-03 -4.545946e-03 
 1.205000e+04  2.529036e+00 -7.414425e-03  7.331100e-03 -4.568196e-03 
 1.210000e+04  2.586996e+00 -7.446027e-03  7.362276e-03 -4.590329e-03 
 1.215000e+04  2.644957e+00 -7.477063e-03  7.393022e-03 -4.612089e-03 
 1.220000e+04  2.702917e+00 -7.507471e-03  7.423214e-03 -4.633692e-03 
 1.225000e+04  2.763312e+00 -7.538619e-03  7.454161e-03 -4.656236e-03 
 1.230000e+04  2.824170e+00 -7.569387e-03  7.484751e-03 -4.678861e-03 
 1.235000e+04  2.885028e+00 -7.599631e-03  7.514678e-03 -4.701145e-03 
 1.240000e+04  2.949064e+00 -7.631291e-03  7.545856e-03 -4.724182e-03 
 1.245000e+04  3.016160e+00 -7.664395e-03  7.578397e-03 -4.747853e-03 
 1.250000e+04  3.083256e+00 -7.697094e-03  7.610661e-03 -4.770964e-03 
 1.255000e+04  3.150353e+00 -7.729342e-03  7.642562e-03 -4.793634e-03 
 1.260000e+04  3.217449e+00 -7.761225e-03  7.674181e-03 -4.816201e-03 
 1.265000e+04  3.284545e+00 -7.792599e-03  7.705412e-03 -4.838614e-03 
 1.270000e+04  3.351642e+00 -7.823242e-03  7.735982e-03 -4.860853e-03 
 1.275000e+04  3.423170e+00 -7.855521e-03  7.767989e-03 -4.884371e-03 
 1.280000e+04  3.497143e+00 -7.888690e-03  7.800743e-03 -4.908470e-03 
 1.285000e+04  3.571117e+00 -7.921565e-03  7.833066e-03 -4.932116e-03 
 1.290000e+04  3.645091e+00 -7.954137e-03  7.864942e-03 -4.955211e-03 
 1.295000e+04  3.722467e+00 -7.988071e-03  7.898104e-03 -4.978938e-03 
 1.300000e+04  3.800140e+00 -8.021906e-03  7.931113e-03 -5.002531e-03 
 1.305000e+04  3.877812e+00 -8.054964e-03  7.963607e-03 -5.025927e-03 
 1.310000e+04  3.957582e+00 -8.088174e-03  7.996426e-03 -5.049807e-03 
 1.315000e+04  4.042074e+00 -8.122991e-03  8.030867e-03 -5.074977e-03 
 1.320000e+04  4.127707e+00 -8.157822e-03  8.065379e-03 -5.100201e-03 
 1.325000e+04  4.213341e+00 -8.192229e-03  8.099292e-03 -5.124905e-03 
 1.330000e+04  4.304794e+00 -8.228812e-03  8.135139e-03 -5.150797e-03 
 1.335000e+04  4.399205e+00 -8.266403e-03  8.171932e-03 -5.177145e-03 
 1.340000e+04  4.493616e+00 -8.303420e-03  8.208134e-03 -5.203094e-03 
 1.345000e+04  4.588028e+00 -8.339707e-03  8.243763e-03 -5.228793e-03 
 1.350000e+04  4.682439e+00 -8.375494e-03  8.279071e-03 -5.254367e-03 
 1.355000e+04  4.776850e+00 -8.410752e-03  8.314044e-03 -5.279800e-03 
 1.360000e+04  4.871356e+00 -8.445453e-03  8.348583e-03 -5.304879e-03 
 1.365000e+04  4.973957e+00 -8.482812e-03  8.385612e-03 -5.331670e-03 
 1.370000e+04  5.082730e+00 -8.522408e-03  8.424575e-03 -5.359716e-03 
 1.375000e+04  5.192022e+00 -8.561818e-03  8.463122e-03 -5.387410e-03 
 1.380000e+04  5.301315e+00 -8.600680e-03  8.500898e-03 -5.414612e-03 
 1.385000e+04  5.410608e+00 -8.639128e-03  8.538261e-03 -5.441541e-03 
 1.390000e+04  5.519901e+00 -8.677106e-03  8.575310e-03 -5.468369e-03 
 1.395000e+04  5.629194e+00 -8.714289e-03  8.611761e-03 -5.494945e-03 
 1.400000e+04  5.740126e+00 -8.751392e-03  8.648307e-03 -5.521635e-03 
 1.405000e+04  5.856146e+00 -8.790007e-03  8.686390e-03 -5.549272e-03 
 1.410000e+04  5.976641e+00 -8.829806e-03  8.725716e-03 -5.577501e-03 
 1.415000e+04  6.097137e+00 -8.869192e-03  8.764366e-03 -5.605143e-03 
 1.420000e+04  6.221729e+00 -8.909658e-03  8.803754e-03 -5.633324e-03 
 1.425000e+04  6.348249e+00 -8.950449e-03  8.843287e-03 -5.661773e-03 
 1.430000e+04  6.474769e+00 -8.990510e-03  8.882142e-03 -5.689974e-03 
 1.435000e+04  6.601289e+00 -9.029734e-03  8.920392e-03 -5.717948e-03 
 1.440000e+04  6.730593e+00 -9.069428e-03  8.959254e-03 -5.746315e-03 
 1.445000e+04  6.863439e+00 -9.109871e-03  8.998965e-03 -5.775159e-03 
 1.450000e+04  6.996285e+00 -9.149716e-03  9.038263e-03 -5.803452e-03 
 1.455000e+04  7.133515e+00 -9.190578e-03  9.078416e-03 -5.832221e-03 
 1.460000e+04  7.279699e+00 -9.233992e-03  9.120882e-03 -5.862555e-03 
 1.465000e+04  7.426162e+00 -9.277020e-03  9.162790e-03 -5.892581e-03 
 1.470000e+04  7.572625e+00 -9.319314e-03  9.203804e-03 -5.922220e-03 
 1.475000e+04  7.719088e+00 -9.361198e-03  9.244255e-03 -5.951691e-03 
 1.480000e+04  7.865550e+00 -9.402608e-03  9.284321e-03 -5.981029e-03 
 1.485000e+04  8.012013e+00 -9.443240e-03  9.323972e-03 -6.010035e-03 
 1.490000e+04  8.161552e+00 -9.484243e-03  9.364192e-03 -6.039218e-03 
 1.495000e+04  8.322105e+00 -9.528102e-03  9.407237e-03 -6.070111e-03 
 1.500000e+04  8.483580e+00 -9.571959e-03  9.450185e-03 -6.100747e-03 
 1.505000e+04  8.645055e+00 -9.615276e-03  9.492417e-03 -6.130962e-03 
 1.510000e+04  8.812021e+00 -9.659622e-03  9.535433e-03 -6.161870e-03 
 1.515000e+04  8.981570e+00 -9.704162e-03  9.578527e-03 -6.193141e-03 
 1.520000e+04  9.151119e+00 -9.747997e-03  9.620960e-03 -6.224184e-03 
 1.525000e+04  9.320668e+00 -9.791172e-03  9.662802e-03 -6.254888e-03 
 1.530000e+04  9.495642e+00 -9.835419e-03  9.705843e-03 -6.286193e-03 
 1.535000e+04  9.673669e+00 -9.880112e-03  9.749502e-03 -6.317657e-03 
 1.540000e+04  9.851696e+00 -9.924271e-03  9.792726e-03 -6.348584e-03 
 1.545000e+04  1.003488e+01 -9.969196e-03  9.836706e-03 -6.380002e-03 
 1.550000e+04  1.022873e+01 -1.001648e-02  9.882836e-03 -6.413042e-03 
 1.555000e+04  1.042500e+01 -1.006386e-02  9.928820e-03 -6.446251e-03 
 1.560000e+04  1.062128e+01 -1.011048e-02  9.973862e-03 -6.479056e-03 
 1.565000e+04  1.081755e+01 -1.015661e-02  1.001842e-02 -6.511596e-03 
 1.570000e+04  1.101383e+01 -1.020244e-02  1.006262e-02 -6.543895e-03 
 1.575000e+04  1.121010e+01 -1.024764e-02  1.010638e-02 -6.575769e-03 
 1.580000e+04  1.141109e+01 -1.029342e-02  1.015087e-02 -6.607976e-03 
 1.585000e+04  1.162562e+01 -1.034207e-02  1.019819e-02 -6.641948e-03 
 1.590000e+04  1.184201e+01 -1.039072e-02  1.024553e-02 -6.675802e-03 
 1.595000e+04  1.205841e+01 -1.043869e-02  1.029214e-02 -6.709292e-03 
 1.600000e+04  1.228151e+01 -1.048768e-02  1.033938e-02 -6.743561e-03 
 1.605000e+04  1.250872e+01 -1.053707e-02  1.038699e-02 -6.778256e-03 
 1.610000e+04  1.273593e+01 -1.058576e-02  1.043395e-02 -6.812654e-03 
 1.615000e+04  1.296314e+01 -1.063390e-02  1.048044e-02 -6.846585e-03 
 1.620000e+04  1.320172e+01 -1.068414e-02  1.052901e-02 -6.881796e-03 
 1.625000e+04  1.344029e+01 -1.073400e-02  1.057732e-02 -6.916637e-03 
 1.630000e+04  1.367886e+01 -1.078317e-02  1.062516e-02 -6.950987e-03 
 1.635000e+04  1.392650e+01 -1.083364e-02  1.067430e-02 -6.986249e-03 
 1.640000e+04  1.418953e+01 -1.088688e-02  1.072596e-02 -7.023506e-03 
 1.645000e+04  1.445255e+01 -1.093948e-02  1.077686e-02 -7.060483e-03 
 1.650000e+04  1.471558e+01 -1.099142e-02  1.082697e-02 -7.097039e-03 
 1.655000e+04  1.498939e+01 -1.104504e-02  1.087862e-02 -7.134684e-03 
 1.660000e+04  1.526557e+01 -1.109877e-02  1.093032e-02 -7.172271e-03 
 1.665000e+04  1.554174e+01 -1.115186e-02  1.098145e-02 -7.209359e-03 
 1.670000e+04  1.582124e+01 -1.120491e-02  1.103270e-02 -7.246483e-03 
 1.675000e+04  1.612311e+01 -1.126184e-02  1.108772e-02 -7.286214e-03 
 1.680000e+04  1.642760e+01 -1.131866e-02  1.114270e-02 -7.325903e-03 
 1.685000e+04  1.673208e+01 -1.137476e-02  1.119687e-02 -7.365141e-03 
 1.690000e+04  1.704388e+01 -1.143165e-02  1.125152e-02 -7.404948e-03 
 1.695000e+04  1.736359e+01 -1.148957e-02  1.130699e-02 -7.445457e-03 
 1.700000e+04  1.768330e+01 -1.154676e-02  1.136184e-02 -7.485490e-03 
 1.705000e+04  1.800301e+01 -1.160328e-02  1.141609e-02 -7.524981e-03 
 1.710000e+04  1.833391e+01 -1.166138e-02  1.147190e-02 -7.565455e-03 
 1.715000e+04  1.866960e+01 -1.171982e-02  1.152813e-02 -7.606154e-03 
 1.720000e+04  1.900530e+01 -1.177747e-02  1.158363e-02 -7.646362e-03 
 1.725000e+04  1.934771e+01 -1.183556e-02  1.163966e-02 -7.686968e-03 
 1.730000e+04  1.971393e+01 -1.189718e-02  1.169904e-02 -7.730078e-03 
 1.735000e+04  2.008404e+01 -1.195876e-02  1.175836e-02 -7.773297e-03 
 1.740000e+04  2.045414e+01 -1.201967e-02  1.181683e-02 -7.815927e-03 
 1.745000e+04  2.082425e+01 -1.208005e-02  1.187473e-02 -7.858061e-03 
 1.750000e+04  2.121101e+01 -1.214274e-02  1.193483e-02 -7.901672e-03 
 1.755000e+04  2.159962e+01 -1.220486e-02  1.199454e-02 -7.945035e-03 
 1.760000e+04  2.198823e+01 -1.226623e-02  1.205356e-02 -7.987913e-03 
 1.765000e+04  2.238966e+01 -1.232913e-02  1.211406e-02 -8.031873e-03 
 1.770000e+04  2.279770e+01 -1.239248e-02  1.217498e-02 -8.076180e-03 
 1.775000e+04  2.320574e+01 -1.245509e-02  1.223504e-02 -8.119902e-03 
 1.780000e+04  2.362031e+01 -1.251814e-02  1.229544e-02 -8.163864e-03 
 1.785000e+04  2.404875e+01 -1.258291e-02  1.235734e-02 -8.208937e-03 
 1.790000e+04  2.447719e+01 -1.264691e-02  1.241845e-02 -8.253527e-03 
 1.795000e+04  2.490606e+01 -1.271022e-02  1.247896e-02 -8.297650e-03 
 1.800000e+04  2.535593e+01 -1.277624e-02  1.254196e-02 -8.343518e-03 
 1.805000e+04  2.580579e+01 -1.284163e-02  1.260442e-02 -8.388974e-03 
 1.810000e+04  2.625566e+01 -1.290610e-02  1.266612e-02 -8.433965e-03 
 1.815000e+04  2.671587e+01 -1.297135e-02  1.272864e-02 -8.479541e-03 
 1.820000e+04  2.718822e+01 -1.303794e-02  1.279225e-02 -8.525907e-03 
 1.825000e+04  2.766058e+01 -1.310389e-02  1.285526e-02 -8.571829e-03 
 1.830000e+04  2.813672e+01 -1.316966e-02  1.291801e-02 -8.617574e-03 
 1.835000e+04  2.864608e+01 -1.323951e-02  1.298456e-02 -8.666023e-03 
 1.840000e+04  2.916686e+01 -1.331019e-02  1.305195e-02 -8.715169e-03 
 1.845000e+04  2.968763e+01 -1.338001e-02  1.311854e-02 -8.763818e-03 
 1.850000e+04  3.020841e+01 -1.344906e-02  1.318442e-02 -8.811962e-03 
 1.855000e+04  3.075209e+01 -1.352057e-02  1.325273e-02 -8.861770e-03 
 1.860000e+04  3.129891e+01 -1.359185e-02  1.332081e-02 -8.911363e-03 
 1.865000e+04  3.184572e+01 -1.366234e-02  1.338809e-02 -8.960355e-03 
 1.870000e+04  3.242419e+01 -1.373631e-02  1.345851e-02 -9.011691e-03 
 1.875000e+04  3.302705e+01 -1.381276e-02  1.353125e-02 -9.064801e-03 
 1.880000e+04  3.362991e+01 -1.388830e-02  1.360310e-02 -9.117317e-03 
 1.885000e+04  3.423278e+01 -1.396305e-02  1.367411e-02 -9.169195e-03 
 1.890000e+04  3.485433e+01 -1.403954e-02  1.374663e-02 -9.222196e-03 
 1.895000e+04  3.548733e+01 -1.411661e-02  1.381990e-02 -9.275749e-03 
 1.900000e+04  3.612033e+01 -1.419274e-02  1.389232e-02 -9.328688e-03 
 1.905000e+04  3.676093e+01 -1.426909e-02  1.396489e-02 -9.381674e-03 
 1.910000e+04  3.742559e+01 -1.434777e-02  1.403954e-02 -9.436183e-03 
 1.915000e+04  3.809024e+01 -1.442568e-02  1.411341e-02 -9.490139e-03 
 1.920000e+04  3.876021e+01 -1.450332e-02  1.418697e-02 -9.543878e-03 
 1.925000e+04  3.946578e+01 -1.458443e-02  1.426364e-02 -9.599985e-03 
 1.930000e+04  4.019856e+01 -1.466784e-02  1.434258e-02 -9.657782e-03 
 1.935000e+04  4.093134e+01 -1.475019e-02  1.442063e-02 -9.714942e-03 
 1.940000e+04  4.166412e+01 -1.483173e-02  1.449787e-02 -9.771468e-03 
 1.945000e+04  4.239690e+01 -1.491251e-02  1.457455e-02 -9.827454e-03 
 1.950000e+04  4.312968e+01 -1.499254e-02  1.465051e-02 -9.882871e-03 
 1.955000e+04  4.386393e+01 -1.507184e-02  1.472580e-02 -9.937806e-03 
 1.960000e+04  4.465951e+01 -1.515716e-02  1.480655e-02 -9.996802e-03 
 1.965000e+04  4.546740e+01 -1.524314e-02  1.488778e-02 -1.005622e-02 
 1.970000e+04  4.627529e+01 -1.532808e-02  1.496797e-02 -1.011498e-02 
 1.975000e+04  4.709046e+01 -1.541291e-02  1.504795e-02 -1.017362e-02 
 1.980000e+04  4.793874e+01 -1.550054e-02  1.513050e-02 -1.023411e-02 
 1.985000e+04  4.878703e+01 -1.558720e-02  1.521225e-02 -1.029400e-02 
 1.990000e+04  4.963531e+01 -1.567285e-02  1.529323e-02 -1.035324e-02 
 1.995000e+04  5.052555e+01 -1.576205e-02  1.537749e-02 -1.041477e-02 
 2.000000e+04  5.146078e+01 -1.585508e-02  1.546519e-02 -1.047884e-02 
 2.005000e+04  5.239602e+01 -1.594704e-02  1.555176e-02 -1.054225e-02 
 2.010000e+04  5.334622e+01 -1.603945e-02  1.563862e-02 -1.060594e-02 
 2.015000e+04  5.432822e+01 -1.613416e-02  1.572751e-02 -1.067120e-02 
 2.020000e+04  5.531021e+01 -1.622794e-02  1.581549e-02 -1.073582e-02 
 2.025000e+04  5.629221e+01 -1.632066e-02  1.590258e-02 -1.079966e-02 
 2.030000e+04  5.730563e+01 -1.641549e-02  1.599164e-02 -1.086488e-02 
 2.035000e+04  5.833673e+01 -1.651109e-02  1.608152e-02 -1.093062e-02 
 2.040000e+04  5.936782e+01 -1.660558e-02  1.617045e-02 -1.099567e-02 
 2.045000e+04  6.045130e+01 -1.670392e-02  1.626287e-02 -1.106333e-02 
 2.050000e+04  6.158809e+01 -1.680619e-02  1.635890e-02 -1.113368e-02 
 2.055000e+04  6.272487e+01 -1.690742e-02  1.645383e-02 -1.120330e-02 
 2.060000e+04  6.386165e+01 -1.700752e-02  1.654762e-02 -1.127210e-02 
 2.065000e+04  6.504050e+01 -1.711032e-02  1.664388e-02 -1.134266e-02 
 2.070000e+04  6.623412e+01 -1.721350e-02  1.674048e-02 -1.141349e-02 
 2.075000e+04  6.742775e+01 -1.731548e-02  1.683611e-02 -1.148353e-02 
 2.080000e+04  6.865414e+01 -1.741920e-02  1.693328e-02 -1.155464e-02 
 2.085000e+04  6.997011e+01 -1.752957e-02  1.703662e-02 -1.163031e-02 
 2.090000e+04  7.128608e+01 -1.763879e-02  1.713875e-02 -1.170519e-02 
 2.095000e+04  7.260204e+01 -1.774677e-02  1.723962e-02 -1.177917e-02 
 2.100000e+04  7.397460e+01 -1.785833e-02  1.734372e-02 -1.185552e-02 
 2.105000e+04  7.535637e+01 -1.796960e-02  1.744739e-02 -1.193160e-02 
 2.110000e+04  7.673814e+01 -1.807968e-02  1.754991e-02 -1.200683e-02 
 2.115000e+04  7.816723e+01 -1.819235e-02  1.765483e-02 -1.208380e-02 
 2.120000e+04  7.969063e+01 -1.831134e-02  1.776564e-02 -1.216504e-02 
 2.125000e+04  8.121403e+01 -1.842900e-02  1.787521e-02 -1.224541e-02 
 2.130000e+04  8.273743e+01 -1.854528e-02  1.798346e-02 -1.232480e-02 
 2.135000e+04  8.436427e+01 -1.866826e-02  1.809779e-02 -1.240867e-02 
 2.140000e+04  8.604382e+01 -1.879401e-02  1.821462e-02 -1.249439e-02 
 2.145000e+04  8.772337e+01 -1.891827e-02  1.833004e-02 -1.257905e-02 
 2.150000e+04  8.941131e+01 -1.904175e-02  1.844464e-02 -1.266310e-02 
 2.155000e+04  9.117484e+01 -1.916947e-02  1.856308e-02 -1.275004e-02 
 2.160000e+04  9.293836e+01 -1.929576e-02  1.868020e-02 -1.283602e-02 
 2.165000e+04  9.470894e+01 -1.942104e-02  1.879649e-02 -1.292127e-02 
 2.170000e+04  9.661064e+01 -1.955433e-02  1.892006e-02 -1.301183e-02 
 2.175000e+04  9.855493e+01 -1.968922e-02  1.904501e-02 -1.310345e-02 
 2.180000e+04  1.004992e+02 -1.982244e-02  1.916837e-02 -1.319397e-02 
 2.185000e+04  1.024707e+02 -1.995598e-02  1.929188e-02 -1.328463e-02 
 2.190000e+04  1.045122e+02 -2.009290e-02  1.941842e-02 -1.337746e-02 
 2.195000e+04  1.065537e+02 -2.022827e-02  1.954353e-02 -1.346921e-02 
 2.200000e+04  1.086177e+02 -2.036358e-02  1.966850e-02 -1.356083e-02 
 2.205000e+04  1.107613e+02 -2.050266e-02  1.979686e-02 -1.365501e-02 
 2.210000e+04  1.129048e+02 -2.064022e-02  1.992380e-02 -1.374813e-02 
 2.215000e+04  1.150484e+02 -2.077616e-02  2.004923e-02 -1.384008e-02 
 2.220000e+04  1.173174e+02 -2.091862e-02  2.018045e-02 -1.393627e-02 
 2.225000e+04  1.196807e+02 -2.106550e-02  2.031566e-02 -1.403546e-02 
 2.230000e+04  1.220440e+02 -2.121072e-02  2.044921e-02 -1.413345e-02 
 2.235000e+04  1.244427e+02 -2.135638e-02  2.058304e-02 -1.423164e-02 
 2.240000e+04  1.269242e+02 -2.150543e-02  2.071992e-02 -1.433207e-02 
 2.245000e+04  1.294056e+02 -2.165280e-02  2.085521e-02 -1.443134e-02 
 2.250000e+04  1.319417e+02 -2.180164e-02  2.099186e-02 -1.453156e-02 
 2.255000e+04  1.346775e+02 -2.196057e-02  2.113759e-02 -1.463841e-02 
 2.260000e+04  1.374133e+02 -2.211774e-02  2.128165e-02 -1.474404e-02 
 2.265000e+04  1.401491e+02 -2.227295e-02  2.142382e-02 -1.484832e-02 
 2.270000e+04  1.430205e+02 -2.243397e-02  2.157110e-02 -1.495634e-02 
 2.275000e+04  1.460367e+02 -2.260130e-02  2.172405e-02 -1.506854e-02 
 2.280000e+04  1.490529e+02 -2.276658e-02  2.187510e-02 -1.517932e-02 
 2.285000e+04  1.520842e+02 -2.293062e-02  2.202493e-02 -1.528920e-02 
 2.290000e+04  1.552513e+02 -2.310001e-02  2.217950e-02 -1.540258e-02 
 2.295000e+04  1.584183e+02 -2.326739e-02  2.233224e-02 -1.551457e-02 
 2.300000e+04  1.616044e+02 -2.343366e-02  2.248400e-02 -1.562573e-02 
 2.305000e+04  1.651007e+02 -2.361408e-02  2.264845e-02 -1.574623e-02 
 2.310000e+04  1.687669e+02 -2.380111e-02  2.281888e-02 -1.587111e-02 
 2.315000e+04  1.724332e+02 -2.398572e-02  2.298695e-02 -1.599425e-02 
 2.320000e+04  1.761067e+02 -2.416819e-02  2.315287e-02 -1.611579e-02 
 2.325000e+04  1.799563e+02 -2.435697e-02  2.332442e-02 -1.624152e-02 
 2.330000e+04  1.838058e+02 -2.454341e-02  2.349377e-02 -1.636560e-02 
 2.335000e+04  1.877208e+02 -2.473054e-02  2.366366e-02 -1.649006e-02 
 2.340000e+04  1.919609e+02 -2.493085e-02  2.384532e-02 -1.662315e-02 
 2.345000e+04  1.962051e+02 -2.512885e-02  2.402477e-02 -1.675457e-02 
 2.350000e+04  2.004492e+02 -2.532412e-02  2.420162e-02 -1.688401e-02 
 2.355000e+04  2.049259e+02 -2.552735e-02  2.438541e-02 -1.701861e-02 
 2.360000e+04  2.096051e+02 -2.573713e-02  2.457500e-02 -1.715752e-02 
 2.365000e+04  2.142842e+02 -2.594396e-02  2.476198e-02 -1.729442e-02 
 2.370000e+04  2.190149e+02 -2.615011e-02  2.494826e-02 -1.743075e-02 
 2.375000e+04  2.239280e+02 -2.636140e-02  2.513909e-02 -1.757040e-02 
 2.380000e+04  2.288411e+02 -2.656980e-02  2.532730e-02 -1.770808e-02 
 2.385000e+04  2.339668e+02 -2.678419e-02  2.552085e-02 -1.784955e-02 
 2.390000e+04  2.396543e+02 -2.701917e-02  2.573274e-02 -1.800444e-02 
 2.395000e+04  2.453419e+02 -2.725093e-02  2.594150e-02 -1.815709e-02 
 2.400000e+04  2.510294e+02 -2.747913e-02  2.614689e-02 -1.830726e-02 
 2.405000e+04  2.567170e+02 -2.770387e-02  2.634892e-02 -1.845500e-02 
 2.410000e+04  2.625297e+02 -2.793019e-02  2.655229e-02 -1.860376e-02 
 2.415000e+04  2.685016e+02 -2.815952e-02  2.675839e-02 -1.875442e-02 
 2.420000e+04  2.745332e+02 -2.838793e-02  2.696349e-02 -1.890430e-02 
 2.425000e+04  2.808037e+02 -2.862219e-02  2.717371e-02 -1.905787e-02 
 2.430000e+04  2.870743e+02 -2.885317e-02  2.738087e-02 -1.920915e-02 
 2.435000e+04  2.934200e+02 -2.908341e-02  2.758725e-02 -1.935982e-02 
 2.440000e+04  3.002806e+02 -2.932883e-02  2.780712e-02 -1.952037e-02 
 2.445000e+04  3.071939e+02 -2.957268e-02  2.802552e-02 -1.967988e-02 
 2.450000e+04  3.141071e+02 -2.981285e-02  2.824057e-02 -1.983687e-02 
 2.455000e+04  3.211932e+02 -3.005533e-02  2.845749e-02 -1.999519e-02 
 2.460000e+04  3.286699e+02 -3.030754e-02  2.868302e-02 -2.015977e-02 
 2.465000e+04  3.362917e+02 -3.056096e-02  2.890955e-02 -2.032501e-02 
 2.470000e+04  3.439136e+02 -3.081056e-02  2.913243e-02 -2.048760e-02 
 2.475000e+04  3.518022e+02 -3.106503e-02  2.935939e-02 -2.065323e-02 
 2.480000e+04  3.598051e+02 -3.131938e-02  2.958614e-02 -2.081868e-02 
 2.485000e+04  3.679121e+02 -3.157303e-02  2.981223e-02 -2.098361e-02 
 2.490000e+04  3.766261e+02 -3.184165e-02  3.005154e-02 -2.115820e-02 
 2.495000e+04  3.854494e+02 -3.210963e-02  3.029021e-02 -2.133230e-02 
 2.500000e+04  3.942726e+02 -3.237337e-02  3.052502e-02 -2.150349e-02 
 2.505000e+04  4.032812e+02 -3.263833e-02  3.076075e-02 -2.167531e-02 
 2.510000e+04  4.125456e+02 -3.290664e-02  3.099934e-02 -2.184925e-02 
 2.515000e+04  4.218656e+02 -3.317229e-02  3.123551e-02 -2.202146e-02 
 2.520000e+04  4.315932e+02 -3.344532e-02  3.147811e-02 -2.219836e-02 
 2.525000e+04  4.416321e+02 -3.372278e-02  3.172450e-02 -2.237801e-02 
 2.530000e+04  4.518462e+02 -3.400071e-02  3.197129e-02 -2.255787e-02 
 2.535000e+04  4.620602e+02 -3.427409e-02  3.221396e-02 -2.273467e-02 
 2.540000e+04  4.726230e+02 -3.455216e-02  3.246064e-02 -2.291442e-02 
 2.545000e+04  4.838840e+02 -3.484410e-02  3.271953e-02 -2.310313e-02 
 2.550000e+04  4.951449e+02 -3.513135e-02  3.297419e-02 -2.328877e-02 
 2.555000e+04  5.064059e+02 -3.541384e-02  3.322443e-02 -2.347119e-02 
 2.560000e+04  5.176668e+02 -3.569168e-02  3.347032e-02 -2.365048e-02 
 2.565000e+04  5.292033e+02 -3.597167e-02  3.371800e-02 -2.383109e-02 
 2.570000e+04  5.407774e+02 -3.624806e-02  3.396245e-02 -2.400935e-02 
 2.575000e+04  5.523515e+02 -3.652005e-02  3.420302e-02 -2.418478e-02 
 2.580000e+04  5.639255e+02 -3.678774e-02  3.443987e-02 -2.435748e-02 
 2.585000e+04  5.754996e+02 -3.705122e-02  3.467306e-02 -2.452744e-02 
 2.590000e+04  5.870737e+02 -3.731065e-02  3.490272e-02 -2.469477e-02 
 2.595000e+04  5.986478e+02 -3.756621e-02  3.512901e-02 -2.485962e-02 
 2.600000e+04  6.102218e+02 -3.781803e-02  3.535196e-02 -2.502204e-02 
 2.605000e+04  6.217959e+02 -3.806618e-02  3.557161e-02 -2.518209e-02 
 2.610000e+04  6.333700e+02 -3.831087e-02  3.578810e-02 -2.533989e-02 
 2.615000e+04  6.449441e+02 -3.855215e-02  3.600157e-02 -2.549549e-02 
 2.620000e+04  6.565181e+02 -3.879014e-02  3.621205e-02 -2.564893e-02 
 2.625000e+04  6.680922e+02 -3.902493e-02  3.641964e-02 -2.580026e-02 
 2.630000e+04  6.796663e+02 -3.925671e-02  3.662442e-02 -2.594962e-02 
 2.635000e+04  6.912404e+02 -3.948553e-02  3.682646e-02 -2.609704e-02 
 2.640000e+04  7.028144e+02 -3.971143e-02  3.702579e-02 -2.624254e-02 
 2.645000e+04  7.143885e+02 -3.993449e-02  3.722249e-02 -2.638619e-02 
 2.650000e+04  7.259626e+02 -4.015479e-02  3.741669e-02 -2.652810e-02 
 2.655000e+04  7.375367e+02 -4.037236e-02  3.760847e-02 -2.666824e-02 
 2.660000e+04  7.491107e+02 -4.058725e-02  3.779787e-02 -2.680662e-02 
 2.665000e+04  7.606848e+02 -4.079952e-02  3.798500e-02 -2.694338e-02 
 2.670000e+04  7.722589e+02 -4.100927e-02  3.816996e-02 -2.707854e-02 
 2.675000e+04  7.838329e+02 -4.121653e-02  3.835274e-02 -2.721209e-02 
 2.680000e+04  7.954070e+02 -4.142136e-02  3.853336e-02 -2.734410e-02 
 2.685000e+04  8.069811e+02 -4.162382e-02  3.871190e-02 -2.747464e-02 
 2.690000e+04  8.185552e+02 -4.182396e-02  3.888837e-02 -2.760374e-02 
 2.695000e+04  8.301292e+02 -4.202181e-02  3.906286e-02 -2.773137e-02 
 2.700000e+04  8.417033e+02 -4.221749e-02  3.923544e-02 -2.785758e-02 
 2.705000e+04  8.532774e+02 -4.241106e-02  3.940614e-02 -2.798243e-02 
 2.710000e+04  8.648515e+02 -4.260254e-02  3.957498e-02 -2.810593e-02 
 2.715000e+04  8.764255e+02 -4.279197e-02  3.974195e-02 -2.822814e-02 
 2.720000e+04  8.879996e+02 -4.297942e-02  3.990712e-02 -2.834909e-02 
 2.725000e+04  8.995737e+02 -4.316493e-02  4.007055e-02 -2.846882e-02 
 2.730000e+04  9.111478e+02 -4.334856e-02  4.023227e-02 -2.858732e-02 
 2.735000e+04  9.227218e+02 -4.353037e-02  4.039230e-02 -2.870460e-02 
 2.740000e+04  9.342959e+02 -4.371042e-02  4.055071e-02 -2.882074e-02 
 2.745000e+04  9.458700e+02 -4.388865e-02  4.070751e-02 -2.893575e-02 
 2.750000e+04  9.574441e+02 -4.406510e-02  4.086270e-02 -2.904964e-02 
 2.755000e+04  9.690181e+02 -4.423982e-02  4.101639e-02 -2.916247e-02 
 2.760000e+04  9.805922e+02 -4.441285e-02  4.116864e-02 -2.927422e-02 
 2.765000e+04  9.921663e+02 -4.458421e-02  4.131942e-02 -2.938489e-02 
 2.770000e+04  1.003740e+03 -4.475392e-02  4.146880e-02 -2.949453e-02 
 2.775000e+04  1.015314e+03 -4.492199e-02  4.161679e-02 -2.960318e-02 
 2.780000e+04  1.026889e+03 -4.508846e-02  4.176343e-02 -2.971086e-02 
 2.785000e+04  1.038463e+03 -4.525337e-02  4.190875e-02 -2.981754e-02 
 2.790000e+04  1.050037e+03 -4.541678e-02  4.205274e-02 -2.992327e-02 
 2.795000e+04  1.061611e+03 -4.557872e-02  4.219540e-02 -3.002807e-02 
 2.800000e+04  1.073185e+03 -4.573921e-02  4.233677e-02 -3.013195e-02 
 2.805000e+04  1.084759e+03 -4.589827e-02  4.247690e-02 -3.023493e-02 
 2.810000e+04  1.096333e+03 -4.605598e-02  4.261581e-02 -3.033702e-02 
 2.815000e+04  1.107907e+03 -4.621236e-02  4.275351e-02 -3.043825e-02 
 2.820000e+04  1.119481e+03 -4.636741e-02  4.288998e-02 -3.053865e-02 
 2.825000e+04  1.131055e+03 -4.652119e-02  4.302523e-02 -3.063822e-02 
 2.830000e+04  1.142629e+03 -4.667372e-02  4.315934e-02 -3.073698e-02 
 2.835000e+04  1.154203e+03 -4.682500e-02  4.329232e-02 -3.083493e-02 
 2.840000e+04  1.165777e+03 -4.697506e-02  4.342418e-02 -3.093209e-02 
 2.845000e+04  1.177351e+03 -4.712385e-02  4.355494e-02 -3.102850e-02 
 2.850000e+04  1.188926e+03 -4.727143e-02  4.368465e-02 -3.112417e-02 
 2.855000e+04  1.200500e+03 -4.741783e-02  4.381335e-02 -3.121908e-02 
 2.860000e+04  1.212074e+03 -4.756307e-02  4.394107e-02 -3.131324e-02 
 2.865000e+04  1.223648e+03 -4.770719e-02  4.406781e-02 -3.140667e-02 
 2.870000e+04  1.235222e+03 -4.785016e-02  4.419355e-02 -3.149942e-02 
 2.875000e+04  1.246796e+03 -4.799196e-02  4.431828e-02 -3.159146e-02 
 2.880000e+04  1.258370e+03 -4.813266e-02  4.444206e-02 -3.168284e-02 
 2.885000e+04  1.269944e+03 -4.827229e-02  4.456492e-02 -3.177355e-02 
 2.890000e+04  1.281518e+03 -4.841086e-02  4.468687e-02 -3.186356e-02 
 2.895000e+04  1.293092e+03 -4.854840e-02  4.480791e-02 -3.195290e-02 
 2.900000e+04  1.304666e+03 -4.868492e-02  4.492808e-02 -3.204161e-02 
 2.905000e+04  1.316240e+03 -4.882040e-02  4.504735e-02 -3.212969e-02 
 2.910000e+04  1.327814e+03 -4.895489e-02  4.516574e-02 -3.221716e-02 
 2.915000e+04  1.339389e+03 -4.908844e-02  4.528327e-02 -3.230401e-02 
 2.920000e+04  1.350963e+03 -4.922109e-02  4.539998e-02 -3.239027e-02 
 2.925000e+04  1.362537e+03 -4.935280e-02  4.551582e-02 -3.247592e-02 
 2.930000e+04  1.374111e+03 -4.948359e-02  4.563080e-02 -3.256099e-02 
 2.935000e+04  1.385685e+03 -4.961349e-02  4.574498e-02 -3.264551e-02 
 2.940000e+04  1.397259e+03 -4.974251e-02  4.585838e-02 -3.272945e-02 
 2.945000e+04  1.408833e+03 -4.987066e-02  4.597101e-02 -3.281283e-02 
 2.950000e+04  1.420407e+03 -4.999795e-02  4.608289e-02 -3.289567e-02 
 2.955000e+04  1.431981e+03 -5.012438e-02  4.619400e-02 -3.297798e-02 
 2.960000e+04  1.443555e+03 -5.024994e-02  4.630433e-02 -3.305976e-02 
 2.965000e+04  1.455129e+03 -5.037466e-02  4.641396e-02 -3.314102e-02 
 2.970000e+04  1.466703e+03 -5.049857e-02  4.652288e-02 -3.322176e-02 
 2.975000e+04  1.478277e+03 -5.062166e-02  4.663109e-02 -3.330198e-02 
 2.980000e+04  1.489851e+03 -5.074393e-02  4.673861e-02 -3.338169e-02 
 2.985000e+04  1.501426e+03 -5.086538e-02  4.684547e-02 -3.346092e-02 
 2.990000e+04  1.513000e+03 -5.098604e-02  4.695168e-02 -3.353968e-02 
 2.995000e+04  1.524574e+03 -5.110595e-02  4.705722e-02 -3.361793e-02 
 3.000000e+04  1.536148e+03 -5.122510e-02  4.716211e-02 -3.369570e-02 
 3.005000e+04  1.547722e+03 -5.134353e-02  4.726633e-02 -3.377302e-02 
 3.010000e+04  1.559296e+03 -5.146122e-02  4.736988e-02 -3.384989e-02 
 3.015000e+04  1.570870e+03 -5.157818e-02  4.747276e-02 -3.392632e-02 
 3.020000e+04  1.582444e+03 -5.169444e-02  4.757503e-02 -3.400228e-02 
 3.025000e+04  1.594018e+03 -5.181004e-02  4.767672e-02 -3.407780e-02 
 3.030000e+04  1.605592e+03 -5.192496e-02  4.777779e-02 -3.415287e-02 
 3.035000e+04  1.617166e+03 -5.203919e-02  4.787826e-02 -3.422750e-02 
 3.040000e+04  1.628740e+03 -5.215275e-02  4.797813e-02 -3.430173e-02 
 3.045000e+04  1.640314e+03 -5.226563e-02  4.807742e-02 -3.437556e-02 
 3.050000e+04  1.651889e+03 -5.237784e-02  4.817614e-02 -3.444896e-02 
 3.055000e+04  1.663463e+03 -5.248944e-02  4.827430e-02 -3.452197e-02 
 3.060000e+04  1.675037e+03 -5.260043e-02  4.837188e-02 -3.459458e-02 
 3.065000e+04  1.686611e+03 -5.271077e-02  4.846890e-02 -3.466678e-02 
 3.070000e+04  1.698185e+03 -5.282048e-02  4.856537e-02 -3.473858e-02 
 3.075000e+04  1.709759e+03 -5.292956e-02  4.866133e-02 -3.481001e-02 
 3.080000e+04  1.721333e+03 -5.303804e-02  4.875678e-02 -3.488106e-02 
 3.085000e+04  1.732907e+03 -5.314591e-02  4.885170e-02 -3.495172e-02 
 3.090000e+04  1.744481e+03 -5.325318e-02  4.894610e-02 -3.502202e-02 
 3.095000e+04  1.756055e+03 -5.335988e-02  4.903999e-02 -3.509196e-02 
 3.100000e+04  1.767629e+03 -5.346602e-02  4.913337e-02 -3.516153e-02 
 3.105000e+04  1.779203e+03 -5.357159e-02  4.922625e-02 -3.523074e-02 
 3.110000e+04  1.790777e+03 -5.367660e-02  4.931864e-02 -3.529959e-02 
 3.115000e+04  1.802351e+03 -5.378104e-02  4.941053e-02 -3.536808e-02 
 3.120000e+04  1.813926e+03 -5.388494e-02  4.950194e-02 -3.543624e-02 
 3.125000e+04  1.825500e+03 -5.398831e-02  4.959288e-02 -3.550408e-02 
 3.130000e+04  1.837074e+03 -5.409114e-02  4.968336e-02 -3.557157e-02 
 3.135000e+04  1.848648e+03 -5.419345e-02  4.977338e-02 -3.563873e-02 
 3.140000e+04  1.860222e+03 -5.429526e-02  4.986295e-02 -3.570558e-02 
 3.145000e+04  1.871796e+03 -5.439657e-02  4.995207e-02 -3.577210e-02 
 3.150000e+04  1.883370e+03 -5.449736e-02  5.004075e-02 -3.583830e-02 
 3.155000e+04  1.894944e+03 -5.459763e-02  5.012897e-02 -3.590417e-02 
 3.160000e+04  1.906518e+03 -5.469739e-02  5.021675e-02 -3.596973e-02 
 3.165000e+04  1.918092e+03 -5.479667e-02  5.030413e-02 -3.603498e-02 
 3.170000e+04  1.929666e+03 -5.489546e-02  5.039111e-02 -3.609993e-02 
 3.175000e+04  1.941240e+03 -5.499376e-02  5.047766e-02 -3.616457e-02 
 3.180000e+04  1.952814e+03 -5.509160e-02  5.056380e-02 -3.622893e-02 
 3.185000e+04  1.964389e+03 -5.518896e-02  5.064951e-02 -3.629300e-02 
 3.190000e+04  1.975963e+03 -5.528588e-02  5.073482e-02 -3.635677e-02 
 3.195000e+04  1.987537e+03 -5.538234e-02  5.081973e-02 -3.642025e-02 
 3.200000e+04  1.999111e+03 -5.547834e-02  5.090424e-02 -3.648344e-02 
 3.205000e+04  2.010685e+03 -5.557390e-02  5.098836e-02 -3.654634e-02 
 3.210000e+04  2.022259e+03 -5.566902e-02  5.107211e-02 -3.660898e-02 
 3.215000e+04  2.033833e+03 -5.576372e-02  5.115548e-02 -3.667135e-02 
 3.220000e+04  2.045407e+03 -5.585798e-02  5.123847e-02 -3.673344e-02 
 3.225000e+04  2.056981e+03 -5.595183e-02  5.132109e-02 -3.679526e-02 
 3.230000e+04  2.068555e+03 -5.604528e-02  5.140331e-02 -3.685682e-02 
 3.235000e+04  2.080129e+03 -5.613833e-02  5.148516e-02 -3.691814e-02 
 3.240000e+04  2.091703e+03 -5.623094e-02  5.156664e-02 -3.697918e-02 
 3.245000e+04  2.103277e+03 -5.632313e-02  5.164776e-02 -3.703996e-02 
 3.250000e+04  2.114851e+03 -5.641491e-02  5.172856e-02 -3.710048e-02 
 3.255000e+04  2.126426e+03 -5.650628e-02  5.180904e-02 -3.716075e-02 
 3.260000e+04  2.138000e+03 -5.659725e-02  5.188920e-02 -3.722078e-02 
 3.265000e+04  2.149574e+03 -5.668782e-02  5.196902e-02 -3.728057e-02 
 3.270000e+04  2.161148e+03 -5.677799e-02  5.204850e-02 -3.734012e-02 
 3.275000e+04  2.172722e+03 -5.686778e-02  5.212764e-02 -3.739942e-02 
 3.280000e+04  2.184296e+03 -5.695719e-02  5.220644e-02 -3.745848e-02 
 3.285000e+04  2.195870e+03 -5.704624e-02  5.228491e-02 -3.751729e-02 
 3.290000e+04  2.207444e+03 -5.713491e-02  5.236306e-02 -3.757588e-02 
 3.295000e+04  2.219018e+03 -5.722321e-02  5.244089e-02 -3.763422e-02 
 3.300000e+04  2.230592e+03 -5.731114e-02  5.251840e-02 -3.769233e-02 
 3.305000e+04  2.242166e+03 -5.739873e-02  5.259561e-02 -3.775024e-02 
 3.310000e+04  2.253740e+03 -5.748597e-02  5.267252e-02 -3.780794e-02 
 3.315000e+04  2.265314e+03 -5.757287e-02  5.274910e-02 -3.786540e-02 
 3.320000e+04  2.276889e+03 -5.765945e-02  5.282538e-02 -3.792265e-02 
 3.325000e+04  2.288463e+03 -5.774572e-02  5.290135e-02 -3.797969e-02 
 3.330000e+04  2.300037e+03 -5.783164e-02  5.297698e-02 -3.803652e-02 
 3.335000e+04  2.311611e+03 -5.791721e-02  5.305233e-02 -3.809312e-02 
 3.340000e+04  2.323185e+03 -5.800245e-02  5.312740e-02 -3.814953e-02 
 3.345000e+04  2.334759e+03 -5.808734e-02  5.320221e-02 -3.820572e-02 
 3.350000e+04  2.346333e+03 -5.817190e-02  5.327676e-02 -3.826171e-02 
 3.355000e+04  2.357907e+03 -5.825613e-02  5.335104e-02 -3.831750e-02 
 3.360000e+04  2.369481e+03 -5.834004e-02  5.342504e-02 -3.837309e-02 
 3.365000e+04  2.381055e+03 -5.842361e-02  5.349877e-02 -3.842848e-02 
 3.370000e+04  2.392629e+03 -5.850686e-02  5.357223e-02 -3.848366e-02 
 3.375000e+04  2.404203e+03 -5.858979e-02  5.364540e-02 -3.853865e-02 
 3.380000e+04  2.415777e+03 -5.867240e-02  5.371830e-02 -3.859344e-02 
 3.385000e+04  2.427351e+03 -5.875470e-02  5.379095e-02 -3.864804e-02 
 3.390000e+04  2.438926e+03 -5.883670e-02  5.386332e-02 -3.870245e-02 
 3.395000e+04  2.450500e+03 -5.891842e-02  5.393545e-02 -3.875665e-02 
 3.400000e+04  2.462074e+03 -5.899986e-02  5.400733e-02 -3.881068e-02 
 3.405000e+04  2.473648e+03 -5.908101e-02  5.407895e-02 -3.886452e-02 
 3.410000e+04  2.485222e+03 -5.916186e-02  5.415030e-02 -3.891819e-02 
 3.415000e+04  2.496796e+03 -5.924245e-02  5.422137e-02 -3.897168e-02 
 3.420000e+04  2.508370e+03 -5.932275e-02  5.429219e-02 -3.902499e-02 
 3.425000e+04  2.519944e+03 -5.940278e-02  5.436277e-02 -3.907813e-02 
 3.430000e+04  2.531518e+03 -5.948255e-02  5.443312e-02 -3.913109e-02 
 3.435000e+04  2.543092e+03 -5.956203e-02  5.450324e-02 -3.918387e-02 
 3.440000e+04  2.554666e+03 -5.964124e-02  5.457312e-02 -3.923647e-02 
 3.445000e+04  2.566240e+03 -5.972018e-02  5.464277e-02 -3.928892e-02 
 3.450000e+04  2.577814e+03 -5.979883e-02  5.471219e-02 -3.934121e-02 
 3.455000e+04  2.589389e+03 -5.987721e-02  5.478139e-02 -3.939332e-02 
 3.460000e+04  2.600963e+03 -5.995532e-02  5.485035e-02 -3.944527e-02 
 3.465000e+04  2.612537e+03 -6.003317e-02  5.491909e-02 -3.949704e-02 
 3.470000e+04  2.624111e+03 -6.011077e-02  5.498760e-02 -3.954866e-02 
 3.475000e+04  2.635685e+03 -6.018811e-02  5.505590e-02 -3.960011e-02 
 3.480000e+04  2.647259e+03 -6.026518e-02  5.512398e-02 -3.965140e-02 
 3.485000e+04  2.658833e+03 -6.034201e-02  5.519186e-02 -3.970253e-02 
 3.490000e+04  2.670407e+03 -6.041858e-02  5.525952e-02 -3.975351e-02 
 3.495000e+04  2.681981e+03 -6.049490e-02  5.532693e-02 -3.980432e-02 
 3.500000e+04  2.693555e+03 -6.057097e-02  5.539414e-02 -3.985499e-02 
 3.505000e+04  2.705129e+03 -6.064680e-02  5.546114e-02 -3.990551e-02 
 3.510000e+04  2.716703e+03 -6.072238e-02  5.552794e-02 -3.995587e-02 
 3.515000e+04  2.728277e+03 -6.079775e-02  5.559454e-02 -4.000607e-02 
 3.520000e+04  2.739851e+03 -6.087289e-02  5.566094e-02 -4.005614e-02 
 3.525000e+04  2.751426e+03 -6.094780e-02  5.572711e-02 -4.010605e-02 
 3.530000e+04  2.763000e+03 -6.102249e-02  5.579307e-02 -4.015582e-02 
 3.535000e+04  2.774574e+03 -6.109694e-02  5.585885e-02 -4.020546e-02 
 3.540000e+04  2.786148e+03 -6.117116e-02  5.592442e-02 -4.025495e-02 
 3.545000e+04  2.797722e+03 -6.124515e-02  5.598980e-02 -4.030430e-02 
 3.550000e+04  2.809296e+03 -6.131892e-02  5.605499e-02 -4.035351e-02 
 3.555000e+04  2.820870e+03 -6.139246e-02  5.611998e-02 -4.040258e-02 
 3.560000e+04  2.832444e+03 -6.146580e-02  5.618479e-02 -4.045151e-02 
 3.565000e+04  2.844018e+03 -6.153890e-02  5.624942e-02 -4.050032e-02 
 3.570000e+04  2.855592e+03 -6.161179e-02  5.631387e-02 -4.054898e-02 
 3.575000e+04  2.867166e+03 -6.168445e-02  5.637813e-02 -4.059750e-02 
 3.580000e+04  2.878740e+03 -6.175690e-02  5.644220e-02 -4.064589e-02 
 3.585000e+04  2.890314e+03 -6.182912e-02  5.650610e-02 -4.069415e-02 
 3.590000e+04  2.901889e+03 -6.190112e-02  5.656983e-02 -4.074228e-02 
 3.595000e+04  2.913463e+03 -6.197292e-02  5.663338e-02 -4.079028e-02 
 3.600000e+04  2.925037e+03 -6.204452e-02  5.669676e-02 -4.083814e-02 
 3.605000e+04  2.936611e+03 -6.211593e-02  5.675995e-02 -4.088588e-02 
 3.610000e+04  2.948185e+03 -6.218715e-02  5.682296e-02 -4.093350e-02 
 3.615000e+04  2.959759e+03 -6.225816e-02  5.688577e-02 -4.098099e-02 
 3.620000e+04  2.971333e+03 -6.232897e-02  5.694842e-02 -4.102835e-02 
 3.625000e+04  2.982907e+03 -6.239960e-02  5.701090e-02 -4.107559e-02 
 3.630000e+04  2.994481e+03 -6.247002e-02  5.707320e-02 -4.112270e-02 
 3.635000e+04  3.006055e+03 -6.254026e-02  5.713534e-02 -4.116969e-02 
 3.640000e+04  3.017629e+03 -6.261032e-02  5.719732e-02 -4.121656e-02 
 3.645000e+04  3.029203e+03 -6.268018e-02  5.725913e-02 -4.126331e-02 
 3.650000e+04  3.040777e+03 -6.274985e-02  5.732078e-02 -4.130996e-02 
 3.655000e+04  3.052351e+03 -6.281933e-02  5.738227e-02 -4.135649e-02 
 3.660000e+04  3.063926e+03 -6.288863e-02  5.744359e-02 -4.140289e-02 
 3.665000e+04  3.075500e+03 -6.295776e-02  5.750475e-02 -4.144919e-02 
 3.670000e+04  3.087074e+03 -6.302669e-02  5.756575e-02 -4.149537e-02 
 3.675000e+04  3.098648e+03 -6.309543e-02  5.762660e-02 -4.154143e-02 
 3.680000e+04  3.110222e+03 -6.316398e-02  5.768731e-02 -4.158738e-02 
 3.685000e+04  3.121796e+03 -6.323237e-02  5.774787e-02 -4.163322e-02 
 3.690000e+04  3.133370e+03 -6.330056e-02  5.780829e-02 -4.167894e-02 
 3.695000e+04  3.144944e+03 -6.336858e-02  5.786857e-02 -4.172456e-02 
 3.700000e+04  3.156518e+03 -6.343642e-02  5.792868e-02 -4.177007e-02 
 3.705000e+04  3.168092e+03 -6.350409e-02  5.798865e-02 -4.181548e-02 
 3.710000e+04  3.179666e+03 -6.357159e-02  5.804846e-02 -4.186078e-02 
 3.715000e+04  3.191240e+03 -6.363894e-02  5.810812e-02 -4.190598e-02 
 3.720000e+04  3.202814e+03 -6.370611e-02  5.816764e-02 -4.195106e-02 
 3.725000e+04  3.214389e+03 -6.377312e-02  5.822700e-02 -4.199604e-02 
 3.730000e+04  3.225963e+03 -6.383997e-02  5.828623e-02 -4.204093e-02 
 3.735000e+04  3.237537e+03 -6.390664e-02  5.834532e-02 -4.208570e-02 
 3.740000e+04  3.249111e+03 -6.397317e-02  5.840427e-02 -4.213037e-02 
 3.745000e+04  3.260685e+03 -6.403954e-02  5.846308e-02 -4.217495e-02 
 3.750000e+04  3.272259e+03 -6.410574e-02  5.852176e-02 -4.221943e-02 
 3.755000e+04  3.283833e+03 -6.417177e-02  5.858030e-02 -4.226381e-02 
 3.760000e+04  3.295407e+03 -6.423764e-02  5.863869e-02 -4.230809e-02 
 3.765000e+04  3.306981e+03 -6.430335e-02  5.869696e-02 -4.235228e-02 
 3.770000e+04  3.318555e+03 -6.436892e-02  5.875510e-02 -4.239636e-02 
 3.775000e+04  3.330129e+03 -6.443434e-02  5.881310e-02 -4.244035e-02 
 3.780000e+04  3.341703e+03 -6.449960e-02  5.887097e-02 -4.248423e-02 
 3.785000e+04  3.353277e+03 -6.456470e-02  5.892871e-02 -4.252803e-02 
 3.790000e+04  3.364851e+03 -6.462965e-02  5.898632e-02 -4.257173e-02 
 3.795000e+04  3.376426e+03 -6.469445e-02  5.904381e-02 -4.261535e-02 
 3.800000e+04  3.388000e+03 -6.475910e-02  5.910118e-02 -4.265887e-02 
 3.805000e+04  3.399574e+03 -6.482360e-02  5.915842e-02 -4.270231e-02 
 3.810000e+04  3.411148e+03 -6.488796e-02  5.921552e-02 -4.274565e-02 
 3.815000e+04  3.422722e+03 -6.495218e-02  5.927252e-02 -4.278891e-02 
 3.820000e+04  3.434296e+03 -6.501628e-02  5.932938e-02 -4.283208e-02 
 3.825000e+04  3.445870e+03 -6.508023e-02  5.938613e-02 -4.287516e-02 
 3.830000e+04  3.457444e+03 -6.514404e-02  5.944275e-02 -4.291816e-02 
 3.835000e+04  3.469018e+03 -6.520771e-02  5.949923e-02 -4.296107e-02 
 3.840000e+04  3.480592e+03 -6.527124e-02  5.955560e-02 -4.300391e-02 
 3.845000e+04  3.492166e+03 -6.533464e-02  5.961186e-02 -4.304666e-02 
 3.850000e+04  3.503740e+03 -6.539790e-02  5.966801e-02 -4.308932e-02 
 3.855000e+04  3.515314e+03 -6.546104e-02  5.972404e-02 -4.313190e-02 
 3.860000e+04  3.526889e+03 -6.552406e-02  5.977996e-02 -4.317440e-02 
 3.865000e+04  3.538463e+03 -6.558693e-02  5.983576e-02 -4.321682e-02 
 3.870000e+04  3.550037e+03 -6.564965e-02  5.989145e-02 -4.325915e-02 
 3.875000e+04  3.561611e+03 -6.571226e-02  5.994703e-02 -4.330141e-02 
 3.880000e+04  3.573185e+03 -6.577473e-02  6.000250e-02 -4.334359e-02 
 3.885000e+04  3.584759e+03 -6.583707e-02  6.005788e-02 -4.338569e-02 
 3.890000e+04  3.596333e+03 -6.589930e-02  6.011314e-02 -4.342770e-02 
 3.895000e+04  3.607907e+03 -6.596139e-02  6.016830e-02 -4.346963e-02 
 3.900000e+04  3.619481e+03 -6.602338e-02  6.022335e-02 -4.351149e-02 
 3.905000e+04  3.631055e+03 -6.608523e-02  6.027829e-02 -4.355328e-02 
 3.910000e+04  3.642629e+03 -6.614696e-02  6.033313e-02 -4.359499e-02 
 3.915000e+04  3.654203e+03 -6.620858e-02  6.038786e-02 -4.363662e-02 
 3.920000e+04  3.665777e+03 -6.627007e-02  6.044249e-02 -4.367818e-02 
 3.925000e+04  3.677351e+03 -6.633145e-02  6.049701e-02 -4.371967e-02 
 3.930000e+04  3.688926e+03 -6.639271e-02  6.055143e-02 -4.376108e-02 
 3.935000e+04  3.700500e+03 -6.645387e-02  6.060575e-02 -4.380243e-02 
 3.940000e+04  3.712074e+03 -6.651491e-02  6.065998e-02 -4.384370e-02 
 3.945000e+04  3.723648e+03 -6.657585e-02  6.071410e-02 -4.388490e-02 
 3.950000e+04  3.735222e+03 -6.663666e-02  6.076813e-02 -4.392603e-02 
 3.955000e+04  3.746796e+03 -6.669736e-02  6.082205e-02 -4.396709e-02 
 3.960000e+04  3.758370e+03 -6.675795e-02  6.087588e-02 -4.400809e-02 
 3.965000e+04  3.769944e+03 -6.681842e-02  6.092962e-02 -4.404900e-02 
 3.970000e+04  3.781518e+03 -6.687877e-02  6.098327e-02 -4.408985e-02 
 3.975000e+04  3.793092e+03 -6.693902e-02  6.103684e-02 -4.413064e-02 
 3.980000e+04  3.804666e+03 -6.699916e-02  6.109032e-02 -4.417136e-02 
 3.985000e+04  3.816240e+03 -6.705919e-02  6.114369e-02 -4.421200e-02 
 3.990000e+04  3.827814e+03 -6.711910e-02  6.119697e-02 -4.425259e-02 
 3.995000e+04  3.839389e+03 -6.717892e-02  6.125016e-02 -4.429311e-02 
 4.000000e+04  3.850963e+03 -6.723863e-02  6.130327e-02 -4.433356e-02 
 4.005000e+04  3.862537e+03 -6.729824e-02  6.135627e-02 -4.437395e-02 
 4.010000e+04  3.874111e+03 -6.735775e-02  6.140919e-02 -4.441426e-02 
 4.015000e+04  3.885685e+03 -6.741717e-02  6.146203e-02 -4.445452e-02 
 4.020000e+04  3.897259e+03 -6.747647e-02  6.151477e-02 -4.449471e-02 
 4.025000e+04  3.908833e+03 -6.753567e-02  6.156742e-02 -4.453484e-02 
 4.030000e+04  3.920407e+03 -6.759477e-02  6.162000e-02 -4.457492e-02 
 4.035000e+04  3.931981e+03 -6.765378e-02  6.167248e-02 -4.461493e-02 
 4.040000e+04  3.943555e+03 -6.771268e-02  6.172488e-02 -4.465488e-02 
 4.045000e+04  3.955129e+03 -6.777149e-02  6.177720e-02 -4.469477e-02 
 4.050000e+04  3.966703e+03 -6.783020e-02  6.182944e-02 -4.473460e-02 
 4.055000e+04  3.978277e+03 -6.788882e-02  6.188160e-02 -4.477437e-02 
 4.060000e+04  3.989851e+03 -6.794735e-02  6.193368e-02 -4.481408e-02 
 4.065000e+04  4.001426e+03 -6.800579e-02  6.198567e-02 -4.485374e-02 
 4.070000e+04  4.013000e+03 -6.806413e-02  6.203757e-02 -4.489334e-02 
 4.075000e+04  4.024574e+03 -6.812237e-02  6.208940e-02 -4.493288e-02 
 4.080000e+04  4.036148e+03 -6.818052e-02  6.214114e-02 -4.497236e-02 
 4.085000e+04  4.047722e+03 -6.823859e-02  6.219280e-02 -4.501179e-02 
 4.090000e+04  4.059296e+03 -6.829656e-02  6.224439e-02 -4.505094e-02 
 4.095000e+04  4.070870e+03 -6.835444e-02  6.229580e-02 -4.508980e-02 
 4.100000e+04  4.082444e+03 -6.841223e-02  6.234677e-02 -4.512874e-02 
 4.105000e+04  4.094018e+03 -6.846975e-02  6.239771e-02 -4.516782e-02 
 4.110000e+04  4.105592e+03 -6.852718e-02  6.244875e-02 -4.520701e-02 
 4.115000e+04  4.117166e+03 -6.858463e-02  6.249991e-02 -4.524622e-02 
 4.120000e+04  4.128740e+03 -6.864209e-02  6.255115e-02 -4.528534e-02 
 4.125000e+04  4.140314e+03 -6.869949e-02  6.260238e-02 -4.532436e-02 
 4.130000e+04  4.151889e+03 -6.875680e-02  6.265357e-02 -4.536329e-02 
 4.135000e+04  4.163463e+03 -6.881395e-02  6.270468e-02 -4.540213e-02 
 4.140000e+04  4.175037e+03 -6.887095e-02  6.275562e-02 -4.544060e-02 
 4.145000e+04  4.186611e+03 -6.892774e-02  6.280639e-02 -4.547897e-02 
 4.150000e+04  4.198185e+03 -6.898411e-02  6.285688e-02 -4.551739e-02 
 4.155000e+04  4.209759e+03 -6.904041e-02  6.290728e-02 -4.555591e-02 
 4.160000e+04  4.221333e+03 -6.909689e-02  6.295762e-02 -4.559460e-02 
 4.165000e+04  4.232907e+03 -6.915350e-02  6.300799e-02 -4.563328e-02 
 4.170000e+04  4.244481e+03 -6.921016e-02  6.305841e-02 -4.567177e-02 
 4.175000e+04  4.256055e+03 -6.926668e-02  6.310887e-02 -4.571021e-02 
 4.180000e+04  4.267629e+03 -6.932295e-02  6.315925e-02 -4.574866e-02 
 4.185000e+04  4.279203e+03 -6.937921e-02  6.320953e-02 -4.578709e-02 
 4.190000e+04  4.290777e+03 -6.943553e-02  6.325960e-02 -4.582548e-02 
 4.195000e+04  4.302351e+03 -6.949189e-02  6.330955e-02 -4.586381e-02 
 4.200000e+04  4.313926e+03 -6.954820e-02  6.335941e-02 -4.590203e-02 
 4.205000e+04  4.325500e+03 -6.960445e-02  6.340917e-02 -4.594016e-02 
 4.210000e+04  4.337074e+03 -6.966062e-02  6.345886e-02 -4.597809e-02 
 4.215000e+04  4.348648e+03 -6.971664e-02  6.350849e-02 -4.601587e-02 
 4.220000e+04  4.360222e+03 -6.977238e-02  6.355798e-02 -4.605372e-02 
 4.225000e+04  4.371796e+03 -6.982788e-02  6.360739e-02 -4.609165e-02 
 4.230000e+04  4.383370e+03 -6.988328e-02  6.365677e-02 -4.612965e-02 
 4.235000e+04  4.394944e+03 -6.993867e-02  6.370622e-02 -4.616772e-02 
 4.240000e+04  4.406518e+03 -6.999410e-02  6.375573e-02 -4.620576e-02 
 4.245000e+04  4.418092e+03 -7.004958e-02  6.380524e-02 -4.624368e-02 
 4.250000e+04  4.429666e+03 -7.010499e-02  6.385471e-02 -4.628139e-02 
 4.255000e+04  4.441240e+03 -7.016027e-02  6.390402e-02 -4.631893e-02 
 4.260000e+04  4.452814e+03 -7.021535e-02  6.395323e-02 -4.635638e-02 
 4.265000e+04  4.464389e+03 -7.027015e-02  6.400240e-02 -4.639388e-02 
 4.270000e+04  4.475963e+03 -7.032482e-02  6.405145e-02 -4.643148e-02 
 4.275000e+04  4.487537e+03 -7.037954e-02  6.410040e-02 -4.646902e-02 
 4.280000e+04  4.499111e+03 -7.043437e-02  6.414930e-02 -4.650653e-02 
 4.285000e+04  4.510685e+03 -7.048916e-02  6.419816e-02 -4.654395e-02 
 4.290000e+04  4.522259e+03 -7.054389e-02  6.424689e-02 -4.658130e-02 
 4.295000e+04  4.533833e+03 -7.059862e-02  6.429546e-02 -4.661857e-02 
 4.300000e+04  4.545407e+03 -7.065334e-02  6.434399e-02 -4.665579e-02 
 4.305000e+04  4.556981e+03 -7.070779e-02  6.439242e-02 -4.669302e-02 
 4.310000e+04  4.568555e+03 -7.076220e-02  6.444087e-02 -4.673023e-02 
 4.315000e+04  4.580129e+03 -7.081668e-02  6.448936e-02 -4.676754e-02 
 4.320000e+04  4.591703e+03 -7.087115e-02  6.453785e-02 -4.680484e-02 
 4.325000e+04  4.603277e+03 -7.092556e-02  6.458624e-02 -4.684205e-02 
 4.330000e+04  4.614851e+03 -7.098001e-02  6.463454e-02 -4.687915e-02 
 4.335000e+04  4.626426e+03 -7.103439e-02  6.468277e-02 -4.691621e-02 
 4.340000e+04  4.638000e+03 -7.108857e-02  6.473093e-02 -4.695319e-02 
 4.345000e+04  4.649574e+03 -7.114253e-02  6.477899e-02 -4.698998e-02 
 4.350000e+04  4.661148e+03 -7.119640e-02  6.482698e-02 -4.702657e-02 
 4.355000e+04  4.672722e+03 -7.125023e-02  6.487481e-02 -4.706325e-02 
 4.360000e+04  4.684296e+03 -7.130376e-02  6.492264e-02 -4.710002e-02 
 4.365000e+04  4.695870e+03 -7.135721e-02  6.497051e-02 -4.713695e-02 
 4.370000e+04  4.707444e+03 -7.141078e-02  6.501846e-02 -4.717394e-02 
 4.375000e+04  4.719018e+03 -7.146446e-02  6.506642e-02 -4.721088e-02 
 4.380000e+04  4.730592e+03 -7.151821e-02  6.511438e-02 -4.724761e-02 
 4.385000e+04  4.742166e+03 -7.157187e-02  6.516227e-02 -4.728408e-02 
 4.390000e+04  4.753740e+03 -7.162514e-02  6.521010e-02 -4.732049e-02 
 4.395000e+04  4.765314e+03 -7.167834e-02  6.525761e-02 -4.735689e-02 
 4.400000e+04  4.776889e+03 -7.173158e-02  6.530494e-02 -4.739342e-02 
 4.405000e+04  4.788463e+03 -7.178492e-02  6.535226e-02 -4.743005e-02 
 4.410000e+04  4.800037e+03 -7.183831e-02  6.539959e-02 -4.746649e-02 
 4.415000e+04  4.811611e+03 -7.189142e-02  6.544693e-02 -4.750268e-02 
 4.420000e+04  4.823185e+03 -7.194449e-02  6.549425e-02 -4.753887e-02 
 4.425000e+04  4.834759e+03 -7.199763e-02  6.554134e-02 -4.757504e-02 
 4.430000e+04  4.846333e+03 -7.205075e-02  6.558835e-02 -4.761118e-02 
 4.435000e+04  4.857907e+03 -7.210378e-02  6.563530e-02 -4.764747e-02 
 4.440000e+04  4.869481e+03 -7.215670e-02  6.568231e-02 -4.768384e-02 
 4.445000e+04  4.881055e+03 -7.220946e-02  6.572935e-02 -4.772020e-02 
 4.450000e+04  4.892629e+03 -7.226230e-02  6.577640e-02 -4.775625e-02 
 4.455000e+04  4.904203e+03 -7.231496e-02  6.582347e-02 -4.779224e-02 
 4.460000e+04  4.915777e+03 -7.236739e-02  6.587049e-02 -4.782825e-02 
 4.465000e+04  4.927351e+03 -7.241988e-02  6.591743e-02 -4.786433e-02 
 4.470000e+04  4.938926e+03 -7.247245e-02  6.596435e-02 -4.790049e-02 
 4.475000e+04  4.950500e+03 -7.252507e-02  6.601126e-02 -4.793661e-02 
 4.480000e+04  4.962074e+03 -7.257764e-02  6.605806e-02 -4.797261e-02 
 4.485000e+04  4.973648e+03 -7.263008e-02  6.610482e-02 -4.800835e-02 
 4.490000e+04  4.985222e+03 -7.268245e-02  6.615151e-02 -4.804398e-02 
 4.495000e+04  4.996796e+03 -7.273434e-02  6.619809e-02 -4.807952e-02 
 4.500000e+04  5.008370e+03 -7.278613e-02  6.624453e-02 -4.811521e-02 
 4.505000e+04  5.019944e+03 -7.283808e-02  6.629098e-02 -4.815099e-02 
 4.510000e+04  5.031518e+03 -7.289021e-02  6.633741e-02 -4.818689e-02 
 4.515000e+04  5.043092e+03 -7.294242e-02  6.638384e-02 -4.822276e-02 
 4.520000e+04  5.054666e+03 -7.299462e-02  6.643024e-02 -4.825858e-02 
 4.525000e+04  5.066240e+03 -7.304687e-02  6.647661e-02 -4.829431e-02 
 4.530000e+04  5.077814e+03 -7.309908e-02  6.652291e-02 -4.832997e-02 
 4.535000e+04  5.089389e+03 -7.315119e-02  6.656913e-02 -4.836551e-02 
 4.540000e+04  5.100963e+03 -7.320316e-02  6.661525e-02 -4.840103e-02 
 4.545000e+04  5.112537e+03 -7.325510e-02  6.666132e-02 -4.843655e-02 
 4.550000e+04  5.124111e+03 -7.330703e-02  6.670735e-02 -4.847200e-02 
 4.555000e+04  5.135685e+03 -7.335894e-02  6.675334e-02 -4.850748e-02 
 4.560000e+04  5.147259e+03 -7.341074e-02  6.679925e-02 -4.854283e-02 
 4.565000e+04  5.158833e+03 -7.346223e-02  6.684507e-02 -4.857813e-02 
 4.570000e+04  5.170407e+03 -7.351357e-02  6.689088e-02 -4.861349e-02 
 4.575000e+04  5.181981e+03 -7.356489e-02  6.693667e-02 -4.864883e-02 
 4.580000e+04  5.193555e+03 -7.361612e-02  6.698253e-02 -4.868407e-02 
 4.585000e+04  5.205129e+03 -7.366726e-02  6.702843e-02 -4.871938e-02 
 4.590000e+04  5.216703e+03 -7.371852e-02  6.707441e-02 -4.875477e-02 
 4.595000e+04  5.228277e+03 -7.376981e-02  6.712046e-02 -4.879013e-02 
 4.600000e+04  5.239851e+03 -7.382107e-02  6.716646e-02 -4.882524e-02 
 4.605000e+04  5.251426e+03 -7.387223e-02  6.721237e-02 -4.886017e-02 
 4.610000e+04  5.263000e+03 -7.392290e-02  6.725811e-02 -4.889497e-02 
 4.615000e+04  5.274574e+03 -7.397358e-02  6.730368e-02 -4.892960e-02 
 4.620000e+04  5.286148e+03 -7.402419e-02  6.734911e-02 -4.896429e-02 
