         Step [creep.tim... Z Displace... Z Displace... X Displace... 
------------- ------------- ------------- ------------- ------------- 
 5.250000e+03  1.276223e-07 -4.629353e-03  4.524540e-03 -2.433365e-03 
 5.300000e+03  3.886505e-06 -4.629530e-03  4.524619e-03 -2.433540e-03 
 5.350000e+03  3.439024e-05 -4.630183e-03  4.524693e-03 -2.433892e-03 
 5.400000e+03  2.344290e-04 -4.630258e-03  4.524768e-03 -2.433900e-03 
 5.450000e+03  1.074230e-03 -4.630625e-03  4.525280e-03 -2.434347e-03 
 5.500000e+03  2.950176e-03 -4.632597e-03  4.526964e-03 -2.435835e-03 
 5.550000e+03  6.824560e-03 -4.637318e-03  4.531317e-03 -2.439420e-03 
 5.600000e+03  1.140901e-02 -4.643102e-03  4.537612e-03 -2.443669e-03 
 5.650000e+03  1.615585e-02 -4.649853e-03  4.545580e-03 -2.448593e-03 
 5.700000e+03  2.240977e-02 -4.659744e-03  4.557547e-03 -2.455401e-03 
 5.750000e+03  2.940661e-02 -4.670288e-03  4.569947e-03 -2.462101e-03 
 5.800000e+03  3.651860e-02 -4.679463e-03  4.579716e-03 -2.467790e-03 
 5.850000e+03  4.363059e-02 -4.687897e-03  4.588586e-03 -2.473394e-03 
 5.900000e+03  5.074257e-02 -4.696610e-03  4.597815e-03 -2.479595e-03 
 5.950000e+03  5.785456e-02 -4.705817e-03  4.607684e-03 -2.486528e-03 
 6.000000e+03  6.496655e-02 -4.715532e-03  4.617860e-03 -2.494241e-03 
 6.050000e+03  7.338001e-02 -4.728058e-03  4.629897e-03 -2.503378e-03 
 6.100000e+03  8.257491e-02 -4.741317e-03  4.642448e-03 -2.511915e-03 
 6.150000e+03  9.210565e-02 -4.753644e-03  4.654299e-03 -2.519071e-03 
 6.200000e+03  1.016364e-01 -4.765460e-03  4.665791e-03 -2.525785e-03 
 6.250000e+03  1.111671e-01 -4.777601e-03  4.678042e-03 -2.533130e-03 
 6.300000e+03  1.206979e-01 -4.790542e-03  4.691127e-03 -2.541461e-03 
 6.350000e+03  1.302286e-01 -4.803406e-03  4.704318e-03 -2.550752e-03 
 6.400000e+03  1.414014e-01 -4.817606e-03  4.719087e-03 -2.561895e-03 
 6.450000e+03  1.539302e-01 -4.832536e-03  4.734176e-03 -2.573257e-03 
 6.500000e+03  1.667023e-01 -4.846908e-03  4.748453e-03 -2.583253e-03 
 6.550000e+03  1.794744e-01 -4.861470e-03  4.762711e-03 -2.592384e-03 
 6.600000e+03  1.922465e-01 -4.876608e-03  4.777870e-03 -2.601646e-03 
 6.650000e+03  2.050187e-01 -4.892341e-03  4.794375e-03 -2.611773e-03 
 6.700000e+03  2.177908e-01 -4.908169e-03  4.811946e-03 -2.622595e-03 
 6.750000e+03  2.309250e-01 -4.923662e-03  4.829085e-03 -2.633829e-03 
 6.800000e+03  2.458053e-01 -4.940020e-03  4.846093e-03 -2.645749e-03 
 6.850000e+03  2.613299e-01 -4.956238e-03  4.862473e-03 -2.657455e-03 
 6.900000e+03  2.768545e-01 -4.972187e-03  4.878689e-03 -2.668797e-03 
 6.950000e+03  2.923790e-01 -4.988396e-03  4.895509e-03 -2.680125e-03 
 7.000000e+03  3.079036e-01 -5.005536e-03  4.913149e-03 -2.691760e-03 
 7.050000e+03  3.234282e-01 -5.023761e-03  4.931541e-03 -2.703603e-03 
 7.100000e+03  3.394511e-01 -5.042501e-03  4.949942e-03 -2.715382e-03 
 7.150000e+03  3.569777e-01 -5.061010e-03  4.968488e-03 -2.727438e-03 
 7.200000e+03  3.749494e-01 -5.078782e-03  4.986759e-03 -2.739632e-03 
 7.250000e+03  3.929210e-01 -5.096171e-03  5.004788e-03 -2.752023e-03 
 7.300000e+03  4.108927e-01 -5.113712e-03  5.022755e-03 -2.764631e-03 
 7.350000e+03  4.291554e-01 -5.132109e-03  5.041218e-03 -2.777761e-03 
 7.400000e+03  4.499717e-01 -5.153854e-03  5.062705e-03 -2.792668e-03 
 7.450000e+03  4.718164e-01 -5.176179e-03  5.084578e-03 -2.807363e-03 
 7.500000e+03  4.936610e-01 -5.197161e-03  5.105283e-03 -2.820867e-03 
 7.550000e+03  5.155057e-01 -5.217587e-03  5.125638e-03 -2.834134e-03 
 7.600000e+03  5.373503e-01 -5.238159e-03  5.146233e-03 -2.847662e-03 
 7.650000e+03  5.591949e-01 -5.258245e-03  5.166953e-03 -2.861571e-03 
 7.700000e+03  5.816392e-01 -5.278685e-03  5.188416e-03 -2.876242e-03 
 7.750000e+03  6.075364e-01 -5.302090e-03  5.212930e-03 -2.893327e-03 
 7.800000e+03  6.340887e-01 -5.325451e-03  5.236596e-03 -2.909872e-03 
 7.850000e+03  6.606410e-01 -5.348265e-03  5.259044e-03 -2.925171e-03 
 7.900000e+03  6.871933e-01 -5.371073e-03  5.281443e-03 -2.940150e-03 
 7.950000e+03  7.137456e-01 -5.394166e-03  5.304433e-03 -2.955151e-03 
 8.000000e+03  7.402979e-01 -5.417024e-03  5.327672e-03 -2.970306e-03 
 8.050000e+03  7.669033e-01 -5.439656e-03  5.350727e-03 -2.985723e-03 
 8.100000e+03  7.964560e-01 -5.464203e-03  5.375697e-03 -3.002932e-03 
 8.150000e+03  8.271936e-01 -5.488453e-03  5.400645e-03 -3.020282e-03 
 8.200000e+03  8.579312e-01 -5.511910e-03  5.424646e-03 -3.036873e-03 
 8.250000e+03  8.886688e-01 -5.535502e-03  5.448577e-03 -3.053119e-03 
 8.300000e+03  9.194064e-01 -5.559693e-03  5.472697e-03 -3.069279e-03 
 8.350000e+03  9.501440e-01 -5.584365e-03  5.496763e-03 -3.085318e-03 
 8.400000e+03  9.823140e-01 -5.609891e-03  5.521597e-03 -3.102003e-03 
 8.450000e+03  1.016609e+00 -5.636074e-03  5.547340e-03 -3.119548e-03 
 8.500000e+03  1.052191e+00 -5.661890e-03  5.573385e-03 -3.137364e-03 
 8.550000e+03  1.087774e+00 -5.687099e-03  5.598867e-03 -3.154855e-03 
 8.600000e+03  1.123357e+00 -5.712245e-03  5.624160e-03 -3.172248e-03 
 8.650000e+03  1.159188e+00 -5.737595e-03  5.649817e-03 -3.189808e-03 
 8.700000e+03  1.196550e+00 -5.764013e-03  5.676717e-03 -3.207961e-03 
 8.750000e+03  1.235569e+00 -5.791377e-03  5.704293e-03 -3.226359e-03 
 8.800000e+03  1.277790e+00 -5.820522e-03  5.733038e-03 -3.245563e-03 
 8.850000e+03  1.321041e+00 -5.849988e-03  5.761568e-03 -3.264809e-03 
 8.900000e+03  1.364292e+00 -5.878688e-03  5.789739e-03 -3.283969e-03 
 8.950000e+03  1.407543e+00 -5.906597e-03  5.817784e-03 -3.303180e-03 
 9.000000e+03  1.450794e+00 -5.934053e-03  5.845828e-03 -3.322528e-03 
 9.050000e+03  1.494044e+00 -5.961341e-03  5.873844e-03 -3.341837e-03 
 9.100000e+03  1.538333e+00 -5.989019e-03  5.902046e-03 -3.360955e-03 
 9.150000e+03  1.585336e+00 -6.018046e-03  5.931319e-03 -3.380344e-03 
 9.200000e+03  1.634928e+00 -6.048534e-03  5.961733e-03 -3.400354e-03 
 9.250000e+03  1.684996e+00 -6.079144e-03  5.991899e-03 -3.420414e-03 
 9.300000e+03  1.735064e+00 -6.109266e-03  6.021389e-03 -3.440477e-03 
 9.350000e+03  1.785133e+00 -6.138946e-03  6.050382e-03 -3.460638e-03 
 9.400000e+03  1.835201e+00 -6.168046e-03  6.079051e-03 -3.480755e-03 
 9.450000e+03  1.885269e+00 -6.196385e-03  6.107450e-03 -3.500429e-03 
 9.500000e+03  1.935588e+00 -6.224360e-03  6.135682e-03 -3.519631e-03 
 9.550000e+03  1.988160e+00 -6.253597e-03  6.165100e-03 -3.539255e-03 
 9.600000e+03  2.040731e+00 -6.282849e-03  6.194472e-03 -3.558650e-03 
 9.650000e+03  2.093934e+00 -6.312240e-03  6.223838e-03 -3.578011e-03 
 9.700000e+03  2.150790e+00 -6.343282e-03  6.254502e-03 -3.598585e-03 
 9.750000e+03  2.208751e+00 -6.374547e-03  6.284961e-03 -3.619373e-03 
 9.800000e+03  2.266711e+00 -6.405086e-03  6.314577e-03 -3.639915e-03 
 9.850000e+03  2.324671e+00 -6.434847e-03  6.343708e-03 -3.660247e-03 
 9.900000e+03  2.382632e+00 -6.464115e-03  6.372888e-03 -3.680424e-03 
 9.950000e+03  2.440592e+00 -6.493192e-03  6.402328e-03 -3.700415e-03 
 1.000000e+04  2.499306e+00 -6.522525e-03  6.432262e-03 -3.720282e-03 
 1.005000e+04  2.563371e+00 -6.554425e-03  6.464546e-03 -3.741344e-03 
 1.010000e+04  2.630468e+00 -6.587659e-03  6.497649e-03 -3.762943e-03 
 1.015000e+04  2.697564e+00 -6.620374e-03  6.529747e-03 -3.784421e-03 
 1.020000e+04  2.764660e+00 -6.652315e-03  6.560979e-03 -3.805841e-03 
 1.025000e+04  2.831757e+00 -6.683687e-03  6.591764e-03 -3.827242e-03 
 1.030000e+04  2.898853e+00 -6.714837e-03  6.622362e-03 -3.848621e-03 
 1.035000e+04  2.965949e+00 -6.745713e-03  6.652859e-03 -3.869666e-03 
 1.040000e+04  3.033247e+00 -6.776303e-03  6.683321e-03 -3.890173e-03 
 1.045000e+04  3.103698e+00 -6.808040e-03  6.715208e-03 -3.911144e-03 
 1.050000e+04  3.177672e+00 -6.841107e-03  6.748521e-03 -3.932868e-03 
 1.055000e+04  3.251645e+00 -6.873744e-03  6.781142e-03 -3.954342e-03 
 1.060000e+04  3.325915e+00 -6.906240e-03  6.813177e-03 -3.975776e-03 
 1.065000e+04  3.403587e+00 -6.939953e-03  6.846027e-03 -3.998295e-03 
 1.070000e+04  3.481260e+00 -6.973136e-03  6.878135e-03 -4.020671e-03 
 1.075000e+04  3.558932e+00 -7.005514e-03  6.909709e-03 -4.042690e-03 
 1.080000e+04  3.636605e+00 -7.037575e-03  6.941224e-03 -4.064367e-03 
 1.085000e+04  3.714277e+00 -7.069585e-03  6.972875e-03 -4.085672e-03 
 1.090000e+04  3.791949e+00 -7.101307e-03  7.004610e-03 -4.106520e-03 
 1.095000e+04  3.872515e+00 -7.133982e-03  7.037340e-03 -4.127844e-03 
 1.100000e+04  3.958149e+00 -7.168364e-03  7.071715e-03 -4.150350e-03 
 1.105000e+04  4.043783e+00 -7.202301e-03  7.105152e-03 -4.172764e-03 
 1.110000e+04  4.129416e+00 -7.235572e-03  7.137593e-03 -4.195083e-03 
 1.115000e+04  4.219161e+00 -7.269964e-03  7.171071e-03 -4.218357e-03 
 1.120000e+04  4.309076e+00 -7.304190e-03  7.204428e-03 -4.241392e-03 
 1.125000e+04  4.398992e+00 -7.338111e-03  7.237717e-03 -4.264056e-03 
 1.130000e+04  4.488907e+00 -7.371812e-03  7.270920e-03 -4.286276e-03 
 1.135000e+04  4.581880e+00 -7.406315e-03  7.305199e-03 -4.308864e-03 
 1.140000e+04  4.676291e+00 -7.440872e-03  7.339907e-03 -4.331542e-03 
 1.145000e+04  4.770702e+00 -7.474909e-03  7.374032e-03 -4.354035e-03 
 1.150000e+04  4.867096e+00 -7.509343e-03  7.408186e-03 -4.376846e-03 
 1.155000e+04  4.966228e+00 -7.544489e-03  7.442537e-03 -4.400324e-03 
 1.160000e+04  5.065360e+00 -7.579348e-03  7.476285e-03 -4.423662e-03 
 1.165000e+04  5.164492e+00 -7.613665e-03  7.509566e-03 -4.446652e-03 
 1.170000e+04  5.263624e+00 -7.647774e-03  7.542746e-03 -4.469209e-03 
 1.175000e+04  5.362755e+00 -7.681743e-03  7.575948e-03 -4.491455e-03 
 1.180000e+04  5.461887e+00 -7.715387e-03  7.609114e-03 -4.513349e-03 
 1.185000e+04  5.564216e+00 -7.749715e-03  7.643094e-03 -4.535674e-03 
 1.190000e+04  5.673509e+00 -7.785946e-03  7.679058e-03 -4.559451e-03 
 1.195000e+04  5.787829e+00 -7.823354e-03  7.715971e-03 -4.584304e-03 
 1.200000e+04  5.902587e+00 -7.860249e-03  7.752229e-03 -4.609027e-03 
 1.205000e+04  6.018492e+00 -7.897256e-03  7.788208e-03 -4.633705e-03 
 1.210000e+04  6.138987e+00 -7.935606e-03  7.825319e-03 -4.659065e-03 
 1.215000e+04  6.259482e+00 -7.973600e-03  7.862231e-03 -4.684009e-03 
 1.220000e+04  6.379978e+00 -8.011060e-03  7.898911e-03 -4.708562e-03 
 1.225000e+04  6.500473e+00 -8.048129e-03  7.935549e-03 -4.732856e-03 
 1.230000e+04  6.620969e+00 -8.084822e-03  7.971990e-03 -4.757000e-03 
 1.235000e+04  6.741464e+00 -8.120999e-03  8.008032e-03 -4.780912e-03 
 1.240000e+04  6.867436e+00 -8.158319e-03  8.045114e-03 -4.805720e-03 
 1.245000e+04  7.000282e+00 -8.197502e-03  8.083627e-03 -4.831699e-03 
 1.250000e+04  7.133128e+00 -8.236424e-03  8.121524e-03 -4.857472e-03 
 1.255000e+04  7.265974e+00 -8.275024e-03  8.158759e-03 -4.882855e-03 
 1.260000e+04  7.398820e+00 -8.313305e-03  8.195677e-03 -4.907893e-03 
 1.265000e+04  7.531666e+00 -8.351322e-03  8.232574e-03 -4.932669e-03 
 1.270000e+04  7.664513e+00 -8.388944e-03  8.269250e-03 -4.957166e-03 
 1.275000e+04  7.798953e+00 -8.426449e-03  8.306085e-03 -4.981666e-03 
 1.280000e+04  7.942626e+00 -8.466033e-03  8.345158e-03 -5.007754e-03 
 1.285000e+04  8.089089e+00 -8.505999e-03  8.384645e-03 -5.034243e-03 
 1.290000e+04  8.235552e+00 -8.545513e-03  8.423389e-03 -5.060392e-03 
 1.295000e+04  8.387141e+00 -8.586137e-03  8.462866e-03 -5.087130e-03 
 1.300000e+04  8.540927e+00 -8.627305e-03  8.502540e-03 -5.113958e-03 
 1.305000e+04  8.694713e+00 -8.668017e-03  8.541742e-03 -5.140460e-03 
 1.310000e+04  8.848499e+00 -8.708118e-03  8.580601e-03 -5.166609e-03 
 1.315000e+04  9.002285e+00 -8.747760e-03  8.619340e-03 -5.192609e-03 
 1.320000e+04  9.156071e+00 -8.787057e-03  8.657990e-03 -5.218457e-03 
 1.325000e+04  9.311702e+00 -8.826226e-03  8.696735e-03 -5.244338e-03 
 1.330000e+04  9.478022e+00 -8.867693e-03  8.737731e-03 -5.271702e-03 
 1.335000e+04  9.651640e+00 -8.910791e-03  8.780058e-03 -5.299981e-03 
 1.340000e+04  9.829667e+00 -8.954680e-03  8.822716e-03 -5.328694e-03 
 1.345000e+04  1.000769e+01 -8.998044e-03  8.864626e-03 -5.357058e-03 
 1.350000e+04  1.018572e+01 -9.041153e-03  8.906146e-03 -5.385127e-03 
 1.355000e+04  1.036375e+01 -9.083905e-03  8.947416e-03 -5.412972e-03 
 1.360000e+04  1.054177e+01 -9.126097e-03  8.988336e-03 -5.440534e-03 
 1.365000e+04  1.071980e+01 -9.167674e-03  9.028920e-03 -5.467833e-03 
 1.370000e+04  1.090655e+01 -9.210852e-03  9.071340e-03 -5.496257e-03 
 1.375000e+04  1.109348e+01 -9.253758e-03  9.113504e-03 -5.524442e-03 
 1.380000e+04  1.128171e+01 -9.296495e-03  9.155396e-03 -5.552471e-03 
 1.385000e+04  1.148191e+01 -9.341785e-03  9.199320e-03 -5.581956e-03 
 1.390000e+04  1.168800e+01 -9.388247e-03  9.243926e-03 -5.612015e-03 
 1.395000e+04  1.189409e+01 -9.434168e-03  9.287921e-03 -5.641784e-03 
 1.400000e+04  1.210018e+01 -9.479365e-03  9.331367e-03 -5.671243e-03 
 1.405000e+04  1.230626e+01 -9.524007e-03  9.374603e-03 -5.700514e-03 
 1.410000e+04  1.251235e+01 -9.568209e-03  9.417736e-03 -5.729583e-03 
 1.415000e+04  1.271844e+01 -9.611951e-03  9.460606e-03 -5.758268e-03 
 1.420000e+04  1.293685e+01 -9.657886e-03  9.505719e-03 -5.788287e-03 
 1.425000e+04  1.316406e+01 -9.705430e-03  9.552271e-03 -5.819219e-03 
 1.430000e+04  1.339128e+01 -9.752542e-03  9.598078e-03 -5.849845e-03 
 1.435000e+04  1.361849e+01 -9.799183e-03  9.642956e-03 -5.880190e-03 
 1.440000e+04  1.385547e+01 -9.847493e-03  9.689203e-03 -5.911578e-03 
 1.445000e+04  1.409404e+01 -9.895648e-03  9.735388e-03 -5.942930e-03 
 1.450000e+04  1.433262e+01 -9.943214e-03  9.781195e-03 -5.973955e-03 
 1.455000e+04  1.457119e+01 -9.990073e-03  9.826673e-03 -6.004691e-03 
 1.460000e+04  1.480976e+01 -1.003654e-02  9.872075e-03 -6.035107e-03 
 1.465000e+04  1.505931e+01 -1.008472e-02  9.919295e-03 -6.066554e-03 
 1.470000e+04  1.530981e+01 -1.013274e-02  9.966208e-03 -6.097717e-03 
 1.475000e+04  1.557108e+01 -1.018248e-02  1.001445e-02 -6.129916e-03 
 1.480000e+04  1.583411e+01 -1.023227e-02  1.006229e-02 -6.162059e-03 
 1.485000e+04  1.609713e+01 -1.028157e-02  1.010933e-02 -6.194000e-03 
 1.490000e+04  1.636016e+01 -1.033021e-02  1.015566e-02 -6.225655e-03 
 1.495000e+04  1.662319e+01 -1.037832e-02  1.020178e-02 -6.257074e-03 
 1.500000e+04  1.688621e+01 -1.042601e-02  1.024781e-02 -6.288177e-03 
 1.505000e+04  1.715055e+01 -1.047349e-02  1.029376e-02 -6.319025e-03 
 1.510000e+04  1.743198e+01 -1.052357e-02  1.034249e-02 -6.351453e-03 
 1.515000e+04  1.772197e+01 -1.057477e-02  1.039229e-02 -6.384597e-03 
 1.520000e+04  1.801195e+01 -1.062550e-02  1.044146e-02 -6.417467e-03 
 1.525000e+04  1.831093e+01 -1.067726e-02  1.049128e-02 -6.451003e-03 
 1.530000e+04  1.861541e+01 -1.072957e-02  1.054132e-02 -6.484929e-03 
 1.535000e+04  1.891990e+01 -1.078142e-02  1.059078e-02 -6.518550e-03 
 1.540000e+04  1.922439e+01 -1.083258e-02  1.063984e-02 -6.551824e-03 
 1.545000e+04  1.952887e+01 -1.088315e-02  1.068861e-02 -6.584794e-03 
 1.550000e+04  1.984249e+01 -1.093478e-02  1.073874e-02 -6.618432e-03 
 1.555000e+04  2.016220e+01 -1.098698e-02  1.078957e-02 -6.652317e-03 
 1.560000e+04  2.048607e+01 -1.103941e-02  1.084049e-02 -6.686180e-03 
 1.565000e+04  2.083284e+01 -1.109519e-02  1.089436e-02 -6.722126e-03 
 1.570000e+04  2.118532e+01 -1.115146e-02  1.094831e-02 -6.758378e-03 
 1.575000e+04  2.153780e+01 -1.120702e-02  1.100130e-02 -6.794354e-03 
 1.580000e+04  2.189028e+01 -1.126199e-02  1.105365e-02 -6.830026e-03 
 1.585000e+04  2.224276e+01 -1.131648e-02  1.110556e-02 -6.865365e-03 
 1.590000e+04  2.259524e+01 -1.137046e-02  1.115723e-02 -6.900324e-03 
 1.595000e+04  2.294949e+01 -1.142419e-02  1.120883e-02 -6.934988e-03 
 1.600000e+04  2.332921e+01 -1.148128e-02  1.126386e-02 -6.971741e-03 
 1.605000e+04  2.371782e+01 -1.153914e-02  1.131973e-02 -7.009023e-03 
 1.610000e+04  2.410643e+01 -1.159638e-02  1.137486e-02 -7.045939e-03 
 1.615000e+04  2.451214e+01 -1.165559e-02  1.143152e-02 -7.084153e-03 
 1.620000e+04  2.494018e+01 -1.171759e-02  1.149052e-02 -7.124097e-03 
 1.625000e+04  2.536862e+01 -1.177895e-02  1.154890e-02 -7.163663e-03 
 1.630000e+04  2.579706e+01 -1.183949e-02  1.160666e-02 -7.202837e-03 
 1.635000e+04  2.622550e+01 -1.189942e-02  1.166395e-02 -7.241571e-03 
 1.640000e+04  2.665394e+01 -1.195877e-02  1.172098e-02 -7.279856e-03 
 1.645000e+04  2.708239e+01 -1.201748e-02  1.177768e-02 -7.317722e-03 
 1.650000e+04  2.752552e+01 -1.207759e-02  1.183575e-02 -7.356412e-03 
 1.655000e+04  2.799788e+01 -1.214117e-02  1.189695e-02 -7.397315e-03 
 1.660000e+04  2.847024e+01 -1.220416e-02  1.195729e-02 -7.437938e-03 
 1.665000e+04  2.894260e+01 -1.226644e-02  1.201665e-02 -7.478099e-03 
 1.670000e+04  2.943857e+01 -1.233118e-02  1.207816e-02 -7.519810e-03 
 1.675000e+04  2.993455e+01 -1.239548e-02  1.213924e-02 -7.561125e-03 
 1.680000e+04  3.043052e+01 -1.245909e-02  1.219969e-02 -7.601915e-03 
 1.685000e+04  3.092947e+01 -1.252237e-02  1.225994e-02 -7.642429e-03 
 1.690000e+04  3.145181e+01 -1.258798e-02  1.232267e-02 -7.684480e-03 
 1.695000e+04  3.199862e+01 -1.265593e-02  1.238776e-02 -7.728099e-03 
 1.700000e+04  3.254543e+01 -1.272309e-02  1.245192e-02 -7.771190e-03 
 1.705000e+04  3.311138e+01 -1.279194e-02  1.251743e-02 -7.815325e-03 
 1.710000e+04  3.371425e+01 -1.286478e-02  1.258639e-02 -7.861908e-03 
 1.715000e+04  3.431711e+01 -1.293667e-02  1.265441e-02 -7.907890e-03 
 1.720000e+04  3.491997e+01 -1.300764e-02  1.272159e-02 -7.953285e-03 
 1.725000e+04  3.552283e+01 -1.307795e-02  1.278822e-02 -7.998232e-03 
 1.730000e+04  3.612569e+01 -1.314740e-02  1.285434e-02 -8.042668e-03 
 1.735000e+04  3.672855e+01 -1.321589e-02  1.291987e-02 -8.086609e-03 
 1.740000e+04  3.737928e+01 -1.328907e-02  1.298997e-02 -8.133492e-03 
 1.745000e+04  3.804393e+01 -1.336315e-02  1.306082e-02 -8.180934e-03 
 1.750000e+04  3.870859e+01 -1.343643e-02  1.313064e-02 -8.227827e-03 
 1.755000e+04  3.938587e+01 -1.351020e-02  1.320069e-02 -8.275035e-03 
 1.760000e+04  4.008376e+01 -1.358562e-02  1.327202e-02 -8.323102e-03 
 1.765000e+04  4.078164e+01 -1.366027e-02  1.334257e-02 -8.370652e-03 
 1.770000e+04  4.147953e+01 -1.373402e-02  1.341230e-02 -8.417658e-03 
 1.775000e+04  4.221413e+01 -1.381074e-02  1.348499e-02 -8.466549e-03 
 1.780000e+04  4.298355e+01 -1.389029e-02  1.356046e-02 -8.517268e-03 
 1.785000e+04  4.375297e+01 -1.396892e-02  1.363500e-02 -8.567341e-03 
 1.790000e+04  4.454239e+01 -1.404870e-02  1.371047e-02 -8.618008e-03 
 1.795000e+04  4.538906e+01 -1.413355e-02  1.379043e-02 -8.671717e-03 
 1.800000e+04  4.623735e+01 -1.421758e-02  1.386936e-02 -8.724925e-03 
 1.805000e+04  4.708564e+01 -1.430040e-02  1.394717e-02 -8.777502e-03 
 1.810000e+04  4.796531e+01 -1.438530e-02  1.402686e-02 -8.831349e-03 
 1.815000e+04  4.885601e+01 -1.447034e-02  1.410670e-02 -8.885215e-03 
 1.820000e+04  4.974671e+01 -1.455426e-02  1.418568e-02 -8.938347e-03 
 1.825000e+04  5.065879e+01 -1.463897e-02  1.426573e-02 -8.992041e-03 
 1.830000e+04  5.162675e+01 -1.472796e-02  1.434984e-02 -9.048356e-03 
 1.835000e+04  5.260875e+01 -1.481708e-02  1.443403e-02 -9.104849e-03 
 1.840000e+04  5.359075e+01 -1.490497e-02  1.451697e-02 -9.160560e-03 
 1.845000e+04  5.462504e+01 -1.499655e-02  1.460315e-02 -9.218458e-03 
 1.850000e+04  5.570769e+01 -1.509137e-02  1.469221e-02 -9.278350e-03 
 1.855000e+04  5.679034e+01 -1.518487e-02  1.478000e-02 -9.337424e-03 
 1.860000e+04  5.787407e+01 -1.527721e-02  1.486663e-02 -9.395689e-03 
 1.865000e+04  5.901086e+01 -1.537293e-02  1.495651e-02 -9.456054e-03 
 1.870000e+04  6.014764e+01 -1.546745e-02  1.504530e-02 -9.515636e-03 
 1.875000e+04  6.128443e+01 -1.556070e-02  1.513288e-02 -9.574342e-03 
 1.880000e+04  6.251278e+01 -1.566039e-02  1.522617e-02 -9.636957e-03 
 1.885000e+04  6.376608e+01 -1.576093e-02  1.532012e-02 -9.700061e-03 
 1.890000e+04  6.501939e+01 -1.586002e-02  1.541257e-02 -9.762313e-03 
 1.895000e+04  6.630171e+01 -1.596005e-02  1.550561e-02 -9.825025e-03 
 1.900000e+04  6.768348e+01 -1.606663e-02  1.560471e-02 -9.891705e-03 
 1.905000e+04  6.906525e+01 -1.617177e-02  1.570248e-02 -9.957455e-03 
 1.910000e+04  7.044701e+01 -1.627522e-02  1.579878e-02 -1.002215e-02 
 1.915000e+04  7.187714e+01 -1.638083e-02  1.589716e-02 -1.008816e-02 
 1.920000e+04  7.332800e+01 -1.648657e-02  1.599574e-02 -1.015433e-02 
 1.925000e+04  7.477886e+01 -1.659072e-02  1.609278e-02 -1.021951e-02 
 1.930000e+04  7.632126e+01 -1.669999e-02  1.619443e-02 -1.028771e-02 
 1.935000e+04  7.799441e+01 -1.681727e-02  1.630323e-02 -1.036075e-02 
 1.940000e+04  7.967396e+01 -1.693317e-02  1.641065e-02 -1.043293e-02 
 1.945000e+04  8.135351e+01 -1.704705e-02  1.651618e-02 -1.050385e-02 
 1.950000e+04  8.306665e+01 -1.716161e-02  1.662224e-02 -1.057509e-02 
 1.955000e+04  8.483018e+01 -1.727790e-02  1.672996e-02 -1.064741e-02 
 1.960000e+04  8.659370e+01 -1.739229e-02  1.683610e-02 -1.071858e-02 
 1.965000e+04  8.844523e+01 -1.751070e-02  1.694589e-02 -1.079211e-02 
 1.970000e+04  9.038951e+01 -1.763345e-02  1.705954e-02 -1.086829e-02 
 1.975000e+04  9.233380e+01 -1.775430e-02  1.717115e-02 -1.094324e-02 
 1.980000e+04  9.427809e+01 -1.787327e-02  1.728082e-02 -1.101682e-02 
 1.985000e+04  9.629626e+01 -1.799511e-02  1.739285e-02 -1.109199e-02 
 1.990000e+04  9.833776e+01 -1.811666e-02  1.750444e-02 -1.116699e-02 
 1.995000e+04  1.003793e+02 -1.823618e-02  1.761424e-02 -1.124081e-02 
 2.000000e+04  1.024782e+02 -1.835724e-02  1.772537e-02 -1.131550e-02 
 2.005000e+04  1.047290e+02 -1.848532e-02  1.784293e-02 -1.139445e-02 
 2.010000e+04  1.069797e+02 -1.861144e-02  1.795867e-02 -1.147207e-02 
 2.015000e+04  1.092372e+02 -1.873593e-02  1.807269e-02 -1.154848e-02 
 2.020000e+04  1.116951e+02 -1.886963e-02  1.819476e-02 -1.163049e-02 
 2.025000e+04  1.141765e+02 -1.900252e-02  1.831605e-02 -1.171208e-02 
 2.030000e+04  1.166580e+02 -1.913308e-02  1.843509e-02 -1.179213e-02 
 2.035000e+04  1.192040e+02 -1.926496e-02  1.855513e-02 -1.187285e-02 
 2.040000e+04  1.218095e+02 -1.939785e-02  1.867617e-02 -1.195427e-02 
 2.045000e+04  1.244150e+02 -1.952850e-02  1.879529e-02 -1.203426e-02 
 2.050000e+04  1.270892e+02 -1.966037e-02  1.891548e-02 -1.211489e-02 
 2.055000e+04  1.299618e+02 -1.980008e-02  1.904267e-02 -1.220027e-02 
 2.060000e+04  1.328344e+02 -1.993756e-02  1.916777e-02 -1.228425e-02 
 2.065000e+04  1.357070e+02 -2.007267e-02  1.929047e-02 -1.236660e-02 
 2.070000e+04  1.387966e+02 -2.021572e-02  1.941999e-02 -1.245366e-02 
 2.075000e+04  1.419637e+02 -2.036011e-02  1.955062e-02 -1.254166e-02 
 2.080000e+04  1.451307e+02 -2.050193e-02  1.967886e-02 -1.262801e-02 
 2.085000e+04  1.483611e+02 -2.064417e-02  1.980727e-02 -1.271439e-02 
 2.090000e+04  1.518461e+02 -2.079533e-02  1.994357e-02 -1.280610e-02 
 2.095000e+04  1.553378e+02 -2.094415e-02  2.007779e-02 -1.289640e-02 
 2.100000e+04  1.588329e+02 -2.109046e-02  2.020950e-02 -1.298503e-02 
 2.105000e+04  1.626348e+02 -2.124710e-02  2.035012e-02 -1.307977e-02 
 2.110000e+04  1.664844e+02 -2.140303e-02  2.048995e-02 -1.317414e-02 
 2.115000e+04  1.703339e+02 -2.155601e-02  2.062703e-02 -1.326666e-02 
 2.120000e+04  1.743996e+02 -2.171473e-02  2.076900e-02 -1.336244e-02 
 2.125000e+04  1.786438e+02 -2.187771e-02  2.091464e-02 -1.346079e-02 
 2.130000e+04  1.828879e+02 -2.203753e-02  2.105755e-02 -1.355728e-02 
 2.135000e+04  1.871829e+02 -2.219616e-02  2.119929e-02 -1.365290e-02 
 2.140000e+04  1.918577e+02 -2.236593e-02  2.135079e-02 -1.375518e-02 
 2.145000e+04  1.965368e+02 -2.253274e-02  2.149964e-02 -1.385574e-02 
 2.150000e+04  2.012160e+02 -2.269621e-02  2.164537e-02 -1.395421e-02 
 2.155000e+04  2.062489e+02 -2.286881e-02  2.179893e-02 -1.405804e-02 
 2.160000e+04  2.114076e+02 -2.304268e-02  2.195351e-02 -1.416264e-02 
 2.165000e+04  2.165664e+02 -2.321307e-02  2.210500e-02 -1.426513e-02 
 2.170000e+04  2.218562e+02 -2.338436e-02  2.225701e-02 -1.436794e-02 
 2.175000e+04  2.275438e+02 -2.356535e-02  2.241738e-02 -1.447659e-02 
 2.180000e+04  2.332313e+02 -2.374291e-02  2.257462e-02 -1.458321e-02 
 2.185000e+04  2.389416e+02 -2.391759e-02  2.272904e-02 -1.468798e-02 
 2.190000e+04  2.451584e+02 -2.410432e-02  2.289377e-02 -1.479987e-02 
 2.195000e+04  2.514289e+02 -2.428920e-02  2.305666e-02 -1.491064e-02 
 2.200000e+04  2.576994e+02 -2.447028e-02  2.321604e-02 -1.501901e-02 
 2.205000e+04  2.642236e+02 -2.465496e-02  2.337828e-02 -1.512944e-02 
 2.210000e+04  2.711368e+02 -2.484706e-02  2.354698e-02 -1.524443e-02 
 2.215000e+04  2.780501e+02 -2.503526e-02  2.371229e-02 -1.535712e-02 
 2.220000e+04  2.850394e+02 -2.522160e-02  2.387581e-02 -1.546857e-02 
 2.225000e+04  2.926177e+02 -2.541984e-02  2.404962e-02 -1.558715e-02 
 2.230000e+04  3.002395e+02 -2.561531e-02  2.422097e-02 -1.570418e-02 
 2.235000e+04  3.078614e+02 -2.580667e-02  2.438855e-02 -1.581866e-02 
 2.240000e+04  3.160065e+02 -2.600708e-02  2.456374e-02 -1.593850e-02 
 2.245000e+04  3.244096e+02 -2.620988e-02  2.474101e-02 -1.605992e-02 
 2.250000e+04  3.328127e+02 -2.640846e-02  2.491451e-02 -1.617883e-02 
 2.255000e+04  3.414111e+02 -2.660742e-02  2.508817e-02 -1.629791e-02 
 2.260000e+04  3.506756e+02 -2.681778e-02  2.527163e-02 -1.642383e-02 
 2.265000e+04  3.599400e+02 -2.702393e-02  2.545132e-02 -1.654731e-02 
 2.270000e+04  3.692137e+02 -2.722600e-02  2.562720e-02 -1.666830e-02 
 2.275000e+04  3.789413e+02 -2.743384e-02  2.580777e-02 -1.679273e-02 
 2.280000e+04  3.891067e+02 -2.764685e-02  2.599271e-02 -1.692038e-02 
 2.285000e+04  3.993207e+02 -2.785654e-02  2.617468e-02 -1.704606e-02 
 2.290000e+04  4.098421e+02 -2.806816e-02  2.635814e-02 -1.717290e-02 
 2.295000e+04  4.211031e+02 -2.829037e-02  2.655074e-02 -1.730627e-02 
 2.300000e+04  4.323640e+02 -2.850804e-02  2.673942e-02 -1.743705e-02 
 2.305000e+04  4.436250e+02 -2.872112e-02  2.692403e-02 -1.756507e-02 
 2.310000e+04  4.551865e+02 -2.893551e-02  2.710968e-02 -1.769399e-02 
 2.315000e+04  4.667606e+02 -2.914596e-02  2.729186e-02 -1.782072e-02 
 2.320000e+04  4.783347e+02 -2.935225e-02  2.747042e-02 -1.794506e-02 
 2.325000e+04  4.899088e+02 -2.955472e-02  2.764568e-02 -1.806721e-02 
 2.330000e+04  5.014828e+02 -2.975361e-02  2.781791e-02 -1.818734e-02 
 2.335000e+04  5.130569e+02 -2.994895e-02  2.798719e-02 -1.830544e-02 
 2.340000e+04  5.246310e+02 -3.014088e-02  2.815361e-02 -1.842159e-02 
 2.345000e+04  5.362051e+02 -3.032968e-02  2.831739e-02 -1.853604e-02 
 2.350000e+04  5.477791e+02 -3.051548e-02  2.847861e-02 -1.864885e-02 
 2.355000e+04  5.593532e+02 -3.069839e-02  2.863723e-02 -1.875994e-02 
 2.360000e+04  5.709273e+02 -3.087864e-02  2.879339e-02 -1.886946e-02 
 2.365000e+04  5.825014e+02 -3.105635e-02  2.894726e-02 -1.897758e-02 
 2.370000e+04  5.940754e+02 -3.123154e-02  2.909882e-02 -1.908424e-02 
 2.375000e+04  6.056495e+02 -3.140431e-02  2.924818e-02 -1.918949e-02 
 2.380000e+04  6.172236e+02 -3.157490e-02  2.939560e-02 -1.929348e-02 
 2.385000e+04  6.287977e+02 -3.174334e-02  2.954111e-02 -1.939625e-02 
 2.390000e+04  6.403717e+02 -3.190962e-02  2.968468e-02 -1.949778e-02 
 2.395000e+04  6.519458e+02 -3.207385e-02  2.982643e-02 -1.959821e-02 
 2.400000e+04  6.635199e+02 -3.223613e-02  2.996648e-02 -1.969763e-02 
 2.405000e+04  6.750940e+02 -3.239650e-02  3.010492e-02 -1.979601e-02 
 2.410000e+04  6.866680e+02 -3.255504e-02  3.024183e-02 -1.989334e-02 
 2.415000e+04  6.982421e+02 -3.271184e-02  3.037733e-02 -1.998973e-02 
 2.420000e+04  7.098162e+02 -3.286696e-02  3.051150e-02 -2.008527e-02 
 2.425000e+04  7.213903e+02 -3.302047e-02  3.064442e-02 -2.017996e-02 
 2.430000e+04  7.329643e+02 -3.317247e-02  3.077611e-02 -2.027385e-02 
 2.435000e+04  7.445384e+02 -3.332310e-02  3.090659e-02 -2.036703e-02 
 2.440000e+04  7.561125e+02 -3.347239e-02  3.103589e-02 -2.045956e-02 
 2.445000e+04  7.676865e+02 -3.362038e-02  3.116400e-02 -2.055141e-02 
 2.450000e+04  7.792606e+02 -3.376722e-02  3.129101e-02 -2.064243e-02 
 2.455000e+04  7.908347e+02 -3.391296e-02  3.141698e-02 -2.073204e-02 
 2.460000e+04  8.024088e+02 -3.405733e-02  3.154171e-02 -2.082056e-02 
 2.465000e+04  8.139828e+02 -3.419972e-02  3.166426e-02 -2.090931e-02 
 2.470000e+04  8.255569e+02 -3.434142e-02  3.178607e-02 -2.099795e-02 
 2.475000e+04  8.371310e+02 -3.448216e-02  3.190778e-02 -2.108664e-02 
 2.480000e+04  8.487051e+02 -3.462227e-02  3.202897e-02 -2.117533e-02 
 2.485000e+04  8.602791e+02 -3.476147e-02  3.214921e-02 -2.126342e-02 
 2.490000e+04  8.718532e+02 -3.489910e-02  3.226884e-02 -2.135060e-02 
 2.495000e+04  8.834273e+02 -3.503509e-02  3.238804e-02 -2.143637e-02 
 2.500000e+04  8.950014e+02 -3.516927e-02  3.250638e-02 -2.152076e-02 
 2.505000e+04  9.065754e+02 -3.530134e-02  3.262387e-02 -2.160488e-02 
 2.510000e+04  9.181495e+02 -3.543295e-02  3.274085e-02 -2.168888e-02 
 2.515000e+04  9.297236e+02 -3.556425e-02  3.285652e-02 -2.177253e-02 
 2.520000e+04  9.412977e+02 -3.569702e-02  3.297147e-02 -2.185673e-02 
 2.525000e+04  9.528717e+02 -3.582888e-02  3.308647e-02 -2.194128e-02 
 2.530000e+04  9.644458e+02 -3.595991e-02  3.320093e-02 -2.202540e-02 
 2.535000e+04  9.760199e+02 -3.609049e-02  3.331477e-02 -2.210857e-02 
 2.540000e+04  9.875940e+02 -3.622105e-02  3.342785e-02 -2.219045e-02 
 2.545000e+04  9.991680e+02 -3.634987e-02  3.353956e-02 -2.227119e-02 
 2.550000e+04  1.010742e+03 -3.647584e-02  3.365050e-02 -2.235185e-02 
 2.555000e+04  1.022316e+03 -3.660190e-02  3.376111e-02 -2.243243e-02 
 2.560000e+04  1.033890e+03 -3.672838e-02  3.386992e-02 -2.251296e-02 
 2.565000e+04  1.045464e+03 -3.685594e-02  3.397663e-02 -2.259279e-02 
 2.570000e+04  1.057038e+03 -3.698384e-02  3.408260e-02 -2.267262e-02 
 2.575000e+04  1.068612e+03 -3.711084e-02  3.418811e-02 -2.275235e-02 
 2.580000e+04  1.080187e+03 -3.723527e-02  3.429442e-02 -2.283125e-02 
 2.585000e+04  1.091761e+03 -3.735937e-02  3.440133e-02 -2.290965e-02 
 2.590000e+04  1.103335e+03 -3.748301e-02  3.450773e-02 -2.298861e-02 
 2.595000e+04  1.114909e+03 -3.760617e-02  3.461379e-02 -2.306720e-02 
 2.600000e+04  1.126483e+03 -3.772773e-02  3.471946e-02 -2.314501e-02 
 2.605000e+04  1.138057e+03 -3.784853e-02  3.482575e-02 -2.322251e-02 
 2.610000e+04  1.149631e+03 -3.796897e-02  3.493247e-02 -2.330040e-02 
 2.615000e+04  1.161205e+03 -3.808915e-02  3.503881e-02 -2.337847e-02 
 2.620000e+04  1.172779e+03 -3.820884e-02  3.514393e-02 -2.345581e-02 
 2.625000e+04  1.184353e+03 -3.832832e-02  3.524775e-02 -2.353286e-02 
 2.630000e+04  1.195927e+03 -3.844663e-02  3.535030e-02 -2.360926e-02 
 2.635000e+04  1.207501e+03 -3.856355e-02  3.545070e-02 -2.368490e-02 
 2.640000e+04  1.219075e+03 -3.867984e-02  3.555154e-02 -2.376025e-02 
 2.645000e+04  1.230650e+03 -3.879575e-02  3.565296e-02 -2.383565e-02 
 2.650000e+04  1.242224e+03 -3.891247e-02  3.575499e-02 -2.391084e-02 
 2.655000e+04  1.253798e+03 -3.902932e-02  3.585693e-02 -2.398584e-02 
 2.660000e+04  1.265372e+03 -3.914617e-02  3.595858e-02 -2.406052e-02 
 2.665000e+04  1.276946e+03 -3.926351e-02  3.605865e-02 -2.413550e-02 
 2.670000e+04  1.288520e+03 -3.938072e-02  3.615793e-02 -2.421055e-02 
 2.675000e+04  1.300094e+03 -3.949725e-02  3.625658e-02 -2.428562e-02 
 2.680000e+04  1.311668e+03 -3.961272e-02  3.635511e-02 -2.436037e-02 
 2.685000e+04  1.323242e+03 -3.972677e-02  3.645348e-02 -2.443496e-02 
 2.690000e+04  1.334816e+03 -3.984006e-02  3.655189e-02 -2.450888e-02 
 2.695000e+04  1.346390e+03 -3.995351e-02  3.664871e-02 -2.458215e-02 
 2.700000e+04  1.357964e+03 -4.006746e-02  3.674594e-02 -2.465503e-02 
 2.705000e+04  1.369538e+03 -4.018126e-02  3.684389e-02 -2.472812e-02 
 2.710000e+04  1.381112e+03 -4.029436e-02  3.694234e-02 -2.480136e-02 
 2.715000e+04  1.392687e+03 -4.040607e-02  3.704089e-02 -2.487465e-02 
 2.720000e+04  1.404261e+03 -4.051744e-02  3.713841e-02 -2.494791e-02 
 2.725000e+04  1.415835e+03 -4.062829e-02  3.723533e-02 -2.502089e-02 
 2.730000e+04  1.427409e+03 -4.073834e-02  3.733208e-02 -2.509355e-02 
 2.735000e+04  1.438983e+03 -4.084762e-02  3.742873e-02 -2.516592e-02 
 2.740000e+04  1.450557e+03 -4.095622e-02  3.752576e-02 -2.523793e-02 
 2.745000e+04  1.462131e+03 -4.106546e-02  3.762277e-02 -2.530958e-02 
 2.750000e+04  1.473705e+03 -4.117475e-02  3.771937e-02 -2.538083e-02 
 2.755000e+04  1.485279e+03 -4.128403e-02  3.781511e-02 -2.545218e-02 
 2.760000e+04  1.496853e+03 -4.139253e-02  3.791002e-02 -2.552378e-02 
 2.765000e+04  1.508427e+03 -4.150091e-02  3.800325e-02 -2.559538e-02 
 2.770000e+04  1.520001e+03 -4.160966e-02  3.809597e-02 -2.566694e-02 
 2.775000e+04  1.531575e+03 -4.171807e-02  3.818913e-02 -2.573828e-02 
 2.780000e+04  1.543150e+03 -4.182696e-02  3.828275e-02 -2.580893e-02 
 2.785000e+04  1.554724e+03 -4.193602e-02  3.837666e-02 -2.587953e-02 
 2.790000e+04  1.566298e+03 -4.204480e-02  3.847057e-02 -2.594974e-02 
 2.795000e+04  1.577872e+03 -4.215332e-02  3.856302e-02 -2.601996e-02 
 2.800000e+04  1.589446e+03 -4.226133e-02  3.865470e-02 -2.608975e-02 
 2.805000e+04  1.601020e+03 -4.236885e-02  3.874573e-02 -2.615961e-02 
 2.810000e+04  1.612594e+03 -4.247539e-02  3.883727e-02 -2.622936e-02 
 2.815000e+04  1.624168e+03 -4.258131e-02  3.892914e-02 -2.629930e-02 
 2.820000e+04  1.635742e+03 -4.268733e-02  3.902140e-02 -2.636932e-02 
 2.825000e+04  1.647316e+03 -4.279272e-02  3.911407e-02 -2.643919e-02 
 2.830000e+04  1.658890e+03 -4.289803e-02  3.920712e-02 -2.650857e-02 
 2.835000e+04  1.670464e+03 -4.300286e-02  3.929998e-02 -2.657798e-02 
 2.840000e+04  1.682038e+03 -4.310693e-02  3.939282e-02 -2.664722e-02 
 2.845000e+04  1.693612e+03 -4.321078e-02  3.948536e-02 -2.671625e-02 
 2.850000e+04  1.705187e+03 -4.331473e-02  3.957702e-02 -2.678518e-02 
 2.855000e+04  1.716761e+03 -4.341864e-02  3.966745e-02 -2.685394e-02 
 2.860000e+04  1.728335e+03 -4.352249e-02  3.975799e-02 -2.692251e-02 
 2.865000e+04  1.739909e+03 -4.362576e-02  3.984840e-02 -2.699083e-02 
 2.870000e+04  1.751483e+03 -4.372875e-02  3.993862e-02 -2.705884e-02 
 2.875000e+04  1.763057e+03 -4.383211e-02  4.002866e-02 -2.712693e-02 
 2.880000e+04  1.774631e+03 -4.393562e-02  4.011872e-02 -2.719500e-02 
 2.885000e+04  1.786205e+03 -4.403948e-02  4.020865e-02 -2.726303e-02 
 2.890000e+04  1.797779e+03 -4.414345e-02  4.029857e-02 -2.733107e-02 
 2.895000e+04  1.809353e+03 -4.424719e-02  4.038815e-02 -2.739921e-02 
 2.900000e+04  1.820927e+03 -4.435061e-02  4.047709e-02 -2.746716e-02 
 2.905000e+04  1.832501e+03 -4.445365e-02  4.056561e-02 -2.753498e-02 
 2.910000e+04  1.844075e+03 -4.455652e-02  4.065408e-02 -2.760260e-02 
 2.915000e+04  1.855650e+03 -4.465894e-02  4.074221e-02 -2.766996e-02 
 2.920000e+04  1.867224e+03 -4.476105e-02  4.082963e-02 -2.773719e-02 
 2.925000e+04  1.878798e+03 -4.486296e-02  4.091668e-02 -2.780448e-02 
 2.930000e+04  1.890372e+03 -4.496458e-02  4.100413e-02 -2.787141e-02 
 2.935000e+04  1.901946e+03 -4.506590e-02  4.109214e-02 -2.793833e-02 
 2.940000e+04  1.913520e+03 -4.516689e-02  4.118057e-02 -2.800520e-02 
 2.945000e+04  1.925094e+03 -4.526728e-02  4.126920e-02 -2.807206e-02 
 2.950000e+04  1.936668e+03 -4.536750e-02  4.135769e-02 -2.813893e-02 
 2.955000e+04  1.948242e+03 -4.546765e-02  4.144579e-02 -2.820550e-02 
 2.960000e+04  1.959816e+03 -4.556724e-02  4.153359e-02 -2.827196e-02 
 2.965000e+04  1.971390e+03 -4.566632e-02  4.162060e-02 -2.833836e-02 
 2.970000e+04  1.982964e+03 -4.576474e-02  4.170749e-02 -2.840485e-02 
 2.975000e+04  1.994538e+03 -4.586360e-02  4.179445e-02 -2.847109e-02 
 2.980000e+04  2.006112e+03 -4.596297e-02  4.188138e-02 -2.853711e-02 
 2.985000e+04  2.017687e+03 -4.606278e-02  4.196835e-02 -2.860283e-02 
 2.990000e+04  2.029261e+03 -4.616249e-02  4.205537e-02 -2.866847e-02 
 2.995000e+04  2.040835e+03 -4.626191e-02  4.214177e-02 -2.873393e-02 
 3.000000e+04  2.052409e+03 -4.636007e-02  4.222744e-02 -2.879924e-02 
 3.005000e+04  2.063983e+03 -4.645833e-02  4.231275e-02 -2.886485e-02 
 3.010000e+04  2.075557e+03 -4.655697e-02  4.239768e-02 -2.893078e-02 
 3.015000e+04  2.087131e+03 -4.665588e-02  4.248227e-02 -2.899649e-02 
 3.020000e+04  2.098705e+03 -4.675489e-02  4.256693e-02 -2.906213e-02 
 3.025000e+04  2.110279e+03 -4.685391e-02  4.265216e-02 -2.912758e-02 
 3.030000e+04  2.121853e+03 -4.695249e-02  4.273759e-02 -2.919281e-02 
 3.035000e+04  2.133427e+03 -4.705071e-02  4.282313e-02 -2.925765e-02 
 3.040000e+04  2.145001e+03 -4.714856e-02  4.290858e-02 -2.932250e-02 
 3.045000e+04  2.156575e+03 -4.724594e-02  4.299337e-02 -2.938723e-02 
 3.050000e+04  2.168150e+03 -4.734266e-02  4.307833e-02 -2.945201e-02 
 3.055000e+04  2.179724e+03 -4.743889e-02  4.316350e-02 -2.951673e-02 
 3.060000e+04  2.191298e+03 -4.753517e-02  4.324883e-02 -2.958148e-02 
 3.065000e+04  2.202872e+03 -4.763141e-02  4.333421e-02 -2.964629e-02 
 3.070000e+04  2.214446e+03 -4.772700e-02  4.341949e-02 -2.971102e-02 
 3.075000e+04  2.226020e+03 -4.782221e-02  4.350457e-02 -2.977550e-02 
 3.080000e+04  2.237594e+03 -4.791745e-02  4.358969e-02 -2.983989e-02 
 3.085000e+04  2.249168e+03 -4.801296e-02  4.367484e-02 -2.990392e-02 
 3.090000e+04  2.260742e+03 -4.810859e-02  4.375984e-02 -2.996761e-02 
 3.095000e+04  2.272316e+03 -4.820409e-02  4.384475e-02 -3.003148e-02 
 3.100000e+04  2.283890e+03 -4.829962e-02  4.392920e-02 -3.009558e-02 
 3.105000e+04  2.295464e+03 -4.839515e-02  4.401315e-02 -3.015975e-02 
 3.110000e+04  2.307038e+03 -4.849090e-02  4.409672e-02 -3.022397e-02 
 3.115000e+04  2.318612e+03 -4.858698e-02  4.417957e-02 -3.028814e-02 
 3.120000e+04  2.330187e+03 -4.868291e-02  4.426196e-02 -3.035199e-02 
 3.125000e+04  2.341761e+03 -4.877880e-02  4.434443e-02 -3.041540e-02 
 3.130000e+04  2.353335e+03 -4.887448e-02  4.442723e-02 -3.047876e-02 
 3.135000e+04  2.364909e+03 -4.896996e-02  4.451049e-02 -3.054207e-02 
 3.140000e+04  2.376483e+03 -4.906554e-02  4.459389e-02 -3.060545e-02 
 3.145000e+04  2.388057e+03 -4.916108e-02  4.467719e-02 -3.066901e-02 
 3.150000e+04  2.399631e+03 -4.925619e-02  4.476050e-02 -3.073271e-02 
 3.155000e+04  2.411205e+03 -4.935079e-02  4.484357e-02 -3.079631e-02 
 3.160000e+04  2.422779e+03 -4.944499e-02  4.492659e-02 -3.085945e-02 
 3.165000e+04  2.434353e+03 -4.953876e-02  4.500955e-02 -3.092250e-02 
 3.170000e+04  2.445927e+03 -4.963230e-02  4.509201e-02 -3.098546e-02 
 3.175000e+04  2.457501e+03 -4.972574e-02  4.517364e-02 -3.104847e-02 
 3.180000e+04  2.469075e+03 -4.981922e-02  4.525556e-02 -3.111139e-02 
 3.185000e+04  2.480650e+03 -4.991259e-02  4.533803e-02 -3.117421e-02 
 3.190000e+04  2.492224e+03 -5.000580e-02  4.542081e-02 -3.123687e-02 
 3.195000e+04  2.503798e+03 -5.009869e-02  4.550377e-02 -3.129941e-02 
 3.200000e+04  2.515372e+03 -5.019113e-02  4.558663e-02 -3.136201e-02 
 3.205000e+04  2.526946e+03 -5.028347e-02  4.566920e-02 -3.142472e-02 
 3.210000e+04  2.538520e+03 -5.037605e-02  4.575136e-02 -3.148723e-02 
 3.215000e+04  2.550094e+03 -5.046881e-02  4.583318e-02 -3.154961e-02 
 3.220000e+04  2.561668e+03 -5.056177e-02  4.591501e-02 -3.161195e-02 
 3.225000e+04  2.573242e+03 -5.065459e-02  4.599665e-02 -3.167425e-02 
 3.230000e+04  2.584816e+03 -5.074730e-02  4.607808e-02 -3.173643e-02 
 3.235000e+04  2.596390e+03 -5.083997e-02  4.615929e-02 -3.179866e-02 
 3.240000e+04  2.607964e+03 -5.093267e-02  4.624044e-02 -3.186070e-02 
 3.245000e+04  2.619538e+03 -5.102530e-02  4.632140e-02 -3.192267e-02 
 3.250000e+04  2.631112e+03 -5.111781e-02  4.640248e-02 -3.198470e-02 
 3.255000e+04  2.642687e+03 -5.121023e-02  4.648352e-02 -3.204669e-02 
 3.260000e+04  2.654261e+03 -5.130246e-02  4.656449e-02 -3.210850e-02 
 3.265000e+04  2.665835e+03 -5.139456e-02  4.664522e-02 -3.217010e-02 
 3.270000e+04  2.677409e+03 -5.148662e-02  4.672587e-02 -3.223175e-02 
 3.275000e+04  2.688983e+03 -5.157829e-02  4.680649e-02 -3.229346e-02 
 3.280000e+04  2.700557e+03 -5.166981e-02  4.688634e-02 -3.235512e-02 
 3.285000e+04  2.712131e+03 -5.176126e-02  4.696621e-02 -3.241668e-02 
 3.290000e+04  2.723705e+03 -5.185253e-02  4.704622e-02 -3.247823e-02 
 3.295000e+04  2.735279e+03 -5.194319e-02  4.712653e-02 -3.253968e-02 
 3.300000e+04  2.746853e+03 -5.203340e-02  4.720705e-02 -3.260101e-02 
 3.305000e+04  2.758427e+03 -5.212378e-02  4.728771e-02 -3.266213e-02 
 3.310000e+04  2.770001e+03 -5.221443e-02  4.736827e-02 -3.272312e-02 
 3.315000e+04  2.781575e+03 -5.230500e-02  4.744870e-02 -3.278408e-02 
 3.320000e+04  2.793150e+03 -5.239554e-02  4.752896e-02 -3.284491e-02 
 3.325000e+04  2.804724e+03 -5.248594e-02  4.760892e-02 -3.290589e-02 
 3.330000e+04  2.816298e+03 -5.257618e-02  4.768847e-02 -3.296681e-02 
 3.335000e+04  2.827872e+03 -5.266638e-02  4.776753e-02 -3.302783e-02 
 3.340000e+04  2.839446e+03 -5.275662e-02  4.784662e-02 -3.308897e-02 
 3.345000e+04  2.851020e+03 -5.284699e-02  4.792532e-02 -3.315007e-02 
 3.350000e+04  2.862594e+03 -5.293745e-02  4.800402e-02 -3.321088e-02 
 3.355000e+04  2.874168e+03 -5.302787e-02  4.808245e-02 -3.327145e-02 
 3.360000e+04  2.885742e+03 -5.311833e-02  4.816110e-02 -3.333181e-02 
 3.365000e+04  2.897316e+03 -5.320882e-02  4.823998e-02 -3.339231e-02 
 3.370000e+04  2.908890e+03 -5.329927e-02  4.831892e-02 -3.345284e-02 
 3.375000e+04  2.920464e+03 -5.338948e-02  4.839774e-02 -3.351345e-02 
 3.380000e+04  2.932038e+03 -5.347940e-02  4.847642e-02 -3.357417e-02 
 3.385000e+04  2.943612e+03 -5.356895e-02  4.855501e-02 -3.363489e-02 
 3.390000e+04  2.955187e+03 -5.365807e-02  4.863362e-02 -3.369537e-02 
 3.395000e+04  2.966761e+03 -5.374708e-02  4.871228e-02 -3.375561e-02 
 3.400000e+04  2.978335e+03 -5.383579e-02  4.879112e-02 -3.381578e-02 
 3.405000e+04  2.989909e+03 -5.392446e-02  4.887019e-02 -3.387594e-02 
 3.410000e+04  3.001483e+03 -5.401311e-02  4.894936e-02 -3.393614e-02 
 3.415000e+04  3.013057e+03 -5.410175e-02  4.902849e-02 -3.399637e-02 
 3.420000e+04  3.024631e+03 -5.419033e-02  4.910738e-02 -3.405661e-02 
 3.425000e+04  3.036205e+03 -5.427873e-02  4.918590e-02 -3.411680e-02 
 3.430000e+04  3.047779e+03 -5.436683e-02  4.926425e-02 -3.417693e-02 
 3.435000e+04  3.059353e+03 -5.445449e-02  4.934247e-02 -3.423687e-02 
 3.440000e+04  3.070927e+03 -5.454207e-02  4.942054e-02 -3.429660e-02 
 3.445000e+04  3.082501e+03 -5.462960e-02  4.949851e-02 -3.435624e-02 
 3.450000e+04  3.094075e+03 -5.471764e-02  4.957634e-02 -3.441596e-02 
 3.455000e+04  3.105650e+03 -5.480599e-02  4.965417e-02 -3.447557e-02 
 3.460000e+04  3.117224e+03 -5.489431e-02  4.973186e-02 -3.453521e-02 
 3.465000e+04  3.128798e+03 -5.498269e-02  4.980960e-02 -3.459481e-02 
 3.470000e+04  3.140372e+03 -5.507086e-02  4.988709e-02 -3.465447e-02 
 3.475000e+04  3.151946e+03 -5.515895e-02  4.996412e-02 -3.471398e-02 
 3.480000e+04  3.163520e+03 -5.524683e-02  5.004063e-02 -3.477362e-02 
 3.485000e+04  3.175094e+03 -5.533457e-02  5.011734e-02 -3.483318e-02 
 3.490000e+04  3.186668e+03 -5.542215e-02  5.019430e-02 -3.489259e-02 
 3.495000e+04  3.198242e+03 -5.550975e-02  5.027154e-02 -3.495194e-02 
 3.500000e+04  3.209816e+03 -5.559743e-02  5.034901e-02 -3.501129e-02 
 3.505000e+04  3.221390e+03 -5.568508e-02  5.042655e-02 -3.507065e-02 
 3.510000e+04  3.232964e+03 -5.577241e-02  5.050406e-02 -3.512993e-02 
 3.515000e+04  3.244538e+03 -5.585950e-02  5.058144e-02 -3.518915e-02 
 3.520000e+04  3.256112e+03 -5.594639e-02  5.065870e-02 -3.524833e-02 
 3.525000e+04  3.267687e+03 -5.603308e-02  5.073585e-02 -3.530744e-02 
 3.530000e+04  3.279261e+03 -5.611940e-02  5.081296e-02 -3.536651e-02 
 3.535000e+04  3.290835e+03 -5.620562e-02  5.089012e-02 -3.542555e-02 
 3.540000e+04  3.302409e+03 -5.629193e-02  5.096733e-02 -3.548454e-02 
 3.545000e+04  3.313983e+03 -5.637838e-02  5.104446e-02 -3.554346e-02 
 3.550000e+04  3.325557e+03 -5.646499e-02  5.112130e-02 -3.560233e-02 
 3.555000e+04  3.337131e+03 -5.655159e-02  5.119722e-02 -3.566118e-02 
 3.560000e+04  3.348705e+03 -5.663814e-02  5.127303e-02 -3.571988e-02 
 3.565000e+04  3.360279e+03 -5.672457e-02  5.134888e-02 -3.577862e-02 
 3.570000e+04  3.371853e+03 -5.681097e-02  5.142492e-02 -3.583730e-02 
 3.575000e+04  3.383427e+03 -5.689757e-02  5.150108e-02 -3.589594e-02 
 3.580000e+04  3.395001e+03 -5.698435e-02  5.157714e-02 -3.595461e-02 
 3.585000e+04  3.406575e+03 -5.707107e-02  5.165318e-02 -3.601320e-02 
 3.590000e+04  3.418150e+03 -5.715758e-02  5.172919e-02 -3.607180e-02 
 3.595000e+04  3.429724e+03 -5.724398e-02  5.180509e-02 -3.613038e-02 
 3.600000e+04  3.441298e+03 -5.733019e-02  5.188094e-02 -3.618895e-02 
 3.605000e+04  3.452872e+03 -5.741622e-02  5.195677e-02 -3.624750e-02 
 3.610000e+04  3.464446e+03 -5.750201e-02  5.203262e-02 -3.630602e-02 
 3.615000e+04  3.476020e+03 -5.758760e-02  5.210859e-02 -3.636438e-02 
 3.620000e+04  3.487594e+03 -5.767308e-02  5.218471e-02 -3.642270e-02 
 3.625000e+04  3.499168e+03 -5.775836e-02  5.226091e-02 -3.648093e-02 
 3.630000e+04  3.510742e+03 -5.784344e-02  5.233718e-02 -3.653906e-02 
 3.635000e+04  3.522316e+03 -5.792820e-02  5.241339e-02 -3.659710e-02 
 3.640000e+04  3.533890e+03 -5.801240e-02  5.248945e-02 -3.665520e-02 
 3.645000e+04  3.545464e+03 -5.809672e-02  5.256532e-02 -3.671333e-02 
 3.650000e+04  3.557038e+03 -5.818126e-02  5.264104e-02 -3.677141e-02 
 3.655000e+04  3.568612e+03 -5.826610e-02  5.271670e-02 -3.682950e-02 
 3.660000e+04  3.580187e+03 -5.835098e-02  5.279242e-02 -3.688753e-02 
 3.665000e+04  3.591761e+03 -5.843587e-02  5.286806e-02 -3.694548e-02 
 3.670000e+04  3.603335e+03 -5.852077e-02  5.294351e-02 -3.700334e-02 
 3.675000e+04  3.614909e+03 -5.860540e-02  5.301858e-02 -3.706113e-02 
 3.680000e+04  3.626483e+03 -5.868982e-02  5.309291e-02 -3.711887e-02 
 3.685000e+04  3.638057e+03 -5.877431e-02  5.316711e-02 -3.717639e-02 
 3.690000e+04  3.649631e+03 -5.885897e-02  5.324146e-02 -3.723405e-02 
 3.695000e+04  3.661205e+03 -5.894390e-02  5.331605e-02 -3.729174e-02 
 3.700000e+04  3.672779e+03 -5.902897e-02  5.339072e-02 -3.734944e-02 
 3.705000e+04  3.684353e+03 -5.911402e-02  5.346542e-02 -3.740708e-02 
 3.710000e+04  3.695927e+03 -5.919874e-02  5.354006e-02 -3.746463e-02 
 3.715000e+04  3.707501e+03 -5.928304e-02  5.361457e-02 -3.752207e-02 
 3.720000e+04  3.719075e+03 -5.936711e-02  5.368909e-02 -3.757949e-02 
 3.725000e+04  3.730650e+03 -5.945104e-02  5.376361e-02 -3.763697e-02 
 3.730000e+04  3.742224e+03 -5.953463e-02  5.383823e-02 -3.769447e-02 
 3.735000e+04  3.753798e+03 -5.961799e-02  5.391297e-02 -3.775188e-02 
 3.740000e+04  3.765372e+03 -5.970133e-02  5.398782e-02 -3.780921e-02 
 3.745000e+04  3.776946e+03 -5.978464e-02  5.406269e-02 -3.786637e-02 
 3.750000e+04  3.788520e+03 -5.986785e-02  5.413755e-02 -3.792341e-02 
 3.755000e+04  3.800094e+03 -5.995101e-02  5.421207e-02 -3.798034e-02 
 3.760000e+04  3.811668e+03 -6.003416e-02  5.428633e-02 -3.803735e-02 
 3.765000e+04  3.823242e+03 -6.011730e-02  5.436053e-02 -3.809456e-02 
 3.770000e+04  3.834816e+03 -6.020036e-02  5.443471e-02 -3.815175e-02 
 3.775000e+04  3.846390e+03 -6.028345e-02  5.450885e-02 -3.820885e-02 
 3.780000e+04  3.857964e+03 -6.036654e-02  5.458298e-02 -3.826585e-02 
 3.785000e+04  3.869538e+03 -6.044978e-02  5.465696e-02 -3.832282e-02 
 3.790000e+04  3.881112e+03 -6.053317e-02  5.473034e-02 -3.837974e-02 
 3.795000e+04  3.892687e+03 -6.061626e-02  5.480340e-02 -3.843662e-02 
 3.800000e+04  3.904261e+03 -6.069922e-02  5.487644e-02 -3.849339e-02 
 3.805000e+04  3.915835e+03 -6.078217e-02  5.494905e-02 -3.855011e-02 
 3.810000e+04  3.927409e+03 -6.086526e-02  5.502167e-02 -3.860680e-02 
 3.815000e+04  3.938983e+03 -6.094848e-02  5.509454e-02 -3.866351e-02 
 3.820000e+04  3.950557e+03 -6.103166e-02  5.516763e-02 -3.872024e-02 
 3.825000e+04  3.962131e+03 -6.111457e-02  5.524095e-02 -3.877695e-02 
 3.830000e+04  3.973705e+03 -6.119727e-02  5.531442e-02 -3.883367e-02 
 3.835000e+04  3.985279e+03 -6.127987e-02  5.538793e-02 -3.889035e-02 
 3.840000e+04  3.996853e+03 -6.136224e-02  5.546137e-02 -3.894696e-02 
 3.845000e+04  4.008427e+03 -6.144448e-02  5.553469e-02 -3.900350e-02 
 3.850000e+04  4.020001e+03 -6.152665e-02  5.560799e-02 -3.906007e-02 
 3.855000e+04  4.031575e+03 -6.160864e-02  5.568134e-02 -3.911665e-02 
 3.860000e+04  4.043150e+03 -6.169045e-02  5.575466e-02 -3.917316e-02 
 3.865000e+04  4.054724e+03 -6.177213e-02  5.582799e-02 -3.922946e-02 
 3.870000e+04  4.066298e+03 -6.185362e-02  5.590133e-02 -3.928558e-02 
 3.875000e+04  4.077872e+03 -6.193497e-02  5.597475e-02 -3.934171e-02 
 3.880000e+04  4.089446e+03 -6.201630e-02  5.604823e-02 -3.939796e-02 
 3.885000e+04  4.101020e+03 -6.209776e-02  5.612151e-02 -3.945429e-02 
 3.890000e+04  4.112594e+03 -6.217947e-02  5.619450e-02 -3.951067e-02 
 3.895000e+04  4.124168e+03 -6.226135e-02  5.626728e-02 -3.956706e-02 
 3.900000e+04  4.135742e+03 -6.234328e-02  5.633983e-02 -3.962325e-02 
 3.905000e+04  4.147316e+03 -6.242510e-02  5.641219e-02 -3.967930e-02 
 3.910000e+04  4.158890e+03 -6.250702e-02  5.648456e-02 -3.973530e-02 
 3.915000e+04  4.170464e+03 -6.258904e-02  5.655691e-02 -3.979136e-02 
 3.920000e+04  4.182038e+03 -6.267111e-02  5.662924e-02 -3.984734e-02 
 3.925000e+04  4.193612e+03 -6.275315e-02  5.670156e-02 -3.990329e-02 
 3.930000e+04  4.205187e+03 -6.283499e-02  5.677388e-02 -3.995931e-02 
 3.935000e+04  4.216761e+03 -6.291671e-02  5.684609e-02 -4.001532e-02 
 3.940000e+04  4.228335e+03 -6.299839e-02  5.691811e-02 -4.007127e-02 
 3.945000e+04  4.239909e+03 -6.308003e-02  5.699011e-02 -4.012715e-02 
 3.950000e+04  4.251483e+03 -6.316145e-02  5.706219e-02 -4.018299e-02 
 3.955000e+04  4.263057e+03 -6.324258e-02  5.713438e-02 -4.023875e-02 
 3.960000e+04  4.274631e+03 -6.332348e-02  5.720669e-02 -4.029436e-02 
 3.965000e+04  4.286205e+03 -6.340411e-02  5.727910e-02 -4.034995e-02 
 3.970000e+04  4.297779e+03 -6.348440e-02  5.735113e-02 -4.040556e-02 
 3.975000e+04  4.309353e+03 -6.356430e-02  5.742310e-02 -4.046118e-02 
 3.980000e+04  4.320927e+03 -6.364433e-02  5.749513e-02 -4.051664e-02 
 3.985000e+04  4.332501e+03 -6.372462e-02  5.756718e-02 -4.057217e-02 
 3.990000e+04  4.344075e+03 -6.380514e-02  5.763937e-02 -4.062769e-02 
 3.995000e+04  4.355650e+03 -6.388577e-02  5.771146e-02 -4.068316e-02 
 4.000000e+04  4.367224e+03 -6.396645e-02  5.778353e-02 -4.073854e-02 
 4.005000e+04  4.378798e+03 -6.404703e-02  5.785518e-02 -4.079383e-02 
 4.010000e+04  4.390372e+03 -6.412740e-02  5.792630e-02 -4.084902e-02 
 4.015000e+04  4.401946e+03 -6.420782e-02  5.799733e-02 -4.090419e-02 
 4.020000e+04  4.413520e+03 -6.428837e-02  5.806840e-02 -4.095950e-02 
 4.025000e+04  4.425094e+03 -6.436914e-02  5.813946e-02 -4.101485e-02 
 4.030000e+04  4.436668e+03 -6.444998e-02  5.821014e-02 -4.107012e-02 
 4.035000e+04  4.448242e+03 -6.453084e-02  5.828072e-02 -4.112512e-02 
 4.040000e+04  4.459816e+03 -6.461152e-02  5.835142e-02 -4.118011e-02 
 4.045000e+04  4.471390e+03 -6.469207e-02  5.842234e-02 -4.123511e-02 
 4.050000e+04  4.482964e+03 -6.477246e-02  5.849343e-02 -4.129003e-02 
 4.055000e+04  4.494538e+03 -6.485271e-02  5.856467e-02 -4.134496e-02 
 4.060000e+04  4.506112e+03 -6.493252e-02  5.863602e-02 -4.140003e-02 
 4.065000e+04  4.517687e+03 -6.501210e-02  5.870746e-02 -4.145509e-02 
 4.070000e+04  4.529261e+03 -6.509167e-02  5.877886e-02 -4.151009e-02 
 4.075000e+04  4.540835e+03 -6.517123e-02  5.885029e-02 -4.156497e-02 
 4.080000e+04  4.552409e+03 -6.525070e-02  5.892170e-02 -4.161981e-02 
 4.085000e+04  4.563983e+03 -6.533005e-02  5.899307e-02 -4.167459e-02 
 4.090000e+04  4.575557e+03 -6.540935e-02  5.906441e-02 -4.172932e-02 
 4.095000e+04  4.587131e+03 -6.548858e-02  5.913572e-02 -4.178398e-02 
 4.100000e+04  4.598705e+03 -6.556778e-02  5.920690e-02 -4.183860e-02 
 4.105000e+04  4.610279e+03 -6.564707e-02  5.927800e-02 -4.189329e-02 
 4.110000e+04  4.621853e+03 -6.572649e-02  5.934896e-02 -4.194802e-02 
 4.115000e+04  4.633427e+03 -6.580595e-02  5.941970e-02 -4.200263e-02 
 4.120000e+04  4.645001e+03 -6.588549e-02  5.949019e-02 -4.205715e-02 
 4.125000e+04  4.656575e+03 -6.596491e-02  5.956050e-02 -4.211159e-02 
 4.130000e+04  4.668150e+03 -6.604416e-02  5.963067e-02 -4.216602e-02 
 4.135000e+04  4.679724e+03 -6.612356e-02  5.970077e-02 -4.222049e-02 
 4.140000e+04  4.691298e+03 -6.620314e-02  5.977083e-02 -4.227488e-02 
 4.145000e+04  4.702872e+03 -6.628268e-02  5.984103e-02 -4.232931e-02 
 4.150000e+04  4.714446e+03 -6.636212e-02  5.991137e-02 -4.238369e-02 
 4.155000e+04  4.726020e+03 -6.644141e-02  5.998177e-02 -4.243805e-02 
 4.160000e+04  4.737594e+03 -6.652053e-02  6.005203e-02 -4.249228e-02 
 4.165000e+04  4.749168e+03 -6.659933e-02  6.012229e-02 -4.254645e-02 
 4.170000e+04  4.760742e+03 -6.667811e-02  6.019250e-02 -4.260066e-02 
 4.175000e+04  4.772316e+03 -6.675686e-02  6.026272e-02 -4.265493e-02 
 4.180000e+04  4.783890e+03 -6.683556e-02  6.033299e-02 -4.270925e-02 
 4.185000e+04  4.795464e+03 -6.691427e-02  6.040330e-02 -4.276357e-02 
 4.190000e+04  4.807038e+03 -6.699282e-02  6.047363e-02 -4.281775e-02 
 4.195000e+04  4.818612e+03 -6.707122e-02  6.054388e-02 -4.287185e-02 
 4.200000e+04  4.830187e+03 -6.714966e-02  6.061409e-02 -4.292595e-02 
 4.205000e+04  4.841761e+03 -6.722815e-02  6.068421e-02 -4.298000e-02 
 4.210000e+04  4.853335e+03 -6.730627e-02  6.075426e-02 -4.303404e-02 
 4.215000e+04  4.864909e+03 -6.738436e-02  6.082427e-02 -4.308812e-02 
 4.220000e+04  4.876483e+03 -6.746256e-02  6.089413e-02 -4.314218e-02 
 4.225000e+04  4.888057e+03 -6.754091e-02  6.096385e-02 -4.319600e-02 
 4.230000e+04  4.899631e+03 -6.761938e-02  6.103356e-02 -4.324976e-02 
 4.235000e+04  4.911205e+03 -6.769783e-02  6.110334e-02 -4.330356e-02 
 4.240000e+04  4.922779e+03 -6.777617e-02  6.117299e-02 -4.335731e-02 
 4.245000e+04  4.934353e+03 -6.785449e-02  6.124242e-02 -4.341104e-02 
 4.250000e+04  4.945927e+03 -6.793285e-02  6.131170e-02 -4.346488e-02 
 4.255000e+04  4.957501e+03 -6.801123e-02  6.138096e-02 -4.351873e-02 
 4.260000e+04  4.969075e+03 -6.808938e-02  6.145021e-02 -4.357255e-02 
 4.265000e+04  4.980650e+03 -6.816705e-02  6.151914e-02 -4.362634e-02 
 4.270000e+04  4.992224e+03 -6.824475e-02  6.158797e-02 -4.368001e-02 
 4.275000e+04  5.003798e+03 -6.832259e-02  6.165682e-02 -4.373347e-02 
 4.280000e+04  5.015372e+03 -6.840051e-02  6.172586e-02 -4.378683e-02 
 4.285000e+04  5.026946e+03 -6.847844e-02  6.179526e-02 -4.384027e-02 
 4.290000e+04  5.038520e+03 -6.855616e-02  6.186486e-02 -4.389376e-02 
 4.295000e+04  5.050094e+03 -6.863386e-02  6.193440e-02 -4.394727e-02 
 4.300000e+04  5.061668e+03 -6.871137e-02  6.200381e-02 -4.400082e-02 
 4.305000e+04  5.073242e+03 -6.878873e-02  6.207305e-02 -4.405428e-02 
 4.310000e+04  5.084816e+03 -6.886597e-02  6.214227e-02 -4.410773e-02 
 4.315000e+04  5.096390e+03 -6.894314e-02  6.221155e-02 -4.416119e-02 
 4.320000e+04  5.107964e+03 -6.901999e-02  6.228086e-02 -4.421451e-02 
 4.325000e+04  5.119538e+03 -6.909692e-02  6.235010e-02 -4.426764e-02 
 4.330000e+04  5.131112e+03 -6.917413e-02  6.241916e-02 -4.432078e-02 
 4.335000e+04  5.142687e+03 -6.925146e-02  6.248828e-02 -4.437385e-02 
 4.340000e+04  5.154261e+03 -6.932879e-02  6.255740e-02 -4.442690e-02 
 4.345000e+04  5.165835e+03 -6.940605e-02  6.262655e-02 -4.448004e-02 
 4.350000e+04  5.177409e+03 -6.948317e-02  6.269555e-02 -4.453329e-02 
 4.355000e+04  5.188983e+03 -6.956038e-02  6.276434e-02 -4.458654e-02 
 4.360000e+04  5.200557e+03 -6.963760e-02  6.283301e-02 -4.463977e-02 
 4.365000e+04  5.212131e+03 -6.971483e-02  6.290171e-02 -4.469291e-02 
 4.370000e+04  5.223705e+03 -6.979208e-02  6.297042e-02 -4.474599e-02 
 4.375000e+04  5.235279e+03 -6.986934e-02  6.303918e-02 -4.479899e-02 
 4.380000e+04  5.246853e+03 -6.994663e-02  6.310789e-02 -4.485198e-02 
 4.385000e+04  5.258427e+03 -7.002383e-02  6.317658e-02 -4.490496e-02 
 4.390000e+04  5.270001e+03 -7.010072e-02  6.324521e-02 -4.495786e-02 
 4.395000e+04  5.281575e+03 -7.017745e-02  6.331380e-02 -4.501071e-02 
