         Step [creep.tim... Z Displace... Z Displace... X Displace... 
------------- ------------- ------------- ------------- ------------- 
 5.250000e+03  1.276223e-07 -4.629353e-03  4.524540e-03 -2.433365e-03 
 5.300000e+03  3.886505e-06 -4.629542e-03  4.524628e-03 -2.433552e-03 
 5.350000e+03  3.065742e-05 -4.630369e-03  4.524760e-03 -2.434047e-03 
 5.400000e+03  1.973496e-04 -4.630698e-03  4.524911e-03 -2.434105e-03 
 5.450000e+03  8.081096e-04 -4.631595e-03  4.526142e-03 -2.435068e-03 
 5.500000e+03  1.561957e-03 -4.634745e-03  4.529091e-03 -2.437262e-03 
 5.550000e+03  2.410315e-03 -4.640049e-03  4.534403e-03 -2.440906e-03 
 5.600000e+03  3.555155e-03 -4.647999e-03  4.543252e-03 -2.446009e-03 
 5.650000e+03  5.171641e-03 -4.658464e-03  4.555695e-03 -2.452208e-03 
 5.700000e+03  6.966080e-03 -4.668176e-03  4.567008e-03 -2.457189e-03 
 5.750000e+03  8.871014e-03 -4.676590e-03  4.575481e-03 -2.460930e-03 
 5.800000e+03  1.077595e-02 -4.684402e-03  4.583039e-03 -2.465080e-03 
 5.850000e+03  1.268088e-02 -4.693080e-03  4.591933e-03 -2.470733e-03 
 5.900000e+03  1.458582e-02 -4.702812e-03  4.602679e-03 -2.477944e-03 
 5.950000e+03  1.657715e-02 -4.713563e-03  4.615051e-03 -2.486429e-03 
 6.000000e+03  1.918744e-02 -4.727304e-03  4.630382e-03 -2.496526e-03 
 6.050000e+03  2.186787e-02 -4.740479e-03  4.643700e-03 -2.504168e-03 
 6.100000e+03  2.467429e-02 -4.753021e-03  4.655589e-03 -2.509673e-03 
 6.150000e+03  2.748874e-02 -4.765448e-03  4.667418e-03 -2.514822e-03 
 6.200000e+03  3.030320e-02 -4.778317e-03  4.680618e-03 -2.521492e-03 
 6.250000e+03  3.311765e-02 -4.792100e-03  4.695423e-03 -2.530244e-03 
 6.300000e+03  3.599616e-02 -4.806562e-03  4.711062e-03 -2.540858e-03 
 6.350000e+03  3.966908e-02 -4.823716e-03  4.728825e-03 -2.554155e-03 
 6.400000e+03  4.352370e-02 -4.839273e-03  4.744490e-03 -2.565429e-03 
 6.450000e+03  4.748392e-02 -4.853979e-03  4.759592e-03 -2.574406e-03 
 6.500000e+03  5.144414e-02 -4.869142e-03  4.775281e-03 -2.582456e-03 
 6.550000e+03  5.540436e-02 -4.885635e-03  4.792435e-03 -2.591240e-03 
 6.600000e+03  5.936458e-02 -4.903606e-03  4.811492e-03 -2.601547e-03 
 6.650000e+03  6.339312e-02 -4.922486e-03  4.832036e-03 -2.613383e-03 
 6.700000e+03  6.813344e-02 -4.942719e-03  4.853939e-03 -2.627338e-03 
 6.750000e+03  7.324004e-02 -4.961190e-03  4.873221e-03 -2.640743e-03 
 6.800000e+03  7.881246e-02 -4.980003e-03  4.892452e-03 -2.653864e-03 
 6.850000e+03  8.438489e-02 -4.999083e-03  4.911916e-03 -2.666270e-03 
 6.900000e+03  8.995732e-02 -5.019176e-03  4.932767e-03 -2.679007e-03 
 6.950000e+03  9.552975e-02 -5.040764e-03  4.955469e-03 -2.692494e-03 
 7.000000e+03  1.013198e-01 -5.064774e-03  4.980740e-03 -2.707093e-03 
 7.050000e+03  1.077706e-01 -5.090602e-03  5.007264e-03 -2.722295e-03 
 7.100000e+03  1.143117e-01 -5.113616e-03  5.030253e-03 -2.736038e-03 
 7.150000e+03  1.214102e-01 -5.136697e-03  5.053445e-03 -2.750721e-03 
 7.200000e+03  1.285221e-01 -5.159207e-03  5.076563e-03 -2.765901e-03 
 7.250000e+03  1.356341e-01 -5.181889e-03  5.100271e-03 -2.781679e-03 
 7.300000e+03  1.427675e-01 -5.205576e-03  5.124862e-03 -2.798205e-03 
 7.350000e+03  1.512154e-01 -5.235210e-03  5.154924e-03 -2.817790e-03 
 7.400000e+03  1.602923e-01 -5.266150e-03  5.185515e-03 -2.836660e-03 
 7.450000e+03  1.694509e-01 -5.294720e-03  5.213961e-03 -2.853152e-03 
 7.500000e+03  1.789817e-01 -5.323449e-03  5.242998e-03 -2.870140e-03 
 7.550000e+03  1.885124e-01 -5.351840e-03  5.272161e-03 -2.887811e-03 
 7.600000e+03  1.980431e-01 -5.379813e-03  5.301317e-03 -2.906448e-03 
 7.650000e+03  2.077583e-01 -5.408255e-03  5.331002e-03 -2.926400e-03 
 7.700000e+03  2.191565e-01 -5.441439e-03  5.365120e-03 -2.949969e-03 
 7.750000e+03  2.307412e-01 -5.473404e-03  5.397271e-03 -2.971673e-03 
 7.800000e+03  2.423258e-01 -5.504108e-03  5.427957e-03 -2.990948e-03 
 7.850000e+03  2.539105e-01 -5.535077e-03  5.458861e-03 -3.009688e-03 
 7.900000e+03  2.654952e-01 -5.566494e-03  5.490334e-03 -3.028681e-03 
 7.950000e+03  2.770799e-01 -5.597592e-03  5.521985e-03 -3.048197e-03 
 8.000000e+03  2.888151e-01 -5.628658e-03  5.553930e-03 -3.068479e-03 
 8.050000e+03  3.020343e-01 -5.662250e-03  5.588071e-03 -3.091453e-03 
 8.100000e+03  3.154450e-01 -5.693940e-03  5.620080e-03 -3.113486e-03 
 8.150000e+03  3.294190e-01 -5.726014e-03  5.652279e-03 -3.135222e-03 
 8.200000e+03  3.435002e-01 -5.758771e-03  5.685127e-03 -3.156503e-03 
 8.250000e+03  3.575815e-01 -5.792232e-03  5.718607e-03 -3.177592e-03 
 8.300000e+03  3.716627e-01 -5.826031e-03  5.752268e-03 -3.198482e-03 
 8.350000e+03  3.867367e-01 -5.861951e-03  5.787909e-03 -3.220625e-03 
 8.400000e+03  4.028822e-01 -5.898399e-03  5.824136e-03 -3.243750e-03 
 8.450000e+03  4.191830e-01 -5.932595e-03  5.858852e-03 -3.266519e-03 
 8.500000e+03  4.354838e-01 -5.965767e-03  5.892631e-03 -3.289126e-03 
 8.550000e+03  4.517847e-01 -5.998959e-03  5.926307e-03 -3.311731e-03 
 8.600000e+03  4.681344e-01 -6.032489e-03  5.960292e-03 -3.334271e-03 
 8.650000e+03  4.856096e-01 -6.068659e-03  5.996770e-03 -3.357746e-03 
 8.700000e+03  5.040126e-01 -6.106430e-03  6.034310e-03 -3.381371e-03 
 8.750000e+03  5.228828e-01 -6.143929e-03  6.071167e-03 -3.404466e-03 
 8.800000e+03  5.417530e-01 -6.180142e-03  6.106907e-03 -3.427196e-03 
 8.850000e+03  5.606233e-01 -6.215483e-03  6.142165e-03 -3.450084e-03 
 8.900000e+03  5.794935e-01 -6.250149e-03  6.177022e-03 -3.473174e-03 
 8.950000e+03  5.988590e-01 -6.285159e-03  6.212421e-03 -3.497072e-03 
 9.000000e+03  6.196635e-01 -6.322455e-03  6.250033e-03 -3.522438e-03 
 9.050000e+03  6.414665e-01 -6.360781e-03  6.288411e-03 -3.547630e-03 
 9.100000e+03  6.633111e-01 -6.398652e-03  6.326098e-03 -3.571447e-03 
 9.150000e+03  6.851558e-01 -6.436324e-03  6.363321e-03 -3.594740e-03 
 9.200000e+03  7.070004e-01 -6.473799e-03  6.400093e-03 -3.617995e-03 
 9.250000e+03  7.288450e-01 -6.510439e-03  6.436219e-03 -3.641369e-03 
 9.300000e+03  7.508644e-01 -6.546384e-03  6.471817e-03 -3.665157e-03 
 9.350000e+03  7.739848e-01 -6.582900e-03  6.508428e-03 -3.690058e-03 
 9.400000e+03  7.980685e-01 -6.619848e-03  6.545713e-03 -3.715233e-03 
 9.450000e+03  8.221522e-01 -6.656542e-03  6.582557e-03 -3.739334e-03 
 9.500000e+03  8.470066e-01 -6.694758e-03  6.620548e-03 -3.763509e-03 
 9.550000e+03  8.722945e-01 -6.733657e-03  6.659039e-03 -3.787700e-03 
 9.600000e+03  8.975824e-01 -6.771891e-03  6.696935e-03 -3.811607e-03 
 9.650000e+03  9.232244e-01 -6.809724e-03  6.734315e-03 -3.835781e-03 
 9.700000e+03  9.497766e-01 -6.847951e-03  6.771893e-03 -3.860707e-03 
 9.750000e+03  9.763289e-01 -6.884948e-03  6.808513e-03 -3.885320e-03 
 9.800000e+03  1.002881e+00 -6.921199e-03  6.844674e-03 -3.909648e-03 
 9.850000e+03  1.029673e+00 -6.957661e-03  6.881136e-03 -3.933740e-03 
 9.900000e+03  1.057552e+00 -6.995550e-03  6.919150e-03 -3.958291e-03 
 9.950000e+03  1.085432e+00 -7.033246e-03  6.956894e-03 -3.982165e-03 
 1.000000e+04  1.114953e+00 -7.072740e-03  6.996006e-03 -4.006791e-03 
 1.005000e+04  1.145691e+00 -7.113265e-03  7.035775e-03 -4.032127e-03 
 1.010000e+04  1.176428e+00 -7.152845e-03  7.074482e-03 -4.057406e-03 
 1.015000e+04  1.207166e+00 -7.191331e-03  7.112268e-03 -4.082674e-03 
 1.020000e+04  1.238026e+00 -7.229243e-03  7.149657e-03 -4.107991e-03 
 1.025000e+04  1.270301e+00 -7.268561e-03  7.188584e-03 -4.134168e-03 
 1.030000e+04  1.302575e+00 -7.307569e-03  7.227373e-03 -4.159585e-03 
 1.035000e+04  1.335495e+00 -7.347035e-03  7.266621e-03 -4.184506e-03 
 1.040000e+04  1.371010e+00 -7.389335e-03  7.308589e-03 -4.210798e-03 
 1.045000e+04  1.406593e+00 -7.431230e-03  7.349900e-03 -4.236930e-03 
 1.050000e+04  1.442175e+00 -7.472192e-03  7.390086e-03 -4.263067e-03 
 1.055000e+04  1.477758e+00 -7.512132e-03  7.429354e-03 -4.289210e-03 
 1.060000e+04  1.514764e+00 -7.553022e-03  7.469539e-03 -4.316285e-03 
 1.065000e+04  1.552126e+00 -7.593750e-03  7.509522e-03 -4.343129e-03 
 1.070000e+04  1.589487e+00 -7.633936e-03  7.549085e-03 -4.369211e-03 
 1.075000e+04  1.626886e+00 -7.673950e-03  7.588694e-03 -4.394645e-03 
 1.080000e+04  1.666116e+00 -7.715689e-03  7.630240e-03 -4.420876e-03 
 1.085000e+04  1.705346e+00 -7.756813e-03  7.671272e-03 -4.446793e-03 
 1.090000e+04  1.744890e+00 -7.797563e-03  7.711683e-03 -4.472696e-03 
 1.095000e+04  1.786081e+00 -7.839500e-03  7.752754e-03 -4.499582e-03 
 1.100000e+04  1.827272e+00 -7.880685e-03  7.792852e-03 -4.526347e-03 
 1.105000e+04  1.868464e+00 -7.920901e-03  7.832211e-03 -4.552804e-03 
 1.110000e+04  1.910644e+00 -7.961687e-03  7.872237e-03 -4.579439e-03 
 1.115000e+04  1.953895e+00 -8.003425e-03  7.913214e-03 -4.606227e-03 
 1.120000e+04  1.997145e+00 -8.044913e-03  7.954066e-03 -4.632390e-03 
 1.125000e+04  2.040613e+00 -8.086116e-03  7.994735e-03 -4.658109e-03 
 1.130000e+04  2.087298e+00 -8.129789e-03  8.037847e-03 -4.685446e-03 
 1.135000e+04  2.134982e+00 -8.173558e-03  8.081052e-03 -4.713342e-03 
 1.140000e+04  2.182666e+00 -8.216330e-03  8.123080e-03 -4.741146e-03 
 1.145000e+04  2.230350e+00 -8.258489e-03  8.164281e-03 -4.768758e-03 
 1.150000e+04  2.280418e+00 -8.302476e-03  8.207160e-03 -4.797354e-03 
 1.155000e+04  2.330487e+00 -8.346096e-03  8.249749e-03 -4.825324e-03 
 1.160000e+04  2.380555e+00 -8.389244e-03  8.291979e-03 -4.852594e-03 
 1.165000e+04  2.430623e+00 -8.431982e-03  8.333929e-03 -4.879364e-03 
 1.170000e+04  2.480691e+00 -8.474148e-03  8.375612e-03 -4.905948e-03 
 1.175000e+04  2.530760e+00 -8.515609e-03  8.416716e-03 -4.932340e-03 
 1.180000e+04  2.582535e+00 -8.557799e-03  8.458383e-03 -4.959441e-03 
 1.185000e+04  2.637736e+00 -8.602337e-03  8.502025e-03 -4.988149e-03 
 1.190000e+04  2.692936e+00 -8.646362e-03  8.544904e-03 -5.016604e-03 
 1.195000e+04  2.748136e+00 -8.689758e-03  8.587117e-03 -5.044566e-03 
 1.200000e+04  2.804661e+00 -8.733770e-03  8.630007e-03 -5.072641e-03 
 1.205000e+04  2.862622e+00 -8.778737e-03  8.673845e-03 -5.100926e-03 
 1.210000e+04  2.920582e+00 -8.823269e-03  8.717317e-03 -5.128746e-03 
 1.215000e+04  2.978542e+00 -8.867048e-03  8.760268e-03 -5.156271e-03 
 1.220000e+04  3.039053e+00 -8.911968e-03  8.804531e-03 -5.184884e-03 
 1.225000e+04  3.099911e+00 -8.956428e-03  8.848356e-03 -5.213585e-03 
 1.230000e+04  3.160770e+00 -9.000164e-03  8.891322e-03 -5.241978e-03 
 1.235000e+04  3.223636e+00 -9.044986e-03  8.935082e-03 -5.270814e-03 
 1.240000e+04  3.287538e+00 -9.090489e-03  8.979243e-03 -5.299657e-03 
 1.245000e+04  3.351439e+00 -9.135710e-03  9.022975e-03 -5.327988e-03 
 1.250000e+04  3.415340e+00 -9.180228e-03  9.066120e-03 -5.355829e-03 
 1.255000e+04  3.480456e+00 -9.224991e-03  9.109725e-03 -5.383951e-03 
 1.260000e+04  3.547552e+00 -9.270486e-03  9.154280e-03 -5.412820e-03 
 1.265000e+04  3.614648e+00 -9.315166e-03  9.198208e-03 -5.441469e-03 
 1.270000e+04  3.684603e+00 -9.361114e-03  9.243309e-03 -5.470977e-03 
 1.275000e+04  3.758577e+00 -9.409450e-03  9.290512e-03 -5.501806e-03 
 1.280000e+04  3.832550e+00 -9.457339e-03  9.337094e-03 -5.532200e-03 
 1.285000e+04  3.906524e+00 -9.504590e-03  9.382910e-03 -5.562036e-03 
 1.290000e+04  3.980646e+00 -9.551499e-03  9.428308e-03 -5.591511e-03 
 1.295000e+04  4.058318e+00 -9.600255e-03  9.475600e-03 -5.622054e-03 
 1.300000e+04  4.135990e+00 -9.648288e-03  9.522290e-03 -5.652272e-03 
 1.305000e+04  4.213663e+00 -9.695468e-03  9.568333e-03 -5.682196e-03 
 1.310000e+04  4.294597e+00 -9.743962e-03  9.615830e-03 -5.713208e-03 
 1.315000e+04  4.376153e+00 -9.792224e-03  9.663227e-03 -5.744122e-03 
 1.320000e+04  4.457709e+00 -9.839884e-03  9.709953e-03 -5.774537e-03 
 1.325000e+04  4.544477e+00 -9.890311e-03  9.759025e-03 -5.806307e-03 
 1.330000e+04  4.634392e+00 -9.942351e-03  9.809346e-03 -5.838816e-03 
 1.335000e+04  4.724308e+00 -9.993816e-03  9.858926e-03 -5.870871e-03 
 1.340000e+04  4.814223e+00 -1.004432e-02  9.907656e-03 -5.902568e-03 
 1.345000e+04  4.904139e+00 -1.009411e-02  9.955836e-03 -5.934052e-03 
 1.350000e+04  4.994054e+00 -1.014324e-02  1.000360e-02 -5.965339e-03 
 1.355000e+04  5.083970e+00 -1.019171e-02  1.005085e-02 -5.996174e-03 
 1.360000e+04  5.181240e+00 -1.024360e-02  1.010142e-02 -6.028958e-03 
 1.365000e+04  5.285328e+00 -1.029882e-02  1.015518e-02 -6.063594e-03 
 1.370000e+04  5.389417e+00 -1.035340e-02  1.020813e-02 -6.097755e-03 
 1.375000e+04  5.493505e+00 -1.040708e-02  1.026014e-02 -6.131415e-03 
 1.380000e+04  5.597594e+00 -1.046019e-02  1.031143e-02 -6.164708e-03 
 1.385000e+04  5.701682e+00 -1.051276e-02  1.036213e-02 -6.197677e-03 
 1.390000e+04  5.805770e+00 -1.056445e-02  1.041217e-02 -6.230318e-03 
 1.395000e+04  5.912149e+00 -1.061654e-02  1.046270e-02 -6.263276e-03 
 1.400000e+04  6.026141e+00 -1.067174e-02  1.051648e-02 -6.298195e-03 
 1.405000e+04  6.140899e+00 -1.072680e-02  1.057016e-02 -6.332844e-03 
 1.410000e+04  6.255656e+00 -1.078115e-02  1.062303e-02 -6.366871e-03 
 1.415000e+04  6.376456e+00 -1.083791e-02  1.067797e-02 -6.402125e-03 
 1.420000e+04  6.502976e+00 -1.089681e-02  1.073474e-02 -6.438736e-03 
 1.425000e+04  6.629496e+00 -1.095479e-02  1.079048e-02 -6.474995e-03 
 1.430000e+04  6.756016e+00 -1.101174e-02  1.084522e-02 -6.510788e-03 
 1.435000e+04  6.882536e+00 -1.106801e-02  1.089947e-02 -6.546245e-03 
 1.440000e+04  7.009056e+00 -1.112377e-02  1.095325e-02 -6.581237e-03 
 1.445000e+04  7.135576e+00 -1.117880e-02  1.100642e-02 -6.615590e-03 
 1.450000e+04  7.272288e+00 -1.123768e-02  1.106335e-02 -6.652137e-03 
 1.455000e+04  7.411776e+00 -1.129719e-02  1.112085e-02 -6.689071e-03 
 1.460000e+04  7.551265e+00 -1.135585e-02  1.117742e-02 -6.725553e-03 
 1.465000e+04  7.693264e+00 -1.141463e-02  1.123387e-02 -6.762211e-03 
 1.470000e+04  7.842363e+00 -1.147573e-02  1.129242e-02 -6.800270e-03 
 1.475000e+04  7.996149e+00 -1.153798e-02  1.135214e-02 -6.839085e-03 
 1.480000e+04  8.149935e+00 -1.159920e-02  1.141104e-02 -6.877287e-03 
 1.485000e+04  8.304336e+00 -1.165985e-02  1.146957e-02 -6.915098e-03 
 1.490000e+04  8.465812e+00 -1.172258e-02  1.153027e-02 -6.954126e-03 
 1.495000e+04  8.627287e+00 -1.178441e-02  1.159028e-02 -6.992565e-03 
 1.500000e+04  8.789408e+00 -1.184564e-02  1.164960e-02 -7.030543e-03 
 1.505000e+04  8.962687e+00 -1.191046e-02  1.171220e-02 -7.070683e-03 
 1.510000e+04  9.140714e+00 -1.197622e-02  1.177549e-02 -7.111543e-03 
 1.515000e+04  9.318740e+00 -1.204087e-02  1.183762e-02 -7.151862e-03 
 1.520000e+04  9.496767e+00 -1.210466e-02  1.189888e-02 -7.191549e-03 
 1.525000e+04  9.679422e+00 -1.216953e-02  1.196107e-02 -7.231681e-03 
 1.530000e+04  9.866350e+00 -1.223517e-02  1.202400e-02 -7.272128e-03 
 1.535000e+04  1.005328e+01 -1.229984e-02  1.208611e-02 -7.311892e-03 
 1.540000e+04  1.024544e+01 -1.236548e-02  1.214915e-02 -7.352297e-03 
 1.545000e+04  1.044171e+01 -1.243170e-02  1.221273e-02 -7.393171e-03 
 1.550000e+04  1.063799e+01 -1.249690e-02  1.227517e-02 -7.433506e-03 
 1.555000e+04  1.083780e+01 -1.256247e-02  1.233776e-02 -7.473916e-03 
 1.560000e+04  1.104388e+01 -1.262947e-02  1.240153e-02 -7.515023e-03 
 1.565000e+04  1.124997e+01 -1.269563e-02  1.246452e-02 -7.555617e-03 
 1.570000e+04  1.145606e+01 -1.276074e-02  1.252654e-02 -7.595566e-03 
 1.575000e+04  1.166957e+01 -1.282734e-02  1.259007e-02 -7.636359e-03 
 1.580000e+04  1.188596e+01 -1.289401e-02  1.265386e-02 -7.677221e-03 
 1.585000e+04  1.210235e+01 -1.295967e-02  1.271688e-02 -7.717556e-03 
 1.590000e+04  1.233049e+01 -1.302787e-02  1.278231e-02 -7.759439e-03 
 1.595000e+04  1.257479e+01 -1.310010e-02  1.285148e-02 -7.803788e-03 
 1.600000e+04  1.282529e+01 -1.317315e-02  1.292140e-02 -7.848630e-03 
 1.605000e+04  1.307579e+01 -1.324504e-02  1.299012e-02 -7.892653e-03 
 1.610000e+04  1.332630e+01 -1.331606e-02  1.305785e-02 -7.935956e-03 
 1.615000e+04  1.357680e+01 -1.338632e-02  1.312476e-02 -7.978709e-03 
 1.620000e+04  1.382730e+01 -1.345548e-02  1.319072e-02 -8.020878e-03 
 1.625000e+04  1.408256e+01 -1.352485e-02  1.325692e-02 -8.063239e-03 
 1.630000e+04  1.435663e+01 -1.359853e-02  1.332722e-02 -8.108199e-03 
 1.635000e+04  1.463281e+01 -1.367187e-02  1.339711e-02 -8.152916e-03 
 1.640000e+04  1.490899e+01 -1.374406e-02  1.346579e-02 -8.196792e-03 
 1.645000e+04  1.520348e+01 -1.382016e-02  1.353795e-02 -8.242749e-03 
 1.650000e+04  1.550796e+01 -1.389795e-02  1.361159e-02 -8.289666e-03 
 1.655000e+04  1.581245e+01 -1.397442e-02  1.368397e-02 -8.335964e-03 
 1.660000e+04  1.611724e+01 -1.404971e-02  1.375522e-02 -8.381584e-03 
 1.665000e+04  1.643695e+01 -1.412770e-02  1.382898e-02 -8.428748e-03 
 1.670000e+04  1.675666e+01 -1.420456e-02  1.390184e-02 -8.475217e-03 
 1.675000e+04  1.707637e+01 -1.428019e-02  1.397361e-02 -8.520800e-03 
 1.680000e+04  1.741393e+01 -1.435900e-02  1.404825e-02 -8.568160e-03 
 1.685000e+04  1.776641e+01 -1.444023e-02  1.412527e-02 -8.617043e-03 
 1.690000e+04  1.811889e+01 -1.452008e-02  1.420095e-02 -8.665187e-03 
 1.695000e+04  1.847772e+01 -1.460006e-02  1.427664e-02 -8.713293e-03 
 1.700000e+04  1.886374e+01 -1.468508e-02  1.435683e-02 -8.764257e-03 
 1.705000e+04  1.925235e+01 -1.476935e-02  1.443634e-02 -8.814764e-03 
 1.710000e+04  1.964096e+01 -1.485203e-02  1.451449e-02 -8.864359e-03 
 1.715000e+04  2.004892e+01 -1.493751e-02  1.459532e-02 -8.915554e-03 
 1.720000e+04  2.047736e+01 -1.502617e-02  1.467908e-02 -8.968544e-03 
 1.725000e+04  2.090580e+01 -1.511330e-02  1.476135e-02 -9.020589e-03 
 1.730000e+04  2.134067e+01 -1.520026e-02  1.484325e-02 -9.072329e-03 
 1.735000e+04  2.180988e+01 -1.529285e-02  1.493022e-02 -9.127302e-03 
 1.740000e+04  2.228224e+01 -1.538458e-02  1.501619e-02 -9.181809e-03 
 1.745000e+04  2.275460e+01 -1.547451e-02  1.510046e-02 -9.235256e-03 
 1.750000e+04  2.324360e+01 -1.556621e-02  1.518619e-02 -9.289556e-03 
 1.755000e+04  2.376438e+01 -1.566248e-02  1.527618e-02 -9.346447e-03 
 1.760000e+04  2.428515e+01 -1.575689e-02  1.536461e-02 -9.402237e-03 
 1.765000e+04  2.481376e+01 -1.585100e-02  1.545261e-02 -9.457686e-03 
 1.770000e+04  2.538792e+01 -1.595165e-02  1.554667e-02 -9.516954e-03 
 1.775000e+04  2.596207e+01 -1.605044e-02  1.563893e-02 -9.575178e-03 
 1.780000e+04  2.653622e+01 -1.614728e-02  1.572924e-02 -9.632164e-03 
 1.785000e+04  2.714181e+01 -1.624770e-02  1.582273e-02 -9.691071e-03 
 1.790000e+04  2.777482e+01 -1.635102e-02  1.591880e-02 -9.751624e-03 
 1.795000e+04  2.840782e+01 -1.645220e-02  1.601295e-02 -9.810927e-03 
 1.800000e+04  2.904272e+01 -1.655167e-02  1.610553e-02 -9.869053e-03 
 1.805000e+04  2.970738e+01 -1.665414e-02  1.620075e-02 -9.928838e-03 
 1.810000e+04  3.037203e+01 -1.675469e-02  1.629418e-02 -9.987552e-03 
 1.815000e+04  3.103668e+01 -1.685321e-02  1.638575e-02 -1.004499e-02 
 1.820000e+04  3.176929e+01 -1.696007e-02  1.648466e-02 -1.010708e-02 
 1.825000e+04  3.253871e+01 -1.707052e-02  1.658666e-02 -1.017121e-02 
 1.830000e+04  3.330813e+01 -1.717861e-02  1.668636e-02 -1.023389e-02 
 1.835000e+04  3.407755e+01 -1.728459e-02  1.678375e-02 -1.029501e-02 
 1.840000e+04  3.488390e+01 -1.739364e-02  1.688379e-02 -1.035780e-02 
 1.845000e+04  3.569180e+01 -1.750074e-02  1.698200e-02 -1.041956e-02 
 1.850000e+04  3.650373e+01 -1.760610e-02  1.707866e-02 -1.048029e-02 
 1.855000e+04  3.738764e+01 -1.771873e-02  1.718190e-02 -1.054511e-02 
 1.860000e+04  3.827834e+01 -1.783020e-02  1.728388e-02 -1.060916e-02 
 1.865000e+04  3.916904e+01 -1.793925e-02  1.738356e-02 -1.067165e-02 
 1.870000e+04  4.009497e+01 -1.805030e-02  1.748485e-02 -1.073503e-02 
 1.875000e+04  4.107697e+01 -1.816596e-02  1.759013e-02 -1.080102e-02 
 1.880000e+04  4.205896e+01 -1.827905e-02  1.769313e-02 -1.086573e-02 
 1.885000e+04  4.304096e+01 -1.838953e-02  1.779372e-02 -1.092888e-02 
 1.890000e+04  4.410225e+01 -1.850662e-02  1.790026e-02 -1.099565e-02 
 1.895000e+04  4.518490e+01 -1.862369e-02  1.800686e-02 -1.106237e-02 
 1.900000e+04  4.626756e+01 -1.873809e-02  1.811100e-02 -1.112745e-02 
 1.905000e+04  4.740867e+01 -1.885624e-02  1.821815e-02 -1.119437e-02 
 1.910000e+04  4.860229e+01 -1.897752e-02  1.832781e-02 -1.126302e-02 
 1.915000e+04  4.979592e+01 -1.909602e-02  1.843480e-02 -1.133014e-02 
 1.920000e+04  5.098954e+01 -1.921185e-02  1.853907e-02 -1.139554e-02 
 1.925000e+04  5.226559e+01 -1.933317e-02  1.864805e-02 -1.146391e-02 
 1.930000e+04  5.358156e+01 -1.945573e-02  1.875810e-02 -1.153297e-02 
 1.935000e+04  5.489753e+01 -1.957547e-02  1.886550e-02 -1.160029e-02 
 1.940000e+04  5.626962e+01 -1.969762e-02  1.897481e-02 -1.166873e-02 
 1.945000e+04  5.772048e+01 -1.982423e-02  1.908787e-02 -1.173965e-02 
 1.950000e+04  5.917134e+01 -1.994781e-02  1.919812e-02 -1.180888e-02 
 1.955000e+04  6.065462e+01 -2.007114e-02  1.930786e-02 -1.187774e-02 
 1.960000e+04  6.225419e+01 -2.020145e-02  1.942349e-02 -1.195041e-02 
 1.965000e+04  6.385376e+01 -2.032870e-02  1.953636e-02 -1.202143e-02 
 1.970000e+04  6.545333e+01 -2.045273e-02  1.964629e-02 -1.209048e-02 
 1.975000e+04  6.717534e+01 -2.058319e-02  1.976182e-02 -1.216297e-02 
 1.980000e+04  6.893887e+01 -2.071382e-02  1.987750e-02 -1.223564e-02 
 1.985000e+04  7.070240e+01 -2.084115e-02  1.999028e-02 -1.230642e-02 
 1.990000e+04  7.257179e+01 -2.097288e-02  2.010662e-02 -1.237941e-02 
 1.995000e+04  7.461329e+01 -2.111366e-02  2.023075e-02 -1.245740e-02 
 2.000000e+04  7.665479e+01 -2.125087e-02  2.035157e-02 -1.253345e-02 
 2.005000e+04  7.869629e+01 -2.138438e-02  2.046881e-02 -1.260721e-02 
 2.010000e+04  8.080108e+01 -2.151860e-02  2.058629e-02 -1.268116e-02 
 2.015000e+04  8.303255e+01 -2.165756e-02  2.070776e-02 -1.275774e-02 
 2.020000e+04  8.528330e+01 -2.179423e-02  2.082717e-02 -1.283297e-02 
 2.025000e+04  8.760946e+01 -2.193193e-02  2.094720e-02 -1.290861e-02 
 2.030000e+04  9.009091e+01 -2.207544e-02  2.107208e-02 -1.298745e-02 
 2.035000e+04  9.257237e+01 -2.221517e-02  2.119351e-02 -1.306416e-02 
 2.040000e+04  9.507368e+01 -2.235216e-02  2.131223e-02 -1.313910e-02 
 2.045000e+04  9.788075e+01 -2.250220e-02  2.144193e-02 -1.322104e-02 
 2.050000e+04  1.007533e+02 -2.265191e-02  2.157122e-02 -1.330296e-02 
 2.055000e+04  1.036259e+02 -2.279732e-02  2.169659e-02 -1.338250e-02 
 2.060000e+04  1.065359e+02 -2.294048e-02  2.181977e-02 -1.346060e-02 
 2.065000e+04  1.095521e+02 -2.308495e-02  2.194404e-02 -1.353941e-02 
 2.070000e+04  1.125683e+02 -2.322546e-02  2.206491e-02 -1.361604e-02 
 2.075000e+04  1.158470e+02 -2.337427e-02  2.219275e-02 -1.369703e-02 
 2.080000e+04  1.193387e+02 -2.352898e-02  2.232550e-02 -1.378130e-02 
 2.085000e+04  1.228303e+02 -2.367938e-02  2.245438e-02 -1.386335e-02 
 2.090000e+04  1.263220e+02 -2.382519e-02  2.257916e-02 -1.394274e-02 
 2.095000e+04  1.299521e+02 -2.397241e-02  2.270498e-02 -1.402274e-02 
 2.100000e+04  1.338016e+02 -2.412453e-02  2.283488e-02 -1.410545e-02 
 2.105000e+04  1.376512e+02 -2.427258e-02  2.296105e-02 -1.418596e-02 
 2.110000e+04  1.416355e+02 -2.442170e-02  2.308788e-02 -1.426701e-02 
 2.115000e+04  1.458796e+02 -2.457658e-02  2.321939e-02 -1.435115e-02 
 2.120000e+04  1.501238e+02 -2.472716e-02  2.334705e-02 -1.443291e-02 
 2.125000e+04  1.543806e+02 -2.487382e-02  2.347117e-02 -1.451241e-02 
 2.130000e+04  1.590331e+02 -2.502995e-02  2.360296e-02 -1.459700e-02 
 2.135000e+04  1.637122e+02 -2.518336e-02  2.373168e-02 -1.468006e-02 
 2.140000e+04  1.685481e+02 -2.533849e-02  2.386065e-02 -1.476378e-02 
 2.145000e+04  1.737069e+02 -2.550085e-02  2.399475e-02 -1.485098e-02 
 2.150000e+04  1.788657e+02 -2.565972e-02  2.412528e-02 -1.493624e-02 
 2.155000e+04  1.840244e+02 -2.581469e-02  2.425223e-02 -1.501963e-02 
 2.160000e+04  1.894205e+02 -2.597289e-02  2.438165e-02 -1.510495e-02 
 2.165000e+04  1.950864e+02 -2.613504e-02  2.451430e-02 -1.519263e-02 
 2.170000e+04  2.007739e+02 -2.629362e-02  2.464398e-02 -1.527882e-02 
 2.175000e+04  2.066207e+02 -2.645245e-02  2.477359e-02 -1.536534e-02 
 2.180000e+04  2.130627e+02 -2.662343e-02  2.491286e-02 -1.545838e-02 
 2.185000e+04  2.196467e+02 -2.679399e-02  2.505172e-02 -1.555127e-02 
 2.190000e+04  2.262307e+02 -2.695989e-02  2.518689e-02 -1.564196e-02 
 2.195000e+04  2.328148e+02 -2.712142e-02  2.531878e-02 -1.573052e-02 
 2.200000e+04  2.394186e+02 -2.727936e-02  2.544798e-02 -1.581724e-02 
 2.205000e+04  2.463318e+02 -2.744091e-02  2.558009e-02 -1.590594e-02 
 2.210000e+04  2.533280e+02 -2.760088e-02  2.571064e-02 -1.599368e-02 
 2.215000e+04  2.605870e+02 -2.776329e-02  2.584314e-02 -1.608276e-02 
 2.220000e+04  2.678459e+02 -2.792167e-02  2.597243e-02 -1.616981e-02 
 2.225000e+04  2.751048e+02 -2.807573e-02  2.609838e-02 -1.625463e-02 
 2.230000e+04  2.823855e+02 -2.822644e-02  2.622172e-02 -1.633747e-02 
 2.235000e+04  2.902741e+02 -2.838625e-02  2.635274e-02 -1.642517e-02 
 2.240000e+04  2.982770e+02 -2.854542e-02  2.648340e-02 -1.651236e-02 
 2.245000e+04  3.062880e+02 -2.870183e-02  2.661238e-02 -1.659787e-02 
 2.250000e+04  3.146911e+02 -2.886262e-02  2.674653e-02 -1.668591e-02 
 2.255000e+04  3.230942e+02 -2.901996e-02  2.687908e-02 -1.677238e-02 
 2.260000e+04  3.314973e+02 -2.917393e-02  2.700890e-02 -1.685697e-02 
 2.265000e+04  3.399004e+02 -2.932468e-02  2.713537e-02 -1.693966e-02 
 2.270000e+04  3.483035e+02 -2.947229e-02  2.725882e-02 -1.702061e-02 
 2.275000e+04  3.568326e+02 -2.961933e-02  2.738176e-02 -1.710107e-02 
 2.280000e+04  3.659206e+02 -2.977377e-02  2.751124e-02 -1.718535e-02 
 2.285000e+04  3.751850e+02 -2.992926e-02  2.764193e-02 -1.727014e-02 
 2.290000e+04  3.844494e+02 -3.008245e-02  2.777088e-02 -1.735396e-02 
 2.295000e+04  3.937138e+02 -3.023252e-02  2.789757e-02 -1.743668e-02 
 2.300000e+04  4.029782e+02 -3.037927e-02  2.802195e-02 -1.751765e-02 
 2.305000e+04  4.122426e+02 -3.052329e-02  2.814419e-02 -1.759722e-02 
 2.310000e+04  4.215070e+02 -3.066491e-02  2.826434e-02 -1.767555e-02 
 2.315000e+04  4.307715e+02 -3.080391e-02  2.838316e-02 -1.775270e-02 
 2.320000e+04  4.400359e+02 -3.094105e-02  2.850047e-02 -1.782900e-02 
 2.325000e+04  4.493003e+02 -3.107533e-02  2.861600e-02 -1.790472e-02 
 2.330000e+04  4.585647e+02 -3.120739e-02  2.872913e-02 -1.797963e-02 
 2.335000e+04  4.678291e+02 -3.133738e-02  2.884028e-02 -1.805352e-02 
 2.340000e+04  4.770935e+02 -3.146518e-02  2.894955e-02 -1.812581e-02 
 2.345000e+04  4.863579e+02 -3.159105e-02  2.905652e-02 -1.819688e-02 
 2.350000e+04  4.956224e+02 -3.171532e-02  2.916096e-02 -1.826713e-02 
 2.355000e+04  5.048868e+02 -3.183739e-02  2.926348e-02 -1.833633e-02 
 2.360000e+04  5.141512e+02 -3.195740e-02  2.936411e-02 -1.840450e-02 
 2.365000e+04  5.234156e+02 -3.207603e-02  2.946296e-02 -1.847166e-02 
 2.370000e+04  5.326800e+02 -3.219371e-02  2.956017e-02 -1.853806e-02 
 2.375000e+04  5.419444e+02 -3.230959e-02  2.965569e-02 -1.860395e-02 
 2.380000e+04  5.512088e+02 -3.242434e-02  2.974966e-02 -1.866953e-02 
 2.385000e+04  5.604732e+02 -3.253774e-02  2.984287e-02 -1.873458e-02 
 2.390000e+04  5.697377e+02 -3.265033e-02  2.993498e-02 -1.879873e-02 
 2.395000e+04  5.790021e+02 -3.276196e-02  3.002575e-02 -1.886228e-02 
 2.400000e+04  5.882665e+02 -3.287186e-02  3.011511e-02 -1.892535e-02 
 2.405000e+04  5.975309e+02 -3.298002e-02  3.020393e-02 -1.898785e-02 
 2.410000e+04  6.067953e+02 -3.308683e-02  3.029217e-02 -1.904894e-02 
 2.415000e+04  6.160597e+02 -3.319249e-02  3.037851e-02 -1.910928e-02 
 2.420000e+04  6.253241e+02 -3.329728e-02  3.046406e-02 -1.916980e-02 
 2.425000e+04  6.345886e+02 -3.340037e-02  3.054965e-02 -1.923029e-02 
 2.430000e+04  6.438530e+02 -3.350154e-02  3.063526e-02 -1.929023e-02 
 2.435000e+04  6.531174e+02 -3.360235e-02  3.072089e-02 -1.934984e-02 
 2.440000e+04  6.623818e+02 -3.370286e-02  3.080573e-02 -1.940873e-02 
 2.445000e+04  6.716462e+02 -3.380214e-02  3.088958e-02 -1.946757e-02 
 2.450000e+04  6.809106e+02 -3.390009e-02  3.097290e-02 -1.952636e-02 
 2.455000e+04  6.901750e+02 -3.399672e-02  3.105525e-02 -1.958446e-02 
 2.460000e+04  6.994395e+02 -3.409232e-02  3.113641e-02 -1.964182e-02 
 2.465000e+04  7.087039e+02 -3.418751e-02  3.121670e-02 -1.969833e-02 
 2.470000e+04  7.179683e+02 -3.428249e-02  3.129628e-02 -1.975475e-02 
 2.475000e+04  7.272327e+02 -3.437651e-02  3.137542e-02 -1.981112e-02 
 2.480000e+04  7.364971e+02 -3.446970e-02  3.145399e-02 -1.986766e-02 
 2.485000e+04  7.457615e+02 -3.456284e-02  3.153211e-02 -1.992370e-02 
 2.490000e+04  7.550259e+02 -3.465587e-02  3.160984e-02 -1.997923e-02 
 2.495000e+04  7.642904e+02 -3.474835e-02  3.168685e-02 -2.003420e-02 
 2.500000e+04  7.735548e+02 -3.483935e-02  3.176257e-02 -2.008853e-02 
 2.505000e+04  7.828192e+02 -3.492867e-02  3.183754e-02 -2.014262e-02 
 2.510000e+04  7.920836e+02 -3.501776e-02  3.191169e-02 -2.019632e-02 
 2.515000e+04  8.013480e+02 -3.510658e-02  3.198525e-02 -2.024977e-02 
 2.520000e+04  8.109645e+02 -3.519808e-02  3.206126e-02 -2.030496e-02 
 2.525000e+04  8.206921e+02 -3.528966e-02  3.213765e-02 -2.036019e-02 
 2.530000e+04  8.304197e+02 -3.538010e-02  3.221338e-02 -2.041530e-02 
 2.535000e+04  8.401474e+02 -3.546938e-02  3.228802e-02 -2.047003e-02 
 2.540000e+04  8.498750e+02 -3.555757e-02  3.236198e-02 -2.052416e-02 
 2.545000e+04  8.596026e+02 -3.564445e-02  3.243523e-02 -2.057822e-02 
 2.550000e+04  8.694956e+02 -3.573177e-02  3.250930e-02 -2.063290e-02 
 2.555000e+04  8.801489e+02 -3.582524e-02  3.258871e-02 -2.069134e-02 
 2.560000e+04  8.908736e+02 -3.591950e-02  3.266799e-02 -2.074955e-02 
 2.565000e+04  9.015983e+02 -3.601365e-02  3.274679e-02 -2.080758e-02 
 2.570000e+04  9.123230e+02 -3.610613e-02  3.282468e-02 -2.086503e-02 
 2.575000e+04  9.230477e+02 -3.619741e-02  3.290156e-02 -2.092228e-02 
 2.580000e+04  9.337724e+02 -3.628805e-02  3.297804e-02 -2.097930e-02 
 2.585000e+04  9.444972e+02 -3.637872e-02  3.305394e-02 -2.103578e-02 
 2.590000e+04  9.555222e+02 -3.647218e-02  3.313153e-02 -2.109278e-02 
 2.595000e+04  9.667831e+02 -3.656744e-02  3.321047e-02 -2.115054e-02 
 2.600000e+04  9.780441e+02 -3.666169e-02  3.328909e-02 -2.120831e-02 
 2.605000e+04  9.893614e+02 -3.675505e-02  3.336731e-02 -2.126624e-02 
 2.610000e+04  1.000935e+03 -3.684973e-02  3.344577e-02 -2.132522e-02 
 2.615000e+04  1.012510e+03 -3.694401e-02  3.352322e-02 -2.138397e-02 
 2.620000e+04  1.024084e+03 -3.703775e-02  3.359901e-02 -2.144225e-02 
 2.625000e+04  1.035658e+03 -3.713100e-02  3.367374e-02 -2.149982e-02 
 2.630000e+04  1.047232e+03 -3.722391e-02  3.374877e-02 -2.155688e-02 
 2.635000e+04  1.058806e+03 -3.731579e-02  3.382415e-02 -2.161381e-02 
 2.640000e+04  1.070380e+03 -3.740662e-02  3.389988e-02 -2.167062e-02 
 2.645000e+04  1.081954e+03 -3.749626e-02  3.397549e-02 -2.172765e-02 
 2.650000e+04  1.093528e+03 -3.758529e-02  3.405029e-02 -2.178470e-02 
 2.655000e+04  1.105102e+03 -3.767354e-02  3.412346e-02 -2.184122e-02 
 2.660000e+04  1.116676e+03 -3.776126e-02  3.419625e-02 -2.189717e-02 
 2.665000e+04  1.128250e+03 -3.784810e-02  3.426890e-02 -2.195300e-02 
 2.670000e+04  1.139824e+03 -3.793416e-02  3.434226e-02 -2.200872e-02 
 2.675000e+04  1.151398e+03 -3.801986e-02  3.441606e-02 -2.206440e-02 
 2.680000e+04  1.162973e+03 -3.810537e-02  3.449001e-02 -2.211982e-02 
 2.685000e+04  1.174547e+03 -3.819090e-02  3.456373e-02 -2.217507e-02 
 2.690000e+04  1.186121e+03 -3.827557e-02  3.463679e-02 -2.222991e-02 
 2.695000e+04  1.197695e+03 -3.835945e-02  3.470875e-02 -2.228439e-02 
 2.700000e+04  1.209269e+03 -3.844308e-02  3.477969e-02 -2.233884e-02 
 2.705000e+04  1.220843e+03 -3.852656e-02  3.484981e-02 -2.239300e-02 
 2.710000e+04  1.232417e+03 -3.861002e-02  3.491874e-02 -2.244669e-02 
 2.715000e+04  1.243991e+03 -3.869390e-02  3.498765e-02 -2.250004e-02 
 2.720000e+04  1.255565e+03 -3.877796e-02  3.505659e-02 -2.255318e-02 
 2.725000e+04  1.267139e+03 -3.886170e-02  3.512429e-02 -2.260577e-02 
 2.730000e+04  1.278713e+03 -3.894486e-02  3.519205e-02 -2.265800e-02 
 2.735000e+04  1.290287e+03 -3.902790e-02  3.525996e-02 -2.271033e-02 
 2.740000e+04  1.301861e+03 -3.911104e-02  3.532768e-02 -2.276223e-02 
 2.745000e+04  1.313435e+03 -3.919423e-02  3.539492e-02 -2.281380e-02 
 2.750000e+04  1.325010e+03 -3.927770e-02  3.546192e-02 -2.286510e-02 
 2.755000e+04  1.336584e+03 -3.936117e-02  3.552868e-02 -2.291631e-02 
 2.760000e+04  1.348158e+03 -3.944415e-02  3.559502e-02 -2.296743e-02 
 2.765000e+04  1.359732e+03 -3.952658e-02  3.566075e-02 -2.301852e-02 
 2.770000e+04  1.371306e+03 -3.960858e-02  3.572554e-02 -2.306945e-02 
 2.775000e+04  1.382880e+03 -3.968981e-02  3.579002e-02 -2.312001e-02 
 2.780000e+04  1.394454e+03 -3.977027e-02  3.585467e-02 -2.317022e-02 
 2.785000e+04  1.406028e+03 -3.985037e-02  3.591903e-02 -2.321999e-02 
 2.790000e+04  1.417602e+03 -3.993008e-02  3.598239e-02 -2.326865e-02 
 2.795000e+04  1.429176e+03 -4.000942e-02  3.604535e-02 -2.331745e-02 
 2.800000e+04  1.440750e+03 -4.008841e-02  3.610857e-02 -2.336692e-02 
 2.805000e+04  1.452324e+03 -4.016583e-02  3.617205e-02 -2.341651e-02 
 2.810000e+04  1.463898e+03 -4.024221e-02  3.623559e-02 -2.346570e-02 
 2.815000e+04  1.475473e+03 -4.031862e-02  3.629877e-02 -2.351491e-02 
 2.820000e+04  1.487047e+03 -4.039507e-02  3.636129e-02 -2.356382e-02 
 2.825000e+04  1.498621e+03 -4.047073e-02  3.642333e-02 -2.361243e-02 
 2.830000e+04  1.510195e+03 -4.054567e-02  3.648567e-02 -2.366075e-02 
 2.835000e+04  1.521769e+03 -4.062021e-02  3.654830e-02 -2.370885e-02 
 2.840000e+04  1.533343e+03 -4.069445e-02  3.661056e-02 -2.375653e-02 
 2.845000e+04  1.544917e+03 -4.076829e-02  3.667215e-02 -2.380423e-02 
 2.850000e+04  1.556491e+03 -4.084233e-02  3.673307e-02 -2.385232e-02 
 2.855000e+04  1.568065e+03 -4.091604e-02  3.679366e-02 -2.390063e-02 
 2.860000e+04  1.579639e+03 -4.098858e-02  3.685437e-02 -2.394880e-02 
 2.865000e+04  1.591213e+03 -4.106071e-02  3.691512e-02 -2.399710e-02 
 2.870000e+04  1.602787e+03 -4.113333e-02  3.697547e-02 -2.404537e-02 
 2.875000e+04  1.614361e+03 -4.120631e-02  3.703517e-02 -2.409304e-02 
 2.880000e+04  1.625935e+03 -4.127948e-02  3.709462e-02 -2.414060e-02 
 2.885000e+04  1.637510e+03 -4.135255e-02  3.715423e-02 -2.418827e-02 
 2.890000e+04  1.649084e+03 -4.142495e-02  3.721376e-02 -2.423605e-02 
 2.895000e+04  1.660658e+03 -4.149678e-02  3.727327e-02 -2.428399e-02 
 2.900000e+04  1.672232e+03 -4.156832e-02  3.733272e-02 -2.433209e-02 
 2.905000e+04  1.683806e+03 -4.163954e-02  3.739195e-02 -2.437997e-02 
 2.910000e+04  1.695380e+03 -4.171044e-02  3.745140e-02 -2.442754e-02 
 2.915000e+04  1.706954e+03 -4.178110e-02  3.751097e-02 -2.447492e-02 
 2.920000e+04  1.718528e+03 -4.185150e-02  3.757080e-02 -2.452210e-02 
 2.925000e+04  1.730102e+03 -4.192159e-02  3.763067e-02 -2.456901e-02 
 2.930000e+04  1.741676e+03 -4.199144e-02  3.769056e-02 -2.461573e-02 
 2.935000e+04  1.753250e+03 -4.206080e-02  3.775027e-02 -2.466229e-02 
 2.940000e+04  1.764824e+03 -4.212970e-02  3.780973e-02 -2.470871e-02 
 2.945000e+04  1.776398e+03 -4.219783e-02  3.786903e-02 -2.475510e-02 
 2.950000e+04  1.787973e+03 -4.226525e-02  3.792792e-02 -2.480135e-02 
 2.955000e+04  1.799547e+03 -4.233255e-02  3.798658e-02 -2.484733e-02 
 2.960000e+04  1.811121e+03 -4.239941e-02  3.804509e-02 -2.489307e-02 
 2.965000e+04  1.822695e+03 -4.246610e-02  3.810366e-02 -2.493830e-02 
 2.970000e+04  1.834269e+03 -4.253242e-02  3.816161e-02 -2.498299e-02 
 2.975000e+04  1.845843e+03 -4.259868e-02  3.821904e-02 -2.502758e-02 
 2.980000e+04  1.857417e+03 -4.266513e-02  3.827578e-02 -2.507194e-02 
 2.985000e+04  1.868991e+03 -4.273139e-02  3.833243e-02 -2.511623e-02 
 2.990000e+04  1.880565e+03 -4.279775e-02  3.838912e-02 -2.516052e-02 
 2.995000e+04  1.892139e+03 -4.286397e-02  3.844565e-02 -2.520492e-02 
 3.000000e+04  1.903713e+03 -4.293034e-02  3.850206e-02 -2.524933e-02 
 3.005000e+04  1.915287e+03 -4.299689e-02  3.855812e-02 -2.529365e-02 
 3.010000e+04  1.926861e+03 -4.306356e-02  3.861377e-02 -2.533757e-02 
 3.015000e+04  1.938435e+03 -4.313011e-02  3.866916e-02 -2.538130e-02 
 3.020000e+04  1.950010e+03 -4.319641e-02  3.872446e-02 -2.542497e-02 
 3.025000e+04  1.961584e+03 -4.326229e-02  3.877953e-02 -2.546839e-02 
 3.030000e+04  1.973158e+03 -4.332820e-02  3.883436e-02 -2.551184e-02 
 3.035000e+04  1.984732e+03 -4.339382e-02  3.888901e-02 -2.555543e-02 
 3.040000e+04  1.996306e+03 -4.345906e-02  3.894347e-02 -2.559901e-02 
 3.045000e+04  2.007880e+03 -4.352400e-02  3.899785e-02 -2.564252e-02 
 3.050000e+04  2.019454e+03 -4.358873e-02  3.905207e-02 -2.568590e-02 
 3.055000e+04  2.031028e+03 -4.365338e-02  3.910613e-02 -2.572898e-02 
 3.060000e+04  2.042602e+03 -4.371793e-02  3.916027e-02 -2.577184e-02 
 3.065000e+04  2.054176e+03 -4.378228e-02  3.921461e-02 -2.581463e-02 
 3.070000e+04  2.065750e+03 -4.384631e-02  3.926909e-02 -2.585738e-02 
 3.075000e+04  2.077324e+03 -4.391022e-02  3.932332e-02 -2.590003e-02 
 3.080000e+04  2.088898e+03 -4.397400e-02  3.937726e-02 -2.594238e-02 
 3.085000e+04  2.100473e+03 -4.403768e-02  3.943107e-02 -2.598466e-02 
 3.090000e+04  2.112047e+03 -4.410099e-02  3.948473e-02 -2.602701e-02 
 3.095000e+04  2.123621e+03 -4.416423e-02  3.953807e-02 -2.606926e-02 
 3.100000e+04  2.135195e+03 -4.422738e-02  3.959081e-02 -2.611154e-02 
 3.105000e+04  2.146769e+03 -4.429056e-02  3.964341e-02 -2.615372e-02 
 3.110000e+04  2.158343e+03 -4.435366e-02  3.969606e-02 -2.619560e-02 
 3.115000e+04  2.169917e+03 -4.441658e-02  3.974887e-02 -2.623715e-02 
 3.120000e+04  2.181491e+03 -4.447936e-02  3.980167e-02 -2.627854e-02 
 3.125000e+04  2.193065e+03 -4.454185e-02  3.985457e-02 -2.631981e-02 
 3.130000e+04  2.204639e+03 -4.460422e-02  3.990742e-02 -2.636101e-02 
 3.135000e+04  2.216213e+03 -4.466663e-02  3.995997e-02 -2.640233e-02 
 3.140000e+04  2.227787e+03 -4.472894e-02  4.001263e-02 -2.644376e-02 
 3.145000e+04  2.239361e+03 -4.479118e-02  4.006535e-02 -2.648529e-02 
 3.150000e+04  2.250935e+03 -4.485324e-02  4.011797e-02 -2.652668e-02 
 3.155000e+04  2.262510e+03 -4.491501e-02  4.017063e-02 -2.656786e-02 
 3.160000e+04  2.274084e+03 -4.497664e-02  4.022328e-02 -2.660888e-02 
 3.165000e+04  2.285658e+03 -4.503770e-02  4.027595e-02 -2.664984e-02 
 3.170000e+04  2.297232e+03 -4.509825e-02  4.032873e-02 -2.669081e-02 
 3.175000e+04  2.308806e+03 -4.515862e-02  4.038140e-02 -2.673181e-02 
 3.180000e+04  2.320380e+03 -4.521896e-02  4.043380e-02 -2.677276e-02 
 3.185000e+04  2.331954e+03 -4.527928e-02  4.048593e-02 -2.681378e-02 
 3.190000e+04  2.343528e+03 -4.533963e-02  4.053792e-02 -2.685482e-02 
 3.195000e+04  2.355102e+03 -4.539994e-02  4.058974e-02 -2.689581e-02 
 3.200000e+04  2.366676e+03 -4.546034e-02  4.064135e-02 -2.693676e-02 
 3.205000e+04  2.378250e+03 -4.552088e-02  4.069285e-02 -2.697767e-02 
 3.210000e+04  2.389824e+03 -4.558087e-02  4.074421e-02 -2.701841e-02 
 3.215000e+04  2.401398e+03 -4.563962e-02  4.079542e-02 -2.705903e-02 
 3.220000e+04  2.412973e+03 -4.569864e-02  4.084646e-02 -2.709915e-02 
 3.225000e+04  2.424547e+03 -4.575830e-02  4.089728e-02 -2.713943e-02 
 3.230000e+04  2.436121e+03 -4.581847e-02  4.094787e-02 -2.717989e-02 
 3.235000e+04  2.447695e+03 -4.587882e-02  4.099827e-02 -2.722053e-02 
 3.240000e+04  2.459269e+03 -4.593883e-02  4.104852e-02 -2.726110e-02 
 3.245000e+04  2.470843e+03 -4.599838e-02  4.109827e-02 -2.730146e-02 
 3.250000e+04  2.482417e+03 -4.605760e-02  4.114770e-02 -2.734147e-02 
 3.255000e+04  2.493991e+03 -4.611737e-02  4.119712e-02 -2.738129e-02 
 3.260000e+04  2.505565e+03 -4.617753e-02  4.124665e-02 -2.742108e-02 
 3.265000e+04  2.517139e+03 -4.623793e-02  4.129626e-02 -2.746068e-02 
 3.270000e+04  2.528713e+03 -4.629863e-02  4.134604e-02 -2.750046e-02 
 3.275000e+04  2.540287e+03 -4.635971e-02  4.139553e-02 -2.754043e-02 
 3.280000e+04  2.551861e+03 -4.642114e-02  4.144399e-02 -2.758039e-02 
 3.285000e+04  2.563435e+03 -4.648252e-02  4.149157e-02 -2.762020e-02 
 3.290000e+04  2.575010e+03 -4.654344e-02  4.153897e-02 -2.765984e-02 
 3.295000e+04  2.586584e+03 -4.660361e-02  4.158650e-02 -2.769924e-02 
 3.300000e+04  2.598158e+03 -4.666327e-02  4.163417e-02 -2.773845e-02 
 3.305000e+04  2.609732e+03 -4.672288e-02  4.168181e-02 -2.777759e-02 
 3.310000e+04  2.621306e+03 -4.678239e-02  4.172957e-02 -2.781666e-02 
 3.315000e+04  2.632880e+03 -4.684164e-02  4.177735e-02 -2.785567e-02 
 3.320000e+04  2.644454e+03 -4.690042e-02  4.182505e-02 -2.789469e-02 
 3.325000e+04  2.656028e+03 -4.695868e-02  4.187254e-02 -2.793370e-02 
 3.330000e+04  2.667602e+03 -4.701651e-02  4.191979e-02 -2.797275e-02 
 3.335000e+04  2.679176e+03 -4.707364e-02  4.196692e-02 -2.801159e-02 
 3.340000e+04  2.690750e+03 -4.713017e-02  4.201408e-02 -2.804987e-02 
 3.345000e+04  2.702324e+03 -4.718627e-02  4.206110e-02 -2.808824e-02 
 3.350000e+04  2.713898e+03 -4.724193e-02  4.210839e-02 -2.812684e-02 
 3.355000e+04  2.725473e+03 -4.729730e-02  4.215626e-02 -2.816569e-02 
 3.360000e+04  2.737047e+03 -4.735245e-02  4.220465e-02 -2.820456e-02 
 3.365000e+04  2.748621e+03 -4.740750e-02  4.225318e-02 -2.824342e-02 
 3.370000e+04  2.760195e+03 -4.746261e-02  4.230135e-02 -2.828207e-02 
 3.375000e+04  2.771769e+03 -4.751742e-02  4.234902e-02 -2.832065e-02 
 3.380000e+04  2.783343e+03 -4.757253e-02  4.239628e-02 -2.835922e-02 
 3.385000e+04  2.794917e+03 -4.762769e-02  4.244340e-02 -2.839783e-02 
 3.390000e+04  2.806491e+03 -4.768260e-02  4.249045e-02 -2.843645e-02 
 3.395000e+04  2.818065e+03 -4.773735e-02  4.253753e-02 -2.847520e-02 
 3.400000e+04  2.829639e+03 -4.779248e-02  4.258446e-02 -2.851397e-02 
 3.405000e+04  2.841213e+03 -4.784787e-02  4.263097e-02 -2.855255e-02 
 3.410000e+04  2.852787e+03 -4.790319e-02  4.267728e-02 -2.859105e-02 
 3.415000e+04  2.864361e+03 -4.795801e-02  4.272368e-02 -2.862958e-02 
 3.420000e+04  2.875935e+03 -4.801263e-02  4.277013e-02 -2.866804e-02 
 3.425000e+04  2.887510e+03 -4.806741e-02  4.281646e-02 -2.870639e-02 
 3.430000e+04  2.899084e+03 -4.812252e-02  4.286277e-02 -2.874463e-02 
 3.435000e+04  2.910658e+03 -4.817755e-02  4.290916e-02 -2.878282e-02 
 3.440000e+04  2.922232e+03 -4.823200e-02  4.295588e-02 -2.882091e-02 
 3.445000e+04  2.933806e+03 -4.828596e-02  4.300261e-02 -2.885896e-02 
 3.450000e+04  2.945380e+03 -4.833956e-02  4.304850e-02 -2.889684e-02 
 3.455000e+04  2.956954e+03 -4.839302e-02  4.309416e-02 -2.893409e-02 
 3.460000e+04  2.968528e+03 -4.844646e-02  4.314031e-02 -2.897135e-02 
 3.465000e+04  2.980102e+03 -4.850026e-02  4.318727e-02 -2.900875e-02 
 3.470000e+04  2.991676e+03 -4.855430e-02  4.323488e-02 -2.904623e-02 
 3.475000e+04  3.003250e+03 -4.860783e-02  4.328279e-02 -2.908331e-02 
 3.480000e+04  3.014824e+03 -4.866025e-02  4.333061e-02 -2.912038e-02 
 3.485000e+04  3.026398e+03 -4.871214e-02  4.337818e-02 -2.915757e-02 
 3.490000e+04  3.037973e+03 -4.876386e-02  4.342513e-02 -2.919482e-02 
 3.495000e+04  3.049547e+03 -4.881509e-02  4.347170e-02 -2.923238e-02 
 3.500000e+04  3.061121e+03 -4.886618e-02  4.351822e-02 -2.926998e-02 
 3.505000e+04  3.072695e+03 -4.891765e-02  4.356461e-02 -2.930762e-02 
 3.510000e+04  3.084269e+03 -4.896947e-02  4.361099e-02 -2.934520e-02 
 3.515000e+04  3.095843e+03 -4.902161e-02  4.365705e-02 -2.938243e-02 
 3.520000e+04  3.107417e+03 -4.907397e-02  4.370285e-02 -2.941953e-02 
 3.525000e+04  3.118991e+03 -4.912643e-02  4.374865e-02 -2.945665e-02 
 3.530000e+04  3.130565e+03 -4.917898e-02  4.379419e-02 -2.949371e-02 
 3.535000e+04  3.142139e+03 -4.923182e-02  4.383931e-02 -2.953087e-02 
 3.540000e+04  3.153713e+03 -4.928505e-02  4.388400e-02 -2.956836e-02 
 3.545000e+04  3.165287e+03 -4.933860e-02  4.392787e-02 -2.960601e-02 
 3.550000e+04  3.176861e+03 -4.939249e-02  4.397117e-02 -2.964369e-02 
 3.555000e+04  3.188435e+03 -4.944662e-02  4.401440e-02 -2.968121e-02 
 3.560000e+04  3.200010e+03 -4.950101e-02  4.405765e-02 -2.971854e-02 
 3.565000e+04  3.211584e+03 -4.955500e-02  4.410118e-02 -2.975581e-02 
 3.570000e+04  3.223158e+03 -4.960815e-02  4.414503e-02 -2.979296e-02 
 3.575000e+04  3.234732e+03 -4.966109e-02  4.418905e-02 -2.983032e-02 
 3.580000e+04  3.246306e+03 -4.971387e-02  4.423345e-02 -2.986763e-02 
 3.585000e+04  3.257880e+03 -4.976636e-02  4.427801e-02 -2.990467e-02 
 3.590000e+04  3.269454e+03 -4.981793e-02  4.432251e-02 -2.994187e-02 
 3.595000e+04  3.281028e+03 -4.986926e-02  4.436708e-02 -2.997901e-02 
 3.600000e+04  3.292602e+03 -4.992081e-02  4.441165e-02 -3.001647e-02 
 3.605000e+04  3.304176e+03 -4.997269e-02  4.445652e-02 -3.005407e-02 
 3.610000e+04  3.315750e+03 -5.002411e-02  4.450146e-02 -3.009142e-02 
 3.615000e+04  3.327324e+03 -5.007509e-02  4.454651e-02 -3.012843e-02 
 3.620000e+04  3.338898e+03 -5.012614e-02  4.459198e-02 -3.016526e-02 
 3.625000e+04  3.350473e+03 -5.017734e-02  4.463750e-02 -3.020186e-02 
 3.630000e+04  3.362047e+03 -5.022887e-02  4.468271e-02 -3.023832e-02 
 3.635000e+04  3.373621e+03 -5.028075e-02  4.472714e-02 -3.027459e-02 
 3.640000e+04  3.385195e+03 -5.033315e-02  4.477100e-02 -3.031114e-02 
 3.645000e+04  3.396769e+03 -5.038546e-02  4.481421e-02 -3.034822e-02 
 3.650000e+04  3.408343e+03 -5.043820e-02  4.485705e-02 -3.038524e-02 
 3.655000e+04  3.419917e+03 -5.049109e-02  4.489975e-02 -3.042254e-02 
 3.660000e+04  3.431491e+03 -5.054395e-02  4.494288e-02 -3.045965e-02 
 3.665000e+04  3.443065e+03 -5.059667e-02  4.498633e-02 -3.049682e-02 
 3.670000e+04  3.454639e+03 -5.064956e-02  4.503001e-02 -3.053372e-02 
 3.675000e+04  3.466213e+03 -5.070171e-02  4.507380e-02 -3.057027e-02 
 3.680000e+04  3.477787e+03 -5.075388e-02  4.511734e-02 -3.060654e-02 
 3.685000e+04  3.489361e+03 -5.080601e-02  4.516094e-02 -3.064278e-02 
 3.690000e+04  3.500935e+03 -5.085814e-02  4.520427e-02 -3.067902e-02 
 3.695000e+04  3.512510e+03 -5.090992e-02  4.524709e-02 -3.071526e-02 
 3.700000e+04  3.524084e+03 -5.096153e-02  4.528901e-02 -3.075062e-02 
 3.705000e+04  3.535658e+03 -5.101308e-02  4.533056e-02 -3.078582e-02 
 3.710000e+04  3.547232e+03 -5.106503e-02  4.537266e-02 -3.082177e-02 
 3.715000e+04  3.558806e+03 -5.111694e-02  4.541583e-02 -3.085792e-02 
 3.720000e+04  3.570380e+03 -5.116865e-02  4.545967e-02 -3.089382e-02 
 3.725000e+04  3.581954e+03 -5.122048e-02  4.550393e-02 -3.092946e-02 
 3.730000e+04  3.593528e+03 -5.127286e-02  4.554763e-02 -3.096498e-02 
 3.735000e+04  3.605102e+03 -5.132558e-02  4.559015e-02 -3.100012e-02 
 3.740000e+04  3.616676e+03 -5.137835e-02  4.563184e-02 -3.103504e-02 
 3.745000e+04  3.628250e+03 -5.143085e-02  4.567327e-02 -3.107012e-02 
 3.750000e+04  3.639824e+03 -5.148325e-02  4.571439e-02 -3.110533e-02 
 3.755000e+04  3.651398e+03 -5.153572e-02  4.575515e-02 -3.114063e-02 
 3.760000e+04  3.662973e+03 -5.158862e-02  4.579588e-02 -3.117599e-02 
 3.765000e+04  3.674547e+03 -5.164152e-02  4.583678e-02 -3.121115e-02 
 3.770000e+04  3.686121e+03 -5.169391e-02  4.587797e-02 -3.124599e-02 
 3.775000e+04  3.697695e+03 -5.174621e-02  4.591935e-02 -3.128072e-02 
 3.780000e+04  3.709269e+03 -5.179858e-02  4.596069e-02 -3.131533e-02 
 3.785000e+04  3.720843e+03 -5.185116e-02  4.600158e-02 -3.134978e-02 
 3.790000e+04  3.732417e+03 -5.190343e-02  4.604202e-02 -3.138430e-02 
 3.795000e+04  3.743991e+03 -5.195514e-02  4.608224e-02 -3.141902e-02 
 3.800000e+04  3.755565e+03 -5.200630e-02  4.612239e-02 -3.145392e-02 
 3.805000e+04  3.767139e+03 -5.205717e-02  4.616275e-02 -3.148881e-02 
 3.810000e+04  3.778713e+03 -5.210800e-02  4.620340e-02 -3.152362e-02 
 3.815000e+04  3.790287e+03 -5.215793e-02  4.624446e-02 -3.155807e-02 
 3.820000e+04  3.801861e+03 -5.220595e-02  4.628595e-02 -3.159086e-02 
 3.825000e+04  3.813435e+03 -5.225373e-02  4.632772e-02 -3.162339e-02 
 3.830000e+04  3.825010e+03 -5.230217e-02  4.636993e-02 -3.165709e-02 
 3.835000e+04  3.836584e+03 -5.235158e-02  4.641294e-02 -3.169189e-02 
 3.840000e+04  3.845195e+03 -5.238872e-02  4.644444e-02 -3.171817e-02 
 3.845000e+04  3.847510e+03 -5.239700e-02  4.645231e-02 -3.172484e-02 
 3.850000e+04  3.849824e+03 -5.240404e-02  4.646013e-02 -3.173059e-02 
 3.855000e+04  3.852139e+03 -5.241084e-02  4.646839e-02 -3.173707e-02 
 3.860000e+04  3.854454e+03 -5.241990e-02  4.647790e-02 -3.174374e-02 
 3.865000e+04  3.856769e+03 -5.243062e-02  4.648740e-02 -3.175096e-02 
 3.870000e+04  3.859084e+03 -5.244209e-02  4.649690e-02 -3.175776e-02 
 3.875000e+04  3.861398e+03 -5.245343e-02  4.650492e-02 -3.176437e-02 
 3.880000e+04  3.863713e+03 -5.246376e-02  4.651233e-02 -3.177054e-02 
 3.885000e+04  3.866028e+03 -5.247351e-02  4.651921e-02 -3.177702e-02 
 3.890000e+04  3.868343e+03 -5.248435e-02  4.652619e-02 -3.178404e-02 
 3.895000e+04  3.870658e+03 -5.249620e-02  4.653374e-02 -3.179143e-02 
 3.900000e+04  3.872973e+03 -5.250839e-02  4.654131e-02 -3.179887e-02 
 3.905000e+04  3.875287e+03 -5.251981e-02  4.654871e-02 -3.180598e-02 
 3.910000e+04  3.877602e+03 -5.253122e-02  4.655589e-02 -3.181255e-02 
 3.915000e+04  3.879917e+03 -5.254301e-02  4.656282e-02 -3.181898e-02 
 3.920000e+04  3.882232e+03 -5.255466e-02  4.656982e-02 -3.182528e-02 
 3.925000e+04  3.884547e+03 -5.256614e-02  4.657728e-02 -3.183189e-02 
 3.930000e+04  3.886861e+03 -5.257694e-02  4.658517e-02 -3.183914e-02 
 3.935000e+04  3.889176e+03 -5.258705e-02  4.659323e-02 -3.184670e-02 
 3.940000e+04  3.891491e+03 -5.259706e-02  4.660097e-02 -3.185400e-02 
 3.945000e+04  3.893806e+03 -5.260719e-02  4.660860e-02 -3.186091e-02 
 3.950000e+04  3.896121e+03 -5.261745e-02  4.661670e-02 -3.186759e-02 
 3.955000e+04  3.898435e+03 -5.262787e-02  4.662505e-02 -3.187413e-02 
 3.960000e+04  3.900750e+03 -5.263831e-02  4.663377e-02 -3.188066e-02 
 3.965000e+04  3.903065e+03 -5.264893e-02  4.664219e-02 -3.188742e-02 
 3.970000e+04  3.905380e+03 -5.265965e-02  4.665017e-02 -3.189436e-02 
 3.975000e+04  3.907695e+03 -5.266984e-02  4.665789e-02 -3.190128e-02 
 3.980000e+04  3.910010e+03 -5.267970e-02  4.666545e-02 -3.190845e-02 
 3.985000e+04  3.912324e+03 -5.268952e-02  4.667337e-02 -3.191569e-02 
 3.990000e+04  3.914639e+03 -5.269960e-02  4.668142e-02 -3.192262e-02 
 3.995000e+04  3.916954e+03 -5.271033e-02  4.668952e-02 -3.192936e-02 
 4.000000e+04  3.919269e+03 -5.272126e-02  4.669767e-02 -3.193612e-02 
 4.005000e+04  3.921584e+03 -5.273209e-02  4.670576e-02 -3.194269e-02 
 4.010000e+04  3.923898e+03 -5.274267e-02  4.671370e-02 -3.194923e-02 
 4.015000e+04  3.926213e+03 -5.275311e-02  4.672156e-02 -3.195593e-02 
 4.020000e+04  3.928528e+03 -5.276353e-02  4.672907e-02 -3.196301e-02 
 4.025000e+04  3.930843e+03 -5.277355e-02  4.673664e-02 -3.197019e-02 
 4.030000e+04  3.933158e+03 -5.278351e-02  4.674451e-02 -3.197731e-02 
 4.035000e+04  3.935473e+03 -5.279351e-02  4.675265e-02 -3.198424e-02 
 4.040000e+04  3.937787e+03 -5.280378e-02  4.676085e-02 -3.199088e-02 
 4.045000e+04  3.940102e+03 -5.281428e-02  4.676896e-02 -3.199738e-02 
 4.050000e+04  3.942417e+03 -5.282487e-02  4.677712e-02 -3.200394e-02 
 4.055000e+04  3.944732e+03 -5.283523e-02  4.678524e-02 -3.201065e-02 
 4.060000e+04  3.947047e+03 -5.284528e-02  4.679318e-02 -3.201744e-02 
 4.065000e+04  3.949361e+03 -5.285534e-02  4.680108e-02 -3.202445e-02 
 4.070000e+04  3.951676e+03 -5.286541e-02  4.680890e-02 -3.203147e-02 
 4.075000e+04  3.953991e+03 -5.287537e-02  4.681672e-02 -3.203837e-02 
 4.080000e+04  3.956306e+03 -5.288536e-02  4.682471e-02 -3.204515e-02 
 4.085000e+04  3.958621e+03 -5.289546e-02  4.683295e-02 -3.205190e-02 
 4.090000e+04  3.960935e+03 -5.290568e-02  4.684121e-02 -3.205856e-02 
 4.095000e+04  3.963250e+03 -5.291598e-02  4.684932e-02 -3.206513e-02 
 4.100000e+04  3.965565e+03 -5.292649e-02  4.685727e-02 -3.207179e-02 
 4.105000e+04  3.967880e+03 -5.293680e-02  4.686508e-02 -3.207867e-02 
 4.110000e+04  3.970195e+03 -5.294665e-02  4.687286e-02 -3.208555e-02 
 4.115000e+04  3.972510e+03 -5.295645e-02  4.688062e-02 -3.209250e-02 
 4.120000e+04  3.974824e+03 -5.296646e-02  4.688853e-02 -3.209941e-02 
 4.125000e+04  3.977139e+03 -5.297660e-02  4.689649e-02 -3.210613e-02 
 4.130000e+04  3.979454e+03 -5.298678e-02  4.690452e-02 -3.211273e-02 
 4.135000e+04  3.981769e+03 -5.299696e-02  4.691270e-02 -3.211932e-02 
 4.140000e+04  3.984084e+03 -5.300718e-02  4.692088e-02 -3.212597e-02 
 4.145000e+04  3.986398e+03 -5.301734e-02  4.692879e-02 -3.213266e-02 
 4.150000e+04  3.988713e+03 -5.302736e-02  4.693651e-02 -3.213937e-02 
 4.155000e+04  3.991028e+03 -5.303733e-02  4.694431e-02 -3.214626e-02 
 4.160000e+04  3.993343e+03 -5.304726e-02  4.695218e-02 -3.215318e-02 
 4.165000e+04  3.995658e+03 -5.305701e-02  4.696016e-02 -3.215996e-02 
 4.170000e+04  3.997973e+03 -5.306691e-02  4.696814e-02 -3.216671e-02 
 4.175000e+04  4.000287e+03 -5.307702e-02  4.697626e-02 -3.217337e-02 
 4.180000e+04  4.002602e+03 -5.308706e-02  4.698430e-02 -3.217998e-02 
 4.185000e+04  4.004917e+03 -5.309705e-02  4.699240e-02 -3.218655e-02 
 4.190000e+04  4.007232e+03 -5.310699e-02  4.700039e-02 -3.219326e-02 
 4.195000e+04  4.009547e+03 -5.311692e-02  4.700835e-02 -3.220004e-02 
 4.200000e+04  4.011861e+03 -5.312681e-02  4.701609e-02 -3.220686e-02 
 4.205000e+04  4.014176e+03 -5.313670e-02  4.702384e-02 -3.221366e-02 
 4.210000e+04  4.016491e+03 -5.314657e-02  4.703178e-02 -3.222043e-02 
 4.215000e+04  4.018806e+03 -5.315651e-02  4.703977e-02 -3.222710e-02 
 4.220000e+04  4.021121e+03 -5.316655e-02  4.704773e-02 -3.223372e-02 
 4.225000e+04  4.023435e+03 -5.317665e-02  4.705569e-02 -3.224039e-02 
 4.230000e+04  4.025750e+03 -5.318675e-02  4.706367e-02 -3.224707e-02 
 4.235000e+04  4.028065e+03 -5.319675e-02  4.707155e-02 -3.225376e-02 
 4.240000e+04  4.030380e+03 -5.320665e-02  4.707933e-02 -3.226046e-02 
 4.245000e+04  4.032695e+03 -5.321655e-02  4.708713e-02 -3.226719e-02 
 4.250000e+04  4.035010e+03 -5.322640e-02  4.709494e-02 -3.227399e-02 
 4.255000e+04  4.037324e+03 -5.323618e-02  4.710276e-02 -3.228072e-02 
 4.260000e+04  4.039639e+03 -5.324589e-02  4.711072e-02 -3.228742e-02 
 4.265000e+04  4.041954e+03 -5.325567e-02  4.711880e-02 -3.229411e-02 
 4.270000e+04  4.044269e+03 -5.326541e-02  4.712680e-02 -3.230075e-02 
 4.275000e+04  4.046584e+03 -5.327508e-02  4.713476e-02 -3.230737e-02 
 4.280000e+04  4.048898e+03 -5.328484e-02  4.714271e-02 -3.231402e-02 
 4.285000e+04  4.051213e+03 -5.329455e-02  4.715062e-02 -3.232072e-02 
 4.290000e+04  4.053528e+03 -5.330419e-02  4.715847e-02 -3.232746e-02 
 4.295000e+04  4.055843e+03 -5.331390e-02  4.716632e-02 -3.233423e-02 
 4.300000e+04  4.058158e+03 -5.332368e-02  4.717419e-02 -3.234095e-02 
 4.305000e+04  4.060473e+03 -5.333343e-02  4.718208e-02 -3.234765e-02 
 4.310000e+04  4.062787e+03 -5.334314e-02  4.718999e-02 -3.235437e-02 
 4.315000e+04  4.065102e+03 -5.335293e-02  4.719794e-02 -3.236104e-02 
 4.320000e+04  4.067417e+03 -5.336280e-02  4.720585e-02 -3.236773e-02 
 4.325000e+04  4.069732e+03 -5.337265e-02  4.721375e-02 -3.237435e-02 
 4.330000e+04  4.072047e+03 -5.338247e-02  4.722159e-02 -3.238100e-02 
 4.335000e+04  4.074361e+03 -5.339223e-02  4.722943e-02 -3.238775e-02 
 4.340000e+04  4.076676e+03 -5.340180e-02  4.723727e-02 -3.239452e-02 
 4.345000e+04  4.078991e+03 -5.341132e-02  4.724510e-02 -3.240125e-02 
 4.350000e+04  4.081306e+03 -5.342092e-02  4.725293e-02 -3.240793e-02 
 4.355000e+04  4.083621e+03 -5.343059e-02  4.726089e-02 -3.241462e-02 
 4.360000e+04  4.085935e+03 -5.344025e-02  4.726884e-02 -3.242131e-02 
 4.365000e+04  4.088250e+03 -5.344989e-02  4.727681e-02 -3.242794e-02 
 4.370000e+04  4.090565e+03 -5.345959e-02  4.728476e-02 -3.243457e-02 
 4.375000e+04  4.092880e+03 -5.346929e-02  4.729263e-02 -3.244126e-02 
 4.380000e+04  4.095195e+03 -5.347899e-02  4.730041e-02 -3.244800e-02 
 4.385000e+04  4.097510e+03 -5.348858e-02  4.730821e-02 -3.245474e-02 
 4.390000e+04  4.099824e+03 -5.349816e-02  4.731607e-02 -3.246151e-02 
 4.395000e+04  4.102139e+03 -5.350776e-02  4.732390e-02 -3.246821e-02 
 4.400000e+04  4.104454e+03 -5.351749e-02  4.733176e-02 -3.247489e-02 
 4.405000e+04  4.106769e+03 -5.352734e-02  4.733973e-02 -3.248154e-02 
 4.410000e+04  4.109084e+03 -5.353717e-02  4.734768e-02 -3.248819e-02 
 4.415000e+04  4.111398e+03 -5.354689e-02  4.735558e-02 -3.249483e-02 
 4.420000e+04  4.113713e+03 -5.355660e-02  4.736343e-02 -3.250151e-02 
 4.425000e+04  4.116028e+03 -5.356621e-02  4.737126e-02 -3.250824e-02 
 4.430000e+04  4.118343e+03 -5.357583e-02  4.737900e-02 -3.251501e-02 
 4.435000e+04  4.120658e+03 -5.358547e-02  4.738678e-02 -3.252178e-02 
 4.440000e+04  4.122991e+03 -5.359521e-02  4.739464e-02 -3.252857e-02 
 4.445000e+04  4.125422e+03 -5.360538e-02  4.740288e-02 -3.253560e-02 
 4.450000e+04  4.127852e+03 -5.361555e-02  4.741120e-02 -3.254257e-02 
 4.455000e+04  4.130283e+03 -5.362573e-02  4.741948e-02 -3.254953e-02 
 4.460000e+04  4.132713e+03 -5.363593e-02  4.742777e-02 -3.255653e-02 
 4.465000e+04  4.135226e+03 -5.364646e-02  4.743638e-02 -3.256385e-02 
 4.470000e+04  4.137779e+03 -5.365706e-02  4.744502e-02 -3.257129e-02 
 4.475000e+04  4.140331e+03 -5.366757e-02  4.745357e-02 -3.257874e-02 
 4.480000e+04  4.142883e+03 -5.367821e-02  4.746216e-02 -3.258616e-02 
 4.485000e+04  4.145435e+03 -5.368893e-02  4.747070e-02 -3.259358e-02 
 4.490000e+04  4.148086e+03 -5.370003e-02  4.747965e-02 -3.260125e-02 
 4.495000e+04  4.150766e+03 -5.371124e-02  4.748873e-02 -3.260900e-02 
 4.500000e+04  4.153446e+03 -5.372248e-02  4.749782e-02 -3.261675e-02 
 4.505000e+04  4.156125e+03 -5.373369e-02  4.750686e-02 -3.262454e-02 
 4.510000e+04  4.158902e+03 -5.374537e-02  4.751615e-02 -3.263262e-02 
 4.515000e+04  4.161715e+03 -5.375719e-02  4.752549e-02 -3.264079e-02 
 4.520000e+04  4.164529e+03 -5.376900e-02  4.753488e-02 -3.264898e-02 
 4.525000e+04  4.167343e+03 -5.378078e-02  4.754425e-02 -3.265719e-02 
 4.530000e+04  4.170156e+03 -5.379260e-02  4.755364e-02 -3.266539e-02 
 4.535000e+04  4.173111e+03 -5.380508e-02  4.756353e-02 -3.267399e-02 
 4.540000e+04  4.176065e+03 -5.381756e-02  4.757340e-02 -3.268253e-02 
 4.545000e+04  4.179019e+03 -5.382999e-02  4.758333e-02 -3.269107e-02 
 4.550000e+04  4.182113e+03 -5.384297e-02  4.759371e-02 -3.270004e-02 
 4.555000e+04  4.185215e+03 -5.385600e-02  4.760415e-02 -3.270906e-02 
 4.560000e+04  4.188317e+03 -5.386901e-02  4.761446e-02 -3.271808e-02 
 4.565000e+04  4.191419e+03 -5.388206e-02  4.762475e-02 -3.272714e-02 
 4.570000e+04  4.194533e+03 -5.389515e-02  4.763515e-02 -3.273627e-02 
 4.575000e+04  4.197790e+03 -5.390884e-02  4.764602e-02 -3.274576e-02 
 4.580000e+04  4.201048e+03 -5.392255e-02  4.765687e-02 -3.275518e-02 
 4.585000e+04  4.204305e+03 -5.393629e-02  4.766767e-02 -3.276461e-02 
 4.590000e+04  4.207562e+03 -5.395009e-02  4.767854e-02 -3.277412e-02 
 4.595000e+04  4.210907e+03 -5.396422e-02  4.768969e-02 -3.278391e-02 
 4.600000e+04  4.214327e+03 -5.397862e-02  4.770107e-02 -3.279387e-02 
 4.605000e+04  4.217761e+03 -5.399311e-02  4.771247e-02 -3.280388e-02 
 4.610000e+04  4.221352e+03 -5.400830e-02  4.772429e-02 -3.281434e-02 
 4.615000e+04  4.224943e+03 -5.402351e-02  4.773604e-02 -3.282484e-02 
 4.620000e+04  4.228534e+03 -5.403869e-02  4.774785e-02 -3.283531e-02 
 4.625000e+04  4.232125e+03 -5.405384e-02  4.775974e-02 -3.284579e-02 
 4.630000e+04  4.235716e+03 -5.406901e-02  4.777169e-02 -3.285626e-02 
 4.635000e+04  4.239386e+03 -5.408448e-02  4.778386e-02 -3.286697e-02 
 4.640000e+04  4.243157e+03 -5.410037e-02  4.779635e-02 -3.287794e-02 
 4.645000e+04  4.246927e+03 -5.411615e-02  4.780887e-02 -3.288888e-02 
 4.650000e+04  4.250698e+03 -5.413188e-02  4.782138e-02 -3.289988e-02 
 4.655000e+04  4.254468e+03 -5.414743e-02  4.783388e-02 -3.291088e-02 
 4.660000e+04  4.258239e+03 -5.416304e-02  4.784637e-02 -3.292170e-02 
 4.665000e+04  4.262010e+03 -5.417874e-02  4.785884e-02 -3.293274e-02 
 4.670000e+04  4.265780e+03 -5.419439e-02  4.787162e-02 -3.294386e-02 
 4.675000e+04  4.269551e+03 -5.421003e-02  4.788420e-02 -3.295488e-02 
 4.680000e+04  4.273321e+03 -5.422571e-02  4.789667e-02 -3.296588e-02 
 4.685000e+04  4.277092e+03 -5.424149e-02  4.790915e-02 -3.297691e-02 
 4.690000e+04  4.280881e+03 -5.425730e-02  4.792163e-02 -3.298790e-02 
 4.695000e+04  4.284841e+03 -5.427377e-02  4.793463e-02 -3.299937e-02 
 4.700000e+04  4.288800e+03 -5.429037e-02  4.794769e-02 -3.301092e-02 
 4.705000e+04  4.292775e+03 -5.430720e-02  4.796071e-02 -3.302247e-02 
 4.710000e+04  4.296932e+03 -5.432478e-02  4.797426e-02 -3.303456e-02 
 4.715000e+04  4.301089e+03 -5.434231e-02  4.798773e-02 -3.304664e-02 
 4.720000e+04  4.305420e+03 -5.436055e-02  4.800176e-02 -3.305923e-02 
 4.725000e+04  4.309785e+03 -5.437885e-02  4.801596e-02 -3.307185e-02 
 4.730000e+04  4.314150e+03 -5.439711e-02  4.803014e-02 -3.308451e-02 
 4.735000e+04  4.318707e+03 -5.441610e-02  4.804509e-02 -3.309779e-02 
 4.740000e+04  4.323290e+03 -5.443499e-02  4.806014e-02 -3.311108e-02 
 4.745000e+04  4.327942e+03 -5.445409e-02  4.807548e-02 -3.312453e-02 
 4.750000e+04  4.332755e+03 -5.447369e-02  4.809135e-02 -3.313842e-02 
 4.755000e+04  4.337567e+03 -5.449336e-02  4.810720e-02 -3.315225e-02 
 4.760000e+04  4.342379e+03 -5.451302e-02  4.812299e-02 -3.316608e-02 
 4.765000e+04  4.347298e+03 -5.453302e-02  4.813922e-02 -3.318027e-02 
 4.770000e+04  4.352351e+03 -5.455340e-02  4.815591e-02 -3.319490e-02 
 4.775000e+04  4.357403e+03 -5.457366e-02  4.817256e-02 -3.320950e-02 
 4.780000e+04  4.362557e+03 -5.459443e-02  4.818949e-02 -3.322432e-02 
 4.785000e+04  4.367863e+03 -5.461578e-02  4.820691e-02 -3.323955e-02 
 4.790000e+04  4.373169e+03 -5.463715e-02  4.822439e-02 -3.325475e-02 
 4.795000e+04  4.378633e+03 -5.465916e-02  4.824236e-02 -3.327041e-02 
 4.800000e+04  4.384204e+03 -5.468157e-02  4.826065e-02 -3.328635e-02 
 4.805000e+04  4.389775e+03 -5.470395e-02  4.827891e-02 -3.330229e-02 
 4.810000e+04  4.395602e+03 -5.472730e-02  4.829788e-02 -3.331899e-02 
 4.815000e+04  4.401452e+03 -5.475077e-02  4.831689e-02 -3.333570e-02 
 4.820000e+04  4.407301e+03 -5.477421e-02  4.833588e-02 -3.335245e-02 
 4.825000e+04  4.413162e+03 -5.479773e-02  4.835497e-02 -3.336921e-02 
 4.830000e+04  4.419304e+03 -5.482233e-02  4.837497e-02 -3.338655e-02 
 4.835000e+04  4.425446e+03 -5.484660e-02  4.839499e-02 -3.340230e-02 
 4.840000e+04  4.431588e+03 -5.486763e-02  4.841500e-02 -3.341770e-02 
 4.845000e+04  4.435568e+03 -5.488045e-02  4.842853e-02 -3.342793e-02 
 4.850000e+04  4.436796e+03 -5.488552e-02  4.843400e-02 -3.343272e-02 
 4.855000e+04  4.438025e+03 -5.488999e-02  4.844005e-02 -3.343867e-02 
 4.860000e+04  4.439253e+03 -5.489442e-02  4.844430e-02 -3.344360e-02 
 4.865000e+04  4.440481e+03 -5.489759e-02  4.844622e-02 -3.344685e-02 
 4.870000e+04  4.441710e+03 -5.490115e-02  4.844891e-02 -3.344883e-02 
 4.875000e+04  4.442938e+03 -5.490599e-02  4.845272e-02 -3.345142e-02 
 4.880000e+04  4.444167e+03 -5.491196e-02  4.845847e-02 -3.345511e-02 
 4.885000e+04  4.445395e+03 -5.491863e-02  4.846487e-02 -3.345949e-02 
 4.890000e+04  4.446623e+03 -5.492476e-02  4.846921e-02 -3.346361e-02 
 4.895000e+04  4.447852e+03 -5.492938e-02  4.847168e-02 -3.346709e-02 
 4.900000e+04  4.449080e+03 -5.493320e-02  4.847354e-02 -3.347031e-02 
 4.905000e+04  4.450308e+03 -5.493765e-02  4.847644e-02 -3.347380e-02 
 4.910000e+04  4.451537e+03 -5.494287e-02  4.848067e-02 -3.347750e-02 
 4.915000e+04  4.452765e+03 -5.494904e-02  4.848597e-02 -3.348153e-02 
 4.920000e+04  4.453994e+03 -5.495500e-02  4.849081e-02 -3.348566e-02 
 4.925000e+04  4.455222e+03 -5.496042e-02  4.849460e-02 -3.348888e-02 
 4.930000e+04  4.456450e+03 -5.496525e-02  4.849754e-02 -3.349165e-02 
 4.935000e+04  4.457679e+03 -5.497005e-02  4.850083e-02 -3.349462e-02 
 4.940000e+04  4.458907e+03 -5.497501e-02  4.850476e-02 -3.349835e-02 
 4.945000e+04  4.460136e+03 -5.497989e-02  4.850921e-02 -3.350273e-02 
 4.950000e+04  4.461364e+03 -5.498492e-02  4.851385e-02 -3.350724e-02 
 4.955000e+04  4.462592e+03 -5.498990e-02  4.851774e-02 -3.351121e-02 
 4.960000e+04  4.463821e+03 -5.499481e-02  4.852108e-02 -3.351428e-02 
 4.965000e+04  4.465049e+03 -5.499965e-02  4.852449e-02 -3.351706e-02 
 4.970000e+04  4.466277e+03 -5.500488e-02  4.852874e-02 -3.352020e-02 
 4.975000e+04  4.467506e+03 -5.501022e-02  4.853362e-02 -3.352384e-02 
 4.980000e+04  4.468734e+03 -5.501549e-02  4.853828e-02 -3.352788e-02 
 4.985000e+04  4.469963e+03 -5.502049e-02  4.854228e-02 -3.353205e-02 
 4.990000e+04  4.471191e+03 -5.502517e-02  4.854565e-02 -3.353588e-02 
 4.995000e+04  4.472419e+03 -5.502964e-02  4.854888e-02 -3.353929e-02 
 5.000000e+04  4.473648e+03 -5.503422e-02  4.855243e-02 -3.354269e-02 
 5.005000e+04  4.474876e+03 -5.503946e-02  4.855681e-02 -3.354630e-02 
 5.010000e+04  4.476104e+03 -5.504504e-02  4.856157e-02 -3.355003e-02 
 5.015000e+04  4.477333e+03 -5.505054e-02  4.856612e-02 -3.355365e-02 
 5.020000e+04  4.478561e+03 -5.505568e-02  4.857004e-02 -3.355706e-02 
 5.025000e+04  4.479790e+03 -5.506049e-02  4.857364e-02 -3.356048e-02 
 5.030000e+04  4.481018e+03 -5.506511e-02  4.857723e-02 -3.356407e-02 
 5.035000e+04  4.482246e+03 -5.506968e-02  4.858102e-02 -3.356794e-02 
 5.040000e+04  4.483475e+03 -5.507456e-02  4.858525e-02 -3.357195e-02 
 5.045000e+04  4.484703e+03 -5.507978e-02  4.858957e-02 -3.357588e-02 
 5.050000e+04  4.485931e+03 -5.508497e-02  4.859367e-02 -3.357946e-02 
 5.055000e+04  4.487160e+03 -5.509009e-02  4.859752e-02 -3.358265e-02 
 5.060000e+04  4.488388e+03 -5.509510e-02  4.860144e-02 -3.358583e-02 
 5.065000e+04  4.489617e+03 -5.510010e-02  4.860559e-02 -3.358933e-02 
 5.070000e+04  4.490845e+03 -5.510496e-02  4.860988e-02 -3.359314e-02 
 5.075000e+04  4.492073e+03 -5.510993e-02  4.861408e-02 -3.359710e-02 
 5.080000e+04  4.493302e+03 -5.511487e-02  4.861806e-02 -3.360106e-02 
 5.085000e+04  4.494530e+03 -5.511958e-02  4.862185e-02 -3.360474e-02 
 5.090000e+04  4.495758e+03 -5.512425e-02  4.862560e-02 -3.360819e-02 
 5.095000e+04  4.496987e+03 -5.512922e-02  4.862957e-02 -3.361162e-02 
 5.100000e+04  4.498215e+03 -5.513453e-02  4.863388e-02 -3.361520e-02 
 5.105000e+04  4.499444e+03 -5.513984e-02  4.863823e-02 -3.361882e-02 
 5.110000e+04  4.500672e+03 -5.514495e-02  4.864241e-02 -3.362247e-02 
 5.115000e+04  4.501900e+03 -5.514982e-02  4.864635e-02 -3.362619e-02 
 5.120000e+04  4.503129e+03 -5.515447e-02  4.865007e-02 -3.362993e-02 
 5.125000e+04  4.504357e+03 -5.515913e-02  4.865380e-02 -3.363361e-02 
 5.130000e+04  4.505586e+03 -5.516399e-02  4.865773e-02 -3.363732e-02 
 5.135000e+04  4.506814e+03 -5.516914e-02  4.866202e-02 -3.364102e-02 
 5.140000e+04  4.508042e+03 -5.517435e-02  4.866631e-02 -3.364461e-02 
 5.145000e+04  4.509271e+03 -5.517949e-02  4.867038e-02 -3.364808e-02 
 5.150000e+04  4.510499e+03 -5.518451e-02  4.867431e-02 -3.365156e-02 
 5.155000e+04  4.511727e+03 -5.518944e-02  4.867824e-02 -3.365509e-02 
 5.160000e+04  4.512956e+03 -5.519424e-02  4.868228e-02 -3.365874e-02 
 5.165000e+04  4.514184e+03 -5.519908e-02  4.868640e-02 -3.366253e-02 
 5.170000e+04  4.515441e+03 -5.520408e-02  4.869064e-02 -3.366648e-02 
 5.175000e+04  4.516731e+03 -5.520923e-02  4.869488e-02 -3.367040e-02 
 5.180000e+04  4.518020e+03 -5.521430e-02  4.869903e-02 -3.367412e-02 
 5.185000e+04  4.519310e+03 -5.521951e-02  4.870320e-02 -3.367774e-02 
 5.190000e+04  4.520600e+03 -5.522482e-02  4.870749e-02 -3.368141e-02 
 5.195000e+04  4.521890e+03 -5.523010e-02  4.871190e-02 -3.368516e-02 
 5.200000e+04  4.523207e+03 -5.523540e-02  4.871639e-02 -3.368915e-02 
 5.205000e+04  4.524581e+03 -5.524085e-02  4.872086e-02 -3.369333e-02 
 5.210000e+04  4.526003e+03 -5.524628e-02  4.872539e-02 -3.369761e-02 
 5.215000e+04  4.527425e+03 -5.525174e-02  4.872989e-02 -3.370178e-02 
 5.220000e+04  4.528847e+03 -5.525740e-02  4.873455e-02 -3.370587e-02 
 5.225000e+04  4.530269e+03 -5.526325e-02  4.873945e-02 -3.371003e-02 
 5.230000e+04  4.531700e+03 -5.526920e-02  4.874441e-02 -3.371421e-02 
 5.235000e+04  4.533193e+03 -5.527530e-02  4.874937e-02 -3.371856e-02 
 5.240000e+04  4.534686e+03 -5.528118e-02  4.875421e-02 -3.372290e-02 
 5.245000e+04  4.536179e+03 -5.528697e-02  4.875890e-02 -3.372724e-02 
 5.250000e+04  4.537672e+03 -5.529277e-02  4.876363e-02 -3.373166e-02 
 5.255000e+04  4.539168e+03 -5.529864e-02  4.876862e-02 -3.373619e-02 
 5.260000e+04  4.540736e+03 -5.530487e-02  4.877384e-02 -3.374091e-02 
 5.265000e+04  4.542304e+03 -5.531106e-02  4.877907e-02 -3.374550e-02 
 5.270000e+04  4.543872e+03 -5.531729e-02  4.878418e-02 -3.374996e-02 
 5.275000e+04  4.545439e+03 -5.532355e-02  4.878934e-02 -3.375440e-02 
 5.280000e+04  4.547007e+03 -5.532978e-02  4.879452e-02 -3.375888e-02 
 5.285000e+04  4.548603e+03 -5.533614e-02  4.879982e-02 -3.376356e-02 
 5.290000e+04  4.550249e+03 -5.534256e-02  4.880523e-02 -3.376850e-02 
 5.295000e+04  4.551930e+03 -5.534899e-02  4.881067e-02 -3.377356e-02 
 5.300000e+04  4.553658e+03 -5.535568e-02  4.881627e-02 -3.377865e-02 
 5.305000e+04  4.555387e+03 -5.536244e-02  4.882183e-02 -3.378367e-02 
 5.310000e+04  4.557115e+03 -5.536929e-02  4.882750e-02 -3.378859e-02 
 5.315000e+04  4.558844e+03 -5.537618e-02  4.883330e-02 -3.379356e-02 
 5.320000e+04  4.560572e+03 -5.538306e-02  4.883918e-02 -3.379858e-02 
 5.325000e+04  4.562368e+03 -5.539016e-02  4.884507e-02 -3.380384e-02 
 5.330000e+04  4.564183e+03 -5.539728e-02  4.885092e-02 -3.380913e-02 
 5.335000e+04  4.565998e+03 -5.540433e-02  4.885672e-02 -3.381442e-02 
 5.340000e+04  4.567813e+03 -5.541142e-02  4.886261e-02 -3.381971e-02 
 5.345000e+04  4.569635e+03 -5.541853e-02  4.886860e-02 -3.382506e-02 
 5.350000e+04  4.571540e+03 -5.542609e-02  4.887487e-02 -3.383063e-02 
 5.355000e+04  4.573446e+03 -5.543365e-02  4.888112e-02 -3.383615e-02 
 5.360000e+04  4.575352e+03 -5.544130e-02  4.888731e-02 -3.384163e-02 
 5.365000e+04  4.577257e+03 -5.544887e-02  4.889352e-02 -3.384705e-02 
 5.370000e+04  4.579163e+03 -5.545649e-02  4.889969e-02 -3.385252e-02 
 5.375000e+04  4.581120e+03 -5.546428e-02  4.890615e-02 -3.385821e-02 
 5.380000e+04  4.583121e+03 -5.547207e-02  4.891263e-02 -3.386408e-02 
 5.385000e+04  4.585122e+03 -5.547987e-02  4.891904e-02 -3.386993e-02 
 5.390000e+04  4.587175e+03 -5.548794e-02  4.892567e-02 -3.387590e-02 
 5.395000e+04  4.589276e+03 -5.549627e-02  4.893245e-02 -3.388194e-02 
 5.400000e+04  4.591377e+03 -5.550461e-02  4.893919e-02 -3.388794e-02 
 5.405000e+04  4.593478e+03 -5.551290e-02  4.894604e-02 -3.389395e-02 
 5.410000e+04  4.595578e+03 -5.552119e-02  4.895296e-02 -3.390001e-02 
 5.415000e+04  4.597688e+03 -5.552941e-02  4.895992e-02 -3.390611e-02 
 5.420000e+04  4.599894e+03 -5.553801e-02  4.896710e-02 -3.391246e-02 
 5.425000e+04  4.602100e+03 -5.554660e-02  4.897426e-02 -3.391877e-02 
 5.430000e+04  4.604306e+03 -5.555518e-02  4.898149e-02 -3.392506e-02 
 5.435000e+04  4.606512e+03 -5.556375e-02  4.898863e-02 -3.393140e-02 
 5.440000e+04  4.608722e+03 -5.557234e-02  4.899578e-02 -3.393775e-02 
 5.445000e+04  4.611038e+03 -5.558135e-02  4.900324e-02 -3.394441e-02 
 5.450000e+04  4.613355e+03 -5.559044e-02  4.901074e-02 -3.395101e-02 
 5.455000e+04  4.615671e+03 -5.559952e-02  4.901821e-02 -3.395756e-02 
 5.460000e+04  4.617987e+03 -5.560856e-02  4.902571e-02 -3.396414e-02 
 5.465000e+04  4.620304e+03 -5.561765e-02  4.903320e-02 -3.397076e-02 
 5.470000e+04  4.622648e+03 -5.562674e-02  4.904082e-02 -3.397753e-02 
 5.475000e+04  4.625080e+03 -5.563615e-02  4.904870e-02 -3.398453e-02 
 5.480000e+04  4.627512e+03 -5.564562e-02  4.905644e-02 -3.399150e-02 
 5.485000e+04  4.629944e+03 -5.565515e-02  4.906425e-02 -3.399843e-02 
 5.490000e+04  4.632381e+03 -5.566473e-02  4.907203e-02 -3.400535e-02 
 5.495000e+04  4.634935e+03 -5.567480e-02  4.908024e-02 -3.401257e-02 
 5.500000e+04  4.637488e+03 -5.568470e-02  4.908851e-02 -3.401987e-02 
 5.505000e+04  4.640042e+03 -5.569466e-02  4.909675e-02 -3.402715e-02 
 5.510000e+04  4.642706e+03 -5.570496e-02  4.910541e-02 -3.403472e-02 
 5.515000e+04  4.645387e+03 -5.571541e-02  4.911406e-02 -3.404230e-02 
 5.520000e+04  4.648068e+03 -5.572583e-02  4.912266e-02 -3.404987e-02 
 5.525000e+04  4.650750e+03 -5.573615e-02  4.913131e-02 -3.405753e-02 
 5.530000e+04  4.653541e+03 -5.574696e-02  4.914033e-02 -3.406548e-02 
 5.535000e+04  4.656357e+03 -5.575784e-02  4.914944e-02 -3.407346e-02 
 5.540000e+04  4.659172e+03 -5.576879e-02  4.915853e-02 -3.408145e-02 
 5.545000e+04  4.661988e+03 -5.577980e-02  4.916762e-02 -3.408945e-02 
 5.550000e+04  4.664803e+03 -5.579067e-02  4.917679e-02 -3.409748e-02 
 5.555000e+04  4.667759e+03 -5.580198e-02  4.918641e-02 -3.410592e-02 
 5.560000e+04  4.670716e+03 -5.581326e-02  4.919590e-02 -3.411436e-02 
 5.565000e+04  4.673672e+03 -5.582462e-02  4.920542e-02 -3.412279e-02 
 5.570000e+04  4.676628e+03 -5.583614e-02  4.921494e-02 -3.413122e-02 
 5.575000e+04  4.679643e+03 -5.584790e-02  4.922472e-02 -3.413979e-02 
 5.580000e+04  4.682747e+03 -5.585999e-02  4.923483e-02 -3.414859e-02 
 5.585000e+04  4.685851e+03 -5.587209e-02  4.924483e-02 -3.415740e-02 
 5.590000e+04  4.689052e+03 -5.588450e-02  4.925514e-02 -3.416646e-02 
 5.595000e+04  4.692311e+03 -5.589714e-02  4.926564e-02 -3.417566e-02 
 5.600000e+04  4.695570e+03 -5.590986e-02  4.927614e-02 -3.418488e-02 
 5.605000e+04  4.698830e+03 -5.592246e-02  4.928672e-02 -3.419417e-02 
 5.610000e+04  4.702089e+03 -5.593504e-02  4.929733e-02 -3.420351e-02 
 5.615000e+04  4.705364e+03 -5.594770e-02  4.930798e-02 -3.421285e-02 
 5.620000e+04  4.708787e+03 -5.596090e-02  4.931905e-02 -3.422259e-02 
 5.625000e+04  4.712209e+03 -5.597409e-02  4.933008e-02 -3.423222e-02 
 5.630000e+04  4.715631e+03 -5.598727e-02  4.934122e-02 -3.424180e-02 
 5.635000e+04  4.719053e+03 -5.600052e-02  4.935245e-02 -3.425143e-02 
 5.640000e+04  4.722527e+03 -5.601401e-02  4.936380e-02 -3.426125e-02 
 5.645000e+04  4.726120e+03 -5.602789e-02  4.937548e-02 -3.427148e-02 
 5.650000e+04  4.729886e+03 -5.604232e-02  4.938765e-02 -3.428217e-02 
 5.655000e+04  4.733659e+03 -5.605667e-02  4.939981e-02 -3.429285e-02 
 5.660000e+04  4.737432e+03 -5.607104e-02  4.941202e-02 -3.430345e-02 
 5.665000e+04  4.741205e+03 -5.608552e-02  4.942424e-02 -3.431406e-02 
 5.670000e+04  4.744978e+03 -5.610011e-02  4.943658e-02 -3.432472e-02 
 5.675000e+04  4.748879e+03 -5.611516e-02  4.944929e-02 -3.433572e-02 
 5.680000e+04  4.752841e+03 -5.613034e-02  4.946213e-02 -3.434684e-02 
 5.685000e+04  4.756802e+03 -5.614541e-02  4.947498e-02 -3.435796e-02 
 5.690000e+04  4.760764e+03 -5.616055e-02  4.948781e-02 -3.436909e-02 
 5.695000e+04  4.764757e+03 -5.617581e-02  4.950067e-02 -3.438028e-02 
 5.700000e+04  4.768917e+03 -5.619171e-02  4.951410e-02 -3.439196e-02 
 5.705000e+04  4.773077e+03 -5.620756e-02  4.952761e-02 -3.440368e-02 
 5.710000e+04  4.777361e+03 -5.622378e-02  4.954153e-02 -3.441568e-02 
 5.715000e+04  4.781729e+03 -5.624038e-02  4.955568e-02 -3.442784e-02 
 5.720000e+04  4.786097e+03 -5.625709e-02  4.956988e-02 -3.443996e-02 
 5.725000e+04  4.790464e+03 -5.627379e-02  4.958411e-02 -3.445210e-02 
 5.730000e+04  4.794885e+03 -5.629061e-02  4.959850e-02 -3.446443e-02 
 5.735000e+04  4.799471e+03 -5.630793e-02  4.961344e-02 -3.447729e-02 
 5.740000e+04  4.804057e+03 -5.632519e-02  4.962837e-02 -3.449014e-02 
 5.745000e+04  4.808863e+03 -5.634331e-02  4.964393e-02 -3.450362e-02 
 5.750000e+04  4.813678e+03 -5.636149e-02  4.965960e-02 -3.451700e-02 
 5.755000e+04  4.818494e+03 -5.637969e-02  4.967528e-02 -3.453021e-02 
 5.760000e+04  4.823309e+03 -5.639791e-02  4.969078e-02 -3.454330e-02 
 5.765000e+04  4.828125e+03 -5.641626e-02  4.970595e-02 -3.455644e-02 
 5.770000e+04  4.832940e+03 -5.643484e-02  4.972153e-02 -3.456988e-02 
 5.775000e+04  4.837755e+03 -5.645318e-02  4.973722e-02 -3.458342e-02 
 5.780000e+04  4.842571e+03 -5.647120e-02  4.975293e-02 -3.459684e-02 
 5.785000e+04  4.847386e+03 -5.648910e-02  4.976865e-02 -3.461025e-02 
 5.790000e+04  4.852202e+03 -5.650720e-02  4.978422e-02 -3.462367e-02 
 5.795000e+04  4.857017e+03 -5.652535e-02  4.979985e-02 -3.463693e-02 
 5.800000e+04  4.861832e+03 -5.654335e-02  4.981559e-02 -3.465012e-02 
 5.805000e+04  4.866648e+03 -5.656135e-02  4.983162e-02 -3.466338e-02 
 5.810000e+04  4.871463e+03 -5.657929e-02  4.984766e-02 -3.467665e-02 
 5.815000e+04  4.876380e+03 -5.659762e-02  4.986389e-02 -3.469012e-02 
 5.820000e+04  4.881436e+03 -5.661639e-02  4.988040e-02 -3.470405e-02 
 5.825000e+04  4.886492e+03 -5.663495e-02  4.989706e-02 -3.471805e-02 
 5.830000e+04  4.891548e+03 -5.665338e-02  4.991387e-02 -3.473200e-02 
 5.835000e+04  4.896832e+03 -5.667266e-02  4.993147e-02 -3.474653e-02 
 5.840000e+04  4.902141e+03 -5.669231e-02  4.994921e-02 -3.476108e-02 
 5.845000e+04  4.907625e+03 -5.671278e-02  4.996739e-02 -3.477606e-02 
 5.850000e+04  4.913200e+03 -5.673354e-02  4.998578e-02 -3.479121e-02 
 5.855000e+04  4.918774e+03 -5.675415e-02  5.000414e-02 -3.480645e-02 
 5.860000e+04  4.924348e+03 -5.677472e-02  5.002250e-02 -3.482173e-02 
 5.865000e+04  4.930202e+03 -5.679630e-02  5.004167e-02 -3.483781e-02 
 5.870000e+04  4.936055e+03 -5.681798e-02  5.006083e-02 -3.485384e-02 
 5.875000e+04  4.942101e+03 -5.684037e-02  5.008062e-02 -3.487037e-02 
 5.880000e+04  4.948247e+03 -5.686306e-02  5.010082e-02 -3.488706e-02 
 5.885000e+04  4.954393e+03 -5.688571e-02  5.012101e-02 -3.490355e-02 
 5.890000e+04  4.960539e+03 -5.690842e-02  5.014083e-02 -3.491986e-02 
 5.895000e+04  4.966684e+03 -5.693132e-02  5.016004e-02 -3.493620e-02 
 5.900000e+04  4.972830e+03 -5.695458e-02  5.017956e-02 -3.495292e-02 
 5.905000e+04  4.978976e+03 -5.697758e-02  5.019959e-02 -3.496987e-02 
 5.910000e+04  4.985122e+03 -5.700006e-02  5.021967e-02 -3.498673e-02 
 5.915000e+04  4.991268e+03 -5.702231e-02  5.023987e-02 -3.500350e-02 
 5.920000e+04  4.997413e+03 -5.704476e-02  5.025996e-02 -3.502012e-02 
 5.925000e+04  5.003559e+03 -5.706715e-02  5.028018e-02 -3.503652e-02 
 5.930000e+04  5.009705e+03 -5.708938e-02  5.030060e-02 -3.505278e-02 
 5.935000e+04  5.015851e+03 -5.711149e-02  5.032064e-02 -3.506882e-02 
 5.940000e+04  5.021997e+03 -5.713373e-02  5.033938e-02 -3.508483e-02 
 5.945000e+04  5.028142e+03 -5.715663e-02  5.035848e-02 -3.510133e-02 
 5.950000e+04  5.034288e+03 -5.717973e-02  5.037818e-02 -3.511834e-02 
 5.955000e+04  5.040434e+03 -5.720186e-02  5.039824e-02 -3.513509e-02 
 5.960000e+04  5.046580e+03 -5.722336e-02  5.041866e-02 -3.515160e-02 
 5.965000e+04  5.052726e+03 -5.724548e-02  5.043896e-02 -3.516819e-02 
 5.970000e+04  5.058871e+03 -5.726827e-02  5.045933e-02 -3.518451e-02 
 5.975000e+04  5.065017e+03 -5.729095e-02  5.047942e-02 -3.520074e-02 
 5.980000e+04  5.071163e+03 -5.731331e-02  5.049960e-02 -3.521707e-02 
 5.985000e+04  5.077309e+03 -5.733547e-02  5.051996e-02 -3.523383e-02 
 5.990000e+04  5.083455e+03 -5.735767e-02  5.053988e-02 -3.525051e-02 
 5.995000e+04  5.089601e+03 -5.737992e-02  5.055925e-02 -3.526704e-02 
 6.000000e+04  5.095746e+03 -5.740215e-02  5.057889e-02 -3.528366e-02 
 6.005000e+04  5.101892e+03 -5.742386e-02  5.059901e-02 -3.530014e-02 
 6.010000e+04  5.108038e+03 -5.744534e-02  5.061942e-02 -3.531643e-02 
 6.015000e+04  5.114184e+03 -5.746728e-02  5.064011e-02 -3.533291e-02 
 6.020000e+04  5.120330e+03 -5.749010e-02  5.066065e-02 -3.534937e-02 
 6.025000e+04  5.126475e+03 -5.751283e-02  5.068083e-02 -3.536561e-02 
 6.030000e+04  5.132621e+03 -5.753528e-02  5.070064e-02 -3.538190e-02 
 6.035000e+04  5.138767e+03 -5.755746e-02  5.072042e-02 -3.539858e-02 
 6.040000e+04  5.144913e+03 -5.757952e-02  5.073998e-02 -3.541529e-02 
 6.045000e+04  5.151059e+03 -5.760168e-02  5.075939e-02 -3.543192e-02 
 6.050000e+04  5.157204e+03 -5.762395e-02  5.077898e-02 -3.544855e-02 
 6.055000e+04  5.163350e+03 -5.764618e-02  5.079900e-02 -3.546513e-02 
 6.060000e+04  5.169496e+03 -5.766837e-02  5.081930e-02 -3.548147e-02 
 6.065000e+04  5.175642e+03 -5.769058e-02  5.083958e-02 -3.549768e-02 
 6.070000e+04  5.181788e+03 -5.771308e-02  5.085968e-02 -3.551385e-02 
 6.075000e+04  5.187933e+03 -5.773560e-02  5.087930e-02 -3.553010e-02 
 6.080000e+04  5.194079e+03 -5.775802e-02  5.089880e-02 -3.554653e-02 
 6.085000e+04  5.200225e+03 -5.778022e-02  5.091832e-02 -3.556316e-02 
 6.090000e+04  5.206371e+03 -5.780210e-02  5.093792e-02 -3.557980e-02 
 6.095000e+04  5.212517e+03 -5.782398e-02  5.095756e-02 -3.559632e-02 
 6.100000e+04  5.218663e+03 -5.784601e-02  5.097728e-02 -3.561274e-02 
 6.105000e+04  5.224808e+03 -5.786816e-02  5.099723e-02 -3.562897e-02 
 6.110000e+04  5.230954e+03 -5.789029e-02  5.101710e-02 -3.564488e-02 
 6.115000e+04  5.237100e+03 -5.791234e-02  5.103707e-02 -3.566078e-02 
 6.120000e+04  5.243246e+03 -5.793478e-02  5.105696e-02 -3.567715e-02 
 6.125000e+04  5.249392e+03 -5.795729e-02  5.107656e-02 -3.569372e-02 
 6.130000e+04  5.255537e+03 -5.797936e-02  5.109587e-02 -3.571029e-02 
 6.135000e+04  5.261683e+03 -5.800122e-02  5.111526e-02 -3.572689e-02 
 6.140000e+04  5.267829e+03 -5.802304e-02  5.113484e-02 -3.574343e-02 
 6.145000e+04  5.273975e+03 -5.804501e-02  5.115454e-02 -3.575967e-02 
 6.150000e+04  5.280121e+03 -5.806723e-02  5.117429e-02 -3.577582e-02 
 6.155000e+04  5.286266e+03 -5.808956e-02  5.119436e-02 -3.579210e-02 
 6.160000e+04  5.292412e+03 -5.811184e-02  5.121444e-02 -3.580834e-02 
