         Step [creep.tim... Z Displace... Z Displace... X Displace... 
------------- ------------- ------------- ------------- ------------- 
 5.250000e+03  1.276223e-07 -4.629353e-03  4.524540e-03 -2.433365e-03 
 5.300000e+03  3.886505e-06 -4.629717e-03  4.524790e-03 -2.433765e-03 
 5.350000e+03  2.361607e-05 -4.632190e-03  4.526183e-03 -2.436292e-03 
 5.400000e+03  5.210625e-05 -4.636010e-03  4.528985e-03 -2.439694e-03 
 5.450000e+03  8.118918e-05 -4.639789e-03  4.533131e-03 -2.443168e-03 
 5.500000e+03  1.147097e-04 -4.645046e-03  4.539631e-03 -2.447871e-03 
 5.550000e+03  1.556349e-04 -4.652718e-03  4.549069e-03 -2.454306e-03 
 5.600000e+03  2.029278e-04 -4.660899e-03  4.559539e-03 -2.460917e-03 
 5.650000e+03  2.551988e-04 -4.668480e-03  4.568419e-03 -2.466738e-03 
 5.700000e+03  3.119859e-04 -4.675735e-03  4.576537e-03 -2.472933e-03 
 5.750000e+03  3.687731e-04 -4.682606e-03  4.583997e-03 -2.479185e-03 
 5.800000e+03  4.255603e-04 -4.689146e-03  4.590792e-03 -2.485376e-03 
 5.850000e+03  4.825179e-04 -4.696066e-03  4.597892e-03 -2.492098e-03 
 5.900000e+03  5.469429e-04 -4.705148e-03  4.606845e-03 -2.500345e-03 
 5.950000e+03  6.183839e-04 -4.715773e-03  4.617204e-03 -2.508945e-03 
 6.000000e+03  6.934152e-04 -4.726105e-03  4.627571e-03 -2.516500e-03 
 6.050000e+03  7.759573e-04 -4.736539e-03  4.638271e-03 -2.523871e-03 
 6.100000e+03  8.638012e-04 -4.746910e-03  4.649311e-03 -2.531590e-03 
 6.150000e+03  9.518968e-04 -4.756725e-03  4.659885e-03 -2.539328e-03 
 6.200000e+03  1.039992e-03 -4.766255e-03  4.669855e-03 -2.547351e-03 
 6.250000e+03  1.139580e-03 -4.777285e-03  4.681009e-03 -2.557013e-03 
 6.300000e+03  1.253621e-03 -4.790094e-03  4.693461e-03 -2.568147e-03 
 6.350000e+03  1.371677e-03 -4.802815e-03  4.705574e-03 -2.578802e-03 
 6.400000e+03  1.490796e-03 -4.814625e-03  4.717265e-03 -2.588448e-03 
 6.450000e+03  1.614756e-03 -4.826448e-03  4.729473e-03 -2.597689e-03 
 6.500000e+03  1.738715e-03 -4.837989e-03  4.742076e-03 -2.606423e-03 
 6.550000e+03  1.862674e-03 -4.849347e-03  4.754979e-03 -2.615058e-03 
 6.600000e+03  1.998389e-03 -4.861751e-03  4.768986e-03 -2.624781e-03 
 6.650000e+03  2.152292e-03 -4.875555e-03  4.784147e-03 -2.636059e-03 
 6.700000e+03  2.318409e-03 -4.889713e-03  4.798714e-03 -2.648151e-03 
 6.750000e+03  2.493123e-03 -4.903593e-03  4.812492e-03 -2.660336e-03 
 6.800000e+03  2.676268e-03 -4.917642e-03  4.826365e-03 -2.672362e-03 
 6.850000e+03  2.859412e-03 -4.931676e-03  4.840228e-03 -2.683448e-03 
 6.900000e+03  3.042556e-03 -4.945768e-03  4.854270e-03 -2.693846e-03 
 6.950000e+03  3.225701e-03 -4.960020e-03  4.868622e-03 -2.704010e-03 
 7.000000e+03  3.420383e-03 -4.974784e-03  4.884065e-03 -2.714854e-03 
 7.050000e+03  3.629771e-03 -4.989718e-03  4.900305e-03 -2.726465e-03 
 7.100000e+03  3.853815e-03 -5.004627e-03  4.916220e-03 -2.738753e-03 
 7.150000e+03  4.093402e-03 -5.019916e-03  4.931827e-03 -2.751562e-03 
 7.200000e+03  4.338833e-03 -5.035398e-03  4.946790e-03 -2.764125e-03 
 7.250000e+03  4.592118e-03 -5.051322e-03  4.961714e-03 -2.776475e-03 
 7.300000e+03  4.849821e-03 -5.067290e-03  4.976902e-03 -2.788584e-03 
 7.350000e+03  5.107523e-03 -5.083014e-03  4.992314e-03 -2.800197e-03 
 7.400000e+03  5.374503e-03 -5.098736e-03  5.008459e-03 -2.811859e-03 
 7.450000e+03  5.647796e-03 -5.114060e-03  5.024887e-03 -2.823486e-03 
 7.500000e+03  5.945111e-03 -5.129851e-03  5.042206e-03 -2.835907e-03 
 7.550000e+03  6.272759e-03 -5.146619e-03  5.060442e-03 -2.849407e-03 
 7.600000e+03  6.601660e-03 -5.162970e-03  5.077686e-03 -2.862761e-03 
 7.650000e+03  6.946150e-03 -5.179725e-03  5.094776e-03 -2.876372e-03 
 7.700000e+03  7.308764e-03 -5.197176e-03  5.112112e-03 -2.890200e-03 
 7.750000e+03  7.671377e-03 -5.214613e-03  5.129103e-03 -2.903357e-03 
 7.800000e+03  8.033990e-03 -5.231755e-03  5.145858e-03 -2.915885e-03 
 7.850000e+03  8.396604e-03 -5.248373e-03  5.162475e-03 -2.927958e-03 
 7.900000e+03  8.767194e-03 -5.264618e-03  5.179343e-03 -2.940145e-03 
 7.950000e+03  9.162502e-03 -5.281215e-03  5.197143e-03 -2.953130e-03 
 8.000000e+03  9.592347e-03 -5.298727e-03  5.215832e-03 -2.967109e-03 
 8.050000e+03  1.004589e-02 -5.316901e-03  5.234489e-03 -2.981458e-03 
 8.100000e+03  1.052396e-02 -5.335971e-03  5.253123e-03 -2.996035e-03 
 8.150000e+03  1.100989e-02 -5.355217e-03  5.271251e-03 -3.010250e-03 
 8.200000e+03  1.149583e-02 -5.374015e-03  5.288905e-03 -3.023899e-03 
 8.250000e+03  1.198177e-02 -5.392275e-03  5.306354e-03 -3.037107e-03 
 8.300000e+03  1.246770e-02 -5.409816e-03  5.323748e-03 -3.050066e-03 
 8.350000e+03  1.295364e-02 -5.426672e-03  5.341127e-03 -3.062827e-03 
 8.400000e+03  1.348456e-02 -5.444416e-03  5.360018e-03 -3.076622e-03 
 8.450000e+03  1.406903e-02 -5.463418e-03  5.380463e-03 -3.091587e-03 
 8.500000e+03  1.468036e-02 -5.482896e-03  5.400937e-03 -3.106754e-03 
 8.550000e+03  1.531234e-02 -5.502706e-03  5.420992e-03 -3.121802e-03 
 8.600000e+03  1.596354e-02 -5.522950e-03  5.440807e-03 -3.136774e-03 
 8.650000e+03  1.661474e-02 -5.542937e-03  5.460018e-03 -3.151305e-03 
 8.700000e+03  1.726594e-02 -5.562441e-03  5.478803e-03 -3.165433e-03 
 8.750000e+03  1.791714e-02 -5.581265e-03  5.497427e-03 -3.179391e-03 
 8.800000e+03  1.857030e-02 -5.599439e-03  5.516059e-03 -3.193242e-03 
 8.850000e+03  1.927892e-02 -5.618446e-03  5.536191e-03 -3.208025e-03 
 8.900000e+03  2.003578e-02 -5.638239e-03  5.557299e-03 -3.223441e-03 
 8.950000e+03  2.083048e-02 -5.658861e-03  5.578730e-03 -3.239006e-03 
 9.000000e+03  2.166160e-02 -5.680355e-03  5.600172e-03 -3.254648e-03 
 9.050000e+03  2.249272e-02 -5.701725e-03  5.620617e-03 -3.269878e-03 
 9.100000e+03  2.332383e-02 -5.722683e-03  5.640352e-03 -3.284850e-03 
 9.150000e+03  2.415495e-02 -5.742951e-03  5.659613e-03 -3.299622e-03 
 9.200000e+03  2.498607e-02 -5.762447e-03  5.678687e-03 -3.314159e-03 
 9.250000e+03  2.583464e-02 -5.781616e-03  5.698123e-03 -3.328746e-03 
 9.300000e+03  2.675596e-02 -5.801986e-03  5.719155e-03 -3.344209e-03 
 9.350000e+03  2.776522e-02 -5.823950e-03  5.742069e-03 -3.360675e-03 
 9.400000e+03  2.879768e-02 -5.846074e-03  5.765060e-03 -3.376955e-03 
 9.450000e+03  2.986690e-02 -5.868694e-03  5.787950e-03 -3.393268e-03 
 9.500000e+03  3.098068e-02 -5.891959e-03  5.810651e-03 -3.409907e-03 
 9.550000e+03  3.209445e-02 -5.914772e-03  5.832317e-03 -3.426311e-03 
 9.600000e+03  3.320823e-02 -5.936779e-03  5.853406e-03 -3.442481e-03 
 9.650000e+03  3.432200e-02 -5.957951e-03  5.874296e-03 -3.458388e-03 
 9.700000e+03  3.543578e-02 -5.978592e-03  5.895249e-03 -3.474004e-03 
 9.750000e+03  3.659305e-02 -5.999626e-03  5.917024e-03 -3.489864e-03 
 9.800000e+03  3.785168e-02 -6.022214e-03  5.940569e-03 -3.506562e-03 
 9.850000e+03  3.917196e-02 -6.045661e-03  5.964870e-03 -3.523467e-03 
 9.900000e+03  4.052576e-02 -6.069406e-03  5.988890e-03 -3.540329e-03 
 9.950000e+03  4.187956e-02 -6.092815e-03  6.011626e-03 -3.556901e-03 
 1.000000e+04  4.328075e-02 -6.116536e-03  6.034076e-03 -3.573916e-03 
 1.005000e+04  4.470224e-02 -6.139925e-03  6.056312e-03 -3.591094e-03 
 1.010000e+04  4.612373e-02 -6.162527e-03  6.078332e-03 -3.607925e-03 
 1.015000e+04  4.754522e-02 -6.184564e-03  6.100322e-03 -3.624316e-03 
 1.020000e+04  4.901369e-02 -6.207120e-03  6.123140e-03 -3.640790e-03 
 1.025000e+04  5.058088e-02 -6.230797e-03  6.147481e-03 -3.657878e-03 
 1.030000e+04  5.221860e-02 -6.255080e-03  6.172606e-03 -3.675154e-03 
 1.035000e+04  5.392175e-02 -6.279914e-03  6.197891e-03 -3.692783e-03 
 1.040000e+04  5.564958e-02 -6.304761e-03  6.222307e-03 -3.710503e-03 
 1.045000e+04  5.737741e-02 -6.329103e-03  6.245533e-03 -3.728068e-03 
 1.050000e+04  5.915708e-02 -6.353469e-03  6.268835e-03 -3.745977e-03 
 1.055000e+04  6.097130e-02 -6.377666e-03  6.292409e-03 -3.763858e-03 
 1.060000e+04  6.278552e-02 -6.401398e-03  6.315994e-03 -3.781241e-03 
 1.065000e+04  6.459975e-02 -6.424728e-03  6.339679e-03 -3.798159e-03 
 1.070000e+04  6.655629e-02 -6.449555e-03  6.365189e-03 -3.815884e-03 
 1.075000e+04  6.864448e-02 -6.475683e-03  6.392236e-03 -3.834344e-03 
 1.080000e+04  7.074467e-02 -6.501499e-03  6.418598e-03 -3.852603e-03 
 1.085000e+04  7.290997e-02 -6.527578e-03  6.444258e-03 -3.871255e-03 
 1.090000e+04  7.518794e-02 -6.554525e-03  6.470120e-03 -3.890786e-03 
 1.095000e+04  7.750340e-02 -6.581341e-03  6.495723e-03 -3.910371e-03 
 1.100000e+04  7.981886e-02 -6.607539e-03  6.521060e-03 -3.929428e-03 
 1.105000e+04  8.213432e-02 -6.633319e-03  6.546423e-03 -3.947897e-03 
 1.110000e+04  8.444978e-02 -6.658831e-03  6.571895e-03 -3.965896e-03 
 1.115000e+04  8.681154e-02 -6.684338e-03  6.597864e-03 -3.983818e-03 
 1.120000e+04  8.932592e-02 -6.710859e-03  6.625181e-03 -4.002584e-03 
 1.125000e+04  9.200636e-02 -6.738607e-03  6.653549e-03 -4.022413e-03 
 1.130000e+04  9.468679e-02 -6.765944e-03  6.680592e-03 -4.042051e-03 
 1.135000e+04  9.743155e-02 -6.793453e-03  6.707035e-03 -4.061956e-03 
 1.140000e+04  1.002460e-01 -6.821254e-03  6.733508e-03 -4.081976e-03 
 1.145000e+04  1.030605e-01 -6.848629e-03  6.759795e-03 -4.101463e-03 
 1.150000e+04  1.058749e-01 -6.875552e-03  6.786051e-03 -4.120420e-03 
 1.155000e+04  1.086894e-01 -6.902012e-03  6.812263e-03 -4.138955e-03 
 1.160000e+04  1.116023e-01 -6.928801e-03  6.839361e-03 -4.157800e-03 
 1.165000e+04  1.146905e-01 -6.956645e-03  6.867956e-03 -4.177523e-03 
 1.170000e+04  1.179238e-01 -6.985217e-03  6.897153e-03 -4.197932e-03 
 1.175000e+04  1.212763e-01 -7.014357e-03  6.926183e-03 -4.218815e-03 
 1.180000e+04  1.246973e-01 -7.043665e-03  6.954690e-03 -4.239914e-03 
 1.185000e+04  1.281183e-01 -7.072610e-03  6.982479e-03 -4.260627e-03 
 1.190000e+04  1.315393e-01 -7.101118e-03  7.009909e-03 -4.280783e-03 
 1.195000e+04  1.349603e-01 -7.129257e-03  7.037229e-03 -4.300445e-03 
 1.200000e+04  1.383813e-01 -7.156976e-03  7.064553e-03 -4.319730e-03 
 1.205000e+04  1.418057e-01 -7.184065e-03  7.091857e-03 -4.338766e-03 
 1.210000e+04  1.454767e-01 -7.212427e-03  7.120855e-03 -4.358964e-03 
 1.215000e+04  1.493879e-01 -7.242177e-03  7.151169e-03 -4.380238e-03 
 1.220000e+04  1.533481e-01 -7.271928e-03  7.180860e-03 -4.401468e-03 
 1.225000e+04  1.573084e-01 -7.301331e-03  7.209383e-03 -4.422340e-03 
 1.230000e+04  1.614389e-01 -7.331733e-03  7.238453e-03 -4.443737e-03 
 1.235000e+04  1.655971e-01 -7.362036e-03  7.267334e-03 -4.464821e-03 
 1.240000e+04  1.697553e-01 -7.391827e-03  7.295993e-03 -4.485480e-03 
 1.245000e+04  1.739136e-01 -7.421006e-03  7.324456e-03 -4.505797e-03 
 1.250000e+04  1.780718e-01 -7.449553e-03  7.352931e-03 -4.525882e-03 
 1.255000e+04  1.822550e-01 -7.477597e-03  7.381456e-03 -4.545840e-03 
 1.260000e+04  1.867521e-01 -7.507235e-03  7.411674e-03 -4.567012e-03 
 1.265000e+04  1.915154e-01 -7.538322e-03  7.442879e-03 -4.589115e-03 
 1.270000e+04  1.963290e-01 -7.569557e-03  7.473463e-03 -4.611081e-03 
 1.275000e+04  2.011427e-01 -7.600513e-03  7.503171e-03 -4.632668e-03 
 1.280000e+04  2.059564e-01 -7.631113e-03  7.532301e-03 -4.653839e-03 
 1.285000e+04  2.107700e-01 -7.661181e-03  7.561168e-03 -4.674684e-03 
 1.290000e+04  2.155837e-01 -7.690691e-03  7.589912e-03 -4.695257e-03 
 1.295000e+04  2.203974e-01 -7.719534e-03  7.618515e-03 -4.715582e-03 
 1.300000e+04  2.254250e-01 -7.749073e-03  7.648269e-03 -4.736551e-03 
 1.305000e+04  2.308170e-01 -7.780343e-03  7.680006e-03 -4.758819e-03 
 1.310000e+04  2.363894e-01 -7.812316e-03  7.712199e-03 -4.781396e-03 
 1.315000e+04  2.419786e-01 -7.844039e-03  7.743429e-03 -4.803569e-03 
 1.320000e+04  2.478296e-01 -7.877125e-03  7.775245e-03 -4.826438e-03 
 1.325000e+04  2.536807e-01 -7.909920e-03  7.806397e-03 -4.849030e-03 
 1.330000e+04  2.595317e-01 -7.942086e-03  7.837089e-03 -4.871288e-03 
 1.335000e+04  2.653828e-01 -7.973568e-03  7.867535e-03 -4.893291e-03 
 1.340000e+04  2.712338e-01 -8.004504e-03  7.897934e-03 -4.915051e-03 
 1.345000e+04  2.770849e-01 -8.034821e-03  7.928260e-03 -4.936511e-03 
 1.350000e+04  2.832390e-01 -8.066228e-03  7.959924e-03 -4.958728e-03 
 1.355000e+04  2.898833e-01 -8.099915e-03  7.993751e-03 -4.982291e-03 
 1.360000e+04  2.966567e-01 -8.134088e-03  8.027365e-03 -5.005883e-03 
 1.365000e+04  3.034300e-01 -8.167936e-03  8.059875e-03 -5.029181e-03 
 1.370000e+04  3.102033e-01 -8.201371e-03  8.091578e-03 -5.052249e-03 
 1.375000e+04  3.169766e-01 -8.234254e-03  8.122865e-03 -5.075050e-03 
 1.380000e+04  3.237499e-01 -8.266451e-03  8.153896e-03 -5.097577e-03 
 1.385000e+04  3.305233e-01 -8.298085e-03  8.184827e-03 -5.119827e-03 
 1.390000e+04  3.374185e-01 -8.329750e-03  8.216275e-03 -5.142107e-03 
 1.395000e+04  3.448576e-01 -8.363557e-03  8.250247e-03 -5.165790e-03 
 1.400000e+04  3.524970e-01 -8.397906e-03  8.284825e-03 -5.189726e-03 
 1.405000e+04  3.605340e-01 -8.433641e-03  8.320288e-03 -5.214468e-03 
 1.410000e+04  3.687670e-01 -8.469982e-03  8.355532e-03 -5.239519e-03 
 1.415000e+04  3.770000e-01 -8.505912e-03  8.389807e-03 -5.264389e-03 
 1.420000e+04  3.852330e-01 -8.541270e-03  8.423429e-03 -5.288963e-03 
 1.425000e+04  3.934660e-01 -8.575956e-03  8.456813e-03 -5.313198e-03 
 1.430000e+04  4.016990e-01 -8.610165e-03  8.490104e-03 -5.337134e-03 
 1.435000e+04  4.099321e-01 -8.643919e-03  8.523342e-03 -5.360688e-03 
 1.440000e+04  4.185981e-01 -8.678894e-03  8.558197e-03 -5.385066e-03 
 1.445000e+04  4.280290e-01 -8.716619e-03  8.595880e-03 -5.411233e-03 
 1.450000e+04  4.375598e-01 -8.754380e-03  8.633234e-03 -5.437316e-03 
 1.455000e+04  4.470905e-01 -8.791722e-03  8.669394e-03 -5.463034e-03 
 1.460000e+04  4.570978e-01 -8.830550e-03  8.706272e-03 -5.489841e-03 
 1.465000e+04  4.671051e-01 -8.868935e-03  8.742585e-03 -5.516371e-03 
 1.470000e+04  4.771124e-01 -8.906604e-03  8.778531e-03 -5.542521e-03 
 1.475000e+04  4.871196e-01 -8.943621e-03  8.814292e-03 -5.568278e-03 
 1.480000e+04  4.972670e-01 -8.980668e-03  8.850529e-03 -5.593988e-03 
 1.485000e+04  5.077747e-01 -9.018505e-03  8.888015e-03 -5.620208e-03 
 1.490000e+04  5.188056e-01 -9.057669e-03  8.927057e-03 -5.647339e-03 
 1.495000e+04  5.305988e-01 -9.099001e-03  8.968121e-03 -5.675991e-03 
 1.500000e+04  5.427627e-01 -9.141227e-03  9.009398e-03 -5.705247e-03 
 1.505000e+04  5.549266e-01 -9.182971e-03  9.049438e-03 -5.734191e-03 
 1.510000e+04  5.670905e-01 -9.224130e-03  9.088670e-03 -5.762743e-03 
 1.515000e+04  5.792544e-01 -9.264760e-03  9.127488e-03 -5.790880e-03 
 1.520000e+04  5.914184e-01 -9.304829e-03  9.166129e-03 -5.818614e-03 
 1.525000e+04  6.035823e-01 -9.344294e-03  9.204609e-03 -5.845925e-03 
 1.530000e+04  6.159286e-01 -9.383748e-03  9.243487e-03 -5.873254e-03 
 1.535000e+04  6.292244e-01 -9.425751e-03  9.285124e-03 -5.902366e-03 
 1.540000e+04  6.427424e-01 -9.467949e-03  9.326841e-03 -5.931619e-03 
 1.545000e+04  6.570349e-01 -9.512017e-03  9.369820e-03 -5.962143e-03 
 1.550000e+04  6.718202e-01 -9.557245e-03  9.413157e-03 -5.993361e-03 
 1.555000e+04  6.866055e-01 -9.602089e-03  9.455640e-03 -6.024222e-03 
 1.560000e+04  7.013908e-01 -9.646220e-03  9.497475e-03 -6.054600e-03 
 1.565000e+04  7.161761e-01 -9.689661e-03  9.539018e-03 -6.084480e-03 
 1.570000e+04  7.309614e-01 -9.732541e-03  9.580477e-03 -6.114009e-03 
 1.575000e+04  7.457615e-01 -9.774653e-03  9.621790e-03 -6.143201e-03 
 1.580000e+04  7.617208e-01 -9.819436e-03  9.666037e-03 -6.174285e-03 
 1.585000e+04  7.787225e-01 -9.866630e-03  9.712646e-03 -6.207009e-03 
 1.590000e+04  7.958384e-01 -9.913670e-03  9.758526e-03 -6.239531e-03 
 1.595000e+04  8.134506e-01 -9.961512e-03  9.804563e-03 -6.272561e-03 
 1.600000e+04  8.314222e-01 -1.000981e-02  9.850571e-03 -6.305843e-03 
 1.605000e+04  8.493938e-01 -1.005752e-02  9.895947e-03 -6.338644e-03 
 1.610000e+04  8.673655e-01 -1.010447e-02  9.940913e-03 -6.370983e-03 
 1.615000e+04  8.853371e-01 -1.015072e-02  9.985628e-03 -6.402902e-03 
 1.620000e+04  9.033088e-01 -1.019627e-02  1.003013e-02 -6.434413e-03 
 1.625000e+04  9.220172e-01 -1.024297e-02  1.007619e-02 -6.466850e-03 
 1.630000e+04  9.415857e-01 -1.029124e-02  1.012382e-02 -6.500381e-03 
 1.635000e+04  9.622118e-01 -1.034166e-02  1.017302e-02 -6.535237e-03 
 1.640000e+04  9.830162e-01 -1.039212e-02  1.022149e-02 -6.569961e-03 
 1.645000e+04  1.003821e+00 -1.044208e-02  1.026890e-02 -6.604227e-03 
 1.650000e+04  1.024625e+00 -1.049147e-02  1.031561e-02 -6.637996e-03 
 1.655000e+04  1.045429e+00 -1.054013e-02  1.036189e-02 -6.671374e-03 
 1.660000e+04  1.066234e+00 -1.058810e-02  1.040785e-02 -6.704381e-03 
 1.665000e+04  1.087163e+00 -1.063563e-02  1.045380e-02 -6.737211e-03 
 1.670000e+04  1.109576e+00 -1.068578e-02  1.050275e-02 -6.771941e-03 
 1.675000e+04  1.132857e+00 -1.073733e-02  1.055313e-02 -6.807542e-03 
 1.680000e+04  1.156940e+00 -1.079010e-02  1.060433e-02 -6.843843e-03 
 1.685000e+04  1.181554e+00 -1.084354e-02  1.065550e-02 -6.880474e-03 
 1.690000e+04  1.206842e+00 -1.089784e-02  1.070708e-02 -6.917707e-03 
 1.695000e+04  1.232130e+00 -1.095145e-02  1.075791e-02 -6.954422e-03 
 1.700000e+04  1.257418e+00 -1.100418e-02  1.080818e-02 -6.990658e-03 
 1.705000e+04  1.282705e+00 -1.105616e-02  1.085807e-02 -7.026495e-03 
 1.710000e+04  1.307993e+00 -1.110735e-02  1.090768e-02 -7.061930e-03 
 1.715000e+04  1.333559e+00 -1.115835e-02  1.095758e-02 -7.097283e-03 
 1.720000e+04  1.360855e+00 -1.121218e-02  1.101038e-02 -7.134551e-03 
 1.725000e+04  1.389627e+00 -1.126851e-02  1.106516e-02 -7.173298e-03 
 1.730000e+04  1.418901e+00 -1.132527e-02  1.111972e-02 -7.212261e-03 
 1.735000e+04  1.448175e+00 -1.138144e-02  1.117312e-02 -7.250788e-03 
 1.740000e+04  1.477449e+00 -1.143693e-02  1.122570e-02 -7.288811e-03 
 1.745000e+04  1.506723e+00 -1.149170e-02  1.127768e-02 -7.326391e-03 
 1.750000e+04  1.535997e+00 -1.154580e-02  1.132918e-02 -7.363505e-03 
 1.755000e+04  1.565271e+00 -1.159913e-02  1.138034e-02 -7.400179e-03 
 1.760000e+04  1.596778e+00 -1.165576e-02  1.143507e-02 -7.439237e-03 
 1.765000e+04  1.629053e+00 -1.171314e-02  1.149072e-02 -7.478729e-03 
 1.770000e+04  1.661940e+00 -1.177099e-02  1.154655e-02 -7.518383e-03 
 1.775000e+04  1.696134e+00 -1.183058e-02  1.160342e-02 -7.559145e-03 
 1.780000e+04  1.731716e+00 -1.189201e-02  1.166158e-02 -7.601112e-03 
 1.785000e+04  1.767299e+00 -1.195261e-02  1.171881e-02 -7.642542e-03 
 1.790000e+04  1.802881e+00 -1.201233e-02  1.177530e-02 -7.683442e-03 
 1.795000e+04  1.838464e+00 -1.207133e-02  1.183135e-02 -7.723851e-03 
 1.800000e+04  1.874047e+00 -1.212940e-02  1.188706e-02 -7.763800e-03 
 1.805000e+04  1.910199e+00 -1.218750e-02  1.194329e-02 -7.803874e-03 
 1.810000e+04  1.949174e+00 -1.224950e-02  1.200336e-02 -7.846490e-03 
 1.815000e+04  1.990366e+00 -1.231443e-02  1.206610e-02 -7.891012e-03 
 1.820000e+04  2.031557e+00 -1.237861e-02  1.212761e-02 -7.935028e-03 
 1.825000e+04  2.073449e+00 -1.244311e-02  1.218884e-02 -7.979202e-03 
 1.830000e+04  2.116699e+00 -1.250896e-02  1.225118e-02 -8.024292e-03 
 1.835000e+04  2.159950e+00 -1.257402e-02  1.231275e-02 -8.068776e-03 
 1.840000e+04  2.203201e+00 -1.263815e-02  1.237364e-02 -8.112640e-03 
 1.845000e+04  2.246452e+00 -1.270140e-02  1.243411e-02 -8.156002e-03 
 1.850000e+04  2.291866e+00 -1.276697e-02  1.249714e-02 -8.201018e-03 
 1.855000e+04  2.337279e+00 -1.283172e-02  1.255952e-02 -8.245455e-03 
 1.860000e+04  2.385408e+00 -1.289960e-02  1.262461e-02 -8.291922e-03 
 1.865000e+04  2.436878e+00 -1.297160e-02  1.269311e-02 -8.341052e-03 
 1.870000e+04  2.489450e+00 -1.304436e-02  1.276184e-02 -8.390640e-03 
 1.875000e+04  2.542022e+00 -1.311610e-02  1.282931e-02 -8.439518e-03 
 1.880000e+04  2.594594e+00 -1.318685e-02  1.289588e-02 -8.487724e-03 
 1.885000e+04  2.647165e+00 -1.325671e-02  1.296184e-02 -8.535362e-03 
 1.890000e+04  2.699737e+00 -1.332555e-02  1.302726e-02 -8.582390e-03 
 1.895000e+04  2.753794e+00 -1.339528e-02  1.309396e-02 -8.630096e-03 
 1.900000e+04  2.813667e+00 -1.347164e-02  1.316723e-02 -8.682388e-03 
 1.905000e+04  2.874525e+00 -1.354840e-02  1.324064e-02 -8.734824e-03 
 1.910000e+04  2.935384e+00 -1.362413e-02  1.331266e-02 -8.786507e-03 
 1.915000e+04  2.998007e+00 -1.370122e-02  1.338544e-02 -8.838971e-03 
 1.920000e+04  3.061908e+00 -1.377895e-02  1.345861e-02 -8.891829e-03 
 1.925000e+04  3.125809e+00 -1.385556e-02  1.353081e-02 -8.944019e-03 
 1.930000e+04  3.189711e+00 -1.393101e-02  1.360221e-02 -8.995510e-03 
 1.935000e+04  3.253612e+00 -1.400551e-02  1.367305e-02 -9.046389e-03 
 1.940000e+04  3.317513e+00 -1.407903e-02  1.374331e-02 -9.096632e-03 
 1.945000e+04  3.382756e+00 -1.415312e-02  1.381419e-02 -9.147201e-03 
 1.950000e+04  3.454278e+00 -1.423354e-02  1.389084e-02 -9.201947e-03 
 1.955000e+04  3.528251e+00 -1.431600e-02  1.396882e-02 -9.257957e-03 
 1.960000e+04  3.602225e+00 -1.439744e-02  1.404538e-02 -9.313264e-03 
 1.965000e+04  3.676199e+00 -1.447781e-02  1.412061e-02 -9.367764e-03 
 1.970000e+04  3.750172e+00 -1.455722e-02  1.419488e-02 -9.421512e-03 
 1.975000e+04  3.824146e+00 -1.463559e-02  1.426844e-02 -9.474590e-03 
 1.980000e+04  3.898120e+00 -1.471278e-02  1.434134e-02 -9.527011e-03 
 1.985000e+04  3.975992e+00 -1.479300e-02  1.441742e-02 -9.581539e-03 
 1.990000e+04  4.057548e+00 -1.487606e-02  1.449639e-02 -9.638035e-03 
 1.995000e+04  4.139104e+00 -1.495812e-02  1.457417e-02 -9.693725e-03 
 2.000000e+04  4.226120e+00 -1.504466e-02  1.465571e-02 -9.752323e-03 
 2.005000e+04  4.316036e+00 -1.513312e-02  1.473868e-02 -9.812129e-03 
 2.010000e+04  4.405951e+00 -1.522039e-02  1.482045e-02 -9.871185e-03 
 2.015000e+04  4.495867e+00 -1.530640e-02  1.490102e-02 -9.929393e-03 
 2.020000e+04  4.585782e+00 -1.539135e-02  1.498067e-02 -9.986823e-03 
 2.025000e+04  4.680103e+00 -1.547923e-02  1.506354e-02 -1.004637e-02 
 2.030000e+04  4.774515e+00 -1.556588e-02  1.514562e-02 -1.010514e-02 
 2.035000e+04  4.871872e+00 -1.565414e-02  1.522916e-02 -1.016491e-02 
 2.040000e+04  4.975960e+00 -1.574754e-02  1.531734e-02 -1.022805e-02 
 2.045000e+04  5.080049e+00 -1.583985e-02  1.540410e-02 -1.029042e-02 
 2.050000e+04  5.184137e+00 -1.593090e-02  1.548930e-02 -1.035185e-02 
 2.055000e+04  5.293013e+00 -1.602509e-02  1.557707e-02 -1.041522e-02 
 2.060000e+04  5.402306e+00 -1.611856e-02  1.566404e-02 -1.047803e-02 
 2.065000e+04  5.511599e+00 -1.621070e-02  1.574992e-02 -1.053997e-02 
 2.070000e+04  5.623755e+00 -1.630386e-02  1.583704e-02 -1.060271e-02 
 2.075000e+04  5.744251e+00 -1.640268e-02  1.592972e-02 -1.066929e-02 
 2.080000e+04  5.864746e+00 -1.650026e-02  1.602121e-02 -1.073491e-02 
 2.085000e+04  5.988386e+00 -1.659906e-02  1.611365e-02 -1.080128e-02 
 2.090000e+04  6.121233e+00 -1.670393e-02  1.621148e-02 -1.087162e-02 
 2.095000e+04  6.254079e+00 -1.680742e-02  1.630771e-02 -1.094105e-02 
 2.100000e+04  6.386925e+00 -1.690937e-02  1.640243e-02 -1.100947e-02 
 2.105000e+04  6.524022e+00 -1.701311e-02  1.649884e-02 -1.107899e-02 
 2.110000e+04  6.663511e+00 -1.711735e-02  1.659578e-02 -1.114876e-02 
 2.115000e+04  6.802999e+00 -1.721993e-02  1.669154e-02 -1.121755e-02 
 2.120000e+04  6.950417e+00 -1.732672e-02  1.679144e-02 -1.128921e-02 
 2.125000e+04  7.108971e+00 -1.744014e-02  1.689753e-02 -1.136526e-02 
 2.130000e+04  7.270446e+00 -1.755416e-02  1.700390e-02 -1.144161e-02 
 2.135000e+04  7.431921e+00 -1.766645e-02  1.710837e-02 -1.151673e-02 
 2.140000e+04  7.598402e+00 -1.778072e-02  1.721424e-02 -1.159295e-02 
 2.145000e+04  7.767951e+00 -1.789558e-02  1.732040e-02 -1.166948e-02 
 2.150000e+04  7.937500e+00 -1.800868e-02  1.742496e-02 -1.174487e-02 
 2.155000e+04  8.110610e+00 -1.812243e-02  1.753026e-02 -1.182068e-02 
 2.160000e+04  8.297538e+00 -1.824365e-02  1.764259e-02 -1.190139e-02 
 2.165000e+04  8.484466e+00 -1.836306e-02  1.775331e-02 -1.198087e-02 
 2.170000e+04  8.673263e+00 -1.848183e-02  1.786332e-02 -1.205982e-02 
 2.175000e+04  8.876014e+00 -1.860764e-02  1.797963e-02 -1.214339e-02 
 2.180000e+04  9.082102e+00 -1.873366e-02  1.809595e-02 -1.222713e-02 
 2.185000e+04  9.288190e+00 -1.885773e-02  1.821023e-02 -1.230944e-02 
 2.190000e+04  9.498606e+00 -1.898256e-02  1.832499e-02 -1.239208e-02 
 2.195000e+04  9.714998e+00 -1.910914e-02  1.844136e-02 -1.247583e-02 
 2.200000e+04  9.931391e+00 -1.923361e-02  1.855606e-02 -1.255826e-02 
 2.205000e+04  1.015168e+01 -1.935825e-02  1.867106e-02 -1.264079e-02 
 2.210000e+04  1.040101e+01 -1.949740e-02  1.879948e-02 -1.273289e-02 
 2.215000e+04  1.065151e+01 -1.963512e-02  1.892650e-02 -1.282400e-02 
 2.220000e+04  1.090201e+01 -1.977051e-02  1.905117e-02 -1.291344e-02 
 2.225000e+04  1.115827e+01 -1.990687e-02  1.917632e-02 -1.300334e-02 
 2.230000e+04  1.142130e+01 -2.004479e-02  1.930261e-02 -1.309419e-02 
 2.235000e+04  1.168433e+01 -2.018042e-02  1.942683e-02 -1.318352e-02 
 2.240000e+04  1.195481e+01 -2.031775e-02  1.955250e-02 -1.327381e-02 
 2.245000e+04  1.224480e+01 -2.046291e-02  1.968530e-02 -1.336917e-02 
 2.250000e+04  1.253478e+01 -2.060565e-02  1.981595e-02 -1.346290e-02 
 2.255000e+04  1.282477e+01 -2.074590e-02  1.994431e-02 -1.355490e-02 
 2.260000e+04  1.313389e+01 -2.089313e-02  2.007878e-02 -1.365141e-02 
 2.265000e+04  1.345360e+01 -2.104315e-02  2.021560e-02 -1.374967e-02 
 2.270000e+04  1.377331e+01 -2.119059e-02  2.034994e-02 -1.384617e-02 
 2.275000e+04  1.409718e+01 -2.133748e-02  2.048348e-02 -1.394213e-02 
 2.280000e+04  1.443288e+01 -2.148740e-02  2.061964e-02 -1.403995e-02 
 2.285000e+04  1.476857e+01 -2.163473e-02  2.075359e-02 -1.413611e-02 
 2.290000e+04  1.511142e+01 -2.178251e-02  2.088807e-02 -1.423253e-02 
 2.295000e+04  1.548152e+01 -2.193963e-02  2.103101e-02 -1.433497e-02 
 2.300000e+04  1.585163e+01 -2.209422e-02  2.117162e-02 -1.443570e-02 
 2.305000e+04  1.622173e+01 -2.224608e-02  2.130964e-02 -1.453451e-02 
 2.310000e+04  1.662448e+01 -2.240855e-02  2.145699e-02 -1.464009e-02 
 2.315000e+04  1.705292e+01 -2.257872e-02  2.161116e-02 -1.475064e-02 
 2.320000e+04  1.748136e+01 -2.274578e-02  2.176237e-02 -1.485907e-02 
 2.325000e+04  1.790980e+01 -2.290977e-02  2.191052e-02 -1.496526e-02 
 2.330000e+04  1.833825e+01 -2.307091e-02  2.205584e-02 -1.506949e-02 
 2.335000e+04  1.876669e+01 -2.322913e-02  2.219858e-02 -1.517186e-02 
 2.340000e+04  1.921869e+01 -2.339317e-02  2.234657e-02 -1.527785e-02 
 2.345000e+04  1.971372e+01 -2.357017e-02  2.250599e-02 -1.539204e-02 
 2.350000e+04  2.020970e+01 -2.374446e-02  2.266281e-02 -1.550443e-02 
 2.355000e+04  2.070567e+01 -2.391542e-02  2.281642e-02 -1.561449e-02 
 2.360000e+04  2.120810e+01 -2.408525e-02  2.296881e-02 -1.572367e-02 
 2.365000e+04  2.172887e+01 -2.425813e-02  2.312384e-02 -1.583479e-02 
 2.370000e+04  2.224965e+01 -2.442783e-02  2.327608e-02 -1.594390e-02 
 2.375000e+04  2.280586e+01 -2.460585e-02  2.343570e-02 -1.605825e-02 
 2.380000e+04  2.338001e+01 -2.478649e-02  2.359760e-02 -1.617418e-02 
 2.385000e+04  2.395417e+01 -2.496372e-02  2.375646e-02 -1.628779e-02 
 2.390000e+04  2.454152e+01 -2.514148e-02  2.391562e-02 -1.640156e-02 
 2.395000e+04  2.516609e+01 -2.532706e-02  2.408152e-02 -1.652024e-02 
 2.400000e+04  2.579909e+01 -2.551168e-02  2.424642e-02 -1.663835e-02 
 2.405000e+04  2.643210e+01 -2.569272e-02  2.440796e-02 -1.675405e-02 
 2.410000e+04  2.708852e+01 -2.587689e-02  2.457208e-02 -1.687157e-02 
 2.415000e+04  2.778574e+01 -2.606899e-02  2.474311e-02 -1.699399e-02 
 2.420000e+04  2.848363e+01 -2.625756e-02  2.491091e-02 -1.711405e-02 
 2.425000e+04  2.920060e+01 -2.644742e-02  2.507964e-02 -1.723480e-02 
 2.430000e+04  2.997003e+01 -2.664745e-02  2.525717e-02 -1.736192e-02 
 2.435000e+04  3.073945e+01 -2.684348e-02  2.543099e-02 -1.748640e-02 
 2.440000e+04  3.150887e+01 -2.703542e-02  2.560095e-02 -1.760818e-02 
 2.445000e+04  3.231676e+01 -2.723294e-02  2.577559e-02 -1.773339e-02 
 2.450000e+04  3.312465e+01 -2.742653e-02  2.594662e-02 -1.785601e-02 
 2.455000e+04  3.395722e+01 -2.762191e-02  2.611923e-02 -1.797967e-02 
 2.460000e+04  3.484792e+01 -2.782700e-02  2.630033e-02 -1.810934e-02 
 2.465000e+04  3.573862e+01 -2.802788e-02  2.647775e-02 -1.823637e-02 
 2.470000e+04  3.662932e+01 -2.822441e-02  2.665126e-02 -1.836057e-02 
 2.475000e+04  3.758090e+01 -2.842989e-02  2.683253e-02 -1.849032e-02 
 2.480000e+04  3.856290e+01 -2.863771e-02  2.701584e-02 -1.862157e-02 
 2.485000e+04  3.954490e+01 -2.884113e-02  2.719516e-02 -1.875002e-02 
 2.490000e+04  4.054653e+01 -2.904415e-02  2.737381e-02 -1.887801e-02 
 2.495000e+04  4.157763e+01 -2.924893e-02  2.755370e-02 -1.900693e-02 
 2.500000e+04  4.260873e+01 -2.944942e-02  2.772971e-02 -1.913308e-02 
 2.505000e+04  4.369705e+01 -2.965652e-02  2.791140e-02 -1.926330e-02 
 2.510000e+04  4.483383e+01 -2.986851e-02  2.809721e-02 -1.939656e-02 
 2.515000e+04  4.597062e+01 -3.007598e-02  2.827899e-02 -1.952699e-02 
 2.520000e+04  4.711536e+01 -3.028025e-02  2.845783e-02 -1.965531e-02 
 2.525000e+04  4.834479e+01 -3.049498e-02  2.864564e-02 -1.979007e-02 
 2.530000e+04  4.959810e+01 -3.070935e-02  2.883295e-02 -1.992457e-02 
 2.535000e+04  5.085140e+01 -3.091900e-02  2.901587e-02 -2.005603e-02 
 2.540000e+04  5.210847e+01 -3.112456e-02  2.919495e-02 -2.018484e-02 
 2.545000e+04  5.342444e+01 -3.133510e-02  2.937821e-02 -2.031673e-02 
 2.550000e+04  5.475093e+01 -3.154266e-02  2.955889e-02 -2.044672e-02 
 2.555000e+04  5.613270e+01 -3.175426e-02  2.974304e-02 -2.057920e-02 
 2.560000e+04  5.751447e+01 -3.196124e-02  2.992315e-02 -2.070882e-02 
 2.565000e+04  5.890038e+01 -3.216415e-02  3.009972e-02 -2.083592e-02 
 2.570000e+04  6.040202e+01 -3.237917e-02  3.028684e-02 -2.097064e-02 
 2.575000e+04  6.192542e+01 -3.259269e-02  3.047262e-02 -2.110442e-02 
 2.580000e+04  6.344882e+01 -3.280146e-02  3.065415e-02 -2.123519e-02 
 2.585000e+04  6.497222e+01 -3.300555e-02  3.083129e-02 -2.136289e-02 
 2.590000e+04  6.655351e+01 -3.321264e-02  3.101083e-02 -2.149243e-02 
 2.595000e+04  6.815308e+01 -3.341762e-02  3.118839e-02 -2.162068e-02 
 2.600000e+04  6.988637e+01 -3.363500e-02  3.137659e-02 -2.175672e-02 
 2.605000e+04  7.164990e+01 -3.385161e-02  3.156393e-02 -2.189218e-02 
 2.610000e+04  7.341342e+01 -3.406338e-02  3.174679e-02 -2.202450e-02 
 2.615000e+04  7.517695e+01 -3.427018e-02  3.192505e-02 -2.215362e-02 
 2.620000e+04  7.694048e+01 -3.447204e-02  3.209883e-02 -2.227964e-02 
 2.625000e+04  7.870400e+01 -3.466924e-02  3.226851e-02 -2.240284e-02 
 2.630000e+04  8.050632e+01 -3.486639e-02  3.243818e-02 -2.252608e-02 
 2.635000e+04  8.235803e+01 -3.506489e-02  3.260910e-02 -2.265008e-02 
 2.640000e+04  8.420973e+01 -3.525926e-02  3.277606e-02 -2.277144e-02 
 2.645000e+04  8.606143e+01 -3.544942e-02  3.293953e-02 -2.289035e-02 
 2.650000e+04  8.791313e+01 -3.563536e-02  3.309973e-02 -2.300679e-02 
 2.655000e+04  8.976483e+01 -3.581729e-02  3.325674e-02 -2.312085e-02 
 2.660000e+04  9.161654e+01 -3.599545e-02  3.341057e-02 -2.323262e-02 
 2.665000e+04  9.346824e+01 -3.617005e-02  3.356134e-02 -2.334220e-02 
 2.670000e+04  9.540327e+01 -3.634909e-02  3.371590e-02 -2.345458e-02 
 2.675000e+04  9.734755e+01 -3.652571e-02  3.386811e-02 -2.356525e-02 
 2.680000e+04  9.929184e+01 -3.669903e-02  3.401688e-02 -2.367378e-02 
 2.685000e+04  1.012361e+02 -3.686905e-02  3.416259e-02 -2.378028e-02 
 2.690000e+04  1.031804e+02 -3.703582e-02  3.430540e-02 -2.388475e-02 
 2.695000e+04  1.051247e+02 -3.719948e-02  3.444551e-02 -2.398727e-02 
 2.700000e+04  1.070690e+02 -3.736018e-02  3.458305e-02 -2.408793e-02 
 2.705000e+04  1.090133e+02 -3.751811e-02  3.471817e-02 -2.418690e-02 
 2.710000e+04  1.109576e+02 -3.767330e-02  3.485095e-02 -2.428422e-02 
 2.715000e+04  1.129019e+02 -3.782584e-02  3.498142e-02 -2.437991e-02 
 2.720000e+04  1.148461e+02 -3.797580e-02  3.510959e-02 -2.447402e-02 
 2.725000e+04  1.167904e+02 -3.812321e-02  3.523554e-02 -2.456654e-02 
 2.730000e+04  1.187347e+02 -3.826808e-02  3.535938e-02 -2.465756e-02 
 2.735000e+04  1.206790e+02 -3.841042e-02  3.548122e-02 -2.474710e-02 
 2.740000e+04  1.226233e+02 -3.855037e-02  3.560115e-02 -2.483517e-02 
 2.745000e+04  1.246142e+02 -3.869137e-02  3.572204e-02 -2.492395e-02 
 2.750000e+04  1.266557e+02 -3.883375e-02  3.584415e-02 -2.501364e-02 
 2.755000e+04  1.286972e+02 -3.897390e-02  3.596417e-02 -2.510189e-02 
 2.760000e+04  1.307387e+02 -3.911182e-02  3.608205e-02 -2.518859e-02 
 2.765000e+04  1.327802e+02 -3.924758e-02  3.619787e-02 -2.527406e-02 
 2.770000e+04  1.348217e+02 -3.938114e-02  3.631180e-02 -2.535828e-02 
 2.775000e+04  1.368632e+02 -3.951264e-02  3.642403e-02 -2.544124e-02 
 2.780000e+04  1.389047e+02 -3.964225e-02  3.653467e-02 -2.552299e-02 
 2.785000e+04  1.409462e+02 -3.977004e-02  3.664373e-02 -2.560357e-02 
 2.790000e+04  1.429877e+02 -3.989597e-02  3.675120e-02 -2.568298e-02 
 2.795000e+04  1.450292e+02 -4.002009e-02  3.685707e-02 -2.576123e-02 
 2.800000e+04  1.470707e+02 -4.014249e-02  3.696129e-02 -2.583835e-02 
 2.805000e+04  1.491123e+02 -4.026315e-02  3.706394e-02 -2.591443e-02 
 2.810000e+04  1.511538e+02 -4.038204e-02  3.716498e-02 -2.598956e-02 
 2.815000e+04  1.531953e+02 -4.049927e-02  3.726471e-02 -2.606372e-02 
 2.820000e+04  1.552368e+02 -4.061490e-02  3.736324e-02 -2.613689e-02 
 2.825000e+04  1.572783e+02 -4.072901e-02  3.746053e-02 -2.620915e-02 
 2.830000e+04  1.593198e+02 -4.084169e-02  3.755655e-02 -2.628046e-02 
 2.835000e+04  1.613613e+02 -4.095292e-02  3.765141e-02 -2.635078e-02 
 2.840000e+04  1.634028e+02 -4.106269e-02  3.774496e-02 -2.642024e-02 
 2.845000e+04  1.654443e+02 -4.117098e-02  3.783734e-02 -2.648888e-02 
 2.850000e+04  1.674858e+02 -4.127787e-02  3.792845e-02 -2.655667e-02 
 2.855000e+04  1.695273e+02 -4.138350e-02  3.801842e-02 -2.662369e-02 
 2.860000e+04  1.715688e+02 -4.148779e-02  3.810722e-02 -2.668985e-02 
 2.865000e+04  1.736103e+02 -4.159087e-02  3.819480e-02 -2.675519e-02 
 2.870000e+04  1.757334e+02 -4.169681e-02  3.828479e-02 -2.682240e-02 
 2.875000e+04  1.779070e+02 -4.180404e-02  3.837594e-02 -2.689045e-02 
 2.880000e+04  1.801578e+02 -4.191383e-02  3.846937e-02 -2.696016e-02 
 2.885000e+04  1.824085e+02 -4.202231e-02  3.856155e-02 -2.702889e-02 
 2.890000e+04  1.846593e+02 -4.212936e-02  3.865228e-02 -2.709667e-02 
 2.895000e+04  1.869100e+02 -4.223491e-02  3.874154e-02 -2.716357e-02 
 2.900000e+04  1.891608e+02 -4.233904e-02  3.882967e-02 -2.722961e-02 
 2.905000e+04  1.914115e+02 -4.244190e-02  3.891681e-02 -2.729503e-02 
 2.910000e+04  1.936623e+02 -4.254360e-02  3.900319e-02 -2.735969e-02 
 2.915000e+04  1.959131e+02 -4.264417e-02  3.908847e-02 -2.742353e-02 
 2.920000e+04  1.981638e+02 -4.274351e-02  3.917255e-02 -2.748660e-02 
 2.925000e+04  2.004776e+02 -4.284435e-02  3.925806e-02 -2.755073e-02 
 2.930000e+04  2.028409e+02 -4.294609e-02  3.934463e-02 -2.761558e-02 
 2.935000e+04  2.052042e+02 -4.304666e-02  3.943021e-02 -2.767964e-02 
 2.940000e+04  2.075675e+02 -4.314598e-02  3.951465e-02 -2.774290e-02 
 2.945000e+04  2.099308e+02 -4.324396e-02  3.959801e-02 -2.780537e-02 
 2.950000e+04  2.123201e+02 -4.334180e-02  3.968148e-02 -2.786790e-02 
 2.955000e+04  2.148015e+02 -4.344228e-02  3.976752e-02 -2.793215e-02 
 2.960000e+04  2.172830e+02 -4.354166e-02  3.985264e-02 -2.799563e-02 
 2.965000e+04  2.197644e+02 -4.363993e-02  3.993646e-02 -2.805828e-02 
 2.970000e+04  2.222459e+02 -4.373709e-02  4.001899e-02 -2.812018e-02 
 2.975000e+04  2.247273e+02 -4.383313e-02  4.010029e-02 -2.818136e-02 
 2.980000e+04  2.272088e+02 -4.392808e-02  4.018075e-02 -2.824195e-02 
 2.985000e+04  2.296903e+02 -4.402202e-02  4.026038e-02 -2.830180e-02 
 2.990000e+04  2.321717e+02 -4.411506e-02  4.033909e-02 -2.836091e-02 
 2.995000e+04  2.346532e+02 -4.420717e-02  4.041684e-02 -2.841945e-02 
 3.000000e+04  2.372190e+02 -4.430139e-02  4.049642e-02 -2.847950e-02 
 3.005000e+04  2.398245e+02 -4.439613e-02  4.057655e-02 -2.854003e-02 
 3.010000e+04  2.424301e+02 -4.448996e-02  4.065565e-02 -2.859997e-02 
 3.015000e+04  2.450356e+02 -4.458275e-02  4.073400e-02 -2.865921e-02 
 3.020000e+04  2.476411e+02 -4.467449e-02  4.081157e-02 -2.871790e-02 
 3.025000e+04  2.502466e+02 -4.476526e-02  4.088850e-02 -2.877594e-02 
 3.030000e+04  2.528522e+02 -4.485508e-02  4.096466e-02 -2.883346e-02 
 3.035000e+04  2.554733e+02 -4.494444e-02  4.104058e-02 -2.889085e-02 
 3.040000e+04  2.582092e+02 -4.503667e-02  4.111905e-02 -2.895024e-02 
 3.045000e+04  2.609450e+02 -4.512770e-02  4.119675e-02 -2.900877e-02 
 3.050000e+04  2.636808e+02 -4.521757e-02  4.127361e-02 -2.906651e-02 
 3.055000e+04  2.664166e+02 -4.530615e-02  4.134959e-02 -2.912363e-02 
 3.060000e+04  2.691524e+02 -4.539342e-02  4.142456e-02 -2.918019e-02 
 3.065000e+04  2.718882e+02 -4.547991e-02  4.149875e-02 -2.923634e-02 
 3.070000e+04  2.746240e+02 -4.556566e-02  4.157238e-02 -2.929216e-02 
 3.075000e+04  2.773598e+02 -4.565060e-02  4.164549e-02 -2.934762e-02 
 3.080000e+04  2.800956e+02 -4.573497e-02  4.171779e-02 -2.940272e-02 
 3.085000e+04  2.828314e+02 -4.581872e-02  4.178954e-02 -2.945736e-02 
 3.090000e+04  2.855672e+02 -4.590161e-02  4.186059e-02 -2.951142e-02 
 3.095000e+04  2.883030e+02 -4.598390e-02  4.193104e-02 -2.956492e-02 
 3.100000e+04  2.910388e+02 -4.606561e-02  4.200079e-02 -2.961804e-02 
 3.105000e+04  2.937746e+02 -4.614654e-02  4.206998e-02 -2.967073e-02 
 3.110000e+04  2.965105e+02 -4.622693e-02  4.213865e-02 -2.972309e-02 
 3.115000e+04  2.992463e+02 -4.630684e-02  4.220659e-02 -2.977515e-02 
 3.120000e+04  3.019821e+02 -4.638610e-02  4.227361e-02 -2.982681e-02 
 3.125000e+04  3.047179e+02 -4.646477e-02  4.233987e-02 -2.987811e-02 
 3.130000e+04  3.074537e+02 -4.654290e-02  4.240548e-02 -2.992915e-02 
 3.135000e+04  3.101895e+02 -4.662015e-02  4.247068e-02 -2.997962e-02 
 3.140000e+04  3.129253e+02 -4.669682e-02  4.253526e-02 -3.002962e-02 
 3.145000e+04  3.156611e+02 -4.677289e-02  4.259928e-02 -3.007927e-02 
 3.150000e+04  3.183969e+02 -4.684821e-02  4.266284e-02 -3.012858e-02 
 3.155000e+04  3.211327e+02 -4.692290e-02  4.272622e-02 -3.017754e-02 
 3.160000e+04  3.238685e+02 -4.699703e-02  4.278944e-02 -3.022620e-02 
 3.165000e+04  3.266043e+02 -4.707038e-02  4.285248e-02 -3.027452e-02 
 3.170000e+04  3.293401e+02 -4.714317e-02  4.291518e-02 -3.032243e-02 
 3.175000e+04  3.320759e+02 -4.721546e-02  4.297734e-02 -3.037003e-02 
 3.180000e+04  3.348117e+02 -4.728707e-02  4.303916e-02 -3.041730e-02 
 3.185000e+04  3.375476e+02 -4.735804e-02  4.310043e-02 -3.046412e-02 
 3.190000e+04  3.402834e+02 -4.742855e-02  4.316126e-02 -3.051059e-02 
 3.195000e+04  3.430192e+02 -4.749852e-02  4.322170e-02 -3.055686e-02 
 3.200000e+04  3.457550e+02 -4.756804e-02  4.328176e-02 -3.060277e-02 
 3.205000e+04  3.484908e+02 -4.763734e-02  4.334127e-02 -3.064830e-02 
 3.210000e+04  3.512266e+02 -4.770630e-02  4.340033e-02 -3.069346e-02 
 3.215000e+04  3.539624e+02 -4.777487e-02  4.345903e-02 -3.073823e-02 
 3.220000e+04  3.566982e+02 -4.784314e-02  4.351733e-02 -3.078275e-02 
 3.225000e+04  3.594340e+02 -4.791098e-02  4.357526e-02 -3.082696e-02 
 3.230000e+04  3.621698e+02 -4.797833e-02  4.363253e-02 -3.087083e-02 
 3.235000e+04  3.649056e+02 -4.804530e-02  4.368936e-02 -3.091451e-02 
 3.240000e+04  3.676414e+02 -4.811186e-02  4.374574e-02 -3.095796e-02 
 3.245000e+04  3.703772e+02 -4.817790e-02  4.380196e-02 -3.100107e-02 
 3.250000e+04  3.731130e+02 -4.824361e-02  4.385804e-02 -3.104391e-02 
 3.255000e+04  3.758489e+02 -4.830887e-02  4.391385e-02 -3.108650e-02 
 3.260000e+04  3.785847e+02 -4.837362e-02  4.396943e-02 -3.112877e-02 
 3.265000e+04  3.813205e+02 -4.843807e-02  4.402463e-02 -3.117070e-02 
 3.270000e+04  3.840563e+02 -4.850224e-02  4.407953e-02 -3.121246e-02 
 3.275000e+04  3.867921e+02 -4.856597e-02  4.413423e-02 -3.125393e-02 
 3.280000e+04  3.895279e+02 -4.862937e-02  4.418857e-02 -3.129518e-02 
 3.285000e+04  3.922637e+02 -4.869243e-02  4.424267e-02 -3.133618e-02 
 3.290000e+04  3.949995e+02 -4.875504e-02  4.429652e-02 -3.137686e-02 
 3.295000e+04  3.977353e+02 -4.881748e-02  4.435011e-02 -3.141733e-02 
 3.300000e+04  4.005149e+02 -4.888065e-02  4.440434e-02 -3.145828e-02 
 3.305000e+04  4.033875e+02 -4.894561e-02  4.446013e-02 -3.150039e-02 
 3.310000e+04  4.062601e+02 -4.901034e-02  4.451545e-02 -3.154216e-02 
 3.315000e+04  4.091327e+02 -4.907477e-02  4.457030e-02 -3.158359e-02 
 3.320000e+04  4.120168e+02 -4.913934e-02  4.462495e-02 -3.162493e-02 
 3.325000e+04  4.150330e+02 -4.920679e-02  4.468172e-02 -3.166816e-02 
 3.330000e+04  4.180492e+02 -4.927412e-02  4.473816e-02 -3.171121e-02 
 3.335000e+04  4.211318e+02 -4.934255e-02  4.479559e-02 -3.175496e-02 
 3.340000e+04  4.242988e+02 -4.941244e-02  4.485435e-02 -3.179957e-02 
 3.345000e+04  4.274659e+02 -4.948162e-02  4.491289e-02 -3.184366e-02 
 3.350000e+04  4.306329e+02 -4.955022e-02  4.497098e-02 -3.188732e-02 
 3.355000e+04  4.338253e+02 -4.961896e-02  4.502911e-02 -3.193117e-02 
 3.360000e+04  4.371507e+02 -4.969022e-02  4.508939e-02 -3.197683e-02 
 3.365000e+04  4.404761e+02 -4.976073e-02  4.514954e-02 -3.202212e-02 
 3.370000e+04  4.438015e+02 -4.983052e-02  4.520928e-02 -3.206693e-02 
 3.375000e+04  4.471269e+02 -4.989951e-02  4.526868e-02 -3.211118e-02 
 3.380000e+04  4.504523e+02 -4.996792e-02  4.532785e-02 -3.215520e-02 
 3.385000e+04  4.537776e+02 -5.003585e-02  4.538679e-02 -3.219903e-02 
 3.390000e+04  4.571030e+02 -5.010309e-02  4.544565e-02 -3.224245e-02 
 3.395000e+04  4.604284e+02 -5.016957e-02  4.550424e-02 -3.228553e-02 
 3.400000e+04  4.637538e+02 -5.023537e-02  4.556252e-02 -3.232837e-02 
 3.405000e+04  4.670792e+02 -5.030090e-02  4.562036e-02 -3.237109e-02 
 3.410000e+04  4.704046e+02 -5.036634e-02  4.567762e-02 -3.241389e-02 
 3.415000e+04  4.737300e+02 -5.043186e-02  4.573428e-02 -3.245659e-02 
 3.420000e+04  4.772150e+02 -5.050047e-02  4.579305e-02 -3.250134e-02 
 3.425000e+04  4.807067e+02 -5.056875e-02  4.585131e-02 -3.254554e-02 
 3.430000e+04  4.841983e+02 -5.063618e-02  4.590897e-02 -3.258888e-02 
 3.435000e+04  4.876900e+02 -5.070302e-02  4.596606e-02 -3.263169e-02 
 3.440000e+04  4.912654e+02 -5.077119e-02  4.602395e-02 -3.267530e-02 
 3.445000e+04  4.949317e+02 -5.084098e-02  4.608280e-02 -3.271993e-02 
 3.450000e+04  4.985979e+02 -5.091039e-02  4.614115e-02 -3.276417e-02 
 3.455000e+04  5.022642e+02 -5.097907e-02  4.619910e-02 -3.280807e-02 
 3.460000e+04  5.059304e+02 -5.104703e-02  4.625672e-02 -3.285172e-02 
 3.465000e+04  5.095967e+02 -5.111439e-02  4.631414e-02 -3.289515e-02 
 3.470000e+04  5.132849e+02 -5.118149e-02  4.637175e-02 -3.293875e-02 
 3.475000e+04  5.171345e+02 -5.125090e-02  4.643159e-02 -3.298412e-02 
 3.480000e+04  5.209840e+02 -5.131971e-02  4.649124e-02 -3.302874e-02 
 3.485000e+04  5.248336e+02 -5.138775e-02  4.655065e-02 -3.307286e-02 
 3.490000e+04  5.287255e+02 -5.145576e-02  4.661039e-02 -3.311705e-02 
 3.495000e+04  5.327675e+02 -5.152588e-02  4.667206e-02 -3.316269e-02 
 3.500000e+04  5.368095e+02 -5.159554e-02  4.673337e-02 -3.320769e-02 
 3.505000e+04  5.408516e+02 -5.166479e-02  4.679391e-02 -3.325228e-02 
 3.510000e+04  5.448936e+02 -5.173347e-02  4.685347e-02 -3.329657e-02 
 3.515000e+04  5.489356e+02 -5.180156e-02  4.691245e-02 -3.334061e-02 
 3.520000e+04  5.529777e+02 -5.186932e-02  4.697101e-02 -3.338453e-02 
 3.525000e+04  5.570197e+02 -5.193691e-02  4.702927e-02 -3.342829e-02 
 3.530000e+04  5.610617e+02 -5.200418e-02  4.708721e-02 -3.347198e-02 
 3.535000e+04  5.651118e+02 -5.207137e-02  4.714508e-02 -3.351584e-02 
 3.540000e+04  5.693560e+02 -5.214157e-02  4.720563e-02 -3.356143e-02 
 3.545000e+04  5.736001e+02 -5.221162e-02  4.726604e-02 -3.360629e-02 
 3.550000e+04  5.778442e+02 -5.228138e-02  4.732570e-02 -3.365048e-02 
 3.555000e+04  5.820884e+02 -5.235037e-02  4.738474e-02 -3.369451e-02 
 3.560000e+04  5.863325e+02 -5.241849e-02  4.744308e-02 -3.373836e-02 
 3.565000e+04  5.905767e+02 -5.248573e-02  4.750098e-02 -3.378217e-02 
 3.570000e+04  5.949311e+02 -5.255429e-02  4.755990e-02 -3.382709e-02 
 3.575000e+04  5.993875e+02 -5.262399e-02  4.762004e-02 -3.387265e-02 
 3.580000e+04  6.038438e+02 -5.269336e-02  4.768018e-02 -3.391708e-02 
 3.585000e+04  6.083002e+02 -5.276215e-02  4.774005e-02 -3.396107e-02 
 3.590000e+04  6.127565e+02 -5.283000e-02  4.779960e-02 -3.400505e-02 
 3.595000e+04  6.174045e+02 -5.290008e-02  4.786132e-02 -3.405103e-02 
 3.600000e+04  6.220836e+02 -5.297034e-02  4.792334e-02 -3.409709e-02 
 3.605000e+04  6.267628e+02 -5.304053e-02  4.798461e-02 -3.414269e-02 
 3.610000e+04  6.314419e+02 -5.311061e-02  4.804526e-02 -3.418819e-02 
 3.615000e+04  6.361211e+02 -5.318001e-02  4.810519e-02 -3.423306e-02 
 3.620000e+04  6.408003e+02 -5.324891e-02  4.816485e-02 -3.427711e-02 
 3.625000e+04  6.454794e+02 -5.331729e-02  4.822423e-02 -3.432063e-02 
 3.630000e+04  6.501586e+02 -5.338505e-02  4.828339e-02 -3.436418e-02 
 3.635000e+04  6.548377e+02 -5.345208e-02  4.834196e-02 -3.440799e-02 
 3.640000e+04  6.595169e+02 -5.351898e-02  4.840005e-02 -3.445236e-02 
 3.645000e+04  6.641960e+02 -5.358592e-02  4.845776e-02 -3.449692e-02 
 3.650000e+04  6.688752e+02 -5.365298e-02  4.851519e-02 -3.454143e-02 
 3.655000e+04  6.735544e+02 -5.372031e-02  4.857259e-02 -3.458518e-02 
 3.660000e+04  6.782335e+02 -5.378771e-02  4.862973e-02 -3.462796e-02 
 3.665000e+04  6.830484e+02 -5.385672e-02  4.868807e-02 -3.467156e-02 
 3.670000e+04  6.879615e+02 -5.392588e-02  4.874696e-02 -3.471594e-02 
 3.675000e+04  6.928746e+02 -5.399387e-02  4.880527e-02 -3.476034e-02 
 3.680000e+04  6.978172e+02 -5.406163e-02  4.886304e-02 -3.480487e-02 
 3.685000e+04  7.029760e+02 -5.413228e-02  4.892274e-02 -3.485104e-02 
 3.690000e+04  7.081348e+02 -5.420281e-02  4.898186e-02 -3.489657e-02 
 3.695000e+04  7.132935e+02 -5.427315e-02  4.904089e-02 -3.494131e-02 
 3.700000e+04  7.184523e+02 -5.434323e-02  4.909988e-02 -3.498620e-02 
 3.705000e+04  7.236111e+02 -5.441251e-02  4.915868e-02 -3.503132e-02 
 3.710000e+04  7.287698e+02 -5.448114e-02  4.921729e-02 -3.507654e-02 
 3.715000e+04  7.339905e+02 -5.454998e-02  4.927632e-02 -3.512216e-02 
 3.720000e+04  7.394072e+02 -5.462114e-02  4.933769e-02 -3.516884e-02 
 3.725000e+04  7.448239e+02 -5.469210e-02  4.939924e-02 -3.521490e-02 
 3.730000e+04  7.502407e+02 -5.476274e-02  4.946069e-02 -3.526073e-02 
 3.735000e+04  7.556574e+02 -5.483276e-02  4.952133e-02 -3.530652e-02 
 3.740000e+04  7.610741e+02 -5.490218e-02  4.958091e-02 -3.535211e-02 
 3.745000e+04  7.664908e+02 -5.497120e-02  4.963964e-02 -3.539764e-02 
 3.750000e+04  7.719454e+02 -5.504054e-02  4.969865e-02 -3.544332e-02 
 3.755000e+04  7.776330e+02 -5.511252e-02  4.975991e-02 -3.549077e-02 
 3.760000e+04  7.833546e+02 -5.518453e-02  4.982143e-02 -3.553824e-02 
 3.765000e+04  7.893266e+02 -5.525931e-02  4.988581e-02 -3.558748e-02 
 3.770000e+04  7.952985e+02 -5.533374e-02  4.995021e-02 -3.563571e-02 
 3.775000e+04  8.012704e+02 -5.540762e-02  5.001386e-02 -3.568384e-02 
 3.780000e+04  8.072423e+02 -5.548058e-02  5.007660e-02 -3.573180e-02 
 3.785000e+04  8.132142e+02 -5.555301e-02  5.013843e-02 -3.578017e-02 
 3.790000e+04  8.191862e+02 -5.562526e-02  5.020002e-02 -3.582838e-02 
 3.795000e+04  8.251581e+02 -5.569745e-02  5.026113e-02 -3.587657e-02 
 3.800000e+04  8.311300e+02 -5.576952e-02  5.032209e-02 -3.592489e-02 
 3.805000e+04  8.373656e+02 -5.584413e-02  5.038568e-02 -3.597449e-02 
 3.810000e+04  8.439496e+02 -5.592262e-02  5.045304e-02 -3.602613e-02 
 3.815000e+04  8.505337e+02 -5.600042e-02  5.052084e-02 -3.607726e-02 
 3.820000e+04  8.571177e+02 -5.607710e-02  5.058844e-02 -3.612774e-02 
 3.825000e+04  8.637018e+02 -5.615265e-02  5.065521e-02 -3.617785e-02 
 3.830000e+04  8.702858e+02 -5.622763e-02  5.072029e-02 -3.622808e-02 
 3.835000e+04  8.768699e+02 -5.630257e-02  5.078406e-02 -3.627833e-02 
 3.840000e+04  8.834539e+02 -5.637741e-02  5.084744e-02 -3.632865e-02 
 3.845000e+04  8.902289e+02 -5.645450e-02  5.091301e-02 -3.638015e-02 
 3.850000e+04  8.971422e+02 -5.653316e-02  5.098015e-02 -3.643247e-02 
 3.855000e+04  9.040554e+02 -5.661170e-02  5.104768e-02 -3.648380e-02 
 3.860000e+04  9.088051e+02 -5.666508e-02  5.109367e-02 -3.651876e-02 
 3.865000e+04  9.088607e+02 -5.666528e-02  5.109424e-02 -3.651899e-02 
 3.870000e+04  9.089352e+02 -5.666584e-02  5.109431e-02 -3.651965e-02 
 3.875000e+04  9.090390e+02 -5.666728e-02  5.109486e-02 -3.652053e-02 
 3.880000e+04  9.091562e+02 -5.666843e-02  5.109566e-02 -3.652164e-02 
 3.885000e+04  9.092871e+02 -5.666925e-02  5.109704e-02 -3.652282e-02 
 3.890000e+04  9.094557e+02 -5.667075e-02  5.109883e-02 -3.652465e-02 
 3.895000e+04  9.096627e+02 -5.667249e-02  5.110097e-02 -3.652673e-02 
 3.900000e+04  9.098974e+02 -5.667430e-02  5.110275e-02 -3.652847e-02 
 3.905000e+04  9.101552e+02 -5.667645e-02  5.110517e-02 -3.653008e-02 
 3.910000e+04  9.104406e+02 -5.667933e-02  5.110866e-02 -3.653217e-02 
 3.915000e+04  9.107713e+02 -5.668290e-02  5.111298e-02 -3.653457e-02 
 3.920000e+04  9.111624e+02 -5.668680e-02  5.111784e-02 -3.653731e-02 
 3.925000e+04  9.116281e+02 -5.669169e-02  5.112343e-02 -3.654092e-02 
 3.930000e+04  9.121744e+02 -5.669781e-02  5.112971e-02 -3.654554e-02 
 3.935000e+04  9.127223e+02 -5.670367e-02  5.113514e-02 -3.654953e-02 
 3.940000e+04  9.132767e+02 -5.670950e-02  5.113946e-02 -3.655350e-02 
 3.945000e+04  9.139006e+02 -5.671643e-02  5.114499e-02 -3.655842e-02 
 3.950000e+04  9.146045e+02 -5.672447e-02  5.115191e-02 -3.656433e-02 
 3.955000e+04  9.153832e+02 -5.673338e-02  5.116006e-02 -3.657045e-02 
 3.960000e+04  9.162513e+02 -5.674327e-02  5.116946e-02 -3.657705e-02 
 3.965000e+04  9.172261e+02 -5.675462e-02  5.118019e-02 -3.658444e-02 
 3.970000e+04  9.182602e+02 -5.676663e-02  5.119134e-02 -3.659220e-02 
 3.975000e+04  9.193449e+02 -5.677889e-02  5.120253e-02 -3.660021e-02 
 3.980000e+04  9.205068e+02 -5.679164e-02  5.121403e-02 -3.660878e-02 
 3.985000e+04  9.217063e+02 -5.680460e-02  5.122555e-02 -3.661767e-02 
 3.990000e+04  9.229620e+02 -5.681804e-02  5.123729e-02 -3.662697e-02 
 3.995000e+04  9.242177e+02 -5.683146e-02  5.124888e-02 -3.663618e-02 
 4.000000e+04  9.255312e+02 -5.684564e-02  5.126104e-02 -3.664576e-02 
 4.005000e+04  9.269143e+02 -5.686079e-02  5.127401e-02 -3.665587e-02 
 4.010000e+04  9.283001e+02 -5.687609e-02  5.128722e-02 -3.666597e-02 
 4.015000e+04  9.297740e+02 -5.689239e-02  5.130146e-02 -3.667667e-02 
 4.020000e+04  9.313477e+02 -5.690984e-02  5.131681e-02 -3.668806e-02 
 4.025000e+04  9.329503e+02 -5.692771e-02  5.133240e-02 -3.669971e-02 
 4.030000e+04  9.346202e+02 -5.694637e-02  5.134829e-02 -3.671187e-02 
 4.035000e+04  9.364366e+02 -5.696658e-02  5.136525e-02 -3.672516e-02 
 4.040000e+04  9.383809e+02 -5.698819e-02  5.138326e-02 -3.673948e-02 
 4.045000e+04  9.403289e+02 -5.700965e-02  5.140118e-02 -3.675379e-02 
 4.050000e+04  9.423217e+02 -5.703133e-02  5.141949e-02 -3.676825e-02 
 4.055000e+04  9.444653e+02 -5.705469e-02  5.143929e-02 -3.678376e-02 
 4.060000e+04  9.466130e+02 -5.707823e-02  5.145929e-02 -3.679928e-02 
 4.065000e+04  9.488466e+02 -5.710259e-02  5.148029e-02 -3.681526e-02 
 4.070000e+04  9.512105e+02 -5.712824e-02  5.150259e-02 -3.683206e-02 
 4.075000e+04  9.537141e+02 -5.715537e-02  5.152625e-02 -3.684989e-02 
 4.080000e+04  9.563246e+02 -5.718347e-02  5.155091e-02 -3.686851e-02 
 4.085000e+04  9.589351e+02 -5.721142e-02  5.157534e-02 -3.688716e-02 
 4.090000e+04  9.616967e+02 -5.724083e-02  5.160099e-02 -3.690693e-02 
 4.095000e+04  9.645748e+02 -5.727146e-02  5.162764e-02 -3.692756e-02 
 4.100000e+04  9.674529e+02 -5.730205e-02  5.165427e-02 -3.694811e-02 
 4.105000e+04  9.704091e+02 -5.733344e-02  5.168164e-02 -3.696910e-02 
 4.110000e+04  9.736234e+02 -5.736766e-02  5.171146e-02 -3.699185e-02 
 4.115000e+04  9.769552e+02 -5.740326e-02  5.174239e-02 -3.701539e-02 
 4.120000e+04  9.802870e+02 -5.743890e-02  5.177322e-02 -3.703878e-02 
 4.125000e+04  9.837287e+02 -5.747563e-02  5.180488e-02 -3.706284e-02 
 4.130000e+04  9.874019e+02 -5.751482e-02  5.183856e-02 -3.708855e-02 
 4.135000e+04  9.910752e+02 -5.755392e-02  5.187213e-02 -3.711431e-02 
 4.140000e+04  9.948439e+02 -5.759375e-02  5.190640e-02 -3.714066e-02 
 4.145000e+04  9.988551e+02 -5.763596e-02  5.194278e-02 -3.716869e-02 
 4.150000e+04  1.003079e+03 -5.768048e-02  5.198111e-02 -3.719819e-02 
 4.155000e+04  1.007331e+03 -5.772531e-02  5.201971e-02 -3.722771e-02 
 4.160000e+04  1.011584e+03 -5.777006e-02  5.205825e-02 -3.725698e-02 
 4.165000e+04  1.016062e+03 -5.781721e-02  5.209878e-02 -3.728781e-02 
 4.170000e+04  1.020750e+03 -5.786652e-02  5.214125e-02 -3.732012e-02 
 4.175000e+04  1.025438e+03 -5.791552e-02  5.218380e-02 -3.735229e-02 
 4.180000e+04  1.030126e+03 -5.796415e-02  5.222623e-02 -3.738439e-02 
 4.185000e+04  1.034918e+03 -5.801368e-02  5.226954e-02 -3.741716e-02 
 4.190000e+04  1.039840e+03 -5.806429e-02  5.231406e-02 -3.745069e-02 
 4.195000e+04  1.044763e+03 -5.811461e-02  5.235854e-02 -3.748410e-02 
 4.200000e+04  1.049789e+03 -5.816593e-02  5.240377e-02 -3.751810e-02 
 4.205000e+04  1.054957e+03 -5.821884e-02  5.245006e-02 -3.755297e-02 
 4.210000e+04  1.060126e+03 -5.827188e-02  5.249627e-02 -3.758771e-02 
 4.215000e+04  1.065491e+03 -5.832684e-02  5.254408e-02 -3.762377e-02 
 4.220000e+04  1.071157e+03 -5.838475e-02  5.259427e-02 -3.766187e-02 
 4.225000e+04  1.076855e+03 -5.844286e-02  5.264453e-02 -3.770007e-02 
 4.230000e+04  1.082673e+03 -5.850200e-02  5.269546e-02 -3.773892e-02 
 4.235000e+04  1.088657e+03 -5.856252e-02  5.274760e-02 -3.777843e-02 
 4.240000e+04  1.094640e+03 -5.862293e-02  5.279938e-02 -3.781754e-02 
 4.245000e+04  1.100695e+03 -5.868370e-02  5.285150e-02 -3.785712e-02 
 4.250000e+04  1.106978e+03 -5.874635e-02  5.290528e-02 -3.789820e-02 
 4.255000e+04  1.113260e+03 -5.880897e-02  5.295888e-02 -3.793934e-02 
 4.260000e+04  1.119543e+03 -5.887173e-02  5.301210e-02 -3.798025e-02 
 4.265000e+04  1.124318e+03 -5.891952e-02  5.305212e-02 -3.801137e-02 
 4.270000e+04  1.125574e+03 -5.893201e-02  5.306138e-02 -3.801523e-02 
 4.275000e+04  1.126831e+03 -5.894449e-02  5.306344e-02 -3.801965e-02 
 4.280000e+04  1.127403e+03 -5.895014e-02  5.306596e-02 -3.802276e-02 
 4.285000e+04  1.127655e+03 -5.895163e-02  5.307064e-02 -3.802708e-02 
 4.290000e+04  1.127906e+03 -5.895336e-02  5.307469e-02 -3.803179e-02 
 4.295000e+04  1.128157e+03 -5.895496e-02  5.307734e-02 -3.803540e-02 
 4.300000e+04  1.128409e+03 -5.895680e-02  5.307831e-02 -3.803698e-02 
 4.305000e+04  1.128660e+03 -5.895890e-02  5.307955e-02 -3.803739e-02 
 4.310000e+04  1.128911e+03 -5.896191e-02  5.308214e-02 -3.803838e-02 
 4.315000e+04  1.129197e+03 -5.896596e-02  5.308643e-02 -3.803993e-02 
 4.320000e+04  1.129567e+03 -5.897056e-02  5.309124e-02 -3.804233e-02 
 4.325000e+04  1.130016e+03 -5.897541e-02  5.309565e-02 -3.804555e-02 
 4.330000e+04  1.130526e+03 -5.897995e-02  5.309892e-02 -3.804947e-02 
 4.335000e+04  1.131075e+03 -5.898414e-02  5.310207e-02 -3.805340e-02 
 4.340000e+04  1.131644e+03 -5.898832e-02  5.310584e-02 -3.805751e-02 
 4.345000e+04  1.132320e+03 -5.899375e-02  5.311135e-02 -3.806241e-02 
 4.350000e+04  1.133093e+03 -5.900070e-02  5.311883e-02 -3.806773e-02 
 4.355000e+04  1.133979e+03 -5.900939e-02  5.312794e-02 -3.807311e-02 
 4.360000e+04  1.135019e+03 -5.901987e-02  5.313896e-02 -3.807878e-02 
 4.365000e+04  1.136160e+03 -5.903106e-02  5.315089e-02 -3.808521e-02 
 4.370000e+04  1.137300e+03 -5.904179e-02  5.316196e-02 -3.809209e-02 
 4.375000e+04  1.138501e+03 -5.905241e-02  5.317213e-02 -3.810006e-02 
 4.380000e+04  1.139885e+03 -5.906459e-02  5.318303e-02 -3.810981e-02 
 4.385000e+04  1.141444e+03 -5.907856e-02  5.319530e-02 -3.812100e-02 
 4.390000e+04  1.143049e+03 -5.909338e-02  5.320823e-02 -3.813202e-02 
 4.395000e+04  1.144654e+03 -5.910896e-02  5.322152e-02 -3.814231e-02 
 4.400000e+04  1.146403e+03 -5.912673e-02  5.323642e-02 -3.815303e-02 
 4.405000e+04  1.148239e+03 -5.914600e-02  5.325241e-02 -3.816394e-02 
 4.410000e+04  1.150097e+03 -5.916542e-02  5.326850e-02 -3.817488e-02 
 4.415000e+04  1.152008e+03 -5.918485e-02  5.328477e-02 -3.818658e-02 
 4.420000e+04  1.154059e+03 -5.920499e-02  5.330180e-02 -3.819992e-02 
 4.425000e+04  1.156261e+03 -5.922607e-02  5.331930e-02 -3.821477e-02 
 4.430000e+04  1.158635e+03 -5.924853e-02  5.333752e-02 -3.823082e-02 
 4.435000e+04  1.161154e+03 -5.927262e-02  5.335686e-02 -3.824758e-02 
 4.440000e+04  1.163768e+03 -5.929810e-02  5.337735e-02 -3.826440e-02 
 4.445000e+04  1.166382e+03 -5.932398e-02  5.339853e-02 -3.828067e-02 
 4.450000e+04  1.169027e+03 -5.935022e-02  5.342056e-02 -3.829676e-02 
 4.455000e+04  1.171772e+03 -5.937707e-02  5.344374e-02 -3.831349e-02 
 4.460000e+04  1.174516e+03 -5.940319e-02  5.346721e-02 -3.833052e-02 
 4.465000e+04  1.177380e+03 -5.942972e-02  5.349189e-02 -3.834877e-02 
 4.470000e+04  1.180575e+03 -5.945881e-02  5.351899e-02 -3.836948e-02 
 4.475000e+04  1.184186e+03 -5.949166e-02  5.354895e-02 -3.839307e-02 
 4.480000e+04  1.187864e+03 -5.952541e-02  5.357917e-02 -3.841690e-02 
 4.485000e+04  1.191560e+03 -5.955975e-02  5.360939e-02 -3.844022e-02 
 4.490000e+04  1.195422e+03 -5.959603e-02  5.364099e-02 -3.846405e-02 
 4.495000e+04  1.199284e+03 -5.963273e-02  5.367256e-02 -3.848777e-02 
 4.500000e+04  1.203146e+03 -5.966931e-02  5.370391e-02 -3.851154e-02 
 4.505000e+04  1.207008e+03 -5.970558e-02  5.373520e-02 -3.853545e-02 
 4.510000e+04  1.210970e+03 -5.974260e-02  5.376731e-02 -3.856033e-02 
 4.515000e+04  1.215318e+03 -5.978305e-02  5.380250e-02 -3.858790e-02 
 4.520000e+04  1.219905e+03 -5.982581e-02  5.383914e-02 -3.861697e-02 
 4.525000e+04  1.224888e+03 -5.987238e-02  5.387847e-02 -3.864840e-02 
 4.530000e+04  1.230063e+03 -5.992097e-02  5.391892e-02 -3.868077e-02 
 4.535000e+04  1.235239e+03 -5.996983e-02  5.395924e-02 -3.871268e-02 
 4.540000e+04  1.240414e+03 -6.001876e-02  5.399932e-02 -3.874416e-02 
 4.545000e+04  1.245589e+03 -6.006778e-02  5.403863e-02 -3.877578e-02 
 4.550000e+04  1.250764e+03 -6.011619e-02  5.407739e-02 -3.880737e-02 
 4.555000e+04  1.255940e+03 -6.016367e-02  5.411671e-02 -3.883917e-02 
 4.560000e+04  1.261335e+03 -6.021269e-02  5.415828e-02 -3.887265e-02 
 4.565000e+04  1.267286e+03 -6.026661e-02  5.420479e-02 -3.890960e-02 
 4.570000e+04  1.273277e+03 -6.032070e-02  5.425229e-02 -3.894636e-02 
 4.575000e+04  1.279369e+03 -6.037520e-02  5.430088e-02 -3.898305e-02 
 4.580000e+04  1.285855e+03 -6.043358e-02  5.435274e-02 -3.902175e-02 
 4.585000e+04  1.292460e+03 -6.049310e-02  5.440527e-02 -3.906122e-02 
 4.590000e+04  1.299065e+03 -6.055224e-02  5.445710e-02 -3.910093e-02 
 4.595000e+04  1.305974e+03 -6.061344e-02  5.451039e-02 -3.914275e-02 
 4.600000e+04  1.312909e+03 -6.067470e-02  5.456347e-02 -3.918501e-02 
 4.605000e+04  1.319845e+03 -6.073597e-02  5.461633e-02 -3.922735e-02 
 4.610000e+04  1.326967e+03 -6.079834e-02  5.467072e-02 -3.927049e-02 
 4.615000e+04  1.334249e+03 -6.086137e-02  5.472631e-02 -3.931408e-02 
 4.620000e+04  1.341896e+03 -6.092795e-02  5.478514e-02 -3.935961e-02 
 4.625000e+04  1.349542e+03 -6.099492e-02  5.484437e-02 -3.940478e-02 
 4.630000e+04  1.357272e+03 -6.106283e-02  5.490405e-02 -3.945002e-02 
 4.635000e+04  1.365702e+03 -6.113733e-02  5.496820e-02 -3.949940e-02 
 4.640000e+04  1.374132e+03 -6.121194e-02  5.503160e-02 -3.954903e-02 
 4.645000e+04  1.382689e+03 -6.128762e-02  5.509511e-02 -3.959991e-02 
 4.650000e+04  1.392485e+03 -6.137399e-02  5.516769e-02 -3.965848e-02 
 4.655000e+04  1.402732e+03 -6.146387e-02  5.524315e-02 -3.971949e-02 
 4.660000e+04  1.412978e+03 -6.155325e-02  5.531899e-02 -3.977915e-02 
 4.665000e+04  1.423225e+03 -6.164177e-02  5.539492e-02 -3.983797e-02 
 4.670000e+04  1.433471e+03 -6.173011e-02  5.547118e-02 -3.989680e-02 
 4.675000e+04  1.443718e+03 -6.181702e-02  5.554775e-02 -3.995565e-02 
 4.680000e+04  1.453965e+03 -6.190250e-02  5.562467e-02 -4.001421e-02 
 4.685000e+04  1.464211e+03 -6.198768e-02  5.570193e-02 -4.007295e-02 
 4.690000e+04  1.474458e+03 -6.207343e-02  5.577931e-02 -4.013203e-02 
 4.695000e+04  1.485268e+03 -6.216423e-02  5.586028e-02 -4.019465e-02 
 4.700000e+04  1.496843e+03 -6.226178e-02  5.594645e-02 -4.026163e-02 
 4.705000e+04  1.508417e+03 -6.235925e-02  5.603261e-02 -4.032809e-02 
 4.710000e+04  1.519991e+03 -6.245578e-02  5.611890e-02 -4.039405e-02 
 4.715000e+04  1.531565e+03 -6.255159e-02  5.620492e-02 -4.045951e-02 
 4.720000e+04  1.543139e+03 -6.264710e-02  5.629111e-02 -4.052462e-02 
 4.725000e+04  1.554713e+03 -6.274271e-02  5.637733e-02 -4.058959e-02 
 4.730000e+04  1.566287e+03 -6.283850e-02  5.646323e-02 -4.065449e-02 
 4.735000e+04  1.577861e+03 -6.293461e-02  5.654871e-02 -4.071922e-02 
 4.740000e+04  1.589435e+03 -6.303114e-02  5.663390e-02 -4.078395e-02 
 4.745000e+04  1.601009e+03 -6.312828e-02  5.671874e-02 -4.084852e-02 
 4.750000e+04  1.612583e+03 -6.322580e-02  5.680297e-02 -4.091338e-02 
 4.755000e+04  1.624157e+03 -6.332234e-02  5.688667e-02 -4.097782e-02 
 4.760000e+04  1.635731e+03 -6.341853e-02  5.696983e-02 -4.104210e-02 
 4.765000e+04  1.647306e+03 -6.351388e-02  5.705284e-02 -4.110622e-02 
 4.770000e+04  1.658880e+03 -6.360850e-02  5.713573e-02 -4.117027e-02 
 4.775000e+04  1.670454e+03 -6.370238e-02  5.721822e-02 -4.123413e-02 
 4.780000e+04  1.682028e+03 -6.379631e-02  5.730033e-02 -4.129770e-02 
 4.785000e+04  1.693602e+03 -6.389033e-02  5.738196e-02 -4.136115e-02 
 4.790000e+04  1.705176e+03 -6.398410e-02  5.746329e-02 -4.142437e-02 
 4.795000e+04  1.716750e+03 -6.407723e-02  5.754350e-02 -4.148721e-02 
 4.800000e+04  1.728324e+03 -6.416918e-02  5.762298e-02 -4.154982e-02 
 4.805000e+04  1.739898e+03 -6.426011e-02  5.770300e-02 -4.161198e-02 
 4.810000e+04  1.751472e+03 -6.435078e-02  5.778273e-02 -4.167403e-02 
 4.815000e+04  1.763046e+03 -6.444079e-02  5.786218e-02 -4.173572e-02 
 4.820000e+04  1.774620e+03 -6.453041e-02  5.794187e-02 -4.179704e-02 
 4.825000e+04  1.786194e+03 -6.462011e-02  5.802226e-02 -4.185839e-02 
 4.830000e+04  1.797768e+03 -6.470996e-02  5.810300e-02 -4.191992e-02 
 4.835000e+04  1.809343e+03 -6.479944e-02  5.818365e-02 -4.198142e-02 
 4.840000e+04  1.820917e+03 -6.488861e-02  5.826413e-02 -4.204291e-02 
 4.845000e+04  1.832491e+03 -6.497788e-02  5.834399e-02 -4.210453e-02 
 4.850000e+04  1.844065e+03 -6.506674e-02  5.842295e-02 -4.216579e-02 
 4.855000e+04  1.855639e+03 -6.515470e-02  5.850183e-02 -4.222663e-02 
 4.860000e+04  1.867213e+03 -6.524254e-02  5.858083e-02 -4.228731e-02 
 4.865000e+04  1.878787e+03 -6.533075e-02  5.865993e-02 -4.234804e-02 
 4.870000e+04  1.890361e+03 -6.541927e-02  5.873924e-02 -4.240880e-02 
 4.875000e+04  1.901935e+03 -6.550810e-02  5.881844e-02 -4.246941e-02 
 4.880000e+04  1.913509e+03 -6.559683e-02  5.889741e-02 -4.252996e-02 
 4.885000e+04  1.925083e+03 -6.568568e-02  5.897601e-02 -4.259027e-02 
 4.890000e+04  1.936657e+03 -6.577458e-02  5.905377e-02 -4.265020e-02 
 4.895000e+04  1.948231e+03 -6.586329e-02  5.913013e-02 -4.270993e-02 
 4.900000e+04  1.959806e+03 -6.595198e-02  5.920597e-02 -4.276949e-02 
 4.905000e+04  1.971380e+03 -6.604062e-02  5.928221e-02 -4.282922e-02 
 4.910000e+04  1.982954e+03 -6.612837e-02  5.935916e-02 -4.288904e-02 
 4.915000e+04  1.994528e+03 -6.621550e-02  5.943667e-02 -4.294878e-02 
 4.920000e+04  2.006102e+03 -6.630247e-02  5.951438e-02 -4.300830e-02 
 4.925000e+04  2.017676e+03 -6.638968e-02  5.959215e-02 -4.306756e-02 
 4.930000e+04  2.029250e+03 -6.647694e-02  5.966983e-02 -4.312661e-02 
 4.935000e+04  2.040824e+03 -6.656394e-02  5.974718e-02 -4.318556e-02 
 4.940000e+04  2.052398e+03 -6.664970e-02  5.982431e-02 -4.324463e-02 
 4.945000e+04  2.063972e+03 -6.673488e-02  5.990081e-02 -4.330384e-02 
 4.950000e+04  2.075546e+03 -6.682001e-02  5.997524e-02 -4.336299e-02 
 4.955000e+04  2.087120e+03 -6.690540e-02  6.004820e-02 -4.342182e-02 
 4.960000e+04  2.098694e+03 -6.699085e-02  6.012138e-02 -4.348008e-02 
 4.965000e+04  2.110268e+03 -6.707646e-02  6.019497e-02 -4.353824e-02 
 4.970000e+04  2.121843e+03 -6.716235e-02  6.026816e-02 -4.359651e-02 
 4.975000e+04  2.133417e+03 -6.724861e-02  6.034138e-02 -4.365502e-02 
 4.980000e+04  2.144991e+03 -6.733518e-02  6.041498e-02 -4.371376e-02 
 4.985000e+04  2.156565e+03 -6.742192e-02  6.048881e-02 -4.377259e-02 
 4.990000e+04  2.168139e+03 -6.750846e-02  6.056260e-02 -4.383147e-02 
 4.995000e+04  2.179713e+03 -6.759483e-02  6.063590e-02 -4.389011e-02 
 5.000000e+04  2.191287e+03 -6.768110e-02  6.070845e-02 -4.394870e-02 
 5.005000e+04  2.202861e+03 -6.776696e-02  6.078055e-02 -4.400714e-02 
 5.010000e+04  2.214435e+03 -6.785227e-02  6.085238e-02 -4.406533e-02 
 5.015000e+04  2.226009e+03 -6.793706e-02  6.092415e-02 -4.412316e-02 
 5.020000e+04  2.237583e+03 -6.802166e-02  6.099570e-02 -4.418079e-02 
 5.025000e+04  2.249157e+03 -6.810607e-02  6.106733e-02 -4.423828e-02 
 5.030000e+04  2.260731e+03 -6.819012e-02  6.113918e-02 -4.429575e-02 
 5.035000e+04  2.272306e+03 -6.827363e-02  6.121081e-02 -4.435329e-02 
 5.040000e+04  2.283880e+03 -6.835616e-02  6.128260e-02 -4.441067e-02 
 5.045000e+04  2.295454e+03 -6.843816e-02  6.135432e-02 -4.446755e-02 
 5.050000e+04  2.307028e+03 -6.851966e-02  6.142613e-02 -4.452419e-02 
 5.055000e+04  2.318602e+03 -6.860064e-02  6.149822e-02 -4.458052e-02 
 5.060000e+04  2.330176e+03 -6.868159e-02  6.157029e-02 -4.463677e-02 
 5.065000e+04  2.341750e+03 -6.876233e-02  6.164257e-02 -4.469298e-02 
 5.070000e+04  2.353324e+03 -6.884301e-02  6.171468e-02 -4.474900e-02 
 5.075000e+04  2.364898e+03 -6.892352e-02  6.178647e-02 -4.480496e-02 
 5.080000e+04  2.376472e+03 -6.900385e-02  6.185806e-02 -4.486076e-02 
 5.085000e+04  2.388046e+03 -6.908410e-02  6.192942e-02 -4.491650e-02 
 5.090000e+04  2.399620e+03 -6.916435e-02  6.200050e-02 -4.497221e-02 
 5.095000e+04  2.411194e+03 -6.924464e-02  6.207178e-02 -4.502818e-02 
 5.100000e+04  2.422768e+03 -6.932511e-02  6.214301e-02 -4.508409e-02 
 5.105000e+04  2.434343e+03 -6.940548e-02  6.221436e-02 -4.513990e-02 
 5.110000e+04  2.445917e+03 -6.948613e-02  6.228582e-02 -4.519546e-02 
 5.115000e+04  2.457491e+03 -6.956710e-02  6.235716e-02 -4.525088e-02 
 5.120000e+04  2.469065e+03 -6.964818e-02  6.242861e-02 -4.530633e-02 
 5.125000e+04  2.480639e+03 -6.972926e-02  6.250007e-02 -4.536168e-02 
 5.130000e+04  2.492213e+03 -6.980987e-02  6.257138e-02 -4.541705e-02 
 5.135000e+04  2.503787e+03 -6.989039e-02  6.264267e-02 -4.547236e-02 
 5.140000e+04  2.515361e+03 -6.997084e-02  6.271370e-02 -4.552765e-02 
 5.145000e+04  2.526935e+03 -7.005122e-02  6.278453e-02 -4.558289e-02 
 5.150000e+04  2.538509e+03 -7.013136e-02  6.285534e-02 -4.563805e-02 
 5.155000e+04  2.550083e+03 -7.021114e-02  6.292640e-02 -4.569327e-02 
 5.160000e+04  2.561657e+03 -7.029096e-02  6.299800e-02 -4.574849e-02 
 5.165000e+04  2.573231e+03 -7.037082e-02  6.306999e-02 -4.580367e-02 
 5.170000e+04  2.584806e+03 -7.045047e-02  6.314229e-02 -4.585857e-02 
 5.175000e+04  2.596380e+03 -7.052979e-02  6.321459e-02 -4.591328e-02 
 5.180000e+04  2.607954e+03 -7.060853e-02  6.328693e-02 -4.596790e-02 
 5.185000e+04  2.619528e+03 -7.068693e-02  6.335939e-02 -4.602258e-02 
 5.190000e+04  2.631102e+03 -7.076533e-02  6.343194e-02 -4.607702e-02 
 5.195000e+04  2.642676e+03 -7.084386e-02  6.350441e-02 -4.613153e-02 
 5.200000e+04  2.654250e+03 -7.092238e-02  6.357688e-02 -4.618624e-02 
 5.205000e+04  2.665824e+03 -7.100082e-02  6.364972e-02 -4.624103e-02 
 5.210000e+04  2.677398e+03 -7.107929e-02  6.372285e-02 -4.629588e-02 
 5.215000e+04  2.688972e+03 -7.115778e-02  6.379598e-02 -4.635048e-02 
 5.220000e+04  2.700546e+03 -7.123615e-02  6.386871e-02 -4.640470e-02 
 5.225000e+04  2.712120e+03 -7.131453e-02  6.394096e-02 -4.645859e-02 
 5.230000e+04  2.723694e+03 -7.139263e-02  6.401290e-02 -4.651239e-02 
 5.235000e+04  2.735268e+03 -7.147035e-02  6.408452e-02 -4.656604e-02 
 5.240000e+04  2.746843e+03 -7.154761e-02  6.415578e-02 -4.661973e-02 
 5.245000e+04  2.758417e+03 -7.162502e-02  6.422636e-02 -4.667348e-02 
 5.250000e+04  2.769991e+03 -7.170266e-02  6.429655e-02 -4.672718e-02 
 5.255000e+04  2.781565e+03 -7.178031e-02  6.436656e-02 -4.678062e-02 
 5.260000e+04  2.793139e+03 -7.185789e-02  6.443663e-02 -4.683384e-02 
 5.265000e+04  2.804713e+03 -7.193538e-02  6.450672e-02 -4.688696e-02 
 5.270000e+04  2.816287e+03 -7.201273e-02  6.457661e-02 -4.694001e-02 
 5.275000e+04  2.827861e+03 -7.208990e-02  6.464632e-02 -4.699302e-02 
 5.280000e+04  2.839435e+03 -7.216685e-02  6.471596e-02 -4.704602e-02 
 5.285000e+04  2.851009e+03 -7.224370e-02  6.478558e-02 -4.709909e-02 
 5.290000e+04  2.862583e+03 -7.232042e-02  6.485516e-02 -4.715209e-02 
 5.295000e+04  2.874157e+03 -7.239701e-02  6.492462e-02 -4.720492e-02 
 5.300000e+04  2.885731e+03 -7.247343e-02  6.499379e-02 -4.725762e-02 
 5.305000e+04  2.897306e+03 -7.254956e-02  6.506273e-02 -4.731027e-02 
 5.310000e+04  2.908880e+03 -7.262542e-02  6.513171e-02 -4.736277e-02 
 5.315000e+04  2.920454e+03 -7.270115e-02  6.520087e-02 -4.741521e-02 
 5.320000e+04  2.932028e+03 -7.277683e-02  6.527030e-02 -4.746751e-02 
 5.325000e+04  2.943602e+03 -7.285221e-02  6.534004e-02 -4.751969e-02 
 5.330000e+04  2.955176e+03 -7.292751e-02  6.540994e-02 -4.757184e-02 
 5.335000e+04  2.966750e+03 -7.300272e-02  6.547978e-02 -4.762413e-02 
 5.340000e+04  2.978324e+03 -7.307792e-02  6.554940e-02 -4.767648e-02 
 5.345000e+04  2.989898e+03 -7.315283e-02  6.561876e-02 -4.772890e-02 
 5.350000e+04  3.001472e+03 -7.322776e-02  6.568782e-02 -4.778105e-02 
 5.355000e+04  3.013046e+03 -7.330273e-02  6.575662e-02 -4.783311e-02 
 5.360000e+04  3.024620e+03 -7.337756e-02  6.582526e-02 -4.788506e-02 
 5.365000e+04  3.036194e+03 -7.345221e-02  6.589364e-02 -4.793691e-02 
 5.370000e+04  3.047768e+03 -7.352684e-02  6.596183e-02 -4.798874e-02 
 5.375000e+04  3.059343e+03 -7.360132e-02  6.602965e-02 -4.804069e-02 
 5.380000e+04  3.070917e+03 -7.367583e-02  6.609736e-02 -4.809273e-02 
 5.385000e+04  3.082491e+03 -7.375046e-02  6.616469e-02 -4.814486e-02 
 5.390000e+04  3.094065e+03 -7.382514e-02  6.623153e-02 -4.819685e-02 
 5.395000e+04  3.105639e+03 -7.389983e-02  6.629820e-02 -4.824859e-02 
 5.400000e+04  3.117213e+03 -7.397450e-02  6.636490e-02 -4.830023e-02 
 5.405000e+04  3.128787e+03 -7.404910e-02  6.643154e-02 -4.835182e-02 
 5.410000e+04  3.140361e+03 -7.412365e-02  6.649817e-02 -4.840346e-02 
 5.415000e+04  3.151935e+03 -7.419817e-02  6.656444e-02 -4.845522e-02 
 5.420000e+04  3.163509e+03 -7.427262e-02  6.663034e-02 -4.850705e-02 
 5.425000e+04  3.175083e+03 -7.434699e-02  6.669618e-02 -4.855880e-02 
 5.430000e+04  3.186657e+03 -7.442127e-02  6.676202e-02 -4.861043e-02 
 5.435000e+04  3.198231e+03 -7.449554e-02  6.682784e-02 -4.866204e-02 
 5.440000e+04  3.209806e+03 -7.456964e-02  6.689387e-02 -4.871356e-02 
 5.445000e+04  3.221380e+03 -7.464360e-02  6.696015e-02 -4.876499e-02 
 5.450000e+04  3.232954e+03 -7.471735e-02  6.702658e-02 -4.881641e-02 
 5.455000e+04  3.244528e+03 -7.479072e-02  6.709301e-02 -4.886738e-02 
 5.460000e+04  3.256102e+03 -7.486411e-02  6.715889e-02 -4.891813e-02 
 5.465000e+04  3.267676e+03 -7.493762e-02  6.722428e-02 -4.896905e-02 
 5.470000e+04  3.279250e+03 -7.501129e-02  6.728995e-02 -4.902047e-02 
 5.475000e+04  3.290824e+03 -7.508500e-02  6.735638e-02 -4.907222e-02 
 5.480000e+04  3.302398e+03 -7.515851e-02  6.742352e-02 -4.912400e-02 
 5.485000e+04  3.313972e+03 -7.523196e-02  6.749116e-02 -4.917574e-02 
 5.490000e+04  3.325546e+03 -7.530561e-02  6.755909e-02 -4.922732e-02 
 5.495000e+04  3.337120e+03 -7.537947e-02  6.762726e-02 -4.927867e-02 
 5.500000e+04  3.348694e+03 -7.545340e-02  6.769557e-02 -4.932994e-02 
 5.505000e+04  3.360268e+03 -7.552715e-02  6.776390e-02 -4.938122e-02 
 5.510000e+04  3.371843e+03 -7.560091e-02  6.783196e-02 -4.943255e-02 
 5.515000e+04  3.383417e+03 -7.567466e-02  6.789951e-02 -4.948395e-02 
 5.520000e+04  3.394991e+03 -7.574843e-02  6.796662e-02 -4.953540e-02 
 5.525000e+04  3.406565e+03 -7.582204e-02  6.803361e-02 -4.958688e-02 
 5.530000e+04  3.418139e+03 -7.589532e-02  6.810058e-02 -4.963828e-02 
 5.535000e+04  3.429713e+03 -7.596864e-02  6.816752e-02 -4.968945e-02 
 5.540000e+04  3.441287e+03 -7.604211e-02  6.823444e-02 -4.974035e-02 
 5.545000e+04  3.452861e+03 -7.611577e-02  6.830140e-02 -4.979098e-02 
 5.550000e+04  3.464435e+03 -7.618957e-02  6.836845e-02 -4.984158e-02 
 5.555000e+04  3.476009e+03 -7.626332e-02  6.843551e-02 -4.989216e-02 
 5.560000e+04  3.487583e+03 -7.633706e-02  6.850218e-02 -4.994240e-02 
 5.565000e+04  3.499157e+03 -7.641080e-02  6.856821e-02 -4.999295e-02 
 5.570000e+04  3.510731e+03 -7.648445e-02  6.863404e-02 -5.004387e-02 
 5.575000e+04  3.522306e+03 -7.655785e-02  6.870001e-02 -5.009493e-02 
 5.580000e+04  3.533880e+03 -7.663133e-02  6.876631e-02 -5.014594e-02 
 5.585000e+04  3.545454e+03 -7.670484e-02  6.883076e-02 -5.019518e-02 
 5.590000e+04  3.557028e+03 -7.677819e-02  6.889001e-02 -5.024116e-02 
 5.595000e+04  3.568602e+03 -7.685106e-02  6.894814e-02 -5.028762e-02 
 5.600000e+04  3.580176e+03 -7.692456e-02  6.900880e-02 -5.033679e-02 
 5.605000e+04  3.591750e+03 -7.699829e-02  6.907304e-02 -5.038812e-02 
 5.610000e+04  3.603324e+03 -7.707041e-02  6.914028e-02 -5.043987e-02 
 5.615000e+04  3.614898e+03 -7.714178e-02  6.920928e-02 -5.049198e-02 
 5.620000e+04  3.626472e+03 -7.721417e-02  6.927848e-02 -5.054363e-02 
 5.625000e+04  3.638046e+03 -7.728647e-02  6.934768e-02 -5.059388e-02 
 5.630000e+04  3.649620e+03 -7.735804e-02  6.941649e-02 -5.064351e-02 
 5.635000e+04  3.661194e+03 -7.742818e-02  6.948499e-02 -5.069285e-02 
 5.640000e+04  3.672768e+03 -7.749818e-02  6.955241e-02 -5.074223e-02 
 5.645000e+04  3.684343e+03 -7.756871e-02  6.961822e-02 -5.079182e-02 
 5.650000e+04  3.695917e+03 -7.764030e-02  6.968297e-02 -5.084183e-02 
 5.655000e+04  3.707491e+03 -7.771234e-02  6.974782e-02 -5.089224e-02 
 5.660000e+04  3.719065e+03 -7.778372e-02  6.981321e-02 -5.094260e-02 
 5.665000e+04  3.730639e+03 -7.785498e-02  6.987904e-02 -5.099272e-02 
 5.670000e+04  3.742213e+03 -7.792661e-02  6.994498e-02 -5.104266e-02 
 5.675000e+04  3.753787e+03 -7.799904e-02  7.001044e-02 -5.109206e-02 
 5.680000e+04  3.765361e+03 -7.807252e-02  7.007504e-02 -5.114130e-02 
 5.685000e+04  3.776935e+03 -7.814694e-02  7.013893e-02 -5.119069e-02 
 5.690000e+04  3.788509e+03 -7.822187e-02  7.020185e-02 -5.124019e-02 
 5.695000e+04  3.800083e+03 -7.829680e-02  7.026386e-02 -5.128987e-02 
 5.700000e+04  3.811657e+03 -7.837158e-02  7.032582e-02 -5.133987e-02 
 5.705000e+04  3.823231e+03 -7.844608e-02  7.038803e-02 -5.139020e-02 
 5.710000e+04  3.834806e+03 -7.851950e-02  7.045061e-02 -5.144042e-02 
 5.715000e+04  3.846380e+03 -7.859211e-02  7.051372e-02 -5.149039e-02 
 5.720000e+04  3.857954e+03 -7.866463e-02  7.057735e-02 -5.154017e-02 
 5.725000e+04  3.869528e+03 -7.873727e-02  7.064155e-02 -5.158972e-02 
 5.730000e+04  3.881102e+03 -7.880990e-02  7.070618e-02 -5.163919e-02 
 5.735000e+04  3.892676e+03 -7.888229e-02  7.077093e-02 -5.168875e-02 
 5.740000e+04  3.904250e+03 -7.895410e-02  7.083543e-02 -5.173856e-02 
 5.745000e+04  3.915824e+03 -7.902517e-02  7.089948e-02 -5.178853e-02 
 5.750000e+04  3.927398e+03 -7.909583e-02  7.096339e-02 -5.183858e-02 
 5.755000e+04  3.938972e+03 -7.916637e-02  7.102717e-02 -5.188872e-02 
 5.760000e+04  3.950546e+03 -7.923690e-02  7.109120e-02 -5.193875e-02 
 5.765000e+04  3.962120e+03 -7.930750e-02  7.115535e-02 -5.198859e-02 
 5.770000e+04  3.973694e+03 -7.937821e-02  7.121947e-02 -5.203822e-02 
 5.775000e+04  3.985268e+03 -7.944909e-02  7.128335e-02 -5.208764e-02 
 5.780000e+04  3.996843e+03 -7.952031e-02  7.134670e-02 -5.213708e-02 
 5.785000e+04  4.008417e+03 -7.959188e-02  7.140954e-02 -5.218659e-02 
 5.790000e+04  4.019991e+03 -7.966376e-02  7.147187e-02 -5.223615e-02 
 5.795000e+04  4.031565e+03 -7.973583e-02  7.153378e-02 -5.228581e-02 
 5.800000e+04  4.043139e+03 -7.980776e-02  7.159548e-02 -5.233561e-02 
 5.805000e+04  4.054713e+03 -7.987959e-02  7.165724e-02 -5.238539e-02 
 5.810000e+04  4.066287e+03 -7.995136e-02  7.171915e-02 -5.243502e-02 
 5.815000e+04  4.077861e+03 -8.002318e-02  7.178110e-02 -5.248448e-02 
 5.820000e+04  4.089435e+03 -8.009502e-02  7.184312e-02 -5.253379e-02 
 5.825000e+04  4.101009e+03 -8.016673e-02  7.190503e-02 -5.258312e-02 
 5.830000e+04  4.112583e+03 -8.023806e-02  7.196695e-02 -5.263255e-02 
 5.835000e+04  4.124157e+03 -8.030901e-02  7.202892e-02 -5.268200e-02 
 5.840000e+04  4.135731e+03 -8.037954e-02  7.209091e-02 -5.273139e-02 
 5.845000e+04  4.147306e+03 -8.044977e-02  7.215306e-02 -5.278073e-02 
 5.850000e+04  4.158880e+03 -8.051976e-02  7.221529e-02 -5.283004e-02 
 5.855000e+04  4.170454e+03 -8.058966e-02  7.227767e-02 -5.287925e-02 
 5.860000e+04  4.182028e+03 -8.065952e-02  7.234022e-02 -5.292823e-02 
 5.865000e+04  4.193602e+03 -8.072940e-02  7.240294e-02 -5.297701e-02 
 5.870000e+04  4.205176e+03 -8.079928e-02  7.246553e-02 -5.302570e-02 
 5.875000e+04  4.216750e+03 -8.086919e-02  7.252786e-02 -5.307436e-02 
 5.880000e+04  4.228324e+03 -8.093923e-02  7.258978e-02 -5.312308e-02 
 5.885000e+04  4.239898e+03 -8.100948e-02  7.265136e-02 -5.317199e-02 
 5.890000e+04  4.251472e+03 -8.108002e-02  7.271276e-02 -5.322107e-02 
 5.895000e+04  4.263046e+03 -8.115078e-02  7.277388e-02 -5.327022e-02 
 5.900000e+04  4.274620e+03 -8.122180e-02  7.283493e-02 -5.331855e-02 
 5.905000e+04  4.286194e+03 -8.129270e-02  7.289602e-02 -5.336691e-02 
 5.910000e+04  4.297768e+03 -8.136320e-02  7.295710e-02 -5.341555e-02 
 5.915000e+04  4.309343e+03 -8.143383e-02  7.301794e-02 -5.346448e-02 
 5.920000e+04  4.320917e+03 -8.150484e-02  7.307880e-02 -5.351399e-02 
 5.925000e+04  4.332491e+03 -8.157646e-02  7.313982e-02 -5.356411e-02 
 5.930000e+04  4.344065e+03 -8.164646e-02  7.320080e-02 -5.361313e-02 
 5.935000e+04  4.355639e+03 -8.171513e-02  7.326174e-02 -5.366119e-02 
 5.940000e+04  4.367213e+03 -8.178416e-02  7.332289e-02 -5.370957e-02 
 5.945000e+04  4.378787e+03 -8.185419e-02  7.338496e-02 -5.375867e-02 
 5.950000e+04  4.390361e+03 -8.192517e-02  7.344751e-02 -5.380813e-02 
 5.955000e+04  4.401935e+03 -8.199678e-02  7.350968e-02 -5.385773e-02 
 5.960000e+04  4.413509e+03 -8.206754e-02  7.357193e-02 -5.390733e-02 
 5.965000e+04  4.425083e+03 -8.213745e-02  7.363404e-02 -5.395639e-02 
 5.970000e+04  4.436657e+03 -8.220703e-02  7.369556e-02 -5.400524e-02 
 5.975000e+04  4.448231e+03 -8.227681e-02  7.375668e-02 -5.405418e-02 
 5.980000e+04  4.459806e+03 -8.234710e-02  7.381727e-02 -5.410286e-02 
 5.985000e+04  4.471380e+03 -8.241756e-02  7.387761e-02 -5.415129e-02 
 5.990000e+04  4.482954e+03 -8.248822e-02  7.393790e-02 -5.419990e-02 
 5.995000e+04  4.494528e+03 -8.255901e-02  7.399827e-02 -5.424856e-02 
 6.000000e+04  4.506102e+03 -8.262988e-02  7.405838e-02 -5.429750e-02 
 6.005000e+04  4.517676e+03 -8.270092e-02  7.411821e-02 -5.434657e-02 
 6.010000e+04  4.529250e+03 -8.277146e-02  7.417800e-02 -5.439563e-02 
 6.015000e+04  4.540824e+03 -8.284099e-02  7.423819e-02 -5.444447e-02 
 6.020000e+04  4.552398e+03 -8.291024e-02  7.429887e-02 -5.449322e-02 
 6.025000e+04  4.563972e+03 -8.297947e-02  7.436012e-02 -5.454183e-02 
 6.030000e+04  4.575546e+03 -8.304869e-02  7.442179e-02 -5.459026e-02 
 6.035000e+04  4.587120e+03 -8.311789e-02  7.448370e-02 -5.463856e-02 
 6.040000e+04  4.598694e+03 -8.318701e-02  7.454576e-02 -5.468694e-02 
 6.045000e+04  4.610268e+03 -8.325565e-02  7.460788e-02 -5.473549e-02 
 6.050000e+04  4.621843e+03 -8.332394e-02  7.466991e-02 -5.478423e-02 
 6.055000e+04  4.633417e+03 -8.339190e-02  7.473180e-02 -5.483308e-02 
 6.060000e+04  4.644991e+03 -8.345972e-02  7.479390e-02 -5.488180e-02 
 6.065000e+04  4.656565e+03 -8.352750e-02  7.485633e-02 -5.493031e-02 
 6.070000e+04  4.668139e+03 -8.359544e-02  7.491905e-02 -5.497863e-02 
 6.075000e+04  4.679713e+03 -8.366355e-02  7.498200e-02 -5.502690e-02 
 6.080000e+04  4.691287e+03 -8.373193e-02  7.504487e-02 -5.507503e-02 
 6.085000e+04  4.702861e+03 -8.380067e-02  7.510737e-02 -5.512305e-02 
 6.090000e+04  4.714435e+03 -8.386974e-02  7.516960e-02 -5.517113e-02 
 6.095000e+04  4.726009e+03 -8.393902e-02  7.523170e-02 -5.521940e-02 
 6.100000e+04  4.737583e+03 -8.400825e-02  7.529360e-02 -5.526778e-02 
 6.105000e+04  4.749157e+03 -8.407732e-02  7.535536e-02 -5.531619e-02 
 6.110000e+04  4.760731e+03 -8.414636e-02  7.541713e-02 -5.536457e-02 
 6.115000e+04  4.772306e+03 -8.421560e-02  7.547868e-02 -5.541269e-02 
 6.120000e+04  4.783880e+03 -8.428494e-02  7.553849e-02 -5.546008e-02 
 6.125000e+04  4.795454e+03 -8.435420e-02  7.559651e-02 -5.550621e-02 
 6.130000e+04  4.807028e+03 -8.442341e-02  7.565425e-02 -5.555240e-02 
 6.135000e+04  4.818602e+03 -8.449288e-02  7.571317e-02 -5.559967e-02 
 6.140000e+04  4.830176e+03 -8.456275e-02  7.577396e-02 -5.564759e-02 
 6.145000e+04  4.841750e+03 -8.463176e-02  7.583611e-02 -5.569587e-02 
 6.150000e+04  4.853324e+03 -8.470016e-02  7.589911e-02 -5.574434e-02 
 6.155000e+04  4.864898e+03 -8.476815e-02  7.596241e-02 -5.579267e-02 
 6.160000e+04  4.876472e+03 -8.483584e-02  7.602593e-02 -5.584065e-02 
 6.165000e+04  4.888046e+03 -8.490301e-02  7.608942e-02 -5.588844e-02 
 6.170000e+04  4.899620e+03 -8.496947e-02  7.615279e-02 -5.593597e-02 
 6.175000e+04  4.911194e+03 -8.503596e-02  7.621570e-02 -5.598329e-02 
 6.180000e+04  4.922768e+03 -8.510274e-02  7.627814e-02 -5.603055e-02 
 6.185000e+04  4.934343e+03 -8.516990e-02  7.634036e-02 -5.607797e-02 
 6.190000e+04  4.945917e+03 -8.523678e-02  7.640263e-02 -5.612563e-02 
 6.195000e+04  4.957491e+03 -8.530334e-02  7.646503e-02 -5.617328e-02 
 6.200000e+04  4.969065e+03 -8.536996e-02  7.652737e-02 -5.622088e-02 
 6.205000e+04  4.980639e+03 -8.543694e-02  7.658959e-02 -5.626830e-02 
 6.210000e+04  4.992213e+03 -8.550449e-02  7.665139e-02 -5.631556e-02 
 6.215000e+04  5.003787e+03 -8.557261e-02  7.671265e-02 -5.636270e-02 
 6.220000e+04  5.015361e+03 -8.564124e-02  7.677343e-02 -5.640981e-02 
 6.225000e+04  5.026935e+03 -8.571016e-02  7.683380e-02 -5.645697e-02 
 6.230000e+04  5.038509e+03 -8.577922e-02  7.689394e-02 -5.650426e-02 
 6.235000e+04  5.050083e+03 -8.584820e-02  7.695407e-02 -5.655165e-02 
 6.240000e+04  5.061657e+03 -8.591691e-02  7.701436e-02 -5.659897e-02 
 6.245000e+04  5.073231e+03 -8.598503e-02  7.707478e-02 -5.664621e-02 
 6.250000e+04  5.084806e+03 -8.605266e-02  7.713536e-02 -5.669339e-02 
 6.255000e+04  5.096380e+03 -8.612009e-02  7.719616e-02 -5.674052e-02 
 6.260000e+04  5.107954e+03 -8.618744e-02  7.725722e-02 -5.678764e-02 
 6.265000e+04  5.119528e+03 -8.625465e-02  7.731846e-02 -5.683469e-02 
 6.270000e+04  5.131102e+03 -8.632161e-02  7.737978e-02 -5.688161e-02 
 6.275000e+04  5.142676e+03 -8.638820e-02  7.744108e-02 -5.692848e-02 
 6.280000e+04  5.154250e+03 -8.645451e-02  7.750239e-02 -5.697535e-02 
 6.285000e+04  5.165824e+03 -8.652064e-02  7.756375e-02 -5.702228e-02 
 6.290000e+04  5.177398e+03 -8.658654e-02  7.762515e-02 -5.706919e-02 
 6.295000e+04  5.188972e+03 -8.665220e-02  7.768645e-02 -5.711601e-02 
 6.300000e+04  5.200546e+03 -8.671791e-02  7.774744e-02 -5.716265e-02 
 6.305000e+04  5.212120e+03 -8.678379e-02  7.780817e-02 -5.720908e-02 
 6.310000e+04  5.223694e+03 -8.684994e-02  7.786868e-02 -5.725556e-02 
 6.315000e+04  5.235268e+03 -8.691649e-02  7.792888e-02 -5.730200e-02 
 6.320000e+04  5.246843e+03 -8.698341e-02  7.798865e-02 -5.734856e-02 
 6.325000e+04  5.258417e+03 -8.705075e-02  7.804804e-02 -5.739522e-02 
 6.330000e+04  5.269991e+03 -8.711841e-02  7.810716e-02 -5.744195e-02 
 6.335000e+04  5.281565e+03 -8.718615e-02  7.816626e-02 -5.748862e-02 
